4, 2
496, 4
494, 353
2, 351
207, 123
206, 124
206, 125
205, 126
205, 131
204, 132
204, 135
203, 136
203, 140
202, 141
202, 144
201, 145
201, 147
200, 148
200, 149
199, 150
199, 151
198, 152
198, 153
197, 154
197, 155
196, 156
196, 157
195, 158
195, 159
194, 160
194, 161
192, 163
192, 164
191, 165
191, 166
189, 168
189, 169
187, 171
187, 172
183, 176
183, 177
178, 182
178, 183
158, 203
157, 203
152, 208
151, 208
147, 212
146, 212
144, 209
145, 208
145, 205
146, 204
146, 202
147, 201
147, 199
148, 198
148, 196
149, 195
149, 193
150, 192
150, 189
151, 188
151, 186
152, 185
152, 183
153, 182
153, 180
154, 179
154, 177
155, 176
155, 174
156, 173
156, 171
157, 170
157, 167
158, 166
158, 165
159, 164
159, 162
160, 161
160, 159
161, 158
161, 156
162, 155
162, 154
163, 153
163, 151
164, 150
164, 149
165, 148
165, 146
166, 145
166, 144
167, 143
167, 142
168, 141
168, 140
169, 139
169, 138
171, 136
171, 135
172, 134
172, 131
169, 131
167, 133
167, 134
165, 136
165, 137
163, 139
163, 140
161, 142
161, 143
159, 145
159, 146
157, 148
157, 149
155, 151
155, 152
153, 154
153, 155
150, 158
150, 159
148, 161
148, 162
145, 165
145, 166
143, 168
143, 169
141, 171
141, 172
139, 174
139, 175
137, 177
137, 178
135, 180
135, 181
131, 185
131, 186
125, 192
124, 191
124, 189
125, 188
125, 186
126, 185
126, 182
127, 181
127, 179
128, 178
128, 175
129, 174
129, 172
130, 171
130, 169
131, 168
131, 165
132, 164
132, 162
133, 161
133, 160
134, 159
134, 156
135, 155
135, 153
136, 152
136, 148
137, 147
137, 142
138, 141
138, 136
137, 135
134, 135
134, 136
133, 137
133, 138
132, 139
132, 141
131, 142
131, 145
130, 146
130, 152
131, 153
131, 156
130, 157
130, 159
129, 160
129, 162
128, 163
128, 165
127, 166
127, 168
126, 169
126, 171
125, 172
125, 174
124, 175
124, 178
123, 179
123, 182
122, 183
122, 185
121, 186
121, 189
120, 190
120, 196
121, 197
125, 197
127, 195
128, 195
132, 191
132, 190
136, 186
136, 185
139, 182
139, 181
141, 179
141, 178
143, 176
143, 175
145, 173
145, 172
147, 170
147, 169
149, 167
149, 166
152, 163
152, 162
155, 159
156, 160
156, 161
155, 162
155, 164
154, 165
154, 167
153, 168
153, 170
152, 171
152, 173
151, 174
151, 176
150, 177
150, 179
149, 180
149, 182
148, 183
148, 185
147, 186
147, 189
146, 190
146, 192
145, 193
145, 195
144, 196
144, 198
143, 199
143, 201
142, 202
142, 205
141, 206
141, 208
140, 209
140, 212
139, 213
139, 216
138, 217
138, 220
127, 231
126, 231
122, 235
122, 236
116, 242
116, 243
113, 246
113, 247
112, 248
112, 249
111, 250
111, 251
110, 252
110, 254
109, 255
109, 262
108, 263
108, 280
109, 281
109, 287
110, 288
110, 290
111, 291
111, 293
115, 297
116, 297
117, 298
120, 298
123, 295
123, 294
124, 293
124, 291
125, 290
125, 287
126, 286
126, 283
127, 282
127, 280
128, 279
128, 276
129, 275
129, 271
130, 270
130, 267
131, 266
131, 263
132, 262
132, 259
133, 258
133, 254
134, 253
134, 250
135, 249
135, 245
136, 244
136, 241
137, 240
137, 237
138, 236
138, 233
139, 232
139, 229
140, 228
140, 225
141, 224
141, 223
151, 213
152, 213
156, 209
157, 209
162, 204
163, 204
179, 188
179, 187
184, 182
184, 181
188, 177
188, 176
191, 173
191, 172
193, 170
193, 169
194, 168
195, 169
195, 171
194, 172
194, 174
193, 175
193, 177
191, 179
191, 180
190, 181
190, 182
189, 183
189, 184
187, 186
187, 187
186, 188
186, 189
185, 190
185, 191
183, 193
183, 194
182, 195
182, 196
180, 198
180, 199
178, 201
178, 202
177, 203
177, 204
175, 206
175, 207
173, 209
173, 210
171, 212
171, 213
170, 214
170, 215
168, 217
168, 218
167, 219
167, 220
166, 221
166, 222
165, 223
165, 224
164, 225
164, 226
162, 228
162, 229
161, 230
161, 231
160, 232
160, 234
159, 235
159, 236
158, 237
158, 238
157, 239
157, 241
156, 242
156, 244
155, 245
155, 247
154, 248
154, 252
153, 253
153, 258
152, 259
152, 264
151, 265
151, 272
150, 273
150, 279
151, 280
151, 283
152, 284
152, 285
153, 286
155, 286
156, 285
157, 285
158, 284
158, 283
160, 281
160, 280
162, 278
162, 277
163, 276
163, 275
164, 274
164, 273
165, 272
165, 270
166, 269
166, 268
167, 267
167, 265
168, 264
168, 262
169, 261
169, 260
170, 259
170, 256
171, 255
171, 253
172, 252
172, 251
173, 250
173, 248
174, 247
174, 245
175, 244
175, 242
176, 241
176, 239
177, 238
177, 236
178, 235
178, 233
179, 232
179, 230
180, 229
180, 227
181, 226
181, 225
182, 224
182, 222
183, 221
183, 219
184, 218
184, 216
185, 215
185, 213
186, 212
186, 210
187, 209
187, 207
188, 206
188, 204
189, 203
189, 201
190, 200
190, 198
191, 197
191, 194
192, 193
192, 191
193, 190
193, 189
194, 188
195, 189
195, 191
194, 192
194, 197
195, 198
195, 199
196, 200
197, 200
198, 201
203, 201
204, 200
205, 200
206, 199
207, 199
208, 198
209, 198
210, 197
211, 197
214, 194
215, 194
222, 187
222, 186
225, 183
225, 182
226, 181
226, 180
228, 178
228, 177
229, 176
229, 175
230, 174
230, 173
231, 172
231, 170
232, 169
232, 167
233, 166
233, 164
234, 163
234, 160
235, 159
235, 155
236, 154
236, 144
237, 143
237, 142
236, 141
236, 135
235, 134
235, 133
234, 132
233, 132
232, 131
229, 131
228, 132
227, 132
221, 138
221, 139
218, 142
218, 143
215, 146
215, 147
209, 153
209, 154
207, 156
207, 157
204, 160
204, 161
202, 163
201, 162
201, 161
202, 160
202, 157
203, 156
203, 153
204, 152
204, 149
205, 148
205, 146
206, 145
206, 144
207, 143
207, 141
208, 140
208, 132
209, 131
209, 127
210, 126
209, 125
209, 123
133, 230
134, 230
135, 231
135, 232
134, 233
134, 237
133, 238
133, 241
132, 242
132, 245
131, 246
131, 250
130, 251
130, 254
129, 255
129, 258
128, 259
128, 263
127, 264
127, 267
126, 268
126, 271
125, 272
125, 275
124, 276
124, 279
123, 280
123, 283
122, 284
122, 287
121, 288
121, 290
120, 291
120, 292
118, 294
114, 290
114, 288
113, 287
113, 284
112, 283
112, 260
113, 259
113, 255
114, 254
114, 253
115, 252
115, 251
116, 250
116, 249
117, 248
117, 247
120, 244
120, 243
184, 200
185, 203
184, 204
184, 206
183, 207
183, 209
182, 210
182, 212
181, 213
181, 215
180, 216
180, 218
179, 219
179, 221
178, 222
178, 224
177, 225
177, 227
176, 228
176, 229
175, 230
175, 232
174, 233
174, 235
173, 236
173, 238
172, 239
172, 241
171, 242
171, 244
170, 245
170, 247
169, 248
169, 250
168, 251
168, 253
167, 254
167, 256
166, 257
166, 259
165, 260
165, 261
164, 262
164, 264
163, 265
163, 267
162, 268
162, 269
161, 270
161, 271
160, 272
160, 273
159, 274
159, 275
158, 276
158, 277
155, 280
154, 279
154, 270
155, 269
155, 264
156, 263
156, 257
157, 256
157, 252
158, 251
158, 248
159, 247
159, 245
160, 244
160, 242
161, 241
161, 239
162, 238
162, 237
163, 236
163, 235
164, 234
164, 233
165, 232
165, 231
166, 230
166, 229
167, 228
167, 227
168, 226
168, 225
169, 224
169, 223
170, 222
170, 221
172, 219
172, 218
173, 217
173, 216
175, 214
175, 213
177, 211
177, 210
179, 208
179, 207
180, 206
180, 205
182, 203
182, 202
186, 199
184, 200
196, 185
194, 186
230, 135
231, 135
232, 136
232, 137
233, 138
233, 149
232, 150
232, 155
231, 156
231, 160
230, 161
230, 163
229, 164
229, 166
228, 167
228, 169
227, 170
227, 171
226, 172
226, 173
225, 174
225, 175
224, 176
224, 177
223, 178
223, 179
221, 181
221, 182
210, 193
209, 193
207, 195
206, 195
205, 196
204, 196
203, 197
199, 197
198, 196
198, 191
199, 190
199, 188
200, 187
200, 186
201, 185
201, 184
202, 183
202, 180
199, 180
198, 181
198, 183
196, 185
195, 182
196, 181
196, 179
197, 178
197, 177
198, 176
198, 175
200, 173
200, 172
203, 169
203, 168
206, 165
206, 164
208, 162
208, 161
211, 158
211, 157
215, 153
215, 152
219, 148
219, 147
222, 144
222, 143
322, 121
321, 122
320, 122
319, 123
318, 123
317, 124
316, 124
309, 131
309, 132
307, 134
307, 135
305, 137
305, 138
304, 139
304, 140
303, 141
303, 142
302, 143
302, 144
301, 145
301, 146
300, 147
300, 149
299, 150
299, 152
298, 153
298, 156
297, 157
297, 165
296, 166
296, 168
295, 169
295, 170
294, 171
294, 174
293, 175
293, 177
292, 178
292, 180
291, 181
291, 182
288, 185
287, 185
284, 188
283, 188
282, 189
281, 189
279, 191
278, 191
277, 192
276, 192
274, 194
272, 194
271, 195
269, 195
268, 194
268, 191
269, 190
269, 188
270, 187
270, 184
271, 183
271, 181
272, 180
272, 176
273, 175
273, 166
272, 165
272, 164
271, 163
270, 163
269, 162
268, 162
267, 163
266, 163
265, 164
264, 164
263, 165
262, 165
261, 166
260, 166
259, 167
258, 167
257, 166
257, 165
258, 164
258, 163
260, 161
260, 160
261, 159
261, 158
264, 155
264, 154
266, 152
266, 151
268, 149
268, 148
287, 129
288, 129
288, 128
291, 125
291, 123
290, 122
289, 122
288, 123
287, 123
286, 124
285, 124
284, 125
283, 125
280, 128
279, 128
273, 134
272, 134
271, 135
271, 136
267, 140
267, 141
264, 144
264, 145
262, 147
262, 148
261, 149
261, 150
259, 152
259, 153
257, 155
257, 156
255, 158
254, 157
254, 156
255, 155
255, 154
256, 153
256, 151
257, 150
257, 148
258, 147
258, 145
259, 144
259, 142
260, 141
260, 140
261, 139
261, 134
260, 134
258, 136
258, 137
257, 138
257, 140
255, 142
255, 143
254, 144
254, 152
253, 153
253, 155
252, 156
252, 157
251, 158
251, 160
250, 161
250, 162
249, 163
249, 165
248, 166
248, 167
247, 168
247, 170
246, 171
246, 173
245, 174
245, 175
244, 176
244, 177
243, 178
243, 179
242, 180
242, 182
241, 183
241, 184
240, 185
240, 187
239, 188
239, 189
238, 190
238, 191
237, 192
237, 193
236, 194
236, 196
235, 197
235, 198
234, 199
234, 201
233, 202
233, 204
235, 204
236, 203
236, 202
237, 201
237, 199
238, 198
238, 197
239, 196
239, 195
240, 194
240, 192
241, 191
241, 190
242, 189
242, 188
243, 187
243, 186
244, 185
244, 184
245, 183
245, 182
246, 181
246, 179
247, 178
247, 177
248, 176
248, 175
250, 173
250, 172
251, 171
251, 170
253, 168
254, 169
255, 169
256, 170
257, 170
258, 169
260, 169
261, 168
262, 168
263, 167
264, 167
266, 165
270, 165
271, 166
271, 175
270, 176
270, 179
269, 180
269, 183
268, 184
268, 186
267, 187
267, 190
266, 191
266, 193
265, 194
266, 195
266, 197
267, 197
268, 198
269, 198
270, 197
272, 197
273, 196
274, 196
275, 195
276, 195
277, 194
278, 194
280, 192
281, 192
282, 191
283, 191
285, 189
286, 189
288, 187
289, 187
290, 188
290, 195
291, 196
291, 197
293, 199
297, 199
298, 198
300, 198
301, 197
302, 197
303, 196
304, 196
306, 194
307, 194
308, 193
309, 193
312, 190
313, 190
317, 186
318, 186
324, 180
324, 179
329, 174
329, 173
332, 170
332, 169
333, 168
333, 167
335, 165
335, 164
336, 163
336, 162
337, 161
337, 160
338, 159
338, 158
339, 157
339, 155
340, 154
340, 153
341, 152
341, 149
342, 148
342, 143
343, 142
342, 141
342, 136
341, 135
341, 133
340, 132
340, 131
339, 130
339, 129
338, 128
338, 127
333, 122
332, 122
331, 121
304, 149
302, 150
280, 130
274, 139
323, 124
324, 123
329, 123
330, 124
331, 124
332, 125
333, 125
334, 126
334, 127
336, 129
336, 130
337, 131
337, 132
338, 133
338, 134
339, 135
339, 138
340, 139
340, 146
339, 147
339, 150
338, 151
338, 153
337, 154
337, 155
336, 156
336, 157
335, 158
335, 159
334, 160
334, 161
333, 162
333, 163
332, 164
332, 165
330, 167
330, 168
328, 170
328, 171
323, 176
323, 177
315, 185
314, 185
310, 189
309, 189
307, 191
306, 191
304, 193
303, 193
302, 194
301, 194
300, 195
299, 195
298, 196
294, 196
293, 195
293, 194
292, 193
292, 188
293, 187
293, 184
296, 181
296, 180
300, 176
300, 175
297, 175
296, 174
296, 173
297, 172
297, 170
298, 169
298, 168
299, 167
299, 166
300, 165
300, 163
301, 162
301, 161
302, 160
302, 159
303, 158
303, 157
304, 156
304, 155
305, 154
305, 153
306, 152
306, 151
307, 150
307, 149
309, 147
309, 146
311, 144
311, 143
318, 136
320, 136
321, 137
321, 142
320, 143
320, 147
319, 148
319, 150
318, 151
318, 152
317, 153
317, 154
316, 155
316, 157
318, 157
319, 156
319, 155
320, 154
320, 153
321, 152
321, 150
322, 149
322, 146
323, 145
323, 141
324, 140
324, 136
323, 135
323, 134
322, 133
318, 133
316, 135
315, 135
310, 140
310, 141
307, 144
307, 145
306, 146
306, 147
304, 149
303, 147
304, 146
304, 145
305, 144
305, 143
306, 142
306, 141
307, 140
307, 139
308, 138
308, 137
310, 135
310, 134
319, 125
320, 125
321, 124
109, 113
106, 116
106, 117
91, 132
90, 132
87, 135
86, 135
85, 136
84, 136
82, 138
81, 138
80, 139
79, 139
78, 140
77, 140
76, 141
73, 141
73, 144
74, 145
77, 145
78, 144
79, 144
80, 143
81, 143
82, 142
83, 142
85, 140
86, 140
88, 138
89, 138
91, 136
92, 136
95, 133
96, 133
99, 130
100, 131
100, 132
99, 133
99, 136
98, 137
98, 139
97, 140
97, 142
96, 143
96, 145
95, 146
95, 148
94, 149
94, 150
93, 151
93, 153
92, 154
92, 156
91, 157
91, 158
90, 159
90, 161
89, 162
89, 164
88, 165
88, 166
87, 167
87, 169
86, 170
86, 171
85, 172
85, 174
84, 175
84, 177
83, 178
83, 179
82, 180
82, 181
81, 182
81, 184
80, 185
80, 188
79, 189
79, 191
80, 192
80, 193
81, 194
83, 194
84, 195
86, 195
87, 194
87, 193
85, 191
84, 191
83, 190
83, 188
84, 187
84, 185
85, 184
85, 182
86, 181
86, 180
87, 179
87, 178
88, 177
88, 175
89, 174
89, 173
90, 172
90, 170
91, 169
91, 167
92, 166
92, 165
93, 164
93, 162
94, 161
94, 160
95, 159
95, 157
96, 156
96, 154
97, 153
97, 151
98, 150
98, 149
99, 148
99, 146
100, 145
100, 143
101, 142
101, 140
102, 139
102, 136
103, 135
103, 133
104, 132
104, 130
105, 129
105, 128
106, 127
106, 125
107, 124
107, 123
108, 122
108, 121
110, 119
110, 118
112, 116
112, 113
272, 21
271, 22
256, 22
255, 23
245, 23
244, 24
236, 24
235, 25
228, 25
227, 26
220, 26
219, 27
213, 27
212, 28
206, 28
205, 29
199, 29
198, 30
193, 30
192, 31
186, 31
185, 32
180, 32
179, 33
173, 33
172, 34
167, 34
166, 35
161, 35
160, 36
155, 36
154, 37
149, 37
148, 38
143, 38
142, 39
137, 39
136, 40
132, 40
131, 41
127, 41
126, 42
122, 42
121, 43
118, 43
117, 44
113, 44
112, 45
109, 45
108, 46
105, 46
104, 47
101, 47
100, 46
100, 45
99, 44
97, 44
94, 47
94, 48
92, 50
91, 50
90, 51
88, 51
87, 52
85, 52
84, 53
82, 53
81, 54
79, 54
78, 55
76, 55
75, 56
74, 56
73, 57
71, 57
70, 58
69, 58
68, 59
67, 59
66, 60
65, 60
64, 61
62, 61
61, 62
60, 62
59, 63
58, 63
57, 64
56, 64
55, 65
54, 65
52, 67
51, 67
50, 68
49, 68
48, 69
47, 69
45, 71
44, 71
43, 72
42, 72
40, 74
39, 74
37, 76
36, 76
34, 78
33, 78
24, 87
24, 88
22, 90
22, 92
21, 93
21, 94
22, 95
22, 96
23, 97
24, 97
25, 96
26, 96
26, 91
28, 89
28, 88
32, 84
33, 84
37, 80
38, 80
40, 78
41, 78
43, 76
44, 76
46, 74
47, 74
48, 73
49, 73
50, 72
51, 72
53, 70
54, 70
55, 69
56, 69
57, 68
58, 68
59, 67
60, 67
61, 66
62, 66
63, 65
64, 65
65, 64
66, 64
67, 63
69, 63
70, 62
71, 62
72, 61
73, 61
74, 60
75, 60
76, 59
78, 59
79, 58
81, 58
82, 57
84, 57
85, 56
87, 56
88, 55
90, 55
91, 54
93, 56
94, 56
95, 57
95, 60
94, 61
94, 64
93, 65
93, 68
92, 69
92, 72
91, 73
91, 75
90, 76
90, 79
89, 80
89, 82
88, 83
88, 84
87, 85
87, 87
86, 88
86, 90
85, 91
85, 92
84, 93
84, 95
83, 96
83, 97
82, 98
82, 100
81, 101
81, 102
80, 103
80, 105
79, 106
79, 107
78, 108
78, 110
77, 111
77, 113
76, 114
76, 115
75, 116
75, 118
74, 119
74, 120
73, 121
73, 123
72, 124
72, 125
71, 126
71, 128
70, 129
70, 130
69, 131
69, 133
68, 134
68, 135
67, 136
67, 138
66, 139
66, 140
65, 141
65, 142
64, 143
64, 145
63, 146
63, 147
62, 148
62, 149
61, 150
61, 151
60, 152
60, 154
59, 155
59, 156
58, 157
58, 158
57, 159
57, 160
56, 161
56, 162
55, 163
55, 164
54, 165
54, 166
53, 167
53, 168
52, 169
52, 170
51, 171
51, 172
50, 173
50, 174
48, 176
48, 177
44, 181
43, 181
42, 182
41, 181
39, 181
37, 179
37, 177
36, 176
36, 168
37, 167
37, 166
38, 165
37, 164
37, 163
34, 163
32, 165
32, 167
31, 168
31, 175
32, 176
32, 179
33, 180
33, 181
34, 182
34, 183
35, 184
36, 184
37, 185
38, 185
39, 186
45, 186
46, 185
47, 185
51, 181
51, 180
53, 178
53, 177
55, 175
55, 174
56, 173
56, 172
57, 171
57, 170
58, 169
58, 168
59, 167
59, 166
60, 165
60, 164
61, 163
61, 161
62, 160
62, 159
63, 158
63, 157
64, 156
64, 155
65, 154
65, 153
66, 152
66, 151
67, 150
67, 148
68, 147
68, 146
69, 145
69, 144
70, 143
70, 141
71, 140
71, 139
72, 138
72, 137
73, 136
73, 134
74, 133
74, 132
75, 131
75, 129
76, 128
76, 127
77, 126
77, 124
78, 123
78, 122
79, 121
79, 119
80, 118
80, 117
81, 116
81, 114
82, 113
82, 111
83, 110
83, 109
84, 108
84, 106
85, 105
85, 104
86, 103
86, 101
87, 100
87, 98
88, 97
88, 96
89, 95
89, 93
90, 92
90, 91
91, 90
91, 88
92, 87
92, 86
93, 85
93, 83
94, 82
94, 79
95, 78
95, 76
96, 75
96, 73
97, 72
97, 69
98, 68
98, 65
99, 64
99, 60
100, 59
100, 53
102, 51
104, 51
105, 50
108, 50
109, 49
112, 49
113, 48
116, 48
117, 47
121, 47
122, 46
125, 46
126, 45
130, 45
131, 44
136, 44
137, 43
141, 43
142, 42
147, 42
148, 41
153, 41
154, 40
159, 40
160, 39
165, 39
166, 38
171, 38
172, 37
178, 37
179, 36
184, 36
185, 35
191, 35
192, 34
197, 34
198, 33
204, 33
205, 32
210, 32
211, 31
218, 31
219, 30
225, 30
226, 29
233, 29
234, 28
242, 28
243, 27
252, 27
253, 26
266, 26
267, 25
296, 25
297, 26
304, 26
305, 27
310, 27
311, 28
313, 28
314, 29
316, 29
317, 30
318, 30
319, 31
321, 31
322, 32
323, 32
324, 33
327, 33
328, 32
328, 31
326, 29
324, 29
323, 28
322, 28
321, 27
320, 27
319, 26
317, 26
316, 25
315, 25
314, 24
310, 24
309, 23
304, 23
303, 22
294, 22
293, 21
404, 15
403, 16
402, 16
398, 20
398, 21
396, 23
396, 24
395, 25
395, 26
393, 28
393, 29
392, 30
392, 31
391, 32
391, 33
390, 34
390, 35
389, 36
389, 37
388, 38
388, 39
387, 40
387, 42
386, 43
386, 44
385, 45
385, 47
384, 48
384, 49
383, 50
383, 52
382, 53
382, 55
381, 56
381, 58
380, 59
380, 62
379, 63
379, 65
378, 66
378, 69
377, 70
377, 73
376, 74
376, 77
375, 78
375, 80
374, 81
374, 84
373, 85
373, 87
372, 88
372, 91
371, 92
371, 95
370, 96
370, 99
369, 100
369, 103
368, 104
368, 108
367, 109
367, 112
366, 113
366, 117
365, 118
365, 122
364, 123
364, 127
363, 128
363, 130
362, 131
362, 132
360, 134
360, 135
358, 137
358, 138
356, 140
356, 141
354, 143
354, 144
352, 146
352, 147
349, 150
349, 151
347, 153
347, 154
346, 155
346, 156
344, 158
344, 159
343, 160
343, 161
342, 162
342, 163
341, 164
341, 165
340, 166
340, 170
343, 170
343, 168
344, 167
344, 165
345, 164
345, 163
347, 161
347, 160
348, 159
348, 158
350, 156
350, 155
352, 153
352, 152
355, 149
355, 148
357, 146
357, 145
359, 143
360, 144
360, 148
359, 149
359, 154
358, 155
358, 159
357, 160
357, 165
356, 166
356, 171
355, 172
355, 175
354, 176
354, 180
353, 181
353, 185
352, 186
352, 189
351, 190
351, 193
350, 194
350, 197
348, 199
348, 200
342, 206
342, 207
337, 212
337, 213
333, 217
333, 218
331, 220
331, 221
328, 224
328, 225
326, 227
326, 228
323, 231
323, 232
321, 234
321, 235
318, 238
318, 239
316, 241
316, 242
313, 245
313, 246
311, 248
311, 249
310, 250
310, 251
308, 253
308, 254
307, 255
307, 256
305, 258
305, 259
304, 260
304, 261
303, 262
303, 263
302, 264
302, 265
301, 266
301, 267
300, 268
300, 269
299, 270
299, 271
298, 272
298, 273
297, 274
297, 275
296, 276
296, 278
295, 279
295, 281
294, 282
294, 285
293, 286
293, 290
292, 291
292, 315
293, 316
293, 321
294, 322
294, 325
295, 326
295, 328
296, 329
296, 331
297, 332
297, 333
299, 335
299, 336
300, 336
302, 338
304, 338
305, 339
307, 339
308, 338
309, 338
310, 337
311, 337
311, 336
313, 334
313, 333
315, 331
315, 330
316, 329
316, 328
317, 327
317, 326
318, 325
318, 324
319, 323
319, 322
320, 321
320, 320
321, 319
321, 317
322, 316
322, 315
323, 314
323, 312
324, 311
324, 309
325, 308
325, 306
326, 305
326, 303
327, 302
327, 300
328, 299
328, 297
329, 296
329, 294
330, 293
330, 290
331, 289
331, 286
332, 285
332, 281
333, 280
333, 277
334, 276
334, 272
335, 271
335, 267
336, 266
336, 261
337, 260
337, 256
338, 255
338, 252
339, 251
339, 247
340, 246
340, 243
341, 242
341, 239
342, 238
342, 236
343, 235
343, 233
344, 232
344, 229
345, 228
345, 226
346, 225
346, 223
347, 222
347, 219
348, 218
348, 215
349, 214
349, 212
350, 211
350, 208
351, 207
351, 205
352, 204
352, 201
354, 199
354, 198
362, 190
362, 189
373, 178
373, 177
389, 161
389, 160
398, 151
399, 151
411, 139
412, 139
424, 127
425, 127
426, 128
425, 129
425, 131
424, 132
424, 133
423, 134
423, 136
422, 137
422, 138
421, 139
421, 140
420, 141
420, 142
419, 143
419, 144
418, 145
418, 146
417, 147
417, 149
416, 150
416, 151
415, 152
415, 153
414, 154
414, 155
413, 156
413, 157
412, 158
412, 159
411, 160
411, 161
410, 162
410, 164
409, 165
409, 166
408, 167
408, 170
409, 171
409, 172
410, 173
415, 173
416, 172
417, 172
418, 171
419, 171
421, 169
422, 169
425, 166
426, 166
430, 162
431, 162
434, 159
435, 159
441, 153
442, 153
449, 146
450, 146
463, 133
464, 133
469, 128
470, 128
471, 127
471, 126
475, 122
475, 120
472, 120
471, 121
470, 121
470, 122
463, 129
462, 129
450, 141
449, 141
441, 149
440, 149
434, 155
433, 155
429, 159
428, 159
424, 163
423, 163
420, 166
419, 166
417, 168
416, 168
415, 169
413, 169
412, 168
412, 166
413, 165
413, 164
414, 163
414, 162
415, 161
415, 160
416, 159
416, 158
417, 157
417, 156
418, 155
418, 154
419, 153
419, 152
420, 151
420, 149
421, 148
421, 147
422, 146
422, 145
423, 144
423, 143
424, 142
424, 141
425, 140
425, 138
426, 137
426, 136
427, 135
427, 134
428, 133
428, 131
429, 130
429, 128
430, 127
430, 126
431, 125
431, 123
432, 122
432, 120
433, 119
433, 118
445, 106
445, 105
446, 104
446, 102
445, 101
443, 101
441, 103
440, 103
431, 112
431, 113
430, 114
430, 116
411, 135
410, 135
399, 146
398, 146
381, 163
381, 164
368, 177
368, 178
358, 188
358, 189
357, 190
356, 190
355, 189
355, 188
356, 187
356, 184
357, 183
357, 179
358, 178
358, 174
359, 173
359, 169
360, 168
360, 163
361, 162
361, 157
362, 156
362, 152
363, 151
363, 146
364, 145
364, 140
365, 139
365, 135
366, 134
366, 132
367, 131
367, 130
368, 129
368, 128
370, 126
370, 125
371, 124
371, 123
373, 121
373, 120
374, 119
374, 118
376, 116
376, 115
377, 114
377, 113
378, 112
378, 111
379, 110
379, 109
380, 108
380, 107
381, 106
381, 105
382, 104
382, 103
383, 102
383, 101
384, 100
384, 99
385, 98
385, 97
386, 96
386, 94
387, 93
387, 92
388, 91
388, 90
389, 89
389, 87
390, 86
390, 85
391, 84
391, 82
392, 81
392, 80
393, 79
393, 77
394, 76
394, 74
395, 73
395, 71
396, 70
396, 68
397, 67
397, 66
398, 65
398, 63
399, 62
399, 60
400, 59
400, 57
401, 56
401, 54
402, 53
402, 51
403, 50
403, 48
404, 47
404, 45
405, 44
405, 42
406, 41
406, 39
407, 38
407, 37
408, 36
408, 33
409, 32
409, 17
407, 15
345, 209
346, 210
346, 212
345, 213
345, 216
344, 217
344, 219
343, 220
343, 223
342, 224
342, 226
341, 227
341, 230
340, 231
340, 233
339, 234
339, 236
338, 237
338, 240
337, 241
337, 244
336, 245
336, 248
335, 249
335, 253
334, 254
334, 258
333, 259
333, 263
332, 264
332, 268
331, 269
331, 274
330, 275
330, 278
329, 279
329, 282
328, 283
328, 287
327, 288
327, 290
326, 291
326, 294
325, 295
325, 297
324, 298
324, 300
323, 301
323, 303
322, 304
322, 306
321, 307
321, 309
320, 310
320, 312
319, 313
319, 314
318, 315
318, 317
317, 318
317, 319
316, 320
316, 321
315, 322
315, 323
314, 324
314, 325
313, 326
313, 327
312, 328
312, 329
310, 331
310, 332
307, 335
304, 335
300, 331
300, 330
299, 329
299, 327
298, 326
298, 324
297, 323
297, 319
296, 318
296, 313
295, 312
295, 295
296, 294
296, 288
297, 287
297, 284
298, 283
298, 281
299, 280
299, 278
300, 277
300, 276
301, 275
301, 274
302, 273
302, 272
303, 271
303, 269
305, 267
305, 266
306, 265
306, 264
307, 263
307, 262
308, 261
308, 260
310, 258
310, 257
311, 256
311, 255
313, 253
313, 252
314, 251
314, 250
316, 248
316, 247
319, 244
319, 243
321, 241
321, 240
324, 237
324, 236
326, 234
326, 233
329, 230
329, 229
331, 227
331, 226
334, 223
334, 222
336, 220
336, 219
340, 215
340, 214
404, 19
405, 19
406, 20
406, 29
405, 30
405, 34
404, 35
404, 37
403, 38
403, 39
402, 40
402, 42
401, 43
401, 45
400, 46
400, 48
399, 49
399, 51
398, 52
398, 54
397, 55
397, 57
396, 58
396, 60
395, 61
395, 63
394, 64
394, 65
393, 66
393, 68
392, 69
392, 71
391, 72
391, 74
390, 75
390, 77
389, 78
389, 79
388, 80
388, 82
387, 83
387, 85
386, 86
386, 87
385, 88
385, 89
384, 90
384, 91
383, 92
383, 94
382, 95
382, 96
381, 97
381, 98
380, 99
380, 100
379, 101
379, 102
378, 103
378, 104
377, 105
377, 106
376, 107
376, 108
375, 109
375, 110
374, 111
374, 112
373, 113
373, 114
370, 111
371, 110
371, 107
372, 106
372, 102
373, 101
373, 98
374, 97
374, 94
375, 93
375, 90
376, 89
376, 87
377, 86
377, 83
378, 82
378, 80
379, 79
379, 76
380, 75
380, 72
381, 71
381, 69
382, 68
382, 65
383, 64
383, 61
384, 60
384, 58
385, 57
385, 55
386, 54
386, 52
387, 51
387, 50
388, 49
388, 47
389, 46
389, 45
390, 44
390, 42
391, 41
391, 40
392, 39
392, 38
393, 37
393, 36
394, 35
394, 34
395, 33
395, 32
396, 31
396, 30
397, 29
397, 28
399, 26
399, 25
401, 23
401, 22
