395, 437
395, 439
397, 441
397, 444
395, 446
395, 448
404, 448
405, 447
405, 446
406, 445
407, 445
408, 446
409, 446
411, 448
412, 448
413, 447
413, 446
414, 445
414, 443
413, 442
413, 438
412, 437
410, 437
408, 439
408, 440
406, 442
406, 445
405, 446
404, 445
403, 445
402, 446
401, 446
400, 445
400, 438
399, 437
328, 437
328, 439
330, 441
330, 444
328, 446
328, 448
337, 448
338, 447
339, 447
340, 448
346, 448
346, 446
345, 445
345, 444
346, 443
346, 442
347, 441
347, 439
345, 437
340, 437
340, 440
342, 440
343, 441
343, 442
339, 446
338, 446
337, 445
336, 445
335, 446
334, 446
333, 445
333, 438
332, 437
261, 437
261, 439
263, 441
263, 444
261, 446
261, 448
270, 448
272, 446
274, 448
278, 448
280, 446
280, 439
278, 437
274, 437
272, 439
272, 445
271, 446
270, 445
269, 445
268, 446
267, 446
266, 445
266, 438
265, 437
275, 441
276, 440
277, 441
277, 444
276, 445
275, 444
196, 437
194, 439
194, 446
196, 448
200, 448
201, 447
202, 447
203, 448
204, 448
205, 447
207, 447
208, 448
212, 448
214, 446
214, 439
212, 437
208, 437
206, 439
206, 445
205, 446
204, 445
203, 445
202, 444
202, 440
201, 439
201, 438
200, 437
197, 441
198, 440
199, 441
199, 444
198, 445
197, 444
166, 380
166, 382
168, 384
168, 387
166, 389
166, 391
175, 391
176, 390
176, 389
177, 388
178, 388
179, 389
180, 389
182, 391
183, 391
184, 390
184, 389
185, 388
185, 386
184, 385
184, 381
183, 380
181, 380
179, 382
179, 383
177, 385
177, 388
176, 389
175, 388
174, 388
173, 389
172, 389
171, 388
171, 381
170, 380
166, 313
166, 315
168, 317
168, 320
166, 322
166, 324
175, 324
177, 322
179, 324
183, 324
185, 322
185, 318
184, 317
184, 313
180, 313
177, 316
177, 321
176, 322
175, 321
174, 321
173, 322
172, 322
171, 321
171, 314
170, 313
166, 246
166, 248
168, 250
168, 253
166, 255
166, 257
175, 257
177, 255
179, 257
183, 257
184, 256
185, 256
185, 248
183, 246
179, 246
177, 248
177, 250
178, 251
177, 252
177, 254
176, 255
175, 254
174, 254
173, 255
172, 255
171, 254
171, 247
170, 246
180, 180
178, 182
178, 188
177, 189
176, 188
175, 188
174, 189
174, 190
175, 191
176, 191
178, 189
180, 191
184, 191
186, 189
186, 182
184, 180
181, 184
182, 183
183, 184
183, 187
182, 188
181, 187
166, 180
165, 181
165, 182
166, 183
168, 183
169, 184
168, 185
168, 186
165, 189
165, 190
166, 191
172, 191
172, 189
171, 188
171, 187
172, 186
172, 181
171, 180
179, 113
178, 114
178, 115
179, 116
181, 116
182, 117
182, 118
178, 122
177, 122
176, 121
175, 121
174, 122
174, 123
175, 124
176, 124
177, 123
178, 123
179, 124
185, 124
185, 122
184, 121
184, 120
185, 119
185, 118
186, 117
186, 116
185, 115
185, 114
184, 113
166, 113
165, 114
165, 115
166, 116
168, 116
169, 117
168, 118
168, 119
165, 122
165, 123
166, 124
172, 124
172, 122
171, 121
171, 120
172, 119
172, 114
171, 113
196, 57
196, 115
194, 117
192, 117
192, 119
194, 119
196, 121
196, 182
194, 184
192, 184
192, 186
194, 186
196, 188
196, 249
194, 251
192, 251
192, 253
194, 253
196, 255
196, 315
194, 317
192, 317
192, 319
194, 319
196, 321
196, 382
194, 384
192, 384
192, 386
194, 386
196, 388
196, 428
201, 428
203, 430
203, 432
205, 432
205, 430
207, 428
268, 428
270, 430
270, 432
272, 432
272, 430
274, 428
334, 428
336, 430
336, 432
338, 432
338, 430
340, 428
401, 428
403, 430
403, 432
405, 432
405, 430
407, 428
460, 428
460, 57
200, 59
456, 59
458, 61
458, 424
456, 426
200, 426
198, 424
198, 61
238, 275
237, 276
237, 277
235, 279
235, 281
234, 282
234, 284
233, 285
233, 289
232, 290
232, 311
233, 312
233, 316
234, 317
234, 320
235, 321
235, 323
236, 324
236, 326
237, 327
237, 329
238, 330
238, 331
239, 332
239, 333
240, 334
240, 335
241, 336
241, 337
242, 338
242, 339
243, 340
243, 341
245, 343
245, 344
248, 347
248, 348
251, 351
251, 352
258, 359
259, 359
265, 365
266, 365
269, 368
270, 368
272, 370
273, 370
275, 372
276, 372
278, 374
279, 374
280, 375
281, 375
283, 377
284, 377
285, 378
286, 378
287, 379
288, 379
289, 380
290, 380
291, 381
292, 381
293, 382
294, 382
295, 383
296, 383
297, 384
298, 384
299, 385
300, 385
301, 386
302, 386
303, 387
304, 387
305, 388
307, 388
308, 389
310, 389
311, 390
312, 390
313, 391
315, 391
316, 392
318, 392
319, 393
320, 393
321, 394
323, 394
324, 395
326, 395
327, 396
330, 396
331, 397
333, 397
334, 398
337, 398
338, 399
340, 399
341, 400
344, 400
345, 401
347, 401
348, 402
350, 402
351, 403
354, 403
355, 404
357, 404
358, 405
360, 405
361, 406
364, 406
365, 407
367, 407
368, 408
370, 408
371, 409
373, 409
374, 410
377, 410
378, 411
380, 411
381, 412
382, 412
383, 411
384, 411
384, 408
382, 406
381, 406
380, 407
378, 407
377, 406
374, 406
373, 405
371, 405
370, 404
368, 404
367, 403
365, 403
364, 402
361, 402
360, 401
358, 401
357, 400
355, 400
354, 399
351, 399
350, 398
348, 398
347, 397
345, 397
344, 396
341, 396
340, 395
338, 395
337, 394
334, 394
333, 393
331, 393
330, 392
327, 392
326, 391
324, 391
323, 390
322, 390
321, 389
319, 389
318, 388
316, 388
315, 387
313, 387
312, 386
311, 386
310, 385
308, 385
307, 384
306, 384
305, 383
304, 383
303, 382
302, 382
301, 381
299, 381
298, 380
297, 380
296, 379
295, 379
294, 378
293, 378
292, 377
291, 377
289, 375
288, 375
287, 374
286, 374
285, 373
284, 373
282, 371
281, 371
280, 370
279, 370
277, 368
276, 368
274, 366
273, 366
270, 363
269, 363
264, 358
263, 358
253, 348
253, 347
250, 344
250, 343
247, 340
247, 339
246, 338
246, 337
245, 336
245, 335
244, 334
244, 333
243, 332
243, 331
242, 330
242, 329
241, 328
241, 327
240, 326
240, 324
239, 323
239, 321
238, 320
238, 318
237, 317
237, 313
236, 312
236, 304
235, 303
235, 298
236, 297
236, 289
237, 288
237, 285
238, 284
238, 282
239, 281
239, 280
241, 278
241, 276
240, 275
217, 202
216, 203
214, 203
212, 205
211, 205
210, 206
210, 207
208, 209
208, 211
207, 212
207, 215
206, 216
206, 227
207, 228
210, 228
211, 227
211, 216
212, 215
212, 213
213, 212
213, 211
216, 208
217, 208
218, 207
226, 207
227, 208
229, 208
230, 209
231, 209
232, 210
233, 210
234, 211
235, 211
237, 213
238, 213
248, 223
248, 224
251, 227
251, 228
253, 230
253, 231
254, 232
254, 233
256, 235
256, 236
257, 237
257, 238
258, 239
258, 240
259, 241
259, 242
260, 243
260, 244
262, 246
262, 248
263, 249
263, 250
264, 251
264, 252
265, 253
265, 254
266, 255
266, 256
267, 257
267, 259
268, 260
268, 261
269, 262
269, 264
270, 265
270, 266
271, 267
271, 269
272, 270
272, 271
273, 272
273, 274
274, 275
274, 277
275, 278
275, 280
276, 281
276, 282
277, 283
277, 285
278, 286
278, 288
279, 289
279, 291
280, 292
280, 295
281, 296
281, 298
282, 299
282, 301
283, 302
283, 305
284, 306
284, 308
285, 309
285, 312
286, 313
286, 315
287, 316
287, 319
288, 320
288, 322
286, 324
286, 326
287, 327
287, 328
289, 330
289, 331
292, 334
294, 334
295, 333
295, 326
294, 325
294, 323
293, 322
293, 319
292, 318
292, 316
291, 315
291, 312
290, 311
290, 309
289, 308
289, 305
288, 304
288, 302
287, 301
287, 298
286, 297
286, 295
285, 294
285, 292
284, 291
284, 289
283, 288
283, 286
282, 285
282, 283
281, 282
281, 280
280, 279
280, 277
279, 276
279, 274
278, 273
278, 271
277, 270
277, 269
276, 268
276, 266
275, 265
275, 264
274, 263
274, 261
273, 260
273, 259
272, 258
272, 256
271, 255
271, 254
270, 253
270, 252
269, 251
269, 250
268, 249
268, 247
267, 246
267, 245
266, 244
266, 243
265, 242
265, 241
264, 240
264, 239
263, 238
263, 237
261, 235
261, 234
260, 233
260, 232
258, 230
258, 229
257, 228
257, 227
255, 225
255, 224
252, 221
252, 220
247, 215
247, 214
246, 213
245, 213
241, 209
240, 209
238, 207
237, 207
236, 206
235, 206
234, 205
233, 205
232, 204
231, 204
230, 203
228, 203
227, 202
263, 120
262, 121
262, 125
263, 126
263, 128
264, 129
264, 130
265, 131
265, 134
266, 135
266, 137
267, 138
267, 139
268, 140
268, 142
269, 143
269, 145
270, 146
270, 149
271, 150
271, 152
272, 153
272, 155
273, 156
273, 158
274, 159
274, 161
275, 162
275, 164
276, 165
276, 167
277, 168
277, 170
278, 171
278, 173
279, 174
279, 175
280, 176
280, 178
281, 179
281, 181
282, 182
282, 184
283, 185
283, 187
284, 188
284, 190
285, 191
285, 193
286, 194
286, 195
287, 196
287, 198
288, 199
288, 201
289, 202
289, 204
290, 205
290, 206
291, 207
291, 209
292, 210
292, 211
293, 212
293, 214
294, 215
294, 216
295, 217
295, 219
296, 220
296, 221
297, 222
297, 223
298, 224
298, 226
299, 227
299, 228
301, 230
301, 231
302, 232
302, 233
303, 234
303, 235
305, 237
305, 238
307, 240
307, 241
316, 250
317, 250
318, 251
324, 251
327, 248
327, 246
328, 245
328, 236
327, 235
327, 230
326, 229
326, 225
325, 224
325, 222
324, 221
324, 218
323, 217
323, 215
322, 214
322, 212
321, 211
321, 209
320, 208
320, 206
319, 205
319, 204
318, 203
318, 201
317, 200
317, 199
316, 198
316, 197
315, 196
315, 194
314, 193
314, 192
315, 191
317, 193
317, 194
318, 195
318, 196
319, 197
319, 198
320, 199
320, 200
321, 201
321, 202
322, 203
322, 204
323, 205
323, 207
324, 208
324, 209
325, 210
325, 212
326, 213
326, 215
327, 216
327, 218
328, 219
328, 220
329, 221
329, 223
330, 224
330, 226
331, 227
331, 229
332, 230
332, 231
333, 232
333, 234
334, 235
334, 240
337, 243
339, 243
340, 242
340, 241
341, 240
341, 239
340, 238
340, 235
339, 234
339, 232
338, 231
338, 230
337, 229
337, 227
336, 226
336, 224
335, 223
335, 221
334, 220
334, 219
333, 218
333, 216
332, 215
332, 213
331, 212
331, 210
330, 209
330, 208
329, 207
329, 205
328, 204
328, 203
327, 202
327, 200
326, 199
326, 198
325, 197
325, 196
324, 195
324, 193
323, 192
323, 191
322, 190
322, 189
319, 186
316, 186
315, 187
315, 191
314, 192
312, 190
312, 189
311, 188
311, 187
310, 186
310, 185
308, 183
308, 182
306, 180
306, 179
303, 176
303, 175
302, 174
301, 174
299, 172
298, 172
297, 171
293, 171
292, 172
291, 172
288, 175
287, 175
286, 174
286, 172
285, 171
285, 169
284, 168
284, 166
283, 165
283, 163
282, 162
282, 160
281, 159
281, 157
280, 156
280, 154
279, 153
279, 151
278, 150
278, 148
277, 147
277, 145
276, 144
276, 142
275, 141
275, 140
274, 139
274, 137
273, 136
273, 134
272, 133
272, 131
271, 130
271, 129
270, 128
270, 126
269, 125
269, 124
268, 123
268, 121
267, 120
294, 178
295, 177
296, 178
297, 178
300, 181
300, 182
302, 184
302, 185
304, 187
304, 188
305, 189
305, 190
307, 192
307, 193
308, 194
308, 195
309, 196
309, 197
310, 198
310, 199
311, 200
311, 201
312, 202
312, 204
313, 205
313, 206
314, 207
314, 209
315, 210
315, 212
316, 213
316, 215
317, 216
317, 218
318, 219
318, 221
319, 222
319, 225
320, 226
320, 229
321, 230
321, 235
322, 236
322, 244
321, 245
320, 245
319, 244
318, 244
314, 240
314, 239
311, 236
311, 235
309, 233
309, 232
307, 230
307, 229
306, 228
306, 227
305, 226
305, 225
304, 224
304, 223
303, 222
303, 221
302, 220
302, 217
301, 216
301, 215
300, 214
300, 212
299, 211
299, 209
298, 208
298, 206
297, 205
297, 203
296, 202
296, 200
299, 197
299, 196
298, 195
298, 194
297, 193
297, 192
296, 191
296, 190
295, 189
295, 187
294, 186
239, 115
238, 116
237, 116
232, 121
232, 122
231, 123
231, 125
230, 126
230, 137
231, 138
231, 140
232, 141
232, 143
233, 144
233, 146
234, 147
234, 148
235, 149
235, 150
236, 151
236, 152
238, 154
238, 155
239, 156
239, 157
242, 160
242, 161
246, 165
246, 166
249, 169
250, 169
255, 174
256, 174
260, 178
261, 178
262, 179
263, 179
264, 180
264, 181
265, 182
265, 185
266, 186
266, 188
267, 189
267, 191
268, 192
268, 195
269, 196
269, 198
270, 199
270, 202
271, 203
271, 205
272, 206
272, 208
271, 209
270, 208
270, 207
267, 204
267, 203
264, 200
264, 199
259, 194
258, 194
257, 193
254, 193
253, 194
253, 195
252, 196
253, 197
253, 200
254, 201
254, 204
255, 205
255, 207
256, 208
256, 209
257, 210
257, 212
258, 213
258, 215
259, 216
259, 217
260, 218
260, 220
261, 221
261, 222
262, 223
262, 225
263, 226
263, 227
264, 228
264, 229
265, 230
265, 232
266, 233
266, 234
267, 235
267, 240
269, 242
271, 242
272, 241
272, 239
271, 238
271, 236
270, 235
270, 233
269, 232
269, 230
268, 229
268, 228
267, 227
267, 226
266, 225
266, 224
265, 223
265, 221
264, 220
264, 219
263, 218
263, 216
262, 215
262, 214
261, 213
261, 211
260, 210
260, 208
259, 207
259, 205
258, 204
258, 202
257, 201
257, 200
258, 199
263, 204
263, 205
266, 208
266, 209
268, 211
268, 212
270, 214
270, 215
271, 216
271, 217
273, 219
273, 220
274, 221
274, 222
275, 223
275, 224
276, 225
276, 226
278, 228
278, 229
279, 230
279, 231
280, 232
280, 233
281, 234
281, 235
282, 236
282, 237
284, 239
286, 239
286, 235
285, 234
285, 233
284, 232
284, 230
283, 229
283, 228
282, 227
282, 225
281, 224
281, 222
280, 221
280, 220
279, 219
279, 217
278, 216
278, 214
277, 213
277, 211
276, 210
276, 207
275, 206
275, 204
274, 203
274, 200
273, 199
273, 197
272, 196
272, 193
271, 192
271, 190
270, 189
270, 186
269, 185
269, 183
268, 182
268, 180
267, 179
267, 176
266, 175
266, 173
265, 172
265, 170
264, 169
264, 166
263, 165
263, 163
262, 162
262, 160
261, 159
261, 156
260, 155
260, 153
259, 152
259, 150
258, 149
258, 147
257, 146
257, 144
256, 143
256, 141
255, 140
255, 138
254, 137
254, 135
253, 134
253, 132
252, 131
252, 130
251, 129
251, 127
250, 126
250, 125
249, 124
249, 122
248, 121
248, 120
246, 118
246, 117
245, 116
244, 116
243, 115
239, 119
242, 119
245, 122
245, 124
246, 125
246, 126
247, 127
247, 128
248, 129
248, 131
249, 132
249, 134
250, 135
250, 136
251, 137
251, 139
252, 140
252, 142
253, 143
253, 145
254, 146
254, 148
255, 149
255, 151
256, 152
256, 155
257, 156
257, 158
258, 159
258, 161
259, 162
259, 164
260, 165
260, 168
261, 169
261, 171
262, 172
261, 173
260, 173
257, 170
256, 170
245, 159
245, 158
242, 155
242, 154
241, 153
241, 152
239, 150
239, 149
238, 148
238, 147
237, 146
237, 145
236, 144
236, 142
235, 141
235, 139
234, 138
234, 135
233, 134
233, 129
234, 128
234, 125
236, 123
236, 122
341, 71
336, 76
336, 78
335, 79
335, 81
334, 82
334, 85
333, 86
333, 95
332, 96
332, 104
333, 105
333, 115
334, 116
334, 121
335, 122
335, 125
336, 126
336, 128
337, 129
337, 131
338, 132
338, 134
339, 135
339, 137
340, 138
340, 139
341, 140
341, 141
342, 142
342, 143
343, 144
343, 145
344, 146
344, 147
345, 148
345, 149
346, 150
346, 151
347, 152
350, 152
351, 151
352, 151
352, 147
351, 146
351, 145
350, 144
350, 143
349, 142
349, 141
348, 140
348, 139
347, 138
347, 137
346, 136
346, 135
345, 134
345, 132
344, 131
344, 130
343, 129
343, 127
342, 126
342, 123
341, 122
341, 118
340, 117
340, 111
339, 110
339, 91
340, 90
340, 85
341, 84
341, 82
342, 81
342, 80
344, 78
348, 82
348, 83
350, 85
350, 86
351, 87
351, 88
352, 89
352, 90
353, 91
353, 92
354, 93
354, 94
355, 95
355, 96
356, 97
356, 99
357, 100
357, 101
358, 102
358, 104
359, 105
359, 107
360, 108
360, 110
361, 111
361, 113
362, 114
362, 116
363, 117
363, 120
364, 121
364, 124
365, 125
365, 129
366, 130
366, 134
367, 135
367, 140
368, 141
368, 147
369, 148
369, 155
370, 156
370, 163
371, 164
371, 170
372, 171
372, 176
373, 177
373, 182
374, 183
374, 186
375, 187
375, 191
376, 192
376, 195
377, 196
377, 199
378, 200
378, 203
379, 204
379, 207
380, 208
380, 210
381, 211
381, 214
380, 215
378, 213
378, 212
374, 208
374, 207
362, 195
361, 195
359, 193
358, 193
356, 191
354, 191
353, 190
348, 190
346, 192
346, 193
345, 194
345, 202
346, 203
346, 204
345, 205
343, 205
341, 203
339, 203
338, 202
337, 202
336, 203
334, 203
333, 204
333, 211
334, 212
334, 214
335, 215
335, 216
336, 217
336, 218
337, 219
337, 220
338, 221
338, 222
339, 223
339, 225
340, 226
340, 227
342, 229
342, 230
343, 231
343, 232
344, 233
344, 234
346, 236
346, 237
347, 238
347, 239
349, 241
349, 242
350, 243
350, 244
353, 247
353, 248
355, 250
355, 251
357, 253
361, 253
361, 252
362, 251
361, 250
361, 248
357, 244
357, 243
355, 241
355, 240
353, 238
353, 237
351, 235
351, 234
350, 233
350, 232
348, 230
348, 229
347, 228
347, 227
346, 226
346, 225
345, 224
345, 223
344, 222
344, 221
343, 220
343, 219
342, 218
342, 217
341, 216
341, 215
340, 214
340, 212
339, 211
339, 210
340, 209
341, 210
342, 210
348, 216
349, 216
351, 218
351, 219
352, 220
352, 221
353, 222
353, 223
354, 224
354, 226
356, 228
356, 229
357, 230
357, 231
358, 232
358, 233
360, 235
360, 236
363, 239
363, 240
365, 242
365, 243
367, 245
367, 246
369, 248
369, 249
373, 253
374, 253
375, 254
376, 254
377, 255
381, 255
382, 254
383, 254
388, 249
388, 248
389, 247
389, 246
391, 244
392, 245
392, 246
393, 247
393, 248
394, 249
394, 251
395, 252
395, 253
396, 254
396, 255
397, 256
397, 258
398, 259
398, 260
399, 261
399, 263
400, 264
400, 265
401, 266
401, 267
402, 268
402, 270
403, 271
403, 272
404, 273
404, 274
405, 275
405, 277
406, 278
406, 279
407, 280
407, 281
408, 282
408, 284
409, 285
409, 286
410, 287
410, 288
411, 289
411, 291
412, 292
412, 293
413, 294
413, 295
414, 296
414, 298
415, 299
415, 300
416, 301
416, 302
417, 303
417, 304
418, 305
418, 306
419, 307
419, 308
420, 309
420, 311
421, 312
421, 313
422, 314
422, 315
423, 316
423, 317
424, 318
424, 319
425, 320
425, 321
426, 322
426, 323
427, 324
427, 325
428, 326
428, 327
429, 328
429, 329
431, 331
431, 332
432, 333
432, 334
433, 335
433, 336
435, 338
435, 339
437, 341
437, 342
442, 347
443, 347
444, 348
447, 348
450, 345
450, 340
449, 339
449, 336
448, 335
448, 333
447, 332
447, 330
446, 329
446, 327
445, 326
445, 325
444, 324
444, 322
443, 321
443, 320
442, 319
442, 317
441, 316
441, 315
440, 314
440, 313
439, 312
439, 310
438, 309
438, 308
437, 307
437, 306
436, 305
436, 304
435, 303
435, 302
434, 301
434, 300
433, 299
433, 297
432, 296
432, 295
431, 294
431, 293
430, 292
430, 291
429, 290
429, 289
427, 287
427, 286
426, 285
426, 284
425, 283
425, 282
424, 281
424, 280
423, 279
423, 278
421, 276
421, 275
420, 274
420, 273
419, 272
419, 271
417, 269
417, 268
416, 267
416, 266
414, 264
414, 263
413, 262
413, 261
411, 259
411, 258
409, 256
409, 255
407, 253
407, 252
405, 250
405, 249
400, 244
400, 243
397, 240
397, 239
396, 238
396, 236
395, 235
395, 233
394, 232
394, 230
393, 229
393, 227
392, 226
392, 225
391, 224
391, 221
390, 220
390, 218
389, 217
389, 215
388, 214
388, 212
387, 211
387, 209
386, 208
386, 205
385, 204
385, 201
384, 200
384, 197
383, 196
383, 193
382, 192
382, 189
381, 188
381, 184
380, 183
380, 179
379, 178
379, 174
378, 173
378, 167
377, 166
377, 159
376, 158
376, 152
375, 151
375, 144
374, 143
374, 137
373, 136
373, 131
372, 130
372, 126
371, 125
371, 122
370, 121
370, 118
369, 117
369, 114
368, 113
368, 111
367, 110
367, 108
366, 107
366, 105
365, 104
365, 102
364, 101
364, 100
363, 99
363, 97
362, 96
362, 94
361, 93
361, 92
360, 91
360, 90
359, 89
359, 88
358, 87
358, 86
357, 85
357, 84
356, 83
356, 82
354, 80
354, 79
352, 77
352, 76
348, 72
347, 72
346, 71
437, 328
438, 327
439, 328
439, 329
438, 330
437, 329
414, 280
415, 279
417, 281
417, 282
418, 283
418, 284
419, 285
419, 286
420, 287
420, 288
422, 290
422, 291
423, 292
423, 293
424, 294
424, 295
425, 296
425, 297
426, 298
426, 299
427, 300
427, 301
428, 302
428, 303
429, 304
429, 306
430, 307
430, 308
431, 309
431, 310
432, 311
432, 312
433, 313
433, 314
434, 315
434, 317
435, 318
435, 319
436, 320
436, 322
437, 323
437, 324
438, 325
438, 327
437, 328
435, 326
435, 325
434, 324
434, 323
433, 322
433, 321
432, 320
432, 319
431, 318
431, 317
430, 316
430, 315
429, 314
429, 313
428, 312
428, 311
427, 310
427, 309
426, 308
426, 307
425, 306
425, 305
424, 304
424, 302
423, 301
423, 300
422, 299
422, 298
421, 297
421, 296
420, 295
420, 294
419, 293
419, 291
418, 290
418, 289
417, 288
417, 287
416, 286
416, 284
415, 283
415, 282
414, 281
413, 278
414, 277
415, 278
414, 279
380, 215
381, 214
382, 215
381, 216
351, 197
352, 196
353, 197
354, 197
355, 198
356, 198
359, 201
360, 201
367, 208
367, 209
372, 214
372, 215
375, 218
375, 219
377, 221
377, 223
375, 225
375, 227
376, 228
376, 229
377, 230
377, 231
385, 239
385, 241
384, 242
384, 244
383, 245
383, 246
381, 248
380, 248
379, 249
378, 248
378, 247
379, 246
379, 244
377, 242
374, 242
369, 237
369, 236
368, 235
368, 234
367, 233
367, 232
366, 231
366, 228
365, 227
365, 224
364, 223
364, 221
363, 220
363, 219
362, 218
358, 218
356, 216
356, 214
355, 213
355, 212
354, 211
354, 209
353, 208
353, 206
352, 205
352, 203
351, 202
