4, 2
496, 4
494, 359
2, 357
150, 15
148, 17
147, 17
141, 23
141, 24
134, 31
134, 32
117, 49
116, 49
109, 56
108, 56
104, 60
103, 60
100, 63
99, 63
97, 65
96, 65
94, 67
93, 67
92, 68
91, 68
90, 69
88, 69
87, 70
86, 70
85, 71
84, 71
83, 72
81, 72
80, 73
78, 73
77, 74
75, 74
74, 75
72, 75
71, 76
69, 76
68, 77
65, 77
64, 78
60, 78
59, 79
55, 79
54, 80
50, 80
49, 81
47, 81
47, 82
46, 83
47, 84
47, 85
54, 85
55, 84
59, 84
60, 83
64, 83
65, 82
68, 82
69, 81
72, 81
73, 80
75, 80
76, 79
78, 79
79, 78
81, 78
82, 77
84, 77
85, 76
86, 76
87, 75
89, 75
90, 74
91, 74
92, 73
93, 73
94, 72
95, 72
96, 71
97, 71
99, 69
100, 69
102, 67
103, 67
106, 64
107, 64
110, 61
111, 61
116, 56
117, 56
139, 34
139, 33
147, 25
148, 26
148, 27
147, 28
147, 30
146, 31
146, 33
145, 34
145, 36
144, 37
144, 38
143, 39
143, 40
142, 41
142, 42
141, 43
141, 45
140, 46
140, 47
139, 48
139, 49
138, 50
138, 51
137, 52
137, 54
136, 55
136, 56
135, 57
135, 58
134, 59
134, 61
133, 62
133, 63
132, 64
132, 65
131, 66
131, 67
130, 68
130, 69
129, 70
129, 72
128, 73
128, 74
127, 75
127, 76
126, 77
126, 78
125, 79
125, 80
124, 81
124, 83
123, 84
123, 85
122, 86
122, 87
121, 88
121, 89
120, 90
120, 91
119, 92
119, 93
118, 94
118, 95
117, 96
117, 97
116, 98
116, 99
115, 100
115, 101
114, 102
114, 103
113, 104
113, 105
112, 106
112, 107
111, 108
111, 109
110, 110
110, 112
109, 113
109, 114
108, 115
108, 116
107, 117
107, 118
106, 119
106, 120
105, 121
105, 122
104, 123
104, 124
103, 125
103, 126
102, 127
102, 129
101, 130
101, 131
100, 132
100, 133
99, 134
99, 135
98, 136
98, 137
97, 138
97, 140
96, 141
96, 142
95, 143
95, 144
94, 145
94, 146
93, 147
93, 148
92, 149
92, 150
91, 151
91, 153
90, 154
90, 155
89, 156
89, 157
88, 158
88, 159
87, 160
87, 161
86, 162
86, 164
85, 165
85, 166
84, 167
84, 168
83, 169
83, 170
82, 171
82, 172
81, 173
81, 174
80, 175
80, 177
79, 178
79, 179
78, 180
78, 181
77, 182
77, 183
76, 184
76, 186
75, 187
75, 188
74, 189
74, 190
73, 191
73, 192
72, 193
72, 195
71, 196
71, 197
70, 198
70, 199
69, 200
69, 201
68, 202
68, 204
67, 205
67, 206
66, 207
66, 208
65, 209
65, 211
64, 212
64, 213
63, 214
63, 216
62, 217
62, 218
61, 219
61, 220
60, 221
60, 223
59, 224
59, 225
58, 226
58, 228
57, 229
57, 230
56, 231
56, 232
55, 233
55, 235
54, 236
54, 237
53, 238
53, 240
52, 241
52, 242
51, 243
51, 244
50, 245
50, 247
49, 248
49, 249
48, 250
48, 252
47, 253
47, 254
46, 255
46, 256
45, 257
45, 259
44, 260
44, 261
43, 262
43, 264
42, 265
42, 266
41, 267
41, 268
40, 269
40, 271
39, 272
39, 273
38, 274
38, 275
37, 276
37, 278
36, 279
36, 280
35, 281
35, 282
34, 283
34, 285
33, 286
33, 287
32, 288
32, 289
31, 290
31, 293
30, 294
30, 295
29, 296
29, 298
28, 299
28, 300
27, 301
27, 302
26, 303
26, 305
25, 306
25, 307
24, 308
24, 310
23, 311
23, 313
22, 314
22, 321
21, 322
21, 331
22, 332
22, 333
23, 334
23, 336
24, 337
24, 338
25, 339
25, 340
26, 341
27, 341
28, 342
29, 342
30, 343
31, 343
32, 344
33, 344
34, 345
41, 345
42, 344
48, 344
49, 343
51, 343
52, 342
53, 342
54, 341
56, 341
57, 340
59, 340
60, 339
61, 339
62, 338
64, 338
65, 337
66, 337
67, 336
68, 336
69, 335
70, 335
71, 334
73, 334
74, 333
75, 333
76, 332
77, 332
78, 331
79, 331
80, 330
81, 330
82, 329
83, 329
84, 328
85, 328
86, 327
87, 327
88, 326
89, 326
90, 325
91, 325
93, 323
94, 323
95, 322
96, 322
97, 321
98, 321
99, 320
100, 320
101, 319
102, 319
104, 317
105, 317
106, 316
107, 316
108, 315
109, 315
111, 313
112, 313
113, 312
114, 312
116, 310
117, 310
118, 309
119, 309
121, 307
122, 307
123, 306
124, 306
126, 304
127, 304
128, 303
129, 303
131, 301
132, 301
134, 299
135, 299
136, 298
137, 298
139, 296
140, 296
142, 294
143, 294
144, 293
145, 293
147, 291
148, 291
150, 289
151, 289
152, 288
153, 288
155, 286
156, 286
158, 284
159, 284
161, 282
162, 282
164, 280
165, 280
167, 278
168, 278
170, 276
171, 276
173, 274
174, 274
176, 272
177, 272
179, 270
180, 270
182, 268
183, 268
185, 266
186, 266
188, 264
189, 264
190, 263
191, 263
193, 261
194, 261
196, 259
197, 259
199, 257
200, 257
202, 255
203, 255
205, 253
206, 253
207, 252
208, 252
209, 251
216, 251
217, 250
218, 250
219, 249
220, 249
221, 248
222, 248
224, 246
225, 246
227, 244
228, 244
231, 241
232, 241
237, 236
238, 236
243, 231
243, 230
250, 223
251, 223
253, 221
254, 221
256, 219
257, 219
260, 216
261, 216
263, 214
264, 214
266, 212
267, 212
269, 210
270, 210
273, 207
274, 207
276, 205
277, 205
279, 203
281, 206
280, 207
280, 210
279, 211
279, 214
278, 215
278, 220
277, 221
277, 232
278, 233
278, 239
279, 240
279, 242
280, 243
280, 244
281, 245
281, 246
282, 247
282, 248
283, 249
283, 250
291, 258
292, 258
293, 259
294, 259
295, 260
303, 260
304, 259
305, 259
306, 258
307, 258
308, 257
309, 257
318, 248
318, 247
321, 244
321, 243
322, 242
322, 241
324, 239
324, 237
325, 236
325, 235
326, 234
326, 232
327, 231
327, 229
329, 227
331, 227
332, 226
334, 226
335, 225
337, 225
338, 224
340, 224
341, 223
342, 223
343, 222
345, 222
346, 221
347, 221
348, 220
349, 220
350, 219
351, 219
352, 218
353, 218
354, 217
355, 217
356, 216
357, 216
358, 215
359, 215
360, 214
361, 214
362, 213
363, 213
365, 211
366, 211
367, 210
368, 210
370, 208
371, 208
373, 206
374, 206
377, 203
378, 203
380, 201
381, 201
385, 197
386, 197
390, 193
391, 193
395, 189
396, 189
402, 183
403, 183
412, 174
413, 174
422, 165
423, 165
450, 138
450, 137
455, 132
455, 131
459, 127
459, 126
461, 124
461, 123
464, 120
464, 119
466, 117
466, 116
468, 114
468, 113
470, 111
470, 110
472, 108
472, 107
473, 106
473, 105
474, 104
474, 103
475, 102
475, 100
476, 99
476, 95
475, 94
475, 93
473, 91
471, 91
470, 90
469, 90
468, 91
464, 91
463, 92
461, 92
460, 93
458, 93
457, 94
455, 94
454, 95
453, 95
452, 96
451, 96
450, 97
449, 97
448, 98
446, 98
445, 99
444, 99
443, 100
442, 100
441, 101
439, 101
438, 102
437, 102
436, 103
435, 103
434, 104
433, 104
432, 105
431, 105
430, 106
429, 106
428, 107
427, 107
426, 108
424, 108
423, 109
422, 109
421, 110
420, 110
419, 111
418, 111
417, 112
416, 112
415, 113
414, 113
413, 114
412, 114
411, 115
410, 115
409, 116
408, 116
407, 117
406, 117
405, 118
404, 118
403, 119
402, 119
401, 120
400, 120
399, 121
398, 121
397, 122
396, 122
395, 123
394, 123
393, 124
392, 124
391, 125
390, 125
389, 126
388, 126
387, 127
386, 127
385, 128
384, 128
383, 129
382, 129
381, 128
383, 126
384, 126
388, 122
389, 122
393, 118
394, 118
398, 114
399, 114
403, 110
404, 110
409, 105
410, 105
417, 98
418, 98
436, 80
436, 79
441, 74
441, 73
443, 71
443, 70
444, 69
444, 68
445, 67
445, 63
444, 62
444, 61
443, 60
441, 60
440, 59
435, 59
434, 60
430, 60
429, 61
426, 61
425, 62
423, 62
422, 63
420, 63
419, 64
417, 64
416, 65
415, 65
414, 66
412, 66
411, 67
410, 67
409, 68
408, 68
407, 69
405, 69
404, 70
403, 70
402, 71
401, 71
400, 72
399, 72
398, 73
397, 73
396, 74
395, 74
394, 75
393, 75
392, 76
391, 76
390, 77
389, 77
388, 78
387, 78
386, 79
385, 79
384, 80
383, 80
382, 81
381, 81
380, 82
379, 82
377, 84
376, 84
375, 85
374, 85
373, 86
372, 86
371, 87
370, 87
368, 89
367, 89
366, 90
365, 90
364, 91
363, 91
361, 93
360, 93
359, 94
358, 94
356, 96
355, 96
354, 97
353, 97
352, 98
347, 98
346, 99
340, 99
339, 100
335, 100
334, 101
331, 101
330, 102
327, 102
326, 103
323, 103
322, 104
318, 104
317, 105
314, 105
313, 106
311, 106
310, 107
307, 107
306, 108
304, 108
303, 109
301, 109
300, 110
298, 110
297, 111
295, 111
294, 112
292, 112
291, 113
289, 113
288, 114
286, 114
285, 115
283, 115
282, 116
280, 116
279, 117
277, 117
276, 118
274, 118
273, 119
271, 119
270, 120
268, 120
267, 121
265, 121
264, 122
261, 122
260, 123
258, 123
257, 124
256, 124
255, 125
253, 125
252, 126
251, 126
250, 127
249, 127
248, 128
246, 128
245, 129
244, 129
243, 130
242, 130
241, 131
239, 131
238, 132
237, 132
236, 133
234, 133
233, 134
232, 134
231, 135
230, 135
229, 136
228, 136
227, 137
225, 137
224, 138
223, 138
222, 139
221, 139
220, 140
219, 140
218, 141
216, 141
215, 142
214, 142
213, 143
212, 143
211, 144
210, 144
209, 145
207, 145
206, 146
205, 146
204, 147
203, 147
202, 148
201, 148
200, 149
199, 149
198, 150
197, 150
196, 151
195, 151
194, 152
193, 152
191, 154
190, 154
189, 155
188, 155
187, 156
186, 156
185, 157
184, 157
183, 158
182, 158
181, 157
182, 156
182, 155
184, 153
184, 152
185, 151
185, 150
187, 148
187, 147
188, 146
188, 145
190, 143
190, 142
191, 141
191, 140
193, 138
193, 137
195, 135
195, 134
197, 132
197, 131
199, 129
199, 128
201, 126
201, 125
203, 123
203, 122
205, 120
205, 119
207, 117
207, 116
210, 113
210, 112
212, 110
212, 109
215, 106
215, 105
217, 103
217, 102
219, 100
219, 99
220, 98
220, 97
222, 95
222, 94
223, 93
223, 92
224, 91
224, 90
225, 89
225, 88
226, 87
226, 86
227, 85
227, 82
228, 81
228, 74
226, 72
224, 72
223, 73
222, 73
220, 75
219, 75
217, 77
216, 77
213, 80
212, 80
208, 84
207, 84
200, 91
199, 91
191, 99
190, 99
168, 121
168, 122
153, 137
153, 138
143, 148
143, 149
135, 157
135, 158
129, 164
129, 165
124, 170
124, 171
118, 177
118, 178
112, 184
112, 185
106, 191
106, 192
101, 197
101, 198
96, 203
96, 204
92, 208
92, 209
87, 214
87, 215
84, 218
84, 219
80, 223
80, 224
76, 228
76, 229
73, 232
73, 233
69, 237
69, 238
65, 242
65, 243
62, 246
62, 247
60, 249
60, 250
57, 253
57, 254
54, 257
54, 258
50, 258
51, 257
51, 256
52, 255
52, 253
53, 252
53, 251
54, 250
54, 249
55, 248
55, 246
56, 245
56, 244
57, 243
57, 241
58, 240
58, 239
59, 238
59, 237
60, 236
60, 234
61, 233
61, 232
62, 231
62, 229
63, 228
63, 227
64, 226
64, 225
65, 224
65, 222
66, 221
66, 220
67, 219
67, 218
68, 217
68, 215
69, 214
69, 213
70, 212
70, 210
71, 209
71, 208
72, 207
72, 206
73, 205
73, 203
74, 202
74, 201
75, 200
75, 199
76, 198
76, 197
77, 196
77, 194
78, 193
78, 192
79, 191
79, 190
80, 189
80, 188
81, 187
81, 185
82, 184
82, 183
83, 182
83, 181
84, 180
84, 179
85, 178
85, 177
86, 176
86, 174
87, 173
87, 172
88, 171
88, 170
89, 169
89, 168
90, 167
90, 166
91, 165
91, 163
92, 162
92, 161
93, 160
93, 159
94, 158
94, 157
95, 156
95, 155
96, 154
96, 152
97, 151
97, 150
98, 149
98, 148
99, 147
99, 146
100, 145
100, 144
101, 143
101, 142
102, 141
102, 140
103, 139
103, 137
104, 136
104, 135
105, 134
105, 133
106, 132
106, 131
107, 130
107, 128
108, 127
108, 126
109, 125
109, 124
110, 123
110, 122
111, 121
111, 120
112, 119
112, 118
113, 117
113, 116
114, 115
114, 114
115, 113
115, 112
116, 111
116, 110
117, 109
117, 108
118, 107
118, 105
119, 104
119, 103
120, 102
120, 101
121, 100
121, 99
122, 98
122, 97
123, 96
123, 95
124, 94
124, 93
125, 92
125, 91
126, 90
126, 89
127, 88
127, 87
128, 86
128, 85
129, 84
129, 82
130, 81
130, 80
131, 79
131, 78
132, 77
132, 76
133, 75
133, 74
134, 73
134, 71
135, 70
135, 69
136, 68
136, 67
137, 66
137, 65
138, 64
138, 63
139, 62
139, 60
140, 59
140, 58
141, 57
141, 56
142, 55
142, 53
143, 52
143, 51
144, 50
144, 49
145, 48
145, 47
146, 46
146, 44
147, 43
147, 42
148, 41
148, 40
149, 39
149, 37
150, 36
150, 35
151, 34
151, 32
152, 31
152, 29
153, 28
153, 25
154, 24
154, 16
153, 15
211, 222
212, 223
213, 223
215, 225
216, 225
217, 226
219, 226
220, 227
232, 227
233, 226
234, 226
235, 227
232, 230
231, 230
229, 232
228, 232
226, 234
225, 234
223, 236
222, 236
221, 237
220, 237
218, 239
217, 239
215, 241
214, 241
212, 243
211, 243
209, 245
208, 245
207, 244
207, 243
206, 242
206, 240
205, 239
205, 236
206, 235
206, 231
207, 230
207, 228
208, 227
208, 225
206, 210
207, 210
208, 211
208, 214
207, 215
207, 216
206, 217
206, 218
204, 220
203, 220
202, 221
201, 221
200, 222
199, 222
198, 223
197, 223
196, 224
195, 224
194, 225
193, 225
192, 226
191, 226
190, 227
189, 227
188, 228
187, 228
186, 229
185, 229
184, 230
183, 230
182, 231
181, 231
180, 232
179, 232
178, 233
177, 233
176, 234
175, 233
175, 232
176, 231
177, 231
184, 224
185, 224
187, 222
188, 222
189, 221
190, 221
191, 220
192, 220
193, 219
194, 219
196, 217
197, 217
199, 215
200, 215
202, 213
203, 213
285, 208
286, 207
287, 208
287, 214
288, 215
288, 218
289, 219
289, 220
290, 221
290, 222
291, 223
291, 224
293, 226
294, 226
296, 228
298, 228
299, 229
303, 229
304, 230
317, 230
318, 229
320, 229
321, 230
321, 233
320, 234
320, 235
319, 236
319, 237
318, 238
318, 239
316, 241
316, 242
313, 245
313, 246
307, 252
306, 252
304, 254
303, 254
302, 255
296, 255
295, 254
294, 254
288, 248
288, 247
286, 245
286, 244
285, 243
285, 242
284, 241
284, 239
283, 238
283, 234
282, 233
282, 221
283, 220
283, 215
284, 214
284, 212
285, 211
248, 204
249, 203
250, 203
251, 204
251, 206
250, 207
250, 209
249, 210
249, 212
244, 217
243, 217
242, 218
241, 218
240, 219
239, 219
238, 220
236, 220
235, 221
233, 221
232, 222
220, 222
219, 221
218, 221
217, 220
217, 219
218, 218
219, 218
220, 217
221, 217
222, 216
223, 216
224, 215
225, 215
226, 214
228, 214
229, 213
230, 213
231, 212
232, 212
233, 211
234, 211
235, 210
236, 210
237, 209
238, 209
239, 208
240, 208
241, 207
242, 207
243, 206
244, 206
245, 205
246, 205
247, 204
303, 195
304, 194
311, 194
312, 195
313, 195
318, 201
319, 202
319, 203
320, 204
320, 206
321, 207
321, 209
322, 210
322, 213
323, 214
323, 223
318, 224
317, 225
304, 225
303, 224
300, 224
299, 223
298, 223
294, 218
293, 217
293, 215
292, 214
292, 208
293, 207
293, 205
294, 204
294, 202
297, 199
297, 198
299, 197
301, 195
269, 194
270, 193
263, 203
262, 203
257, 208
256, 207
256, 204
257, 203
257, 200
259, 198
260, 198
261, 197
262, 197
263, 196
264, 196
265, 195
267, 195
268, 194
287, 190
286, 191
286, 192
284, 194
283, 194
281, 196
243, 179
244, 178
246, 178
248, 180
248, 181
250, 183
250, 184
251, 185
251, 187
252, 188
252, 196
251, 197
250, 197
249, 198
248, 198
247, 199
246, 199
245, 200
244, 200
243, 201
242, 201
241, 202
240, 202
239, 203
238, 203
237, 204
236, 204
235, 205
234, 205
233, 206
232, 206
231, 207
229, 207
228, 208
227, 208
226, 209
225, 209
224, 210
223, 210
222, 211
221, 211
220, 212
219, 212
218, 213
217, 213
216, 214
215, 214
214, 213
214, 212
215, 211
215, 210
216, 209
216, 208
218, 206
218, 205
219, 204
219, 203
221, 201
221, 200
223, 198
223, 197
225, 195
225, 194
226, 193
226, 192
231, 187
232, 187
234, 185
235, 185
238, 182
239, 182
242, 179
164, 175
165, 174
166, 175
166, 176
165, 177
165, 179
164, 180
164, 181
163, 182
163, 183
162, 184
162, 186
161, 187
161, 188
160, 189
160, 191
159, 192
159, 194
158, 195
158, 197
157, 198
157, 201
156, 202
156, 208
155, 209
155, 211
156, 212
156, 217
157, 218
157, 219
159, 221
159, 222
160, 223
161, 223
163, 225
165, 225
166, 226
171, 226
172, 227
172, 228
166, 234
166, 235
165, 236
165, 237
164, 238
164, 239
163, 240
163, 241
165, 243
168, 243
169, 242
171, 242
172, 241
173, 241
174, 240
175, 240
176, 239
177, 239
178, 238
179, 238
180, 237
181, 237
182, 236
183, 236
184, 235
185, 235
186, 234
187, 234
188, 233
189, 233
190, 232
191, 232
192, 231
193, 231
194, 230
195, 230
196, 229
197, 229
198, 228
199, 228
200, 227
201, 227
202, 228
202, 230
201, 231
201, 235
200, 236
200, 238
201, 239
201, 243
202, 244
202, 246
203, 247
203, 248
201, 250
200, 250
198, 252
197, 252
195, 254
194, 254
192, 256
191, 256
189, 258
188, 258
186, 260
185, 260
183, 262
182, 262
180, 264
179, 264
177, 266
176, 266
174, 268
173, 268
171, 270
170, 270
168, 272
167, 272
165, 274
164, 274
162, 276
161, 276
159, 278
158, 278
156, 280
155, 280
153, 282
152, 282
151, 283
150, 283
148, 285
147, 285
145, 287
144, 287
142, 289
141, 289
140, 290
139, 290
137, 292
136, 292
134, 294
133, 294
132, 295
131, 295
129, 297
128, 297
127, 298
126, 298
124, 300
123, 300
122, 301
121, 301
119, 303
118, 303
117, 304
116, 304
114, 306
113, 306
112, 307
111, 307
109, 309
108, 309
107, 310
106, 310
104, 312
103, 312
102, 313
101, 313
100, 314
99, 314
97, 316
96, 316
95, 317
94, 317
93, 318
92, 318
91, 319
90, 319
89, 320
88, 320
86, 322
85, 322
84, 323
83, 323
82, 324
81, 324
80, 325
79, 325
78, 326
77, 326
76, 327
75, 327
74, 328
72, 328
71, 329
70, 329
69, 330
68, 330
67, 331
66, 331
65, 332
64, 332
63, 333
61, 333
60, 334
59, 334
58, 335
56, 335
55, 336
54, 336
53, 337
51, 337
50, 338
48, 338
47, 339
43, 339
42, 340
35, 340
34, 339
33, 339
32, 338
31, 338
28, 335
28, 333
27, 332
27, 331
26, 330
26, 321
27, 320
27, 314
28, 313
28, 312
29, 311
29, 309
30, 308
30, 307
31, 306
31, 304
32, 303
32, 302
33, 301
33, 300
34, 299
34, 297
35, 296
35, 295
36, 294
36, 293
39, 290
39, 289
40, 288
40, 287
42, 285
42, 284
44, 282
44, 281
46, 279
46, 278
48, 276
48, 275
51, 272
51, 271
54, 268
54, 267
59, 262
59, 261
64, 256
64, 255
84, 235
85, 235
94, 226
95, 226
103, 218
104, 218
108, 214
109, 214
113, 210
114, 210
117, 207
118, 207
122, 203
123, 203
127, 199
128, 199
130, 197
131, 197
133, 195
134, 195
137, 192
138, 192
140, 190
141, 190
144, 187
145, 187
147, 185
148, 185
151, 182
152, 182
153, 181
154, 181
156, 179
157, 179
158, 178
159, 178
161, 176
162, 176
163, 175
308, 174
309, 173
309, 176
308, 176
305, 179
304, 179
301, 182
300, 182
298, 184
296, 182
297, 181
297, 180
298, 179
299, 179
301, 177
302, 177
303, 176
304, 176
305, 175
306, 175
307, 174
328, 120
329, 119
330, 120
330, 121
325, 126
325, 127
322, 130
322, 131
319, 134
319, 135
317, 137
317, 138
314, 141
314, 142
312, 144
312, 145
310, 147
310, 148
308, 150
308, 151
307, 152
307, 153
305, 155
305, 156
303, 158
303, 159
302, 160
302, 161
300, 163
300, 164
299, 165
299, 166
298, 167
298, 168
286, 180
285, 180
284, 181
283, 181
282, 182
281, 182
280, 183
279, 183
278, 184
277, 184
276, 185
275, 185
274, 186
273, 186
272, 187
270, 187
269, 188
268, 188
267, 189
266, 189
265, 190
264, 190
263, 191
262, 191
261, 192
260, 192
259, 193
258, 193
257, 192
257, 188
256, 187
256, 184
255, 183
255, 182
254, 181
254, 180
253, 179
253, 178
250, 175
250, 174
252, 172
253, 172
256, 169
257, 169
260, 166
261, 166
263, 164
264, 164
267, 161
268, 161
270, 159
271, 159
274, 156
275, 156
277, 154
278, 154
281, 151
282, 151
284, 149
285, 149
287, 147
288, 147
290, 145
291, 145
293, 143
294, 143
297, 140
298, 140
300, 138
301, 138
303, 136
304, 136
306, 134
307, 134
309, 132
310, 132
312, 130
313, 130
315, 128
316, 128
318, 126
319, 126
321, 124
322, 124
324, 122
325, 122
327, 120
352, 105
353, 107
353, 108
349, 112
349, 113
345, 117
345, 118
339, 124
339, 125
332, 132
332, 133
319, 143
321, 141
321, 140
324, 137
324, 136
327, 133
327, 132
330, 129
330, 128
335, 123
335, 122
342, 115
342, 114
347, 109
348, 109
334, 106
335, 105
338, 105
339, 106
337, 108
336, 108
334, 110
333, 110
331, 112
330, 112
329, 113
328, 113
326, 115
325, 115
323, 117
322, 117
320, 119
319, 119
317, 121
316, 121
314, 123
313, 123
311, 125
310, 125
307, 128
306, 128
304, 130
303, 130
301, 132
300, 132
298, 134
297, 134
295, 136
294, 136
292, 138
291, 138
289, 140
288, 140
285, 143
284, 143
282, 145
281, 145
279, 147
278, 147
275, 150
274, 150
272, 152
271, 152
268, 155
267, 155
265, 157
264, 157
261, 160
260, 160
258, 162
257, 162
254, 165
253, 165
251, 167
250, 167
247, 170
246, 170
244, 172
239, 172
238, 173
237, 173
236, 174
235, 174
234, 175
233, 175
231, 177
230, 177
219, 188
219, 189
213, 195
212, 195
208, 199
207, 199
204, 202
203, 202
199, 206
198, 206
195, 209
194, 209
190, 213
189, 213
184, 218
183, 218
182, 219
181, 219
180, 220
178, 220
177, 221
167, 221
166, 220
165, 220
161, 216
161, 213
160, 212
160, 208
161, 207
161, 203
162, 202
162, 199
163, 198
163, 196
164, 195
164, 193
165, 192
165, 190
166, 189
166, 188
167, 187
167, 185
168, 184
168, 183
169, 182
169, 181
170, 180
170, 178
171, 177
171, 176
172, 175
172, 174
173, 173
173, 172
174, 171
174, 170
178, 166
179, 166
180, 165
181, 165
183, 163
184, 163
185, 162
186, 162
187, 161
188, 161
189, 160
190, 160
191, 159
192, 159
193, 158
194, 158
195, 157
196, 157
198, 155
199, 155
200, 154
201, 154
202, 153
203, 153
204, 152
205, 152
206, 151
207, 151
208, 150
210, 150
211, 149
212, 149
213, 148
214, 148
215, 147
216, 147
217, 146
219, 146
220, 145
221, 145
222, 144
223, 144
224, 143
225, 143
226, 142
228, 142
229, 141
230, 141
231, 140
232, 140
233, 139
234, 139
235, 138
237, 138
238, 137
239, 137
240, 136
242, 136
243, 135
244, 135
245, 134
246, 134
247, 133
249, 133
250, 132
251, 132
252, 131
253, 131
254, 130
256, 130
257, 129
258, 129
259, 128
261, 128
262, 127
264, 127
265, 126
267, 126
268, 125
270, 125
271, 124
274, 124
275, 123
277, 123
278, 122
280, 122
281, 121
283, 121
284, 120
286, 120
287, 119
289, 119
290, 118
292, 118
293, 117
295, 117
296, 116
298, 116
299, 115
301, 115
302, 114
304, 114
305, 113
307, 113
308, 112
310, 112
311, 111
314, 111
315, 110
318, 110
319, 109
322, 109
323, 108
326, 108
327, 107
330, 107
331, 106
468, 96
469, 95
471, 97
471, 98
470, 99
470, 101
469, 102
469, 103
468, 104
468, 105
466, 107
466, 108
464, 110
464, 111
462, 113
462, 114
459, 117
459, 118
457, 120
457, 121
454, 124
454, 125
450, 129
450, 130
444, 136
444, 137
422, 159
421, 159
412, 168
411, 168
402, 177
401, 177
394, 184
393, 184
389, 188
388, 188
384, 192
383, 192
379, 196
378, 196
375, 199
374, 199
372, 201
371, 201
368, 204
367, 204
365, 206
364, 206
363, 207
362, 207
361, 208
360, 208
358, 210
357, 210
356, 211
355, 211
354, 212
353, 212
352, 213
351, 213
350, 214
349, 214
348, 215
347, 215
346, 216
345, 216
344, 217
342, 217
341, 218
340, 218
339, 219
337, 219
336, 220
334, 220
333, 221
331, 221
330, 222
329, 222
328, 221
328, 214
327, 213
327, 209
326, 208
326, 206
325, 205
325, 203
324, 202
324, 201
323, 200
323, 199
322, 198
322, 197
316, 191
315, 191
314, 190
313, 190
312, 189
303, 189
302, 190
301, 190
300, 189
303, 186
304, 186
307, 183
308, 183
311, 180
312, 180
314, 178
315, 178
318, 175
319, 175
322, 172
323, 172
326, 169
327, 169
329, 167
330, 167
333, 164
334, 164
337, 161
338, 161
341, 158
342, 158
345, 155
346, 155
348, 153
349, 153
351, 151
352, 151
353, 150
354, 150
355, 149
356, 149
358, 147
359, 147
360, 146
361, 146
362, 145
363, 145
364, 144
365, 144
366, 143
367, 143
368, 142
369, 142
370, 141
371, 141
373, 139
374, 139
375, 138
376, 138
377, 137
378, 137
379, 136
380, 136
381, 135
382, 135
383, 134
384, 134
385, 133
386, 133
387, 132
388, 132
389, 131
390, 131
391, 130
392, 130
393, 129
394, 129
395, 128
396, 128
397, 127
398, 127
399, 126
400, 126
401, 125
402, 125
403, 124
404, 124
405, 123
406, 123
407, 122
408, 122
409, 121
410, 121
411, 120
412, 120
413, 119
414, 119
415, 118
416, 118
417, 117
418, 117
419, 116
420, 116
421, 115
422, 115
423, 114
425, 114
426, 113
427, 113
428, 112
429, 112
430, 111
431, 111
432, 110
433, 110
434, 109
435, 109
436, 108
437, 108
438, 107
439, 107
440, 106
442, 106
443, 105
444, 105
445, 104
446, 104
447, 103
449, 103
450, 102
451, 102
452, 101
453, 101
454, 100
456, 100
457, 99
458, 99
459, 98
461, 98
462, 97
464, 97
465, 96
220, 81
221, 80
222, 80
223, 81
222, 82
222, 84
221, 85
221, 86
220, 87
220, 88
219, 89
219, 90
218, 91
218, 92
216, 94
216, 95
215, 96
215, 97
213, 99
213, 100
210, 103
210, 104
208, 106
208, 107
205, 110
205, 111
203, 113
203, 114
201, 116
201, 117
199, 119
199, 120
197, 122
197, 123
195, 125
195, 126
193, 128
193, 129
191, 131
191, 132
189, 134
189, 135
187, 137
187, 138
185, 140
185, 141
184, 142
184, 143
182, 145
182, 146
181, 147
181, 148
179, 150
179, 151
178, 152
178, 153
176, 155
176, 156
175, 157
175, 158
174, 159
174, 160
173, 161
173, 162
169, 166
168, 166
167, 167
166, 167
164, 169
163, 169
162, 170
161, 170
159, 172
158, 172
156, 174
155, 174
154, 175
153, 175
151, 177
150, 177
149, 178
148, 178
146, 180
145, 180
142, 183
141, 183
139, 185
138, 185
135, 188
134, 188
132, 190
131, 190
128, 193
127, 193
125, 195
124, 195
121, 198
120, 198
116, 202
115, 202
111, 206
110, 206
107, 209
106, 209
102, 213
101, 213
95, 219
94, 219
87, 226
86, 226
85, 225
88, 222
88, 221
92, 217
92, 216
97, 211
97, 210
101, 206
101, 205
106, 200
106, 199
111, 194
111, 193
117, 187
117, 186
123, 180
123, 179
129, 173
129, 172
135, 166
135, 165
141, 159
141, 158
149, 150
149, 149
161, 137
161, 136
177, 120
177, 119
190, 106
191, 106
200, 97
201, 97
209, 89
210, 89
215, 84
216, 84
219, 81
434, 65
435, 64
438, 64
439, 65
439, 67
438, 68
438, 69
437, 70
437, 71
431, 77
431, 78
417, 92
416, 92
409, 99
408, 99
402, 105
401, 105
396, 110
395, 110
391, 114
390, 114
386, 118
385, 118
381, 122
380, 122
377, 125
376, 125
372, 129
371, 129
368, 132
367, 132
363, 136
362, 136
359, 139
358, 139
355, 142
354, 142
351, 145
350, 145
348, 147
347, 147
345, 149
344, 149
343, 150
342, 150
341, 151
340, 151
339, 152
338, 152
337, 153
336, 153
334, 155
333, 155
332, 156
331, 156
330, 157
329, 157
328, 158
327, 158
326, 159
325, 159
324, 160
323, 160
322, 161
321, 161
320, 162
319, 162
318, 163
317, 163
316, 164
315, 164
314, 165
313, 165
312, 166
311, 166
309, 168
308, 168
307, 167
310, 164
310, 163
327, 146
327, 145
338, 134
338, 133
344, 127
344, 126
350, 120
350, 119
354, 115
354, 114
358, 110
358, 109
360, 107
360, 106
363, 103
363, 102
364, 101
365, 101
366, 100
366, 96
368, 94
369, 94
370, 93
371, 93
373, 91
374, 91
375, 90
376, 90
377, 89
378, 89
379, 88
380, 88
381, 87
382, 87
384, 85
385, 85
386, 84
387, 84
388, 83
389, 83
390, 82
391, 82
392, 81
393, 81
394, 80
395, 80
396, 79
397, 79
398, 78
399, 78
400, 77
401, 77
402, 76
403, 76
404, 75
405, 75
406, 74
408, 74
409, 73
410, 73
411, 72
412, 72
413, 71
415, 71
416, 70
417, 70
418, 69
420, 69
421, 68
423, 68
424, 67
426, 67
427, 66
429, 66
430, 65
