26, 371
28, 373
28, 375
30, 375
30, 373
32, 371
75, 371
77, 373
77, 375
79, 375
79, 373
81, 371
123, 371
125, 373
125, 375
127, 375
127, 373
129, 371
172, 371
174, 373
174, 375
176, 375
176, 373
178, 371
220, 371
222, 373
222, 375
224, 375
224, 373
226, 371
268, 371
270, 373
270, 375
272, 375
272, 373
274, 371
317, 371
319, 373
319, 375
321, 375
321, 373
323, 371
365, 371
367, 373
367, 375
369, 375
369, 373
371, 371
414, 371
416, 373
416, 375
418, 373
420, 371
4, 2
418, 4
416, 369
2, 367
337, 15
336, 16
336, 17
335, 18
335, 19
332, 22
332, 23
330, 25
330, 26
326, 30
326, 31
319, 38
319, 39
303, 55
303, 56
299, 60
299, 61
289, 71
288, 71
275, 84
274, 84
267, 91
267, 92
263, 96
263, 97
261, 99
259, 97
259, 95
258, 94
258, 92
257, 91
257, 90
256, 89
256, 87
254, 85
254, 84
253, 83
253, 82
252, 81
252, 80
249, 77
249, 76
247, 74
246, 74
245, 73
240, 73
225, 88
224, 88
219, 93
218, 93
212, 99
211, 99
206, 104
205, 104
200, 109
199, 109
196, 112
196, 113
191, 118
191, 119
188, 122
188, 123
186, 125
186, 126
185, 127
185, 128
183, 130
183, 131
182, 132
182, 133
180, 135
180, 136
179, 137
179, 138
178, 139
178, 140
177, 141
177, 142
176, 143
176, 144
175, 145
175, 146
174, 147
174, 148
173, 149
173, 150
171, 152
171, 153
170, 154
170, 155
169, 156
169, 157
168, 158
168, 159
167, 160
167, 161
166, 162
166, 164
165, 165
165, 166
164, 167
164, 168
163, 169
163, 171
162, 172
162, 173
161, 174
161, 175
160, 176
160, 178
159, 179
159, 180
158, 181
158, 183
157, 184
157, 185
156, 186
156, 187
155, 188
155, 190
154, 191
154, 193
153, 194
153, 195
152, 196
152, 198
151, 199
151, 201
150, 202
150, 204
149, 205
149, 207
148, 208
148, 210
147, 211
147, 213
146, 214
146, 215
145, 216
145, 218
144, 219
144, 222
143, 223
143, 226
142, 227
142, 230
141, 231
141, 234
139, 236
138, 236
137, 237
136, 237
135, 238
134, 238
133, 237
131, 237
126, 232
126, 231
124, 229
124, 228
122, 226
122, 225
121, 224
121, 222
120, 221
120, 220
119, 219
119, 216
118, 215
118, 212
117, 211
117, 201
116, 200
116, 199
117, 198
117, 184
118, 183
118, 176
119, 175
119, 167
120, 166
120, 161
121, 160
121, 154
122, 153
122, 146
123, 145
123, 140
124, 139
124, 135
125, 134
125, 132
126, 131
126, 129
127, 128
127, 126
128, 125
128, 124
129, 123
129, 121
130, 120
130, 119
131, 118
131, 116
132, 115
132, 114
133, 113
133, 112
134, 111
134, 110
135, 109
135, 108
136, 107
136, 106
137, 105
137, 104
138, 103
138, 102
139, 101
139, 100
140, 99
140, 98
141, 97
141, 96
142, 95
142, 94
143, 93
143, 92
144, 91
144, 90
145, 89
145, 88
146, 87
146, 86
147, 85
147, 84
148, 83
148, 82
149, 81
149, 80
150, 79
150, 78
151, 77
151, 75
153, 73
153, 72
154, 71
154, 70
155, 69
155, 68
157, 66
159, 68
159, 69
161, 71
163, 71
164, 70
164, 66
163, 65
163, 63
161, 61
160, 61
159, 60
154, 60
153, 61
153, 62
152, 63
152, 64
145, 71
145, 72
137, 80
136, 80
135, 81
135, 82
131, 86
131, 87
129, 89
129, 91
128, 92
128, 93
127, 94
127, 96
126, 97
126, 100
125, 101
125, 104
124, 105
124, 109
123, 110
123, 116
122, 117
122, 122
121, 123
121, 129
120, 130
120, 135
119, 136
119, 139
118, 140
118, 142
117, 143
117, 145
116, 146
116, 148
115, 149
115, 151
114, 152
114, 154
113, 155
113, 157
112, 158
112, 160
111, 161
111, 162
110, 163
110, 165
109, 166
109, 167
108, 168
108, 169
107, 170
107, 171
106, 172
106, 173
105, 174
105, 175
104, 176
104, 177
103, 178
103, 179
102, 180
102, 181
100, 183
100, 184
99, 185
99, 186
97, 188
97, 189
96, 190
96, 191
94, 193
94, 194
93, 195
93, 196
91, 198
91, 199
90, 200
90, 201
88, 203
88, 204
86, 206
86, 207
85, 208
85, 209
83, 211
83, 212
81, 214
81, 215
79, 217
79, 218
77, 220
77, 221
75, 223
75, 224
73, 226
73, 227
71, 229
71, 230
68, 233
68, 234
66, 236
66, 237
59, 244
58, 244
57, 245
54, 245
51, 242
51, 240
50, 239
50, 236
49, 235
49, 228
48, 227
48, 208
49, 207
49, 197
50, 196
50, 191
51, 190
51, 185
52, 184
52, 179
53, 178
53, 174
54, 173
54, 169
55, 168
55, 165
56, 164
56, 160
57, 159
57, 156
58, 155
58, 152
59, 151
59, 148
60, 147
60, 143
61, 142
61, 139
62, 138
62, 135
63, 134
63, 131
64, 130
64, 127
65, 126
65, 124
66, 123
66, 120
67, 119
67, 116
68, 115
68, 112
69, 111
69, 109
70, 108
70, 106
71, 105
71, 102
72, 101
72, 99
73, 98
73, 96
74, 95
74, 93
75, 92
75, 90
76, 89
76, 87
77, 86
77, 85
78, 84
78, 82
79, 81
79, 79
80, 78
80, 77
81, 76
81, 74
82, 73
82, 72
83, 71
83, 70
84, 69
84, 67
85, 66
85, 65
86, 64
86, 62
87, 61
87, 60
88, 59
88, 57
89, 56
89, 55
90, 54
90, 52
91, 51
91, 50
92, 49
92, 47
93, 46
93, 44
94, 43
94, 42
95, 41
95, 39
96, 38
96, 36
97, 35
97, 34
98, 33
98, 29
97, 28
95, 28
94, 29
94, 30
93, 31
93, 32
92, 33
92, 35
91, 36
91, 38
90, 39
90, 40
89, 41
89, 42
88, 43
88, 44
87, 45
87, 46
85, 48
85, 49
84, 50
84, 51
83, 52
83, 53
82, 54
82, 55
81, 56
81, 57
80, 58
80, 59
79, 60
79, 61
78, 62
78, 63
75, 66
75, 67
70, 72
69, 72
67, 74
66, 74
64, 76
62, 76
61, 77
58, 77
57, 78
56, 78
55, 77
53, 77
50, 74
50, 73
49, 72
49, 69
48, 68
48, 65
47, 64
47, 61
46, 60
46, 58
45, 57
45, 54
44, 53
44, 52
43, 51
43, 50
42, 49
42, 48
41, 47
41, 46
36, 41
35, 41
34, 40
28, 40
27, 41
26, 41
23, 44
23, 45
21, 47
21, 48
20, 49
20, 50
19, 51
19, 53
18, 54
18, 61
19, 62
21, 62
22, 61
22, 56
23, 55
23, 52
25, 50
25, 49
30, 44
32, 44
33, 45
34, 45
37, 48
37, 49
39, 51
39, 53
40, 54
40, 55
41, 56
41, 58
42, 59
42, 62
43, 63
43, 66
44, 67
44, 70
45, 71
45, 73
46, 74
46, 76
51, 81
53, 81
54, 82
59, 82
60, 81
63, 81
64, 80
65, 80
66, 79
67, 79
68, 78
69, 78
71, 76
72, 76
76, 72
77, 73
77, 74
76, 75
76, 77
75, 78
75, 79
74, 80
74, 82
73, 83
73, 85
72, 86
72, 88
71, 89
71, 91
70, 92
70, 94
69, 95
69, 97
68, 98
68, 100
67, 101
67, 103
66, 104
66, 106
65, 107
65, 110
64, 111
64, 113
63, 114
63, 117
62, 118
62, 121
61, 122
61, 125
60, 126
60, 129
59, 130
59, 133
58, 134
58, 137
57, 138
57, 141
56, 142
56, 145
55, 146
55, 149
54, 150
54, 153
53, 154
53, 158
52, 159
52, 162
51, 163
51, 167
50, 168
50, 172
49, 173
49, 177
48, 178
48, 182
47, 183
47, 188
46, 189
46, 194
45, 195
45, 203
44, 204
44, 230
45, 231
45, 237
46, 238
46, 241
47, 242
47, 243
48, 244
48, 245
49, 246
49, 247
50, 248
51, 248
52, 249
53, 249
54, 250
56, 250
57, 249
59, 249
60, 248
61, 248
70, 239
70, 238
72, 236
72, 235
75, 232
75, 231
77, 229
77, 228
79, 226
79, 225
81, 223
81, 222
83, 220
83, 219
85, 217
85, 216
87, 214
87, 213
88, 212
88, 211
90, 209
90, 208
92, 206
92, 205
94, 203
94, 202
95, 201
95, 200
97, 198
97, 197
98, 196
98, 195
100, 193
100, 192
101, 191
101, 190
103, 188
103, 187
104, 186
104, 185
105, 184
105, 183
106, 182
106, 181
108, 179
108, 178
109, 177
109, 176
110, 175
110, 174
111, 173
111, 172
112, 171
112, 169
114, 167
115, 168
115, 173
114, 174
114, 181
113, 182
113, 192
112, 193
112, 204
113, 205
113, 212
114, 213
114, 217
115, 218
115, 220
116, 221
116, 223
117, 224
117, 225
118, 226
118, 227
119, 228
119, 229
120, 230
120, 231
122, 233
122, 234
128, 240
129, 240
130, 241
131, 241
132, 242
136, 242
137, 241
138, 241
139, 242
139, 245
138, 246
138, 250
137, 251
137, 255
136, 256
136, 260
135, 261
135, 266
134, 267
134, 271
133, 272
133, 277
132, 278
132, 283
131, 284
131, 289
130, 290
130, 296
129, 297
129, 304
128, 305
128, 312
127, 313
127, 321
126, 322
126, 334
127, 335
127, 340
128, 341
128, 343
129, 344
129, 346
130, 347
130, 348
131, 349
131, 350
134, 353
135, 353
136, 354
137, 354
138, 355
143, 355
144, 354
145, 354
147, 352
147, 351
148, 350
148, 349
149, 348
149, 347
150, 346
150, 345
151, 344
151, 342
152, 341
152, 340
153, 339
153, 337
154, 336
154, 334
155, 333
155, 331
156, 330
156, 328
157, 327
157, 324
158, 323
158, 321
159, 320
159, 318
160, 317
160, 315
161, 314
161, 312
162, 311
162, 310
163, 309
163, 307
164, 306
164, 305
165, 304
165, 302
166, 301
166, 300
167, 299
167, 297
168, 296
168, 295
169, 294
169, 292
170, 291
170, 290
171, 289
171, 287
172, 286
172, 285
173, 284
173, 282
174, 281
174, 280
175, 279
175, 278
176, 277
176, 275
177, 274
177, 273
178, 272
178, 270
179, 269
179, 268
180, 267
180, 265
181, 264
181, 263
182, 262
182, 260
183, 259
183, 258
184, 257
184, 256
186, 254
186, 253
189, 250
189, 249
190, 248
190, 247
191, 246
191, 245
192, 244
192, 242
194, 240
195, 240
196, 239
197, 240
197, 242
198, 243
198, 245
199, 246
199, 248
200, 249
200, 250
207, 257
207, 258
208, 259
208, 260
210, 262
210, 263
219, 272
219, 274
218, 275
218, 276
216, 278
216, 279
215, 280
215, 281
213, 283
213, 284
212, 285
212, 286
211, 287
211, 288
210, 289
210, 290
209, 291
209, 293
208, 294
208, 295
207, 296
207, 297
206, 298
206, 300
205, 301
205, 302
204, 303
204, 305
203, 306
203, 308
202, 309
202, 313
201, 314
201, 324
202, 325
202, 330
203, 331
203, 333
204, 334
204, 337
205, 338
205, 339
206, 340
206, 342
207, 343
207, 344
209, 346
209, 347
213, 351
218, 351
223, 346
223, 345
225, 343
225, 342
227, 340
227, 339
229, 337
229, 336
231, 334
231, 333
233, 331
233, 330
235, 328
235, 327
238, 324
238, 323
240, 321
240, 320
242, 318
242, 317
243, 316
244, 316
245, 317
245, 318
246, 319
246, 320
248, 322
251, 322
252, 321
253, 321
254, 320
254, 319
256, 317
256, 316
257, 315
257, 314
258, 313
258, 312
259, 311
259, 309
260, 308
260, 306
261, 305
261, 303
262, 302
262, 300
263, 299
263, 297
264, 296
264, 293
265, 292
265, 289
266, 288
266, 285
267, 284
267, 281
268, 280
268, 277
269, 276
269, 272
270, 271
270, 268
271, 267
271, 263
272, 262
272, 259
273, 258
273, 255
274, 254
274, 253
275, 252
276, 252
277, 253
277, 261
278, 262
278, 265
280, 267
280, 268
281, 268
283, 270
285, 270
286, 271
292, 271
293, 270
296, 270
297, 269
299, 269
300, 268
301, 268
302, 267
303, 267
305, 265
306, 265
312, 259
313, 259
316, 262
317, 262
320, 265
321, 265
323, 267
324, 267
325, 268
327, 268
328, 269
335, 269
336, 268
338, 268
340, 266
341, 266
348, 259
348, 258
351, 255
351, 254
355, 250
355, 249
359, 245
359, 244
363, 240
363, 239
367, 235
367, 234
370, 231
370, 230
373, 227
373, 226
376, 223
376, 222
380, 218
380, 217
383, 214
383, 213
385, 211
385, 210
386, 209
386, 208
387, 207
387, 206
388, 205
388, 204
389, 203
389, 202
390, 201
390, 200
391, 199
391, 198
392, 197
392, 196
393, 195
393, 194
394, 193
394, 191
395, 190
395, 189
396, 188
396, 187
398, 185
398, 184
399, 183
399, 181
400, 180
400, 178
401, 177
401, 154
400, 153
400, 151
399, 150
399, 146
398, 145
398, 139
397, 138
397, 137
396, 136
396, 135
395, 135
394, 134
390, 134
389, 135
387, 135
386, 136
385, 136
381, 140
381, 141
378, 144
378, 145
375, 148
374, 148
373, 149
372, 149
371, 150
369, 150
368, 151
367, 151
366, 152
365, 152
363, 154
362, 154
361, 155
360, 155
359, 156
358, 156
356, 158
355, 158
354, 159
353, 159
352, 160
351, 160
350, 161
349, 161
347, 163
346, 163
345, 164
344, 164
343, 165
342, 165
341, 166
340, 166
339, 167
338, 167
337, 168
336, 168
333, 171
332, 171
310, 193
310, 194
308, 196
307, 196
306, 197
305, 197
304, 198
303, 198
302, 199
301, 199
298, 202
298, 203
296, 205
296, 206
295, 207
295, 208
294, 209
294, 210
293, 211
293, 212
292, 213
292, 214
290, 216
290, 217
287, 220
287, 221
284, 224
283, 223
283, 222
284, 221
284, 213
285, 212
285, 206
286, 205
286, 203
287, 202
287, 200
288, 199
288, 198
289, 197
289, 196
291, 194
291, 193
293, 191
293, 190
298, 185
298, 184
300, 182
300, 181
302, 179
302, 178
304, 176
304, 175
306, 173
306, 172
308, 170
308, 169
310, 167
310, 166
312, 164
312, 163
313, 162
313, 161
314, 160
314, 159
315, 158
315, 157
316, 156
316, 155
317, 154
317, 153
318, 152
318, 150
320, 148
320, 147
324, 143
325, 143
326, 142
328, 142
329, 141
334, 141
335, 140
343, 140
344, 139
346, 139
347, 138
348, 138
351, 135
351, 133
352, 132
352, 130
353, 129
353, 128
354, 127
354, 124
355, 123
355, 122
354, 121
351, 121
350, 122
350, 124
349, 125
349, 127
348, 128
348, 130
347, 131
347, 132
345, 134
344, 134
343, 135
340, 135
339, 136
332, 136
331, 137
327, 137
326, 138
324, 138
323, 137
323, 135
324, 134
324, 132
325, 131
325, 128
326, 127
326, 125
327, 124
327, 121
328, 120
328, 117
329, 116
329, 100
328, 99
328, 96
327, 95
327, 93
326, 92
326, 91
325, 90
325, 89
324, 88
324, 87
323, 86
323, 85
320, 85
319, 86
318, 86
317, 87
317, 88
313, 92
313, 93
309, 97
309, 98
306, 98
307, 97
307, 95
308, 94
308, 93
309, 92
309, 90
310, 89
310, 87
311, 86
311, 84
312, 83
312, 81
313, 80
313, 79
314, 78
314, 76
315, 75
315, 73
316, 72
316, 70
317, 69
317, 68
318, 67
318, 65
319, 64
319, 63
320, 62
320, 61
321, 60
321, 59
322, 58
322, 56
323, 55
323, 54
324, 53
324, 52
325, 51
325, 50
326, 49
326, 48
327, 47
327, 45
328, 44
328, 43
329, 42
329, 40
330, 39
330, 37
331, 36
331, 34
332, 33
332, 32
333, 31
333, 30
335, 28
335, 27
337, 25
337, 24
339, 22
339, 21
340, 20
340, 16
339, 15
239, 270
240, 269
242, 269
243, 270
243, 271
242, 272
242, 279
241, 280
241, 300
242, 301
242, 308
241, 309
241, 310
240, 311
240, 312
239, 313
239, 314
237, 316
237, 317
235, 319
235, 320
233, 322
233, 323
230, 326
230, 327
228, 329
228, 330
226, 332
226, 333
224, 335
224, 336
222, 338
222, 339
220, 341
220, 342
218, 344
218, 345
217, 346
214, 346
213, 345
213, 344
212, 343
212, 342
211, 341
211, 340
210, 339
210, 338
209, 337
209, 335
208, 334
208, 332
207, 331
207, 328
206, 327
206, 311
207, 310
207, 308
208, 307
208, 306
209, 305
209, 303
210, 302
210, 301
211, 300
211, 298
212, 297
212, 296
213, 295
213, 293
214, 292
214, 291
215, 290
215, 289
217, 287
217, 286
218, 285
218, 284
219, 283
219, 282
221, 280
221, 279
222, 278
222, 277
225, 274
229, 274
230, 273
232, 273
233, 272
234, 272
235, 271
236, 271
237, 270
265, 266
266, 267
266, 269
265, 270
265, 273
264, 274
264, 278
263, 279
263, 282
262, 283
262, 286
261, 287
261, 290
260, 291
260, 293
259, 294
259, 297
258, 298
258, 300
257, 301
257, 303
256, 304
256, 306
255, 307
255, 309
254, 310
254, 311
253, 312
253, 313
252, 314
252, 315
251, 316
250, 316
249, 315
249, 314
248, 313
248, 310
247, 309
247, 307
248, 306
248, 305
249, 304
249, 302
250, 301
250, 299
251, 298
251, 297
252, 296
252, 294
253, 293
253, 291
254, 290
254, 289
255, 288
255, 287
256, 286
256, 284
257, 283
257, 282
258, 281
258, 279
259, 278
259, 277
260, 276
260, 275
261, 274
261, 272
262, 271
262, 270
263, 269
263, 268
218, 262
219, 262
220, 263
224, 264
247, 244
248, 245
248, 247
247, 248
247, 251
246, 252
246, 254
245, 255
245, 259
244, 260
244, 262
242, 264
240, 264
239, 265
238, 265
237, 266
235, 266
234, 267
233, 267
232, 268
231, 268
230, 269
229, 269
228, 268
230, 266
230, 265
234, 261
234, 260
238, 256
238, 255
242, 251
242, 250
244, 248
244, 247
273, 226
274, 225
275, 226
275, 228
274, 229
274, 232
273, 233
273, 237
272, 238
272, 241
271, 242
271, 246
270, 247
270, 250
269, 251
269, 252
268, 253
268, 254
264, 258
264, 259
261, 262
261, 263
260, 264
260, 265
259, 266
259, 267
258, 268
258, 269
257, 270
257, 271
256, 272
256, 274
255, 275
255, 276
254, 277
254, 279
253, 280
253, 281
252, 282
252, 283
251, 284
251, 286
250, 287
250, 288
249, 289
249, 291
248, 292
248, 293
247, 294
246, 293
246, 292
245, 291
245, 290
246, 289
246, 276
247, 275
247, 269
248, 268
248, 266
251, 263
252, 263
255, 260
255, 259
259, 255
259, 254
261, 252
261, 251
263, 249
263, 248
264, 247
264, 246
265, 245
265, 244
266, 243
266, 242
267, 241
267, 240
268, 239
268, 238
269, 237
269, 235
270, 234
270, 233
271, 232
271, 230
272, 229
272, 228
273, 227
291, 224
292, 225
292, 227
293, 228
293, 231
294, 232
294, 234
295, 235
295, 236
296, 237
296, 238
297, 239
297, 240
298, 241
298, 242
300, 244
300, 245
302, 247
302, 248
309, 255
302, 262
301, 262
299, 264
298, 264
297, 265
295, 265
294, 266
285, 266
283, 264
283, 263
282, 262
282, 259
281, 258
281, 247
282, 246
282, 237
283, 236
283, 235
284, 234
284, 233
286, 231
286, 230
288, 228
288, 227
318, 196
319, 195
324, 199
324, 201
325, 202
325, 206
326, 207
326, 210
327, 211
327, 215
328, 216
327, 234
327, 237
326, 238
326, 239
325, 240
325, 241
322, 244
321, 244
314, 251
304, 243
304, 242
302, 240
302, 239
301, 238
301, 237
300, 236
300, 235
299, 234
299, 232
298, 231
298, 230
297, 229
297, 226
296, 225
297, 216
297, 215
302, 210
302, 209
311, 200
312, 200
314, 198
315, 198
317, 196
217, 186
220, 185
221, 186
222, 186
223, 187
224, 187
231, 194
231, 195
233, 197
233, 198
234, 199
234, 200
235, 201
235, 202
236, 203
236, 204
237, 205
237, 206
238, 207
238, 208
239, 209
239, 211
240, 212
240, 214
241, 215
241, 218
242, 234
241, 235
241, 238
240, 239
240, 241
239, 242
239, 244
238, 245
238, 246
237, 247
237, 248
236, 249
236, 250
234, 252
234, 253
222, 260
221, 259
219, 259
218, 258
217, 258
215, 256
214, 256
213, 255
212, 255
209, 252
209, 251
208, 250
208, 249
207, 248
207, 247
206, 246
206, 244
205, 243
205, 241
204, 240
204, 238
203, 237
203, 233
202, 232
202, 228
201, 227
201, 223
201, 221
201, 219
202, 218
202, 216
203, 215
203, 213
204, 212
204, 210
205, 209
205, 207
206, 206
206, 205
207, 204
207, 202
208, 201
208, 199
209, 198
209, 197
210, 196
210, 194
211, 193
211, 191
212, 190
212, 189
214, 187
215, 187
216, 186
202, 183
203, 183
204, 184
204, 185
203, 186
203, 188
202, 189
202, 192
201, 193
201, 194
199, 196
199, 197
198, 198
198, 199
197, 200
197, 202
196, 203
196, 206
195, 207
195, 223
194, 224
194, 226
193, 227
193, 229
192, 230
192, 232
191, 233
191, 234
190, 235
190, 237
189, 238
189, 239
188, 240
188, 242
187, 243
187, 244
186, 245
186, 246
184, 248
184, 249
182, 251
182, 252
180, 254
180, 255
179, 256
179, 257
178, 258
178, 259
177, 260
177, 262
176, 263
176, 264
175, 265
175, 267
174, 268
174, 269
173, 270
173, 272
172, 273
172, 274
171, 275
171, 277
170, 278
170, 279
169, 280
169, 282
168, 283
168, 284
167, 285
167, 286
166, 287
166, 289
165, 290
165, 291
164, 292
164, 294
163, 295
163, 296
162, 297
162, 299
161, 300
161, 301
160, 302
160, 304
159, 305
159, 307
158, 308
158, 309
157, 310
157, 312
156, 313
156, 315
155, 316
155, 318
154, 319
154, 321
153, 322
153, 324
152, 325
152, 327
151, 328
151, 330
150, 331
150, 334
149, 335
149, 336
148, 337
148, 339
147, 340
147, 342
146, 343
146, 344
145, 345
145, 346
144, 347
144, 348
142, 350
141, 350
140, 351
139, 350
138, 350
134, 346
134, 345
133, 344
133, 342
132, 341
132, 338
131, 337
131, 317
132, 316
132, 309
133, 308
133, 301
134, 300
134, 294
135, 293
135, 287
136, 286
136, 281
137, 280
137, 276
138, 275
138, 270
139, 269
139, 264
140, 263
140, 259
141, 258
141, 254
142, 253
142, 249
143, 248
143, 244
144, 243
144, 238
145, 237
145, 236
151, 230
151, 229
155, 225
155, 224
160, 219
160, 218
169, 209
170, 209
171, 210
173, 210
174, 209
174, 208
175, 207
175, 206
176, 205
176, 203
181, 198
182, 198
183, 197
184, 197
186, 195
189, 195
190, 194
191, 194
193, 192
194, 192
196, 190
196, 189
208, 180
210, 182
216, 165
217, 166
217, 167
216, 168
216, 169
215, 170
215, 171
214, 172
214, 173
213, 174
213, 175
212, 176
212, 177
211, 178
211, 179
209, 177
210, 176
210, 174
212, 172
212, 171
213, 170
213, 169
214, 168
214, 167
389, 139
393, 140
393, 141
394, 142
394, 149
395, 150
395, 152
396, 153
396, 156
397, 157
397, 173
396, 174
396, 178
395, 179
395, 180
394, 181
394, 182
393, 183
393, 184
392, 185
392, 186
391, 187
391, 188
390, 189
390, 190
389, 191
389, 193
388, 194
388, 195
387, 196
387, 197
386, 198
386, 199
385, 200
385, 201
384, 202
384, 203
383, 204
383, 205
382, 206
380, 209
380, 210
378, 212
378, 213
373, 218
373, 219
371, 221
371, 222
368, 225
368, 226
365, 229
365, 230
362, 233
362, 234
357, 239
357, 240
353, 244
353, 245
349, 249
349, 250
346, 253
346, 254
337, 263
336, 263
335, 264
328, 264
327, 263
326, 263
325, 262
324, 262
323, 261
317, 256
317, 254
319, 252
320, 252
329, 243
329, 242
330, 241
330, 240
331, 239
331, 237
332, 236
332, 232
333, 231
333, 220
332, 219
332, 213
331, 212
331, 208
330, 207
330, 204
329, 203
329, 200
328, 199
328, 197
327, 196
327, 195
324, 192
323, 192
322, 191
321, 191
337, 173
338, 173
340, 171
341, 171
342, 170
343, 170
344, 169
345, 169
346, 168
347, 168
348, 167
349, 167
350, 166
351, 166
353, 164
354, 164
355, 163
356, 163
357, 162
358, 162
359, 161
360, 161
362, 159
363, 159
364, 158
365, 158
366, 157
367, 157
369, 155
370, 155
371, 154
373, 154
374, 153
376, 153
378, 151
379, 151
379, 150
383, 146
383, 145
258, 112
260, 114
260, 118
261, 119
261, 124
262, 125
262, 132
263, 133
263, 148
262, 149
262, 178
261, 179
261, 193
260, 194
260, 200
259, 201
259, 207
258, 208
258, 212
257, 213
257, 215
256, 216
256, 217
255, 218
255, 219
254, 220
254, 221
253, 222
253, 224
252, 225
252, 226
251, 227
251, 228
249, 230
249, 231
248, 232
248, 233
246, 235
245, 234
245, 231
246, 230
246, 222
245, 221
245, 216
244, 215
244, 213
243, 212
243, 210
242, 209
242, 207
241, 206
241, 205
240, 204
240, 203
239, 202
239, 201
238, 200
238, 199
237, 198
237, 197
235, 195
235, 194
233, 192
233, 191
226, 184
225, 184
224, 183
223, 183
222, 182
216, 182
215, 181
215, 180
216, 179
216, 178
217, 177
217, 176
218, 175
218, 174
219, 173
219, 172
220, 171
220, 170
221, 169
221, 168
223, 166
223, 165
224, 164
224, 163
226, 161
226, 160
227, 159
227, 158
228, 157
228, 156
230, 154
230, 153
231, 152
231, 151
232, 150
232, 149
234, 147
234, 146
235, 145
235, 144
236, 143
236, 142
237, 141
237, 140
239, 138
239, 137
240, 136
240, 135
241, 134
241, 133
242, 132
242, 131
244, 129
244, 128
247, 125
247, 124
255, 116
255, 115
300, 110
301, 109
302, 112
301, 113
301, 116
300, 117
300, 120
299, 121
299, 124
298, 125
298, 128
297, 129
297, 133
296, 134
296, 137
295, 138
295, 141
294, 142
294, 146
293, 147
293, 150
292, 151
292, 155
291, 156
291, 159
290, 160
290, 163
289, 164
289, 167
288, 168
288, 171
287, 172
287, 175
286, 176
286, 180
285, 181
285, 185
284, 186
284, 190
283, 191
283, 195
282, 196
282, 198
281, 199
281, 200
280, 201
280, 202
279, 203
279, 204
278, 205
278, 206
277, 207
277, 208
276, 209
276, 210
274, 212
274, 213
273, 214
273, 216
272, 217
272, 218
271, 219
271, 220
270, 221
270, 222
269, 223
269, 225
268, 226
268, 227
267, 228
267, 230
266, 231
266, 232
265, 233
265, 234
264, 235
264, 237
263, 238
263, 239
262, 240
262, 241
261, 242
261, 243
260, 244
260, 245
258, 247
258, 248
257, 249
257, 250
254, 253
254, 254
251, 257
250, 256
250, 254
251, 253
251, 250
252, 249
252, 247
253, 246
253, 243
254, 242
254, 240
255, 239
255, 237
256, 236
256, 233
257, 232
257, 230
258, 229
258, 227
259, 226
259, 223
260, 222
260, 220
261, 219
261, 217
262, 216
262, 214
263, 213
263, 211
264, 210
264, 208
265, 207
265, 205
266, 204
266, 201
267, 200
267, 197
268, 196
268, 193
269, 192
269, 189
270, 188
270, 185
271, 184
271, 181
272, 180
272, 177
273, 176
273, 174
274, 173
274, 171
275, 170
275, 168
276, 167
276, 165
277, 164
277, 162
278, 161
278, 159
279, 158
279, 156
280, 155
280, 154
281, 153
281, 151
282, 150
282, 149
283, 148
283, 146
284, 145
284, 143
285, 142
285, 141
286, 140
286, 139
287, 138
287, 137
288, 136
288, 134
289, 133
289, 132
290, 131
290, 130
291, 129
291, 128
292, 127
292, 126
293, 125
293, 124
294, 123
294, 122
295, 121
295, 120
296, 119
296, 118
297, 117
297, 116
298, 115
298, 114
299, 113
299, 112
300, 111
303, 108
301, 109
320, 92
321, 92
322, 93
322, 95
323, 96
323, 97
324, 98
324, 102
325, 103
325, 113
324, 114
324, 118
323, 119
323, 121
322, 122
322, 125
321, 126
321, 129
320, 130
320, 132
319, 133
319, 136
318, 137
318, 139
317, 140
317, 141
316, 142
316, 144
315, 145
315, 146
314, 147
314, 148
313, 149
313, 150
311, 152
311, 153
310, 154
310, 155
309, 156
309, 157
308, 158
308, 159
307, 160
307, 161
306, 162
306, 163
305, 164
305, 165
303, 167
303, 168
300, 171
300, 172
295, 177
295, 178
291, 182
290, 181
290, 179
291, 178
291, 175
292, 174
292, 171
293, 170
293, 167
294, 166
294, 162
295, 161
295, 158
296, 157
296, 154
297, 153
297, 149
298, 148
298, 145
299, 144
299, 141
300, 140
300, 136
301, 135
301, 132
302, 131
302, 127
303, 126
303, 123
304, 122
304, 119
305, 118
305, 116
306, 115
306, 113
307, 112
307, 110
308, 109
308, 108
309, 107
309, 106
310, 105
310, 104
312, 102
312, 101
315, 98
315, 97
142, 81
143, 82
143, 83
142, 84
142, 85
141, 86
141, 87
140, 88
140, 89
139, 90
139, 91
138, 92
138, 93
137, 94
137, 95
136, 96
136, 97
135, 98
135, 99
134, 100
134, 101
133, 102
133, 103
132, 104
132, 105
131, 106
131, 107
130, 108
130, 109
129, 110
128, 109
128, 107
129, 106
129, 102
130, 101
130, 99
131, 98
131, 95
132, 94
132, 93
133, 92
133, 91
135, 89
135, 88
242, 78
243, 77
247, 81
247, 82
249, 84
249, 85
250, 86
250, 87
251, 88
251, 89
252, 90
252, 91
253, 92
253, 93
254, 94
254, 97
255, 98
255, 100
256, 101
256, 103
257, 104
257, 105
256, 106
256, 107
253, 110
253, 111
248, 116
248, 117
241, 124
241, 125
239, 127
239, 128
238, 129
238, 130
237, 131
237, 132
236, 133
236, 134
234, 136
234, 137
233, 138
233, 139
232, 140
232, 141
231, 142
231, 143
229, 145
229, 146
228, 147
228, 148
227, 149
227, 150
225, 152
225, 153
224, 154
224, 155
223, 156
223, 157
221, 159
221, 160
220, 161
217, 158
216, 158
215, 159
214, 159
213, 160
213, 161
211, 163
211, 164
210, 165
210, 166
209, 167
209, 168
208, 169
208, 170
207, 171
207, 172
205, 174
205, 175
194, 186
193, 186
192, 187
190, 187
189, 188
188, 188
187, 189
186, 189
183, 192
181, 192
180, 193
178, 193
175, 196
175, 197
168, 204
167, 204
161, 210
161, 211
155, 217
155, 218
151, 222
151, 223
149, 225
148, 224
148, 222
149, 221
149, 219
150, 218
150, 216
151, 215
151, 213
152, 212
152, 210
153, 209
153, 207
154, 206
154, 204
155, 203
155, 201
156, 200
156, 198
157, 197
157, 196
158, 195
158, 193
159, 192
159, 190
160, 189
160, 188
161, 187
161, 186
162, 185
162, 183
163, 182
163, 181
164, 180
164, 178
165, 177
165, 176
166, 175
166, 174
167, 173
167, 172
168, 171
168, 169
169, 168
169, 167
170, 166
170, 165
171, 164
171, 163
172, 162
172, 160
174, 158
174, 157
175, 156
175, 155
176, 154
176, 153
177, 152
177, 151
178, 150
178, 149
179, 148
179, 147
180, 146
180, 145
181, 144
181, 143
182, 142
182, 141
183, 140
183, 139
185, 137
185, 136
186, 135
186, 134
188, 132
188, 131
189, 130
189, 129
191, 127
191, 126
193, 124
193, 123
198, 118
198, 117
205, 110
206, 110
209, 107
210, 107
217, 100
218, 100
224, 94
225, 94
230, 89
231, 89
238, 82
238, 81
241, 78
322, 42
323, 43
323, 45
322, 46
322, 47
321, 48
321, 49
320, 50
320, 51
319, 52
319, 53
318, 54
318, 55
317, 56
317, 57
316, 58
316, 60
315, 61
315, 62
314, 63
314, 64
313, 65
313, 67
312, 68
312, 70
311, 71
311, 73
310, 74
310, 75
309, 76
309, 78
308, 79
308, 81
307, 82
307, 84
306, 85
306, 87
305, 88
305, 89
304, 90
304, 92
303, 93
303, 94
302, 95
302, 97
301, 98
301, 99
300, 100
300, 101
299, 102
299, 103
298, 104
298, 105
296, 107
296, 108
295, 109
295, 110
294, 111
294, 112
293, 113
293, 114
292, 115
292, 116
291, 117
291, 118
290, 119
290, 120
289, 121
289, 122
288, 123
288, 124
287, 125
287, 127
286, 128
286, 129
285, 130
285, 131
284, 132
284, 133
283, 134
283, 136
282, 137
282, 138
281, 139
281, 140
280, 141
280, 143
279, 144
279, 145
278, 146
278, 148
277, 149
277, 150
276, 151
276, 153
275, 154
275, 156
274, 157
274, 159
273, 160
273, 162
272, 163
272, 164
271, 165
271, 167
270, 168
270, 170
269, 171
269, 174
268, 175
268, 177
267, 178
266, 177
266, 164
267, 163
267, 128
266, 127
266, 121
265, 120
265, 116
264, 115
264, 112
263, 111
263, 108
262, 107
262, 106
264, 104
264, 103
266, 101
266, 100
268, 98
268, 97
283, 82
284, 82
294, 72
295, 72
300, 67
300, 66
305, 61
305, 60
313, 52
313, 51
315, 49
316, 49
318, 47
318, 46
