232, 2
234, 367
4, 369
2, 4
92, 15
91, 16
87, 16
86, 17
83, 17
82, 18
80, 18
79, 19
77, 19
76, 20
75, 20
74, 21
73, 21
71, 23
70, 23
69, 24
68, 24
66, 26
65, 26
56, 35
56, 36
53, 39
53, 40
51, 42
51, 43
50, 44
50, 45
48, 47
48, 48
46, 50
46, 51
45, 52
45, 53
44, 54
44, 55
42, 57
42, 58
41, 59
41, 60
40, 61
40, 62
39, 63
39, 64
38, 65
38, 66
37, 67
37, 68
35, 70
35, 71
34, 72
34, 73
33, 74
33, 75
32, 76
32, 77
31, 78
31, 79
30, 80
30, 81
29, 82
29, 83
28, 84
28, 85
27, 86
27, 87
26, 88
26, 89
25, 90
25, 92
24, 93
24, 94
23, 95
23, 97
22, 98
22, 99
21, 100
21, 102
20, 103
20, 105
19, 106
19, 109
18, 110
18, 112
17, 113
17, 116
16, 117
16, 121
15, 122
15, 126
14, 127
14, 131
13, 132
13, 137
12, 138
12, 145
11, 146
11, 155
10, 156
10, 197
11, 198
11, 209
12, 210
12, 216
13, 217
13, 222
14, 223
14, 226
15, 227
15, 229
16, 230
16, 232
17, 233
17, 235
18, 236
18, 237
19, 238
19, 240
20, 241
20, 242
21, 243
21, 244
23, 246
23, 247
25, 249
25, 250
28, 253
28, 254
33, 259
33, 260
43, 270
44, 270
45, 271
46, 271
47, 272
48, 272
49, 273
50, 273
51, 274
54, 274
55, 275
68, 275
69, 274
73, 274
74, 273
75, 273
76, 272
78, 272
79, 271
81, 271
82, 270
84, 270
85, 269
86, 269
87, 268
88, 268
90, 266
91, 266
93, 264
94, 264
97, 261
98, 261
106, 253
107, 253
132, 228
133, 228
143, 218
144, 218
145, 219
145, 220
144, 221
144, 246
145, 247
145, 250
146, 251
146, 254
147, 255
147, 256
148, 257
148, 258
149, 259
149, 260
151, 262
152, 262
153, 263
158, 263
159, 262
160, 262
164, 258
165, 259
165, 261
164, 262
164, 264
163, 265
163, 267
162, 268
162, 270
161, 271
161, 273
160, 274
160, 276
159, 277
159, 278
158, 279
158, 280
157, 281
157, 283
156, 284
156, 285
155, 286
155, 287
154, 288
154, 289
153, 290
153, 292
152, 293
152, 294
151, 295
151, 296
150, 297
150, 298
149, 299
149, 301
148, 302
148, 303
146, 305
146, 306
145, 307
144, 307
141, 304
140, 304
138, 302
137, 302
134, 299
133, 299
132, 298
131, 298
129, 296
128, 296
126, 294
125, 294
124, 293
123, 293
122, 292
121, 292
120, 291
119, 291
118, 290
116, 290
115, 289
114, 289
113, 288
111, 288
110, 287
109, 287
108, 286
106, 286
105, 285
102, 285
101, 284
98, 284
97, 283
94, 283
93, 282
87, 282
86, 281
63, 281
62, 282
58, 282
57, 283
54, 283
53, 284
51, 284
50, 285
49, 285
48, 286
47, 286
46, 287
45, 287
44, 288
43, 288
41, 290
40, 290
32, 298
32, 299
30, 301
30, 302
28, 304
28, 305
27, 306
27, 307
26, 308
26, 309
25, 310
25, 311
24, 312
24, 314
23, 315
23, 330
24, 331
24, 333
25, 334
25, 335
26, 336
26, 337
30, 341
30, 342
31, 342
35, 346
36, 346
38, 348
39, 348
40, 349
41, 349
42, 350
43, 350
44, 351
46, 351
47, 352
49, 352
50, 353
52, 353
53, 354
72, 354
73, 353
77, 353
78, 352
80, 352
81, 351
85, 351
86, 350
88, 350
89, 349
91, 349
92, 348
96, 348
97, 347
100, 347
101, 346
106, 346
107, 345
110, 345
111, 344
114, 344
115, 343
117, 343
118, 342
119, 342
120, 341
122, 341
124, 339
125, 339
127, 337
128, 337
136, 329
136, 328
139, 325
139, 324
141, 322
141, 321
143, 319
143, 318
144, 317
144, 316
146, 314
148, 314
154, 320
155, 320
160, 325
161, 325
163, 327
164, 327
166, 329
167, 329
168, 330
169, 330
170, 331
171, 331
172, 332
173, 332
174, 333
175, 333
176, 334
179, 334
180, 335
184, 335
185, 336
199, 336
200, 335
202, 335
203, 334
205, 334
207, 332
208, 332
211, 329
212, 329
221, 320
222, 320
225, 317
225, 315
224, 314
222, 314
209, 327
208, 327
205, 330
204, 330
203, 331
202, 331
201, 332
198, 332
197, 333
186, 333
185, 332
181, 332
180, 331
178, 331
177, 330
175, 330
174, 329
173, 329
172, 328
171, 328
170, 327
169, 327
167, 325
166, 325
164, 323
163, 323
159, 319
158, 319
152, 313
151, 313
148, 310
148, 309
149, 308
149, 307
150, 306
150, 305
151, 304
151, 303
152, 302
152, 301
153, 300
153, 298
154, 297
154, 296
155, 295
155, 294
156, 293
156, 292
157, 291
157, 289
158, 288
158, 287
159, 286
159, 285
160, 284
160, 283
161, 282
161, 280
162, 279
162, 278
163, 277
163, 275
164, 274
164, 273
165, 272
165, 270
166, 269
166, 267
167, 266
167, 263
168, 262
168, 260
169, 259
169, 257
170, 256
170, 254
171, 253
171, 251
172, 250
172, 248
174, 246
174, 245
175, 244
175, 243
176, 242
176, 241
177, 240
177, 239
178, 238
178, 237
179, 236
179, 234
180, 233
180, 232
181, 231
181, 228
182, 227
182, 225
183, 224
183, 222
184, 221
184, 217
185, 216
185, 212
186, 211
186, 206
187, 205
187, 203
189, 201
189, 197
188, 196
188, 192
187, 191
187, 189
186, 188
186, 185
185, 184
185, 182
184, 181
184, 179
183, 178
183, 177
182, 176
182, 175
181, 174
181, 173
179, 171
178, 171
177, 170
176, 170
175, 171
173, 171
170, 174
169, 174
166, 177
165, 177
162, 180
162, 181
157, 186
157, 187
155, 189
155, 190
153, 192
153, 193
152, 194
152, 195
151, 196
151, 197
150, 198
150, 200
149, 201
149, 202
148, 203
148, 205
147, 206
147, 208
146, 209
146, 210
128, 228
127, 228
125, 230
125, 231
123, 233
122, 233
103, 252
102, 252
94, 260
93, 260
91, 262
90, 262
88, 264
87, 264
86, 265
85, 265
84, 266
83, 266
82, 267
81, 267
80, 268
78, 268
77, 269
75, 269
74, 270
72, 270
71, 271
68, 271
67, 272
56, 272
55, 271
52, 271
51, 270
50, 270
49, 269
48, 269
47, 268
46, 268
35, 257
35, 256
30, 251
30, 250
27, 247
27, 246
25, 244
25, 243
24, 242
24, 241
23, 240
23, 239
22, 238
22, 237
21, 236
21, 235
20, 234
20, 232
19, 231
19, 229
18, 228
18, 226
17, 225
17, 222
16, 221
16, 216
15, 215
15, 208
14, 207
14, 196
13, 195
13, 159
14, 158
14, 148
15, 147
15, 140
16, 139
16, 134
17, 133
17, 128
18, 127
18, 123
19, 122
19, 119
20, 118
20, 115
21, 114
21, 111
22, 110
22, 107
23, 106
23, 104
24, 103
24, 102
25, 101
25, 99
26, 98
26, 96
27, 95
27, 94
28, 93
28, 92
29, 91
29, 89
30, 88
30, 87
31, 86
31, 85
32, 84
32, 83
33, 82
33, 81
34, 80
34, 79
35, 78
35, 77
36, 76
36, 75
38, 73
38, 72
39, 71
39, 70
40, 69
40, 68
41, 67
41, 66
42, 65
42, 64
44, 62
44, 61
45, 60
45, 59
46, 58
46, 57
47, 56
47, 55
48, 54
48, 53
50, 51
50, 50
52, 48
52, 47
53, 46
53, 45
55, 43
55, 42
58, 39
58, 38
68, 28
69, 28
71, 26
72, 26
73, 25
74, 25
75, 24
76, 24
77, 23
78, 23
79, 22
80, 22
81, 21
83, 21
84, 20
87, 20
88, 19
102, 19
103, 20
105, 20
106, 21
107, 21
108, 22
109, 22
110, 23
111, 23
121, 33
121, 34
124, 37
124, 38
125, 39
125, 40
127, 42
127, 43
128, 44
128, 45
129, 46
129, 48
130, 49
130, 50
131, 51
131, 52
132, 53
132, 55
133, 56
133, 57
134, 58
134, 60
135, 61
135, 64
136, 65
136, 68
137, 69
137, 72
138, 73
138, 77
139, 78
139, 84
140, 85
140, 99
141, 100
141, 109
140, 110
140, 126
139, 127
139, 133
138, 134
138, 138
137, 139
137, 143
136, 144
136, 147
135, 148
135, 151
134, 152
134, 155
133, 156
133, 159
132, 160
132, 162
131, 163
131, 165
130, 166
130, 168
129, 169
129, 170
128, 171
128, 173
127, 174
127, 175
126, 176
126, 177
125, 178
125, 180
124, 181
124, 182
123, 183
123, 184
122, 185
122, 186
121, 187
121, 188
119, 190
119, 191
118, 192
118, 193
117, 194
117, 195
115, 197
115, 198
114, 199
114, 200
112, 202
112, 203
110, 205
110, 206
108, 208
108, 209
105, 212
105, 213
100, 218
99, 218
98, 219
92, 219
91, 218
89, 218
88, 217
86, 217
84, 215
83, 215
82, 214
81, 214
72, 205
72, 204
71, 203
71, 202
70, 201
70, 199
69, 198
69, 188
68, 187
68, 185
69, 184
69, 174
70, 173
70, 170
71, 169
71, 166
72, 165
72, 164
73, 163
73, 161
75, 159
75, 158
77, 156
77, 155
78, 154
78, 153
80, 151
80, 150
82, 148
82, 147
84, 145
84, 144
86, 142
86, 141
88, 139
88, 138
90, 136
90, 135
91, 134
91, 133
94, 130
94, 129
96, 127
96, 126
98, 124
98, 123
101, 120
101, 119
102, 118
102, 117
104, 115
104, 113
105, 112
105, 111
106, 110
106, 109
107, 108
107, 106
108, 105
108, 104
109, 103
109, 100
108, 99
106, 99
105, 100
104, 100
99, 105
99, 106
96, 109
96, 110
95, 111
95, 112
93, 114
93, 115
91, 117
91, 118
90, 119
90, 120
89, 121
89, 122
87, 124
87, 125
86, 126
86, 127
85, 128
85, 129
84, 130
84, 131
82, 133
82, 134
81, 135
81, 136
80, 137
80, 138
79, 139
79, 140
78, 141
78, 142
77, 143
77, 144
76, 145
76, 146
75, 147
75, 148
74, 149
74, 151
73, 152
73, 153
72, 154
72, 155
71, 156
71, 158
70, 159
70, 160
69, 161
69, 162
67, 164
67, 165
66, 166
66, 167
64, 169
64, 170
63, 171
62, 170
62, 164
63, 163
63, 156
64, 155
64, 149
65, 148
65, 142
66, 141
66, 135
67, 134
67, 129
68, 128
68, 122
69, 121
69, 115
70, 114
70, 107
71, 106
71, 99
72, 98
72, 92
73, 91
73, 84
74, 83
74, 78
75, 77
75, 71
76, 70
76, 64
77, 63
77, 58
78, 57
78, 52
79, 51
79, 48
80, 47
80, 43
81, 42
81, 41
79, 39
77, 41
77, 44
76, 45
76, 50
75, 51
75, 55
74, 56
74, 62
73, 63
73, 68
72, 69
72, 75
71, 76
71, 82
70, 83
70, 89
69, 90
69, 97
68, 98
68, 105
67, 106
67, 113
66, 114
66, 120
65, 121
65, 126
64, 127
64, 133
63, 134
63, 140
62, 141
62, 147
61, 148
61, 153
60, 154
60, 161
59, 162
59, 169
58, 170
58, 176
57, 177
57, 183
56, 184
56, 188
55, 189
55, 193
54, 194
54, 198
53, 199
53, 203
52, 204
52, 210
51, 211
51, 219
50, 220
50, 229
49, 230
49, 240
50, 241
51, 241
52, 240
52, 239
53, 238
53, 234
54, 233
54, 226
55, 225
55, 218
56, 217
56, 210
57, 209
57, 202
58, 201
58, 194
59, 193
59, 187
60, 186
60, 184
61, 183
61, 181
63, 179
63, 178
65, 176
66, 177
66, 180
65, 181
65, 191
66, 192
66, 199
67, 200
67, 202
68, 203
68, 205
70, 207
70, 208
78, 216
79, 216
80, 217
81, 217
83, 219
84, 219
85, 220
86, 220
87, 221
89, 221
90, 222
100, 222
102, 220
103, 220
107, 216
107, 215
110, 212
110, 211
112, 209
112, 208
114, 206
114, 205
116, 203
116, 202
118, 200
118, 199
119, 198
119, 197
120, 196
120, 195
122, 193
122, 192
123, 191
123, 190
124, 189
124, 188
125, 187
125, 186
126, 185
126, 184
127, 183
127, 182
128, 181
128, 180
129, 179
129, 177
130, 176
130, 175
131, 174
131, 173
132, 172
132, 170
133, 169
133, 167
134, 166
134, 164
135, 163
135, 161
136, 160
136, 157
137, 156
137, 153
138, 152
138, 150
139, 149
139, 145
140, 144
140, 141
141, 140
141, 135
142, 134
142, 128
143, 127
143, 118
144, 117
144, 96
143, 95
143, 83
142, 82
142, 77
141, 76
141, 72
140, 71
140, 67
139, 66
139, 64
138, 63
138, 60
137, 59
137, 57
136, 56
136, 54
135, 53
135, 52
134, 51
134, 50
133, 49
133, 47
132, 46
132, 45
131, 44
131, 43
130, 42
130, 41
129, 40
129, 39
127, 37
127, 36
126, 35
126, 34
123, 31
123, 30
114, 21
113, 21
112, 20
111, 20
109, 18
107, 18
106, 17
104, 17
103, 16
98, 16
97, 15
63, 285
85, 284
86, 285
92, 285
93, 286
96, 286
97, 287
100, 287
101, 288
104, 288
105, 289
106, 289
107, 290
109, 290
110, 291
112, 291
113, 292
114, 292
115, 293
117, 293
118, 294
119, 294
120, 295
121, 295
122, 296
123, 296
125, 298
126, 298
128, 300
129, 300
130, 301
131, 301
134, 304
135, 304
137, 306
138, 306
143, 312
142, 313
142, 314
141, 315
141, 316
139, 318
139, 319
137, 321
137, 322
134, 325
134, 326
125, 335
124, 335
122, 337
121, 337
120, 338
119, 338
118, 339
117, 339
116, 340
114, 340
113, 341
110, 341
109, 342
105, 342
104, 343
100, 343
99, 344
95, 344
94, 345
91, 345
90, 346
88, 346
87, 347
84, 347
83, 348
80, 348
79, 349
76, 349
75, 350
72, 350
54, 351
53, 350
51, 350
50, 349
48, 349
47, 348
46, 348
45, 347
43, 347
41, 345
40, 345
39, 344
38, 344
35, 341
34, 341
31, 338
31, 337
28, 334
28, 333
27, 332
27, 330
26, 317
27, 316
27, 313
28, 312
28, 311
29, 310
29, 309
30, 308
30, 307
32, 305
32, 304
34, 302
34, 301
43, 292
44, 292
46, 290
47, 290
48, 289
49, 289
50, 288
51, 288
52, 287
54, 287
55, 286
58, 286
59, 285
174, 176
176, 176
179, 179
179, 180
180, 181
180, 182
181, 183
181, 184
182, 185
182, 187
183, 188
183, 190
182, 191
182, 193
181, 194
181, 196
180, 197
180, 201
179, 202
179, 205
178, 206
178, 211
177, 212
177, 216
176, 217
176, 221
175, 222
175, 226
174, 227
174, 230
173, 231
173, 235
172, 236
172, 239
171, 240
171, 242
170, 243
170, 245
169, 246
169, 247
166, 250
166, 251
158, 259
157, 259
156, 260
154, 260
151, 257
151, 256
150, 255
150, 254
149, 253
149, 250
148, 249
148, 246
147, 245
147, 222
148, 221
148, 215
149, 214
149, 212
150, 211
150, 210
153, 207
153, 206
157, 202
157, 201
159, 199
159, 198
161, 196
161, 195
162, 194
162, 193
164, 191
164, 190
166, 188
166, 187
167, 186
167, 185
168, 184
168, 183
170, 181
170, 180
101, 109
102, 110
102, 111
101, 112
101, 113
100, 114
100, 115
98, 117
98, 118
96, 120
96, 121
94, 123
94, 124
91, 124
92, 123
92, 122
94, 120
94, 119
95, 118
95, 117
97, 115
97, 114
98, 113
98, 112
