4, 2
496, 4
494, 351
2, 349
415, 198
414, 199
413, 199
411, 201
411, 202
412, 203
412, 204
414, 206
415, 206
417, 208
418, 208
419, 209
420, 209
421, 210
422, 210
423, 211
424, 211
425, 212
426, 212
427, 213
429, 213
430, 214
431, 214
432, 215
433, 215
434, 216
435, 216
436, 217
437, 217
438, 218
439, 218
440, 219
441, 219
442, 220
443, 220
444, 221
445, 221
446, 222
448, 222
449, 223
450, 223
451, 224
452, 224
453, 225
455, 225
456, 226
457, 226
458, 227
460, 227
461, 228
463, 228
464, 229
468, 229
469, 230
474, 230
475, 229
476, 229
477, 228
477, 225
475, 223
473, 223
472, 224
471, 224
470, 223
466, 223
465, 222
463, 222
462, 221
460, 221
459, 220
458, 220
457, 219
455, 219
454, 218
453, 218
452, 217
451, 217
450, 216
449, 216
448, 215
447, 215
446, 214
444, 214
443, 213
442, 213
441, 212
440, 212
439, 211
438, 211
437, 210
436, 210
435, 209
434, 209
433, 208
432, 208
431, 207
430, 207
429, 206
427, 206
426, 205
425, 205
424, 204
423, 204
422, 203
421, 203
418, 200
417, 200
36, 15
35, 16
35, 39
36, 40
36, 48
37, 49
37, 56
38, 57
38, 63
39, 64
39, 69
40, 70
40, 75
41, 76
41, 81
42, 82
42, 86
43, 87
43, 92
44, 93
44, 97
45, 98
45, 102
46, 103
46, 106
47, 107
47, 111
48, 112
48, 115
49, 116
49, 119
50, 120
50, 123
51, 124
51, 127
52, 128
52, 131
53, 132
53, 135
54, 136
54, 138
55, 139
55, 142
56, 143
56, 146
57, 147
57, 152
58, 153
58, 160
59, 161
59, 167
60, 168
60, 175
61, 176
61, 183
62, 184
59, 187
58, 187
57, 188
55, 188
54, 189
53, 189
52, 190
51, 190
50, 191
49, 191
47, 193
46, 193
44, 195
43, 195
40, 198
39, 198
32, 205
32, 206
29, 209
29, 210
28, 211
28, 212
26, 214
26, 215
25, 216
25, 218
24, 219
24, 220
23, 221
23, 224
22, 225
22, 230
21, 231
21, 234
22, 235
22, 241
23, 242
23, 244
24, 245
24, 247
25, 248
25, 249
26, 250
26, 251
28, 253
28, 254
31, 257
31, 258
46, 273
47, 273
50, 276
51, 276
54, 279
55, 279
57, 281
58, 281
60, 283
61, 283
63, 285
64, 285
65, 286
66, 286
67, 287
68, 287
69, 288
70, 288
71, 289
72, 289
75, 292
75, 296
76, 297
76, 304
77, 305
77, 312
78, 313
78, 315
79, 316
81, 316
81, 311
80, 310
80, 303
79, 302
79, 295
80, 294
81, 294
82, 295
83, 295
84, 296
85, 296
86, 297
87, 297
88, 298
89, 298
90, 299
92, 299
93, 300
94, 300
95, 301
96, 301
97, 302
98, 302
99, 303
100, 303
101, 304
102, 304
103, 305
104, 305
105, 306
106, 306
107, 307
109, 307
110, 308
111, 308
112, 309
113, 309
114, 310
115, 310
116, 311
117, 311
118, 312
120, 312
121, 313
122, 313
123, 314
124, 314
125, 315
127, 315
128, 316
129, 316
130, 317
132, 317
133, 318
134, 318
135, 319
136, 319
137, 320
139, 320
140, 321
141, 321
142, 322
144, 322
145, 323
147, 323
148, 324
150, 324
151, 325
153, 325
154, 326
156, 326
157, 327
159, 327
160, 328
162, 328
163, 329
166, 329
167, 330
170, 330
171, 331
174, 331
175, 332
178, 332
179, 333
183, 333
184, 334
190, 334
191, 335
200, 335
201, 336
218, 336
219, 337
259, 337
260, 336
266, 336
267, 335
270, 335
271, 334
274, 334
275, 333
276, 333
277, 332
278, 332
279, 331
280, 331
281, 330
282, 330
285, 327
286, 327
291, 322
291, 321
293, 319
293, 318
295, 316
295, 315
296, 314
296, 313
297, 312
297, 311
298, 310
298, 308
299, 307
299, 306
300, 305
300, 303
301, 302
301, 301
302, 300
302, 297
303, 296
303, 294
304, 293
304, 290
305, 289
305, 285
306, 284
306, 279
307, 278
307, 271
308, 270
308, 255
307, 254
307, 248
306, 247
306, 244
305, 243
305, 241
304, 240
304, 238
303, 237
303, 235
302, 234
302, 233
301, 232
301, 231
300, 230
300, 229
299, 228
299, 227
298, 226
298, 225
297, 224
297, 223
295, 221
295, 220
296, 219
297, 219
298, 220
300, 220
301, 221
303, 221
304, 222
306, 222
307, 223
309, 223
310, 224
311, 224
312, 225
314, 225
315, 226
317, 226
318, 227
319, 227
320, 228
322, 228
323, 229
324, 229
325, 230
327, 230
328, 231
329, 231
330, 232
331, 232
332, 233
334, 233
335, 234
336, 234
337, 235
338, 235
339, 236
340, 236
341, 237
342, 237
343, 238
344, 238
345, 239
346, 239
347, 240
348, 240
349, 241
350, 241
353, 244
353, 246
354, 247
354, 250
355, 251
355, 255
356, 256
356, 262
357, 263
357, 270
358, 271
358, 278
359, 279
359, 285
360, 286
360, 288
361, 289
361, 291
362, 292
362, 293
366, 297
367, 297
368, 298
372, 298
375, 295
375, 294
376, 293
376, 291
377, 290
377, 287
378, 286
378, 275
377, 274
377, 270
376, 269
376, 266
375, 265
375, 263
374, 262
374, 261
373, 260
373, 259
372, 258
372, 257
371, 256
371, 255
368, 252
368, 251
363, 246
362, 246
359, 243
358, 243
355, 240
355, 237
354, 236
354, 233
353, 232
353, 229
352, 228
352, 226
351, 225
351, 222
350, 221
350, 218
349, 217
349, 215
348, 214
348, 211
347, 210
347, 207
346, 206
346, 204
345, 203
345, 200
344, 199
344, 197
343, 196
343, 193
344, 192
348, 196
349, 196
355, 202
356, 202
360, 206
361, 206
364, 209
365, 209
367, 211
368, 211
370, 213
371, 213
372, 214
373, 214
375, 216
376, 216
377, 217
378, 217
379, 218
380, 218
381, 219
383, 219
384, 220
388, 220
389, 219
389, 218
388, 217
387, 217
386, 216
382, 216
381, 215
380, 215
378, 213
377, 213
376, 212
375, 212
373, 210
372, 210
371, 209
370, 209
367, 206
366, 206
363, 203
362, 203
358, 199
357, 199
352, 194
351, 194
340, 183
340, 182
339, 181
339, 178
338, 177
338, 175
337, 174
337, 172
336, 171
336, 168
335, 167
335, 165
334, 164
334, 162
333, 161
333, 158
332, 157
332, 155
331, 154
331, 152
330, 151
330, 149
329, 148
329, 146
328, 145
328, 143
327, 142
327, 140
326, 139
326, 137
325, 136
325, 135
324, 134
324, 133
323, 132
323, 130
322, 129
322, 128
321, 127
321, 126
320, 125
320, 124
318, 122
318, 121
316, 119
316, 118
314, 116
314, 115
306, 107
305, 107
303, 105
302, 105
301, 104
299, 104
298, 103
296, 103
295, 102
292, 102
291, 103
288, 103
285, 106
285, 107
284, 108
284, 118
285, 119
285, 122
286, 123
286, 125
287, 126
287, 127
288, 128
288, 129
289, 130
289, 131
290, 132
290, 133
291, 134
291, 135
292, 136
292, 137
294, 139
294, 140
296, 142
296, 143
301, 148
301, 149
323, 171
323, 172
332, 181
333, 181
337, 185
337, 186
338, 187
338, 190
339, 191
339, 194
340, 195
340, 197
341, 198
341, 201
342, 202
342, 204
343, 205
343, 208
344, 209
344, 212
345, 213
345, 215
346, 216
346, 219
347, 220
347, 223
348, 224
348, 226
349, 227
349, 230
350, 231
350, 234
351, 235
351, 236
350, 237
349, 237
348, 236
347, 236
346, 235
345, 235
344, 234
342, 234
341, 233
340, 233
339, 232
338, 232
337, 231
336, 231
335, 230
334, 230
333, 229
332, 229
331, 228
329, 228
328, 227
327, 227
326, 226
324, 226
323, 225
322, 225
321, 224
319, 224
318, 223
317, 223
316, 222
314, 222
313, 221
311, 221
310, 220
309, 220
308, 219
306, 219
305, 218
303, 218
302, 217
300, 217
299, 216
297, 216
296, 215
294, 215
293, 214
292, 214
288, 210
288, 209
286, 207
286, 206
283, 203
283, 202
280, 199
280, 198
265, 183
264, 183
262, 181
261, 181
260, 180
259, 180
258, 179
256, 179
255, 178
246, 178
245, 179
244, 179
241, 182
241, 183
240, 184
240, 185
239, 186
239, 192
238, 193
238, 194
239, 195
239, 198
238, 199
235, 199
232, 196
232, 195
231, 194
231, 192
230, 191
230, 190
229, 189
229, 187
228, 186
228, 184
227, 183
227, 181
226, 180
226, 178
225, 177
225, 176
224, 175
224, 173
223, 172
223, 171
222, 170
222, 169
221, 168
220, 168
219, 169
219, 173
220, 174
220, 177
221, 178
221, 181
222, 182
222, 183
223, 184
223, 186
224, 187
224, 188
225, 189
225, 190
226, 191
226, 192
227, 193
227, 194
228, 195
228, 196
227, 197
225, 197
224, 196
220, 196
219, 195
215, 195
214, 194
209, 194
208, 193
204, 193
203, 192
198, 192
197, 191
192, 191
191, 190
190, 190
189, 189
189, 188
188, 187
188, 186
187, 185
187, 184
185, 182
185, 181
183, 179
183, 178
181, 176
181, 175
178, 172
177, 172
176, 171
174, 171
173, 170
172, 170
171, 171
170, 171
169, 172
169, 174
168, 175
168, 185
166, 187
165, 187
164, 186
158, 186
157, 185
151, 185
150, 184
142, 184
141, 183
136, 183
134, 181
134, 180
131, 177
131, 176
128, 173
127, 173
126, 172
125, 172
124, 171
121, 171
120, 172
119, 172
119, 173
118, 174
118, 175
117, 176
117, 180
116, 181
83, 181
82, 182
76, 182
75, 183
74, 183
72, 181
72, 180
71, 179
71, 178
70, 177
70, 175
69, 174
69, 172
68, 171
68, 169
67, 168
67, 167
66, 166
66, 164
65, 163
65, 161
64, 160
64, 157
63, 156
63, 154
62, 153
62, 151
61, 150
61, 148
60, 147
60, 143
59, 142
59, 135
58, 134
58, 127
57, 126
57, 120
56, 119
56, 114
55, 113
55, 107
54, 106
54, 100
53, 99
53, 93
52, 92
52, 86
51, 85
51, 80
50, 79
50, 73
49, 72
49, 66
48, 65
48, 60
47, 59
47, 55
46, 54
46, 49
45, 48
45, 43
44, 42
44, 38
43, 37
43, 33
42, 32
42, 28
41, 27
41, 24
40, 23
40, 21
39, 20
39, 17
37, 15
358, 249
359, 248
360, 249
361, 249
366, 254
366, 255
368, 257
368, 258
370, 260
370, 261
371, 262
371, 264
372, 265
372, 266
373, 267
373, 270
374, 271
374, 276
375, 277
375, 283
374, 284
374, 289
373, 290
373, 291
372, 292
372, 293
370, 295
369, 294
368, 294
365, 291
365, 290
364, 289
364, 288
363, 287
363, 284
362, 283
362, 276
361, 275
361, 268
360, 267
360, 260
359, 259
359, 254
358, 253
171, 240
169, 241
168, 215
169, 214
170, 215
170, 220
171, 221
171, 226
170, 227
169, 226
169, 224
168, 223
246, 214
244, 215
237, 204
238, 203
240, 203
242, 205
242, 207
243, 208
243, 209
244, 210
244, 211
245, 212
241, 211
241, 210
239, 208
239, 207
237, 205
176, 199
183, 198
184, 199
186, 199
187, 200
188, 200
190, 202
191, 202
193, 204
193, 205
195, 207
195, 209
196, 210
196, 211
197, 212
197, 213
198, 214
198, 215
199, 216
199, 218
200, 219
200, 220
201, 221
201, 222
202, 225
203, 226
203, 228
204, 229
204, 231
205, 232
205, 233
206, 234
206, 236
207, 237
207, 240
208, 241
208, 244
209, 245
209, 258
208, 259
208, 260
207, 261
207, 262
205, 264
204, 264
198, 265
197, 264
196, 264
195, 263
194, 263
193, 262
192, 262
182, 252
182, 251
180, 249
180, 248
178, 246
178, 245
177, 240
176, 239
176, 234
175, 233
175, 226
174, 225
174, 219
173, 218
173, 212
172, 211
172, 202
175, 199
193, 195
194, 194
195, 194
196, 195
201, 195
202, 196
206, 196
207, 197
212, 197
213, 198
217, 198
218, 199
222, 199
223, 200
228, 200
231, 203
231, 204
232, 205
232, 207
233, 208
233, 210
234, 211
234, 214
235, 215
235, 217
236, 218
236, 220
237, 221
237, 224
238, 225
238, 227
239, 228
239, 231
240, 232
240, 235
241, 236
241, 239
242, 240
242, 243
243, 244
243, 248
244, 249
244, 253
245, 254
245, 259
246, 260
246, 265
247, 266
247, 271
246, 272
244, 270
244, 269
243, 268
243, 267
242, 266
242, 265
240, 263
240, 262
239, 261
239, 260
238, 259
238, 258
236, 256
236, 255
235, 254
235, 253
233, 251
233, 250
232, 249
232, 248
230, 246
230, 245
228, 243
228, 242
227, 241
227, 240
225, 238
225, 237
223, 235
223, 234
221, 232
221, 231
219, 229
219, 228
217, 226
217, 225
214, 222
214, 221
210, 217
210, 216
204, 210
204, 209
199, 204
198, 204
196, 202
196, 201
194, 199
194, 198
193, 197
171, 192
172, 191
176, 191
177, 192
182, 192
183, 193
187, 193
189, 195
188, 196
186, 196
185, 195
175, 195
174, 196
172, 196
171, 195
58, 191
59, 190
61, 190
62, 191
62, 192
63, 193
63, 200
64, 201
64, 208
65, 209
65, 216
66, 217
66, 224
67, 225
67, 232
68, 233
68, 240
69, 241
69, 247
70, 248
70, 256
71, 257
71, 264
72, 265
72, 272
73, 273
73, 280
74, 281
74, 285
73, 286
72, 286
70, 284
69, 284
68, 283
67, 283
66, 282
65, 282
64, 281
63, 281
61, 279
60, 279
58, 277
57, 277
54, 274
53, 274
50, 271
49, 271
33, 255
33, 254
30, 251
30, 250
29, 249
29, 248
28, 247
28, 246
27, 245
27, 244
26, 243
26, 240
25, 239
25, 226
26, 225
26, 223
27, 222
27, 220
28, 219
28, 218
29, 217
29, 216
30, 215
30, 214
32, 212
32, 211
34, 209
34, 208
42, 200
43, 200
46, 197
47, 197
49, 195
50, 195
51, 194
52, 194
53, 193
54, 193
55, 192
56, 192
57, 191
139, 188
140, 187
147, 187
148, 188
155, 188
156, 189
162, 189
163, 190
166, 190
168, 192
168, 202
167, 203
167, 204
166, 205
166, 207
165, 208
165, 212
164, 213
164, 218
165, 219
165, 224
166, 225
166, 228
167, 229
167, 231
168, 232
168, 234
169, 235
169, 236
170, 237
168, 239
168, 238
166, 236
166, 235
165, 234
165, 233
163, 231
163, 230
162, 229
162, 228
160, 226
160, 225
159, 224
159, 223
157, 221
157, 220
156, 219
156, 218
155, 217
155, 216
153, 214
153, 213
152, 212
152, 211
151, 210
151, 209
150, 208
150, 207
148, 205
148, 204
147, 203
147, 202
146, 201
146, 200
145, 199
145, 198
143, 196
143, 195
142, 194
142, 193
141, 192
141, 191
139, 189
120, 186
121, 185
128, 185
129, 186
133, 186
135, 188
135, 189
137, 191
137, 192
138, 193
138, 194
139, 195
139, 196
141, 198
141, 199
142, 200
142, 201
143, 202
143, 203
145, 205
145, 206
146, 207
146, 208
147, 209
147, 210
148, 211
148, 212
150, 214
150, 215
151, 216
151, 217
152, 218
152, 219
153, 220
153, 221
155, 223
155, 224
156, 225
156, 226
158, 228
158, 229
159, 230
159, 231
161, 233
161, 234
162, 235
162, 236
164, 238
164, 239
165, 240
165, 241
167, 243
167, 244
168, 245
168, 246
170, 248
170, 249
172, 251
172, 252
175, 255
176, 255
178, 253
179, 253
180, 254
180, 255
189, 264
190, 264
192, 266
193, 266
194, 267
195, 267
196, 268
205, 268
206, 267
207, 267
210, 264
210, 263
211, 262
211, 260
212, 259
212, 256
213, 255
213, 249
212, 248
212, 243
211, 242
211, 239
210, 238
210, 236
209, 235
209, 233
208, 232
208, 230
207, 229
207, 227
206, 226
206, 224
205, 223
205, 222
204, 221
204, 219
203, 218
203, 217
202, 216
202, 215
203, 214
208, 219
208, 220
212, 224
212, 225
214, 227
214, 228
217, 231
217, 232
219, 234
219, 235
221, 237
221, 238
223, 240
223, 241
224, 242
224, 243
226, 245
226, 246
228, 248
228, 249
229, 250
229, 251
231, 253
231, 254
232, 255
232, 256
234, 258
234, 259
235, 260
235, 261
237, 263
237, 264
238, 265
238, 266
239, 267
239, 268
241, 270
241, 271
242, 272
242, 273
243, 274
243, 275
245, 277
245, 278
247, 280
247, 281
250, 281
250, 279
251, 278
251, 272
250, 271
250, 264
249, 263
249, 258
248, 257
248, 252
247, 251
247, 247
246, 246
246, 243
245, 242
245, 238
244, 237
244, 234
243, 233
243, 230
242, 229
242, 227
241, 226
241, 223
240, 222
240, 220
239, 219
239, 216
240, 215
241, 216
241, 217
243, 219
243, 220
246, 223
246, 224
250, 228
250, 229
253, 232
253, 233
258, 238
258, 239
263, 244
263, 245
269, 251
269, 252
275, 258
275, 259
280, 264
280, 265
286, 271
286, 272
290, 276
291, 276
292, 277
293, 276
293, 273
288, 268
288, 267
282, 261
282, 260
277, 255
277, 254
273, 250
273, 249
270, 246
270, 245
267, 242
267, 241
264, 238
264, 237
262, 235
262, 234
260, 232
260, 231
258, 229
258, 228
257, 227
257, 226
255, 224
255, 223
253, 221
253, 220
252, 219
252, 218
251, 217
251, 216
249, 214
249, 213
248, 212
248, 210
247, 209
247, 208
246, 207
246, 206
247, 205
250, 205
251, 206
254, 206
255, 207
258, 207
259, 208
262, 208
263, 209
265, 209
266, 210
269, 210
270, 211
272, 211
273, 212
275, 212
276, 213
279, 213
280, 214
282, 214
283, 215
285, 215
286, 216
288, 216
289, 217
289, 218
291, 220
291, 221
293, 223
293, 224
294, 225
294, 226
295, 227
295, 228
297, 230
297, 232
298, 233
298, 234
299, 235
299, 236
300, 237
300, 238
301, 239
301, 241
302, 242
302, 245
303, 246
303, 249
304, 250
304, 258
305, 259
305, 265
304, 266
304, 276
303, 277
303, 283
302, 284
302, 287
301, 288
301, 291
300, 292
300, 295
299, 296
299, 298
298, 299
298, 301
297, 302
297, 304
296, 305
296, 306
295, 307
295, 308
294, 309
294, 310
293, 311
293, 312
292, 313
292, 314
291, 315
291, 316
288, 319
288, 320
283, 325
282, 325
280, 327
279, 327
277, 329
276, 329
275, 330
273, 330
272, 331
270, 331
269, 332
265, 332
264, 333
256, 333
255, 334
226, 334
225, 333
208, 333
207, 332
194, 332
193, 331
187, 331
186, 330
181, 330
180, 329
176, 329
175, 328
172, 328
171, 327
169, 327
168, 326
165, 326
164, 325
162, 325
161, 324
158, 324
157, 323
155, 323
154, 322
152, 322
151, 321
149, 321
148, 320
147, 320
146, 319
144, 319
143, 318
141, 318
140, 317
139, 317
138, 316
137, 316
136, 315
134, 315
133, 314
132, 314
131, 313
129, 313
128, 312
127, 312
126, 311
124, 311
123, 310
122, 310
121, 309
120, 309
119, 308
117, 308
116, 307
115, 307
114, 306
113, 306
112, 305
111, 305
110, 304
109, 304
108, 303
107, 303
106, 302
105, 302
104, 301
102, 301
101, 300
100, 300
99, 299
98, 299
97, 298
96, 298
95, 297
94, 297
93, 296
92, 296
91, 295
90, 295
89, 294
88, 294
87, 293
86, 293
85, 292
84, 292
83, 291
82, 291
81, 290
80, 290
78, 288
78, 286
77, 285
77, 278
76, 277
76, 270
75, 269
75, 262
74, 261
74, 254
73, 253
73, 246
72, 245
72, 238
71, 237
71, 230
70, 229
70, 222
69, 221
69, 214
68, 213
68, 206
67, 205
67, 198
66, 197
66, 189
68, 187
70, 187
71, 188
71, 189
72, 190
72, 191
73, 192
73, 193
74, 194
74, 196
75, 197
75, 198
76, 199
76, 200
77, 201
77, 203
78, 204
78, 205
79, 206
79, 207
80, 208
80, 209
81, 210
81, 211
82, 212
82, 213
83, 214
83, 216
84, 217
84, 218
85, 219
85, 220
86, 221
86, 222
88, 224
88, 225
89, 226
89, 227
90, 228
90, 229
91, 230
91, 231
93, 233
93, 234
94, 235
94, 236
95, 237
95, 238
97, 240
97, 241
98, 242
98, 243
100, 245
100, 246
101, 247
101, 248
103, 250
103, 251
105, 253
105, 254
109, 258
109, 259
118, 268
124, 268
126, 266
126, 265
127, 264
127, 263
128, 262
128, 240
127, 239
127, 232
126, 231
126, 225
125, 224
125, 219
124, 218
124, 213
123, 212
123, 206
122, 205
122, 200
121, 199
121, 193
120, 192
85, 185
86, 184
115, 184
117, 186
117, 195
118, 196
118, 201
119, 202
119, 208
120, 209
120, 214
121, 215
121, 220
122, 221
122, 226
123, 227
123, 233
124, 234
124, 242
125, 243
125, 260
124, 261
124, 263
122, 265
120, 265
111, 256
111, 255
108, 252
108, 251
106, 249
106, 248
104, 246
104, 245
102, 243
102, 242
101, 241
101, 240
99, 238
99, 237
98, 236
98, 235
96, 233
96, 232
95, 231
95, 230
94, 229
94, 228
92, 226
92, 225
91, 224
91, 223
90, 222
90, 221
89, 220
89, 219
88, 218
88, 217
87, 216
87, 215
86, 214
86, 213
85, 212
85, 211
84, 210
84, 209
83, 208
83, 206
82, 205
82, 204
81, 203
81, 202
80, 201
80, 200
79, 199
79, 197
78, 196
78, 195
77, 194
77, 193
76, 192
76, 190
75, 189
75, 187
76, 186
77, 186
78, 185
247, 182
248, 181
253, 181
254, 182
256, 182
257, 183
258, 183
259, 184
260, 184
261, 185
278, 201
278, 202
281, 205
281, 206
284, 209
283, 211
281, 211
280, 210
278, 210
277, 209
275, 209
274, 208
271, 208
270, 207
268, 207
267, 206
264, 206
263, 205
260, 205
259, 204
257, 204
256, 203
253, 203
252, 202
248, 202
247, 201
243, 199
243, 198
242, 197
242, 188
243, 187
246, 182
121, 176
122, 175
128, 178
128, 179
129, 182
120, 180
121, 177
172, 175
173, 174
174, 174
175, 175
176, 175
178, 177
178, 178
181, 181
181, 182
183, 184
183, 185
184, 186
184, 187
185, 188
184, 189
179, 189
178, 188
173, 188
171, 186
171, 177
172, 176
64, 174
65, 173
66, 174
66, 176
67, 177
67, 178
68, 179
68, 181
69, 182
69, 183
68, 184
66, 184
65, 183
65, 182
64, 181
290, 106
297, 106
298, 107
299, 107
300, 108
301, 108
303, 110
304, 110
312, 118
312, 119
314, 121
314, 122
316, 124
316, 125
317, 126
317, 127
318, 128
318, 129
319, 130
319, 131
320, 132
320, 133
321, 134
321, 136
322, 137
322, 138
323, 139
323, 141
324, 142
324, 143
325, 144
325, 146
326, 147
326, 149
327, 150
327, 152
328, 153
328, 156
329, 157
329, 159
330, 160
330, 162
331, 163
331, 166
332, 167
332, 169
333, 170
333, 172
334, 173
334, 175
333, 176
332, 176
326, 170
326, 169
303, 146
303, 145
299, 141
299, 140
297, 138
297, 137
295, 135
295, 134
293, 132
293, 131
292, 130
292, 129
291, 128
291, 127
290, 126
290, 124
289, 123
289, 121
288, 120
288, 118
287, 117
287, 109
48, 96
50, 99
39, 41
40, 40
41, 41
41, 44
42, 45
42, 50
43, 51
43, 56
44, 57
44, 62
45, 63
45, 67
46, 68
46, 74
47, 75
47, 81
48, 82
48, 88
49, 89
48, 96
47, 95
47, 91
46, 90
46, 85
45, 84
45, 80
44, 79
44, 74
43, 73
43, 68
42, 67
42, 61
41, 60
41, 55
40, 54
40, 47
39, 46
