0, 307
3, 307
5, 309
7, 311
7, 309
9, 307
64, 307
66, 309
66, 311
68, 311
68, 309
70, 307
125, 307
127, 309
127, 311
129, 311
129, 309
131, 307
185, 307
187, 309
187, 311
189, 311
189, 309
191, 307
246, 307
248, 309
248, 311
250, 311
250, 309
252, 307
307, 307
309, 309
309, 311
311, 311
311, 309
313, 307
367, 307
369, 309
369, 311
371, 311
371, 309
373, 307
428, 307
430, 309
430, 311
432, 311
432, 309
434, 307
489, 307
491, 309
491, 311
493, 311
493, 309
495, 307
4, 2
496, 4
494, 305
2, 303
37, 28
36, 29
36, 30
35, 31
35, 33
34, 34
34, 54
35, 55
35, 61
36, 62
36, 68
35, 69
35, 75
34, 76
34, 82
33, 83
33, 89
32, 90
32, 96
31, 97
31, 103
30, 104
30, 110
29, 111
29, 118
28, 119
28, 127
27, 128
27, 137
26, 138
26, 148
25, 149
25, 160
24, 161
24, 171
23, 172
23, 183
22, 184
22, 194
21, 195
21, 199
22, 200
24, 200
25, 199
25, 192
26, 191
26, 182
27, 181
27, 170
28, 169
28, 158
29, 157
29, 147
31, 145
32, 146
34, 146
35, 147
54, 147
55, 146
62, 146
63, 145
64, 145
65, 146
65, 147
66, 148
66, 149
67, 150
67, 151
68, 152
68, 153
69, 154
69, 155
70, 156
70, 157
72, 159
72, 160
73, 161
73, 162
74, 163
74, 164
75, 165
75, 166
76, 167
76, 168
78, 170
78, 171
79, 172
79, 173
81, 175
81, 176
82, 177
82, 178
84, 180
84, 181
86, 183
86, 184
87, 185
87, 186
88, 187
88, 191
92, 195
94, 195
95, 194
95, 192
94, 191
94, 190
93, 189
93, 188
92, 187
92, 186
91, 185
91, 184
89, 182
89, 181
88, 180
88, 179
86, 177
86, 176
85, 175
85, 174
83, 172
83, 171
82, 170
82, 169
80, 167
80, 166
79, 165
79, 164
78, 163
78, 162
76, 160
76, 159
75, 158
75, 157
74, 156
74, 155
73, 154
73, 153
72, 152
72, 151
71, 150
71, 149
70, 148
70, 147
69, 146
69, 145
70, 144
71, 144
72, 145
76, 145
77, 144
77, 141
76, 140
75, 140
74, 139
67, 139
65, 137
65, 136
64, 135
64, 134
63, 133
63, 132
62, 131
62, 130
61, 129
61, 127
60, 126
60, 125
59, 124
59, 123
58, 122
58, 120
57, 119
57, 118
56, 117
56, 116
55, 115
55, 113
54, 112
54, 110
53, 109
53, 108
52, 107
52, 105
51, 104
51, 102
50, 101
50, 100
49, 99
49, 97
48, 96
48, 94
47, 93
47, 91
46, 90
46, 88
45, 87
45, 84
44, 83
44, 81
43, 80
43, 77
42, 76
42, 73
41, 72
41, 68
40, 67
40, 60
41, 59
41, 49
42, 48
42, 37
41, 36
41, 31
40, 30
40, 29
39, 28
39, 80
40, 81
40, 83
41, 84
41, 87
42, 88
42, 90
43, 91
43, 93
44, 94
44, 96
45, 97
45, 99
46, 100
46, 102
47, 103
47, 104
48, 105
48, 107
49, 108
49, 110
50, 111
50, 112
51, 113
51, 115
52, 116
52, 117
53, 118
53, 120
54, 121
54, 122
55, 123
55, 124
56, 125
56, 127
57, 128
57, 129
58, 130
58, 131
59, 132
59, 134
60, 135
60, 136
61, 137
61, 140
60, 141
45, 141
44, 142
38, 142
37, 141
34, 141
33, 140
32, 140
31, 141
30, 140
30, 136
31, 135
31, 127
32, 126
32, 118
33, 117
33, 110
34, 109
34, 103
35, 102
35, 95
36, 94
36, 88
37, 87
37, 82
473, 12
471, 14
471, 15
469, 17
469, 18
467, 20
467, 21
465, 23
465, 24
463, 26
463, 27
461, 29
461, 30
459, 32
459, 33
457, 35
457, 36
456, 37
456, 38
454, 40
454, 41
452, 43
452, 44
450, 46
450, 47
448, 49
448, 50
446, 52
446, 53
444, 55
444, 56
443, 57
443, 58
441, 60
441, 61
440, 62
440, 63
438, 65
438, 66
437, 67
437, 68
435, 70
435, 71
434, 72
434, 73
432, 75
432, 76
431, 77
431, 78
429, 80
429, 81
428, 82
428, 83
427, 84
427, 85
426, 86
426, 87
425, 88
425, 89
424, 90
424, 91
423, 92
423, 93
422, 94
422, 95
421, 96
421, 97
420, 98
420, 99
419, 100
419, 101
418, 102
418, 103
417, 104
417, 105
416, 106
416, 107
415, 108
415, 109
414, 110
414, 111
413, 112
413, 113
412, 114
412, 115
411, 116
411, 117
410, 118
410, 120
409, 121
409, 122
408, 123
408, 124
407, 125
407, 126
406, 127
406, 128
405, 129
405, 131
404, 132
404, 133
402, 135
401, 134
401, 131
400, 130
400, 127
399, 126
399, 123
398, 122
398, 119
397, 118
397, 116
396, 115
396, 113
395, 112
395, 110
394, 109
394, 108
393, 107
393, 105
392, 104
392, 102
393, 101
393, 88
394, 87
393, 86
393, 75
392, 74
392, 71
391, 70
391, 68
390, 67
390, 65
387, 62
387, 61
385, 59
382, 59
381, 58
378, 58
377, 59
376, 59
375, 60
374, 60
370, 64
369, 64
368, 63
367, 63
360, 56
359, 56
358, 55
357, 55
355, 53
354, 53
352, 51
351, 51
350, 50
348, 50
347, 49
345, 49
344, 48
342, 48
341, 47
337, 47
336, 46
328, 46
327, 45
326, 45
325, 46
318, 46
317, 47
312, 47
311, 48
309, 48
308, 49
306, 49
305, 50
304, 50
303, 51
301, 51
300, 52
299, 52
298, 53
297, 53
296, 54
295, 54
293, 56
292, 56
291, 57
290, 57
288, 59
287, 59
274, 72
274, 73
271, 76
271, 77
268, 80
268, 81
267, 82
267, 83
266, 84
266, 85
265, 86
265, 87
264, 88
264, 89
263, 90
263, 91
262, 92
262, 93
261, 94
261, 96
260, 97
260, 100
259, 101
259, 103
258, 104
258, 107
257, 108
257, 114
256, 115
256, 138
257, 139
257, 142
258, 143
258, 146
259, 147
259, 150
260, 151
260, 152
261, 153
261, 156
260, 157
260, 158
259, 159
259, 160
258, 161
258, 162
257, 163
257, 164
256, 165
256, 166
255, 167
255, 168
254, 169
253, 169
252, 168
252, 167
251, 166
251, 165
250, 164
250, 156
251, 155
251, 148
252, 147
252, 137
251, 136
251, 129
250, 128
250, 125
249, 124
249, 121
248, 120
248, 118
247, 117
247, 116
246, 115
246, 114
243, 114
242, 115
242, 116
241, 117
241, 119
240, 120
240, 137
241, 138
241, 145
242, 146
242, 151
243, 152
243, 156
244, 157
244, 162
243, 163
243, 164
242, 165
242, 166
241, 167
241, 168
240, 169
240, 170
237, 173
237, 174
233, 178
232, 178
229, 181
228, 181
227, 182
226, 182
225, 183
223, 183
222, 184
218, 184
217, 183
215, 183
214, 182
213, 182
209, 178
209, 177
208, 176
208, 174
207, 173
207, 167
206, 166
206, 159
207, 158
207, 145
208, 144
208, 126
207, 125
207, 123
205, 121
204, 121
203, 120
201, 120
200, 121
199, 121
196, 124
196, 125
195, 126
195, 127
193, 129
193, 130
192, 131
192, 132
191, 133
191, 135
190, 136
190, 137
189, 138
189, 140
188, 141
188, 143
187, 144
187, 146
186, 147
186, 149
185, 150
185, 153
184, 154
184, 158
183, 159
183, 162
182, 163
182, 166
181, 167
181, 171
180, 172
180, 176
179, 177
179, 180
178, 181
178, 185
177, 186
177, 190
176, 191
176, 193
175, 194
175, 196
174, 197
174, 198
173, 199
173, 200
171, 202
171, 203
170, 204
169, 204
168, 205
167, 205
166, 206
163, 206
162, 205
161, 205
160, 204
159, 204
158, 203
157, 203
155, 201
156, 200
157, 200
158, 199
162, 199
163, 198
164, 198
166, 196
167, 196
167, 195
169, 193
169, 192
170, 191
170, 188
171, 187
171, 186
170, 185
170, 180
169, 179
169, 177
168, 176
168, 175
167, 174
167, 173
166, 172
166, 171
165, 170
165, 169
164, 168
164, 167
163, 166
163, 165
161, 163
161, 162
160, 161
160, 160
158, 158
158, 157
153, 152
153, 151
145, 143
144, 143
141, 140
140, 140
139, 139
138, 139
137, 138
136, 138
135, 137
134, 137
133, 136
131, 136
129, 134
131, 132
131, 131
132, 130
132, 129
134, 127
134, 126
135, 125
135, 124
136, 123
136, 122
137, 121
137, 120
138, 119
138, 118
139, 117
139, 116
140, 115
140, 114
141, 113
141, 111
142, 110
142, 109
143, 108
143, 106
144, 105
144, 104
145, 103
145, 101
146, 100
146, 97
147, 96
147, 94
148, 93
148, 90
149, 89
149, 85
150, 84
150, 78
151, 77
151, 68
152, 67
152, 53
151, 52
151, 46
150, 45
150, 42
149, 41
149, 38
148, 37
148, 36
147, 35
147, 34
146, 33
146, 32
145, 31
145, 30
143, 28
143, 27
139, 23
138, 23
136, 21
135, 21
134, 20
133, 20
132, 19
125, 19
124, 20
122, 20
121, 21
120, 21
119, 22
118, 22
112, 28
112, 29
109, 32
109, 33
108, 34
108, 35
107, 36
107, 37
106, 38
106, 39
105, 40
105, 42
104, 43
104, 45
103, 46
103, 47
102, 48
102, 50
101, 51
101, 54
100, 55
100, 58
99, 59
99, 62
98, 63
98, 69
97, 70
97, 77
96, 78
96, 102
97, 103
97, 112
98, 113
98, 119
99, 120
99, 124
100, 125
100, 128
101, 129
101, 132
102, 133
102, 136
103, 137
103, 139
104, 140
104, 142
105, 143
105, 145
106, 146
106, 148
107, 149
107, 150
108, 151
108, 153
109, 154
109, 155
110, 156
110, 157
111, 158
111, 159
112, 160
112, 161
113, 162
113, 163
115, 165
115, 166
116, 167
116, 168
118, 170
118, 171
119, 172
119, 173
122, 176
122, 177
125, 180
125, 181
136, 192
137, 192
147, 202
148, 202
151, 205
152, 205
154, 207
155, 207
156, 208
157, 208
158, 209
159, 209
160, 210
163, 210
164, 211
165, 211
166, 210
170, 210
172, 208
173, 208
175, 206
175, 205
177, 203
177, 202
178, 201
178, 200
179, 199
179, 198
180, 197
180, 194
181, 193
181, 190
182, 189
182, 186
183, 185
183, 181
184, 180
184, 176
185, 175
185, 172
186, 171
186, 167
187, 166
187, 163
188, 162
188, 159
189, 158
189, 154
190, 153
190, 151
191, 150
191, 147
192, 146
192, 144
193, 143
193, 141
194, 140
194, 139
195, 138
195, 137
196, 136
196, 134
197, 133
197, 132
199, 130
199, 129
200, 128
200, 127
201, 126
202, 126
203, 127
203, 146
202, 147
202, 173
203, 174
203, 176
204, 177
204, 179
205, 180
205, 181
210, 186
211, 186
212, 187
213, 187
214, 188
225, 188
226, 187
228, 187
229, 186
230, 186
231, 185
232, 185
234, 183
235, 183
241, 177
241, 176
244, 173
244, 172
245, 171
245, 170
246, 169
248, 171
248, 172
250, 174
250, 175
252, 177
252, 181
251, 182
251, 188
250, 189
250, 216
251, 217
251, 223
252, 224
252, 227
253, 228
253, 230
254, 231
254, 232
255, 233
255, 234
258, 237
259, 237
260, 238
266, 238
268, 236
269, 236
273, 232
273, 231
275, 229
275, 228
276, 227
276, 226
277, 225
277, 224
278, 223
278, 222
279, 221
279, 219
280, 218
280, 215
281, 214
281, 211
282, 210
282, 205
283, 204
283, 187
284, 186
285, 186
288, 189
289, 189
292, 192
293, 192
294, 193
295, 193
296, 194
297, 194
298, 195
299, 195
300, 196
301, 196
302, 197
303, 197
304, 198
306, 198
307, 199
310, 199
311, 200
314, 200
315, 201
324, 201
325, 200
329, 200
330, 199
333, 199
334, 198
336, 198
337, 197
338, 197
339, 196
340, 196
341, 195
342, 195
344, 193
345, 194
345, 204
344, 205
344, 215
343, 216
343, 225
342, 226
342, 238
341, 239
341, 250
340, 251
340, 264
339, 265
339, 290
340, 291
340, 292
341, 293
344, 293
346, 291
346, 290
347, 289
347, 288
348, 287
348, 286
349, 285
349, 284
350, 283
350, 281
351, 280
351, 279
352, 278
352, 276
353, 275
353, 274
354, 273
354, 271
355, 270
355, 268
356, 267
356, 265
357, 264
357, 263
358, 262
358, 260
359, 259
359, 257
360, 256
360, 254
361, 253
361, 252
362, 251
362, 249
363, 248
363, 246
364, 245
364, 243
365, 242
365, 241
366, 240
366, 238
367, 237
367, 235
368, 234
368, 233
369, 232
369, 230
370, 229
370, 227
371, 226
371, 224
372, 223
372, 222
373, 221
373, 219
374, 218
374, 216
375, 215
375, 214
376, 213
376, 211
377, 210
377, 209
378, 208
378, 206
379, 205
379, 204
380, 203
380, 201
381, 200
381, 199
382, 198
382, 196
383, 195
383, 193
384, 192
384, 191
385, 190
385, 188
386, 187
386, 186
387, 185
387, 184
389, 182
390, 182
397, 175
397, 174
399, 172
399, 170
400, 169
400, 168
401, 167
401, 164
402, 163
402, 156
403, 155
403, 146
404, 145
404, 143
405, 142
405, 141
406, 140
406, 139
407, 138
407, 137
408, 136
408, 135
409, 134
409, 132
410, 131
410, 130
411, 129
411, 128
412, 127
412, 126
413, 125
413, 124
414, 123
414, 121
415, 120
415, 119
416, 118
416, 117
417, 116
417, 115
418, 114
418, 113
419, 112
419, 111
420, 110
420, 109
421, 108
421, 107
422, 106
422, 105
423, 104
423, 103
424, 102
424, 101
425, 100
425, 99
426, 98
426, 97
427, 96
427, 95
428, 94
428, 93
429, 92
429, 91
430, 90
430, 89
431, 88
431, 87
432, 86
432, 85
433, 84
433, 83
435, 81
435, 80
436, 79
436, 78
438, 76
438, 75
439, 74
439, 73
441, 71
441, 70
442, 69
442, 68
444, 66
444, 65
445, 64
445, 63
447, 61
447, 60
448, 59
448, 58
450, 56
450, 55
452, 53
452, 52
454, 50
454, 49
456, 47
456, 46
458, 44
458, 43
460, 41
460, 40
461, 39
461, 38
463, 36
463, 35
465, 33
465, 32
467, 30
467, 29
469, 27
469, 26
471, 24
471, 23
473, 21
473, 20
475, 18
475, 17
476, 16
476, 13
475, 12
357, 182
358, 181
359, 181
361, 183
362, 183
363, 184
364, 184
365, 185
367, 185
368, 186
379, 186
380, 187
380, 189
379, 190
379, 192
378, 193
378, 194
377, 195
377, 197
376, 198
376, 199
375, 200
375, 202
374, 203
374, 205
373, 206
373, 207
372, 208
372, 210
371, 211
371, 212
370, 213
370, 215
369, 216
369, 217
368, 218
368, 220
367, 221
367, 223
366, 224
366, 226
365, 227
365, 228
364, 229
364, 231
363, 232
363, 234
362, 235
362, 236
361, 237
361, 239
360, 240
360, 242
359, 243
359, 245
358, 246
358, 247
357, 248
357, 250
356, 251
356, 253
355, 254
355, 255
354, 256
354, 258
353, 259
353, 261
352, 262
352, 264
351, 265
351, 266
350, 267
350, 269
349, 270
349, 272
348, 273
348, 274
347, 275
347, 277
346, 278
346, 279
345, 280
344, 279
344, 262
345, 261
345, 249
346, 248
346, 236
347, 235
347, 224
348, 223
348, 214
349, 213
349, 203
350, 202
350, 193
351, 192
351, 188
353, 186
354, 186
357, 183
353, 175
355, 176
270, 174
271, 173
274, 175
274, 176
278, 180
278, 185
279, 186
279, 195
278, 196
278, 204
277, 205
276, 211
276, 214
275, 215
275, 218
274, 219
274, 220
273, 221
273, 222
272, 223
272, 224
271, 225
271, 226
269, 228
269, 229
266, 232
265, 232
264, 233
259, 231
259, 230
258, 229
258, 228
257, 227
257, 224
256, 223
256, 218
255, 217
255, 188
256, 187
257, 181
263, 181
264, 180
265, 180
267, 178
268, 178
269, 177
269, 176
270, 175
264, 162
266, 164
266, 165
268, 167
268, 168
267, 169
267, 170
266, 171
266, 172
262, 176
259, 176
258, 175
258, 173
259, 172
259, 170
260, 169
260, 168
261, 167
261, 166
262, 165
262, 164
274, 160
275, 159
276, 160
276, 164
277, 165
277, 168
276, 169
274, 167
274, 166
273, 165
274, 164
283, 146
284, 145
286, 145
287, 146
287, 150
288, 151
288, 153
289, 154
289, 156
290, 157
290, 158
291, 159
291, 160
292, 161
292, 162
293, 163
293, 164
297, 168
297, 169
299, 171
300, 171
303, 174
304, 174
305, 175
306, 175
307, 176
308, 176
309, 177
311, 177
312, 178
318, 178
319, 177
322, 177
323, 176
324, 176
325, 175
329, 179
330, 179
331, 180
333, 180
334, 181
336, 181
337, 180
339, 180
341, 178
342, 178
347, 173
348, 174
348, 175
347, 176
347, 184
342, 189
341, 189
339, 191
338, 191
337, 192
336, 192
335, 193
334, 193
333, 194
330, 194
329, 195
326, 195
325, 196
315, 196
314, 195
311, 195
310, 194
307, 194
306, 193
305, 193
304, 192
303, 192
302, 191
301, 191
300, 190
299, 190
298, 189
297, 189
296, 188
295, 188
292, 185
291, 185
283, 177
283, 174
282, 173
282, 166
281, 165
281, 159
280, 158
280, 154
279, 153
279, 148
281, 146
129, 140
130, 141
132, 141
133, 142
134, 142
135, 143
136, 143
137, 144
138, 144
141, 147
142, 147
149, 154
149, 155
154, 160
154, 161
156, 164
157, 165
157, 166
159, 168
159, 169
160, 170
160, 171
161, 172
161, 173
162, 174
162, 175
163, 176
163, 177
164, 178
164, 180
165, 181
165, 184
166, 185
166, 187
165, 188
165, 190
159, 194
158, 195
153, 195
152, 194
149, 194
148, 193
147, 193
146, 192
145, 192
137, 184
137, 183
134, 180
134, 179
131, 175
130, 174
130, 173
128, 171
128, 170
127, 169
127, 168
126, 167
126, 165
125, 164
125, 163
124, 162
124, 160
123, 159
123, 157
122, 156
122, 145
123, 144
123, 143
311, 132
312, 132
313, 133
313, 141
314, 142
314, 146
315, 147
315, 150
316, 151
316, 153
317, 154
317, 157
318, 158
318, 159
319, 160
319, 162
320, 163
320, 165
321, 166
321, 167
322, 168
322, 170
320, 172
319, 172
318, 173
313, 173
312, 172
310, 172
309, 171
308, 171
307, 170
306, 170
297, 161
297, 160
296, 159
296, 158
295, 157
295, 156
294, 155
294, 154
293, 153
293, 151
292, 150
292, 146
291, 145
291, 143
293, 141
295, 141
296, 140
297, 140
298, 139
299, 139
300, 138
302, 138
303, 137
304, 137
305, 136
306, 136
308, 134
309, 134
302, 127
303, 126
308, 126
309, 127
306, 130
305, 130
303, 132
302, 132
301, 133
299, 133
298, 134
297, 134
296, 135
295, 135
294, 136
293, 136
292, 135
293, 134
293, 133
294, 132
294, 131
297, 128
298, 128
299, 127
318, 125
319, 124
322, 127
322, 128
323, 129
323, 131
324, 132
324, 133
325, 134
325, 137
326, 138
326, 141
327, 142
327, 149
328, 150
328, 154
327, 155
327, 161
326, 162
325, 162
324, 161
324, 160
323, 159
323, 157
322, 156
322, 154
321, 153
321, 151
320, 150
320, 147
319, 146
319, 142
318, 141
318, 134
317, 133
317, 129
318, 128
389, 117
390, 116
391, 116
392, 117
392, 119
393, 120
393, 122
394, 123
394, 126
395, 127
395, 130
396, 131
396, 136
397, 137
397, 143
398, 144
398, 146
397, 147
397, 148
396, 149
396, 150
395, 151
395, 153
394, 154
394, 155
393, 156
393, 158
392, 159
392, 160
391, 161
391, 162
390, 163
390, 165
389, 166
389, 167
388, 168
388, 170
387, 171
387, 172
386, 173
386, 174
385, 175
385, 177
384, 178
384, 179
383, 180
382, 180
381, 181
376, 181
375, 182
373, 182
372, 181
368, 181
367, 180
366, 180
365, 179
364, 179
362, 177
363, 176
363, 175
365, 173
365, 172
367, 170
367, 169
369, 167
369, 166
370, 165
370, 164
372, 162
372, 161
373, 160
373, 159
374, 158
374, 157
375, 156
375, 155
376, 154
376, 153
377, 152
377, 151
378, 150
378, 149
379, 148
379, 147
380, 146
380, 144
381, 143
381, 142
382, 141
382, 139
383, 138
383, 136
384, 135
384, 134
385, 133
385, 131
386, 130
386, 128
387, 127
387, 124
388, 123
388, 121
389, 120
371, 76
375, 80
375, 81
376, 82
376, 83
377, 84
377, 85
379, 87
379, 88
380, 89
380, 90
381, 91
381, 92
382, 93
382, 94
383, 95
383, 96
384, 97
384, 98
385, 99
385, 100
386, 101
386, 103
387, 104
387, 107
386, 108
386, 112
385, 113
385, 116
384, 117
384, 120
383, 121
383, 123
382, 124
382, 126
381, 127
381, 130
380, 131
380, 132
379, 133
379, 135
378, 136
378, 137
377, 138
377, 140
376, 141
376, 142
375, 143
375, 145
374, 146
374, 147
373, 148
373, 149
372, 150
372, 151
371, 152
371, 153
370, 154
370, 155
369, 156
369, 157
368, 158
368, 159
366, 161
366, 162
365, 163
365, 164
363, 166
363, 167
361, 169
361, 170
359, 172
357, 170
357, 169
356, 168
356, 165
355, 164
355, 162
354, 161
354, 158
355, 157
355, 151
356, 150
356, 143
357, 142
357, 136
358, 135
358, 129
359, 128
359, 122
360, 121
360, 116
361, 115
361, 110
362, 109
362, 105
363, 104
363, 100
364, 99
364, 95
365, 94
365, 91
366, 90
366, 87
367, 86
367, 83
368, 82
368, 80
369, 79
369, 78
378, 64
381, 63
386, 68
386, 70
387, 74
388, 75
388, 83
389, 84
389, 90
386, 91
386, 90
385, 89
385, 88
384, 87
384, 86
383, 85
383, 84
381, 82
381, 81
380, 80
380, 79
379, 78
379, 77
377, 75
377, 74
374, 68
375, 67
375, 66
377, 64
324, 51
325, 50
328, 50
329, 51
337, 51
338, 52
340, 52
341, 53
344, 53
345, 54
347, 54
348, 55
349, 55
351, 57
352, 57
354, 59
355, 59
356, 60
357, 60
367, 70
367, 71
366, 72
366, 73
365, 74
365, 76
364, 77
364, 79
363, 80
363, 82
362, 83
362, 86
361, 87
361, 90
360, 91
360, 94
359, 95
359, 99
358, 100
358, 104
357, 105
357, 110
356, 111
356, 115
355, 116
355, 122
354, 123
354, 129
353, 130
353, 135
352, 136
350, 134
350, 129
349, 128
349, 124
347, 122
345, 122
344, 123
344, 129
345, 130
345, 136
346, 137
346, 160
345, 161
345, 164
344, 165
344, 167
343, 168
343, 169
342, 170
342, 171
339, 174
338, 174
337, 175
336, 175
335, 176
334, 176
333, 175
332, 175
329, 172
329, 169
330, 168
330, 166
331, 165
331, 162
332, 161
332, 142
331, 141
331, 137
330, 136
330, 134
329, 133
329, 131
328, 130
328, 129
327, 128
327, 126
326, 125
326, 124
324, 122
324, 121
321, 118
320, 118
319, 117
318, 117
313, 122
311, 122
310, 121
305, 121
304, 122
298, 122
297, 123
296, 123
295, 124
294, 124
290, 128
290, 129
288, 131
288, 133
287, 134
287, 137
284, 140
283, 140
282, 141
280, 141
279, 142
278, 142
276, 140
276, 138
275, 137
275, 135
274, 134
274, 132
273, 131
273, 129
272, 128
272, 126
271, 125
271, 122
270, 121
270, 118
269, 117
269, 115
268, 114
267, 114
266, 113
264, 115
264, 119
265, 120
265, 123
266, 124
266, 126
267, 127
267, 131
268, 132
268, 138
269, 139
269, 148
268, 149
267, 149
266, 150
265, 150
264, 149
264, 147
263, 146
263, 143
262, 142
262, 139
261, 138
261, 126
260, 125
260, 122
261, 121
261, 114
262, 113
262, 108
263, 107
263, 104
264, 103
264, 101
265, 100
265, 97
266, 96
266, 95
267, 94
267, 93
268, 92
268, 91
269, 90
269, 89
270, 88
270, 87
271, 86
271, 85
272, 84
272, 83
275, 80
275, 79
278, 76
278, 75
290, 63
291, 63
293, 61
294, 61
295, 60
296, 60
298, 58
299, 58
300, 57
301, 57
302, 56
303, 56
304, 55
306, 55
307, 54
309, 54
310, 53
312, 53
313, 52
316, 52
317, 51
124, 25
125, 24
132, 25
133, 25
135, 27
136, 27
139, 30
139, 31
141, 33
141, 34
142, 35
142, 36
143, 37
143, 38
144, 39
144, 41
145, 42
145, 45
146, 46
146, 51
147, 52
147, 70
146, 71
145, 79
145, 84
144, 85
144, 89
143, 90
143, 93
142, 94
142, 96
141, 97
141, 99
140, 100
140, 102
139, 103
139, 105
138, 106
138, 107
137, 108
137, 109
136, 110
136, 112
135, 113
135, 114
134, 115
134, 116
133, 117
133, 118
132, 119
132, 120
131, 121
131, 122
130, 123
130, 124
128, 126
128, 127
127, 128
127, 129
125, 131
125, 132
124, 133
124, 134
119, 139
119, 140
118, 141
118, 142
117, 143
117, 144
114, 147
114, 148
111, 147
111, 145
110, 144
110, 143
109, 142
109, 140
108, 139
108, 137
107, 136
107, 133
106, 132
106, 129
105, 128
105, 125
104, 124
104, 121
103, 120
103, 114
102, 113
102, 106
101, 105
101, 76
102, 75
103, 68
103, 63
104, 62
104, 59
105, 58
105, 55
106, 54
106, 52
107, 51
107, 49
108, 48
108, 46
109, 45
109, 43
110, 42
110, 41
111, 40
111, 39
112, 38
112, 37
113, 36
113, 35
116, 32
116, 31
121, 26
122, 26
123, 25
