4, 2
392, 4
390, 369
2, 367
98, 353
109, 353
25, 279
25, 282
26, 283
26, 286
27, 287
27, 289
28, 290
28, 293
29, 294
29, 295
30, 296
30, 298
31, 299
31, 300
32, 301
32, 303
33, 304
33, 305
34, 306
34, 307
35, 308
35, 309
36, 310
36, 311
37, 312
37, 313
38, 314
38, 315
40, 317
40, 318
42, 320
42, 321
43, 322
43, 323
46, 326
46, 327
57, 338
58, 338
61, 341
62, 341
63, 342
64, 342
66, 344
67, 344
68, 345
69, 345
70, 346
72, 346
73, 347
74, 347
75, 348
77, 348
78, 349
80, 349
81, 350
84, 350
85, 351
89, 351
90, 352
96, 352
90, 352
89, 351
85, 351
84, 350
81, 350
80, 349
78, 349
77, 348
76, 348
75, 347
73, 347
72, 346
71, 346
70, 345
68, 345
66, 343
65, 343
64, 342
63, 342
60, 339
59, 339
56, 336
55, 336
48, 329
48, 328
45, 325
45, 324
42, 321
42, 320
41, 319
41, 318
39, 316
39, 315
38, 314
38, 313
36, 311
36, 310
35, 309
35, 308
34, 307
34, 306
33, 305
33, 303
32, 302
32, 301
31, 300
31, 299
30, 298
30, 296
29, 295
29, 293
28, 292
28, 290
27, 289
27, 287
26, 286
26, 283
25, 282
22, 264
22, 268
23, 269
23, 273
24, 274
24, 277
24, 274
23, 273
23, 269
22, 268
195, 257
195, 259
194, 260
194, 262
193, 263
193, 265
192, 266
192, 268
191, 269
191, 270
190, 271
190, 273
189, 274
189, 275
188, 276
188, 278
187, 279
187, 280
185, 282
185, 283
184, 284
184, 285
183, 286
183, 287
182, 288
182, 289
180, 291
180, 292
178, 294
178, 295
177, 296
177, 297
176, 298
176, 299
174, 301
174, 302
172, 304
172, 305
171, 306
171, 307
169, 309
169, 310
168, 311
168, 312
166, 314
166, 315
164, 317
164, 318
162, 320
162, 321
159, 324
159, 325
148, 336
147, 336
145, 338
144, 338
142, 340
141, 340
139, 342
138, 342
136, 344
135, 344
134, 345
133, 345
132, 346
131, 346
130, 347
129, 347
128, 348
127, 348
126, 349
124, 349
123, 350
121, 350
120, 351
117, 351
116, 352
111, 352
116, 352
117, 351
121, 351
122, 350
124, 350
125, 349
126, 349
127, 348
129, 348
130, 347
131, 347
132, 346
133, 346
134, 345
135, 345
137, 343
138, 343
140, 341
141, 341
143, 339
144, 339
146, 337
147, 337
150, 334
151, 334
157, 328
157, 327
161, 323
161, 322
163, 320
163, 319
165, 317
165, 316
167, 314
167, 313
169, 311
169, 310
170, 309
170, 308
172, 306
172, 305
173, 304
173, 303
175, 301
175, 300
176, 299
176, 298
178, 296
178, 295
179, 294
179, 293
181, 291
181, 290
182, 289
182, 288
184, 286
184, 285
185, 284
185, 283
186, 282
186, 281
187, 280
187, 279
188, 278
188, 277
189, 276
189, 274
190, 273
190, 272
191, 271
191, 269
192, 268
192, 266
193, 265
193, 263
194, 262
194, 260
195, 259
117, 234
117, 237
116, 238
116, 242
115, 243
115, 246
114, 247
114, 249
113, 250
113, 251
110, 254
109, 254
108, 255
103, 255
102, 254
101, 254
100, 253
99, 253
97, 251
96, 251
95, 250
95, 249
93, 247
93, 245
92, 244
92, 241
91, 240
91, 237
91, 240
92, 241
92, 244
93, 245
93, 247
94, 248
94, 249
97, 252
98, 252
100, 254
102, 254
103, 255
109, 255
111, 253
112, 253
112, 252
113, 251
113, 250
114, 249
114, 247
115, 246
115, 243
116, 242
116, 238
117, 237
88, 217
88, 223
89, 224
89, 229
90, 230
90, 235
90, 230
89, 229
89, 224
88, 223
183, 203
183, 206
182, 207
182, 209
181, 210
181, 213
180, 214
180, 217
179, 218
179, 220
178, 221
178, 224
177, 225
177, 227
176, 228
176, 230
175, 231
175, 233
174, 234
174, 236
173, 237
173, 238
172, 239
172, 240
171, 241
171, 242
170, 243
170, 244
169, 245
169, 246
168, 247
168, 249
166, 251
166, 252
165, 253
165, 254
164, 255
164, 256
162, 258
162, 259
155, 266
154, 266
153, 267
151, 267
150, 266
149, 266
148, 265
148, 264
146, 262
146, 261
145, 260
145, 258
144, 257
144, 256
143, 255
143, 253
142, 252
142, 247
142, 252
143, 253
143, 255
144, 256
144, 258
145, 259
145, 260
146, 261
146, 262
147, 263
147, 264
150, 267
153, 267
154, 266
155, 266
156, 265
157, 265
160, 262
160, 261
163, 258
163, 257
164, 256
164, 255
166, 253
166, 252
167, 251
167, 250
168, 249
168, 248
169, 247
169, 246
170, 245
170, 244
171, 243
171, 242
172, 241
172, 239
173, 238
173, 237
174, 236
174, 234
175, 233
175, 231
176, 230
176, 228
177, 227
177, 225
178, 224
178, 221
179, 220
179, 218
180, 217
180, 214
181, 213
181, 210
182, 209
182, 207
183, 206
214, 195
214, 198
213, 199
213, 202
212, 203
212, 205
211, 206
211, 207
210, 208
210, 210
209, 211
209, 212
208, 213
208, 214
207, 215
207, 216
206, 217
206, 219
205, 220
205, 221
204, 222
204, 224
203, 225
203, 227
202, 228
202, 230
201, 231
201, 233
200, 234
200, 237
199, 238
199, 242
198, 243
198, 247
197, 248
197, 251
196, 252
196, 255
196, 252
197, 251
197, 248
198, 247
198, 243
199, 242
199, 238
200, 237
200, 234
201, 233
201, 231
202, 230
202, 228
203, 227
203, 225
204, 224
204, 222
205, 221
205, 220
206, 219
206, 217
207, 216
207, 215
208, 214
208, 213
209, 212
209, 211
210, 210
210, 209
211, 208
211, 206
212, 205
212, 203
213, 202
213, 199
214, 198
132, 195
131, 196
130, 196
130, 197
128, 199
128, 200
127, 201
127, 203
126, 204
126, 205
125, 206
125, 208
124, 209
124, 211
123, 212
123, 215
122, 216
122, 218
121, 219
121, 222
120, 223
120, 225
119, 226
119, 229
118, 230
118, 232
118, 230
119, 229
119, 226
120, 225
120, 223
121, 222
121, 219
122, 218
122, 216
123, 215
123, 213
124, 212
124, 209
125, 208
125, 206
126, 205
126, 204
127, 203
127, 202
128, 201
128, 199
131, 196
132, 196
133, 195
136, 198
136, 199
137, 200
137, 201
138, 202
138, 204
139, 205
139, 209
140, 210
140, 214
141, 215
141, 245
141, 215
140, 214
140, 210
139, 209
139, 205
138, 204
138, 202
137, 201
137, 199
136, 198
136, 197
135, 196
134, 196
133, 195
215, 189
215, 193
27, 184
24, 187
24, 188
23, 189
23, 192
23, 189
24, 188
24, 187
188, 182
188, 185
187, 186
187, 189
186, 190
186, 193
185, 194
185, 197
184, 198
184, 201
184, 198
185, 197
185, 194
186, 193
186, 190
187, 189
187, 186
188, 185
217, 178
217, 181
216, 182
216, 187
216, 182
217, 181
19, 177
19, 194
20, 165
20, 174
86, 163
86, 176
222, 161
222, 162
221, 163
221, 165
220, 166
220, 169
219, 170
219, 172
218, 173
218, 176
218, 173
219, 172
219, 170
220, 169
220, 167
222, 165
223, 166
223, 164
224, 163
224, 162
223, 161
193, 159
193, 163
192, 164
192, 168
191, 169
191, 172
190, 173
190, 176
189, 177
189, 180
189, 177
190, 176
190, 173
191, 172
191, 169
192, 168
192, 164
193, 163
258, 155
258, 164
21, 155
21, 163
194, 153
194, 157
195, 147
195, 151
257, 146
257, 153
87, 146
87, 161
196, 139
196, 145
101, 137
101, 141
100, 142
100, 147
99, 148
99, 153
98, 154
98, 159
97, 160
97, 164
96, 165
96, 169
95, 170
95, 173
94, 174
94, 177
93, 178
93, 181
92, 182
92, 185
91, 186
91, 188
90, 189
90, 191
89, 192
89, 194
88, 195
88, 196
87, 197
86, 197
85, 196
85, 178
85, 204
84, 205
84, 208
83, 209
83, 210
82, 211
82, 212
81, 213
81, 214
80, 215
80, 216
79, 217
79, 218
78, 219
78, 220
76, 222
76, 223
75, 224
75, 225
74, 226
74, 227
72, 229
72, 230
71, 231
71, 232
68, 235
68, 236
66, 238
66, 239
63, 242
63, 243
51, 255
50, 255
48, 257
47, 257
45, 259
44, 259
43, 260
35, 260
34, 259
33, 259
32, 258
31, 258
27, 254
27, 253
25, 251
25, 250
24, 249
24, 247
23, 246
23, 244
22, 243
22, 239
21, 238
21, 229
20, 228
20, 211
21, 210
21, 199
22, 198
22, 194
22, 198
21, 199
21, 208
20, 209
19, 209
18, 208
18, 198
18, 233
19, 234
19, 248
20, 249
20, 256
21, 257
21, 262
21, 257
20, 256
20, 249
19, 248
19, 241
20, 240
21, 240
22, 241
22, 243
23, 244
23, 246
24, 247
24, 249
25, 250
25, 251
26, 252
26, 253
28, 255
28, 256
29, 257
30, 257
32, 259
33, 259
34, 260
43, 260
44, 259
45, 259
46, 258
47, 258
49, 256
50, 256
55, 251
56, 251
59, 248
59, 247
65, 241
65, 240
67, 238
67, 237
69, 235
69, 234
71, 232
71, 231
73, 229
73, 228
74, 227
74, 226
76, 224
76, 223
77, 222
77, 221
78, 220
78, 219
80, 217
80, 216
81, 215
81, 214
82, 213
82, 211
83, 210
83, 209
84, 208
86, 208
87, 209
87, 215
87, 209
86, 208
86, 205
87, 204
87, 198
88, 197
88, 195
89, 194
89, 192
90, 191
90, 189
91, 188
91, 186
92, 185
92, 182
93, 181
93, 178
94, 177
94, 174
95, 173
95, 170
96, 169
96, 165
97, 164
97, 160
98, 159
98, 154
99, 153
99, 148
100, 147
100, 142
101, 141
250, 134
249, 135
248, 135
247, 136
247, 137
244, 140
244, 141
243, 142
243, 143
242, 144
242, 145
241, 146
241, 147
240, 148
240, 150
239, 151
239, 152
238, 153
238, 155
237, 156
237, 157
236, 158
236, 160
235, 161
235, 163
234, 164
234, 166
233, 167
233, 168
232, 169
232, 171
231, 172
231, 174
230, 175
230, 177
229, 178
229, 179
228, 180
228, 182
227, 183
227, 184
226, 185
226, 186
224, 188
223, 188
222, 187
222, 182
223, 181
223, 171
223, 181
222, 182
222, 188
221, 189
221, 191
222, 191
223, 190
224, 190
224, 189
226, 187
226, 186
227, 185
227, 183
228, 182
228, 181
229, 180
229, 178
230, 177
230, 175
231, 174
231, 172
232, 171
232, 170
233, 169
233, 167
234, 166
234, 164
235, 163
235, 161
236, 160
236, 159
237, 158
237, 156
238, 155
238, 154
239, 153
239, 151
240, 150
240, 149
241, 148
241, 146
242, 145
242, 144
243, 143
243, 142
245, 140
245, 139
249, 135
252, 135
255, 138
255, 140
256, 141
256, 144
256, 141
255, 140
255, 138
254, 137
254, 136
253, 135
252, 135
251, 134
24, 134
24, 139
23, 140
23, 146
22, 147
22, 153
22, 147
23, 146
23, 140
24, 139
25, 129
25, 132
87, 122
87, 138
104, 116
104, 123
103, 124
103, 129
102, 130
102, 135
102, 130
103, 129
103, 124
104, 123
197, 107
197, 137
105, 106
105, 114
309, 105
309, 107
308, 108
308, 110
307, 111
307, 113
306, 114
306, 116
305, 117
305, 118
304, 119
304, 121
303, 122
303, 123
302, 124
302, 125
300, 127
300, 128
298, 130
293, 130
292, 131
292, 132
291, 133
291, 135
290, 136
290, 137
289, 138
289, 139
288, 140
288, 141
287, 142
287, 144
286, 145
286, 146
285, 147
285, 149
284, 150
284, 151
283, 152
283, 154
282, 155
282, 156
281, 157
281, 158
280, 159
280, 160
279, 161
279, 163
278, 164
278, 165
277, 166
277, 167
276, 168
276, 169
274, 171
274, 172
273, 173
273, 174
271, 176
271, 177
267, 181
266, 181
265, 182
264, 182
261, 179
261, 178
260, 177
260, 174
259, 173
259, 166
259, 173
260, 174
260, 178
261, 179
261, 180
263, 182
265, 182
266, 181
267, 181
272, 176
272, 175
274, 173
274, 172
275, 171
275, 170
276, 169
276, 168
277, 167
277, 166
278, 165
278, 164
279, 163
279, 162
280, 161
280, 160
281, 159
281, 157
282, 156
282, 155
283, 154
283, 152
284, 151
284, 150
285, 149
285, 147
286, 146
286, 145
287, 144
287, 143
288, 142
288, 140
289, 139
289, 138
290, 137
290, 136
291, 135
291, 134
294, 131
297, 131
301, 127
301, 126
303, 124
303, 122
304, 121
304, 120
305, 119
305, 117
306, 116
306, 114
307, 113
307, 111
308, 110
308, 108
309, 107
196, 99
196, 105
86, 99
86, 120
106, 95
106, 104
195, 93
195, 97
314, 88
314, 90
313, 91
313, 93
312, 94
312, 97
311, 98
311, 100
310, 101
310, 103
310, 101
311, 100
311, 98
312, 97
312, 94
313, 93
313, 91
314, 90
107, 84
107, 93
86, 81
86, 96
323, 79
323, 89
108, 63
108, 82
323, 62
322, 63
322, 65
321, 66
321, 67
320, 68
320, 70
319, 71
319, 73
318, 74
318, 76
317, 77
317, 79
316, 80
316, 83
315, 84
315, 86
315, 84
316, 83
316, 80
317, 79
317, 77
318, 76
318, 74
319, 73
319, 71
320, 70
320, 69
321, 68
321, 67
322, 66
323, 66
324, 67
324, 76
324, 63
374, 58
371, 61
371, 62
368, 65
368, 66
364, 70
364, 71
361, 74
361, 75
358, 78
358, 79
356, 81
356, 82
350, 88
350, 89
341, 98
340, 98
336, 102
335, 102
333, 104
328, 104
326, 102
326, 101
325, 100
325, 99
324, 98
324, 92
324, 98
325, 99
325, 101
326, 102
326, 103
327, 104
333, 104
334, 103
335, 103
337, 101
338, 101
354, 85
354, 84
357, 81
357, 80
360, 77
360, 76
362, 74
362, 73
366, 69
366, 68
370, 64
370, 63
373, 60
373, 59
99, 51
98, 52
97, 52
94, 55
94, 56
92, 58
92, 59
91, 60
91, 61
90, 62
90, 63
89, 64
89, 67
88, 68
88, 72
87, 73
87, 79
87, 73
88, 72
88, 68
89, 67
89, 65
90, 64
90, 62
91, 61
91, 60
93, 58
93, 57
99, 51
102, 51
106, 55
106, 56
107, 57
107, 61
107, 57
106, 56
106, 54
103, 51
106, 21
105, 22
102, 22
101, 23
98, 23
97, 24
94, 24
93, 25
92, 25
91, 26
89, 26
88, 27
87, 27
86, 28
85, 28
84, 29
83, 29
81, 31
80, 31
78, 33
77, 33
74, 36
73, 36
55, 54
55, 55
52, 58
52, 59
50, 61
50, 62
48, 64
48, 65
47, 66
47, 67
45, 69
45, 70
44, 71
44, 72
43, 73
43, 74
42, 75
42, 76
41, 77
41, 78
40, 79
40, 81
39, 82
39, 83
38, 84
38, 86
37, 87
37, 88
36, 89
36, 91
35, 92
35, 94
34, 95
34, 97
33, 98
33, 100
32, 101
32, 103
31, 104
31, 107
30, 108
30, 110
29, 111
29, 114
28, 115
28, 118
27, 119
27, 123
26, 124
26, 127
26, 124
27, 123
27, 119
28, 118
28, 115
29, 114
29, 111
30, 110
30, 108
31, 107
31, 104
32, 103
32, 101
33, 100
33, 98
34, 97
34, 95
35, 94
35, 92
36, 91
36, 90
37, 89
37, 87
38, 86
38, 85
39, 84
39, 82
40, 81
40, 80
41, 79
41, 78
42, 77
42, 76
43, 75
43, 73
45, 71
45, 70
46, 69
46, 68
47, 67
47, 66
49, 64
49, 63
51, 61
51, 60
53, 58
53, 57
58, 52
58, 51
71, 38
72, 38
76, 34
77, 34
79, 32
80, 32
82, 30
83, 30
84, 29
85, 29
86, 28
87, 28
88, 27
89, 27
90, 26
91, 26
92, 25
93, 25
94, 24
97, 24
98, 23
101, 23
102, 22
105, 22
106, 21
110, 21
147, 19
149, 19
150, 20
151, 20
152, 21
153, 21
155, 23
156, 23
158, 25
159, 25
165, 31
165, 32
170, 37
170, 38
172, 40
172, 41
175, 44
175, 45
176, 46
176, 47
178, 49
178, 50
180, 52
180, 53
181, 54
181, 55
182, 56
182, 57
183, 58
183, 59
184, 60
184, 61
185, 62
185, 63
186, 64
186, 65
187, 66
187, 68
188, 69
188, 70
189, 71
189, 73
190, 74
190, 76
191, 77
191, 80
192, 81
192, 83
193, 84
193, 87
194, 88
194, 91
194, 88
193, 87
193, 84
192, 83
192, 80
191, 79
191, 77
190, 76
190, 74
189, 73
189, 71
188, 70
188, 68
187, 67
187, 66
186, 65
186, 64
185, 63
185, 62
184, 61
184, 59
183, 58
183, 57
181, 55
181, 54
180, 53
180, 52
179, 51
179, 50
177, 48
177, 47
176, 46
176, 45
174, 43
174, 42
171, 39
171, 38
168, 35
168, 34
158, 24
157, 24
155, 22
154, 22
153, 21
152, 21
151, 20
150, 20
149, 19
127, 17
126, 18
121, 18
120, 19
116, 19
115, 20
112, 20
115, 20
116, 19
120, 19
121, 18
126, 18
127, 17
141, 17
142, 18
145, 18
142, 18
141, 17
