4, 2
474, 4
472, 369
2, 367
153, 16
152, 17
149, 17
148, 18
145, 18
144, 19
143, 19
142, 20
140, 20
139, 21
138, 21
137, 22
136, 22
135, 23
134, 23
133, 24
132, 24
130, 26
129, 26
127, 28
126, 28
124, 30
123, 30
120, 33
119, 33
115, 37
114, 37
109, 42
108, 42
93, 57
93, 58
88, 63
88, 64
85, 67
85, 68
82, 71
82, 72
80, 74
80, 75
78, 77
78, 78
76, 80
76, 81
74, 83
74, 84
73, 85
73, 86
71, 88
71, 89
70, 90
70, 91
69, 92
69, 93
67, 95
67, 96
66, 97
66, 98
65, 99
65, 100
64, 101
64, 102
63, 103
63, 104
62, 105
62, 106
61, 107
61, 108
60, 109
60, 110
59, 111
59, 112
58, 113
58, 115
57, 116
57, 117
56, 118
56, 119
55, 120
55, 121
54, 122
54, 124
53, 125
53, 126
52, 127
52, 128
51, 129
51, 131
50, 132
50, 133
49, 134
49, 135
48, 136
48, 138
47, 139
47, 140
46, 141
46, 143
45, 144
45, 145
44, 146
44, 148
43, 149
43, 150
42, 151
42, 153
41, 154
41, 156
40, 157
40, 159
39, 160
39, 162
38, 163
38, 165
37, 166
37, 168
36, 169
36, 172
35, 173
35, 175
34, 176
34, 179
33, 180
33, 182
32, 183
32, 186
31, 187
31, 190
30, 191
30, 194
29, 195
29, 198
28, 199
28, 202
27, 203
27, 207
26, 208
26, 212
25, 213
25, 217
24, 218
24, 222
23, 223
23, 229
22, 230
22, 238
21, 239
21, 267
22, 268
22, 273
23, 274
23, 280
22, 281
22, 297
23, 298
23, 301
24, 302
24, 304
25, 305
25, 306
28, 309
30, 309
31, 310
35, 310
37, 312
37, 313
38, 314
38, 315
39, 316
39, 317
41, 319
41, 320
43, 322
43, 323
45, 325
45, 326
52, 333
52, 334
54, 336
55, 336
60, 341
61, 341
63, 343
64, 343
66, 345
67, 345
68, 346
69, 346
70, 347
71, 347
72, 348
74, 348
75, 349
77, 349
78, 350
80, 350
81, 351
84, 351
85, 352
88, 352
89, 353
95, 353
96, 354
123, 354
124, 353
130, 353
131, 352
137, 352
138, 351
142, 351
143, 350
146, 350
147, 349
150, 349
151, 348
154, 348
155, 347
157, 347
158, 346
160, 346
161, 345
163, 345
164, 344
165, 344
166, 343
168, 343
169, 342
170, 342
171, 341
173, 341
174, 340
175, 340
176, 339
177, 339
178, 338
179, 338
180, 337
181, 337
182, 336
183, 336
184, 335
185, 335
186, 334
187, 334
188, 333
189, 333
191, 331
192, 331
194, 329
195, 329
196, 328
197, 328
199, 326
200, 326
202, 324
203, 324
206, 321
207, 321
211, 317
212, 317
228, 301
228, 300
233, 295
233, 294
237, 290
237, 289
239, 287
240, 288
240, 293
241, 294
243, 294
244, 293
244, 292
245, 291
245, 289
246, 288
246, 286
247, 285
247, 283
248, 282
248, 280
249, 279
249, 276
250, 275
250, 273
251, 272
251, 270
252, 269
252, 268
253, 267
253, 265
254, 264
254, 263
255, 262
255, 261
256, 260
256, 259
258, 257
258, 255
259, 254
259, 253
260, 252
260, 250
261, 249
261, 248
262, 247
262, 245
264, 243
264, 242
266, 240
266, 239
269, 236
272, 236
273, 237
273, 238
274, 239
274, 240
275, 241
275, 244
276, 245
276, 248
277, 249
277, 255
278, 256
278, 264
279, 265
279, 273
280, 274
280, 278
281, 279
281, 280
282, 281
283, 281
284, 280
285, 280
286, 279
286, 278
288, 276
288, 274
289, 273
289, 270
290, 269
290, 267
291, 266
291, 263
292, 262
292, 260
293, 259
293, 256
294, 255
294, 253
295, 252
295, 251
296, 250
296, 248
297, 247
297, 246
298, 245
298, 243
299, 242
299, 241
300, 240
300, 239
301, 238
301, 237
303, 235
303, 234
304, 233
304, 232
308, 228
308, 227
313, 222
314, 222
316, 220
317, 220
318, 219
319, 219
320, 218
322, 218
325, 221
325, 222
326, 223
326, 229
327, 230
327, 250
328, 251
328, 254
330, 256
332, 256
334, 254
335, 254
335, 253
337, 251
337, 250
338, 249
338, 248
339, 247
339, 245
340, 244
340, 243
341, 242
341, 240
342, 239
342, 238
343, 237
343, 235
344, 234
344, 233
345, 232
345, 231
346, 230
346, 229
347, 228
347, 227
348, 226
348, 225
350, 223
350, 222
351, 221
351, 220
353, 218
354, 218
355, 219
355, 221
356, 222
356, 234
357, 235
357, 245
358, 246
358, 251
359, 252
359, 255
360, 256
360, 258
361, 259
361, 260
362, 261
362, 262
363, 263
363, 264
367, 268
368, 268
369, 269
370, 269
371, 270
372, 270
373, 271
385, 271
386, 270
387, 270
388, 269
390, 269
391, 268
392, 268
394, 266
395, 266
397, 264
398, 264
401, 261
402, 261
406, 257
407, 257
425, 239
425, 238
429, 234
429, 233
432, 230
432, 229
433, 228
434, 229
434, 248
435, 249
435, 251
437, 251
437, 246
436, 245
436, 237
437, 236
437, 227
438, 226
438, 222
439, 221
439, 219
440, 218
440, 217
441, 216
441, 215
443, 213
443, 212
444, 211
444, 210
445, 209
445, 208
446, 207
446, 206
447, 205
447, 204
448, 203
448, 202
449, 201
449, 200
450, 199
450, 198
451, 197
451, 195
452, 194
452, 193
453, 192
453, 191
454, 190
454, 188
453, 187
451, 187
446, 192
446, 193
444, 195
444, 196
443, 197
443, 199
442, 200
442, 201
441, 202
441, 204
440, 205
440, 206
439, 207
439, 210
438, 211
438, 213
437, 214
437, 217
436, 218
436, 219
434, 221
434, 222
432, 224
432, 225
430, 227
430, 228
427, 231
427, 232
423, 236
423, 237
406, 254
405, 254
400, 259
399, 259
396, 262
395, 262
393, 264
392, 264
390, 266
388, 266
387, 267
386, 267
385, 268
382, 268
381, 269
376, 269
375, 268
373, 268
372, 267
371, 267
370, 266
369, 266
365, 262
365, 261
364, 260
364, 259
363, 258
363, 256
362, 255
362, 253
361, 252
361, 248
360, 247
360, 239
359, 238
359, 225
358, 224
358, 218
357, 217
357, 216
355, 214
353, 214
349, 218
349, 219
347, 221
347, 222
346, 223
346, 224
345, 225
345, 226
344, 227
344, 228
343, 229
343, 230
342, 231
342, 232
341, 233
341, 235
340, 236
340, 237
339, 238
339, 239
338, 240
338, 242
337, 243
337, 244
336, 245
336, 247
335, 248
335, 249
332, 252
331, 252
330, 251
330, 237
329, 236
329, 224
328, 223
328, 221
327, 220
327, 219
324, 216
317, 216
316, 217
315, 217
312, 220
311, 220
305, 226
305, 227
302, 230
302, 231
300, 233
300, 234
299, 235
299, 236
298, 237
298, 238
297, 239
297, 240
296, 241
296, 242
295, 243
295, 245
294, 246
294, 247
293, 248
293, 250
292, 251
292, 253
291, 254
291, 256
290, 257
290, 259
289, 260
289, 263
288, 264
288, 267
287, 268
287, 270
286, 271
286, 273
285, 274
285, 275
284, 276
282, 274
282, 268
281, 267
281, 259
280, 258
280, 251
279, 250
279, 246
278, 245
278, 242
277, 241
277, 239
276, 238
276, 237
275, 236
275, 235
273, 233
269, 233
268, 234
267, 234
264, 237
264, 238
262, 240
261, 240
260, 239
260, 237
259, 236
259, 234
258, 233
258, 232
255, 229
254, 229
253, 230
252, 230
251, 231
251, 232
250, 233
250, 234
249, 235
249, 237
248, 238
248, 241
247, 242
247, 245
246, 246
246, 250
245, 251
245, 256
244, 257
244, 262
243, 263
243, 268
242, 269
242, 275
241, 276
241, 279
240, 280
240, 281
237, 284
237, 285
234, 288
234, 289
231, 292
231, 293
225, 299
225, 300
210, 315
209, 315
205, 319
204, 319
202, 321
201, 321
198, 324
197, 324
196, 325
195, 325
193, 327
192, 327
190, 329
189, 329
188, 330
187, 330
185, 332
184, 332
183, 333
182, 333
181, 334
180, 334
179, 335
178, 335
177, 336
176, 336
175, 337
174, 337
173, 338
171, 338
170, 339
169, 339
168, 340
167, 340
166, 341
164, 341
163, 342
161, 342
160, 343
158, 343
157, 344
155, 344
154, 345
152, 345
151, 346
148, 346
147, 347
144, 347
143, 348
140, 348
139, 349
134, 349
133, 350
126, 350
125, 351
115, 351
114, 352
106, 352
105, 351
94, 351
93, 350
88, 350
87, 349
84, 349
83, 348
80, 348
79, 347
77, 347
76, 346
75, 346
74, 345
72, 345
71, 344
70, 344
69, 343
68, 343
66, 341
65, 341
63, 339
62, 339
48, 325
48, 324
45, 321
45, 320
43, 318
43, 317
41, 315
41, 314
40, 313
40, 312
39, 311
39, 310
38, 309
38, 308
39, 307
40, 307
44, 303
44, 302
48, 298
48, 297
50, 295
50, 294
52, 292
52, 291
54, 289
54, 288
56, 286
56, 285
58, 283
58, 282
59, 281
59, 280
61, 278
61, 277
62, 276
62, 275
63, 274
63, 273
64, 272
64, 271
66, 269
66, 268
67, 267
67, 266
68, 265
68, 264
69, 263
69, 262
70, 261
70, 260
72, 258
72, 257
73, 256
73, 255
74, 254
74, 253
75, 252
75, 251
76, 250
76, 249
77, 248
77, 247
78, 246
78, 245
79, 244
79, 243
80, 242
80, 241
81, 240
81, 239
82, 238
82, 237
83, 236
83, 235
84, 234
84, 233
85, 232
85, 231
86, 230
86, 229
87, 228
87, 227
88, 226
88, 225
89, 224
89, 223
90, 222
90, 221
91, 220
91, 219
92, 218
92, 217
93, 216
93, 215
94, 214
94, 213
95, 212
95, 211
96, 210
96, 209
97, 208
97, 207
98, 206
98, 205
99, 204
99, 203
100, 202
100, 201
101, 200
101, 199
102, 198
102, 197
103, 196
103, 195
104, 194
104, 193
105, 192
105, 191
106, 190
106, 189
107, 188
107, 187
108, 186
108, 185
109, 184
109, 183
110, 182
110, 181
111, 180
111, 179
112, 178
112, 177
113, 176
113, 175
114, 174
114, 173
115, 172
115, 171
116, 170
116, 169
117, 168
117, 167
118, 166
118, 165
120, 163
120, 162
121, 161
121, 160
122, 159
122, 158
123, 157
123, 156
124, 155
124, 154
125, 153
126, 154
126, 158
125, 159
125, 162
124, 163
124, 167
123, 168
123, 172
122, 173
122, 177
121, 178
121, 182
120, 183
120, 187
119, 188
119, 193
118, 194
118, 199
117, 200
117, 206
116, 207
116, 219
115, 220
115, 244
116, 245
116, 253
117, 254
117, 259
118, 260
118, 263
119, 264
119, 266
120, 267
120, 269
121, 270
121, 272
122, 273
122, 274
123, 275
123, 276
125, 278
125, 279
132, 286
133, 286
135, 288
136, 288
137, 289
138, 289
139, 290
140, 290
141, 291
143, 291
144, 292
148, 292
149, 293
153, 293
154, 292
157, 292
158, 291
160, 291
161, 290
162, 290
163, 289
164, 289
165, 288
166, 288
168, 286
169, 286
173, 282
174, 282
180, 276
180, 275
187, 268
187, 267
191, 263
191, 262
195, 258
195, 257
199, 253
199, 252
201, 250
201, 249
204, 246
204, 245
206, 243
206, 242
208, 240
208, 239
209, 238
209, 237
211, 235
211, 234
213, 232
213, 231
214, 230
214, 229
215, 228
215, 227
216, 226
216, 225
217, 224
217, 223
219, 221
219, 220
220, 219
220, 218
221, 217
221, 216
222, 215
222, 214
223, 213
223, 212
224, 211
224, 210
225, 209
225, 208
226, 207
226, 206
227, 205
227, 203
228, 202
228, 201
229, 200
229, 199
230, 198
230, 197
231, 196
231, 194
232, 193
232, 191
233, 190
233, 189
234, 188
234, 186
235, 185
235, 183
236, 182
236, 180
237, 179
237, 177
238, 176
238, 173
239, 172
239, 169
240, 168
240, 165
241, 164
241, 160
242, 159
242, 155
243, 154
243, 149
244, 148
244, 141
245, 140
245, 129
246, 128
246, 102
245, 101
245, 96
244, 95
244, 91
243, 90
243, 87
242, 86
242, 85
241, 84
241, 82
240, 81
240, 80
239, 79
239, 78
238, 77
238, 76
237, 75
237, 74
236, 73
236, 72
233, 69
233, 68
230, 65
230, 64
215, 49
214, 49
209, 44
208, 44
202, 38
201, 38
192, 29
191, 29
187, 25
186, 25
183, 22
182, 22
181, 21
180, 21
179, 20
178, 20
177, 19
176, 19
175, 18
173, 18
172, 17
170, 17
169, 16
25, 290
26, 289
27, 290
27, 291
28, 292
28, 294
29, 295
29, 296
30, 297
30, 299
31, 300
31, 301
32, 302
32, 303
33, 304
33, 306
32, 307
31, 307
30, 306
29, 306
28, 305
28, 304
26, 302
26, 299
25, 298
254, 233
256, 235
256, 236
257, 237
257, 239
258, 240
258, 248
257, 249
257, 250
256, 251
256, 252
255, 253
255, 254
254, 255
254, 256
253, 257
253, 259
252, 260
252, 261
251, 262
251, 263
250, 264
250, 265
249, 266
249, 267
246, 270
245, 269
245, 267
246, 266
246, 261
247, 260
247, 255
248, 254
248, 250
249, 249
249, 245
250, 244
250, 241
251, 240
251, 237
252, 236
252, 235
150, 46
153, 49
153, 50
155, 52
155, 53
156, 54
156, 55
157, 56
157, 57
158, 58
158, 60
159, 61
159, 63
160, 64
160, 66
161, 67
161, 70
162, 71
162, 79
161, 80
161, 82
160, 83
160, 85
159, 86
159, 87
158, 88
158, 89
157, 90
157, 91
156, 92
156, 93
155, 94
155, 95
154, 96
154, 97
152, 99
152, 100
151, 101
151, 102
149, 104
149, 105
148, 106
148, 107
146, 109
146, 110
144, 112
144, 113
143, 114
143, 115
142, 116
142, 117
140, 119
140, 120
139, 121
139, 122
137, 124
136, 123
136, 119
137, 118
137, 113
138, 112
138, 105
139, 104
139, 98
140, 97
140, 90
141, 89
141, 82
142, 81
142, 73
143, 72
143, 66
144, 65
144, 60
145, 59
145, 56
146, 55
146, 53
147, 52
147, 50
148, 49
148, 48
156, 19
157, 18
165, 18
166, 19
170, 19
171, 20
172, 20
173, 21
175, 21
176, 22
177, 22
178, 23
179, 23
180, 24
181, 24
184, 27
185, 27
190, 32
191, 32
200, 41
201, 41
206, 46
207, 46
212, 51
213, 51
227, 65
227, 66
231, 70
231, 71
233, 73
233, 74
235, 76
235, 77
236, 78
236, 79
237, 80
237, 81
238, 82
238, 83
239, 84
239, 86
240, 87
240, 89
241, 90
241, 93
242, 94
242, 99
243, 100
243, 132
242, 133
242, 142
241, 143
241, 149
240, 150
240, 156
239, 157
239, 161
238, 162
238, 165
237, 166
237, 169
236, 170
236, 173
235, 174
235, 176
234, 177
234, 179
233, 180
233, 183
232, 184
232, 185
231, 186
231, 188
230, 189
230, 191
229, 192
229, 193
228, 194
228, 196
227, 197
227, 198
226, 199
226, 200
225, 201
225, 202
224, 203
224, 204
223, 205
223, 207
222, 208
222, 209
221, 210
221, 211
220, 212
220, 213
219, 214
219, 215
218, 216
218, 217
216, 219
216, 220
215, 221
215, 222
214, 223
214, 224
213, 225
213, 226
212, 227
212, 228
210, 230
210, 231
209, 232
209, 233
207, 235
207, 236
206, 237
206, 238
204, 240
204, 241
202, 243
202, 244
199, 247
199, 248
196, 251
196, 252
193, 255
193, 256
189, 260
189, 261
184, 266
184, 267
176, 275
176, 276
173, 279
172, 279
167, 284
166, 284
164, 286
163, 286
162, 287
161, 287
160, 288
159, 288
158, 289
155, 289
154, 290
146, 290
145, 289
143, 289
142, 288
141, 288
140, 287
139, 287
138, 286
137, 286
135, 284
134, 284
127, 277
127, 276
126, 275
126, 274
125, 273
125, 272
124, 271
124, 270
123, 269
123, 268
122, 267
122, 264
121, 263
121, 261
120, 260
120, 256
119, 255
119, 249
118, 248
118, 214
119, 213
119, 205
120, 204
120, 198
121, 197
121, 192
122, 191
122, 187
123, 186
123, 182
124, 181
124, 177
125, 176
125, 172
126, 171
126, 167
127, 166
127, 162
128, 161
128, 157
129, 156
129, 153
130, 152
130, 148
131, 147
131, 144
132, 143
132, 140
133, 139
133, 137
134, 136
134, 135
135, 134
135, 133
137, 131
137, 130
138, 129
138, 128
139, 127
139, 126
141, 124
141, 123
142, 122
142, 121
144, 119
144, 118
145, 117
145, 116
147, 114
147, 113
148, 112
148, 111
150, 109
150, 108
151, 107
151, 106
153, 104
153, 103
154, 102
154, 101
156, 99
156, 98
157, 97
157, 96
158, 95
158, 94
159, 93
159, 92
160, 91
160, 90
161, 89
161, 88
162, 87
162, 85
163, 84
163, 83
164, 82
164, 79
165, 78
165, 73
164, 72
164, 68
163, 67
163, 65
162, 64
162, 61
161, 60
161, 58
160, 57
160, 56
159, 55
159, 53
157, 51
157, 50
155, 48
155, 47
152, 44
152, 43
151, 43
150, 42
149, 43
148, 43
147, 44
147, 45
146, 46
146, 47
145, 48
145, 49
144, 50
144, 53
143, 54
143, 56
142, 57
142, 61
141, 62
141, 67
140, 68
140, 75
139, 76
139, 83
138, 84
138, 91
137, 92
137, 99
136, 100
136, 107
135, 108
135, 114
134, 115
134, 120
133, 121
133, 126
132, 127
132, 131
131, 132
131, 135
130, 136
130, 137
129, 138
129, 139
128, 140
128, 141
127, 142
127, 143
126, 144
126, 145
124, 147
124, 148
123, 149
123, 150
122, 151
122, 152
121, 153
121, 154
120, 155
120, 156
119, 157
119, 158
118, 159
118, 160
117, 161
117, 162
116, 163
116, 164
115, 165
115, 166
114, 167
114, 168
113, 169
113, 170
112, 171
112, 172
111, 173
111, 174
110, 175
110, 176
109, 177
109, 178
108, 179
108, 180
107, 181
107, 182
106, 183
106, 184
105, 185
105, 186
104, 187
104, 188
103, 189
103, 190
102, 191
102, 192
101, 193
101, 194
100, 195
100, 196
99, 197
99, 198
98, 199
98, 200
97, 201
97, 202
96, 203
96, 204
95, 205
95, 206
94, 207
94, 208
93, 209
93, 210
92, 211
92, 212
91, 213
91, 214
90, 215
90, 216
89, 217
89, 218
88, 219
88, 220
87, 221
87, 222
86, 223
86, 224
85, 225
85, 226
84, 227
84, 228
83, 229
83, 230
82, 231
82, 232
81, 233
81, 234
80, 235
80, 236
79, 237
79, 238
78, 239
78, 240
77, 241
77, 242
76, 243
76, 244
75, 245
75, 246
74, 247
74, 248
73, 249
73, 250
72, 251
72, 252
70, 254
70, 255
69, 256
69, 257
68, 258
68, 259
67, 260
67, 261
66, 262
66, 263
65, 264
65, 265
63, 267
63, 268
62, 269
62, 270
61, 271
61, 272
60, 273
60, 274
59, 275
59, 276
57, 278
57, 279
56, 280
56, 281
54, 283
54, 284
52, 286
52, 287
50, 289
50, 290
48, 292
48, 293
46, 295
46, 296
37, 305
35, 303
35, 302
34, 301
34, 300
33, 299
33, 298
32, 297
32, 295
31, 294
31, 292
30, 291
30, 290
29, 289
29, 287
28, 286
28, 284
27, 283
27, 280
26, 279
26, 271
27, 270
27, 263
28, 262
28, 257
30, 255
31, 255
31, 253
30, 252
30, 251
29, 250
29, 248
28, 247
27, 247
27, 248
26, 249
26, 256
25, 257
24, 257
23, 256
23, 251
24, 250
24, 236
25, 235
25, 228
26, 227
26, 222
27, 221
27, 216
28, 215
28, 211
29, 210
29, 207
30, 206
30, 202
31, 201
31, 198
32, 197
32, 194
33, 193
33, 190
34, 189
34, 186
35, 185
35, 182
36, 181
36, 179
37, 178
37, 175
38, 174
38, 172
39, 171
39, 169
40, 168
40, 166
41, 165
41, 163
42, 162
42, 160
43, 159
43, 157
44, 156
44, 154
45, 153
45, 151
46, 150
46, 149
47, 148
47, 146
48, 145
48, 143
49, 142
49, 141
50, 140
50, 139
51, 138
51, 136
52, 135
52, 134
53, 133
53, 131
54, 130
54, 129
55, 128
55, 127
56, 126
56, 124
57, 123
57, 122
58, 121
58, 120
59, 119
59, 118
60, 117
60, 116
61, 115
61, 114
62, 113
62, 111
63, 110
63, 109
64, 108
64, 107
65, 106
65, 105
66, 104
66, 103
67, 102
67, 101
68, 100
68, 99
70, 97
70, 96
71, 95
71, 94
72, 93
72, 92
73, 91
73, 90
75, 88
75, 87
76, 86
76, 85
78, 83
78, 82
80, 80
80, 79
82, 77
82, 76
85, 73
85, 72
87, 70
87, 69
91, 65
91, 64
96, 59
96, 58
110, 44
111, 44
116, 39
117, 39
121, 35
122, 35
125, 32
126, 32
128, 30
129, 30
131, 28
132, 28
133, 27
134, 27
136, 25
137, 25
138, 24
139, 24
140, 23
141, 23
142, 22
144, 22
145, 21
147, 21
148, 20
151, 20
152, 19
