128, 2
130, 367
4, 369
2, 4
38, 239
37, 240
36, 240
36, 242
35, 243
35, 251
34, 252
34, 258
33, 259
33, 266
32, 267
32, 273
31, 274
31, 278
30, 279
30, 281
31, 282
34, 282
35, 281
35, 279
36, 278
36, 273
37, 272
37, 266
38, 265
38, 259
39, 258
39, 251
40, 250
40, 244
41, 243
41, 242
40, 241
40, 240
39, 239
61, 235
60, 236
60, 237
59, 238
59, 240
58, 241
58, 243
57, 244
57, 246
56, 247
56, 250
55, 251
55, 254
54, 255
54, 259
53, 260
53, 277
54, 278
56, 278
58, 276
58, 262
59, 261
59, 256
60, 255
60, 252
61, 251
61, 249
62, 248
62, 246
63, 245
63, 243
64, 242
64, 240
65, 239
65, 236
64, 236
63, 235
68, 15
67, 16
65, 16
57, 24
57, 25
54, 28
54, 29
52, 31
52, 32
51, 33
51, 34
50, 35
50, 36
48, 38
48, 39
47, 40
47, 41
46, 42
46, 43
45, 44
45, 45
44, 46
44, 47
43, 48
43, 49
42, 50
42, 51
41, 52
41, 54
40, 55
40, 56
39, 57
39, 58
38, 59
38, 61
37, 62
37, 63
36, 64
36, 66
35, 67
35, 68
34, 69
34, 71
31, 74
30, 73
30, 72
29, 71
29, 69
28, 68
28, 66
27, 65
27, 63
26, 62
26, 59
25, 58
25, 56
24, 55
24, 53
23, 52
23, 50
22, 49
22, 47
21, 46
21, 44
20, 43
20, 41
19, 40
19, 38
18, 37
18, 35
17, 34
17, 32
16, 31
16, 29
15, 28
15, 27
14, 26
14, 24
13, 23
13, 22
12, 21
10, 21
9, 22
9, 26
10, 27
10, 37
11, 38
11, 49
12, 50
12, 72
13, 73
13, 77
12, 78
12, 109
11, 110
11, 127
12, 127
13, 128
16, 125
16, 124
18, 122
18, 121
20, 119
20, 118
23, 115
24, 115
25, 114
34, 114
35, 115
37, 115
38, 116
40, 116
41, 117
43, 117
44, 118
46, 118
47, 119
48, 119
49, 120
50, 120
51, 121
52, 121
53, 122
54, 122
56, 124
57, 124
62, 129
62, 130
65, 133
65, 134
67, 136
67, 137
68, 138
68, 139
70, 141
70, 142
71, 143
71, 144
73, 146
73, 147
75, 149
75, 150
76, 151
76, 152
78, 154
78, 155
79, 156
79, 158
80, 159
80, 160
81, 161
81, 163
82, 164
82, 167
83, 168
83, 172
84, 173
84, 177
85, 178
85, 182
86, 183
86, 188
87, 189
87, 195
88, 196
88, 205
89, 206
89, 249
88, 250
88, 260
87, 261
87, 267
86, 268
86, 273
85, 274
85, 277
84, 278
84, 282
83, 283
83, 285
82, 286
82, 289
81, 290
81, 293
80, 294
80, 296
79, 297
79, 299
78, 300
78, 302
77, 303
77, 305
76, 306
76, 308
75, 309
75, 311
74, 312
74, 313
73, 314
73, 315
72, 316
72, 318
71, 319
71, 320
69, 322
69, 323
68, 324
68, 325
67, 326
67, 327
66, 328
66, 329
64, 331
64, 332
63, 333
63, 334
61, 336
61, 337
57, 341
57, 342
51, 348
50, 348
48, 350
47, 350
46, 351
38, 351
37, 350
34, 350
33, 349
32, 349
31, 348
30, 348
29, 347
28, 347
19, 338
19, 337
18, 336
18, 335
17, 334
17, 332
16, 331
16, 329
15, 328
15, 326
14, 325
14, 322
13, 321
13, 317
12, 316
12, 312
11, 311
11, 306
10, 305
10, 298
9, 297
9, 289
8, 288
8, 268
9, 267
9, 258
10, 257
10, 251
11, 250
11, 245
12, 244
12, 239
13, 238
13, 234
14, 233
14, 230
15, 229
15, 226
16, 225
16, 223
17, 222
17, 220
18, 219
18, 217
19, 216
19, 214
20, 213
20, 212
21, 211
21, 210
22, 209
22, 208
23, 207
23, 206
24, 205
24, 204
25, 203
25, 202
26, 201
26, 200
28, 198
28, 197
30, 195
30, 194
37, 187
38, 187
39, 186
40, 186
41, 185
43, 185
44, 184
51, 184
52, 185
53, 185
57, 189
57, 190
60, 193
61, 192
61, 189
60, 188
60, 187
56, 183
55, 183
54, 182
53, 182
52, 181
43, 181
42, 182
39, 182
38, 183
37, 183
35, 185
34, 185
28, 191
28, 192
26, 194
26, 195
24, 197
24, 198
23, 199
23, 200
22, 201
22, 202
20, 204
20, 205
19, 206
19, 208
18, 209
18, 210
17, 211
17, 212
16, 213
16, 215
15, 216
15, 217
14, 218
14, 220
13, 221
13, 224
12, 225
12, 227
11, 228
11, 232
10, 233
10, 236
9, 237
9, 242
8, 243
8, 248
7, 249
7, 256
6, 257
6, 265
5, 266
5, 290
6, 291
6, 299
7, 300
7, 307
8, 308
8, 313
9, 314
9, 318
10, 319
10, 322
11, 323
11, 326
12, 327
12, 330
13, 331
13, 333
14, 334
14, 335
15, 336
15, 337
16, 338
16, 339
17, 340
17, 341
25, 349
26, 349
27, 350
28, 350
29, 351
30, 351
31, 352
32, 352
33, 353
35, 353
36, 354
47, 354
48, 353
49, 353
50, 352
51, 352
53, 350
54, 350
58, 346
58, 345
63, 340
63, 339
65, 337
65, 336
66, 335
66, 334
68, 332
68, 331
69, 330
69, 329
70, 328
70, 327
72, 325
72, 324
73, 323
73, 322
74, 321
74, 320
75, 319
75, 318
76, 317
76, 315
77, 314
77, 313
78, 312
78, 310
79, 309
79, 307
80, 306
80, 304
81, 303
81, 301
82, 300
82, 298
83, 297
83, 295
84, 294
84, 291
85, 290
85, 288
86, 287
86, 284
87, 283
87, 280
88, 279
88, 275
89, 274
89, 270
90, 269
90, 263
91, 262
91, 253
92, 252
92, 203
91, 202
91, 194
90, 193
90, 188
89, 187
89, 182
88, 181
88, 177
87, 176
87, 171
86, 170
86, 167
85, 166
85, 163
84, 162
84, 160
83, 159
83, 157
82, 156
82, 155
81, 154
81, 153
80, 152
80, 151
79, 150
79, 149
77, 147
77, 146
75, 144
75, 143
73, 141
73, 140
72, 139
72, 138
70, 136
70, 135
69, 134
69, 133
67, 131
67, 130
64, 127
64, 126
60, 122
59, 122
57, 120
56, 120
54, 118
53, 118
52, 117
51, 117
50, 116
48, 116
47, 115
46, 115
45, 114
42, 114
41, 113
39, 113
38, 112
36, 112
35, 111
31, 111
30, 110
27, 110
26, 111
24, 111
23, 112
22, 112
20, 114
19, 114
19, 115
15, 119
14, 118
14, 113
15, 112
15, 91
16, 90
16, 63
15, 62
15, 47
14, 46
14, 40
15, 39
16, 40
16, 41
17, 42
17, 44
18, 45
18, 47
19, 48
19, 50
20, 51
20, 53
21, 54
21, 56
22, 57
22, 60
23, 61
23, 63
24, 64
24, 66
25, 67
25, 69
26, 70
26, 72
27, 73
27, 75
30, 78
33, 78
35, 76
35, 75
36, 74
36, 73
37, 72
37, 71
38, 70
38, 68
39, 67
39, 65
40, 64
40, 63
41, 62
41, 60
42, 59
42, 58
43, 57
43, 56
44, 55
44, 54
45, 53
45, 52
46, 51
46, 49
47, 48
47, 47
48, 46
48, 45
50, 43
50, 42
51, 41
51, 40
52, 39
52, 38
53, 37
53, 36
55, 34
55, 33
56, 32
56, 31
59, 28
59, 27
67, 19
68, 19
69, 20
69, 35
68, 36
68, 67
69, 68
69, 78
70, 79
70, 86
71, 87
71, 90
72, 91
72, 92
73, 92
74, 93
75, 93
76, 92
77, 92
79, 90
79, 89
81, 87
81, 86
83, 84
83, 83
85, 81
85, 80
87, 78
87, 77
89, 75
89, 74
91, 72
91, 71
93, 69
93, 68
96, 65
96, 64
100, 60
100, 59
111, 48
112, 48
116, 44
117, 44
120, 41
121, 42
121, 44
120, 45
120, 46
119, 47
119, 49
118, 50
118, 51
117, 52
117, 54
116, 55
116, 56
115, 57
115, 59
114, 60
114, 62
113, 63
113, 65
112, 66
112, 68
111, 69
111, 71
110, 72
110, 75
109, 76
109, 79
108, 80
108, 83
107, 84
107, 87
106, 88
106, 93
105, 94
105, 102
104, 103
105, 104
105, 105
107, 105
107, 104
108, 103
108, 96
109, 95
109, 90
110, 89
110, 85
111, 84
111, 81
112, 80
112, 77
113, 76
113, 74
114, 73
114, 70
115, 69
115, 67
116, 66
116, 64
117, 63
117, 61
118, 60
118, 59
119, 58
119, 56
120, 55
120, 53
121, 52
121, 51
122, 50
122, 48
123, 47
123, 46
124, 45
124, 43
125, 42
125, 41
126, 40
126, 36
125, 35
123, 35
122, 36
121, 36
118, 39
117, 39
114, 42
113, 42
109, 46
108, 46
98, 56
98, 57
94, 61
94, 62
91, 65
91, 66
89, 68
89, 69
87, 71
87, 72
85, 74
85, 75
83, 77
83, 78
81, 80
81, 81
79, 83
79, 84
77, 86
77, 87
76, 88
75, 88
74, 87
74, 86
73, 85
73, 77
72, 76
72, 65
71, 64
71, 39
72, 38
72, 19
71, 18
71, 17
70, 16
69, 16
