0, 3
2, 3
4, 5
4, 47
2, 49
0, 49
0, 51
2, 51
4, 53
4, 96
2, 98
0, 98
0, 100
2, 100
4, 102
4, 145
2, 147
0, 147
0, 149
2, 149
4, 151
4, 194
2, 196
0, 196
0, 198
2, 198
4, 200
4, 242
2, 244
0, 244
0, 246
2, 246
4, 248
4, 291
2, 293
0, 293
0, 295
2, 295
4, 297
4, 340
2, 342
0, 342
0, 344
2, 344
4, 346
36, 371
38, 373
38, 375
40, 375
40, 373
42, 371
85, 371
87, 373
87, 375
89, 375
89, 373
91, 371
134, 371
136, 373
136, 375
138, 375
138, 373
140, 371
183, 371
185, 373
185, 375
187, 375
187, 373
189, 371
231, 371
233, 373
233, 375
235, 375
235, 373
237, 371
280, 371
282, 373
282, 375
284, 375
284, 373
286, 371
329, 371
331, 373
331, 375
333, 373
335, 371
336, 371
332, 2
334, 367
8, 369
6, 4
