300, 2
302, 367
4, 369
2, 4
45, 15
44, 16
41, 16
40, 17
39, 17
38, 18
37, 18
31, 24
31, 25
30, 26
30, 27
29, 28
29, 29
28, 30
28, 32
27, 33
27, 37
26, 38
26, 43
25, 44
25, 46
24, 47
24, 49
23, 50
23, 53
22, 54
22, 56
21, 57
21, 60
20, 61
20, 64
19, 65
19, 68
18, 69
18, 72
17, 73
17, 79
16, 80
16, 89
15, 90
15, 107
14, 108
14, 134
13, 135
13, 156
14, 157
14, 168
15, 169
15, 175
16, 176
16, 181
17, 182
17, 187
18, 188
18, 193
19, 194
19, 199
20, 200
20, 204
21, 205
21, 210
22, 211
22, 215
23, 216
23, 219
24, 220
24, 223
25, 224
25, 227
26, 228
26, 231
27, 232
27, 235
28, 236
28, 240
29, 241
29, 245
30, 246
30, 248
31, 249
31, 253
32, 254
32, 257
33, 258
33, 260
34, 261
34, 263
35, 264
35, 267
33, 269
33, 270
31, 272
31, 273
29, 275
29, 276
27, 278
27, 279
25, 281
25, 282
23, 284
23, 285
21, 287
21, 288
20, 289
20, 290
18, 292
18, 293
17, 294
17, 295
16, 296
16, 297
15, 298
15, 299
14, 300
14, 302
13, 303
13, 306
12, 307
12, 311
13, 312
13, 314
15, 316
16, 316
17, 317
19, 317
20, 318
36, 318
37, 317
40, 317
41, 316
45, 316
46, 315
50, 315
51, 314
54, 314
55, 313
59, 313
60, 312
63, 312
64, 311
67, 311
68, 310
70, 310
71, 309
73, 309
74, 308
76, 308
77, 307
79, 307
80, 306
83, 306
84, 305
90, 305
91, 304
102, 304
103, 305
109, 305
110, 306
115, 306
116, 307
120, 307
121, 308
125, 308
126, 309
132, 309
133, 310
154, 310
155, 309
160, 309
161, 308
164, 308
165, 307
168, 307
169, 306
171, 306
172, 305
174, 305
175, 304
177, 304
178, 303
180, 303
181, 302
182, 302
183, 301
184, 301
185, 302
185, 309
186, 310
186, 314
187, 315
187, 317
188, 318
188, 319
189, 320
189, 321
190, 322
190, 323
191, 324
191, 325
192, 326
192, 327
193, 328
193, 329
194, 330
194, 331
195, 332
195, 333
197, 335
197, 336
199, 338
199, 339
210, 350
211, 350
213, 352
214, 352
215, 353
216, 353
217, 354
220, 354
221, 355
224, 355
225, 354
227, 354
230, 351
231, 351
232, 350
232, 349
234, 347
234, 346
235, 345
235, 343
236, 342
236, 326
235, 325
235, 319
234, 318
234, 313
233, 312
233, 308
232, 307
232, 303
231, 302
231, 298
230, 297
230, 293
229, 292
229, 289
231, 287
232, 287
234, 285
235, 285
236, 284
237, 284
238, 283
239, 283
240, 282
241, 282
242, 281
243, 281
245, 279
246, 279
249, 276
250, 276
253, 273
253, 272
255, 270
255, 269
257, 267
257, 266
258, 265
258, 263
259, 262
259, 260
260, 259
260, 256
261, 255
261, 250
262, 249
262, 235
261, 234
261, 230
260, 229
260, 228
259, 227
259, 226
254, 221
253, 221
251, 219
249, 219
248, 218
239, 218
238, 219
236, 219
235, 220
234, 220
233, 221
232, 221
231, 222
230, 222
229, 223
228, 223
225, 226
224, 226
221, 229
221, 230
217, 234
215, 232
215, 228
214, 227
214, 224
213, 223
213, 219
212, 218
212, 214
211, 213
211, 206
210, 205
210, 200
211, 199
211, 198
213, 196
213, 195
214, 194
214, 193
215, 192
215, 191
216, 190
216, 189
217, 188
217, 187
218, 186
218, 184
219, 183
219, 182
220, 181
220, 179
221, 178
221, 176
222, 175
222, 173
223, 172
223, 170
224, 169
224, 166
225, 165
225, 162
226, 161
226, 157
227, 156
227, 152
228, 151
228, 146
229, 145
229, 134
228, 133
228, 128
227, 127
227, 124
226, 123
226, 121
225, 120
225, 119
224, 118
224, 117
223, 116
223, 115
221, 113
220, 113
219, 112
218, 112
217, 111
213, 111
212, 112
210, 112
209, 113
208, 113
207, 112
210, 109
211, 109
214, 106
215, 106
218, 103
219, 103
221, 101
222, 101
224, 99
225, 99
228, 96
229, 96
232, 93
233, 93
235, 91
236, 91
239, 88
240, 88
242, 86
243, 86
246, 83
247, 83
249, 81
250, 81
253, 78
254, 78
257, 75
258, 75
261, 72
262, 72
264, 70
265, 70
267, 68
268, 68
269, 67
270, 67
271, 66
272, 66
273, 65
274, 65
275, 64
276, 64
277, 63
278, 63
279, 62
280, 62
281, 61
282, 61
283, 60
286, 60
287, 61
287, 63
288, 64
290, 64
290, 63
291, 62
291, 61
290, 60
290, 57
289, 56
282, 56
281, 57
280, 57
279, 58
278, 58
277, 59
276, 59
275, 60
274, 60
273, 61
272, 61
271, 62
270, 62
269, 63
268, 63
267, 64
266, 64
264, 66
263, 66
261, 68
260, 68
258, 70
257, 70
254, 73
253, 73
250, 76
249, 76
246, 79
245, 79
243, 81
242, 81
239, 84
238, 84
236, 86
235, 86
232, 89
231, 89
229, 91
228, 91
225, 94
224, 94
221, 97
220, 97
218, 99
217, 99
215, 101
214, 101
211, 104
210, 104
207, 107
206, 107
203, 110
202, 110
199, 113
198, 113
195, 116
194, 116
191, 119
190, 119
187, 122
186, 122
182, 126
181, 126
179, 128
178, 128
175, 131
174, 131
172, 133
171, 133
168, 136
167, 136
165, 138
164, 138
161, 141
160, 141
157, 144
156, 144
153, 147
152, 147
148, 151
147, 151
143, 155
142, 155
137, 160
136, 160
130, 166
129, 166
123, 172
122, 172
116, 178
115, 178
107, 186
106, 186
87, 205
86, 205
78, 213
77, 212
77, 210
76, 209
76, 204
75, 203
75, 197
74, 196
74, 177
75, 176
75, 151
76, 150
76, 108
75, 107
75, 93
76, 92
76, 87
77, 86
77, 78
78, 77
78, 64
77, 63
77, 52
76, 51
76, 46
75, 45
75, 41
74, 40
74, 38
73, 37
73, 35
72, 34
72, 32
71, 31
71, 30
69, 28
69, 27
60, 18
59, 18
57, 16
55, 16
54, 15
222, 292
223, 291
225, 291
226, 297
227, 298
227, 301
228, 302
228, 306
229, 307
229, 311
230, 312
230, 317
231, 318
231, 323
232, 324
232, 332
233, 333
233, 338
232, 339
232, 342
231, 343
231, 344
230, 345
230, 346
225, 350
224, 351
220, 351
219, 350
217, 350
215, 348
214, 348
201, 335
201, 334
199, 332
199, 331
197, 328
196, 327
196, 326
195, 325
195, 324
194, 323
194, 321
193, 320
193, 319
192, 318
192, 317
191, 316
191, 315
190, 314
190, 312
189, 311
189, 301
193, 298
194, 297
198, 297
199, 296
203, 296
204, 295
209, 295
210, 294
214, 294
215, 293
218, 293
219, 292
213, 246
214, 246
215, 247
215, 250
216, 251
216, 254
217, 255
217, 257
218, 258
218, 260
219, 261
219, 263
220, 264
220, 266
221, 267
221, 270
222, 271
222, 274
223, 275
223, 279
224, 280
224, 286
223, 287
222, 287
221, 288
220, 288
219, 289
216, 289
215, 290
211, 290
210, 291
205, 291
204, 292
199, 292
198, 293
195, 293
194, 294
192, 294
191, 293
191, 292
192, 291
192, 288
193, 287
193, 286
194, 285
194, 283
195, 282
195, 281
196, 280
196, 278
197, 277
197, 276
198, 275
198, 273
199, 272
199, 271
200, 270
200, 269
201, 268
201, 267
202, 266
202, 265
203, 264
203, 263
205, 261
205, 260
206, 259
206, 257
207, 256
207, 255
208, 254
208, 253
209, 252
209, 251
211, 249
211, 248
243, 222
244, 221
245, 222
249, 223
250, 223
252, 225
253, 225
255, 227
255, 228
257, 230
257, 233
258, 234
258, 250
257, 251
257, 255
256, 256
255, 260
255, 262
254, 263
254, 264
253, 265
253, 266
251, 268
251, 269
246, 274
245, 274
242, 277
241, 277
240, 278
239, 278
238, 279
237, 279
235, 281
234, 281
233, 282
232, 282
231, 283
230, 283
228, 283
228, 281
227, 280
227, 276
226, 275
226, 271
225, 270
225, 267
224, 266
224, 264
223, 263
223, 261
222, 260
222, 258
221, 257
221, 255
220, 254
220, 252
219, 251
219, 247
218, 246
218, 242
219, 239
219, 238
223, 234
223, 233
229, 227
230, 227
232, 225
233, 225
234, 224
236, 224
237, 223
238, 223
239, 222
205, 210
206, 209
207, 210
207, 211
208, 212
208, 217
209, 218
209, 222
210, 223
210, 227
211, 228
211, 231
212, 232
212, 236
213, 237
213, 240
209, 244
209, 245
206, 248
206, 249
205, 250
205, 251
204, 252
204, 253
203, 254
203, 256
202, 257
202, 258
201, 259
201, 260
200, 261
200, 262
199, 263
199, 264
198, 265
198, 266
196, 268
196, 269
195, 270
195, 272
194, 273
194, 274
193, 275
193, 277
192, 278
192, 279
191, 280
191, 282
190, 283
190, 285
189, 286
189, 287
188, 288
188, 291
187, 292
187, 295
185, 297
183, 297
182, 298
181, 298
180, 299
178, 299
177, 300
175, 300
174, 301
172, 301
171, 302
169, 302
168, 303
165, 303
164, 304
162, 304
161, 305
156, 305
155, 306
144, 306
143, 307
142, 307
141, 306
131, 306
130, 305
125, 305
124, 304
120, 304
119, 303
115, 303
114, 302
109, 302
108, 301
99, 301
98, 300
94, 300
93, 301
85, 301
84, 302
81, 302
80, 303
77, 303
76, 304
74, 304
73, 305
71, 305
70, 306
68, 306
67, 307
64, 307
63, 308
60, 308
59, 309
56, 309
55, 310
51, 310
50, 311
47, 311
46, 312
42, 312
41, 313
37, 313
36, 314
32, 314
31, 315
25, 315
24, 314
20, 314
19, 313
18, 313
16, 311
16, 306
17, 305
17, 303
18, 302
18, 301
19, 300
19, 298
21, 296
21, 295
22, 294
22, 293
24, 291
24, 290
25, 289
25, 288
27, 286
27, 285
29, 283
29, 282
31, 280
31, 279
33, 277
33, 276
35, 274
35, 273
37, 271
38, 272
38, 273
39, 274
39, 275
41, 277
41, 278
45, 282
46, 282
47, 283
49, 281
48, 280
48, 279
47, 278
46, 278
44, 276
44, 275
43, 274
43, 273
42, 272
42, 271
41, 270
41, 268
40, 267
40, 266
41, 265
41, 264
44, 261
44, 260
47, 257
47, 256
50, 253
50, 252
54, 248
54, 247
57, 244
57, 243
61, 239
61, 238
67, 232
67, 231
74, 224
75, 225
75, 233
76, 234
76, 241
77, 242
77, 245
78, 246
78, 249
79, 250
79, 252
80, 253
80, 255
81, 256
81, 257
83, 259
83, 260
84, 261
84, 262
86, 264
86, 265
87, 266
87, 267
88, 268
88, 269
90, 271
90, 272
92, 274
97, 274
98, 273
99, 273
100, 272
100, 271
111, 260
111, 259
114, 256
114, 255
117, 252
117, 251
118, 250
118, 249
120, 247
120, 246
122, 244
122, 243
125, 240
127, 242
127, 244
128, 245
128, 247
129, 248
129, 250
130, 251
130, 252
131, 253
131, 255
132, 256
132, 257
133, 258
133, 259
134, 260
134, 262
135, 263
135, 264
137, 266
137, 267
140, 270
141, 270
142, 271
143, 271
144, 272
145, 272
146, 273
150, 273
151, 274
156, 274
157, 273
159, 273
160, 272
161, 272
163, 270
164, 270
168, 266
168, 265
171, 262
171, 261
184, 248
184, 247
188, 243
188, 242
190, 240
190, 239
192, 237
192, 236
193, 235
193, 234
194, 233
194, 232
195, 231
195, 230
196, 229
196, 228
197, 227
197, 226
198, 225
198, 224
199, 223
199, 222
200, 221
200, 220
201, 219
201, 218
202, 217
202, 216
203, 215
203, 214
204, 213
204, 212
205, 211
137, 173
139, 173
140, 174
140, 176
141, 177
141, 187
142, 188
142, 192
141, 193
141, 201
140, 202
140, 206
139, 207
139, 209
138, 210
138, 213
137, 214
137, 215
136, 216
136, 217
134, 219
134, 220
130, 224
130, 225
128, 227
126, 225
126, 208
127, 207
127, 200
128, 199
128, 193
129, 192
129, 188
130, 187
130, 184
131, 183
131, 181
132, 180
132, 179
133, 178
133, 177
212, 116
213, 115
217, 115
221, 119
221, 120
222, 121
222, 123
223, 124
223, 126
224, 127
224, 131
225, 132
225, 147
224, 148
224, 152
223, 153
223, 157
222, 158
222, 161
221, 162
221, 165
220, 166
220, 169
219, 170
219, 172
218, 173
218, 175
217, 176
217, 178
216, 179
216, 181
215, 182
215, 183
214, 184
214, 185
213, 186
213, 187
212, 188
212, 189
211, 190
211, 191
209, 193
207, 191
207, 188
206, 187
206, 184
205, 183
205, 180
204, 179
204, 177
203, 176
203, 173
202, 172
202, 169
201, 168
201, 162
200, 161
200, 139
201, 138
201, 133
202, 132
202, 129
203, 128
203, 126
204, 125
204, 124
205, 123
205, 122
206, 121
206, 120
210, 116
202, 115
203, 117
203, 118
202, 119
202, 120
201, 121
201, 122
200, 123
200, 125
199, 126
199, 128
198, 129
198, 133
197, 134
197, 140
196, 141
196, 158
197, 159
197, 167
198, 168
198, 172
199, 173
199, 176
200, 177
200, 179
201, 180
201, 183
202, 184
202, 186
203, 187
203, 190
204, 191
204, 194
205, 195
205, 199
206, 200
205, 201
205, 202
204, 203
204, 204
203, 205
203, 206
202, 207
202, 208
201, 209
201, 210
200, 211
200, 212
199, 213
199, 214
198, 215
198, 216
197, 217
197, 218
196, 219
196, 220
195, 221
195, 222
194, 223
194, 224
193, 225
193, 227
192, 228
192, 229
190, 231
190, 232
189, 233
189, 234
188, 235
188, 236
186, 238
186, 239
183, 242
183, 243
175, 251
175, 252
166, 261
166, 262
160, 268
159, 268
158, 269
157, 269
156, 270
150, 270
149, 269
146, 269
145, 268
144, 268
139, 263
139, 262
138, 261
138, 260
137, 259
137, 258
136, 257
136, 255
135, 254
135, 253
134, 252
134, 251
133, 250
133, 248
132, 247
132, 245
131, 244
131, 242
130, 241
130, 239
129, 238
129, 235
128, 234
129, 233
129, 232
131, 230
131, 229
136, 224
136, 223
138, 221
138, 220
139, 219
139, 218
140, 217
140, 216
141, 215
141, 214
142, 213
142, 210
143, 209
143, 206
144, 205
144, 201
145, 200
145, 178
144, 177
144, 174
143, 173
143, 171
141, 169
136, 169
135, 170
134, 170
130, 174
130, 175
129, 176
129, 177
128, 178
128, 180
127, 181
127, 183
126, 184
126, 188
125, 189
125, 193
124, 194
124, 200
123, 201
123, 209
122, 210
122, 223
123, 224
123, 230
124, 231
124, 233
123, 234
123, 235
122, 236
122, 237
120, 239
120, 240
118, 242
118, 243
116, 245
116, 246
115, 247
115, 248
113, 250
113, 251
110, 254
110, 255
103, 262
103, 263
96, 270
94, 270
92, 268
92, 267
91, 266
91, 265
90, 264
90, 263
88, 261
88, 260
87, 259
87, 258
85, 256
85, 255
84, 254
84, 253
83, 252
83, 250
82, 249
82, 247
81, 246
81, 243
80, 242
80, 236
79, 235
79, 226
78, 225
78, 219
100, 197
101, 197
113, 185
114, 185
120, 179
121, 179
127, 173
128, 173
135, 166
136, 166
141, 161
142, 161
146, 157
147, 157
151, 153
152, 153
156, 149
157, 149
161, 145
162, 145
164, 143
165, 143
168, 140
169, 140
171, 138
172, 138
175, 135
176, 135
178, 133
179, 133
182, 130
183, 130
186, 127
187, 127
190, 124
191, 124
194, 121
195, 121
198, 118
199, 118
19, 96
20, 95
21, 96
21, 101
22, 102
22, 104
23, 105
23, 106
24, 107
24, 108
25, 109
25, 110
31, 116
32, 116
34, 118
35, 118
38, 121
39, 121
44, 126
45, 126
46, 127
47, 127
48, 128
50, 128
51, 129
57, 129
58, 128
59, 128
63, 124
63, 123
66, 120
66, 119
67, 118
67, 117
69, 115
69, 114
70, 113
70, 112
71, 111
72, 112
72, 119
73, 120
73, 135
72, 136
72, 157
71, 158
71, 202
72, 203
72, 208
73, 209
73, 215
74, 216
74, 217
73, 218
73, 219
67, 225
67, 226
60, 233
60, 234
56, 238
56, 239
52, 243
52, 244
49, 247
49, 248
46, 251
46, 252
43, 255
43, 256
38, 261
37, 260
37, 258
36, 257
36, 254
35, 253
35, 250
34, 249
34, 246
33, 245
33, 242
32, 241
32, 237
31, 236
31, 233
30, 232
30, 229
29, 228
29, 225
28, 224
28, 220
27, 219
27, 216
26, 215
26, 212
25, 211
25, 206
24, 205
24, 201
23, 200
23, 195
22, 194
22, 190
21, 189
21, 184
20, 183
20, 177
19, 176
19, 170
18, 169
18, 161
17, 160
17, 128
18, 127
18, 104
19, 103
48, 25
49, 24
56, 24
57, 25
59, 25
60, 26
62, 26
65, 29
65, 30
66, 31
66, 33
67, 34
67, 42
68, 43
68, 61
69, 62
69, 75
70, 76
70, 89
71, 90
71, 98
70, 99
70, 102
69, 103
69, 105
68, 106
68, 108
67, 109
67, 110
66, 111
66, 112
65, 113
65, 114
64, 115
64, 116
61, 119
61, 120
59, 122
59, 123
58, 124
57, 124
56, 125
51, 125
50, 124
49, 124
48, 123
47, 123
44, 120
43, 120
39, 116
38, 116
36, 114
35, 114
27, 106
27, 105
26, 104
26, 102
25, 101
25, 97
24, 96
24, 71
25, 70
25, 64
26, 63
26, 58
27, 57
27, 53
28, 52
28, 49
29, 48
29, 46
30, 45
30, 44
31, 43
31, 42
32, 41
32, 40
34, 38
34, 37
36, 35
36, 34
43, 27
44, 27
45, 26
46, 26
47, 25
43, 20
44, 19
47, 19
48, 20
47, 21
46, 21
45, 22
44, 22
43, 23
42, 23
38, 27
37, 27
34, 27
40, 21
41, 21
42, 20
