7, 371
9, 373
9, 375
11, 375
11, 373
13, 371
62, 371
64, 373
64, 375
66, 375
66, 373
68, 371
117, 371
119, 373
119, 375
121, 375
121, 373
123, 371
173, 371
175, 373
175, 375
177, 375
177, 373
179, 371
228, 371
230, 373
230, 375
232, 375
232, 373
234, 371
283, 371
285, 373
285, 375
284, 2
286, 367
4, 369
2, 4
75, 16
74, 17
73, 17
68, 22
68, 23
66, 25
66, 26
65, 27
65, 28
63, 30
63, 31
62, 32
62, 33
61, 34
61, 35
60, 36
60, 38
59, 39
59, 40
58, 41
58, 42
57, 43
57, 45
56, 46
56, 48
55, 49
55, 51
54, 52
54, 56
53, 57
53, 61
52, 62
52, 69
51, 70
51, 85
50, 86
50, 92
49, 93
49, 106
50, 107
50, 123
49, 124
49, 188
50, 189
50, 199
51, 200
51, 209
52, 210
52, 220
51, 221
51, 222
48, 225
48, 226
44, 230
44, 231
42, 233
42, 234
39, 237
39, 238
37, 240
37, 241
35, 243
35, 244
33, 246
33, 247
31, 249
31, 250
29, 252
29, 253
28, 254
28, 255
26, 257
26, 258
25, 259
25, 260
23, 262
23, 263
22, 264
22, 265
20, 267
20, 268
18, 270
18, 271
17, 272
17, 273
16, 274
16, 275
15, 276
15, 277
14, 278
14, 280
13, 281
13, 291
14, 292
14, 293
17, 296
18, 296
19, 297
20, 297
21, 298
22, 298
23, 299
24, 299
25, 300
27, 300
28, 301
29, 301
30, 302
31, 302
32, 303
33, 303
34, 304
35, 304
36, 305
37, 305
39, 307
40, 307
42, 309
43, 309
45, 311
46, 311
49, 314
50, 314
55, 319
56, 319
62, 325
63, 325
67, 329
68, 329
72, 333
73, 333
75, 335
76, 335
78, 337
79, 337
81, 339
82, 339
83, 340
84, 340
85, 341
86, 341
87, 342
88, 342
89, 343
90, 343
91, 344
92, 344
93, 345
95, 345
96, 346
99, 346
100, 347
102, 347
103, 348
106, 348
107, 349
111, 349
112, 350
117, 350
118, 351
124, 351
125, 352
130, 352
131, 353
140, 353
141, 354
150, 354
151, 353
158, 353
159, 352
162, 352
163, 351
165, 351
166, 350
167, 350
168, 349
170, 349
171, 348
172, 348
174, 346
175, 346
177, 344
178, 344
180, 342
181, 342
193, 330
193, 329
196, 326
196, 325
198, 323
198, 322
201, 319
201, 318
203, 316
203, 315
205, 313
205, 312
207, 310
207, 309
209, 307
209, 306
211, 304
211, 303
212, 302
212, 301
214, 299
214, 298
215, 297
215, 296
217, 294
217, 293
218, 292
218, 291
220, 289
220, 288
221, 287
221, 286
223, 284
223, 283
224, 282
224, 281
226, 279
226, 278
227, 277
227, 276
229, 274
229, 273
230, 272
230, 271
232, 269
232, 268
233, 267
233, 266
235, 264
235, 263
236, 262
236, 261
238, 259
238, 258
239, 257
239, 256
240, 255
240, 254
241, 253
241, 252
242, 251
242, 250
244, 248
244, 247
245, 246
245, 245
246, 244
246, 242
247, 241
247, 240
248, 239
248, 238
249, 237
249, 236
250, 235
250, 233
251, 232
251, 231
252, 230
252, 228
253, 227
253, 226
254, 225
254, 223
255, 222
255, 220
256, 219
256, 216
257, 215
257, 213
258, 212
258, 209
259, 208
259, 205
260, 204
260, 201
261, 200
261, 196
262, 195
262, 179
261, 178
261, 176
257, 172
248, 172
247, 173
245, 173
244, 174
243, 174
242, 175
240, 175
238, 177
237, 177
236, 178
235, 178
234, 179
233, 179
232, 180
231, 180
229, 182
228, 182
226, 184
225, 184
222, 187
221, 187
205, 203
204, 202
204, 198
203, 197
203, 191
202, 190
202, 185
201, 184
201, 178
200, 177
200, 171
199, 170
199, 162
198, 161
198, 153
199, 152
199, 150
200, 149
200, 148
201, 147
201, 146
202, 145
202, 144
203, 143
203, 142
204, 141
204, 140
205, 139
205, 138
206, 137
206, 135
207, 134
207, 133
208, 132
208, 131
209, 130
209, 128
210, 127
210, 125
211, 124
211, 122
212, 121
212, 120
213, 119
213, 117
214, 116
214, 113
215, 112
215, 110
216, 109
216, 108
218, 106
218, 105
224, 99
225, 99
234, 90
235, 90
239, 86
240, 86
242, 84
243, 84
244, 83
245, 83
247, 81
248, 81
249, 80
250, 80
251, 79
252, 79
253, 78
255, 78
256, 77
260, 77
261, 76
263, 76
264, 75
266, 75
267, 74
268, 74
269, 73
270, 73
271, 72
272, 72
273, 71
273, 70
271, 70
269, 72
268, 72
267, 73
265, 73
264, 74
262, 74
261, 75
258, 75
257, 76
254, 76
253, 77
251, 77
250, 78
249, 78
248, 79
247, 79
245, 81
244, 81
243, 82
242, 82
240, 84
239, 84
236, 87
235, 87
230, 92
229, 92
220, 101
219, 101
218, 100
218, 99
219, 98
219, 96
220, 95
220, 92
221, 91
221, 87
222, 86
222, 76
221, 75
221, 73
218, 70
213, 70
212, 71
211, 71
208, 74
208, 75
207, 76
207, 77
206, 78
206, 79
205, 80
205, 81
204, 82
204, 84
203, 85
203, 87
202, 88
202, 90
201, 91
201, 95
200, 96
200, 100
199, 101
199, 105
198, 106
198, 112
197, 113
197, 120
196, 121
196, 124
188, 132
187, 132
181, 138
180, 138
176, 142
175, 142
172, 145
171, 145
168, 148
167, 148
165, 150
164, 150
162, 152
161, 152
159, 154
158, 154
157, 155
156, 155
154, 157
153, 157
152, 158
151, 158
150, 157
151, 156
151, 154
152, 153
152, 151
153, 150
153, 147
154, 146
154, 134
153, 133
153, 131
152, 130
152, 129
150, 127
145, 127
141, 131
141, 132
139, 134
139, 135
138, 136
138, 137
137, 138
137, 139
136, 140
136, 141
135, 142
135, 144
134, 145
134, 147
133, 148
133, 151
132, 152
132, 157
131, 158
131, 167
130, 168
130, 169
127, 172
126, 172
125, 173
124, 173
123, 174
122, 174
121, 175
120, 175
119, 176
118, 176
117, 177
115, 177
114, 178
113, 178
112, 179
111, 179
110, 180
109, 180
108, 181
107, 181
106, 182
105, 182
104, 183
103, 183
102, 184
100, 184
99, 183
99, 177
98, 176
98, 157
97, 156
97, 97
98, 96
98, 46
97, 45
97, 40
96, 39
96, 37
90, 31
90, 29
89, 28
89, 27
88, 26
88, 25
87, 24
87, 23
82, 18
81, 18
80, 17
79, 17
78, 16
202, 210
204, 211
204, 215
205, 216
205, 222
206, 223
206, 228
207, 229
207, 234
208, 235
208, 243
209, 244
209, 252
210, 253
209, 273
209, 278
208, 279
208, 281
207, 282
207, 283
204, 286
203, 286
202, 287
193, 286
192, 286
190, 284
189, 284
186, 281
185, 281
184, 280
184, 279
181, 276
181, 275
179, 273
179, 272
178, 271
178, 268
177, 267
178, 254
178, 250
179, 249
179, 247
180, 246
180, 244
181, 243
181, 242
182, 241
182, 240
183, 239
183, 238
184, 237
184, 236
185, 235
185, 234
187, 232
187, 231
188, 230
188, 229
190, 227
190, 226
193, 223
193, 222
195, 220
195, 219
197, 217
197, 216
200, 213
200, 212
126, 174
127, 173
130, 174
128, 194
128, 195
126, 197
126, 198
123, 201
123, 202
119, 206
119, 207
116, 210
116, 211
110, 217
109, 217
108, 218
104, 216
104, 215
103, 214
103, 212
102, 211
102, 208
101, 207
101, 202
100, 201
100, 192
99, 191
102, 185
103, 185
104, 184
106, 184
107, 183
108, 183
109, 182
110, 182
111, 181
112, 181
113, 180
114, 180
115, 179
116, 179
117, 178
118, 178
119, 177
121, 177
122, 176
123, 176
125, 174
140, 167
141, 166
142, 166
143, 167
143, 168
142, 169
142, 170
141, 171
141, 172
140, 173
140, 174
139, 175
139, 176
138, 177
138, 178
137, 179
137, 180
136, 181
136, 182
135, 183
135, 184
133, 186
132, 185
132, 172
135, 169
136, 169
137, 168
138, 168
139, 167
195, 159
197, 161
197, 168
198, 169
198, 175
199, 176
199, 182
200, 183
200, 189
201, 190
201, 195
202, 196
202, 202
203, 203
203, 206
201, 208
201, 209
198, 212
198, 213
195, 216
195, 217
193, 219
193, 220
191, 222
191, 223
189, 225
189, 226
187, 228
187, 229
185, 231
185, 232
183, 234
183, 235
182, 236
182, 237
181, 238
181, 239
180, 240
180, 241
179, 242
179, 244
178, 245
178, 246
177, 247
177, 250
176, 251
176, 255
175, 256
175, 265
176, 266
176, 270
177, 271
177, 272
178, 273
178, 274
179, 275
179, 276
181, 278
181, 279
186, 284
187, 284
189, 286
190, 286
191, 287
192, 287
193, 288
194, 288
195, 289
201, 289
202, 288
204, 288
209, 283
209, 281
210, 280
210, 278
211, 277
211, 270
212, 269
212, 259
211, 258
211, 246
210, 245
210, 237
209, 236
209, 231
208, 230
208, 224
207, 223
207, 218
206, 217
206, 212
205, 211
205, 206
208, 203
208, 202
219, 191
220, 191
225, 186
226, 186
228, 184
229, 184
231, 182
232, 182
234, 180
235, 180
236, 179
237, 179
238, 178
239, 178
240, 177
241, 177
242, 176
243, 176
244, 175
246, 175
247, 174
250, 174
251, 173
255, 173
256, 174
257, 174
259, 176
259, 177
260, 178
260, 182
261, 183
261, 188
260, 189
260, 196
259, 197
259, 201
258, 202
258, 206
257, 207
257, 210
256, 211
256, 213
255, 214
255, 217
254, 218
254, 220
253, 221
253, 223
252, 224
252, 225
251, 226
251, 228
250, 229
250, 231
249, 232
249, 233
248, 234
248, 235
247, 236
247, 238
246, 239
246, 240
245, 241
245, 242
244, 243
244, 244
243, 245
243, 246
242, 247
242, 248
241, 249
241, 250
240, 251
240, 252
239, 253
239, 254
237, 256
237, 257
236, 258
236, 259
235, 260
235, 261
233, 263
233, 264
232, 265
232, 266
230, 268
230, 269
228, 271
228, 272
227, 273
227, 274
225, 276
225, 277
224, 278
224, 279
222, 281
222, 282
221, 283
221, 284
220, 285
220, 286
218, 288
218, 289
217, 290
217, 291
215, 293
215, 294
214, 295
214, 296
212, 298
212, 299
211, 300
211, 301
209, 303
209, 304
207, 306
207, 307
205, 309
205, 310
204, 311
204, 312
201, 315
201, 316
199, 318
199, 319
196, 322
196, 323
194, 325
194, 326
190, 330
190, 331
182, 339
181, 339
178, 342
177, 342
174, 345
173, 345
172, 346
171, 346
170, 347
169, 347
168, 348
167, 348
166, 349
164, 349
163, 350
160, 350
159, 351
153, 351
152, 352
138, 352
137, 351
130, 351
129, 350
123, 350
122, 349
117, 349
116, 348
111, 348
110, 347
106, 347
105, 346
102, 346
101, 345
99, 345
98, 344
95, 344
94, 343
92, 343
91, 342
90, 342
89, 341
88, 341
87, 340
86, 340
85, 339
84, 339
82, 337
81, 337
79, 335
78, 335
76, 333
75, 333
72, 330
71, 330
68, 327
67, 327
62, 322
61, 322
55, 316
54, 316
50, 312
49, 312
46, 309
45, 309
43, 307
42, 307
40, 305
39, 305
38, 304
37, 304
36, 303
35, 303
33, 301
32, 301
31, 300
29, 300
28, 299
27, 299
26, 298
25, 298
24, 297
22, 297
21, 296
20, 296
19, 295
18, 295
15, 292
15, 280
16, 279
16, 277
17, 276
17, 275
19, 273
19, 272
20, 271
20, 270
22, 268
22, 267
24, 265
24, 264
25, 263
25, 262
26, 261
26, 260
28, 258
28, 257
30, 255
30, 254
31, 253
31, 252
33, 250
33, 249
35, 247
35, 246
37, 244
37, 243
39, 241
39, 240
41, 238
41, 237
44, 234
44, 233
47, 230
47, 229
52, 224
53, 225
53, 232
54, 233
54, 238
55, 239
55, 241
58, 244
60, 244
62, 242
62, 241
63, 240
63, 239
64, 238
64, 236
63, 236
62, 237
62, 238
61, 239
61, 240
59, 242
58, 242
57, 241
57, 240
56, 239
56, 236
55, 235
55, 220
57, 218
57, 217
65, 209
66, 209
72, 203
73, 203
77, 199
78, 199
80, 197
81, 197
83, 195
84, 195
86, 193
87, 193
88, 192
89, 192
90, 191
91, 191
92, 190
93, 190
94, 189
97, 189
98, 190
98, 199
99, 200
99, 205
100, 206
100, 210
101, 211
101, 213
102, 214
102, 215
103, 216
103, 217
105, 219
110, 219
119, 210
119, 209
121, 207
121, 206
125, 202
125, 201
129, 197
130, 198
130, 202
131, 203
131, 212
132, 213
132, 217
133, 218
133, 221
134, 222
134, 224
135, 225
135, 227
136, 228
136, 229
138, 231
138, 232
139, 233
140, 233
141, 234
145, 234
146, 233
147, 233
148, 232
149, 232
159, 222
159, 221
162, 218
162, 217
164, 215
164, 214
166, 212
166, 211
167, 210
167, 209
169, 207
169, 206
170, 205
170, 204
172, 202
172, 201
173, 200
173, 199
174, 198
174, 197
176, 195
176, 194
177, 193
177, 192
178, 191
178, 190
179, 189
179, 188
180, 187
180, 186
182, 184
182, 183
183, 182
183, 181
184, 180
184, 179
185, 178
185, 177
186, 176
186, 175
187, 174
187, 173
188, 172
188, 171
189, 170
189, 169
190, 168
190, 167
191, 166
191, 165
192, 164
192, 163
193, 162
193, 161
193, 129
195, 129
196, 130
196, 132
195, 133
195, 147
196, 148
196, 152
195, 153
195, 155
194, 156
194, 157
193, 158
193, 159
192, 160
192, 161
191, 162
191, 163
190, 164
190, 165
188, 167
188, 168
187, 169
187, 170
186, 171
186, 172
185, 173
185, 174
184, 175
184, 176
183, 177
183, 178
182, 179
182, 180
181, 181
181, 182
180, 183
180, 184
179, 185
179, 186
178, 187
178, 188
177, 189
177, 190
175, 192
175, 193
174, 194
174, 195
173, 196
173, 197
171, 199
171, 200
170, 201
170, 202
169, 203
169, 204
167, 206
167, 207
166, 208
166, 209
164, 211
164, 212
162, 214
162, 215
159, 218
159, 219
156, 222
156, 223
149, 230
148, 230
146, 232
141, 232
138, 229
138, 228
137, 227
137, 226
136, 225
136, 223
135, 222
135, 219
134, 218
134, 214
133, 213
133, 206
132, 205
132, 192
133, 191
133, 190
134, 189
134, 188
135, 187
135, 186
136, 185
136, 184
138, 182
138, 181
139, 180
139, 179
140, 178
140, 177
141, 176
141, 175
142, 174
142, 173
143, 172
143, 171
144, 170
144, 169
145, 168
145, 167
146, 166
146, 165
151, 160
152, 160
154, 158
155, 158
156, 157
157, 157
159, 155
160, 155
161, 154
162, 154
164, 152
165, 152
168, 149
169, 149
171, 147
172, 147
175, 144
176, 144
179, 141
180, 141
185, 136
186, 136
146, 129
147, 128
148, 128
151, 131
151, 132
152, 133
152, 136
153, 137
153, 142
152, 143
152, 148
151, 149
151, 151
150, 152
150, 154
149, 155
149, 156
148, 157
148, 158
146, 160
146, 161
145, 162
144, 162
142, 164
141, 164
140, 165
139, 165
138, 166
137, 166
136, 167
135, 167
134, 168
133, 168
132, 167
132, 165
133, 164
133, 157
134, 156
134, 151
135, 150
135, 147
136, 146
136, 144
137, 143
137, 141
138, 140
138, 139
139, 138
139, 137
141, 135
141, 134
143, 132
143, 131
145, 129
211, 113
212, 114
212, 116
211, 117
211, 119
210, 120
210, 122
209, 123
209, 125
208, 126
208, 128
207, 129
207, 130
206, 131
206, 133
205, 134
205, 135
204, 136
204, 137
203, 138
203, 140
202, 141
202, 142
201, 143
201, 144
200, 145
200, 146
199, 147
198, 147
197, 146
197, 129
198, 128
198, 125
205, 118
206, 118
214, 72
215, 71
216, 71
217, 72
218, 72
219, 73
219, 74
220, 75
220, 78
221, 79
221, 82
220, 83
220, 88
219, 89
219, 92
218, 93
218, 96
217, 97
217, 99
216, 100
216, 103
215, 104
215, 105
214, 106
214, 107
200, 121
199, 121
198, 120
198, 119
199, 118
199, 111
200, 110
200, 105
201, 104
201, 99
202, 98
202, 94
203, 93
203, 90
204, 89
204, 87
205, 86
205, 84
206, 83
206, 81
207, 80
207, 79
208, 78
208, 77
213, 72
94, 68
96, 68
96, 107
95, 108
95, 149
96, 150
96, 172
97, 173
94, 188
93, 188
92, 189
91, 189
90, 190
89, 190
88, 191
87, 191
86, 192
85, 192
84, 193
83, 193
81, 195
80, 195
78, 197
77, 197
75, 199
74, 199
68, 205
67, 205
54, 216
54, 212
53, 211
53, 202
52, 201
52, 191
51, 190
51, 172
50, 171
50, 153
51, 152
51, 115
52, 114
53, 110
54, 110
55, 111
67, 111
68, 110
70, 110
71, 109
72, 109
74, 107
75, 107
84, 98
84, 97
86, 95
86, 94
87, 93
87, 92
88, 91
88, 90
89, 89
89, 88
90, 87
90, 86
91, 85
91, 83
92, 82
92, 79
93, 78
93, 74
94, 73
94, 45
96, 47
95, 40
93, 41
87, 37
88, 36
89, 36
91, 38
91, 41
92, 42
92, 47
93, 48
93, 68
92, 69
92, 74
91, 75
91, 79
90, 80
90, 83
89, 84
89, 86
88, 87
88, 88
87, 89
87, 90
86, 91
86, 92
84, 94
84, 95
82, 97
82, 98
75, 105
74, 105
72, 107
71, 107
70, 108
69, 108
68, 109
64, 109
63, 110
58, 110
57, 109
55, 109
52, 106
52, 90
53, 89
53, 85
54, 84
54, 82
55, 81
55, 79
56, 78
56, 77
57, 76
57, 75
58, 74
58, 73
59, 72
59, 71
60, 70
60, 69
61, 68
61, 67
63, 65
63, 64
64, 63
64, 62
67, 59
67, 58
69, 56
69, 55
73, 51
73, 50
86, 37
74, 19
75, 18
79, 18
81, 20
82, 20
83, 21
83, 22
86, 25
86, 26
87, 27
87, 28
88, 29
88, 30
89, 31
89, 33
87, 35
86, 35
70, 51
70, 52
67, 55
67, 56
65, 58
65, 59
63, 61
63, 62
61, 64
61, 65
60, 66
60, 67
58, 69
58, 70
57, 71
57, 72
56, 73
56, 74
55, 75
55, 76
54, 77
53, 76
53, 68
54, 67
54, 61
55, 60
55, 55
56, 54
56, 51
57, 50
57, 48
58, 47
58, 45
59, 44
59, 43
60, 42
60, 40
61, 39
61, 38
62, 37
62, 36
63, 35
63, 34
64, 33
64, 32
65, 31
65, 30
66, 29
66, 28
68, 26
68, 25
70, 23
70, 22
73, 19
