4, 2
402, 4
400, 369
2, 367
262, 16
261, 17
260, 17
254, 23
254, 24
252, 26
252, 27
250, 29
250, 30
249, 31
249, 32
248, 33
248, 34
247, 35
247, 36
246, 37
246, 38
245, 39
245, 40
244, 41
244, 43
243, 44
243, 45
242, 46
242, 48
241, 49
241, 50
240, 51
240, 54
239, 55
239, 57
238, 58
238, 61
237, 62
237, 65
236, 66
236, 71
235, 72
235, 77
234, 78
234, 112
235, 113
235, 120
236, 121
236, 127
237, 128
237, 133
238, 134
238, 138
239, 139
239, 144
240, 145
240, 150
238, 152
237, 152
235, 154
234, 154
233, 155
232, 155
230, 157
229, 157
226, 160
225, 160
222, 163
221, 163
217, 167
216, 167
206, 177
205, 177
203, 179
186, 179
185, 178
185, 177
186, 176
186, 174
187, 173
187, 172
188, 171
188, 170
189, 169
189, 168
190, 167
190, 166
191, 165
191, 164
192, 163
192, 162
193, 161
193, 160
194, 159
194, 158
195, 157
195, 155
196, 154
196, 153
197, 152
197, 151
198, 150
198, 149
199, 148
199, 147
200, 146
200, 144
201, 143
201, 142
202, 141
202, 139
203, 138
203, 137
204, 136
204, 134
205, 133
205, 131
206, 130
206, 129
207, 128
207, 126
208, 125
208, 123
209, 122
209, 120
210, 119
210, 116
211, 115
211, 113
212, 112
212, 110
213, 109
213, 106
214, 105
214, 101
215, 100
215, 97
216, 96
216, 93
217, 92
217, 87
218, 86
218, 76
219, 75
219, 73
218, 72
218, 65
217, 64
217, 62
216, 61
216, 59
215, 58
215, 57
213, 55
213, 54
212, 53
211, 53
209, 51
207, 51
206, 50
200, 50
199, 51
195, 51
194, 52
193, 52
192, 53
191, 53
190, 54
188, 54
187, 55
186, 55
184, 57
183, 57
182, 58
181, 58
180, 59
179, 59
176, 62
175, 62
172, 65
172, 66
169, 69
169, 70
166, 73
166, 74
164, 76
164, 77
163, 78
163, 79
161, 81
161, 82
160, 83
160, 84
159, 85
159, 86
158, 87
158, 88
157, 89
157, 90
156, 91
156, 93
155, 94
155, 95
154, 96
154, 98
153, 99
153, 101
152, 102
152, 105
151, 106
151, 109
150, 110
150, 111
151, 112
153, 112
154, 111
154, 109
153, 108
153, 106
154, 105
154, 103
155, 102
155, 100
156, 99
156, 97
157, 96
157, 94
158, 93
158, 92
159, 91
159, 90
160, 89
160, 88
161, 87
161, 86
162, 85
162, 84
163, 83
163, 82
164, 81
164, 80
166, 78
166, 77
168, 75
168, 74
171, 71
171, 70
180, 61
181, 61
182, 60
183, 60
185, 58
186, 58
187, 57
188, 57
189, 56
190, 56
191, 55
193, 55
194, 54
195, 54
196, 53
199, 53
200, 52
205, 52
206, 53
208, 53
213, 58
213, 59
214, 60
214, 61
215, 62
215, 65
216, 66
216, 85
215, 86
215, 91
214, 92
214, 96
213, 97
213, 100
212, 101
212, 104
211, 105
211, 108
210, 109
210, 111
209, 112
209, 115
208, 116
208, 118
207, 119
207, 121
206, 122
206, 124
205, 125
205, 127
204, 128
204, 130
203, 131
203, 133
202, 134
202, 135
201, 136
201, 138
200, 139
200, 140
199, 141
199, 143
198, 144
198, 145
197, 146
197, 147
196, 148
196, 149
195, 150
195, 152
194, 153
194, 154
193, 155
193, 156
192, 157
192, 158
191, 159
191, 160
190, 161
190, 162
189, 163
189, 164
188, 165
188, 166
187, 167
187, 168
186, 169
186, 171
185, 172
185, 173
184, 174
184, 175
183, 176
183, 177
181, 179
178, 179
177, 180
168, 180
167, 181
160, 181
159, 182
153, 182
152, 183
146, 183
145, 184
139, 184
138, 185
133, 185
132, 186
128, 186
127, 187
123, 187
122, 188
118, 188
117, 189
113, 189
112, 190
107, 190
106, 191
102, 191
101, 192
97, 192
96, 193
92, 193
91, 194
86, 194
85, 195
81, 195
80, 196
75, 196
74, 197
69, 197
68, 198
64, 198
63, 199
57, 199
56, 200
49, 200
48, 201
35, 201
34, 202
26, 202
24, 200
23, 200
21, 202
20, 202
19, 203
19, 205
24, 205
25, 204
35, 204
36, 203
49, 203
50, 202
57, 202
58, 201
64, 201
65, 200
69, 200
70, 199
75, 199
76, 198
81, 198
82, 197
86, 197
87, 196
91, 196
92, 195
97, 195
98, 194
102, 194
103, 193
107, 193
108, 192
112, 192
113, 191
118, 191
119, 190
122, 190
123, 189
127, 189
128, 188
133, 188
134, 187
139, 187
140, 186
146, 186
147, 185
152, 185
153, 184
159, 184
160, 183
168, 183
169, 182
179, 182
180, 183
180, 184
179, 185
179, 192
182, 195
186, 195
187, 194
189, 194
190, 193
191, 193
194, 190
195, 190
201, 184
202, 184
204, 182
210, 182
211, 183
215, 183
216, 184
220, 184
221, 185
224, 185
225, 186
227, 186
228, 187
231, 187
232, 188
234, 188
235, 189
237, 189
238, 190
240, 190
241, 191
244, 191
246, 193
246, 203
247, 204
247, 225
246, 226
246, 227
241, 232
238, 232
236, 234
236, 235
233, 238
233, 239
230, 242
229, 242
225, 246
224, 246
221, 249
220, 249
213, 256
213, 258
221, 258
222, 257
223, 257
226, 254
227, 255
227, 257
226, 258
226, 260
225, 261
225, 263
224, 264
224, 266
223, 267
223, 269
222, 270
222, 272
221, 273
221, 274
220, 275
220, 276
219, 277
219, 278
217, 280
217, 281
213, 285
213, 286
208, 291
208, 292
181, 319
181, 320
178, 323
178, 324
174, 328
174, 329
172, 331
172, 332
170, 334
170, 335
168, 337
168, 338
167, 339
167, 341
166, 342
166, 345
165, 346
165, 347
166, 348
166, 349
167, 350
168, 350
169, 351
170, 351
171, 352
173, 352
174, 353
178, 353
179, 354
189, 354
190, 353
194, 353
195, 352
197, 352
198, 351
200, 351
202, 349
203, 349
204, 348
205, 348
208, 345
209, 345
216, 338
216, 337
220, 333
220, 332
222, 330
222, 329
224, 327
224, 326
225, 325
225, 324
227, 322
227, 321
228, 320
228, 319
229, 318
229, 317
230, 316
230, 314
231, 313
231, 312
232, 311
232, 310
233, 309
233, 308
234, 307
234, 305
235, 304
235, 303
236, 302
236, 300
237, 299
237, 298
238, 297
238, 295
239, 294
239, 292
240, 291
240, 288
241, 287
241, 285
242, 284
242, 281
243, 280
243, 277
244, 276
244, 272
245, 271
245, 267
246, 266
246, 260
247, 259
247, 251
248, 250
248, 236
249, 235
249, 228
256, 221
257, 221
263, 215
264, 215
267, 212
268, 212
271, 209
272, 209
276, 205
277, 205
279, 203
280, 203
282, 201
283, 201
286, 198
287, 198
288, 197
289, 197
291, 195
292, 195
293, 194
294, 194
295, 193
297, 193
298, 192
300, 192
301, 191
303, 191
304, 190
307, 190
308, 189
311, 189
312, 188
314, 188
315, 187
318, 187
319, 186
321, 186
322, 185
325, 185
326, 184
328, 184
329, 183
332, 183
333, 182
335, 182
336, 181
338, 181
339, 180
341, 180
342, 179
345, 179
346, 178
348, 178
349, 177
351, 177
352, 176
354, 176
355, 175
358, 175
359, 174
362, 174
363, 173
377, 173
378, 172
381, 172
382, 171
384, 171
385, 170
385, 169
384, 168
382, 168
381, 167
377, 167
376, 168
372, 168
371, 169
369, 169
368, 170
364, 170
363, 171
356, 171
355, 172
352, 172
351, 173
348, 173
347, 174
344, 174
343, 175
340, 175
339, 176
337, 176
336, 177
334, 177
333, 178
331, 178
330, 179
328, 179
327, 180
325, 180
324, 181
322, 181
321, 182
319, 182
318, 183
316, 183
315, 184
313, 184
312, 185
310, 185
309, 186
307, 186
306, 187
303, 187
302, 188
300, 188
299, 189
298, 189
297, 190
294, 190
293, 191
290, 191
289, 192
284, 192
283, 193
271, 193
270, 194
269, 194
268, 193
259, 193
258, 192
253, 192
252, 191
250, 191
248, 189
248, 186
247, 185
247, 176
246, 175
246, 167
245, 166
245, 160
244, 159
244, 155
243, 154
243, 152
247, 148
248, 148
250, 146
251, 146
253, 144
254, 144
256, 142
257, 142
260, 139
261, 139
273, 127
273, 126
275, 124
275, 123
276, 122
276, 121
277, 120
277, 119
278, 118
278, 117
279, 116
279, 115
280, 114
280, 112
281, 111
281, 110
282, 109
282, 107
283, 106
283, 103
284, 102
284, 100
285, 99
285, 96
286, 95
286, 92
287, 91
287, 88
288, 87
288, 83
289, 82
289, 77
290, 76
290, 70
291, 69
291, 54
290, 53
290, 49
289, 48
289, 46
288, 45
288, 43
287, 42
287, 41
286, 40
286, 39
285, 38
285, 37
284, 36
284, 35
283, 34
283, 33
281, 31
281, 30
280, 29
280, 28
277, 25
277, 24
271, 18
270, 18
269, 17
268, 17
267, 16
222, 252
223, 254
222, 255
221, 255
218, 256
245, 231
246, 232
246, 249
245, 250
245, 258
244, 259
244, 265
243, 266
243, 271
242, 272
242, 275
241, 276
241, 279
240, 280
240, 283
239, 284
239, 287
238, 288
238, 290
237, 291
237, 293
236, 294
236, 296
235, 297
235, 298
234, 299
234, 301
233, 302
233, 304
232, 305
232, 306
231, 307
231, 308
230, 309
230, 311
229, 312
229, 313
228, 314
228, 315
227, 316
227, 317
226, 318
226, 319
225, 320
225, 321
224, 322
224, 323
222, 325
222, 326
221, 327
221, 328
218, 331
218, 332
212, 338
212, 339
210, 341
209, 341
204, 346
203, 346
201, 348
200, 348
199, 349
198, 349
197, 350
194, 350
193, 351
190, 351
189, 352
179, 352
178, 351
174, 351
173, 350
172, 350
171, 349
170, 349
168, 347
168, 343
169, 342
169, 340
170, 339
170, 338
171, 337
171, 336
174, 333
174, 332
176, 330
176, 329
180, 325
180, 324
184, 320
184, 319
193, 310
194, 310
205, 299
205, 298
211, 292
211, 291
216, 286
216, 285
219, 282
219, 281
221, 279
221, 278
222, 277
222, 276
223, 275
223, 273
224, 272
224, 271
225, 270
225, 268
226, 267
226, 265
227, 264
227, 262
228, 261
228, 259
229, 258
229, 255
230, 254
230, 251
231, 250
231, 247
233, 245
233, 244
238, 239
238, 238
248, 194
249, 193
252, 193
253, 194
257, 194
258, 195
266, 195
267, 196
273, 196
274, 195
284, 195
285, 196
282, 199
281, 199
279, 201
278, 201
276, 203
275, 203
271, 207
270, 207
267, 210
266, 210
263, 213
262, 213
257, 218
256, 218
251, 223
250, 223
249, 222
249, 202
248, 201
198, 181
199, 183
194, 188
193, 188
189, 191
188, 192
187, 192
186, 193
183, 193
181, 186
182, 185
182, 183
239, 154
240, 153
242, 155
242, 160
243, 161
243, 167
244, 168
244, 176
245, 177
245, 186
246, 187
246, 188
245, 189
242, 189
241, 188
239, 188
238, 187
236, 187
235, 186
232, 186
231, 185
229, 185
228, 184
225, 184
224, 183
222, 183
221, 182
217, 182
216, 181
212, 181
211, 180
208, 180
207, 179
216, 170
217, 170
222, 165
223, 165
226, 162
227, 162
230, 159
231, 159
233, 157
234, 157
236, 155
237, 155
238, 154
262, 19
263, 18
266, 18
267, 19
268, 19
270, 21
271, 21
274, 24
274, 25
278, 29
278, 30
280, 32
280, 33
281, 34
281, 35
282, 36
282, 37
283, 38
283, 39
284, 40
284, 41
285, 42
285, 43
286, 44
286, 46
287, 47
287, 49
288, 50
288, 54
289, 55
289, 68
288, 69
288, 76
287, 77
287, 81
286, 82
286, 86
285, 87
285, 91
284, 92
284, 95
283, 96
283, 98
282, 99
282, 102
281, 103
281, 105
280, 106
280, 108
279, 109
279, 111
278, 112
278, 113
277, 114
277, 116
276, 117
276, 118
275, 119
275, 120
273, 122
273, 123
271, 125
271, 126
260, 137
259, 137
256, 140
255, 140
253, 142
252, 142
250, 144
249, 144
247, 146
246, 146
244, 148
243, 148
242, 147
242, 144
241, 143
241, 139
240, 138
240, 133
239, 132
239, 127
238, 126
238, 121
237, 120
237, 112
236, 111
236, 79
237, 78
237, 72
238, 71
238, 67
239, 66
239, 63
240, 62
240, 59
241, 58
241, 56
242, 55
242, 52
243, 51
243, 49
244, 48
244, 47
245, 46
245, 44
246, 43
246, 42
247, 41
247, 40
248, 39
248, 37
250, 35
250, 34
251, 33
251, 32
252, 31
252, 30
254, 28
254, 27
256, 25
256, 24
261, 19
