4, 2
394, 4
392, 369
2, 367
281, 16
280, 17
279, 17
278, 18
277, 18
273, 22
272, 22
259, 35
259, 36
256, 39
256, 40
255, 41
255, 42
254, 43
254, 44
253, 45
253, 46
252, 47
252, 48
251, 49
251, 50
250, 51
250, 53
249, 54
249, 55
248, 56
248, 57
247, 58
247, 60
246, 61
246, 62
245, 63
245, 64
244, 65
244, 67
243, 68
243, 69
242, 70
242, 72
241, 73
241, 74
240, 75
240, 77
239, 78
239, 80
238, 81
238, 84
237, 85
237, 88
236, 89
236, 91
235, 92
235, 95
234, 96
234, 99
233, 100
233, 103
232, 104
232, 108
231, 109
231, 112
230, 113
230, 116
229, 117
229, 120
228, 121
228, 123
227, 124
227, 126
226, 127
226, 129
225, 130
225, 132
224, 133
224, 134
223, 135
223, 136
222, 137
222, 138
221, 139
221, 140
217, 144
217, 145
211, 151
211, 152
199, 164
198, 164
187, 175
186, 175
181, 180
180, 180
178, 182
177, 182
176, 183
175, 183
174, 184
173, 184
172, 185
169, 185
168, 186
164, 186
163, 187
158, 187
157, 188
155, 188
154, 187
153, 187
149, 183
149, 182
148, 181
148, 180
147, 179
147, 177
146, 176
146, 173
145, 172
145, 167
144, 166
144, 147
145, 146
145, 141
146, 140
146, 136
147, 135
147, 133
148, 132
148, 129
149, 128
149, 126
150, 125
150, 124
151, 123
151, 121
152, 120
152, 118
153, 117
153, 116
154, 115
154, 114
155, 113
155, 111
156, 110
156, 109
157, 108
157, 107
158, 106
158, 105
159, 104
159, 102
160, 101
160, 100
161, 99
161, 98
162, 97
162, 96
163, 95
163, 94
165, 92
165, 91
166, 90
166, 89
167, 88
167, 87
168, 86
168, 85
169, 84
169, 83
170, 82
170, 81
171, 80
171, 79
172, 78
172, 77
173, 76
173, 75
174, 74
174, 73
175, 72
175, 71
176, 70
176, 69
177, 68
177, 67
178, 66
178, 64
179, 63
179, 62
180, 61
180, 58
181, 57
181, 54
182, 53
182, 44
181, 43
181, 42
179, 40
178, 40
177, 39
174, 39
173, 40
169, 40
168, 41
167, 41
166, 42
165, 42
164, 43
163, 43
161, 45
160, 45
158, 47
157, 47
154, 50
153, 50
147, 56
146, 56
146, 57
140, 63
140, 64
138, 66
138, 67
137, 68
137, 70
136, 71
136, 74
135, 75
135, 77
136, 78
137, 77
137, 74
138, 73
138, 70
139, 69
139, 68
140, 67
140, 66
142, 64
142, 63
153, 52
154, 52
157, 49
158, 49
160, 47
161, 47
163, 45
164, 45
166, 43
168, 43
169, 42
171, 42
172, 41
177, 41
180, 44
180, 45
181, 46
181, 48
180, 49
180, 55
179, 56
179, 59
178, 60
178, 62
177, 63
177, 64
176, 65
176, 66
175, 67
175, 68
174, 69
174, 70
173, 71
173, 72
172, 73
172, 74
171, 75
171, 76
170, 77
170, 78
169, 79
169, 80
168, 81
168, 82
167, 83
167, 84
166, 85
166, 86
165, 87
165, 88
164, 89
164, 90
163, 91
163, 92
162, 93
162, 94
161, 95
161, 96
160, 97
160, 98
159, 99
159, 100
158, 101
158, 102
157, 103
157, 104
156, 105
156, 106
155, 107
155, 109
154, 110
154, 111
153, 112
153, 113
152, 114
152, 116
151, 117
151, 118
150, 119
150, 121
149, 122
149, 123
148, 124
148, 126
147, 127
147, 129
146, 130
146, 133
145, 134
145, 137
144, 138
144, 141
143, 142
143, 149
142, 150
142, 163
143, 164
143, 170
144, 171
144, 175
145, 176
145, 178
146, 179
146, 180
147, 181
147, 182
148, 183
148, 184
149, 185
149, 186
150, 187
150, 188
149, 189
147, 189
146, 190
142, 190
141, 191
134, 191
133, 192
126, 192
125, 193
117, 193
116, 194
107, 194
106, 195
95, 195
94, 196
81, 196
80, 197
59, 197
58, 196
49, 196
48, 195
41, 195
40, 194
36, 194
35, 193
31, 193
30, 192
27, 192
26, 191
24, 191
23, 190
21, 190
20, 189
20, 184
21, 183
21, 182
23, 180
23, 179
36, 166
37, 166
42, 161
43, 161
47, 157
48, 157
51, 154
52, 154
55, 151
56, 151
59, 148
60, 148
63, 145
64, 145
66, 143
67, 143
69, 141
70, 141
71, 140
72, 140
73, 139
74, 139
76, 137
77, 137
78, 136
79, 136
80, 135
81, 135
82, 134
84, 134
85, 133
87, 133
88, 132
89, 132
90, 131
102, 131
103, 130
102, 129
92, 129
91, 130
89, 130
88, 131
86, 131
85, 132
83, 132
82, 133
81, 133
80, 134
79, 134
78, 135
77, 135
76, 136
75, 136
74, 137
73, 137
72, 138
71, 138
69, 140
68, 140
67, 141
66, 141
64, 143
63, 143
60, 146
59, 146
57, 148
56, 148
53, 151
52, 151
48, 155
47, 155
44, 158
43, 158
38, 163
37, 163
32, 168
31, 168
24, 175
24, 176
21, 179
21, 180
20, 181
20, 182
19, 183
19, 184
18, 185
18, 189
20, 191
21, 191
22, 192
24, 192
25, 193
27, 193
28, 194
31, 194
32, 195
36, 195
37, 196
42, 196
43, 197
50, 197
51, 198
64, 198
65, 199
75, 199
76, 198
91, 198
92, 197
104, 197
105, 196
114, 196
115, 195
123, 195
124, 194
131, 194
132, 193
139, 193
140, 192
145, 192
146, 191
150, 191
151, 190
158, 190
159, 191
160, 190
165, 190
166, 189
168, 189
169, 188
171, 188
172, 187
174, 187
175, 186
178, 186
179, 185
183, 185
184, 184
188, 184
189, 183
193, 183
194, 182
198, 182
199, 181
204, 181
205, 180
207, 180
208, 181
208, 183
207, 184
207, 186
206, 187
206, 189
205, 190
205, 192
204, 193
204, 196
203, 197
203, 200
202, 201
202, 204
201, 205
201, 207
200, 208
200, 211
199, 212
199, 214
197, 216
197, 217
195, 219
195, 220
191, 224
191, 225
188, 228
188, 229
185, 232
185, 233
181, 237
181, 238
178, 241
178, 242
173, 247
173, 248
168, 253
168, 254
162, 260
162, 261
156, 267
156, 268
151, 273
151, 274
147, 278
147, 279
143, 283
143, 284
139, 288
139, 289
136, 292
136, 293
133, 296
133, 297
130, 300
130, 301
128, 303
128, 304
126, 306
126, 307
125, 308
125, 309
123, 311
123, 312
122, 313
122, 314
121, 315
121, 316
120, 317
120, 318
119, 319
119, 320
118, 321
118, 323
117, 324
117, 327
116, 328
116, 340
117, 341
117, 343
118, 344
118, 345
119, 346
119, 347
125, 353
127, 353
128, 354
131, 354
132, 353
135, 353
136, 352
137, 352
138, 351
139, 351
140, 350
141, 350
142, 349
143, 349
154, 338
154, 337
157, 334
157, 333
159, 331
159, 330
161, 328
161, 327
162, 326
162, 325
164, 323
164, 322
165, 321
165, 320
166, 319
166, 318
167, 317
167, 316
169, 314
169, 313
170, 312
170, 310
171, 309
171, 308
172, 307
172, 306
173, 305
173, 304
174, 303
174, 302
175, 301
175, 299
176, 298
176, 297
177, 296
177, 294
178, 293
178, 291
179, 290
179, 289
180, 288
180, 286
181, 285
181, 283
182, 282
182, 280
183, 279
183, 277
184, 276
184, 274
185, 273
185, 271
186, 270
186, 268
187, 267
187, 264
188, 263
188, 261
189, 260
189, 257
190, 256
190, 254
191, 253
191, 250
192, 249
192, 246
193, 245
193, 242
194, 241
194, 238
195, 237
195, 234
196, 233
196, 230
197, 229
197, 226
198, 225
198, 222
199, 221
199, 219
200, 218
200, 217
201, 216
201, 215
202, 214
202, 213
205, 210
205, 209
210, 204
210, 203
214, 199
214, 198
220, 192
220, 191
236, 175
237, 175
238, 174
242, 174
243, 173
248, 173
249, 172
255, 172
256, 171
261, 171
263, 173
263, 174
264, 175
264, 176
266, 178
266, 179
269, 182
270, 182
271, 183
272, 183
273, 184
274, 184
275, 185
285, 185
286, 184
288, 184
289, 183
290, 183
291, 182
293, 182
294, 181
295, 181
297, 179
298, 179
301, 176
302, 176
310, 168
311, 168
312, 167
317, 167
318, 168
318, 172
317, 173
317, 176
316, 177
316, 183
315, 184
315, 195
316, 196
316, 199
317, 200
317, 202
319, 204
319, 205
323, 209
324, 209
325, 210
327, 210
328, 211
342, 211
343, 210
345, 210
346, 209
348, 209
349, 208
351, 208
352, 207
353, 207
354, 206
355, 206
356, 205
357, 205
358, 204
360, 204
361, 203
362, 203
363, 202
364, 202
365, 201
366, 201
367, 200
369, 200
370, 199
371, 199
372, 198
373, 198
374, 197
375, 197
377, 195
377, 191
376, 190
376, 189
375, 188
375, 187
373, 185
373, 184
369, 180
368, 180
364, 176
363, 176
361, 174
360, 174
359, 173
358, 173
356, 171
355, 171
354, 170
352, 170
351, 169
350, 169
349, 168
347, 168
346, 167
343, 167
342, 166
335, 166
334, 165
323, 165
322, 164
322, 163
323, 162
323, 160
324, 159
324, 158
325, 157
325, 155
326, 154
326, 153
327, 152
327, 151
328, 150
328, 149
329, 148
329, 147
330, 146
330, 144
331, 143
331, 142
332, 141
332, 140
333, 139
333, 138
334, 137
334, 136
335, 135
335, 134
336, 133
336, 132
337, 131
337, 130
338, 129
338, 128
339, 127
339, 126
340, 125
340, 123
341, 122
341, 121
342, 120
342, 119
343, 118
343, 116
344, 115
344, 113
345, 112
345, 111
346, 110
346, 108
347, 107
347, 106
348, 105
348, 103
349, 102
349, 100
350, 99
350, 98
351, 97
351, 95
352, 94
352, 92
353, 91
353, 89
354, 88
354, 86
355, 85
355, 83
353, 83
352, 84
352, 86
351, 87
351, 88
350, 89
350, 91
349, 92
349, 94
348, 95
348, 96
347, 97
347, 99
346, 100
346, 102
345, 103
345, 104
344, 105
344, 107
343, 108
343, 110
342, 111
342, 112
341, 113
341, 115
340, 116
340, 118
339, 119
339, 120
338, 121
338, 123
337, 124
337, 125
336, 126
336, 127
335, 128
335, 129
334, 130
334, 131
333, 132
333, 133
332, 134
332, 135
331, 136
331, 137
330, 138
330, 139
329, 140
329, 141
328, 142
328, 143
326, 145
326, 146
324, 148
324, 149
322, 151
322, 152
319, 155
319, 156
315, 160
315, 161
312, 164
311, 164
310, 165
305, 165
304, 166
288, 166
287, 167
276, 167
275, 168
264, 168
263, 167
263, 156
264, 155
264, 153
265, 152
265, 151
266, 150
267, 150
270, 147
271, 147
274, 144
275, 144
277, 142
278, 142
281, 139
282, 139
284, 137
285, 137
287, 135
288, 135
290, 133
291, 133
293, 131
294, 131
296, 129
297, 129
299, 127
300, 127
301, 126
302, 126
304, 124
305, 124
306, 123
307, 123
309, 121
310, 121
311, 120
312, 120
314, 118
315, 118
316, 117
317, 117
319, 115
320, 115
322, 113
323, 113
324, 112
325, 112
327, 110
328, 110
330, 108
331, 108
332, 107
333, 107
334, 106
335, 106
337, 104
338, 104
339, 103
340, 103
340, 100
336, 96
335, 96
333, 94
332, 94
331, 93
328, 93
327, 92
319, 92
318, 93
315, 93
314, 94
312, 94
311, 95
310, 95
309, 96
308, 96
307, 97
306, 97
305, 98
304, 98
303, 99
302, 99
300, 101
299, 101
297, 103
296, 103
293, 106
292, 106
280, 118
280, 119
277, 122
277, 123
274, 126
274, 127
272, 129
272, 130
270, 132
270, 133
269, 134
269, 135
268, 136
268, 137
267, 138
267, 139
266, 140
266, 141
265, 142
265, 144
264, 145
264, 147
263, 148
263, 149
262, 150
262, 151
260, 153
259, 153
256, 156
255, 156
251, 160
250, 160
246, 164
245, 164
238, 171
237, 171
235, 173
233, 173
232, 174
228, 174
227, 175
223, 175
222, 176
217, 176
216, 177
213, 177
212, 176
212, 173
213, 172
213, 170
214, 169
214, 167
215, 166
215, 164
216, 163
216, 161
217, 160
217, 158
218, 157
218, 155
219, 154
219, 153
220, 152
220, 150
221, 149
221, 147
222, 146
222, 144
223, 143
223, 141
224, 140
224, 139
226, 137
226, 136
230, 132
230, 131
233, 128
233, 127
237, 123
237, 122
239, 120
239, 119
241, 117
241, 116
243, 114
243, 113
245, 111
245, 110
246, 109
246, 108
248, 106
248, 105
249, 104
249, 103
250, 102
250, 101
251, 100
251, 99
253, 97
253, 96
254, 95
254, 94
255, 93
255, 92
257, 90
257, 89
258, 88
258, 87
259, 86
259, 85
260, 84
260, 83
261, 82
261, 81
262, 80
262, 79
263, 78
263, 77
264, 76
264, 75
265, 74
265, 73
266, 72
266, 71
267, 70
267, 69
268, 68
268, 67
269, 66
269, 65
270, 64
270, 63
271, 62
271, 61
272, 60
272, 59
273, 58
273, 57
274, 56
274, 55
275, 54
275, 53
276, 52
276, 50
277, 49
277, 48
278, 47
278, 45
279, 44
279, 42
280, 41
280, 40
281, 39
281, 37
282, 36
282, 34
283, 33
283, 31
284, 30
284, 27
285, 26
285, 22
286, 21
286, 20
285, 19
285, 18
283, 16
195, 223
196, 224
196, 226
195, 227
195, 231
194, 232
194, 235
193, 236
193, 239
192, 240
192, 242
191, 243
191, 246
190, 247
190, 250
189, 251
189, 254
188, 255
188, 257
187, 258
187, 261
186, 262
186, 264
185, 265
185, 268
184, 269
184, 271
183, 272
183, 274
182, 275
182, 277
181, 278
181, 280
180, 281
180, 283
179, 284
179, 286
178, 287
178, 289
177, 290
177, 291
176, 292
176, 294
175, 295
175, 296
174, 297
174, 299
173, 300
173, 301
172, 302
172, 303
171, 304
171, 306
170, 307
170, 308
169, 309
169, 310
168, 311
168, 312
167, 313
167, 314
166, 315
166, 316
165, 317
165, 318
163, 320
163, 321
162, 322
162, 323
161, 324
161, 325
159, 327
159, 328
157, 330
157, 331
155, 333
155, 334
152, 337
152, 338
144, 346
143, 346
140, 349
139, 349
138, 350
137, 350
136, 351
134, 351
133, 352
127, 352
126, 351
125, 351
121, 347
121, 346
119, 344
119, 342
118, 341
118, 336
117, 335
117, 333
118, 332
118, 326
119, 325
119, 323
120, 322
120, 321
121, 320
121, 318
122, 317
122, 316
123, 315
123, 314
125, 312
125, 311
126, 310
126, 309
128, 307
128, 306
130, 304
130, 303
132, 301
132, 300
135, 297
135, 296
138, 293
138, 292
142, 288
142, 287
145, 284
145, 283
150, 278
150, 277
154, 273
154, 272
159, 267
159, 266
165, 260
165, 259
171, 253
171, 252
176, 247
176, 246
180, 242
180, 241
184, 237
184, 236
187, 233
187, 232
190, 229
190, 228
226, 177
227, 176
230, 176
231, 177
223, 185
223, 186
217, 192
217, 193
211, 199
211, 200
207, 204
207, 205
204, 208
203, 207
203, 203
204, 202
204, 199
205, 198
205, 196
206, 195
206, 192
207, 191
207, 189
208, 188
208, 186
209, 185
209, 182
212, 179
215, 179
216, 178
220, 178
221, 177
322, 167
337, 167
338, 168
343, 168
344, 169
347, 169
348, 170
350, 170
351, 171
352, 171
353, 172
354, 172
355, 173
356, 173
357, 174
358, 174
360, 176
361, 176
363, 178
364, 178
374, 188
374, 189
375, 190
375, 192
376, 193
375, 194
375, 195
374, 196
373, 196
372, 197
370, 197
369, 198
368, 198
367, 199
366, 199
365, 200
364, 200
363, 201
361, 201
360, 202
359, 202
358, 203
357, 203
356, 204
355, 204
354, 205
352, 205
351, 206
350, 206
349, 207
347, 207
346, 208
344, 208
343, 209
340, 209
339, 210
332, 210
331, 209
327, 209
326, 208
325, 208
324, 207
323, 207
321, 205
321, 204
319, 202
319, 201
318, 200
318, 198
317, 197
317, 182
318, 181
318, 176
319, 175
319, 172
320, 171
320, 169
300, 168
301, 167
306, 167
307, 168
307, 169
303, 173
302, 173
298, 177
297, 177
295, 179
294, 179
293, 180
292, 180
291, 181
290, 181
289, 182
287, 182
286, 183
282, 183
281, 184
278, 184
277, 183
274, 183
273, 182
272, 182
266, 176
266, 175
265, 174
265, 171
266, 170
272, 170
273, 169
284, 169
285, 168
322, 155
323, 156
323, 157
322, 158
322, 160
321, 161
321, 162
320, 163
320, 164
319, 165
316, 165
315, 164
315, 163
318, 160
318, 159
259, 155
261, 155
262, 156
262, 158
261, 159
261, 165
262, 166
262, 168
261, 169
258, 169
257, 170
251, 170
250, 171
245, 171
244, 172
242, 172
241, 171
241, 170
244, 167
245, 167
250, 162
251, 162
255, 158
256, 158
218, 146
219, 147
219, 150
218, 151
218, 153
217, 154
217, 155
216, 156
216, 158
215, 159
215, 161
214, 162
214, 164
213, 165
213, 167
212, 168
212, 170
211, 171
211, 173
210, 174
210, 176
208, 178
206, 178
205, 179
201, 179
200, 180
195, 180
194, 181
190, 181
189, 182
185, 182
184, 183
182, 183
181, 182
185, 178
186, 178
194, 170
195, 170
215, 150
215, 149
317, 95
318, 94
329, 94
330, 95
331, 95
332, 96
333, 96
335, 98
336, 98
338, 100
338, 102
337, 103
336, 103
335, 104
334, 104
333, 105
332, 105
330, 107
329, 107
328, 108
327, 108
325, 110
324, 110
322, 112
321, 112
320, 113
319, 113
317, 115
316, 115
314, 117
313, 117
312, 118
311, 118
309, 120
308, 120
307, 121
306, 121
305, 122
304, 122
302, 124
301, 124
299, 126
298, 126
296, 128
295, 128
294, 129
293, 129
291, 131
290, 131
288, 133
287, 133
285, 135
284, 135
282, 137
281, 137
278, 140
277, 140
275, 142
274, 142
271, 145
270, 145
268, 147
267, 147
266, 146
266, 144
267, 143
267, 141
268, 140
268, 139
269, 138
269, 137
271, 135
271, 134
272, 133
272, 132
274, 130
274, 129
276, 127
276, 126
279, 123
279, 122
284, 117
284, 116
290, 110
291, 110
296, 105
297, 105
299, 103
300, 103
302, 101
303, 101
304, 100
305, 100
306, 99
307, 99
308, 98
309, 98
310, 97
311, 97
312, 96
313, 96
314, 95
280, 18
283, 18
284, 19
284, 23
283, 24
283, 27
282, 28
282, 31
281, 32
281, 34
280, 35
280, 37
279, 38
279, 40
278, 41
278, 42
277, 43
277, 45
276, 46
276, 48
275, 49
275, 50
274, 51
274, 53
273, 54
273, 55
272, 56
272, 57
271, 58
271, 59
270, 60
270, 61
269, 62
269, 63
268, 64
268, 65
267, 66
267, 67
266, 68
266, 69
265, 70
265, 71
264, 72
264, 73
263, 74
263, 75
262, 76
262, 77
261, 78
261, 79
260, 80
260, 81
259, 82
259, 83
257, 85
257, 86
256, 87
256, 88
255, 89
255, 90
254, 91
254, 92
253, 93
253, 94
251, 96
251, 97
250, 98
250, 99
249, 100
249, 101
247, 103
247, 104
246, 105
246, 106
244, 108
244, 109
243, 110
243, 111
241, 113
241, 114
240, 115
240, 116
237, 119
237, 120
234, 123
234, 124
231, 127
231, 128
229, 130
228, 129
228, 126
229, 125
229, 123
230, 122
230, 119
231, 118
231, 116
232, 115
232, 112
233, 111
233, 108
234, 107
234, 103
235, 102
235, 99
236, 98
236, 95
237, 94
237, 91
238, 90
238, 87
239, 86
239, 84
240, 83
240, 80
241, 79
241, 77
242, 76
242, 75
243, 74
243, 72
244, 71
244, 70
245, 69
245, 67
246, 66
246, 65
247, 64
247, 62
248, 61
248, 60
249, 59
249, 58
250, 57
250, 55
251, 54
251, 53
252, 52
252, 51
253, 50
253, 49
254, 48
254, 46
255, 45
255, 44
257, 42
257, 41
258, 40
258, 39
261, 36
261, 35
271, 25
272, 25
277, 20
278, 20
