220, 2
222, 367
4, 369
2, 4
189, 15
188, 16
187, 16
186, 17
185, 17
176, 26
176, 27
173, 30
173, 31
171, 33
171, 34
168, 37
168, 38
166, 40
166, 41
165, 42
165, 43
163, 45
163, 46
161, 48
161, 49
160, 50
160, 51
159, 52
159, 53
157, 55
157, 56
156, 57
156, 58
155, 59
155, 60
154, 61
154, 62
153, 63
153, 64
152, 65
152, 66
151, 67
151, 69
150, 70
150, 71
149, 72
149, 73
148, 74
148, 76
147, 77
147, 78
146, 79
146, 81
145, 82
145, 83
144, 84
144, 86
143, 87
143, 88
142, 89
142, 91
141, 92
141, 94
140, 95
140, 97
139, 98
139, 99
138, 100
138, 102
137, 103
137, 105
136, 106
136, 107
135, 108
135, 110
134, 111
134, 113
133, 114
133, 116
132, 117
132, 119
131, 120
131, 122
130, 123
130, 125
129, 126
129, 128
128, 129
128, 132
127, 133
127, 134
125, 136
124, 136
123, 137
122, 137
120, 139
119, 139
117, 141
116, 141
113, 144
112, 144
109, 147
108, 147
104, 151
103, 151
100, 154
99, 154
95, 158
94, 158
90, 162
89, 162
87, 164
82, 164
81, 163
81, 162
82, 161
82, 160
83, 159
83, 158
84, 157
84, 156
85, 155
85, 154
86, 153
86, 152
87, 151
87, 150
88, 149
88, 148
89, 147
89, 146
90, 145
90, 144
91, 143
91, 142
92, 141
92, 140
94, 138
94, 136
95, 135
95, 134
96, 133
96, 132
97, 131
97, 130
98, 129
98, 128
99, 127
99, 126
100, 125
100, 124
101, 123
101, 122
102, 121
102, 120
103, 119
103, 118
104, 117
104, 116
105, 115
105, 114
106, 113
106, 112
107, 111
107, 109
108, 108
108, 107
109, 106
109, 105
110, 104
110, 102
111, 101
111, 99
112, 98
112, 97
113, 96
113, 94
114, 93
114, 91
115, 90
115, 88
116, 87
116, 85
117, 84
117, 82
118, 81
118, 78
119, 77
119, 74
120, 73
120, 69
121, 68
121, 64
122, 63
122, 57
123, 56
123, 34
122, 33
122, 29
121, 28
121, 27
120, 26
120, 25
119, 24
119, 23
114, 18
113, 18
112, 17
109, 17
108, 16
105, 16
104, 17
100, 17
99, 18
97, 18
96, 19
95, 19
94, 20
93, 20
90, 23
89, 23
79, 33
79, 34
75, 38
75, 39
72, 42
72, 43
68, 47
68, 48
65, 51
65, 52
63, 54
63, 55
61, 57
61, 58
60, 59
60, 60
58, 62
58, 63
57, 64
57, 65
56, 66
56, 67
55, 68
55, 69
54, 70
54, 71
53, 72
53, 73
52, 74
52, 76
51, 77
51, 83
50, 84
50, 85
51, 86
51, 87
53, 89
54, 89
56, 87
55, 86
55, 85
54, 84
54, 81
55, 80
55, 77
56, 76
56, 74
57, 73
57, 72
58, 71
58, 70
60, 68
60, 67
61, 66
61, 65
62, 64
62, 63
63, 62
63, 61
65, 59
65, 58
67, 56
67, 55
70, 52
70, 51
73, 48
73, 47
76, 44
76, 43
80, 39
80, 38
94, 24
95, 24
97, 22
99, 22
100, 21
102, 21
103, 20
109, 20
110, 21
111, 21
112, 22
113, 22
116, 25
116, 26
117, 27
117, 28
118, 29
118, 32
119, 33
119, 38
120, 39
120, 49
119, 50
119, 58
118, 59
118, 64
117, 65
117, 69
116, 70
116, 74
115, 75
115, 77
114, 78
114, 81
113, 82
113, 84
112, 85
112, 87
111, 88
111, 90
110, 91
110, 93
109, 94
109, 96
108, 97
108, 98
107, 99
107, 101
106, 102
106, 103
105, 104
105, 106
104, 107
104, 108
103, 109
103, 110
102, 111
102, 112
101, 113
101, 115
100, 116
100, 117
99, 118
99, 119
98, 120
98, 121
97, 122
97, 123
96, 124
96, 125
95, 126
95, 127
94, 128
94, 129
93, 130
93, 131
92, 132
92, 133
91, 134
91, 135
90, 136
90, 137
89, 138
89, 139
88, 140
88, 141
87, 142
87, 143
86, 144
86, 145
85, 146
85, 147
83, 149
83, 151
82, 152
82, 153
81, 154
81, 155
80, 156
80, 157
79, 158
79, 159
78, 160
78, 161
77, 162
77, 163
76, 164
74, 164
73, 165
63, 165
62, 166
54, 166
53, 167
47, 167
46, 168
40, 168
39, 169
33, 169
32, 170
25, 170
24, 171
16, 171
15, 170
18, 167
19, 167
20, 166
22, 166
23, 165
27, 165
28, 164
28, 163
27, 162
20, 162
19, 163
18, 163
17, 164
16, 164
15, 165
14, 165
11, 168
11, 169
10, 170
10, 174
11, 174
12, 175
21, 175
22, 174
29, 174
30, 173
37, 173
38, 172
43, 172
44, 171
50, 171
51, 170
59, 170
60, 169
68, 169
69, 168
73, 168
75, 170
75, 171
77, 173
80, 173
81, 172
82, 172
83, 171
84, 171
85, 170
86, 170
88, 168
106, 168
107, 169
117, 169
118, 170
119, 170
120, 171
120, 199
121, 200
121, 209
122, 210
122, 216
123, 217
123, 223
124, 224
124, 229
125, 230
125, 234
126, 235
126, 239
127, 240
127, 244
128, 245
128, 249
120, 257
120, 258
111, 267
111, 268
104, 275
104, 276
99, 281
99, 282
95, 286
95, 287
92, 290
92, 291
90, 293
90, 294
88, 296
88, 297
86, 299
86, 300
85, 301
85, 302
84, 303
84, 304
83, 305
83, 306
82, 307
82, 308
81, 309
81, 311
80, 312
80, 314
79, 315
79, 320
78, 321
78, 335
79, 336
79, 339
80, 340
80, 342
81, 343
81, 344
88, 351
89, 351
90, 352
91, 352
92, 353
94, 353
95, 354
101, 354
102, 355
108, 355
109, 354
114, 354
115, 353
118, 353
119, 352
120, 352
121, 351
122, 351
123, 350
124, 350
126, 348
127, 348
137, 338
137, 337
139, 335
139, 334
141, 332
141, 331
142, 330
142, 328
143, 327
143, 325
144, 324
144, 321
145, 320
145, 303
144, 302
144, 297
143, 296
143, 292
142, 291
142, 288
141, 287
141, 284
140, 283
140, 280
139, 279
139, 276
138, 275
138, 271
137, 270
137, 267
136, 266
136, 263
135, 262
135, 259
134, 258
134, 255
133, 254
133, 250
145, 238
146, 238
153, 231
154, 231
159, 226
160, 226
165, 221
166, 221
171, 216
172, 216
173, 217
176, 217
177, 216
180, 216
181, 215
182, 215
183, 214
184, 214
186, 212
187, 212
197, 202
198, 202
207, 193
207, 192
211, 188
211, 187
212, 186
212, 185
213, 184
213, 183
214, 182
214, 180
213, 179
213, 178
210, 175
208, 175
207, 174
205, 174
204, 175
198, 175
197, 176
167, 176
166, 175
161, 175
160, 174
156, 174
155, 173
151, 173
150, 172
146, 172
145, 171
142, 171
141, 170
138, 170
137, 169
133, 169
132, 168
128, 168
127, 167
126, 167
125, 166
125, 162
126, 161
126, 160
130, 156
130, 155
132, 153
132, 152
135, 149
135, 148
137, 146
137, 145
139, 143
139, 142
141, 140
141, 139
142, 138
142, 137
144, 135
144, 134
145, 133
145, 132
146, 131
147, 131
148, 130
151, 130
154, 133
155, 133
156, 132
156, 130
155, 129
155, 128
154, 127
152, 127
150, 125
150, 123
152, 121
152, 120
153, 119
153, 118
155, 116
155, 115
156, 114
156, 113
158, 111
158, 110
159, 109
159, 108
161, 106
161, 105
162, 104
162, 103
164, 101
164, 100
165, 99
165, 98
167, 96
167, 95
168, 94
168, 93
170, 91
170, 90
171, 89
171, 88
173, 86
173, 85
174, 84
174, 83
175, 82
175, 81
176, 80
176, 79
177, 78
177, 77
178, 76
178, 75
179, 74
179, 73
180, 72
180, 70
181, 69
181, 68
182, 67
182, 66
183, 65
183, 63
184, 62
184, 61
185, 60
185, 58
186, 57
186, 55
187, 54
187, 53
188, 52
188, 50
189, 49
189, 47
190, 46
190, 43
191, 42
191, 40
192, 39
192, 37
193, 36
193, 33
194, 32
194, 28
195, 27
195, 18
193, 16
192, 16
191, 15
128, 254
130, 255
130, 256
131, 257
131, 261
132, 262
132, 265
133, 266
133, 269
134, 270
134, 273
135, 274
135, 277
136, 278
136, 281
137, 282
137, 285
138, 286
138, 289
139, 290
139, 293
140, 294
140, 298
141, 299
141, 306
142, 307
142, 316
141, 317
141, 322
140, 323
140, 325
139, 326
138, 329
138, 330
137, 331
137, 332
134, 335
134, 336
125, 345
124, 345
122, 347
121, 347
120, 348
119, 348
118, 349
117, 349
116, 350
113, 350
112, 351
98, 351
97, 350
93, 349
92, 349
91, 348
90, 348
84, 342
84, 341
83, 340
83, 338
82, 337
82, 332
81, 331
81, 325
82, 324
82, 318
83, 317
83, 314
84, 313
85, 310
85, 309
86, 308
86, 307
87, 306
87, 305
88, 304
88, 303
89, 302
89, 301
90, 300
90, 299
93, 296
93, 295
95, 293
95, 292
98, 289
98, 288
102, 284
102, 283
107, 278
107, 277
115, 269
115, 268
125, 258
125, 257
196, 195
186, 208
185, 208
182, 211
181, 211
180, 212
178, 212
177, 211
179, 209
180, 209
187, 202
188, 202
191, 199
192, 199
124, 172
125, 171
128, 171
129, 172
133, 172
134, 173
138, 173
139, 174
142, 174
143, 175
146, 175
147, 176
151, 176
152, 177
157, 177
158, 178
162, 178
163, 179
170, 179
171, 180
194, 180
195, 179
202, 179
203, 178
208, 178
210, 180
210, 182
209, 183
209, 184
207, 186
207, 187
202, 192
201, 191
201, 190
197, 190
195, 192
194, 192
190, 196
189, 196
186, 199
185, 199
178, 206
177, 206
173, 210
172, 210
165, 217
164, 217
158, 223
157, 223
152, 228
151, 228
145, 234
144, 234
134, 244
133, 244
132, 245
131, 244
131, 242
130, 241
130, 237
129, 236
129, 232
128, 231
128, 227
127, 226
127, 221
126, 220
126, 214
125, 213
125, 207
124, 206
124, 194
123, 193
123, 176
124, 175
123, 141
124, 141
125, 142
125, 144
124, 145
124, 149
123, 150
123, 155
122, 156
122, 159
120, 161
118, 161
117, 160
116, 160
115, 161
115, 163
116, 164
116, 165
115, 166
114, 166
113, 165
102, 165
101, 164
96, 164
95, 163
99, 159
100, 159
104, 155
105, 155
108, 152
109, 152
113, 148
114, 148
117, 145
118, 145
120, 143
121, 143
137, 134
138, 133
139, 133
140, 134
139, 135
139, 136
138, 137
138, 138
136, 140
136, 141
134, 143
134, 144
132, 146
132, 147
129, 150
129, 151
128, 152
127, 151
127, 148
128, 147
128, 143
129, 142
129, 139
132, 136
133, 136
134, 135
135, 135
136, 134
188, 20
189, 19
190, 19
192, 21
192, 25
191, 26
191, 29
190, 30
190, 34
189, 35
189, 37
188, 38
188, 40
187, 41
187, 44
186, 45
186, 47
185, 48
185, 50
184, 51
184, 52
183, 53
183, 55
182, 56
182, 58
181, 59
181, 60
180, 61
180, 63
179, 64
179, 65
178, 66
178, 67
177, 68
177, 70
176, 71
176, 72
175, 73
175, 74
174, 75
174, 76
173, 77
173, 78
172, 79
172, 80
171, 81
171, 82
170, 83
170, 84
168, 86
168, 87
167, 88
167, 89
165, 91
165, 92
164, 93
164, 94
163, 95
163, 96
161, 98
161, 99
159, 101
159, 102
158, 103
158, 104
156, 106
156, 107
155, 108
155, 109
153, 111
153, 112
152, 113
152, 114
150, 116
150, 117
149, 118
149, 119
148, 120
148, 121
146, 123
146, 124
145, 125
145, 126
144, 127
143, 127
142, 128
141, 128
140, 129
138, 129
137, 130
136, 130
135, 131
133, 131
132, 130
132, 128
133, 127
133, 125
134, 124
134, 122
135, 121
135, 119
136, 118
136, 116
137, 115
137, 113
138, 112
138, 110
139, 109
139, 108
140, 107
140, 105
141, 104
141, 102
142, 101
142, 99
143, 98
143, 97
144, 96
144, 94
145, 93
145, 91
146, 90
146, 89
147, 88
147, 86
148, 85
148, 84
149, 83
149, 81
150, 80
150, 79
151, 78
151, 76
152, 75
152, 74
153, 73
153, 71
154, 70
154, 69
155, 68
155, 67
156, 66
156, 65
157, 64
157, 63
158, 62
158, 61
159, 60
159, 59
160, 58
160, 57
161, 56
161, 55
163, 53
163, 52
164, 51
164, 50
166, 48
166, 47
167, 46
167, 45
169, 43
169, 42
171, 40
171, 39
173, 37
173, 36
176, 33
176, 32
179, 29
179, 28
187, 20
