220, 2
222, 367
4, 369
2, 4
129, 16
125, 20
125, 21
123, 23
123, 24
122, 25
122, 26
121, 27
121, 28
120, 29
120, 30
119, 31
119, 32
118, 33
118, 35
117, 36
117, 38
116, 39
116, 41
115, 42
115, 44
114, 45
114, 47
113, 48
113, 50
112, 51
112, 54
111, 55
111, 58
110, 59
110, 62
109, 63
109, 66
108, 67
108, 71
107, 72
107, 76
106, 77
106, 82
105, 83
105, 88
104, 89
104, 94
103, 95
103, 101
102, 102
102, 108
101, 109
101, 116
100, 117
100, 127
99, 128
99, 172
98, 173
98, 174
96, 176
87, 176
86, 175
78, 175
77, 174
70, 174
69, 173
62, 173
61, 172
57, 172
56, 171
56, 170
57, 169
57, 166
58, 165
58, 162
59, 161
59, 157
60, 156
60, 152
61, 151
61, 146
62, 145
62, 141
63, 140
63, 134
64, 133
64, 126
65, 125
65, 117
66, 116
66, 106
67, 105
67, 85
68, 84
68, 70
67, 69
67, 53
66, 52
66, 46
65, 45
65, 41
64, 40
64, 38
63, 37
63, 36
62, 35
62, 34
60, 32
59, 32
58, 31
55, 31
54, 32
53, 32
52, 33
51, 33
44, 40
44, 41
42, 43
42, 44
40, 46
40, 47
39, 48
39, 49
37, 51
37, 52
36, 53
36, 54
35, 55
35, 56
34, 57
34, 58
32, 60
32, 61
31, 62
31, 63
30, 64
30, 65
29, 66
29, 67
28, 68
28, 69
27, 70
27, 71
26, 72
26, 73
25, 74
25, 75
24, 76
24, 77
22, 79
22, 81
21, 82
21, 83
20, 84
20, 85
19, 86
19, 88
18, 89
18, 91
17, 92
17, 95
16, 96
16, 105
17, 106
17, 107
18, 108
19, 108
21, 106
20, 105
20, 96
21, 95
21, 93
22, 92
22, 90
23, 89
23, 87
24, 86
24, 85
25, 84
25, 82
26, 81
26, 80
28, 78
28, 77
29, 76
29, 75
30, 74
30, 73
31, 72
31, 71
32, 70
32, 69
33, 68
33, 67
34, 66
34, 65
35, 64
35, 63
36, 62
36, 61
38, 59
38, 58
39, 57
39, 56
40, 55
40, 54
41, 53
41, 52
43, 50
43, 49
44, 48
44, 47
47, 44
47, 43
54, 36
55, 36
56, 35
57, 35
59, 37
59, 38
60, 39
60, 40
61, 41
61, 45
62, 46
62, 51
63, 52
63, 65
64, 66
64, 88
63, 89
63, 106
62, 107
62, 118
61, 119
61, 126
60, 127
60, 134
59, 135
59, 140
58, 141
58, 146
57, 147
57, 151
56, 152
56, 156
55, 157
55, 161
54, 162
54, 165
53, 166
53, 169
51, 171
28, 171
27, 172
21, 172
20, 171
17, 171
14, 168
14, 167
13, 166
13, 165
12, 164
10, 164
9, 165
9, 166
10, 167
10, 168
11, 169
11, 170
14, 173
15, 173
16, 174
17, 174
18, 175
31, 175
32, 174
49, 174
51, 176
50, 177
50, 180
49, 181
49, 183
48, 184
48, 186
47, 187
47, 189
46, 190
46, 192
45, 193
45, 196
44, 197
44, 199
43, 200
43, 202
42, 203
42, 205
41, 206
41, 207
40, 208
40, 210
39, 211
39, 213
38, 214
38, 216
37, 217
37, 218
36, 219
36, 220
35, 221
35, 222
34, 223
34, 226
35, 227
37, 227
40, 224
41, 224
45, 220
46, 220
48, 218
49, 218
50, 217
51, 217
52, 216
53, 216
54, 215
55, 215
56, 214
57, 214
58, 213
59, 213
60, 212
61, 212
62, 211
64, 211
65, 210
66, 210
67, 209
68, 209
69, 208
71, 208
72, 207
73, 207
74, 206
75, 206
76, 205
78, 205
79, 204
80, 204
81, 203
82, 203
83, 202
84, 202
85, 201
86, 201
88, 199
89, 199
90, 198
91, 198
92, 197
93, 197
94, 196
95, 196
96, 195
97, 195
98, 194
99, 194
100, 195
100, 201
101, 202
101, 212
102, 213
102, 222
103, 223
103, 232
104, 233
104, 241
105, 242
105, 244
104, 245
104, 246
101, 249
101, 250
98, 253
98, 254
96, 256
96, 257
93, 260
93, 261
91, 263
91, 264
89, 266
89, 267
87, 269
87, 270
85, 272
85, 273
83, 275
83, 276
81, 278
81, 279
79, 281
79, 282
77, 284
77, 285
76, 286
76, 287
74, 289
74, 290
73, 291
73, 292
71, 294
71, 295
70, 296
70, 297
69, 298
69, 299
68, 300
68, 301
67, 302
67, 303
65, 305
65, 306
64, 307
64, 308
63, 309
63, 310
62, 311
62, 313
61, 314
61, 315
60, 316
60, 317
59, 318
59, 319
58, 320
58, 321
57, 322
57, 323
56, 324
56, 325
55, 326
55, 328
54, 329
54, 330
53, 331
53, 333
52, 334
52, 335
51, 336
51, 339
50, 340
50, 348
51, 349
51, 350
52, 351
52, 352
53, 353
54, 353
55, 354
65, 354
66, 353
68, 353
69, 352
71, 352
72, 351
73, 351
74, 350
75, 350
76, 349
77, 349
78, 348
79, 348
80, 347
81, 347
82, 346
83, 346
84, 345
85, 345
87, 343
88, 343
90, 341
91, 341
97, 335
97, 334
100, 331
100, 330
101, 329
101, 328
102, 327
102, 326
103, 325
103, 324
104, 323
104, 322
105, 321
105, 320
106, 319
106, 317
107, 316
107, 313
108, 312
108, 310
109, 309
109, 304
110, 303
110, 293
111, 292
111, 274
110, 273
110, 260
109, 259
109, 249
108, 248
108, 246
109, 245
109, 244
112, 241
112, 240
114, 238
114, 237
117, 234
117, 233
119, 231
119, 230
121, 228
121, 227
123, 225
123, 224
124, 223
124, 222
126, 220
126, 219
128, 217
128, 216
129, 215
129, 214
130, 213
130, 212
132, 210
133, 210
136, 213
137, 213
140, 216
141, 216
143, 218
144, 218
145, 219
146, 219
147, 220
148, 220
149, 221
151, 221
152, 222
156, 222
157, 223
162, 223
163, 222
167, 222
168, 221
170, 221
171, 220
173, 220
174, 219
175, 219
176, 218
178, 218
179, 217
180, 217
181, 216
182, 216
184, 214
185, 214
186, 213
187, 213
189, 211
190, 211
193, 208
194, 208
204, 198
205, 198
211, 192
211, 191
213, 189
213, 188
214, 187
214, 185
213, 184
213, 182
212, 181
212, 180
210, 178
209, 178
208, 177
207, 177
206, 176
205, 176
204, 175
200, 175
199, 174
190, 174
189, 173
178, 173
177, 172
142, 172
141, 173
130, 173
129, 174
123, 174
122, 175
116, 175
115, 176
103, 176
102, 175
103, 174
103, 173
106, 170
106, 169
109, 166
109, 165
111, 163
111, 162
113, 160
113, 159
115, 157
115, 156
116, 155
116, 154
118, 152
118, 151
119, 150
119, 149
120, 148
120, 147
121, 146
121, 145
122, 144
122, 143
123, 142
123, 141
124, 140
124, 138
125, 137
125, 136
126, 135
126, 134
127, 133
127, 131
128, 130
128, 129
129, 128
129, 127
130, 126
130, 124
131, 123
131, 121
132, 120
132, 119
133, 118
133, 116
134, 115
134, 113
135, 112
135, 110
136, 109
136, 107
137, 106
137, 103
138, 102
138, 100
139, 99
139, 97
140, 96
140, 93
141, 92
141, 89
142, 88
142, 85
143, 84
143, 80
144, 79
144, 75
145, 74
145, 66
146, 65
146, 45
145, 44
145, 37
144, 36
144, 33
143, 32
143, 30
142, 29
142, 27
141, 26
141, 25
140, 24
140, 23
139, 22
139, 21
134, 16
103, 252
104, 251
105, 251
106, 252
106, 262
107, 263
107, 280
108, 281
108, 286
107, 287
107, 301
106, 302
106, 307
105, 308
105, 311
104, 312
104, 314
103, 315
103, 317
102, 318
102, 320
101, 321
101, 322
100, 323
100, 324
99, 325
99, 326
97, 328
97, 329
95, 331
95, 332
88, 339
87, 339
85, 341
84, 341
83, 342
82, 342
80, 344
79, 344
78, 345
77, 345
76, 346
75, 346
74, 347
72, 347
71, 348
70, 348
69, 349
67, 349
66, 350
64, 350
63, 351
56, 351
54, 349
54, 348
53, 347
53, 341
54, 340
54, 338
55, 337
55, 335
56, 334
56, 333
57, 332
57, 330
58, 329
58, 328
59, 327
59, 326
60, 325
60, 323
61, 322
61, 321
62, 320
62, 319
63, 318
63, 317
64, 316
64, 315
65, 314
65, 313
66, 312
66, 311
67, 310
67, 309
68, 308
68, 307
69, 306
69, 305
70, 304
70, 303
71, 302
71, 301
72, 300
72, 299
74, 297
74, 296
75, 295
75, 294
77, 292
77, 291
78, 290
78, 289
79, 288
79, 287
81, 285
81, 284
83, 282
83, 281
85, 279
85, 278
87, 276
87, 275
89, 273
89, 272
91, 270
91, 269
93, 267
93, 266
96, 263
96, 262
98, 260
98, 259
100, 257
100, 256
103, 253
104, 180
107, 181
106, 183
106, 184
105, 185
105, 186
103, 186
148, 176
149, 175
170, 175
171, 176
184, 176
185, 177
195, 177
196, 178
202, 178
203, 179
205, 179
210, 184
210, 187
208, 189
208, 190
205, 193
204, 193
192, 205
191, 205
188, 208
187, 208
185, 210
184, 210
183, 211
182, 211
180, 213
179, 213
178, 214
177, 214
176, 215
175, 215
174, 216
172, 216
171, 217
169, 217
168, 218
166, 218
165, 219
154, 219
153, 218
151, 218
150, 217
149, 217
148, 216
147, 216
146, 215
145, 215
143, 213
142, 213
139, 210
138, 210
135, 207
134, 207
133, 206
133, 205
134, 204
134, 202
135, 201
135, 199
136, 198
136, 197
137, 196
137, 194
138, 193
138, 189
136, 187
133, 187
132, 188
132, 191
133, 191
134, 192
134, 195
133, 196
133, 197
132, 198
132, 200
131, 201
131, 202
129, 204
128, 204
127, 203
125, 203
124, 202
121, 202
120, 203
120, 206
121, 207
121, 208
123, 210
123, 212
125, 214
125, 215
124, 216
124, 217
122, 219
122, 220
121, 221
121, 222
119, 224
119, 225
117, 227
117, 228
114, 231
114, 232
112, 234
112, 235
110, 237
110, 238
109, 239
108, 239
107, 238
107, 231
106, 230
106, 221
105, 220
105, 210
104, 209
104, 199
103, 198
103, 193
105, 191
106, 191
108, 189
108, 188
109, 187
109, 186
110, 185
110, 182
109, 181
109, 180
110, 179
118, 179
119, 178
125, 178
126, 177
133, 177
134, 176
56, 175
58, 175
59, 176
66, 176
67, 177
73, 177
74, 178
82, 178
83, 179
91, 179
92, 180
92, 181
87, 186
86, 186
85, 187
85, 189
89, 189
96, 182
96, 181
97, 180
98, 180
99, 181
99, 185
100, 186
100, 188
98, 190
97, 190
96, 191
95, 191
94, 192
93, 192
92, 193
91, 193
90, 194
89, 194
88, 195
87, 195
85, 197
84, 197
83, 198
82, 198
81, 199
80, 199
79, 200
78, 200
77, 201
76, 201
75, 202
73, 202
72, 203
71, 203
70, 204
69, 204
68, 205
66, 205
65, 206
64, 206
63, 207
62, 207
61, 208
59, 208
58, 209
57, 209
56, 210
55, 210
54, 211
53, 211
52, 212
51, 212
50, 213
49, 213
48, 214
47, 214
46, 215
45, 215
43, 217
42, 216
42, 214
43, 213
43, 212
44, 211
44, 209
45, 208
45, 206
46, 205
46, 203
47, 202
47, 200
48, 199
48, 197
49, 196
49, 194
50, 193
50, 191
51, 190
51, 188
52, 187
52, 184
53, 183
53, 181
54, 180
54, 177
131, 19
132, 19
136, 23
136, 24
138, 26
138, 28
139, 29
139, 30
140, 31
140, 33
141, 34
141, 38
142, 39
142, 47
143, 48
143, 62
142, 63
142, 72
141, 73
141, 78
140, 79
140, 82
139, 83
139, 87
138, 88
138, 90
137, 91
137, 94
136, 95
136, 98
135, 99
135, 101
134, 102
134, 104
133, 105
133, 107
132, 108
132, 110
131, 111
131, 113
130, 114
130, 116
129, 117
129, 119
128, 120
128, 122
127, 123
127, 124
126, 125
126, 127
125, 128
125, 129
124, 130
124, 131
123, 132
123, 134
122, 135
122, 136
121, 137
121, 138
120, 139
120, 140
119, 141
119, 142
118, 143
118, 144
117, 145
117, 146
116, 147
116, 148
115, 149
115, 150
114, 151
114, 152
112, 154
112, 155
111, 156
111, 157
109, 159
109, 160
107, 162
107, 163
103, 167
102, 166
102, 131
103, 130
103, 120
104, 119
104, 111
105, 110
105, 104
106, 103
106, 97
107, 96
107, 91
108, 90
108, 85
109, 84
109, 79
110, 78
110, 74
111, 73
111, 69
112, 68
112, 64
113, 63
113, 60
114, 59
114, 56
115, 55
115, 53
116, 52
116, 49
117, 48
117, 46
118, 45
118, 43
119, 42
119, 40
120, 39
120, 37
121, 36
121, 35
122, 34
122, 32
123, 31
123, 30
124, 29
124, 28
125, 27
125, 26
127, 24
127, 23
