73, 181
74, 180
80, 180
82, 182
82, 183
83, 184
83, 188
84, 189
83, 190
83, 198
82, 199
82, 202
81, 203
81, 206
80, 207
80, 209
79, 210
79, 212
78, 213
78, 214
77, 215
77, 217
76, 218
76, 219
75, 220
75, 222
74, 223
74, 224
73, 225
73, 226
72, 227
72, 228
71, 229
71, 230
70, 231
70, 232
69, 233
69, 234
68, 235
68, 236
67, 237
67, 238
66, 239
66, 240
65, 241
65, 242
64, 243
64, 244
63, 245
63, 246
61, 248
61, 249
60, 250
60, 251
58, 248
59, 247
59, 245
60, 244
60, 241
61, 240
61, 238
62, 237
62, 234
63, 233
63, 231
64, 230
64, 228
65, 227
65, 224
66, 223
66, 221
67, 220
67, 217
68, 216
68, 214
69, 213
69, 210
70, 209
70, 207
71, 206
71, 203
72, 202
72, 199
73, 198
73, 194
72, 193
69, 193
68, 194
68, 195
67, 196
67, 199
66, 200
66, 203
65, 204
65, 207
64, 208
64, 210
63, 211
63, 214
62, 215
62, 217
61, 218
61, 221
60, 222
60, 224
59, 225
59, 228
58, 229
58, 231
57, 232
57, 235
56, 236
56, 238
55, 239
55, 241
54, 242
54, 245
53, 246
53, 249
52, 250
52, 252
51, 253
51, 256
50, 257
50, 259
49, 260
49, 263
48, 264
48, 267
47, 268
47, 269
46, 270
46, 271
44, 273
44, 274
42, 276
42, 277
40, 279
40, 280
39, 281
38, 280
38, 278
39, 277
39, 275
40, 274
40, 272
41, 271
41, 268
42, 267
42, 265
43, 264
43, 262
44, 261
44, 259
45, 258
45, 255
46, 254
46, 252
47, 251
47, 248
48, 247
48, 245
49, 244
49, 241
50, 240
50, 238
51, 237
51, 234
52, 233
52, 230
53, 229
53, 226
54, 225
54, 222
55, 221
55, 218
56, 217
56, 214
57, 213
57, 210
58, 209
58, 205
59, 204
59, 201
60, 200
60, 197
61, 196
61, 193
62, 192
62, 189
67, 184
68, 184
70, 182
71, 182
72, 181
117, 21
118, 22
118, 24
117, 25
117, 30
116, 31
116, 35
115, 36
115, 39
114, 40
114, 42
113, 43
113, 45
112, 46
112, 48
111, 49
111, 51
110, 52
110, 54
109, 55
109, 56
108, 57
108, 59
107, 60
107, 61
106, 62
106, 64
105, 65
105, 66
104, 67
104, 69
103, 70
103, 71
102, 72
102, 73
101, 74
101, 76
100, 77
100, 78
99, 79
99, 80
98, 81
98, 83
97, 84
97, 85
96, 86
96, 87
95, 88
95, 90
94, 91
94, 92
93, 93
93, 94
92, 95
92, 96
91, 97
91, 98
90, 99
90, 100
89, 101
89, 103
88, 104
88, 105
87, 106
87, 107
85, 109
85, 110
84, 111
84, 112
83, 113
83, 114
82, 115
82, 116
80, 118
79, 117
79, 116
80, 115
80, 112
81, 111
81, 108
82, 107
82, 104
83, 103
83, 100
84, 99
84, 96
85, 95
85, 92
86, 91
86, 89
87, 88
87, 85
88, 84
88, 82
89, 81
89, 78
90, 77
90, 75
91, 74
91, 72
92, 71
92, 68
93, 67
93, 65
94, 64
94, 62
95, 61
95, 60
96, 59
96, 57
97, 56
97, 54
98, 53
98, 52
99, 51
99, 49
100, 48
100, 47
101, 46
101, 45
102, 44
102, 43
103, 42
103, 41
104, 40
104, 39
105, 38
105, 37
106, 36
106, 35
108, 33
108, 32
110, 30
110, 29
112, 27
112, 26
4, 2
124, 2
126, 4
126, 367
124, 369
4, 369
2, 367
2, 300
3, 299
5, 301
5, 303
6, 304
6, 307
7, 308
7, 311
8, 312
8, 315
9, 316
9, 317
10, 318
10, 319
12, 321
13, 321
14, 322
16, 322
22, 316
22, 315
23, 314
23, 313
25, 311
25, 310
26, 309
26, 308
27, 307
27, 306
28, 305
28, 304
29, 303
29, 302
30, 301
30, 299
31, 298
31, 297
32, 296
32, 294
33, 293
33, 292
34, 291
34, 290
35, 289
36, 289
37, 290
39, 290
40, 289
41, 290
41, 295
40, 296
40, 300
39, 301
39, 306
38, 307
38, 312
37, 313
37, 318
38, 319
41, 319
42, 318
42, 315
43, 314
43, 310
44, 309
44, 304
45, 303
45, 299
46, 298
46, 294
47, 293
47, 289
48, 288
48, 285
49, 284
49, 281
50, 280
50, 277
51, 276
51, 275
53, 273
53, 272
55, 270
55, 269
57, 267
57, 266
60, 263
60, 262
77, 245
78, 245
81, 242
82, 242
83, 241
84, 241
85, 240
86, 240
87, 239
89, 239
90, 238
92, 238
95, 241
95, 246
94, 247
94, 250
93, 251
93, 252
92, 253
92, 255
91, 256
91, 257
90, 258
90, 259
89, 260
89, 261
88, 262
88, 263
87, 264
87, 265
86, 266
86, 267
85, 268
85, 269
84, 270
84, 271
82, 273
82, 274
80, 276
80, 277
78, 279
78, 280
76, 282
76, 283
74, 285
74, 286
72, 288
72, 289
69, 292
69, 293
67, 295
67, 296
64, 299
64, 300
61, 303
61, 304
59, 306
59, 307
56, 310
56, 311
53, 314
53, 315
51, 317
51, 318
48, 321
48, 322
46, 324
46, 325
43, 328
43, 329
41, 331
41, 332
38, 335
38, 336
37, 337
37, 338
36, 339
36, 340
34, 342
34, 343
33, 344
33, 345
32, 346
32, 348
31, 349
31, 354
32, 355
35, 355
36, 354
36, 350
37, 349
37, 347
39, 345
39, 344
40, 343
40, 342
42, 340
42, 339
44, 337
44, 336
46, 334
46, 333
48, 331
48, 330
51, 327
51, 326
53, 324
53, 323
56, 320
56, 319
59, 316
59, 315
61, 313
61, 312
64, 309
64, 308
67, 305
67, 304
69, 302
69, 301
72, 298
72, 297
74, 295
74, 294
77, 291
77, 290
79, 288
79, 287
81, 285
81, 284
83, 282
83, 281
85, 279
85, 278
87, 276
87, 275
88, 274
88, 273
90, 271
90, 270
91, 269
91, 268
92, 267
92, 266
93, 265
93, 264
94, 263
94, 262
95, 261
95, 260
96, 259
96, 257
97, 256
97, 255
98, 254
98, 252
99, 251
99, 248
100, 247
100, 240
99, 239
99, 237
96, 234
94, 234
93, 233
88, 233
87, 234
85, 234
84, 235
83, 235
82, 236
81, 236
80, 237
79, 237
76, 240
75, 240
72, 243
71, 242
71, 241
72, 240
72, 239
73, 238
73, 237
74, 236
74, 235
75, 234
75, 233
76, 232
76, 231
77, 230
77, 229
78, 228
78, 226
79, 225
79, 224
80, 223
80, 222
81, 221
81, 219
82, 218
82, 217
83, 216
83, 214
84, 213
84, 211
85, 210
85, 208
86, 207
86, 204
87, 203
87, 200
88, 199
88, 193
89, 192
89, 187
88, 186
88, 182
87, 181
87, 180
86, 179
86, 178
84, 176
83, 176
82, 175
79, 175
78, 174
77, 174
76, 175
73, 175
72, 176
71, 176
70, 177
69, 177
68, 178
67, 178
66, 179
65, 178
65, 175
66, 174
66, 171
67, 170
67, 167
68, 166
68, 162
69, 161
69, 158
70, 157
70, 154
71, 153
71, 149
72, 148
72, 145
73, 144
73, 141
74, 140
74, 138
75, 137
75, 136
77, 134
77, 133
79, 131
79, 130
81, 128
81, 127
83, 125
83, 124
84, 123
84, 122
86, 120
86, 119
87, 118
87, 117
88, 116
88, 115
89, 114
89, 113
90, 112
90, 111
91, 110
91, 109
92, 108
92, 107
93, 106
93, 105
94, 104
94, 103
95, 102
95, 101
96, 100
96, 99
97, 98
97, 97
98, 96
98, 94
99, 93
99, 92
100, 91
100, 90
101, 89
101, 88
102, 87
102, 85
103, 84
103, 83
104, 82
104, 81
105, 80
105, 78
106, 77
106, 76
107, 75
107, 73
108, 72
108, 71
109, 70
109, 69
110, 68
110, 66
111, 65
111, 64
112, 63
112, 61
113, 60
113, 59
114, 58
114, 56
115, 55
115, 53
116, 52
116, 50
117, 49
117, 47
118, 46
118, 44
119, 43
119, 41
120, 40
120, 37
121, 36
121, 32
122, 31
122, 26
123, 25
123, 18
122, 17
122, 16
121, 15
116, 15
115, 16
114, 16
110, 20
110, 21
107, 24
107, 25
105, 27
105, 28
103, 30
103, 31
102, 32
102, 33
101, 34
101, 35
99, 37
99, 38
98, 39
98, 40
97, 41
97, 42
96, 43
96, 45
95, 46
95, 47
94, 48
94, 49
93, 50
93, 52
92, 53
92, 55
91, 56
91, 57
90, 58
90, 60
89, 61
89, 63
88, 64
88, 66
87, 67
87, 69
86, 70
86, 73
85, 74
85, 76
84, 77
84, 79
83, 80
83, 83
82, 84
82, 87
81, 88
81, 90
80, 91
80, 94
79, 95
79, 98
78, 99
78, 102
77, 103
77, 106
76, 107
76, 110
75, 111
75, 114
74, 115
74, 118
73, 119
73, 122
72, 123
72, 126
71, 127
71, 131
70, 132
70, 134
64, 140
63, 140
61, 142
60, 142
59, 143
58, 143
57, 144
52, 144
51, 143
50, 143
49, 142
49, 141
48, 140
48, 139
47, 138
47, 135
46, 134
46, 116
47, 115
47, 110
48, 109
48, 105
49, 104
49, 100
50, 99
50, 96
51, 95
51, 93
52, 92
52, 89
53, 88
53, 86
54, 85
54, 82
55, 81
55, 79
56, 78
56, 76
57, 75
57, 72
58, 71
58, 69
59, 68
59, 66
60, 65
60, 62
61, 61
61, 59
62, 58
62, 55
63, 54
63, 46
62, 45
59, 45
57, 47
56, 47
56, 48
52, 52
52, 53
49, 56
49, 57
47, 59
47, 60
45, 62
45, 63
44, 64
44, 65
43, 66
43, 67
42, 68
42, 69
40, 71
40, 73
39, 74
39, 75
38, 76
38, 77
37, 78
37, 79
36, 80
36, 81
35, 82
35, 84
34, 85
34, 86
33, 87
33, 88
32, 89
32, 91
31, 92
31, 93
30, 94
30, 96
29, 97
29, 98
28, 99
28, 101
27, 102
27, 103
26, 104
26, 106
25, 107
25, 109
24, 110
24, 112
23, 113
23, 115
22, 116
22, 118
21, 119
21, 121
20, 122
20, 125
19, 126
19, 130
18, 131
18, 145
20, 147
21, 147
22, 146
23, 146
23, 132
24, 131
24, 127
25, 126
25, 123
26, 122
26, 120
27, 119
27, 117
28, 116
28, 114
29, 113
29, 111
30, 110
30, 108
31, 107
31, 106
32, 105
32, 103
33, 102
33, 101
34, 100
34, 98
35, 97
35, 96
36, 95
36, 93
37, 92
37, 91
38, 90
38, 88
39, 87
39, 86
40, 85
40, 84
41, 83
41, 81
42, 80
42, 79
43, 78
43, 77
44, 76
44, 75
45, 74
45, 73
46, 72
46, 71
47, 70
47, 69
49, 67
49, 66
50, 65
50, 64
52, 62
52, 61
55, 58
56, 59
56, 60
55, 61
55, 63
54, 64
54, 67
53, 68
53, 70
52, 71
52, 74
51, 75
51, 77
50, 78
50, 80
49, 81
49, 84
48, 85
48, 87
47, 88
47, 91
46, 92
46, 94
45, 95
45, 98
44, 99
44, 103
43, 104
43, 108
42, 109
42, 114
41, 115
41, 135
42, 136
42, 139
43, 140
43, 142
44, 143
44, 144
48, 148
49, 148
50, 149
52, 149
53, 150
55, 150
56, 149
59, 149
60, 148
61, 148
62, 147
63, 147
65, 145
66, 145
67, 146
67, 147
66, 148
66, 152
65, 153
65, 156
64, 157
64, 160
63, 161
63, 164
62, 165
62, 169
61, 170
61, 173
60, 174
60, 178
59, 179
59, 182
58, 183
58, 184
44, 198
44, 199
40, 203
40, 204
38, 206
38, 207
36, 209
36, 210
34, 212
34, 213
32, 215
32, 216
31, 217
31, 218
29, 220
29, 221
28, 222
28, 223
27, 224
27, 225
26, 226
26, 227
25, 228
25, 229
24, 230
24, 231
23, 232
23, 233
22, 234
22, 235
21, 236
21, 238
20, 239
20, 241
19, 242
19, 244
18, 245
18, 249
19, 249
20, 250
21, 250
22, 249
23, 249
23, 246
24, 245
24, 243
25, 242
25, 240
26, 239
26, 238
27, 237
27, 235
28, 234
28, 233
29, 232
29, 231
30, 230
30, 229
32, 227
32, 226
33, 225
33, 224
34, 223
34, 222
35, 221
35, 220
37, 218
37, 217
39, 215
39, 214
41, 212
41, 211
43, 209
43, 208
46, 205
46, 204
52, 198
52, 197
54, 195
55, 196
55, 199
54, 200
54, 203
53, 204
53, 207
52, 208
52, 212
51, 213
51, 216
50, 217
50, 220
49, 221
49, 224
48, 225
48, 228
47, 229
47, 232
46, 233
46, 235
45, 236
45, 239
44, 240
44, 243
43, 244
43, 246
42, 247
42, 250
41, 251
41, 253
40, 254
40, 256
39, 257
39, 260
38, 261
38, 263
37, 264
37, 266
36, 267
36, 269
35, 270
35, 272
34, 273
34, 275
33, 276
33, 278
32, 279
32, 281
31, 282
31, 284
30, 285
30, 287
29, 288
29, 289
28, 290
28, 292
27, 293
27, 294
26, 295
26, 297
25, 298
25, 299
24, 300
24, 301
23, 302
23, 303
22, 304
22, 305
21, 306
21, 307
20, 308
20, 309
19, 310
19, 311
17, 313
17, 314
16, 315
15, 315
13, 313
13, 311
12, 310
12, 307
11, 306
11, 298
10, 297
9, 297
8, 296
6, 296
3, 299
2, 298
2, 4
