85, 202
86, 203
86, 205
85, 206
85, 208
84, 209
84, 212
83, 213
83, 215
82, 216
82, 218
81, 219
81, 222
80, 223
80, 226
79, 227
79, 230
78, 231
78, 233
77, 234
77, 237
76, 238
76, 241
75, 242
75, 244
74, 245
74, 248
73, 249
73, 251
72, 252
72, 255
71, 256
71, 258
70, 259
70, 261
69, 262
69, 265
68, 266
68, 268
67, 269
67, 271
66, 272
66, 274
56, 284
55, 283
55, 281
56, 280
56, 278
57, 277
57, 275
58, 274
58, 271
59, 270
59, 268
60, 267
60, 264
61, 263
61, 260
62, 259
62, 256
63, 255
63, 252
64, 251
64, 248
65, 247
65, 243
66, 242
66, 239
67, 238
67, 234
68, 233
68, 229
69, 228
69, 224
70, 223
70, 219
71, 218
71, 215
82, 204
83, 204
108, 190
109, 189
110, 189
111, 190
112, 190
114, 192
114, 199
113, 200
113, 202
112, 203
112, 205
111, 206
111, 208
110, 209
110, 210
109, 211
109, 212
108, 213
108, 214
107, 215
107, 216
106, 217
106, 218
105, 219
105, 220
104, 221
104, 222
103, 223
103, 224
101, 226
101, 227
100, 228
100, 229
98, 231
98, 232
97, 233
97, 234
95, 236
95, 237
93, 239
93, 240
91, 242
91, 243
89, 245
89, 246
87, 248
87, 249
84, 252
84, 253
81, 256
81, 257
77, 261
76, 260
76, 258
77, 257
77, 255
78, 254
78, 251
79, 250
79, 247
80, 246
80, 244
81, 243
81, 240
82, 239
82, 236
83, 235
83, 233
84, 232
84, 229
85, 228
85, 225
86, 224
86, 222
87, 221
87, 218
88, 217
88, 215
89, 214
89, 211
90, 210
90, 208
91, 207
91, 205
92, 204
92, 202
93, 201
93, 199
94, 198
94, 196
96, 194
97, 194
99, 192
101, 192
102, 191
103, 191
104, 190
126, 22
127, 23
127, 28
126, 29
126, 33
125, 34
125, 36
124, 37
124, 39
123, 40
123, 42
122, 43
122, 45
121, 46
121, 48
120, 49
120, 50
119, 51
119, 53
118, 54
118, 55
117, 56
117, 58
116, 59
116, 60
115, 61
115, 62
114, 63
114, 64
113, 65
113, 66
112, 67
112, 68
111, 69
111, 70
110, 71
110, 72
109, 73
109, 74
108, 75
108, 76
107, 77
107, 78
106, 79
106, 80
105, 81
105, 82
103, 84
103, 85
102, 86
102, 87
101, 88
101, 89
99, 91
99, 92
98, 93
98, 94
96, 96
96, 97
95, 98
94, 97
94, 95
95, 94
95, 91
96, 90
96, 87
97, 86
97, 83
98, 82
98, 79
99, 78
99, 76
100, 75
100, 73
101, 72
101, 69
102, 68
102, 66
103, 65
103, 63
104, 62
104, 60
105, 59
105, 58
106, 57
106, 55
107, 54
107, 52
108, 51
108, 50
109, 49
109, 48
110, 47
110, 46
111, 45
111, 44
112, 43
112, 42
113, 41
113, 40
114, 39
114, 38
115, 37
115, 36
117, 34
117, 33
119, 31
119, 30
122, 27
122, 26
4, 2
134, 2
136, 4
136, 367
134, 369
4, 369
2, 367
2, 310
3, 309
4, 310
4, 311
5, 312
5, 317
6, 318
6, 321
7, 322
7, 324
8, 325
8, 327
9, 328
9, 329
10, 330
10, 331
11, 332
11, 333
12, 334
12, 335
16, 339
17, 339
18, 340
23, 340
24, 339
25, 339
26, 338
27, 338
33, 332
33, 331
35, 329
35, 328
37, 326
37, 325
39, 323
39, 322
40, 321
40, 320
41, 319
41, 318
42, 317
42, 316
43, 315
43, 314
44, 313
44, 311
45, 310
45, 309
46, 308
46, 307
47, 306
47, 304
48, 303
48, 302
49, 301
49, 299
50, 298
50, 297
51, 296
51, 294
52, 293
52, 291
54, 289
56, 291
58, 291
59, 290
60, 291
60, 293
59, 294
59, 296
58, 297
58, 300
57, 301
57, 303
56, 304
56, 307
55, 308
55, 312
54, 313
54, 322
55, 323
58, 323
59, 322
59, 316
60, 315
60, 310
61, 309
61, 306
62, 305
62, 303
63, 302
63, 299
64, 298
64, 296
65, 295
65, 293
66, 292
66, 290
67, 289
67, 286
68, 285
68, 283
69, 282
69, 281
70, 280
70, 279
75, 274
76, 274
80, 270
81, 270
84, 267
85, 267
88, 264
89, 264
91, 262
92, 262
94, 260
95, 260
96, 259
97, 259
99, 257
100, 257
101, 256
102, 256
103, 255
105, 255
106, 254
107, 254
108, 253
111, 253
112, 252
117, 252
118, 251
119, 252
122, 252
125, 255
125, 256
126, 257
126, 260
125, 261
125, 265
124, 266
124, 267
123, 268
123, 269
122, 270
122, 271
121, 272
121, 273
120, 274
120, 275
119, 276
119, 277
117, 279
117, 280
114, 283
114, 284
110, 288
110, 289
105, 294
105, 295
97, 303
97, 304
77, 324
77, 325
64, 338
64, 339
60, 343
60, 344
55, 349
55, 350
53, 352
53, 354
55, 356
57, 356
59, 354
59, 353
65, 347
65, 346
68, 343
68, 342
90, 320
90, 319
103, 306
103, 305
110, 298
110, 297
115, 292
115, 291
119, 287
119, 286
121, 284
121, 283
123, 281
123, 280
125, 278
125, 277
126, 276
126, 275
127, 274
127, 273
128, 272
128, 271
129, 270
129, 268
130, 267
130, 264
131, 263
131, 254
130, 253
130, 252
129, 251
129, 250
127, 248
126, 248
125, 247
124, 247
123, 246
113, 246
112, 247
109, 247
108, 248
106, 248
105, 249
103, 249
102, 250
101, 250
100, 251
99, 251
98, 252
97, 252
96, 253
95, 253
94, 254
93, 254
92, 255
91, 255
90, 254
91, 253
91, 252
93, 250
93, 249
96, 246
96, 245
98, 243
98, 242
100, 240
100, 239
101, 238
101, 237
103, 235
103, 234
104, 233
104, 232
106, 230
106, 229
107, 228
107, 227
108, 226
108, 225
110, 223
110, 222
111, 221
111, 220
112, 219
112, 218
113, 217
113, 216
114, 215
114, 213
115, 212
115, 211
116, 210
116, 209
117, 208
117, 206
118, 205
118, 203
119, 202
119, 198
120, 197
120, 193
119, 192
119, 189
115, 185
114, 185
113, 184
105, 184
104, 185
102, 185
101, 186
98, 186
97, 185
96, 185
95, 186
94, 186
92, 188
92, 189
89, 192
88, 192
85, 195
84, 195
79, 200
78, 200
75, 203
74, 202
74, 197
75, 196
75, 191
76, 190
76, 185
77, 184
77, 180
78, 179
78, 174
79, 173
79, 168
80, 167
80, 162
81, 161
81, 157
82, 156
82, 151
83, 150
83, 146
84, 145
84, 141
85, 140
85, 136
86, 135
86, 130
87, 129
87, 126
88, 125
88, 121
89, 120
89, 117
91, 115
91, 114
93, 112
93, 111
94, 110
94, 109
96, 107
96, 106
98, 104
98, 103
99, 102
99, 101
101, 99
101, 98
103, 96
103, 95
104, 94
104, 93
105, 92
105, 91
107, 89
107, 88
108, 87
108, 86
109, 85
109, 84
110, 83
110, 82
112, 80
112, 79
113, 78
113, 77
114, 76
114, 75
115, 74
115, 73
116, 72
116, 71
117, 70
117, 69
118, 68
118, 67
119, 66
119, 65
120, 64
120, 62
121, 61
121, 60
122, 59
122, 58
123, 57
123, 55
124, 54
124, 53
125, 52
125, 50
126, 49
126, 47
127, 46
127, 45
128, 44
128, 42
129, 41
129, 38
130, 37
130, 35
131, 34
131, 30
132, 29
132, 24
133, 23
133, 18
132, 17
132, 16
131, 15
127, 15
126, 16
125, 16
117, 24
117, 25
114, 28
114, 29
112, 31
112, 32
111, 33
111, 34
109, 36
109, 37
108, 38
108, 39
107, 40
107, 41
106, 42
106, 43
105, 44
105, 45
104, 46
104, 48
103, 49
103, 50
102, 51
102, 53
101, 54
101, 55
100, 56
100, 58
99, 59
99, 61
98, 62
98, 64
97, 65
97, 67
96, 68
96, 70
95, 71
95, 74
94, 75
94, 77
93, 78
93, 81
92, 82
92, 85
91, 86
91, 89
90, 90
90, 93
89, 94
89, 97
88, 98
88, 101
87, 102
87, 105
86, 106
86, 109
85, 110
85, 113
84, 114
84, 116
82, 118
82, 119
80, 121
80, 122
78, 124
78, 125
75, 128
75, 129
73, 131
73, 132
69, 136
69, 137
64, 142
64, 143
57, 150
56, 150
53, 153
52, 153
51, 154
49, 154
48, 155
47, 154
46, 154
43, 151
43, 150
42, 149
42, 146
41, 145
41, 132
42, 131
42, 123
43, 122
43, 117
44, 116
44, 112
45, 111
45, 107
46, 106
46, 103
47, 102
47, 99
48, 98
48, 95
49, 94
49, 91
50, 90
50, 87
51, 86
51, 84
52, 83
52, 80
53, 79
53, 76
54, 75
54, 72
55, 71
55, 69
56, 68
56, 65
57, 64
57, 62
58, 61
58, 58
59, 57
59, 55
60, 54
60, 52
61, 51
61, 49
62, 48
62, 45
63, 44
63, 42
64, 41
64, 38
65, 37
65, 31
64, 30
62, 30
61, 31
60, 31
60, 32
58, 34
58, 35
56, 37
56, 38
54, 40
54, 41
52, 43
52, 44
50, 46
50, 47
48, 49
48, 50
46, 52
46, 53
44, 55
44, 56
43, 57
43, 58
41, 60
41, 61
40, 62
40, 63
39, 64
39, 65
38, 66
38, 67
37, 68
37, 69
36, 70
36, 71
35, 72
35, 73
34, 74
34, 75
33, 76
33, 77
32, 78
32, 79
31, 80
31, 82
30, 83
30, 84
29, 85
29, 87
28, 88
28, 89
27, 90
27, 92
26, 93
26, 94
25, 95
25, 97
24, 98
24, 100
23, 101
23, 103
22, 104
22, 107
21, 108
21, 117
23, 119
25, 119
26, 118
26, 109
27, 108
27, 106
28, 105
28, 102
29, 101
29, 99
30, 98
30, 97
31, 96
31, 94
32, 93
32, 91
33, 90
33, 89
34, 88
34, 86
35, 85
35, 84
36, 83
36, 82
37, 81
37, 79
38, 78
38, 77
39, 76
39, 75
40, 74
40, 73
41, 72
41, 71
42, 70
42, 69
43, 68
43, 67
45, 65
45, 64
46, 63
46, 62
48, 60
48, 59
49, 58
49, 57
51, 55
51, 54
53, 52
53, 51
54, 50
55, 51
55, 53
54, 54
54, 56
53, 57
53, 60
52, 61
52, 63
51, 64
51, 67
50, 68
50, 70
49, 71
49, 74
48, 75
48, 78
47, 79
47, 81
46, 82
46, 85
45, 86
45, 89
44, 90
44, 93
43, 94
43, 97
42, 98
42, 101
41, 102
41, 105
40, 106
40, 110
39, 111
39, 115
38, 116
38, 121
37, 122
37, 130
36, 131
36, 146
37, 147
37, 150
38, 151
38, 153
39, 154
39, 155
42, 158
43, 158
44, 159
45, 159
46, 160
49, 160
50, 159
52, 159
53, 158
55, 158
57, 156
58, 156
71, 143
71, 142
75, 138
75, 137
78, 134
78, 133
80, 131
81, 132
81, 134
80, 135
80, 139
79, 140
79, 144
78, 145
78, 149
77, 150
77, 155
76, 156
76, 161
75, 162
75, 166
74, 167
74, 172
73, 173
73, 178
72, 179
72, 184
71, 185
71, 189
70, 190
70, 195
69, 196
69, 201
68, 202
68, 206
67, 207
67, 211
61, 217
61, 218
56, 223
56, 224
53, 227
53, 228
50, 231
50, 232
48, 234
48, 235
46, 237
46, 238
44, 240
44, 241
42, 243
42, 244
41, 245
41, 246
39, 248
39, 250
38, 251
38, 252
37, 253
37, 254
36, 255
36, 262
37, 263
40, 263
41, 262
41, 258
42, 257
42, 255
43, 254
43, 253
44, 252
44, 251
45, 250
45, 249
47, 247
47, 246
48, 245
48, 244
50, 242
50, 241
52, 239
52, 238
55, 235
55, 234
57, 232
57, 231
61, 227
61, 226
62, 225
63, 225
64, 226
64, 227
63, 228
63, 232
62, 233
62, 237
61, 238
61, 241
60, 242
60, 246
59, 247
59, 250
58, 251
58, 254
57, 255
57, 258
56, 259
56, 262
55, 263
55, 265
54, 266
54, 269
53, 270
53, 273
52, 274
52, 276
51, 277
51, 279
50, 280
50, 282
49, 283
49, 286
48, 287
48, 289
47, 290
47, 291
46, 292
46, 294
45, 295
45, 297
44, 298
44, 300
43, 301
43, 302
42, 303
42, 304
41, 305
41, 307
40, 308
40, 309
39, 310
39, 311
38, 312
38, 313
37, 314
37, 315
36, 316
36, 317
35, 318
35, 319
34, 320
34, 321
32, 323
32, 324
30, 326
30, 327
22, 335
20, 335
15, 330
15, 329
14, 328
14, 327
13, 326
13, 324
12, 323
12, 321
11, 320
11, 317
10, 316
10, 311
9, 310
9, 305
10, 304
10, 303
12, 301
16, 301
16, 297
15, 297
14, 296
10, 296
9, 297
8, 297
5, 300
5, 303
3, 305
2, 304
2, 4
