144, 2
146, 367
4, 369
2, 4
29, 15
28, 16
26, 16
25, 17
23, 17
22, 18
21, 18
20, 19
19, 19
14, 24
14, 25
13, 26
13, 27
11, 29
11, 30
10, 31
10, 32
9, 33
9, 35
8, 36
8, 37
9, 38
11, 38
12, 37
12, 35
13, 34
13, 33
14, 32
14, 31
15, 30
15, 29
17, 27
17, 26
21, 22
22, 22
23, 21
24, 21
25, 20
27, 20
28, 19
32, 19
33, 20
34, 20
35, 21
35, 22
36, 23
36, 26
37, 27
37, 32
38, 33
38, 77
39, 78
39, 83
40, 84
40, 86
41, 87
41, 88
46, 93
48, 93
49, 94
54, 94
55, 95
58, 95
59, 96
59, 101
58, 102
58, 110
57, 111
57, 120
56, 121
56, 130
55, 131
55, 140
54, 141
54, 150
53, 151
53, 158
52, 159
51, 159
50, 160
47, 160
46, 161
44, 161
43, 162
42, 162
41, 163
41, 166
44, 166
45, 165
46, 165
47, 164
49, 164
50, 163
52, 165
51, 166
51, 172
50, 173
50, 178
49, 179
49, 184
48, 185
48, 189
47, 190
47, 194
46, 195
46, 198
45, 199
45, 203
44, 204
44, 207
43, 208
43, 211
42, 212
42, 214
41, 215
41, 217
40, 218
40, 220
39, 221
39, 223
38, 224
38, 226
37, 227
37, 229
36, 230
36, 231
35, 232
35, 233
34, 234
34, 235
32, 237
32, 238
30, 240
30, 241
28, 243
28, 244
22, 250
22, 251
19, 254
18, 254
16, 256
12, 256
9, 253
9, 237
10, 236
10, 233
11, 232
11, 230
12, 229
12, 228
14, 226
14, 225
15, 224
15, 223
17, 221
17, 220
20, 217
20, 216
21, 215
19, 213
18, 213
16, 215
16, 216
14, 218
14, 219
12, 221
12, 222
11, 223
11, 224
9, 226
9, 227
8, 228
8, 230
7, 231
7, 233
6, 234
6, 241
5, 242
5, 251
6, 252
6, 255
8, 257
8, 258
9, 258
10, 259
11, 259
12, 260
15, 260
16, 259
18, 259
20, 257
21, 257
25, 253
25, 252
31, 246
31, 245
33, 243
33, 242
35, 240
35, 239
36, 238
36, 237
38, 235
38, 234
39, 233
39, 231
40, 230
40, 229
41, 228
41, 226
42, 225
42, 223
43, 222
43, 220
44, 219
44, 217
45, 216
45, 214
46, 213
46, 210
47, 209
47, 206
48, 205
48, 202
49, 201
49, 197
50, 196
50, 192
51, 191
51, 187
52, 186
52, 182
53, 181
53, 176
54, 175
54, 169
55, 168
55, 164
57, 162
65, 162
66, 161
72, 161
73, 160
84, 160
85, 159
87, 159
88, 160
88, 164
87, 165
87, 168
86, 169
86, 173
85, 174
85, 177
84, 178
84, 182
83, 183
83, 187
82, 188
82, 191
81, 192
81, 195
80, 196
80, 200
79, 201
79, 204
78, 205
78, 208
77, 209
77, 213
76, 214
76, 217
75, 218
75, 222
74, 223
74, 227
73, 228
73, 231
72, 232
72, 235
71, 236
71, 239
70, 240
70, 244
69, 245
69, 248
68, 249
68, 253
67, 254
67, 257
66, 258
66, 262
65, 263
65, 268
64, 269
64, 273
63, 274
63, 279
62, 280
62, 286
61, 287
61, 292
60, 293
60, 302
63, 302
64, 301
64, 297
65, 296
65, 290
66, 289
66, 284
67, 283
67, 277
68, 276
68, 272
69, 271
69, 266
70, 265
70, 261
71, 260
71, 256
72, 255
72, 252
73, 251
73, 247
74, 246
74, 243
75, 242
75, 239
76, 238
76, 234
77, 233
77, 230
78, 229
78, 226
79, 225
79, 221
80, 220
80, 216
81, 215
81, 212
82, 211
82, 208
83, 207
83, 203
84, 202
84, 199
85, 198
85, 195
86, 194
86, 190
87, 189
87, 186
88, 185
88, 181
89, 180
89, 176
90, 175
90, 172
91, 171
91, 167
92, 166
92, 163
93, 162
93, 160
94, 159
95, 159
96, 158
106, 158
107, 159
122, 159
123, 160
128, 160
129, 161
130, 161
135, 166
135, 168
136, 169
136, 170
137, 171
137, 175
136, 176
136, 178
135, 179
135, 180
131, 184
131, 185
130, 186
129, 186
123, 192
122, 192
120, 194
119, 194
117, 196
116, 196
114, 198
113, 198
112, 199
111, 199
110, 200
109, 200
108, 201
107, 201
106, 202
105, 202
104, 203
102, 203
101, 204
100, 204
99, 205
98, 205
97, 206
95, 206
94, 207
93, 207
91, 209
91, 211
92, 212
99, 212
100, 211
112, 211
113, 210
132, 210
133, 211
134, 211
137, 214
137, 215
138, 216
138, 227
137, 228
137, 232
136, 233
136, 235
135, 236
135, 238
134, 239
134, 241
133, 242
133, 244
132, 245
132, 246
131, 247
131, 249
130, 250
130, 251
129, 252
129, 253
128, 254
128, 255
127, 256
127, 258
126, 259
126, 260
125, 261
125, 262
124, 263
124, 264
123, 265
123, 266
122, 267
122, 268
121, 269
121, 270
119, 272
119, 273
118, 274
118, 275
116, 277
116, 278
114, 280
114, 281
113, 282
113, 283
111, 285
111, 286
108, 289
108, 290
106, 292
106, 293
103, 296
103, 297
100, 300
100, 301
96, 305
96, 306
91, 311
91, 312
85, 318
85, 319
80, 324
80, 325
76, 329
76, 330
70, 336
70, 337
67, 340
67, 341
63, 345
63, 346
58, 351
58, 354
59, 355
60, 354
61, 354
65, 350
65, 349
68, 346
68, 345
71, 342
71, 341
77, 335
77, 334
80, 331
80, 330
86, 324
86, 323
91, 318
91, 317
97, 311
97, 310
101, 306
101, 305
105, 301
105, 300
107, 298
107, 297
110, 294
110, 293
113, 290
113, 289
115, 287
115, 286
116, 285
116, 284
118, 282
118, 281
120, 279
120, 278
121, 277
121, 276
123, 274
123, 273
124, 272
124, 271
125, 270
125, 269
126, 268
126, 267
127, 266
127, 265
128, 264
128, 263
129, 262
129, 261
130, 260
130, 259
131, 258
131, 257
132, 256
132, 255
133, 254
133, 252
134, 251
134, 250
135, 249
135, 247
136, 246
136, 245
137, 244
137, 242
138, 241
138, 239
139, 238
139, 236
140, 235
140, 232
141, 231
141, 226
142, 225
142, 217
141, 216
141, 213
140, 212
140, 211
137, 208
136, 208
135, 207
131, 207
130, 206
119, 206
118, 207
108, 207
107, 206
108, 205
109, 205
110, 204
111, 204
112, 203
113, 203
115, 201
116, 201
117, 200
118, 200
120, 198
121, 198
123, 196
124, 196
127, 193
128, 193
137, 184
137, 183
139, 181
139, 179
140, 178
140, 168
139, 167
139, 166
138, 165
138, 164
137, 163
137, 162
134, 159
133, 159
131, 157
128, 157
127, 156
120, 156
119, 155
96, 155
94, 153
95, 152
95, 149
96, 148
96, 145
97, 144
97, 140
98, 139
98, 136
99, 135
99, 133
100, 132
100, 131
102, 129
102, 127
100, 125
99, 125
98, 126
97, 126
97, 127
96, 128
96, 129
95, 130
95, 132
94, 133
94, 137
93, 138
93, 141
92, 142
92, 146
91, 147
91, 150
90, 151
90, 154
89, 155
87, 155
86, 156
75, 156
74, 157
67, 157
66, 158
59, 158
58, 159
56, 157
56, 155
57, 154
57, 145
58, 144
58, 135
59, 134
59, 125
60, 124
60, 115
61, 114
61, 106
62, 105
62, 98
63, 97
63, 95
64, 94
67, 94
68, 93
69, 93
70, 92
71, 92
72, 91
73, 91
74, 90
75, 90
77, 88
78, 88
91, 75
91, 74
95, 70
95, 69
100, 64
100, 63
104, 59
104, 58
105, 57
105, 56
106, 55
106, 54
107, 53
107, 52
108, 51
108, 49
109, 48
109, 44
110, 43
110, 38
111, 37
111, 28
110, 27
110, 24
109, 23
109, 22
108, 21
108, 20
105, 17
104, 17
103, 16
95, 16
93, 18
92, 18
88, 22
88, 23
85, 26
85, 27
83, 29
83, 30
81, 32
81, 33
80, 34
80, 35
79, 36
79, 37
78, 38
78, 39
77, 40
77, 41
76, 42
76, 43
75, 44
75, 45
74, 46
74, 47
73, 48
73, 49
72, 50
72, 52
71, 53
71, 54
70, 55
70, 56
69, 57
69, 59
68, 60
68, 62
67, 63
67, 65
66, 66
66, 67
65, 68
65, 71
64, 72
64, 74
63, 75
63, 79
62, 80
62, 83
61, 84
61, 89
59, 91
52, 91
51, 90
48, 90
44, 86
44, 85
43, 84
43, 82
42, 81
42, 71
41, 70
41, 60
42, 59
42, 39
41, 38
41, 29
40, 28
40, 25
39, 24
39, 21
38, 20
38, 19
35, 16
33, 16
32, 15
97, 19
101, 19
102, 20
103, 20
105, 22
105, 23
106, 24
106, 25
107, 26
107, 41
106, 42
106, 46
105, 47
105, 49
104, 50
104, 51
103, 52
103, 53
102, 54
102, 55
101, 56
101, 57
97, 61
97, 62
92, 67
92, 68
87, 73
87, 74
77, 84
76, 84
73, 87
72, 87
70, 89
69, 89
68, 90
65, 90
64, 89
64, 87
65, 86
65, 82
66, 81
66, 78
67, 77
67, 74
68, 73
68, 70
69, 69
69, 67
70, 66
70, 65
71, 64
71, 62
72, 61
72, 59
73, 58
73, 57
74, 56
74, 55
75, 54
75, 52
76, 51
76, 50
77, 49
77, 48
78, 47
78, 46
79, 45
79, 44
80, 43
80, 42
81, 41
81, 40
82, 39
82, 38
83, 37
83, 36
84, 35
84, 34
86, 32
86, 31
88, 29
88, 28
91, 25
91, 24
94, 21
95, 21
