4, 2
420, 4
418, 369
2, 367
341, 243
339, 245
339, 247
338, 248
338, 252
337, 253
337, 260
338, 261
338, 264
339, 265
339, 266
341, 268
341, 269
344, 272
345, 272
347, 274
349, 274
350, 275
351, 275
352, 276
355, 276
356, 277
362, 277
363, 278
366, 278
367, 277
375, 277
376, 276
379, 276
380, 275
383, 275
384, 274
386, 274
387, 273
389, 273
390, 272
391, 272
392, 271
393, 271
394, 270
395, 270
396, 269
397, 269
398, 268
399, 268
401, 266
402, 266
405, 263
405, 261
402, 258
401, 259
400, 259
399, 260
398, 260
396, 262
395, 262
393, 264
392, 264
391, 265
390, 265
389, 266
388, 266
387, 267
385, 267
384, 268
382, 268
381, 269
378, 269
377, 270
373, 270
372, 271
358, 271
357, 270
354, 270
353, 269
352, 269
351, 268
350, 268
345, 263
345, 262
344, 261
344, 251
345, 250
345, 247
346, 246
345, 245
345, 244
344, 244
343, 243
235, 225
233, 227
233, 242
232, 243
232, 261
231, 262
231, 289
230, 290
229, 290
228, 291
228, 311
229, 312
229, 314
230, 315
232, 315
233, 314
233, 313
234, 312
234, 309
235, 308
235, 298
236, 297
236, 250
237, 249
237, 235
238, 234
238, 227
236, 225
246, 164
242, 168
242, 169
239, 172
239, 173
238, 174
238, 175
237, 176
237, 177
235, 179
235, 180
234, 181
234, 182
233, 183
233, 184
231, 186
231, 187
230, 188
230, 189
229, 190
229, 191
228, 192
228, 193
227, 194
227, 195
226, 196
226, 197
225, 198
225, 200
224, 201
224, 203
223, 204
223, 206
222, 207
222, 211
221, 212
221, 217
220, 218
220, 243
219, 244
218, 243
218, 242
217, 241
217, 240
216, 239
216, 237
215, 236
215, 234
214, 233
214, 231
213, 230
213, 228
212, 227
212, 225
211, 224
211, 222
210, 221
210, 219
209, 218
209, 216
208, 215
208, 213
207, 212
207, 210
206, 209
206, 207
205, 206
205, 204
204, 203
204, 201
203, 200
203, 198
202, 197
202, 195
201, 194
201, 192
200, 191
200, 189
199, 188
199, 186
198, 185
198, 184
197, 183
197, 181
196, 180
196, 179
195, 178
195, 177
194, 176
194, 175
191, 172
187, 172
187, 173
186, 174
186, 176
185, 177
185, 180
184, 181
184, 187
183, 188
183, 198
182, 199
182, 215
181, 216
181, 234
180, 235
180, 256
179, 257
179, 279
178, 280
178, 299
177, 300
177, 330
180, 330
181, 329
181, 321
182, 320
182, 295
183, 294
183, 274
184, 273
184, 250
185, 249
185, 231
186, 230
186, 211
187, 210
187, 196
188, 195
188, 187
189, 186
189, 181
190, 180
192, 182
192, 183
193, 184
193, 186
194, 187
194, 188
195, 189
195, 191
196, 192
196, 194
197, 195
197, 197
198, 198
198, 200
199, 201
199, 203
200, 204
200, 206
201, 207
201, 210
202, 211
202, 212
203, 213
203, 215
204, 216
204, 218
205, 219
205, 221
206, 222
206, 224
207, 225
207, 227
208, 228
208, 230
209, 231
209, 233
210, 234
210, 236
211, 237
211, 239
212, 240
212, 242
213, 243
213, 244
214, 245
214, 247
215, 248
215, 250
216, 251
216, 252
217, 253
217, 255
218, 256
218, 257
219, 258
219, 259
220, 260
220, 262
221, 263
221, 264
222, 265
225, 265
225, 264
226, 263
226, 257
225, 256
225, 245
224, 244
224, 226
225, 225
225, 216
226, 215
226, 211
227, 210
227, 207
228, 206
228, 204
229, 203
229, 201
230, 200
230, 199
231, 198
231, 196
232, 195
232, 194
234, 192
234, 191
235, 190
235, 189
236, 188
236, 187
238, 185
238, 184
239, 183
239, 182
240, 181
240, 180
242, 178
242, 177
243, 176
243, 175
245, 173
245, 172
249, 168
249, 165
248, 164
55, 158
55, 159
54, 160
54, 164
55, 165
55, 169
56, 170
56, 173
57, 174
57, 177
58, 178
58, 181
59, 182
59, 185
60, 186
60, 189
61, 190
61, 193
62, 194
62, 196
63, 197
63, 200
64, 201
64, 204
65, 205
65, 208
66, 209
66, 211
67, 212
67, 214
68, 215
68, 218
69, 219
69, 221
70, 222
70, 223
69, 224
65, 224
64, 223
50, 223
49, 224
46, 224
45, 225
43, 225
42, 226
41, 226
40, 227
39, 227
38, 228
37, 228
36, 229
35, 229
26, 238
26, 239
24, 241
24, 242
23, 243
23, 244
22, 245
22, 246
21, 247
21, 249
20, 250
20, 252
19, 253
19, 257
18, 258
19, 274
19, 278
20, 279
20, 282
21, 283
21, 285
22, 286
22, 288
23, 289
23, 290
25, 292
25, 293
30, 298
31, 298
32, 299
33, 299
34, 300
41, 300
42, 299
43, 299
44, 298
45, 298
46, 297
47, 297
48, 298
48, 309
49, 310
49, 315
50, 316
50, 319
51, 320
51, 322
52, 323
52, 325
53, 326
53, 327
54, 328
54, 330
55, 331
55, 332
56, 333
56, 334
57, 335
57, 336
59, 338
59, 339
61, 341
61, 342
67, 348
68, 348
70, 350
71, 350
72, 351
73, 351
74, 352
76, 352
77, 353
80, 353
81, 354
96, 353
99, 353
100, 352
102, 352
103, 351
104, 351
105, 350
106, 350
107, 349
108, 349
109, 348
110, 348
111, 347
112, 347
113, 346
114, 346
115, 345
116, 345
118, 343
119, 343
121, 341
122, 341
124, 339
125, 339
127, 337
128, 337
131, 334
132, 334
135, 331
136, 331
145, 322
145, 321
149, 317
149, 316
151, 314
151, 313
152, 312
152, 311
154, 309
154, 308
155, 307
155, 306
156, 305
156, 304
157, 303
157, 302
158, 301
158, 300
159, 299
159, 298
160, 297
160, 295
161, 294
161, 292
162, 291
162, 290
163, 289
163, 287
164, 286
164, 284
165, 283
165, 280
166, 279
166, 277
167, 276
167, 273
168, 272
168, 269
169, 268
169, 263
170, 262
170, 258
171, 257
171, 250
172, 249
172, 239
173, 238
173, 228
174, 227
177, 227
177, 226
178, 225
177, 221
177, 217
176, 216
176, 214
175, 213
175, 211
174, 210
174, 209
173, 208
173, 206
171, 204
171, 203
170, 202
170, 201
169, 200
169, 199
168, 198
168, 196
167, 195
167, 193
166, 192
166, 191
165, 190
165, 189
164, 188
164, 186
162, 184
162, 183
161, 182
161, 181
160, 180
160, 179
158, 177
158, 176
155, 173
155, 172
153, 170
152, 170
150, 168
149, 168
148, 167
142, 167
141, 168
140, 168
138, 170
137, 170
130, 177
130, 178
127, 181
127, 182
125, 184
125, 185
124, 186
124, 187
122, 189
122, 190
120, 192
117, 192
116, 193
115, 193
111, 197
111, 198
110, 199
110, 201
109, 202
109, 204
107, 206
104, 206
103, 205
102, 205
101, 204
100, 204
97, 201
96, 201
89, 194
89, 193
84, 188
84, 187
80, 183
80, 182
76, 178
76, 177
73, 174
73, 173
69, 169
69, 168
65, 164
65, 163
60, 158
59, 158
58, 157
114, 198
116, 197
142, 171
143, 170
147, 170
148, 171
149, 171
155, 177
155, 178
156, 179
154, 181
153, 181
153, 185
155, 187
155, 188
156, 189
156, 190
157, 191
157, 192
159, 194
159, 195
161, 197
161, 198
163, 200
163, 201
165, 203
165, 204
166, 205
166, 206
167, 207
167, 208
168, 209
168, 212
169, 213
169, 222
170, 223
170, 238
169, 239
169, 249
168, 250
168, 257
167, 258
167, 262
166, 263
166, 267
165, 268
165, 271
164, 272
164, 276
163, 277
163, 279
162, 280
162, 282
161, 283
161, 285
160, 286
160, 288
159, 289
159, 291
158, 292
158, 294
157, 295
157, 296
156, 297
156, 298
155, 299
155, 300
154, 301
154, 302
153, 303
153, 304
152, 305
152, 306
151, 307
151, 308
150, 309
150, 310
148, 312
148, 313
145, 316
145, 317
131, 331
130, 331
127, 334
126, 334
124, 336
123, 336
121, 338
120, 338
118, 340
117, 340
115, 342
114, 342
113, 343
112, 343
111, 344
110, 344
109, 345
108, 345
106, 347
104, 347
103, 348
102, 348
101, 349
99, 349
98, 350
95, 350
94, 351
81, 351
80, 350
78, 350
77, 349
75, 349
74, 348
73, 348
72, 347
71, 347
62, 338
62, 337
60, 335
60, 334
59, 333
59, 332
58, 331
58, 330
57, 329
57, 328
56, 327
56, 325
55, 324
55, 322
54, 321
54, 319
53, 318
53, 315
52, 314
52, 310
51, 309
51, 291
52, 290
52, 289
53, 288
53, 287
54, 286
54, 285
55, 284
55, 281
56, 280
56, 276
55, 275
53, 275
52, 276
52, 277
51, 278
51, 279
50, 280
50, 283
49, 284
49, 287
48, 288
48, 290
42, 296
41, 296
40, 297
35, 297
34, 296
33, 296
32, 295
31, 295
29, 293
29, 292
26, 289
26, 288
25, 287
25, 286
24, 285
24, 283
23, 282
23, 279
22, 278
22, 274
21, 273
21, 258
22, 257
22, 253
23, 252
23, 250
24, 249
24, 248
25, 247
25, 246
26, 245
26, 244
27, 243
27, 242
30, 239
30, 238
35, 233
36, 233
38, 231
39, 231
41, 229
43, 229
44, 228
45, 228
46, 227
50, 227
51, 226
64, 226
65, 227
68, 227
69, 228
70, 228
72, 230
72, 231
73, 232
73, 234
74, 235
74, 237
75, 238
75, 240
76, 241
76, 243
77, 244
77, 246
78, 247
78, 249
79, 250
79, 252
80, 253
80, 255
81, 256
81, 258
82, 259
82, 261
83, 262
83, 264
84, 265
84, 267
85, 268
85, 270
86, 271
86, 272
87, 273
87, 275
88, 276
88, 278
89, 279
89, 281
90, 282
90, 284
91, 285
91, 287
92, 288
92, 290
93, 291
93, 293
94, 294
94, 296
95, 297
95, 298
96, 299
96, 301
97, 302
97, 304
98, 305
98, 307
99, 308
99, 310
100, 311
100, 313
101, 314
101, 316
102, 317
102, 318
103, 319
103, 321
104, 322
104, 323
105, 324
105, 325
107, 327
108, 327
109, 326
109, 321
108, 320
108, 315
107, 314
107, 308
106, 307
106, 306
104, 306
103, 307
102, 307
101, 306
101, 305
100, 304
100, 302
99, 301
99, 299
98, 298
98, 296
97, 295
97, 293
96, 292
96, 290
95, 289
95, 287
94, 286
94, 284
93, 283
93, 281
92, 280
92, 279
91, 278
91, 276
90, 275
90, 273
89, 272
89, 270
88, 269
88, 267
87, 266
87, 264
86, 263
86, 261
85, 260
85, 258
84, 257
84, 255
83, 254
83, 252
82, 251
82, 249
81, 248
81, 246
80, 245
80, 243
79, 242
79, 240
78, 239
78, 237
77, 236
77, 234
76, 233
76, 232
77, 231
78, 231
80, 233
81, 233
82, 234
83, 234
94, 245
94, 246
99, 251
100, 250
101, 250
102, 249
102, 248
104, 246
104, 244
105, 243
105, 242
106, 241
106, 239
107, 238
107, 234
108, 233
108, 228
109, 227
109, 219
110, 218
110, 211
111, 210
111, 209
119, 201
119, 200
121, 198
121, 197
122, 196
123, 196
124, 195
124, 192
125, 191
125, 190
127, 188
127, 187
128, 186
128, 185
131, 182
131, 181
134, 178
134, 177
138, 173
139, 173
141, 171
125, 241
125, 242
124, 243
124, 247
123, 248
123, 253
122, 254
122, 265
123, 266
123, 267
124, 268
126, 268
127, 267
127, 265
126, 264
126, 254
127, 253
127, 248
128, 247
128, 241
139, 197
136, 200
136, 202
137, 203
142, 203
144, 205
145, 205
146, 206
150, 206
150, 202
149, 202
147, 200
146, 200
144, 198
142, 198
141, 197
57, 162
58, 161
65, 168
65, 169
69, 173
69, 174
72, 177
72, 178
76, 182
76, 183
80, 187
80, 188
84, 192
84, 193
96, 205
97, 205
99, 207
100, 207
101, 208
102, 208
103, 209
106, 209
107, 210
107, 218
106, 219
106, 227
105, 228
105, 233
104, 234
104, 237
103, 238
103, 240
102, 241
102, 243
101, 244
101, 245
100, 246
99, 246
95, 242
95, 241
88, 234
87, 234
84, 231
83, 231
82, 230
81, 230
79, 228
78, 228
77, 227
76, 227
73, 224
73, 221
72, 220
72, 218
71, 217
71, 215
70, 214
70, 212
69, 211
69, 208
68, 207
68, 204
67, 203
67, 201
66, 200
66, 197
65, 196
65, 193
64, 192
64, 189
63, 188
63, 185
62, 184
62, 182
61, 181
61, 178
60, 177
60, 174
59, 173
59, 170
58, 169
58, 165
57, 164
224, 15
223, 16
217, 16
216, 17
212, 17
211, 18
208, 18
207, 19
205, 19
204, 20
201, 20
200, 21
199, 21
198, 22
196, 22
195, 23
193, 23
192, 24
190, 24
189, 25
188, 25
187, 26
186, 26
185, 27
184, 27
183, 28
181, 28
180, 29
179, 29
178, 30
177, 30
176, 31
175, 31
174, 32
173, 32
172, 33
171, 33
170, 34
169, 34
168, 35
167, 35
166, 36
165, 36
164, 37
163, 37
162, 38
161, 38
160, 39
159, 39
158, 40
157, 40
156, 41
155, 41
154, 42
153, 42
152, 43
151, 43
150, 44
149, 44
148, 45
147, 45
146, 46
145, 46
144, 47
143, 47
142, 48
141, 48
140, 49
139, 49
138, 50
137, 50
136, 51
135, 51
134, 52
133, 52
132, 53
131, 53
130, 54
129, 54
128, 55
127, 55
126, 56
125, 56
124, 57
123, 57
122, 58
121, 58
120, 59
119, 59
118, 60
117, 60
116, 61
115, 61
114, 62
113, 62
112, 63
111, 63
110, 64
108, 64
107, 65
106, 65
105, 66
104, 66
103, 67
102, 67
101, 68
99, 68
98, 69
97, 69
96, 70
95, 70
94, 71
92, 71
91, 72
90, 72
89, 73
87, 73
86, 74
85, 74
84, 75
82, 75
81, 76
79, 76
78, 77
77, 77
76, 78
74, 78
73, 79
71, 79
70, 80
68, 80
67, 81
64, 81
63, 82
61, 82
60, 83
57, 83
56, 84
52, 84
51, 85
48, 85
47, 86
44, 86
43, 87
39, 87
38, 88
38, 90
39, 90
40, 91
41, 91
42, 92
44, 92
45, 93
47, 93
48, 94
50, 94
51, 95
53, 95
54, 96
56, 96
57, 97
58, 97
59, 98
61, 98
62, 99
64, 99
65, 100
67, 100
68, 101
71, 101
72, 102
74, 102
75, 103
77, 103
78, 104
80, 104
81, 105
84, 105
85, 106
87, 106
88, 107
90, 107
91, 108
94, 108
95, 109
98, 109
99, 110
102, 110
103, 111
106, 111
107, 112
110, 112
111, 113
114, 113
115, 114
118, 114
119, 115
123, 115
124, 116
128, 116
129, 117
133, 117
134, 118
138, 118
139, 119
144, 119
145, 120
151, 120
152, 121
157, 121
158, 122
164, 122
165, 123
173, 123
174, 124
181, 124
182, 125
192, 125
193, 126
205, 126
206, 127
224, 127
225, 128
261, 128
262, 129
276, 129
277, 130
286, 130
287, 131
298, 131
298, 129
297, 128
289, 128
288, 127
278, 127
277, 126
264, 126
263, 125
227, 125
226, 124
208, 124
207, 123
194, 123
193, 122
183, 122
182, 121
175, 121
174, 120
166, 120
165, 119
159, 119
158, 118
152, 118
151, 117
146, 117
145, 116
140, 116
139, 115
135, 115
134, 114
130, 114
129, 113
125, 113
124, 112
120, 112
119, 111
115, 111
114, 110
111, 110
110, 109
108, 109
107, 108
104, 108
103, 107
100, 107
99, 106
96, 106
95, 105
92, 105
91, 104
89, 104
88, 103
86, 103
85, 102
82, 102
81, 101
79, 101
78, 100
76, 100
75, 99
72, 99
71, 98
69, 98
68, 97
66, 97
65, 96
63, 96
62, 95
60, 95
59, 94
57, 94
56, 93
55, 93
54, 92
52, 92
51, 91
49, 91
48, 90
48, 89
49, 88
52, 88
53, 87
57, 87
58, 86
61, 86
62, 85
64, 85
65, 84
68, 84
69, 83
71, 83
72, 82
74, 82
75, 81
77, 81
78, 80
79, 80
80, 79
82, 79
83, 78
85, 78
86, 77
87, 77
88, 76
90, 76
91, 75
92, 75
93, 74
95, 74
96, 73
97, 73
98, 72
99, 72
100, 71
102, 71
103, 70
104, 70
105, 69
106, 69
107, 68
108, 68
109, 67
111, 67
112, 66
113, 66
114, 65
115, 65
116, 64
117, 64
118, 63
119, 63
120, 62
121, 62
122, 61
123, 61
124, 60
125, 60
126, 59
127, 59
128, 58
129, 58
130, 57
131, 57
132, 56
133, 56
134, 55
135, 55
136, 54
137, 54
138, 53
139, 53
140, 52
141, 52
142, 51
143, 51
144, 50
145, 50
146, 49
147, 49
148, 48
149, 48
150, 47
151, 47
152, 46
153, 46
154, 45
155, 45
156, 44
157, 44
158, 43
159, 43
160, 42
161, 42
162, 41
163, 41
164, 40
165, 40
166, 39
167, 39
168, 38
169, 38
170, 37
171, 37
172, 36
173, 36
174, 35
175, 35
176, 34
177, 34
178, 33
179, 33
180, 32
181, 32
182, 31
184, 31
185, 30
186, 30
187, 29
188, 29
189, 28
191, 28
192, 27
193, 27
194, 26
196, 26
197, 25
199, 25
200, 24
201, 24
202, 23
204, 23
205, 22
208, 22
209, 21
212, 21
213, 20
217, 20
218, 19
224, 19
225, 18
233, 18
234, 19
241, 19
242, 20
244, 20
245, 21
248, 21
249, 22
250, 22
251, 23
253, 23
254, 24
255, 24
256, 25
257, 25
259, 27
260, 27
261, 28
262, 28
264, 30
265, 30
268, 33
269, 33
274, 38
275, 38
292, 55
292, 56
297, 61
297, 62
300, 65
300, 66
303, 69
303, 70
305, 72
305, 73
306, 74
306, 75
308, 77
308, 78
309, 79
309, 80
310, 81
310, 82
311, 83
311, 85
312, 86
312, 87
313, 88
313, 91
314, 92
314, 95
315, 96
315, 104
316, 105
316, 106
315, 107
315, 119
314, 120
314, 125
313, 126
313, 130
312, 131
312, 135
311, 136
311, 140
310, 141
310, 145
309, 146
309, 151
308, 152
308, 158
307, 159
307, 168
306, 169
305, 169
304, 168
303, 168
302, 167
301, 167
300, 166
295, 166
292, 169
292, 170
291, 171
291, 173
290, 174
290, 177
289, 178
289, 182
288, 183
288, 186
287, 187
285, 185
285, 183
284, 182
284, 181
281, 178
280, 178
279, 177
274, 177
273, 178
272, 178
266, 184
266, 185
265, 186
265, 187
264, 188
264, 189
263, 190
263, 191
262, 192
262, 194
261, 195
261, 196
260, 197
260, 199
259, 200
259, 203
258, 204
258, 205
257, 206
256, 205
256, 197
255, 196
254, 196
253, 197
253, 212
254, 213
254, 218
255, 219
256, 219
258, 217
258, 215
259, 214
259, 212
260, 211
260, 208
261, 207
261, 205
262, 204
262, 201
263, 200
263, 198
264, 197
264, 196
265, 195
265, 193
266, 192
266, 191
267, 190
267, 189
268, 188
268, 187
275, 180
278, 180
282, 184
282, 186
283, 187
283, 189
284, 190
284, 192
285, 193
285, 199
286, 200
286, 203
289, 203
289, 198
290, 197
290, 190
291, 189
291, 184
292, 183
292, 179
293, 178
293, 175
294, 174
294, 172
297, 169
299, 169
300, 170
301, 170
303, 172
304, 172
306, 174
306, 175
307, 176
307, 189
308, 190
308, 196
309, 197
309, 201
310, 202
310, 204
311, 205
311, 208
312, 209
312, 210
313, 211
313, 213
315, 215
315, 216
317, 218
319, 218
321, 216
321, 214
322, 213
322, 207
321, 206
321, 199
320, 198
320, 194
319, 193
319, 190
318, 189
318, 188
317, 187
317, 185
316, 184
316, 183
315, 182
315, 181
314, 180
314, 179
312, 177
312, 176
310, 174
310, 160
311, 159
311, 152
312, 151
312, 147
313, 146
313, 142
314, 141
314, 137
315, 136
315, 132
316, 131
316, 127
317, 126
317, 121
318, 120
318, 110
319, 109
319, 103
318, 102
318, 95
317, 94
317, 91
316, 90
316, 87
315, 86
315, 85
314, 84
314, 82
313, 81
313, 80
312, 79
312, 78
311, 77
311, 76
310, 75
310, 74
308, 72
308, 71
306, 69
306, 68
304, 66
304, 65
301, 62
301, 61
298, 58
298, 57
292, 51
292, 50
280, 38
279, 38
273, 32
272, 32
269, 29
268, 29
266, 27
265, 27
263, 25
262, 25
260, 23
259, 23
258, 22
257, 22
256, 21
255, 21
254, 20
252, 20
251, 19
250, 19
249, 18
246, 18
245, 17
243, 17
242, 16
235, 16
234, 15
310, 183
311, 182
313, 184
313, 185
314, 186
314, 188
315, 189
315, 190
316, 191
316, 194
317, 195
317, 198
318, 199
318, 208
319, 209
319, 211
318, 212
317, 212
316, 211
316, 210
315, 209
315, 208
314, 207
314, 205
313, 204
313, 201
312, 200
312, 196
311, 195
311, 189
310, 188
