4, 2
454, 4
452, 369
2, 367
66, 16
65, 17
63, 17
61, 19
60, 19
58, 21
58, 22
55, 25
55, 26
52, 29
52, 30
49, 33
49, 34
47, 36
47, 37
46, 38
46, 39
44, 41
44, 42
42, 44
42, 45
40, 47
40, 48
39, 49
39, 50
38, 51
38, 52
37, 53
37, 54
36, 55
36, 56
35, 57
35, 58
34, 59
34, 60
33, 61
33, 62
32, 63
32, 65
31, 66
31, 67
30, 68
30, 71
29, 72
29, 74
28, 75
28, 77
27, 78
27, 81
26, 82
26, 86
25, 87
25, 92
24, 93
24, 117
25, 118
25, 123
26, 124
26, 128
27, 129
27, 131
28, 132
28, 134
29, 135
29, 136
30, 137
30, 139
31, 140
31, 141
33, 143
33, 144
34, 145
34, 146
38, 150
38, 151
42, 155
42, 157
38, 161
38, 162
36, 164
36, 165
34, 167
34, 168
33, 169
33, 170
32, 171
32, 172
31, 173
31, 174
30, 175
30, 177
29, 178
29, 180
28, 181
28, 182
27, 183
27, 185
26, 186
26, 188
25, 189
25, 192
24, 193
24, 196
23, 197
23, 200
22, 201
22, 206
21, 207
21, 213
20, 214
20, 235
21, 236
21, 240
22, 241
22, 244
23, 245
23, 247
24, 248
24, 249
27, 252
27, 253
28, 254
29, 254
31, 256
32, 256
33, 257
35, 257
36, 258
44, 258
45, 257
48, 257
49, 256
51, 256
52, 255
53, 255
55, 253
56, 253
57, 252
58, 252
60, 250
61, 250
65, 246
66, 246
80, 232
80, 231
84, 227
84, 226
86, 224
86, 223
88, 221
88, 220
89, 219
89, 218
91, 216
91, 215
92, 214
92, 213
93, 212
93, 211
95, 209
95, 208
96, 207
96, 206
97, 205
97, 204
98, 203
98, 202
100, 200
100, 199
101, 198
101, 197
102, 196
102, 195
104, 193
104, 192
105, 191
105, 190
106, 189
106, 188
107, 187
107, 186
109, 184
109, 183
110, 182
110, 181
111, 180
111, 179
113, 177
113, 176
115, 174
115, 173
116, 172
116, 171
119, 168
119, 167
122, 164
122, 163
127, 158
127, 157
132, 152
132, 151
139, 144
140, 144
144, 140
145, 140
146, 139
147, 139
148, 138
149, 138
150, 137
152, 137
153, 136
155, 136
156, 135
158, 135
159, 134
161, 134
162, 133
163, 133
164, 132
165, 132
166, 131
169, 131
170, 130
172, 130
174, 132
174, 133
175, 134
174, 135
174, 141
173, 142
173, 144
172, 145
172, 147
171, 148
171, 150
170, 151
170, 152
169, 153
169, 155
168, 156
168, 158
167, 159
167, 160
166, 161
166, 163
165, 164
165, 166
164, 167
164, 169
163, 170
163, 172
162, 173
162, 175
161, 176
161, 179
160, 180
160, 184
159, 185
159, 189
158, 190
158, 198
157, 199
157, 212
158, 213
158, 218
159, 219
159, 222
160, 223
160, 225
161, 226
161, 227
162, 228
162, 229
164, 231
164, 232
170, 238
171, 238
173, 240
175, 240
176, 241
178, 241
179, 242
187, 242
188, 241
191, 241
192, 240
194, 240
195, 239
196, 239
197, 238
198, 238
199, 237
200, 237
201, 236
202, 236
204, 234
205, 234
207, 232
208, 232
221, 219
221, 218
225, 214
225, 213
227, 211
227, 210
229, 208
229, 207
230, 206
230, 205
231, 204
231, 203
232, 202
233, 202
234, 203
234, 208
235, 209
235, 213
236, 214
236, 217
237, 218
237, 221
238, 222
238, 224
239, 225
239, 226
240, 227
240, 228
241, 229
241, 230
243, 232
243, 233
244, 233
246, 235
247, 235
248, 236
254, 236
255, 235
257, 235
258, 234
259, 234
267, 226
267, 225
269, 223
269, 222
271, 220
271, 219
273, 217
273, 216
274, 215
275, 215
276, 214
277, 214
279, 212
280, 212
281, 211
282, 211
285, 208
286, 208
296, 198
297, 198
314, 181
315, 181
327, 169
328, 170
328, 174
327, 175
327, 181
326, 182
326, 188
325, 189
325, 195
324, 196
324, 202
323, 203
323, 210
322, 211
322, 217
321, 218
321, 225
320, 226
320, 233
319, 234
319, 240
318, 241
318, 246
317, 247
317, 248
316, 249
316, 250
315, 251
315, 252
314, 253
314, 254
313, 255
313, 256
312, 257
312, 258
311, 259
311, 260
310, 261
310, 262
309, 263
309, 264
308, 265
308, 266
307, 267
307, 269
306, 270
306, 271
305, 272
305, 274
304, 275
304, 277
303, 278
303, 280
302, 281
302, 283
301, 284
301, 286
300, 287
300, 289
299, 290
299, 292
298, 293
298, 294
297, 295
297, 297
296, 298
296, 300
295, 301
295, 303
294, 304
294, 306
293, 307
293, 309
292, 310
292, 312
291, 313
291, 315
290, 316
290, 319
289, 320
289, 322
288, 323
288, 326
287, 327
287, 329
286, 330
286, 334
285, 335
285, 345
286, 346
286, 348
288, 350
288, 351
289, 352
290, 352
292, 354
296, 354
297, 353
298, 353
300, 351
300, 350
302, 348
302, 347
303, 346
303, 344
304, 343
304, 341
305, 340
305, 337
306, 336
306, 333
307, 332
307, 328
308, 327
308, 322
309, 321
309, 316
310, 315
310, 310
311, 309
311, 305
312, 304
312, 299
313, 298
313, 294
314, 293
314, 288
315, 287
315, 281
316, 280
316, 275
317, 274
317, 268
318, 267
318, 261
319, 260
319, 253
320, 252
320, 247
321, 246
321, 245
322, 244
322, 243
323, 242
323, 240
324, 239
324, 238
325, 237
325, 236
326, 235
326, 234
327, 233
327, 232
328, 231
328, 230
329, 229
329, 228
330, 227
330, 226
331, 225
331, 224
332, 223
332, 222
333, 221
333, 220
334, 219
334, 218
335, 217
335, 216
337, 214
337, 213
338, 212
338, 211
340, 209
340, 208
341, 207
341, 206
343, 204
343, 203
344, 202
344, 201
346, 199
346, 198
348, 196
348, 195
350, 193
350, 192
352, 190
352, 189
355, 186
355, 185
357, 183
357, 182
360, 179
360, 178
364, 174
364, 173
370, 167
371, 167
372, 168
373, 168
375, 170
376, 170
378, 172
379, 172
380, 173
381, 173
382, 174
382, 175
383, 176
383, 190
382, 191
382, 199
381, 200
381, 211
380, 212
380, 231
379, 232
379, 244
380, 245
380, 249
381, 250
381, 251
383, 253
384, 253
385, 254
388, 254
389, 253
391, 253
392, 252
393, 252
394, 251
395, 251
396, 250
397, 250
398, 249
399, 249
400, 248
401, 248
402, 247
403, 247
404, 246
405, 246
406, 245
407, 245
408, 244
410, 244
411, 243
412, 243
414, 241
415, 241
416, 240
417, 240
419, 238
420, 238
423, 235
424, 235
430, 229
430, 228
433, 225
433, 223
434, 222
434, 219
435, 218
435, 215
434, 214
432, 216
432, 220
431, 221
431, 223
428, 226
428, 227
422, 233
421, 233
418, 236
417, 236
415, 238
414, 238
412, 240
411, 240
410, 241
409, 241
408, 242
407, 242
406, 243
405, 243
404, 244
403, 244
402, 245
400, 245
399, 246
398, 246
397, 247
396, 247
395, 248
394, 248
393, 249
392, 249
391, 250
390, 250
389, 251
385, 251
383, 249
383, 248
382, 247
382, 224
383, 223
383, 206
384, 205
384, 196
385, 195
385, 184
386, 183
386, 179
385, 178
385, 174
384, 173
384, 172
382, 170
381, 170
380, 169
379, 169
378, 168
377, 168
375, 166
374, 166
373, 165
372, 165
371, 164
370, 164
369, 165
368, 165
363, 170
363, 171
359, 175
359, 176
356, 179
356, 180
353, 183
353, 184
351, 186
351, 187
348, 190
348, 191
346, 193
346, 194
344, 196
344, 197
343, 198
343, 199
341, 201
341, 202
340, 203
340, 204
338, 206
338, 207
337, 208
337, 209
335, 211
335, 212
334, 213
334, 214
332, 216
332, 217
331, 218
331, 219
330, 220
330, 221
329, 222
329, 223
328, 224
328, 225
327, 226
327, 227
326, 228
326, 229
325, 230
325, 231
323, 233
322, 232
322, 230
323, 229
323, 222
324, 221
324, 215
325, 214
325, 207
326, 206
326, 199
327, 198
327, 192
328, 191
328, 185
329, 184
329, 179
330, 178
330, 172
331, 171
331, 166
336, 161
336, 160
340, 156
340, 155
342, 153
342, 152
343, 151
343, 150
344, 149
344, 148
345, 147
345, 146
347, 144
347, 142
348, 141
348, 140
349, 139
349, 138
350, 137
350, 136
351, 135
351, 134
352, 133
352, 132
353, 131
353, 121
352, 120
352, 119
350, 117
345, 117
344, 118
343, 118
340, 121
340, 122
339, 123
339, 124
338, 125
338, 126
337, 127
337, 129
336, 130
336, 132
335, 133
335, 136
334, 137
334, 140
333, 141
333, 145
332, 146
332, 150
331, 151
331, 156
330, 157
330, 161
329, 162
329, 163
310, 182
309, 182
292, 199
291, 199
283, 207
282, 207
280, 209
279, 209
278, 210
277, 209
277, 207
278, 206
278, 204
279, 203
279, 201
280, 200
280, 197
281, 196
281, 192
282, 191
282, 183
283, 182
283, 172
282, 171
282, 162
281, 161
281, 157
280, 156
280, 154
279, 153
279, 152
278, 151
278, 150
276, 148
274, 148
273, 147
271, 147
270, 148
267, 148
266, 149
265, 149
264, 150
263, 150
256, 157
256, 158
254, 160
254, 161
253, 162
253, 163
252, 164
252, 165
251, 166
251, 167
250, 168
250, 169
249, 170
249, 172
248, 173
248, 175
247, 176
247, 180
246, 181
246, 200
247, 201
247, 204
248, 205
248, 207
249, 208
249, 209
250, 210
250, 211
251, 212
251, 213
254, 216
255, 216
257, 218
267, 218
268, 219
268, 220
266, 222
266, 223
257, 232
256, 232
255, 233
248, 233
247, 232
246, 232
244, 230
244, 229
243, 228
243, 227
242, 226
242, 225
241, 224
241, 223
240, 222
240, 219
239, 218
239, 216
238, 215
238, 211
237, 210
237, 205
236, 204
236, 190
237, 189
237, 187
238, 186
238, 183
239, 182
239, 178
240, 177
240, 174
241, 173
241, 169
242, 168
242, 164
243, 163
243, 159
244, 158
244, 154
243, 153
241, 153
240, 154
240, 155
238, 157
238, 158
237, 159
237, 160
236, 161
236, 163
235, 164
235, 169
234, 170
234, 177
233, 178
233, 193
232, 194
232, 195
231, 196
231, 198
230, 199
230, 200
229, 201
229, 202
228, 203
228, 204
227, 205
227, 206
225, 208
225, 209
223, 211
223, 212
220, 215
220, 216
206, 230
205, 230
202, 233
201, 233
200, 234
199, 234
197, 236
196, 236
195, 237
193, 237
192, 238
190, 238
189, 239
178, 239
177, 238
175, 238
174, 237
173, 237
165, 229
165, 228
164, 227
164, 226
163, 225
163, 224
162, 223
162, 220
161, 219
161, 216
160, 215
160, 194
161, 193
161, 188
162, 187
162, 182
163, 181
163, 178
164, 177
164, 175
165, 174
165, 172
166, 171
166, 169
167, 168
167, 166
168, 165
168, 163
169, 162
169, 160
170, 159
170, 158
171, 157
171, 155
172, 154
172, 153
173, 152
173, 150
174, 149
174, 147
175, 146
175, 144
176, 143
176, 140
177, 139
177, 132
176, 131
176, 130
174, 128
168, 128
167, 129
164, 129
163, 130
162, 130
161, 131
160, 131
159, 132
157, 132
156, 133
154, 133
153, 134
151, 134
150, 135
148, 135
147, 136
146, 136
145, 137
144, 137
142, 139
141, 139
138, 142
137, 142
131, 148
131, 149
126, 154
126, 155
121, 160
121, 161
117, 165
117, 166
115, 168
115, 169
113, 171
113, 172
112, 173
112, 174
110, 176
110, 177
108, 179
108, 180
107, 181
107, 182
106, 183
106, 184
104, 186
104, 187
103, 188
103, 189
102, 190
102, 191
101, 192
101, 193
99, 195
99, 196
98, 197
98, 198
97, 199
97, 200
95, 202
95, 203
94, 204
94, 205
93, 206
93, 207
92, 208
92, 209
90, 211
90, 212
89, 213
89, 214
88, 215
88, 216
86, 218
86, 219
84, 221
84, 222
83, 223
83, 224
79, 228
79, 229
63, 245
62, 245
58, 249
57, 249
56, 250
55, 250
53, 252
52, 252
51, 253
50, 253
49, 254
47, 254
46, 255
35, 255
34, 254
33, 254
32, 253
31, 253
28, 250
28, 249
26, 247
26, 246
25, 245
25, 243
24, 242
24, 238
23, 237
23, 230
22, 229
22, 221
23, 220
23, 211
24, 210
24, 204
25, 203
25, 199
26, 198
26, 196
27, 195
27, 192
28, 191
28, 188
29, 187
29, 185
30, 184
30, 183
31, 182
31, 180
32, 179
32, 177
33, 176
33, 175
34, 174
34, 173
35, 172
35, 171
36, 170
36, 169
38, 167
38, 166
39, 165
39, 164
45, 158
46, 159
47, 159
48, 160
49, 160
50, 161
55, 161
56, 160
58, 160
59, 159
60, 159
61, 158
62, 158
68, 152
68, 151
69, 150
69, 146
68, 145
68, 144
67, 143
67, 142
66, 142
65, 141
61, 141
60, 142
59, 142
58, 143
57, 143
54, 146
53, 146
45, 154
39, 148
39, 147
36, 144
36, 143
34, 141
34, 140
33, 139
33, 138
32, 137
32, 136
31, 135
31, 133
30, 132
30, 130
29, 129
29, 126
28, 125
28, 121
27, 120
27, 114
26, 113
26, 97
27, 96
27, 90
28, 89
28, 85
29, 84
29, 81
30, 80
30, 77
31, 76
31, 74
32, 73
32, 70
33, 69
33, 68
34, 67
34, 65
35, 64
35, 63
36, 62
36, 61
37, 60
37, 58
39, 56
39, 55
40, 54
40, 53
41, 52
41, 51
42, 50
42, 49
43, 48
43, 47
45, 45
45, 44
47, 42
47, 41
49, 39
49, 38
51, 36
51, 35
53, 33
53, 32
56, 29
56, 28
59, 25
59, 24
62, 21
63, 21
65, 19
68, 19
69, 18
71, 18
72, 19
75, 19
79, 23
79, 24
81, 26
81, 29
82, 30
82, 31
83, 31
84, 30
84, 27
83, 26
83, 25
82, 24
82, 23
80, 21
80, 20
78, 18
77, 18
76, 17
75, 17
74, 16
315, 258
316, 259
316, 264
315, 265
315, 270
314, 271
314, 277
313, 278
313, 283
312, 284
312, 289
311, 290
311, 295
310, 296
310, 301
309, 302
309, 306
308, 307
308, 312
307, 313
307, 318
306, 319
306, 323
305, 324
305, 329
304, 330
304, 333
303, 334
303, 337
302, 338
302, 341
301, 342
301, 344
300, 345
300, 346
299, 347
299, 348
296, 351
292, 351
290, 349
290, 348
288, 346
288, 343
287, 342
287, 338
288, 337
288, 333
289, 332
289, 329
290, 328
290, 325
291, 324
291, 322
292, 321
292, 319
293, 318
293, 315
294, 314
294, 312
295, 311
295, 309
296, 308
296, 306
297, 305
297, 303
298, 302
298, 300
299, 299
299, 297
300, 296
300, 295
301, 294
301, 292
302, 291
302, 289
303, 288
303, 286
304, 285
304, 283
305, 282
305, 280
306, 279
306, 277
307, 276
307, 274
308, 273
308, 272
309, 271
309, 269
310, 268
310, 267
311, 266
311, 265
312, 264
312, 263
313, 262
313, 260
268, 151
269, 150
276, 152
276, 153
277, 154
277, 155
278, 156
278, 159
279, 160
279, 165
280, 166
280, 187
279, 188
278, 194
278, 197
277, 198
277, 201
276, 202
276, 204
275, 205
275, 207
274, 208
274, 209
273, 210
273, 211
270, 214
269, 214
268, 215
265, 215
264, 216
258, 215
257, 215
253, 211
253, 210
251, 208
251, 206
250, 205
250, 203
249, 202
249, 197
248, 196
248, 184
249, 183
250, 178
250, 175
251, 174
251, 172
252, 171
252, 170
253, 169
253, 168
254, 167
254, 166
255, 165
255, 164
256, 163
256, 162
257, 161
257, 160
260, 157
260, 156
261, 155
262, 155
265, 152
266, 152
267, 151
60, 145
61, 144
64, 144
66, 150
65, 151
65, 152
61, 155
60, 156
59, 156
58, 157
57, 157
56, 158
50, 158
48, 155
56, 147
57, 147
346, 120
347, 119
348, 120
349, 120
350, 121
350, 122
351, 123
351, 129
350, 130
350, 131
349, 132
349, 133
348, 134
348, 135
347, 136
347, 138
346, 139
346, 140
345, 141
345, 142
344, 143
344, 144
342, 146
342, 147
341, 148
341, 149
340, 150
340, 151
338, 153
338, 154
334, 158
333, 157
333, 154
334, 153
334, 149
335, 148
335, 144
336, 143
336, 139
337, 138
337, 135
338, 134
338, 132
339, 131
339, 129
340, 128
340, 127
341, 126
341, 125
342, 124
342, 123
345, 120
