326, 2
328, 367
4, 369
2, 4
110, 15
109, 16
108, 16
107, 17
106, 17
103, 20
102, 20
94, 28
94, 29
90, 33
90, 34
88, 36
88, 37
86, 39
86, 40
84, 42
84, 43
82, 45
82, 46
81, 47
81, 48
79, 50
79, 51
78, 52
78, 53
76, 55
76, 56
75, 57
75, 58
73, 60
73, 61
72, 62
72, 63
71, 64
71, 65
70, 66
70, 67
68, 69
68, 70
67, 71
67, 72
66, 73
66, 74
65, 75
65, 76
64, 77
64, 78
63, 79
63, 80
62, 81
62, 82
61, 83
61, 84
60, 85
60, 86
59, 87
59, 89
58, 90
58, 91
57, 92
57, 93
56, 94
56, 95
55, 96
55, 98
54, 99
54, 100
53, 101
53, 103
52, 104
52, 105
51, 106
51, 108
50, 109
50, 111
49, 112
49, 114
48, 115
48, 117
47, 118
47, 120
46, 121
46, 124
45, 125
45, 128
44, 129
44, 132
43, 133
43, 138
42, 139
42, 145
41, 146
41, 147
40, 148
40, 149
39, 150
39, 151
37, 153
37, 154
36, 155
36, 156
35, 157
35, 158
34, 159
34, 160
33, 161
33, 163
32, 164
32, 165
31, 166
31, 167
30, 168
30, 169
29, 170
29, 171
28, 172
28, 173
27, 174
27, 175
26, 176
26, 178
25, 179
25, 180
24, 181
24, 183
23, 184
23, 185
22, 186
22, 188
21, 189
21, 191
20, 192
20, 194
19, 195
19, 197
18, 198
18, 200
17, 201
17, 203
16, 204
16, 207
15, 208
15, 212
14, 213
14, 220
13, 221
13, 225
14, 226
14, 230
15, 231
15, 233
19, 237
27, 237
28, 236
29, 236
31, 234
32, 234
33, 233
34, 233
39, 228
40, 228
45, 223
45, 222
51, 216
51, 215
55, 211
55, 210
58, 207
58, 206
61, 203
61, 202
64, 199
64, 198
67, 195
67, 194
71, 190
71, 189
75, 185
75, 184
93, 166
94, 166
97, 163
98, 163
100, 161
101, 161
103, 159
104, 159
106, 157
107, 157
109, 155
110, 155
111, 154
112, 154
113, 153
114, 154
114, 156
113, 157
113, 158
112, 159
112, 161
110, 163
110, 164
109, 165
109, 166
107, 168
107, 169
106, 170
106, 171
104, 173
104, 174
102, 176
102, 177
100, 179
100, 180
99, 181
99, 182
97, 184
97, 185
96, 186
96, 187
95, 188
95, 189
93, 191
93, 192
92, 193
92, 194
91, 195
91, 197
90, 198
90, 199
89, 200
89, 202
88, 203
88, 205
87, 206
87, 215
88, 216
88, 217
89, 218
89, 219
91, 221
92, 221
93, 222
94, 222
95, 223
97, 223
98, 224
103, 224
104, 225
108, 225
109, 224
114, 224
115, 223
117, 223
118, 224
118, 231
119, 232
119, 236
120, 237
120, 239
121, 240
121, 241
122, 242
122, 243
123, 244
123, 245
126, 248
127, 248
128, 249
129, 249
130, 250
131, 250
132, 251
135, 251
136, 252
142, 252
143, 253
151, 253
152, 252
155, 252
156, 251
158, 251
159, 250
160, 250
161, 249
162, 249
163, 248
164, 248
165, 247
166, 247
169, 244
170, 244
186, 228
186, 227
193, 220
194, 221
194, 226
193, 227
193, 234
192, 235
192, 242
191, 243
191, 250
190, 251
190, 256
189, 257
189, 260
188, 261
188, 263
187, 264
187, 265
185, 267
185, 268
184, 269
184, 270
182, 272
182, 273
181, 274
181, 275
179, 277
179, 278
178, 279
178, 280
177, 281
177, 282
175, 284
175, 285
174, 286
174, 287
173, 288
173, 289
172, 290
172, 291
171, 292
171, 293
170, 294
170, 295
169, 296
169, 297
168, 298
168, 299
167, 300
167, 301
166, 302
166, 303
165, 304
165, 305
164, 306
164, 307
163, 308
163, 309
162, 310
162, 311
161, 312
161, 314
160, 315
160, 316
159, 317
159, 319
158, 320
158, 322
157, 323
157, 324
156, 325
156, 328
155, 329
155, 331
154, 332
154, 335
153, 336
153, 339
152, 340
152, 352
153, 353
153, 354
154, 354
155, 355
156, 355
159, 352
159, 351
160, 350
160, 348
161, 347
161, 346
162, 345
162, 343
163, 342
163, 341
164, 340
164, 338
165, 337
165, 335
166, 334
166, 333
167, 332
167, 331
168, 330
168, 328
169, 327
169, 326
170, 325
170, 323
171, 322
171, 321
172, 320
172, 319
173, 318
173, 316
174, 315
174, 314
175, 313
175, 312
176, 311
176, 309
177, 308
177, 307
178, 306
178, 305
179, 304
179, 303
180, 302
180, 300
181, 299
181, 298
182, 297
182, 295
183, 294
183, 293
184, 292
184, 290
185, 289
185, 288
186, 287
186, 285
187, 284
187, 282
188, 281
188, 279
189, 278
189, 275
190, 274
190, 272
191, 271
191, 268
192, 267
192, 265
193, 264
193, 263
195, 261
195, 260
196, 259
196, 258
198, 256
198, 255
199, 254
199, 253
201, 251
201, 250
203, 248
203, 247
205, 245
205, 244
207, 242
207, 241
209, 239
209, 238
211, 236
211, 235
213, 233
213, 232
215, 230
215, 229
217, 227
217, 226
220, 223
220, 222
222, 220
222, 219
224, 217
224, 216
227, 213
227, 212
229, 210
229, 209
231, 207
231, 206
233, 204
233, 203
235, 201
235, 200
237, 198
237, 197
240, 194
240, 193
242, 191
242, 190
245, 187
245, 186
249, 182
249, 181
263, 167
264, 167
266, 165
269, 165
270, 166
270, 173
269, 174
269, 177
268, 178
268, 181
267, 182
267, 184
266, 185
266, 186
265, 187
265, 189
264, 190
264, 191
263, 192
263, 193
262, 194
262, 195
261, 196
261, 198
260, 199
260, 200
259, 201
259, 203
261, 205
267, 205
268, 204
270, 204
271, 203
272, 203
273, 202
274, 202
275, 201
277, 201
278, 200
279, 200
280, 199
281, 199
282, 198
284, 198
285, 197
286, 197
287, 196
289, 196
290, 195
292, 195
293, 194
296, 194
297, 193
301, 193
302, 192
314, 192
315, 191
315, 188
314, 188
313, 187
305, 187
304, 188
299, 188
298, 189
295, 189
294, 190
291, 190
290, 191
288, 191
287, 192
285, 192
284, 193
282, 193
281, 194
280, 194
279, 195
278, 195
277, 196
276, 196
275, 197
273, 197
272, 198
271, 198
270, 199
268, 199
267, 200
266, 200
265, 199
266, 198
266, 196
267, 195
267, 194
268, 193
268, 192
269, 191
269, 189
270, 188
270, 187
271, 186
271, 184
272, 183
272, 181
273, 180
273, 177
274, 176
274, 164
273, 163
273, 162
271, 160
266, 160
265, 161
264, 161
262, 163
261, 163
259, 165
258, 165
248, 175
248, 176
243, 181
243, 182
240, 185
240, 186
238, 188
238, 189
235, 192
235, 193
233, 195
233, 196
231, 198
231, 199
228, 202
228, 203
226, 205
226, 206
224, 208
224, 209
222, 211
222, 212
220, 214
220, 215
218, 217
218, 218
215, 221
215, 222
213, 224
213, 225
211, 227
211, 228
209, 230
209, 231
207, 233
207, 234
205, 236
205, 237
203, 239
203, 240
201, 242
201, 243
199, 245
199, 246
196, 249
195, 248
195, 246
196, 245
196, 238
197, 237
197, 230
198, 229
198, 223
199, 222
199, 215
200, 214
200, 212
204, 208
204, 207
208, 203
208, 202
213, 197
213, 196
217, 192
217, 191
219, 189
219, 188
221, 186
221, 185
223, 183
223, 182
224, 181
224, 180
225, 179
225, 178
226, 177
226, 176
227, 175
227, 174
228, 173
228, 172
229, 171
229, 170
230, 169
230, 168
231, 167
231, 165
232, 164
232, 163
233, 162
233, 161
234, 160
234, 158
235, 157
235, 156
236, 155
236, 154
237, 153
237, 151
238, 150
238, 149
239, 148
239, 147
240, 146
240, 144
241, 143
241, 139
242, 138
242, 132
241, 131
241, 130
236, 125
231, 125
230, 126
229, 126
228, 127
227, 127
220, 134
220, 135
218, 137
218, 138
216, 140
216, 141
215, 142
215, 143
214, 144
214, 145
213, 146
213, 147
212, 148
212, 149
211, 150
211, 152
210, 153
210, 154
209, 155
209, 158
208, 159
208, 164
207, 165
207, 169
206, 170
206, 173
205, 174
205, 176
204, 177
204, 179
203, 180
203, 182
202, 183
202, 185
201, 186
201, 188
200, 189
200, 192
199, 193
199, 196
198, 197
198, 200
197, 201
197, 206
196, 207
196, 209
195, 210
195, 211
188, 218
188, 219
172, 235
172, 236
171, 237
170, 237
165, 242
164, 242
162, 244
161, 244
160, 245
159, 245
158, 246
157, 246
156, 247
154, 247
153, 248
138, 248
137, 247
134, 247
133, 246
132, 246
131, 245
130, 245
126, 241
126, 240
125, 239
125, 238
124, 237
124, 234
123, 233
123, 228
122, 227
122, 225
123, 224
125, 226
125, 227
127, 229
127, 230
129, 232
130, 232
131, 233
132, 233
133, 234
134, 234
135, 235
145, 235
146, 234
148, 234
149, 233
150, 233
152, 231
153, 231
155, 229
156, 229
168, 217
168, 216
169, 215
169, 214
171, 212
171, 211
172, 210
172, 209
173, 208
173, 207
174, 206
174, 205
175, 204
175, 203
176, 202
176, 201
177, 200
177, 199
178, 198
178, 197
179, 196
179, 195
180, 194
180, 192
181, 191
181, 190
182, 189
182, 187
183, 186
183, 185
184, 184
184, 182
185, 181
185, 178
186, 177
186, 175
187, 174
187, 171
188, 170
188, 165
189, 164
189, 161
188, 160
188, 156
187, 155
187, 154
183, 150
182, 150
181, 149
180, 149
179, 148
178, 148
177, 147
176, 147
175, 146
173, 146
172, 145
165, 145
164, 146
161, 146
160, 147
159, 147
158, 148
157, 148
156, 149
155, 149
154, 150
153, 150
151, 152
150, 152
148, 154
147, 154
144, 157
143, 157
135, 165
135, 166
131, 170
131, 171
129, 173
129, 174
127, 176
127, 177
126, 178
126, 179
125, 180
125, 181
124, 182
124, 183
123, 184
123, 185
122, 186
122, 188
121, 189
121, 192
120, 193
120, 197
119, 198
119, 204
118, 205
118, 217
116, 219
113, 219
112, 220
101, 220
100, 219
97, 219
96, 218
95, 218
92, 215
92, 214
91, 213
91, 208
92, 207
92, 205
93, 204
93, 202
94, 201
94, 200
95, 199
95, 197
96, 196
96, 195
98, 193
98, 192
99, 191
99, 190
100, 189
100, 188
101, 187
101, 186
103, 184
103, 183
105, 181
105, 180
107, 178
107, 177
108, 176
108, 175
110, 173
110, 172
112, 170
112, 169
113, 168
113, 167
115, 165
115, 164
116, 163
116, 162
117, 161
117, 159
118, 158
118, 155
119, 154
119, 151
118, 150
118, 149
117, 148
113, 148
112, 149
111, 149
110, 150
109, 150
108, 151
107, 151
105, 153
104, 153
103, 154
102, 154
100, 156
99, 156
97, 158
96, 158
93, 161
92, 161
88, 165
87, 165
74, 178
74, 179
69, 184
69, 185
65, 189
65, 190
62, 193
62, 194
59, 197
59, 198
56, 201
56, 202
53, 205
53, 206
50, 209
50, 210
45, 215
45, 216
33, 228
32, 228
30, 230
29, 230
27, 232
25, 232
24, 233
22, 233
19, 230
19, 229
18, 228
18, 216
19, 215
19, 210
20, 209
20, 207
21, 206
21, 203
22, 202
22, 200
23, 199
23, 197
24, 196
24, 194
25, 193
25, 191
26, 190
26, 189
27, 188
27, 186
28, 185
28, 183
29, 182
29, 181
30, 180
30, 178
31, 177
31, 176
32, 175
32, 174
33, 173
33, 172
34, 171
34, 170
35, 169
35, 168
36, 167
36, 166
37, 165
37, 164
38, 163
38, 161
39, 160
39, 159
40, 158
40, 157
42, 155
42, 154
43, 153
43, 152
44, 151
46, 151
47, 152
50, 152
51, 151
53, 151
54, 150
55, 150
56, 149
57, 149
59, 147
60, 147
62, 145
63, 145
76, 132
76, 131
79, 128
79, 127
81, 125
81, 124
82, 123
82, 122
84, 120
84, 119
85, 118
85, 117
86, 116
86, 115
87, 114
87, 112
88, 111
88, 110
89, 109
89, 107
90, 106
90, 104
91, 103
91, 96
90, 95
90, 94
88, 92
86, 92
85, 91
84, 92
81, 92
80, 93
79, 93
77, 95
76, 95
66, 105
66, 106
63, 109
63, 110
60, 113
60, 114
58, 116
58, 117
56, 119
56, 120
55, 121
55, 122
53, 124
53, 125
52, 126
52, 127
50, 129
49, 128
49, 127
50, 126
50, 123
51, 122
51, 120
52, 119
52, 117
53, 116
53, 114
54, 113
54, 111
55, 110
55, 108
56, 107
56, 106
57, 105
57, 103
58, 102
58, 101
59, 100
59, 98
60, 97
60, 96
61, 95
61, 94
62, 93
62, 92
63, 91
63, 90
64, 89
64, 87
65, 86
65, 85
66, 84
66, 83
67, 82
67, 81
68, 80
68, 79
69, 78
69, 77
70, 76
70, 75
71, 74
71, 73
73, 71
73, 70
74, 69
74, 68
75, 67
75, 66
76, 65
76, 64
78, 62
78, 61
79, 60
79, 59
80, 58
80, 57
82, 55
82, 54
83, 53
83, 52
85, 50
85, 49
87, 47
87, 46
88, 45
88, 44
90, 42
90, 41
92, 39
92, 38
95, 35
95, 34
108, 21
109, 21
110, 20
111, 21
111, 22
109, 24
109, 25
106, 28
106, 29
103, 32
103, 33
102, 34
102, 35
103, 36
106, 36
108, 34
108, 33
111, 30
111, 29
114, 26
114, 25
116, 23
116, 22
117, 21
117, 17
115, 15
157, 338
159, 340
178, 288
179, 287
180, 288
180, 290
179, 291
179, 292
178, 293
178, 295
177, 296
177, 297
176, 298
176, 300
175, 301
175, 302
174, 303
174, 304
173, 305
173, 306
172, 307
172, 309
171, 310
171, 311
170, 312
170, 313
169, 314
169, 316
168, 317
168, 318
167, 319
167, 320
166, 321
166, 323
165, 324
165, 325
164, 326
164, 328
163, 329
163, 330
162, 331
162, 332
161, 333
161, 335
160, 336
160, 337
158, 334
159, 333
159, 331
160, 330
160, 328
161, 327
161, 325
162, 324
162, 322
163, 321
163, 320
164, 319
164, 317
165, 316
165, 314
166, 313
166, 312
167, 311
167, 310
168, 309
168, 308
169, 307
169, 306
170, 305
170, 304
171, 303
171, 302
172, 301
172, 300
173, 299
173, 298
174, 297
174, 296
175, 295
175, 294
176, 293
176, 292
177, 291
177, 290
178, 289
141, 169
140, 170
140, 171
138, 173
138, 174
137, 175
137, 176
136, 177
136, 178
135, 179
135, 180
134, 181
134, 182
133, 183
133, 184
132, 185
132, 186
131, 187
131, 188
130, 189
130, 190
129, 191
129, 193
128, 194
128, 195
127, 196
127, 197
126, 198
126, 200
125, 201
124, 200
124, 195
125, 194
125, 192
126, 191
126, 188
127, 187
127, 186
128, 185
128, 184
129, 183
129, 182
130, 181
130, 180
131, 179
131, 178
134, 175
134, 174
136, 172
136, 171
150, 164
152, 164
153, 165
153, 166
154, 167
154, 179
153, 180
153, 181
152, 182
152, 184
151, 185
151, 186
150, 187
150, 188
148, 190
148, 191
147, 192
147, 193
145, 195
145, 196
142, 199
142, 200
132, 210
131, 210
129, 212
128, 212
127, 211
127, 209
128, 208
128, 206
129, 205
129, 203
130, 202
130, 200
131, 199
131, 198
132, 197
132, 196
133, 195
133, 193
134, 192
134, 191
135, 190
135, 189
136, 188
136, 187
137, 186
137, 185
138, 184
138, 183
139, 182
139, 181
140, 180
140, 179
141, 178
141, 177
143, 175
143, 174
144, 173
144, 172
145, 171
145, 170
146, 169
146, 168
167, 150
168, 149
169, 149
170, 150
174, 151
175, 151
176, 152
177, 152
178, 153
179, 153
181, 155
182, 155
183, 156
183, 157
184, 158
184, 167
183, 168
183, 172
182, 173
182, 175
181, 176
181, 178
180, 179
180, 181
179, 182
179, 184
178, 185
178, 187
177, 188
177, 189
176, 190
176, 191
175, 192
174, 195
174, 196
173, 197
173, 198
172, 199
172, 200
171, 201
171, 202
170, 203
170, 204
169, 205
169, 206
168, 207
168, 208
167, 209
167, 210
165, 212
165, 213
151, 227
150, 227
148, 229
147, 229
146, 230
144, 230
143, 231
136, 230
135, 230
134, 229
133, 229
129, 225
129, 224
128, 223
128, 221
127, 220
127, 219
129, 217
130, 217
132, 215
133, 215
138, 210
139, 210
142, 207
142, 206
147, 201
147, 200
149, 198
149, 197
151, 195
151, 194
152, 193
152, 192
154, 190
154, 189
155, 188
155, 187
156, 186
156, 184
157, 183
157, 182
158, 181
158, 177
159, 176
159, 169
158, 168
158, 165
157, 164
157, 163
156, 162
156, 161
155, 160
154, 160
153, 159
151, 159
152, 156
153, 156
155, 154
156, 154
157, 153
158, 153
159, 152
160, 152
161, 151
162, 151
163, 150
232, 130
233, 129
234, 130
235, 130
237, 132
237, 141
236, 142
236, 144
235, 145
235, 146
234, 147
234, 148
233, 149
233, 151
232, 152
232, 153
231, 154
231, 155
230, 156
230, 158
229, 159
229, 160
228, 161
228, 162
227, 163
227, 164
226, 165
226, 167
225, 168
225, 169
224, 170
224, 171
223, 172
223, 173
222, 174
222, 175
221, 176
221, 177
220, 178
220, 179
219, 180
219, 181
217, 183
217, 184
215, 186
215, 187
212, 190
212, 191
207, 196
207, 197
203, 201
202, 200
202, 199
203, 198
203, 195
204, 194
204, 191
205, 190
205, 188
206, 187
206, 185
207, 184
207, 182
208, 181
208, 179
209, 178
209, 176
210, 175
210, 173
211, 172
211, 168
212, 167
212, 161
213, 160
213, 158
214, 157
214, 155
215, 154
215, 152
216, 151
216, 150
217, 149
217, 148
218, 147
218, 146
219, 145
219, 144
220, 143
220, 142
222, 140
222, 139
225, 136
225, 135
229, 131
230, 131
231, 130
83, 96
85, 96
87, 98
87, 101
86, 102
86, 104
85, 105
85, 107
84, 108
84, 109
83, 110
83, 112
82, 113
82, 114
81, 115
81, 116
79, 118
79, 119
78, 120
78, 121
76, 123
76, 124
74, 126
74, 127
70, 131
70, 132
64, 138
63, 138
58, 143
57, 143
55, 145
54, 145
53, 146
52, 146
51, 147
48, 147
47, 146
47, 144
48, 143
48, 142
50, 140
50, 139
51, 138
51, 137
52, 136
52, 135
53, 134
53, 133
54, 132
54, 131
56, 129
56, 128
57, 127
57, 126
59, 124
59, 123
61, 121
61, 120
63, 118
63, 117
65, 115
65, 114
68, 111
68, 110
80, 98
81, 98
