210, 2
212, 367
4, 369
2, 4
94, 15
91, 18
91, 19
90, 20
90, 22
89, 23
89, 25
88, 26
88, 28
87, 29
87, 32
86, 33
86, 35
85, 36
85, 40
84, 41
84, 44
83, 45
83, 48
82, 49
82, 53
81, 54
81, 58
80, 59
80, 63
79, 64
79, 68
78, 69
78, 70
77, 71
77, 73
76, 74
76, 75
75, 76
75, 77
74, 78
74, 79
73, 80
73, 81
72, 82
72, 84
71, 85
71, 86
70, 87
70, 88
69, 89
69, 91
68, 92
68, 93
67, 94
67, 95
66, 96
66, 98
65, 99
65, 100
64, 101
64, 103
63, 104
63, 105
62, 106
62, 108
61, 109
61, 110
60, 111
60, 113
59, 114
59, 116
58, 117
58, 118
57, 119
57, 121
56, 122
56, 124
55, 125
55, 127
54, 128
54, 129
53, 130
53, 132
52, 133
52, 135
51, 136
51, 138
50, 139
50, 141
49, 142
49, 144
48, 145
48, 147
47, 148
47, 150
46, 151
46, 153
45, 154
45, 156
44, 157
44, 159
43, 160
43, 162
42, 163
42, 166
41, 167
41, 169
40, 170
40, 173
39, 174
39, 176
38, 177
38, 180
37, 181
37, 184
36, 185
36, 187
35, 188
35, 191
34, 192
34, 195
33, 196
33, 199
32, 200
32, 203
31, 204
31, 207
30, 208
30, 211
29, 212
29, 216
28, 217
28, 220
27, 221
27, 224
26, 225
26, 228
25, 229
25, 233
24, 234
24, 238
23, 239
23, 242
22, 243
22, 247
21, 248
21, 252
20, 253
20, 258
19, 259
19, 263
18, 264
18, 269
17, 270
17, 275
16, 276
16, 281
15, 282
15, 287
14, 288
14, 293
13, 294
13, 299
12, 300
12, 306
11, 307
11, 313
10, 314
10, 321
9, 322
9, 331
8, 332
8, 344
9, 345
9, 348
12, 351
13, 351
15, 349
15, 348
16, 347
16, 346
17, 345
17, 344
18, 343
18, 342
19, 341
19, 339
20, 338
20, 336
21, 335
21, 334
22, 333
22, 331
23, 330
23, 328
24, 327
24, 326
25, 325
25, 323
26, 322
26, 320
27, 319
27, 316
28, 315
28, 313
29, 312
29, 310
30, 309
30, 307
31, 306
31, 303
32, 302
32, 299
33, 298
33, 295
34, 294
34, 291
35, 290
35, 288
36, 287
36, 284
37, 283
37, 280
38, 279
38, 276
39, 275
39, 272
40, 271
40, 268
41, 267
41, 263
42, 262
42, 259
43, 258
43, 255
44, 254
44, 250
45, 249
45, 246
46, 245
46, 242
47, 241
47, 237
48, 236
48, 233
49, 232
49, 229
50, 228
50, 224
51, 223
51, 220
52, 219
52, 215
53, 214
53, 211
54, 210
54, 206
55, 205
55, 202
56, 201
56, 197
57, 196
57, 192
58, 191
58, 188
59, 187
59, 183
60, 182
60, 178
61, 177
61, 173
62, 172
62, 168
63, 167
63, 163
64, 162
64, 159
65, 158
65, 154
66, 153
66, 148
67, 147
67, 143
68, 142
68, 138
69, 137
69, 133
70, 132
70, 128
71, 127
71, 123
72, 122
72, 118
73, 117
73, 113
74, 112
74, 108
75, 107
75, 103
76, 102
76, 98
77, 97
77, 93
78, 92
78, 87
79, 86
79, 82
80, 81
80, 77
81, 76
81, 72
82, 71
82, 70
83, 69
83, 68
84, 67
84, 66
85, 65
85, 64
86, 63
86, 62
87, 61
87, 60
88, 59
88, 58
90, 56
90, 55
91, 54
91, 53
93, 51
93, 50
95, 48
95, 47
98, 44
98, 43
105, 36
106, 36
108, 34
110, 34
111, 33
112, 34
113, 34
116, 37
116, 38
117, 39
117, 40
118, 41
118, 42
119, 43
119, 45
120, 46
120, 50
121, 51
121, 77
120, 78
120, 85
119, 86
119, 92
118, 93
118, 98
117, 99
117, 103
116, 104
116, 108
115, 109
115, 113
114, 114
114, 118
113, 119
113, 123
112, 124
112, 127
111, 128
111, 132
110, 133
110, 136
109, 137
109, 140
108, 141
108, 144
107, 145
107, 148
106, 149
106, 152
105, 153
105, 156
104, 157
104, 160
103, 161
103, 164
102, 165
102, 167
101, 168
101, 171
100, 172
100, 175
99, 176
99, 178
98, 179
98, 181
97, 182
97, 185
96, 186
96, 188
95, 189
95, 191
94, 192
94, 195
93, 196
93, 198
92, 199
92, 201
91, 202
91, 205
90, 206
90, 209
89, 210
89, 213
88, 214
88, 216
87, 217
87, 220
86, 221
86, 224
85, 225
85, 228
84, 229
84, 232
83, 233
83, 236
82, 237
82, 241
81, 242
81, 245
80, 246
80, 250
79, 251
79, 254
78, 255
78, 259
77, 260
77, 264
76, 265
76, 269
75, 270
75, 274
74, 275
74, 280
73, 281
73, 288
72, 289
72, 300
73, 301
73, 306
74, 307
74, 309
75, 310
75, 311
78, 314
79, 314
80, 315
81, 314
83, 314
84, 313
85, 313
87, 311
88, 311
89, 310
90, 311
90, 312
89, 313
89, 315
88, 316
88, 319
87, 320
87, 324
86, 325
86, 331
87, 332
87, 336
88, 337
88, 338
89, 339
89, 340
90, 341
90, 342
91, 343
91, 344
95, 348
96, 348
98, 350
99, 350
101, 352
103, 352
104, 353
106, 353
107, 354
113, 354
114, 355
117, 355
118, 354
126, 354
127, 353
130, 353
131, 352
134, 352
135, 351
137, 351
138, 350
140, 350
141, 349
142, 349
143, 348
145, 348
146, 347
147, 347
148, 346
150, 346
151, 345
153, 345
154, 344
155, 344
156, 343
158, 343
159, 342
160, 342
161, 341
162, 341
163, 340
165, 340
166, 339
167, 339
168, 338
169, 338
170, 337
172, 337
173, 336
175, 336
176, 335
178, 335
179, 334
180, 334
181, 333
183, 333
184, 332
186, 332
187, 331
188, 331
189, 330
191, 330
192, 329
193, 329
194, 328
195, 328
196, 327
197, 327
198, 326
198, 324
194, 324
193, 325
192, 325
191, 326
190, 326
189, 327
187, 327
186, 328
185, 328
184, 329
182, 329
181, 330
179, 330
178, 331
177, 331
176, 332
174, 332
173, 333
171, 333
170, 334
168, 334
167, 335
166, 335
165, 336
164, 336
163, 337
161, 337
160, 338
159, 338
158, 339
157, 339
156, 340
154, 340
153, 341
151, 341
150, 342
149, 342
148, 343
146, 343
145, 344
144, 344
143, 345
141, 345
140, 346
139, 346
138, 347
136, 347
135, 348
132, 348
131, 349
129, 349
128, 350
124, 350
123, 351
110, 351
109, 350
106, 350
105, 349
103, 349
101, 347
100, 347
93, 340
93, 339
92, 338
92, 337
91, 336
91, 334
90, 333
90, 323
91, 322
91, 318
92, 317
92, 315
93, 314
93, 312
94, 311
94, 310
95, 309
95, 308
96, 307
96, 306
97, 305
97, 304
98, 303
98, 302
100, 300
100, 299
101, 298
101, 297
103, 295
103, 294
105, 292
105, 291
108, 288
108, 287
112, 283
112, 282
122, 272
123, 272
124, 271
134, 271
135, 270
137, 270
138, 269
140, 269
141, 268
143, 268
144, 267
146, 267
147, 266
148, 266
149, 265
150, 265
151, 264
153, 264
154, 263
155, 263
156, 262
157, 262
158, 261
159, 261
160, 260
161, 260
162, 259
163, 259
164, 258
165, 258
167, 256
167, 253
166, 252
166, 251
165, 250
164, 250
163, 249
153, 249
152, 250
150, 250
149, 251
147, 251
146, 252
145, 252
144, 253
143, 253
142, 254
141, 254
140, 255
139, 255
138, 256
137, 256
135, 258
134, 258
132, 260
131, 260
128, 263
127, 263
123, 267
121, 267
119, 265
120, 264
120, 263
121, 262
121, 261
122, 260
122, 259
123, 258
123, 257
124, 256
124, 255
125, 254
125, 253
126, 252
126, 251
128, 249
128, 248
129, 247
129, 246
130, 245
130, 244
131, 243
131, 242
132, 241
132, 240
133, 239
133, 238
134, 237
134, 236
136, 234
136, 233
137, 232
137, 231
138, 230
138, 229
139, 228
139, 227
140, 226
140, 225
141, 224
141, 223
143, 221
143, 220
144, 219
144, 218
145, 217
145, 216
147, 214
147, 213
148, 212
148, 211
150, 209
150, 208
151, 207
151, 206
153, 204
153, 203
156, 200
156, 199
158, 197
158, 196
164, 190
165, 190
167, 188
168, 188
169, 187
170, 187
171, 186
172, 186
174, 184
175, 184
176, 183
178, 183
179, 182
180, 182
181, 181
182, 181
183, 180
185, 180
186, 179
190, 179
191, 178
195, 178
196, 179
203, 179
204, 178
204, 176
203, 175
203, 174
199, 170
198, 170
196, 168
188, 168
187, 169
186, 169
185, 170
184, 170
183, 171
182, 171
180, 173
179, 173
178, 174
177, 174
175, 176
174, 176
171, 179
170, 179
165, 184
164, 184
158, 190
157, 190
154, 193
153, 193
147, 199
146, 199
142, 203
142, 204
135, 211
135, 212
132, 215
132, 216
129, 219
129, 220
128, 221
128, 222
126, 224
126, 225
124, 227
124, 228
123, 229
123, 230
122, 231
122, 232
121, 233
121, 234
119, 236
119, 238
118, 239
118, 240
117, 241
117, 242
116, 243
116, 245
115, 246
115, 248
114, 249
114, 252
113, 253
113, 261
114, 262
114, 267
113, 268
113, 269
112, 270
112, 271
110, 273
110, 274
109, 275
109, 276
108, 277
108, 278
107, 279
107, 280
105, 282
105, 283
104, 284
104, 285
102, 287
102, 288
100, 290
100, 291
98, 293
98, 294
95, 297
95, 298
83, 310
82, 310
81, 311
80, 311
78, 309
78, 307
77, 306
77, 304
76, 303
76, 285
77, 284
77, 279
78, 278
78, 273
79, 272
79, 268
80, 267
80, 263
81, 262
81, 258
82, 257
82, 254
83, 253
83, 249
84, 248
84, 245
85, 244
85, 240
86, 239
86, 235
87, 234
87, 231
88, 230
88, 227
89, 226
89, 224
90, 223
90, 220
91, 219
91, 216
92, 215
92, 212
93, 211
93, 209
94, 208
94, 205
95, 204
95, 201
96, 200
96, 198
97, 197
97, 195
98, 194
98, 191
99, 190
99, 188
100, 187
100, 185
101, 184
101, 181
102, 180
102, 178
103, 177
103, 174
104, 173
104, 171
105, 170
105, 167
106, 166
106, 163
107, 162
107, 160
108, 159
108, 156
109, 155
109, 152
110, 151
110, 148
111, 147
111, 144
112, 143
112, 140
113, 139
113, 135
114, 134
114, 131
115, 130
115, 126
116, 125
116, 122
117, 121
117, 117
118, 116
118, 112
119, 111
119, 107
120, 106
120, 102
121, 101
121, 96
122, 95
122, 89
123, 88
123, 82
124, 81
124, 72
125, 71
125, 54
124, 53
124, 48
123, 47
123, 44
122, 43
122, 41
121, 40
121, 39
120, 38
120, 37
119, 36
119, 35
115, 31
114, 31
113, 30
109, 30
108, 31
106, 31
104, 33
103, 33
95, 41
95, 42
91, 46
91, 47
89, 49
89, 50
88, 51
88, 52
86, 54
85, 53
85, 52
86, 51
86, 48
87, 47
87, 43
88, 42
88, 39
89, 38
89, 35
90, 34
90, 31
91, 30
91, 28
92, 27
92, 25
93, 24
93, 22
94, 21
94, 20
95, 19
95, 18
96, 17
118, 270
116, 271
155, 253
156, 252
161, 252
163, 254
161, 256
160, 256
159, 257
158, 257
157, 258
156, 258
155, 259
154, 259
153, 260
152, 260
151, 261
149, 261
148, 262
147, 262
146, 263
145, 263
144, 264
142, 264
141, 265
139, 265
138, 266
136, 266
135, 267
132, 267
131, 268
130, 268
129, 267
133, 263
134, 263
136, 261
137, 261
139, 259
140, 259
141, 258
142, 258
143, 257
144, 257
145, 256
146, 256
147, 255
148, 255
149, 254
151, 254
152, 253
146, 208
145, 209
145, 210
143, 212
143, 213
142, 214
142, 215
141, 216
141, 217
140, 218
140, 219
138, 221
138, 222
137, 223
137, 224
136, 225
136, 226
135, 227
135, 228
134, 229
134, 230
133, 231
133, 232
131, 234
131, 235
130, 236
130, 237
129, 238
129, 239
128, 240
128, 241
127, 242
127, 243
126, 244
126, 245
125, 246
125, 247
123, 249
123, 250
122, 251
122, 252
121, 253
121, 254
120, 255
120, 256
119, 257
119, 258
118, 259
117, 258
117, 251
118, 250
118, 248
119, 247
119, 245
120, 244
120, 243
121, 242
121, 241
122, 240
122, 239
123, 238
123, 237
124, 236
124, 235
125, 234
125, 233
126, 232
126, 231
127, 230
127, 229
129, 227
129, 226
131, 224
131, 223
133, 221
133, 220
135, 218
135, 217
139, 213
139, 212
190, 172
191, 171
193, 171
194, 172
195, 172
197, 174
196, 175
188, 175
187, 176
185, 176
184, 175
186, 173
187, 173
188, 172
72, 92
73, 91
74, 92
74, 94
73, 95
73, 99
72, 100
72, 104
71, 105
71, 109
70, 110
70, 114
69, 115
69, 119
68, 120
68, 124
67, 125
67, 129
66, 130
66, 135
65, 136
65, 140
64, 141
64, 145
63, 146
63, 150
62, 151
62, 155
61, 156
61, 160
60, 161
60, 164
59, 165
59, 169
58, 170
58, 174
57, 175
57, 179
56, 180
56, 184
55, 185
55, 189
54, 190
54, 194
53, 195
53, 198
52, 199
52, 203
51, 204
51, 207
50, 208
50, 212
49, 213
49, 216
48, 217
48, 221
47, 222
47, 225
46, 226
46, 230
45, 231
45, 234
44, 235
44, 238
43, 239
43, 242
42, 243
42, 247
41, 248
41, 251
40, 252
40, 255
39, 256
39, 260
38, 261
38, 264
37, 265
37, 268
36, 269
36, 272
35, 273
35, 276
34, 277
34, 280
33, 281
33, 284
32, 285
32, 288
31, 289
31, 292
30, 293
30, 296
29, 297
29, 300
28, 301
28, 303
27, 304
27, 307
26, 308
26, 310
25, 311
25, 313
24, 314
24, 316
23, 317
23, 319
22, 320
22, 322
21, 323
21, 325
20, 326
20, 328
19, 329
19, 331
18, 332
18, 333
17, 334
17, 336
16, 337
16, 339
15, 340
15, 341
14, 342
14, 343
13, 344
12, 343
12, 326
13, 325
13, 318
14, 317
14, 311
15, 310
15, 304
16, 303
16, 297
17, 296
17, 291
18, 290
18, 285
19, 284
19, 279
20, 278
20, 273
21, 272
21, 267
22, 266
22, 262
23, 261
23, 256
24, 255
24, 251
25, 250
25, 246
26, 245
26, 241
27, 240
27, 237
28, 236
28, 232
29, 231
29, 228
30, 227
30, 223
31, 222
31, 219
32, 218
32, 215
33, 214
33, 211
34, 210
34, 207
35, 206
35, 203
36, 202
36, 199
37, 198
37, 195
38, 194
38, 191
39, 190
39, 187
40, 186
40, 183
41, 182
41, 180
42, 179
42, 176
43, 175
43, 173
44, 172
44, 169
45, 168
45, 166
46, 165
46, 162
47, 161
47, 159
48, 158
48, 156
49, 155
49, 153
50, 152
50, 150
51, 149
51, 147
52, 146
52, 144
53, 143
53, 141
54, 140
54, 138
55, 137
55, 135
56, 134
56, 132
57, 131
57, 130
58, 129
58, 127
59, 126
59, 124
60, 123
60, 122
61, 121
61, 119
62, 118
62, 116
63, 115
63, 113
64, 112
64, 111
65, 110
65, 108
66, 107
66, 106
67, 105
67, 103
68, 102
68, 101
69, 100
69, 98
70, 97
70, 96
71, 95
71, 94
72, 93
