260, 2
262, 367
4, 369
2, 4
107, 17
107, 20
106, 21
106, 31
105, 32
105, 38
104, 39
104, 45
103, 46
103, 52
102, 53
102, 58
101, 59
101, 63
100, 64
100, 68
99, 69
99, 74
98, 75
98, 78
97, 79
97, 82
96, 83
96, 87
95, 88
95, 91
94, 92
94, 96
93, 97
93, 101
92, 102
92, 105
91, 106
91, 110
90, 111
90, 114
89, 115
89, 118
88, 119
88, 121
87, 122
87, 125
86, 126
86, 129
85, 130
85, 132
84, 133
84, 136
83, 137
83, 140
82, 141
82, 143
81, 144
81, 145
80, 146
80, 147
79, 148
79, 149
78, 150
78, 151
76, 153
76, 154
75, 155
75, 156
73, 158
73, 159
71, 161
71, 162
69, 164
69, 165
67, 167
67, 168
65, 170
65, 171
62, 174
62, 175
59, 178
59, 179
55, 183
55, 184
53, 186
53, 187
51, 189
51, 190
49, 192
49, 193
48, 194
48, 195
47, 196
47, 197
46, 198
46, 200
45, 201
45, 202
44, 203
44, 204
43, 205
43, 207
42, 208
42, 209
41, 210
41, 211
40, 212
40, 214
39, 215
39, 216
38, 217
38, 218
37, 219
37, 220
36, 221
36, 222
34, 224
34, 225
33, 226
33, 227
32, 228
32, 229
30, 231
30, 232
29, 233
29, 234
27, 236
27, 237
26, 238
26, 239
24, 241
24, 242
23, 243
23, 244
22, 245
22, 246
21, 247
21, 248
20, 249
20, 250
19, 251
19, 252
18, 253
18, 254
17, 255
17, 256
16, 257
16, 259
15, 260
15, 263
14, 264
14, 267
13, 268
13, 273
12, 274
12, 283
11, 284
11, 286
12, 287
12, 294
13, 295
13, 298
14, 299
14, 300
15, 301
15, 302
17, 304
22, 304
23, 303
24, 303
25, 302
26, 302
27, 301
29, 301
30, 300
31, 300
32, 299
33, 299
35, 297
36, 297
40, 293
40, 292
42, 290
42, 289
43, 288
43, 287
45, 285
45, 284
46, 283
46, 282
47, 281
47, 280
48, 279
48, 278
49, 277
49, 276
50, 275
50, 274
51, 273
51, 271
52, 270
52, 269
53, 268
53, 266
54, 265
54, 264
55, 263
55, 261
56, 260
56, 258
57, 257
57, 255
58, 254
58, 252
59, 251
59, 249
60, 248
60, 245
61, 244
61, 241
62, 240
62, 238
63, 237
63, 234
64, 233
64, 230
65, 229
65, 225
66, 224
66, 221
67, 220
67, 217
68, 216
68, 212
69, 211
69, 208
70, 207
70, 203
71, 202
71, 199
72, 198
72, 194
73, 193
73, 189
74, 188
74, 184
75, 183
75, 180
76, 179
76, 175
77, 174
77, 170
78, 169
78, 165
79, 164
79, 160
80, 159
80, 156
81, 155
81, 152
82, 151
82, 148
83, 147
83, 146
84, 145
84, 144
85, 143
85, 142
86, 141
86, 140
87, 139
87, 138
89, 136
89, 135
90, 134
90, 133
92, 131
92, 130
93, 129
93, 128
94, 127
94, 126
95, 125
95, 124
96, 123
96, 122
98, 120
98, 119
99, 118
99, 117
100, 116
100, 115
102, 113
102, 112
103, 111
103, 110
105, 108
105, 107
107, 105
107, 104
109, 102
109, 101
111, 99
111, 98
113, 96
113, 95
117, 91
117, 90
120, 87
120, 86
122, 84
122, 83
125, 80
125, 79
128, 76
128, 75
131, 72
132, 72
134, 70
135, 70
136, 69
146, 69
149, 72
149, 73
150, 74
150, 78
151, 79
151, 83
150, 84
150, 95
149, 96
149, 102
148, 103
148, 108
147, 109
147, 114
146, 115
146, 119
145, 120
145, 123
144, 124
144, 127
143, 128
143, 130
142, 131
142, 133
141, 134
141, 137
140, 138
140, 140
139, 141
139, 143
138, 144
138, 146
137, 147
137, 149
136, 150
136, 152
135, 153
135, 155
134, 156
134, 157
133, 158
133, 160
132, 161
132, 162
131, 163
131, 165
130, 166
130, 167
129, 168
129, 169
128, 170
128, 171
127, 172
127, 174
126, 175
126, 176
125, 177
125, 178
124, 179
124, 180
123, 181
123, 183
122, 184
122, 185
121, 186
121, 188
120, 189
120, 192
119, 193
119, 210
120, 211
120, 213
121, 214
121, 215
124, 218
125, 218
126, 219
130, 219
131, 218
133, 218
134, 217
136, 217
137, 216
138, 216
139, 215
140, 215
141, 214
142, 214
143, 213
144, 213
146, 211
147, 211
148, 210
149, 210
151, 208
152, 208
153, 207
154, 207
156, 205
157, 205
162, 200
162, 199
164, 197
164, 196
166, 194
166, 193
172, 187
172, 186
174, 184
174, 183
186, 171
187, 171
189, 169
190, 169
192, 167
193, 167
194, 166
195, 166
196, 165
202, 165
205, 168
205, 169
206, 170
206, 171
207, 172
207, 174
208, 175
208, 177
207, 178
201, 178
200, 179
198, 179
197, 180
195, 180
194, 181
193, 181
192, 182
191, 182
190, 183
189, 183
188, 184
187, 184
185, 186
184, 186
182, 188
181, 188
178, 191
177, 191
163, 205
163, 206
161, 208
161, 209
159, 211
159, 212
157, 214
157, 215
156, 216
156, 217
155, 218
155, 220
154, 221
154, 222
153, 223
153, 224
152, 225
152, 227
151, 228
151, 230
150, 231
150, 233
149, 234
149, 237
148, 238
148, 242
147, 243
147, 258
148, 259
148, 261
150, 263
151, 263
152, 264
161, 264
162, 263
164, 263
165, 262
167, 262
168, 261
170, 261
171, 260
172, 260
173, 259
175, 259
176, 260
173, 263
173, 264
170, 267
170, 268
168, 270
168, 271
165, 274
165, 275
164, 276
164, 277
162, 279
162, 280
161, 281
161, 282
159, 284
159, 285
158, 286
158, 287
157, 288
157, 289
156, 290
156, 291
155, 292
155, 293
154, 294
154, 295
153, 296
153, 297
152, 298
152, 300
151, 301
151, 302
150, 303
150, 305
149, 306
149, 308
148, 309
148, 311
147, 312
147, 313
146, 314
146, 316
145, 317
145, 318
144, 319
144, 320
143, 321
143, 323
142, 324
142, 325
141, 326
141, 328
140, 329
140, 331
139, 332
139, 334
138, 335
138, 338
137, 339
137, 343
136, 344
136, 348
137, 349
137, 350
138, 351
138, 352
139, 352
140, 353
142, 353
143, 354
146, 354
147, 353
150, 353
151, 352
152, 352
153, 351
155, 351
156, 350
157, 350
158, 349
159, 349
160, 348
161, 348
163, 346
164, 346
165, 345
166, 345
169, 342
170, 342
172, 340
173, 340
175, 338
176, 338
179, 335
180, 335
182, 333
183, 333
186, 330
187, 330
190, 327
191, 327
194, 324
195, 324
200, 319
201, 319
208, 312
209, 312
215, 306
216, 306
231, 291
232, 291
238, 285
239, 285
245, 279
246, 279
251, 274
251, 269
250, 269
250, 271
249, 272
249, 274
246, 277
245, 277
243, 279
242, 279
235, 286
234, 286
225, 295
224, 295
211, 308
210, 308
204, 314
203, 314
197, 320
196, 320
192, 324
191, 324
188, 327
187, 327
184, 330
183, 330
180, 333
179, 333
177, 335
176, 335
173, 338
172, 338
170, 340
169, 340
167, 342
166, 342
164, 344
163, 344
161, 346
160, 346
159, 347
158, 347
157, 348
156, 348
155, 349
154, 349
153, 350
151, 350
150, 351
148, 351
147, 352
142, 352
141, 351
140, 351
138, 349
138, 343
139, 342
139, 338
140, 337
140, 335
141, 334
141, 331
142, 330
142, 328
143, 327
143, 326
144, 325
144, 323
145, 322
145, 321
146, 320
146, 319
147, 318
147, 316
148, 315
148, 314
149, 313
149, 311
150, 310
150, 308
151, 307
151, 305
152, 304
152, 302
153, 301
153, 300
154, 299
154, 298
155, 297
155, 295
156, 294
156, 293
157, 292
157, 291
159, 289
159, 288
160, 287
160, 286
161, 285
161, 284
163, 282
163, 281
164, 280
164, 279
166, 277
166, 276
168, 274
168, 273
170, 271
170, 270
173, 267
173, 266
176, 263
176, 262
182, 256
183, 256
185, 254
186, 254
187, 253
188, 253
189, 252
191, 252
192, 251
193, 251
194, 250
195, 250
196, 249
197, 249
198, 248
199, 248
200, 247
201, 247
202, 246
203, 246
204, 245
205, 245
206, 244
207, 244
208, 243
209, 243
209, 240
208, 240
207, 239
201, 239
200, 240
199, 240
198, 241
197, 241
196, 242
195, 242
193, 244
192, 244
187, 249
186, 249
181, 254
180, 254
179, 255
178, 255
177, 256
176, 256
175, 257
174, 257
173, 258
171, 258
170, 259
168, 259
167, 260
166, 260
165, 261
163, 261
162, 262
152, 262
149, 259
149, 242
150, 241
150, 237
151, 236
151, 233
152, 232
152, 230
153, 229
153, 227
154, 226
154, 225
155, 224
155, 223
156, 222
156, 220
157, 219
157, 218
158, 217
158, 216
159, 215
159, 214
161, 212
161, 211
163, 209
163, 208
169, 202
169, 201
174, 196
175, 196
180, 191
181, 191
184, 188
185, 188
187, 186
188, 186
189, 185
190, 185
191, 184
192, 184
193, 183
194, 183
195, 182
196, 182
197, 181
199, 181
200, 180
206, 180
208, 182
208, 183
209, 184
209, 187
210, 188
210, 193
211, 194
212, 194
213, 193
213, 190
212, 189
212, 185
211, 184
211, 180
210, 179
210, 176
209, 175
209, 172
208, 171
208, 170
207, 169
207, 168
206, 167
206, 166
204, 164
203, 164
202, 163
197, 163
196, 164
194, 164
193, 165
192, 165
190, 167
189, 167
188, 168
187, 168
184, 171
183, 171
175, 179
175, 180
172, 183
172, 184
166, 190
166, 191
164, 193
164, 194
162, 196
162, 197
155, 204
154, 204
152, 206
151, 206
149, 208
148, 208
147, 209
146, 209
144, 211
143, 211
142, 212
141, 212
140, 213
139, 213
138, 214
137, 214
136, 215
135, 215
134, 216
132, 216
131, 217
125, 217
123, 215
123, 214
122, 213
122, 212
121, 211
121, 192
122, 191
122, 188
123, 187
123, 185
124, 184
124, 183
125, 182
125, 181
126, 180
126, 179
127, 178
127, 177
128, 176
128, 174
129, 173
129, 172
130, 171
130, 170
131, 169
131, 168
132, 167
132, 165
133, 164
133, 163
134, 162
134, 160
135, 159
135, 158
136, 157
136, 155
137, 154
137, 152
138, 151
138, 149
139, 148
139, 146
140, 145
140, 143
141, 142
141, 140
142, 139
142, 137
143, 136
143, 134
144, 133
144, 130
145, 129
145, 127
146, 126
146, 123
147, 122
147, 119
148, 118
148, 114
149, 113
149, 108
150, 107
150, 102
151, 101
151, 95
152, 94
152, 75
151, 74
151, 72
147, 68
146, 68
145, 67
136, 67
135, 68
134, 68
132, 70
131, 70
125, 76
125, 77
122, 80
122, 81
120, 83
120, 84
117, 87
117, 88
114, 91
114, 92
111, 95
111, 96
108, 99
108, 100
107, 101
107, 102
104, 105
104, 106
103, 107
103, 108
101, 110
101, 111
100, 112
100, 113
98, 115
98, 116
97, 117
97, 118
96, 119
96, 120
95, 121
95, 122
94, 123
94, 124
92, 126
92, 127
91, 128
91, 129
90, 130
90, 131
88, 133
87, 132
87, 129
88, 128
88, 125
89, 124
89, 121
90, 120
90, 118
91, 117
91, 114
92, 113
92, 110
93, 109
93, 105
94, 104
94, 101
95, 100
95, 96
96, 95
96, 91
97, 90
97, 87
98, 86
98, 82
99, 81
99, 78
100, 77
100, 73
101, 72
101, 68
102, 67
102, 63
103, 62
103, 57
104, 56
104, 51
105, 50
105, 44
106, 43
106, 38
107, 37
107, 31
108, 30
108, 24
109, 23
109, 17
200, 242
201, 241
204, 241
205, 242
203, 244
202, 244
200, 246
199, 246
198, 247
197, 247
196, 248
195, 248
194, 249
192, 249
191, 248
195, 244
196, 244
197, 243
198, 243
199, 242
77, 156
78, 157
78, 160
77, 161
77, 165
76, 166
76, 170
75, 171
75, 175
74, 176
74, 180
73, 181
73, 184
72, 185
72, 189
71, 190
71, 194
70, 195
70, 199
69, 200
69, 204
68, 205
68, 208
67, 209
67, 212
66, 213
66, 217
65, 218
65, 221
64, 222
64, 225
63, 226
63, 230
62, 231
62, 234
61, 235
61, 237
60, 238
60, 241
59, 242
59, 245
58, 246
58, 248
57, 249
57, 252
56, 253
56, 255
55, 256
55, 258
54, 259
54, 261
53, 262
53, 263
52, 264
52, 266
51, 267
51, 268
50, 269
50, 271
49, 272
49, 273
48, 274
48, 275
47, 276
47, 277
46, 278
46, 279
45, 280
45, 281
44, 282
44, 283
43, 284
43, 285
41, 287
41, 288
40, 289
40, 290
33, 297
32, 297
31, 298
30, 298
29, 299
27, 299
26, 300
25, 300
24, 301
23, 301
22, 302
18, 302
15, 299
15, 296
14, 295
14, 289
13, 288
13, 280
14, 279
14, 273
15, 272
15, 267
16, 266
16, 263
17, 262
17, 259
18, 258
18, 257
19, 256
19, 254
20, 253
20, 252
21, 251
21, 250
22, 249
22, 248
24, 246
24, 245
25, 244
25, 243
26, 242
26, 241
28, 239
28, 238
29, 237
29, 236
31, 234
31, 233
32, 232
32, 231
34, 229
34, 228
35, 227
35, 226
36, 225
36, 224
38, 222
38, 221
39, 220
39, 219
40, 218
40, 217
41, 216
41, 214
42, 213
42, 212
43, 211
43, 210
44, 209
44, 207
45, 206
45, 205
46, 204
46, 203
47, 202
47, 200
48, 199
48, 198
49, 197
49, 196
50, 195
50, 194
51, 193
51, 192
53, 190
53, 189
55, 187
55, 186
58, 183
58, 182
62, 178
62, 177
64, 175
64, 174
67, 171
67, 170
69, 168
69, 167
72, 164
72, 163
73, 162
73, 161
75, 159
75, 158
