4, 2
496, 4
494, 325
2, 323
396, 132
395, 133
394, 133
393, 134
392, 134
390, 136
389, 136
387, 138
386, 138
384, 140
383, 140
379, 144
378, 144
373, 149
372, 149
368, 153
367, 153
358, 162
357, 162
345, 174
344, 174
342, 176
341, 176
340, 177
338, 177
337, 178
336, 178
335, 179
334, 179
333, 180
332, 180
331, 181
330, 181
329, 182
327, 182
326, 183
325, 183
324, 184
323, 184
322, 185
321, 185
320, 186
318, 186
317, 187
316, 187
315, 188
313, 188
312, 189
311, 189
310, 190
308, 190
307, 191
306, 191
305, 192
304, 192
303, 193
301, 193
300, 194
299, 194
298, 195
296, 195
295, 196
294, 196
293, 197
291, 197
290, 198
288, 198
287, 199
285, 199
284, 200
283, 200
282, 201
280, 201
279, 202
277, 202
276, 203
274, 203
273, 204
271, 204
270, 205
268, 205
267, 206
265, 206
264, 207
262, 207
261, 208
259, 208
258, 209
256, 209
255, 210
252, 210
251, 211
248, 211
247, 212
245, 212
244, 213
241, 213
240, 214
235, 214
234, 215
230, 215
228, 213
228, 212
229, 211
229, 210
230, 209
230, 208
233, 205
233, 204
240, 197
242, 197
243, 196
244, 196
245, 195
246, 195
247, 194
248, 194
249, 193
250, 193
251, 192
252, 192
254, 190
255, 190
257, 188
258, 188
261, 185
262, 185
270, 177
270, 176
271, 175
271, 173
270, 172
270, 171
269, 170
263, 170
262, 171
261, 171
257, 175
256, 175
239, 192
238, 192
234, 196
233, 196
232, 197
230, 197
229, 198
228, 198
227, 199
225, 199
224, 200
223, 200
222, 201
221, 201
220, 202
218, 202
217, 203
215, 203
214, 204
213, 204
212, 205
210, 205
209, 206
208, 206
207, 207
205, 207
204, 208
203, 208
202, 209
200, 209
199, 210
197, 210
196, 211
194, 211
193, 212
190, 212
189, 213
187, 213
186, 214
184, 214
183, 213
186, 210
187, 210
193, 204
194, 204
209, 189
209, 188
215, 182
215, 181
219, 177
219, 176
222, 173
222, 172
223, 171
223, 169
222, 168
220, 168
219, 169
218, 169
217, 170
216, 170
213, 173
212, 173
209, 176
208, 176
205, 179
204, 179
200, 183
199, 183
193, 189
192, 189
187, 194
186, 194
180, 200
180, 201
173, 208
173, 209
171, 211
171, 214
172, 215
169, 218
168, 218
167, 219
166, 219
164, 221
163, 221
162, 222
161, 222
160, 223
159, 223
158, 224
157, 224
155, 226
154, 226
153, 227
152, 227
151, 228
149, 228
148, 229
147, 229
146, 230
144, 230
143, 231
141, 231
140, 232
137, 232
136, 233
134, 233
132, 231
132, 230
133, 229
133, 228
134, 227
134, 226
136, 224
136, 223
138, 221
138, 220
141, 217
141, 216
145, 212
145, 211
149, 207
149, 206
155, 200
155, 199
158, 196
158, 195
160, 193
160, 192
161, 191
161, 189
162, 188
162, 185
163, 184
163, 181
160, 178
152, 178
151, 179
149, 179
148, 180
147, 180
146, 181
145, 181
144, 182
143, 182
142, 183
141, 183
140, 184
139, 184
138, 185
137, 185
135, 187
134, 187
132, 189
131, 189
129, 191
128, 191
126, 193
125, 193
122, 196
121, 196
118, 199
117, 199
113, 203
112, 203
99, 216
99, 217
95, 221
95, 222
93, 224
93, 225
92, 226
93, 227
93, 228
95, 228
97, 226
97, 225
100, 222
100, 221
106, 215
106, 214
111, 209
112, 209
117, 204
118, 204
121, 201
122, 201
126, 197
127, 197
129, 195
130, 195
132, 193
133, 193
135, 191
136, 191
138, 189
139, 189
140, 188
141, 188
143, 186
144, 186
145, 185
146, 185
147, 184
149, 184
150, 183
151, 183
152, 182
155, 182
156, 181
157, 182
158, 182
159, 183
159, 185
158, 186
158, 188
157, 189
157, 190
156, 191
156, 192
153, 195
153, 196
148, 201
148, 202
143, 207
143, 208
139, 212
139, 213
136, 216
136, 217
133, 220
133, 221
132, 222
132, 223
130, 225
130, 226
129, 227
129, 228
128, 229
128, 233
131, 236
140, 236
141, 235
143, 235
144, 234
146, 234
147, 233
149, 233
150, 232
151, 232
152, 231
153, 231
154, 230
155, 230
156, 229
157, 229
158, 228
159, 228
160, 227
161, 227
162, 226
163, 226
164, 225
165, 225
167, 223
168, 223
169, 222
170, 222
172, 220
173, 220
175, 218
185, 218
186, 217
189, 217
190, 216
193, 216
194, 215
196, 215
197, 214
199, 214
200, 213
202, 213
203, 212
205, 212
206, 211
207, 211
208, 210
210, 210
211, 209
212, 209
213, 208
215, 208
216, 207
217, 207
218, 206
220, 206
221, 205
222, 205
223, 204
225, 204
226, 203
227, 203
228, 204
228, 205
226, 207
226, 208
225, 209
225, 210
224, 211
224, 215
227, 218
239, 218
240, 217
244, 217
245, 216
247, 216
248, 215
251, 215
252, 214
255, 214
256, 213
258, 213
259, 212
261, 212
262, 211
264, 211
265, 210
267, 210
268, 209
270, 209
271, 208
273, 208
274, 207
276, 207
277, 206
279, 206
280, 205
282, 205
283, 204
285, 204
286, 203
287, 203
288, 202
290, 202
291, 201
293, 201
294, 200
296, 200
297, 199
298, 199
299, 198
301, 198
302, 197
303, 197
304, 196
306, 196
307, 195
308, 195
309, 194
310, 194
311, 193
312, 193
313, 192
315, 192
316, 191
318, 191
319, 190
320, 190
321, 189
323, 189
324, 188
325, 188
326, 187
327, 187
328, 186
329, 186
330, 185
331, 185
332, 186
321, 197
321, 198
307, 212
307, 213
299, 221
299, 222
293, 228
293, 229
290, 232
290, 233
287, 236
287, 237
283, 241
283, 242
281, 244
281, 245
278, 248
278, 249
276, 251
276, 252
274, 254
274, 255
272, 257
272, 258
270, 260
270, 261
269, 262
269, 263
267, 265
267, 266
266, 267
266, 268
265, 269
265, 270
263, 272
263, 273
262, 274
262, 275
261, 276
261, 277
260, 278
260, 279
258, 281
258, 282
257, 283
257, 284
256, 285
256, 286
255, 287
255, 288
254, 289
254, 290
253, 291
253, 292
252, 293
252, 294
251, 295
251, 296
250, 297
250, 298
249, 299
249, 301
248, 302
248, 303
247, 304
247, 306
246, 307
246, 309
248, 311
249, 311
250, 310
252, 310
254, 308
255, 308
267, 296
267, 295
271, 291
271, 290
275, 286
275, 285
279, 281
279, 280
282, 277
282, 276
285, 273
285, 272
289, 268
289, 267
292, 264
292, 263
295, 260
295, 259
298, 256
298, 255
302, 251
302, 250
304, 248
304, 247
307, 244
307, 243
309, 241
309, 240
311, 238
312, 238
315, 241
317, 241
318, 242
325, 242
326, 241
330, 241
331, 240
334, 240
335, 239
337, 239
338, 238
341, 238
342, 237
345, 237
346, 236
349, 236
350, 235
352, 235
353, 234
355, 234
356, 233
359, 233
360, 232
363, 232
364, 231
367, 231
368, 230
370, 230
371, 229
373, 229
374, 228
377, 228
378, 227
380, 227
381, 226
383, 226
384, 225
386, 225
387, 224
389, 224
390, 223
392, 223
393, 222
394, 222
395, 223
393, 225
392, 225
390, 227
389, 227
387, 229
386, 229
384, 231
383, 231
381, 233
380, 233
377, 236
376, 236
372, 240
371, 240
354, 257
354, 258
349, 263
349, 264
346, 267
346, 268
343, 271
343, 272
341, 274
341, 275
339, 277
339, 278
337, 280
337, 281
335, 283
335, 284
334, 285
334, 286
332, 288
332, 289
331, 290
331, 291
330, 292
332, 294
333, 294
334, 293
335, 293
339, 289
340, 289
348, 281
349, 281
369, 261
370, 262
370, 263
371, 264
371, 265
372, 266
372, 267
373, 268
374, 268
375, 269
377, 269
378, 270
381, 270
382, 269
386, 269
387, 268
389, 268
390, 267
392, 267
393, 266
394, 266
395, 265
397, 265
398, 264
399, 264
400, 263
401, 263
402, 262
403, 262
404, 261
405, 261
406, 260
407, 260
409, 258
410, 258
411, 257
412, 257
413, 256
414, 256
415, 255
416, 255
418, 253
419, 253
420, 252
421, 252
423, 250
424, 250
425, 249
426, 249
428, 247
429, 247
431, 245
432, 245
434, 243
435, 243
436, 244
432, 248
432, 249
428, 253
428, 254
425, 257
425, 258
420, 263
420, 264
417, 267
417, 268
412, 273
412, 274
408, 278
408, 279
403, 284
403, 285
396, 292
395, 292
394, 293
394, 294
390, 298
390, 299
387, 302
387, 303
380, 310
380, 312
383, 312
385, 310
386, 310
389, 307
389, 306
392, 303
392, 302
395, 299
395, 298
400, 293
401, 293
404, 290
404, 289
409, 284
409, 283
414, 278
414, 277
418, 273
418, 272
422, 268
422, 267
426, 263
426, 262
430, 258
430, 257
433, 254
433, 253
438, 248
438, 247
444, 241
444, 240
458, 226
459, 226
465, 220
466, 220
471, 215
472, 215
475, 212
475, 209
474, 208
473, 208
472, 209
471, 209
465, 215
464, 215
459, 220
458, 220
453, 225
452, 225
449, 228
448, 228
445, 231
444, 231
441, 234
440, 234
438, 236
437, 236
434, 239
433, 239
431, 241
430, 241
428, 243
427, 243
425, 245
424, 245
423, 246
422, 246
420, 248
419, 248
418, 249
417, 249
415, 251
414, 251
412, 253
411, 253
410, 254
409, 254
408, 255
407, 255
406, 256
405, 256
404, 257
403, 257
402, 258
401, 258
400, 259
399, 259
398, 260
397, 260
396, 261
395, 261
394, 262
393, 262
392, 263
390, 263
389, 264
387, 264
386, 265
383, 265
382, 266
378, 266
377, 265
376, 265
374, 263
374, 259
375, 258
375, 257
376, 256
376, 255
387, 244
388, 244
388, 243
389, 242
389, 241
388, 240
385, 240
375, 250
374, 250
345, 279
344, 279
343, 278
345, 276
345, 275
348, 272
348, 271
351, 268
351, 267
355, 263
355, 262
362, 255
362, 254
365, 251
366, 251
376, 241
377, 241
380, 238
381, 238
384, 235
385, 235
387, 233
388, 233
390, 231
391, 231
393, 229
394, 229
396, 227
397, 227
398, 226
399, 226
400, 225
401, 225
403, 223
404, 223
405, 222
406, 222
408, 220
409, 220
410, 219
411, 219
412, 218
413, 218
414, 217
415, 217
416, 216
417, 216
419, 214
420, 214
422, 212
423, 212
425, 210
425, 207
421, 207
420, 208
419, 208
418, 209
417, 209
416, 210
414, 210
413, 211
412, 211
411, 212
409, 212
408, 213
407, 213
406, 214
404, 214
403, 215
401, 215
400, 216
399, 216
398, 217
396, 217
395, 218
393, 218
392, 219
390, 219
389, 220
387, 220
386, 221
384, 221
383, 222
381, 222
380, 223
378, 223
377, 224
375, 224
374, 225
371, 225
370, 226
368, 226
367, 227
364, 227
363, 228
360, 228
359, 229
357, 229
356, 230
353, 230
352, 231
350, 231
349, 232
347, 232
346, 233
342, 233
341, 234
338, 234
337, 235
335, 235
334, 236
331, 236
330, 237
327, 237
326, 238
318, 238
315, 235
315, 232
317, 230
317, 226
314, 226
313, 227
313, 228
311, 230
311, 231
309, 233
309, 234
307, 236
307, 237
305, 239
305, 240
302, 243
302, 244
300, 246
300, 247
297, 250
297, 251
293, 255
293, 256
290, 259
290, 260
287, 263
287, 264
283, 268
283, 269
280, 272
280, 273
277, 276
277, 277
274, 280
274, 281
269, 286
269, 287
266, 290
266, 291
260, 297
260, 298
255, 303
254, 303
253, 304
252, 303
252, 302
253, 301
253, 300
254, 299
254, 298
255, 297
255, 296
256, 295
256, 294
257, 293
257, 292
258, 291
258, 290
259, 289
259, 288
260, 287
260, 286
261, 285
261, 284
262, 283
262, 282
263, 281
263, 280
265, 278
265, 277
266, 276
266, 275
267, 274
267, 273
268, 272
268, 271
270, 269
270, 268
271, 267
271, 266
273, 264
273, 263
274, 262
274, 261
276, 259
276, 258
278, 256
278, 255
280, 253
280, 252
283, 249
283, 248
285, 246
285, 245
288, 242
288, 241
291, 238
291, 237
295, 233
295, 232
300, 227
300, 226
306, 220
306, 219
319, 206
319, 205
346, 178
347, 178
348, 177
349, 177
350, 176
351, 176
352, 175
353, 175
355, 173
356, 173
357, 172
358, 172
359, 171
360, 171
361, 170
362, 170
364, 168
365, 168
366, 167
367, 167
369, 165
370, 165
372, 163
373, 163
375, 161
376, 161
379, 158
380, 158
384, 154
385, 154
392, 147
392, 146
400, 138
400, 137
401, 136
401, 133
400, 132
207, 182
208, 183
208, 184
189, 203
188, 203
183, 208
182, 208
179, 211
178, 209
178, 208
190, 196
191, 196
198, 189
199, 189
204, 184
205, 184
263, 175
264, 174
265, 174
266, 175
257, 184
256, 184
254, 186
262, 175
388, 142
389, 141
390, 141
391, 142
380, 153
379, 153
376, 156
375, 156
372, 159
371, 159
369, 161
368, 161
366, 163
371, 155
372, 155
376, 151
377, 151
383, 145
384, 145
387, 142
191, 91
189, 93
189, 94
186, 97
186, 98
184, 100
184, 101
181, 104
181, 105
177, 109
177, 110
173, 114
173, 115
169, 119
169, 120
165, 124
165, 125
161, 129
161, 130
156, 135
156, 136
152, 140
152, 141
145, 148
145, 149
136, 158
136, 159
126, 169
126, 170
114, 182
114, 183
100, 197
100, 198
91, 207
91, 208
82, 217
82, 218
75, 225
75, 226
70, 231
70, 232
65, 237
65, 238
61, 242
61, 243
57, 247
57, 248
53, 252
53, 253
50, 256
50, 257
46, 261
46, 262
43, 265
43, 266
40, 269
40, 270
37, 273
37, 274
35, 276
35, 277
32, 280
32, 281
30, 283
30, 284
28, 286
28, 287
26, 289
26, 290
25, 291
25, 292
24, 293
24, 294
23, 295
23, 296
22, 297
22, 298
21, 299
21, 301
22, 302
28, 302
29, 301
30, 301
33, 298
34, 298
37, 295
38, 295
45, 288
45, 287
47, 285
47, 284
49, 282
49, 281
50, 280
50, 279
52, 277
52, 276
54, 274
54, 273
57, 270
57, 267
56, 266
54, 266
53, 267
53, 268
50, 271
50, 272
48, 274
48, 275
46, 277
46, 278
45, 279
45, 280
44, 281
44, 282
40, 286
40, 287
36, 291
35, 291
32, 294
31, 294
29, 293
30, 292
30, 291
32, 289
32, 288
34, 286
34, 285
36, 283
36, 282
39, 279
39, 278
41, 276
41, 275
44, 272
44, 271
47, 268
47, 267
50, 264
50, 263
54, 259
54, 258
58, 254
58, 253
61, 250
61, 249
65, 245
65, 244
70, 239
70, 238
74, 234
74, 233
80, 227
80, 226
88, 218
88, 217
97, 208
97, 207
108, 196
108, 195
121, 182
121, 181
133, 169
133, 168
142, 159
142, 158
151, 149
151, 148
157, 142
157, 141
161, 137
161, 136
165, 132
165, 131
170, 126
170, 125
174, 121
174, 120
178, 116
178, 115
182, 111
182, 110
186, 106
186, 105
189, 102
189, 101
192, 98
192, 97
194, 95
194, 91
274, 13
273, 14
261, 14
260, 15
253, 15
252, 16
246, 16
245, 17
241, 17
240, 18
235, 18
234, 19
231, 19
230, 20
226, 20
225, 21
222, 21
221, 22
217, 22
216, 23
213, 23
212, 24
209, 24
208, 25
205, 25
204, 26
201, 26
200, 27
198, 27
197, 28
194, 28
193, 29
190, 29
189, 30
187, 30
186, 31
183, 31
182, 32
180, 32
179, 33
177, 33
176, 34
173, 34
172, 35
170, 35
169, 36
167, 36
166, 37
164, 37
163, 38
162, 38
161, 39
159, 39
158, 40
156, 40
155, 41
153, 41
152, 42
151, 42
150, 43
148, 43
147, 44
146, 44
145, 45
144, 45
143, 46
141, 46
140, 47
139, 47
138, 48
136, 48
135, 49
134, 49
133, 50
132, 50
131, 51
130, 51
128, 53
127, 53
126, 54
125, 54
124, 55
123, 55
122, 56
121, 56
120, 57
119, 57
118, 58
117, 58
116, 59
115, 59
114, 60
113, 60
111, 62
110, 62
109, 63
108, 63
106, 65
105, 65
103, 67
102, 67
101, 68
100, 68
97, 71
96, 71
93, 74
92, 74
81, 85
81, 86
78, 89
78, 90
77, 91
77, 92
76, 93
76, 94
75, 95
75, 101
77, 101
78, 100
78, 98
79, 97
79, 95
80, 94
80, 93
81, 92
81, 91
85, 87
85, 86
93, 78
94, 78
98, 74
99, 74
101, 72
102, 72
104, 70
105, 70
107, 68
108, 68
110, 66
111, 66
112, 65
113, 65
115, 63
116, 63
117, 62
118, 62
119, 61
120, 61
121, 60
122, 60
123, 59
124, 59
125, 58
126, 58
127, 57
128, 57
129, 56
130, 56
132, 54
133, 54
134, 53
135, 53
136, 52
137, 52
138, 51
140, 51
141, 50
142, 50
143, 49
145, 49
146, 48
147, 48
148, 47
149, 47
150, 46
152, 46
153, 45
154, 45
155, 44
157, 44
158, 43
160, 43
161, 42
163, 42
164, 41
165, 41
166, 40
168, 40
169, 39
171, 39
172, 38
175, 38
176, 37
178, 37
179, 36
181, 36
182, 35
184, 35
185, 34
188, 34
189, 33
192, 33
193, 32
195, 32
196, 31
199, 31
200, 30
203, 30
204, 29
207, 29
208, 28
211, 28
212, 27
215, 27
216, 26
219, 26
220, 25
223, 25
224, 24
228, 24
229, 23
232, 23
233, 22
237, 22
238, 21
243, 21
244, 20
248, 20
249, 19
256, 19
257, 18
264, 18
265, 17
283, 17
284, 18
290, 18
291, 19
293, 19
297, 23
297, 27
298, 28
300, 28
300, 26
301, 25
301, 22
300, 21
300, 20
297, 17
296, 17
295, 16
293, 16
292, 15
288, 15
287, 14
277, 14
276, 13
