356, 2
358, 367
4, 369
2, 4
309, 103
307, 105
307, 107
306, 108
306, 113
305, 114
305, 116
304, 117
303, 117
301, 119
301, 121
300, 122
300, 126
299, 127
299, 130
298, 131
298, 135
297, 136
297, 140
296, 141
296, 145
295, 146
295, 148
294, 149
294, 151
293, 152
293, 154
292, 155
292, 157
291, 158
291, 159
290, 160
290, 162
289, 163
289, 165
288, 166
288, 168
287, 169
287, 171
286, 172
286, 173
285, 174
285, 176
284, 177
284, 179
283, 180
283, 182
282, 183
282, 185
281, 186
281, 187
280, 188
280, 190
279, 191
279, 193
278, 194
278, 197
277, 198
277, 200
276, 201
276, 203
275, 204
275, 206
274, 207
274, 208
272, 210
272, 211
271, 212
271, 213
270, 214
270, 215
268, 217
268, 218
266, 220
266, 221
263, 224
263, 225
261, 227
261, 228
259, 230
259, 231
256, 234
256, 235
253, 238
253, 239
243, 249
242, 249
240, 251
239, 251
238, 252
237, 252
236, 253
233, 253
230, 250
230, 247
229, 246
229, 231
230, 230
230, 222
231, 221
231, 216
232, 215
232, 211
233, 210
233, 206
234, 205
234, 202
235, 201
235, 197
236, 196
236, 193
237, 192
237, 189
238, 188
238, 186
239, 185
239, 182
240, 181
240, 179
241, 178
241, 176
242, 175
242, 172
243, 171
241, 169
240, 169
239, 170
239, 171
238, 172
238, 173
237, 174
237, 176
236, 177
236, 178
235, 179
235, 181
234, 182
234, 183
233, 184
233, 186
232, 187
232, 188
231, 189
231, 191
230, 192
230, 193
229, 194
229, 196
228, 197
228, 198
227, 199
227, 200
226, 201
226, 203
225, 204
225, 205
224, 206
224, 207
223, 208
223, 209
222, 210
222, 211
221, 212
221, 213
220, 214
220, 215
219, 216
219, 217
218, 218
218, 219
216, 221
216, 222
215, 223
215, 224
214, 225
214, 226
213, 227
213, 228
212, 229
212, 230
211, 231
211, 232
210, 233
210, 234
209, 235
209, 236
208, 237
208, 238
206, 240
206, 241
205, 242
205, 243
203, 245
203, 246
201, 248
201, 249
196, 254
195, 254
194, 255
193, 255
191, 253
191, 251
190, 250
190, 239
191, 238
191, 231
192, 230
192, 224
193, 223
193, 218
194, 217
194, 213
195, 212
195, 207
196, 206
196, 202
197, 201
197, 197
198, 196
198, 193
199, 192
199, 188
200, 187
200, 184
201, 183
201, 180
202, 179
202, 175
203, 174
203, 171
204, 170
204, 167
205, 166
205, 162
204, 161
202, 161
201, 162
201, 164
200, 165
200, 167
199, 168
199, 169
198, 170
198, 172
197, 173
197, 175
196, 176
196, 178
195, 179
195, 180
194, 181
194, 183
193, 184
193, 186
192, 187
192, 189
191, 190
191, 191
190, 192
190, 194
189, 195
189, 197
188, 198
188, 199
187, 200
187, 202
186, 203
186, 205
185, 206
185, 207
184, 208
184, 210
183, 211
183, 212
182, 213
182, 215
181, 216
181, 217
180, 218
180, 220
179, 221
179, 222
178, 223
178, 225
177, 226
177, 227
176, 228
176, 230
175, 231
175, 232
174, 233
174, 235
173, 236
173, 237
172, 238
172, 239
171, 240
171, 241
169, 243
169, 244
165, 248
164, 248
162, 250
159, 250
157, 248
157, 247
156, 246
156, 244
155, 243
155, 239
154, 238
154, 216
155, 215
155, 205
156, 204
156, 198
157, 197
157, 194
158, 193
158, 189
159, 188
159, 185
160, 184
160, 180
159, 179
157, 179
157, 180
156, 181
156, 182
155, 183
155, 185
154, 186
154, 188
153, 189
153, 190
152, 191
152, 193
151, 194
151, 196
150, 197
150, 199
149, 200
149, 202
148, 203
148, 205
147, 206
147, 208
146, 209
146, 211
145, 212
145, 214
144, 215
144, 216
143, 217
143, 218
142, 219
142, 220
141, 221
141, 222
140, 223
138, 223
136, 225
136, 226
131, 231
131, 232
127, 236
127, 237
125, 239
125, 240
123, 242
123, 243
110, 256
109, 256
108, 257
107, 257
105, 255
105, 251
104, 250
104, 240
105, 239
105, 231
106, 230
106, 225
107, 224
107, 220
108, 219
108, 215
109, 214
109, 211
110, 210
110, 207
111, 206
111, 202
112, 201
112, 199
113, 198
113, 195
114, 194
114, 191
115, 190
115, 188
116, 187
116, 185
117, 184
117, 182
118, 181
118, 179
119, 178
119, 177
120, 176
120, 174
121, 173
121, 170
122, 169
121, 168
121, 167
119, 167
117, 169
117, 170
116, 171
116, 172
115, 173
115, 174
113, 176
113, 177
112, 178
112, 179
110, 181
110, 182
109, 183
109, 184
108, 185
108, 186
106, 188
106, 189
105, 190
105, 191
104, 192
104, 193
103, 194
103, 195
102, 196
102, 197
100, 199
100, 200
99, 201
99, 202
97, 204
97, 205
95, 207
95, 208
93, 210
93, 211
90, 214
90, 215
88, 217
88, 218
86, 220
86, 221
85, 222
85, 224
86, 225
88, 225
89, 224
89, 223
90, 222
90, 221
93, 218
93, 217
95, 215
95, 214
97, 212
97, 211
99, 209
99, 208
101, 206
101, 205
103, 203
103, 202
104, 201
104, 200
106, 198
106, 197
107, 196
107, 195
108, 194
109, 195
109, 198
108, 199
108, 202
107, 203
107, 206
106, 207
106, 210
105, 211
105, 215
104, 216
104, 219
103, 220
103, 224
102, 225
102, 231
101, 232
101, 242
100, 243
100, 246
101, 247
101, 255
102, 256
102, 258
105, 261
109, 261
110, 260
111, 260
113, 258
114, 258
121, 251
121, 250
127, 244
127, 243
129, 241
129, 240
132, 237
133, 238
136, 238
138, 236
138, 235
140, 233
140, 232
141, 231
141, 230
142, 229
142, 228
143, 227
143, 226
144, 225
144, 224
145, 223
145, 222
146, 221
146, 220
147, 219
147, 218
148, 217
148, 215
150, 213
151, 214
151, 217
150, 218
150, 237
151, 238
151, 243
152, 244
152, 246
153, 247
153, 249
155, 251
155, 252
156, 253
157, 253
158, 254
162, 254
163, 253
165, 253
168, 250
169, 250
172, 247
172, 246
174, 244
174, 243
175, 242
175, 241
176, 240
176, 239
177, 238
177, 236
178, 235
178, 234
179, 233
179, 231
180, 230
180, 229
181, 228
181, 226
182, 225
182, 224
183, 223
183, 221
184, 220
184, 219
185, 218
185, 216
186, 215
186, 214
187, 213
187, 211
188, 210
188, 209
189, 208
189, 206
190, 205
190, 204
191, 203
192, 204
192, 206
191, 207
191, 212
190, 213
190, 218
189, 219
189, 224
188, 225
188, 231
187, 232
187, 240
186, 241
186, 249
187, 250
187, 253
188, 254
188, 255
189, 256
189, 257
190, 258
192, 258
193, 259
195, 259
196, 258
197, 258
199, 256
200, 256
203, 253
203, 252
206, 249
206, 248
207, 247
207, 246
209, 244
209, 243
210, 242
210, 241
211, 240
211, 239
213, 237
213, 236
214, 235
214, 234
215, 233
215, 232
216, 231
216, 230
217, 229
217, 228
218, 227
218, 226
219, 225
219, 224
220, 223
220, 222
222, 220
222, 219
223, 218
223, 217
224, 216
224, 215
225, 214
225, 213
226, 212
226, 211
228, 215
227, 216
227, 223
226, 224
226, 232
225, 233
225, 245
226, 246
226, 250
227, 251
227, 253
231, 257
237, 257
238, 256
239, 256
240, 255
241, 255
243, 253
244, 253
246, 251
247, 251
255, 243
255, 242
258, 239
258, 238
261, 235
261, 234
264, 231
264, 230
266, 228
266, 227
268, 229
267, 230
267, 232
266, 233
266, 235
265, 236
265, 238
264, 239
264, 241
263, 242
263, 244
262, 245
262, 248
261, 249
261, 251
260, 252
260, 254
259, 255
259, 258
258, 259
258, 261
257, 262
257, 264
256, 265
256, 268
255, 269
255, 271
254, 272
254, 275
253, 276
253, 278
252, 279
252, 282
251, 283
251, 287
250, 288
250, 291
249, 292
249, 298
248, 299
248, 303
247, 304
247, 308
246, 309
246, 313
245, 314
245, 317
244, 318
244, 321
243, 322
243, 324
242, 325
242, 327
241, 328
241, 330
240, 331
240, 332
239, 333
239, 334
238, 335
238, 336
237, 337
237, 339
236, 340
236, 341
235, 342
235, 344
234, 345
234, 348
233, 349
233, 354
234, 354
235, 355
236, 354
237, 354
237, 353
238, 352
238, 351
239, 350
239, 349
240, 348
240, 345
241, 344
241, 342
242, 341
242, 339
243, 338
243, 336
244, 335
244, 333
245, 332
245, 330
246, 329
246, 327
247, 326
247, 324
248, 323
248, 321
249, 320
249, 317
250, 316
250, 313
251, 312
251, 309
252, 308
252, 305
253, 304
253, 302
254, 301
254, 299
255, 298
255, 297
256, 296
256, 294
257, 293
257, 291
258, 290
258, 288
259, 287
259, 285
260, 284
260, 282
261, 281
261, 278
262, 277
262, 274
263, 273
263, 270
264, 269
264, 268
267, 265
268, 265
269, 264
270, 264
271, 263
272, 263
280, 255
280, 254
284, 250
284, 249
287, 246
287, 245
288, 244
288, 243
289, 242
289, 241
291, 239
291, 238
292, 237
292, 236
294, 234
294, 233
297, 230
297, 229
298, 228
298, 227
299, 226
299, 225
301, 223
301, 222
302, 221
302, 220
303, 219
303, 218
304, 217
305, 218
305, 222
304, 223
304, 227
303, 228
303, 233
302, 234
302, 239
301, 240
301, 245
300, 246
300, 251
299, 252
299, 257
298, 258
298, 269
297, 270
297, 290
298, 291
298, 292
299, 293
301, 293
302, 292
302, 291
303, 290
303, 288
304, 287
304, 286
305, 285
305, 284
306, 283
306, 281
307, 280
307, 279
308, 278
308, 276
309, 275
309, 274
310, 273
310, 271
311, 270
311, 269
312, 268
312, 266
313, 265
313, 262
314, 261
314, 258
315, 257
315, 253
316, 252
316, 250
317, 249
318, 249
324, 243
324, 242
325, 241
325, 240
327, 238
327, 237
328, 236
328, 235
329, 234
329, 233
330, 232
330, 230
331, 229
332, 229
333, 230
332, 231
332, 288
333, 289
333, 298
334, 299
334, 304
335, 305
335, 308
336, 309
336, 311
337, 312
337, 318
338, 319
339, 319
340, 318
340, 315
341, 314
341, 313
340, 312
340, 309
339, 308
339, 306
338, 305
338, 300
337, 299
337, 291
336, 290
336, 274
335, 273
335, 247
336, 246
336, 229
337, 228
337, 218
338, 217
338, 210
339, 209
339, 205
340, 204
340, 200
341, 199
341, 195
342, 194
342, 191
343, 190
343, 185
344, 184
344, 177
343, 176
341, 176
341, 177
340, 178
340, 182
339, 183
339, 187
338, 188
338, 192
337, 193
337, 198
336, 199
336, 203
335, 204
335, 207
334, 208
334, 210
333, 211
333, 213
332, 214
332, 216
331, 217
331, 219
330, 220
330, 222
329, 223
329, 224
328, 225
328, 227
327, 228
327, 229
326, 230
326, 231
325, 232
325, 233
324, 234
324, 235
323, 236
323, 237
321, 239
321, 240
319, 242
318, 241
318, 238
319, 237
319, 234
320, 233
320, 231
321, 230
321, 224
322, 223
322, 222
320, 220
317, 220
316, 221
315, 221
313, 223
313, 224
312, 225
312, 226
311, 227
311, 228
310, 229
310, 232
309, 233
309, 237
308, 238
308, 248
309, 249
309, 250
311, 252
311, 257
310, 258
310, 261
309, 262
309, 265
308, 266
308, 267
307, 268
307, 270
306, 271
306, 272
305, 273
305, 275
304, 276
304, 277
303, 278
303, 279
302, 280
301, 279
301, 267
302, 266
302, 257
303, 256
303, 251
304, 250
304, 245
305, 244
305, 239
306, 238
306, 233
307, 232
307, 228
308, 227
308, 223
309, 222
309, 217
310, 216
310, 212
311, 211
311, 207
312, 206
312, 203
313, 202
313, 198
314, 197
314, 194
315, 193
315, 189
316, 188
316, 185
317, 184
317, 182
318, 181
318, 178
319, 177
319, 175
320, 174
320, 172
319, 171
317, 171
316, 172
316, 173
315, 174
315, 176
314, 177
314, 179
313, 180
313, 183
312, 184
312, 187
311, 188
311, 191
310, 192
310, 194
309, 195
309, 197
308, 198
308, 199
307, 200
307, 202
306, 203
306, 204
305, 205
305, 207
304, 208
304, 209
303, 210
303, 211
302, 212
302, 213
300, 215
300, 216
299, 217
299, 218
298, 219
298, 220
297, 221
297, 222
295, 224
295, 225
294, 226
294, 227
292, 229
292, 230
290, 232
290, 233
288, 235
288, 236
287, 237
287, 238
286, 239
286, 240
284, 242
284, 243
282, 245
282, 246
278, 250
278, 251
269, 260
268, 260
267, 261
266, 261
265, 262
263, 262
262, 261
262, 259
263, 258
263, 255
264, 254
264, 252
265, 251
265, 249
266, 248
266, 245
267, 244
267, 242
268, 241
268, 239
269, 238
269, 236
270, 235
270, 233
271, 232
271, 231
272, 230
272, 228
273, 227
273, 225
274, 224
274, 222
275, 221
275, 218
276, 217
276, 215
277, 214
277, 212
278, 211
278, 208
279, 207
279, 205
280, 204
280, 203
281, 202
281, 201
282, 200
282, 198
283, 197
283, 196
285, 194
285, 193
286, 192
286, 190
287, 189
287, 188
288, 187
288, 186
289, 185
289, 184
290, 183
290, 181
291, 180
291, 178
292, 177
292, 175
293, 174
293, 172
294, 171
294, 169
295, 168
295, 166
296, 165
296, 163
297, 162
297, 160
298, 159
298, 157
299, 156
299, 152
300, 151
300, 148
301, 147
301, 144
302, 143
302, 140
303, 139
303, 136
304, 135
304, 134
305, 133
305, 131
306, 130
306, 128
307, 127
307, 126
308, 125
308, 123
309, 122
309, 120
310, 119
310, 117
311, 116
311, 113
312, 112
312, 109
313, 108
313, 104
312, 103
312, 238
314, 241
315, 228
316, 227
317, 228
317, 230
316, 231
316, 233
315, 234
315, 237
313, 233
314, 232
314, 230
315, 229
73, 48
72, 49
72, 50
71, 51
71, 52
70, 53
70, 56
69, 57
69, 60
68, 61
68, 64
67, 65
67, 69
66, 70
66, 73
65, 74
65, 78
64, 79
64, 83
63, 84
63, 87
62, 88
62, 92
61, 93
61, 97
60, 98
60, 102
59, 103
59, 106
58, 107
58, 112
57, 113
57, 116
56, 117
56, 121
55, 122
55, 126
54, 127
54, 130
53, 131
53, 135
52, 136
52, 140
51, 141
51, 145
50, 146
50, 150
49, 151
49, 156
48, 157
48, 161
47, 162
47, 166
46, 167
46, 171
45, 172
45, 176
44, 177
44, 180
43, 181
43, 185
42, 186
42, 190
41, 191
41, 194
40, 195
40, 198
39, 199
39, 202
38, 203
38, 206
37, 207
37, 210
36, 211
36, 213
35, 214
35, 216
34, 217
34, 220
33, 221
33, 222
32, 223
32, 225
31, 226
31, 228
30, 229
30, 232
29, 233
29, 235
28, 236
28, 238
27, 239
27, 242
26, 243
26, 245
25, 246
25, 249
24, 250
24, 253
25, 254
27, 254
29, 252
29, 251
30, 250
30, 248
31, 247
31, 244
32, 243
32, 240
33, 239
33, 236
34, 235
34, 233
35, 232
35, 230
36, 229
36, 228
37, 227
37, 225
38, 224
38, 222
39, 221
39, 220
40, 219
40, 217
41, 216
41, 214
42, 213
42, 208
41, 207
41, 205
42, 204
42, 201
43, 200
43, 197
44, 196
44, 193
45, 192
45, 188
46, 187
46, 184
47, 183
47, 179
48, 178
48, 174
49, 173
49, 169
50, 168
50, 164
51, 163
51, 159
52, 158
52, 154
53, 153
53, 149
54, 148
54, 144
55, 143
55, 138
56, 137
56, 134
57, 133
57, 129
58, 128
58, 124
59, 123
59, 120
60, 119
60, 115
61, 114
61, 110
62, 109
62, 105
63, 104
63, 100
64, 99
64, 95
65, 94
65, 90
66, 89
66, 86
67, 85
67, 81
68, 80
68, 76
69, 75
69, 72
70, 71
70, 67
71, 66
71, 63
72, 62
72, 59
73, 58
73, 55
74, 54
74, 53
76, 51
76, 50
75, 49
75, 48
147, 15
146, 16
145, 16
144, 17
143, 17
142, 18
140, 18
139, 19
134, 19
133, 20
125, 20
124, 21
116, 21
115, 22
109, 22
108, 23
105, 23
104, 24
100, 24
99, 25
96, 25
95, 26
93, 26
92, 27
90, 27
89, 28
87, 28
86, 29
84, 29
83, 30
81, 30
80, 31
79, 31
78, 32
77, 32
76, 33
74, 33
73, 34
72, 34
71, 35
69, 35
68, 36
67, 36
66, 37
65, 37
64, 38
62, 38
61, 39
60, 39
59, 40
58, 40
57, 41
55, 41
54, 42
53, 42
52, 43
51, 43
50, 44
48, 44
47, 45
46, 45
45, 46
44, 46
43, 47
42, 47
41, 48
39, 48
38, 49
37, 49
36, 50
35, 50
34, 51
33, 51
32, 52
31, 52
30, 53
29, 53
28, 54
27, 54
26, 55
25, 55
24, 56
23, 56
22, 57
20, 57
19, 58
17, 58
16, 59
15, 59
15, 61
16, 62
19, 62
20, 61
22, 61
23, 60
24, 60
25, 59
26, 59
27, 58
28, 58
29, 57
30, 57
31, 56
32, 56
33, 55
35, 55
36, 54
37, 54
39, 52
41, 52
42, 51
43, 51
44, 50
45, 50
46, 49
47, 49
48, 48
49, 48
50, 47
52, 47
53, 46
54, 46
55, 45
56, 45
57, 44
59, 44
60, 43
61, 43
62, 42
64, 42
65, 41
66, 41
67, 40
68, 40
69, 39
70, 39
71, 38
73, 38
74, 37
75, 37
76, 36
78, 36
79, 35
80, 35
81, 34
83, 34
84, 33
85, 33
86, 32
88, 32
89, 31
91, 31
92, 30
94, 30
95, 29
98, 29
99, 28
102, 28
103, 27
107, 27
108, 26
112, 26
113, 25
119, 25
120, 24
130, 24
131, 23
137, 23
138, 22
141, 22
142, 21
143, 21
145, 23
147, 23
148, 22
148, 20
149, 19
149, 17
