326, 2
328, 367
4, 369
2, 4
15, 256
13, 258
13, 260
14, 261
17, 261
18, 262
19, 262
20, 263
21, 263
23, 265
24, 265
27, 268
28, 268
30, 270
31, 270
33, 272
34, 272
36, 274
37, 274
39, 276
40, 276
42, 278
43, 278
45, 280
46, 280
47, 281
48, 281
50, 283
51, 283
52, 284
53, 284
55, 286
56, 286
57, 287
58, 287
59, 288
60, 288
61, 289
62, 289
64, 291
65, 291
66, 292
67, 292
68, 293
69, 293
70, 294
71, 294
72, 295
73, 295
75, 297
76, 297
77, 298
78, 298
79, 299
80, 299
81, 300
82, 300
83, 301
84, 301
85, 302
86, 302
87, 303
88, 303
89, 304
90, 304
91, 305
92, 305
93, 306
94, 306
95, 307
96, 307
97, 308
98, 308
99, 309
100, 309
101, 310
102, 310
103, 311
104, 311
105, 312
106, 312
107, 313
108, 313
109, 314
110, 314
111, 315
112, 315
113, 316
115, 316
116, 317
117, 317
118, 318
119, 318
120, 319
121, 319
122, 320
123, 320
124, 321
125, 321
126, 322
127, 322
128, 323
130, 323
131, 324
132, 324
133, 325
134, 325
135, 326
136, 326
137, 327
139, 327
140, 328
141, 328
142, 329
143, 329
144, 330
145, 330
146, 331
148, 331
149, 332
150, 332
151, 333
153, 333
154, 334
155, 334
156, 335
157, 335
158, 336
160, 336
161, 337
162, 337
163, 338
164, 338
165, 339
166, 339
167, 340
169, 340
170, 341
171, 341
172, 342
174, 342
175, 343
176, 343
177, 344
179, 344
180, 345
182, 345
183, 346
184, 346
185, 347
187, 347
188, 348
190, 348
191, 349
193, 349
194, 350
196, 350
197, 351
198, 351
199, 352
200, 352
201, 353
203, 353
204, 354
205, 354
206, 355
209, 355
210, 354
210, 351
209, 351
208, 350
207, 350
206, 349
205, 349
204, 348
202, 348
201, 347
200, 347
199, 346
197, 346
196, 345
195, 345
194, 344
192, 344
191, 343
189, 343
188, 342
186, 342
185, 341
183, 341
182, 340
181, 340
180, 339
178, 339
177, 338
175, 338
174, 337
173, 337
172, 336
171, 336
170, 335
168, 335
167, 334
166, 334
165, 333
164, 333
163, 332
162, 332
161, 331
159, 331
158, 330
157, 330
156, 329
155, 329
154, 328
152, 328
151, 327
150, 327
149, 326
147, 326
146, 325
145, 325
144, 324
143, 324
142, 323
141, 323
140, 322
138, 322
137, 321
136, 321
135, 320
134, 320
133, 319
132, 319
131, 318
129, 318
128, 317
127, 317
126, 316
125, 316
124, 315
123, 315
122, 314
121, 314
120, 313
119, 313
118, 312
117, 312
116, 311
115, 311
114, 310
112, 310
111, 309
110, 309
109, 308
108, 308
107, 307
106, 307
105, 306
104, 306
103, 305
102, 305
101, 304
100, 304
99, 303
98, 303
97, 302
96, 302
95, 301
94, 301
93, 300
92, 300
91, 299
90, 299
89, 298
88, 298
87, 297
86, 297
85, 296
84, 296
83, 295
82, 295
81, 294
80, 294
78, 292
77, 292
76, 291
75, 291
74, 290
73, 290
72, 289
71, 289
70, 288
69, 288
68, 287
67, 287
65, 285
64, 285
63, 284
62, 284
61, 283
60, 283
59, 282
58, 282
56, 280
55, 280
54, 279
53, 279
51, 277
50, 277
49, 276
48, 276
46, 274
45, 274
43, 272
42, 272
40, 270
39, 270
37, 268
36, 268
34, 266
33, 266
30, 263
29, 263
26, 260
25, 260
24, 259
23, 259
21, 257
20, 257
19, 256
44, 124
43, 125
43, 127
44, 128
44, 129
45, 130
45, 132
46, 133
48, 133
51, 136
51, 137
57, 143
57, 144
60, 147
60, 148
63, 151
63, 152
66, 155
66, 156
69, 159
69, 160
71, 162
71, 163
73, 165
73, 166
75, 168
75, 169
77, 171
77, 172
79, 174
79, 175
81, 177
81, 178
82, 179
82, 180
84, 182
84, 183
85, 184
85, 185
87, 187
87, 188
88, 189
88, 190
90, 192
90, 193
91, 194
91, 195
93, 197
93, 198
94, 199
94, 200
96, 202
96, 203
97, 204
97, 205
98, 206
98, 207
99, 208
99, 209
101, 211
101, 212
102, 213
102, 214
103, 215
103, 216
104, 217
104, 218
106, 220
106, 221
107, 222
107, 223
108, 224
108, 225
109, 226
109, 227
110, 228
110, 229
111, 230
111, 231
113, 233
113, 234
114, 235
114, 236
115, 237
115, 238
117, 240
117, 241
118, 242
118, 243
119, 244
119, 245
120, 246
120, 247
121, 248
121, 249
123, 251
123, 252
124, 253
124, 254
125, 255
125, 256
126, 257
126, 258
127, 259
127, 260
128, 261
128, 262
130, 264
130, 265
131, 266
131, 267
132, 268
132, 269
133, 270
133, 271
134, 272
134, 273
135, 274
135, 275
136, 276
136, 277
137, 278
137, 279
139, 281
139, 282
140, 283
140, 284
141, 285
141, 286
142, 287
142, 288
144, 290
144, 291
145, 292
145, 293
146, 294
146, 295
147, 296
147, 297
148, 298
148, 299
149, 300
149, 301
151, 303
153, 303
154, 302
154, 299
153, 298
153, 296
152, 295
152, 291
151, 291
150, 290
149, 290
148, 289
148, 288
147, 287
147, 286
146, 285
146, 284
145, 283
145, 282
143, 280
143, 279
142, 278
142, 277
141, 276
141, 275
140, 274
140, 273
139, 272
139, 271
138, 270
138, 269
136, 267
136, 266
135, 265
135, 264
134, 263
134, 262
133, 261
133, 260
132, 259
132, 258
131, 257
131, 256
130, 255
130, 254
129, 253
129, 252
127, 250
127, 249
126, 248
126, 247
125, 246
125, 245
123, 243
123, 242
122, 241
122, 240
121, 239
121, 238
120, 237
120, 236
119, 235
119, 234
117, 232
117, 231
116, 230
116, 229
115, 228
115, 227
114, 226
114, 225
112, 223
112, 222
111, 221
111, 220
110, 219
110, 218
109, 217
109, 216
108, 215
108, 214
106, 212
106, 211
105, 210
105, 209
104, 208
104, 207
103, 206
103, 205
101, 203
101, 202
100, 201
100, 200
99, 199
99, 198
97, 196
97, 195
96, 194
96, 193
94, 191
94, 190
93, 189
93, 188
92, 187
92, 186
90, 184
90, 183
89, 182
89, 181
87, 179
87, 178
86, 177
86, 176
84, 174
84, 173
82, 171
82, 170
80, 168
80, 167
79, 166
79, 165
77, 163
77, 162
74, 159
74, 158
72, 156
72, 155
69, 152
69, 151
66, 148
66, 147
63, 144
63, 143
59, 139
59, 138
53, 132
53, 131
49, 127
49, 126
47, 124
160, 15
158, 17
158, 21
159, 22
159, 24
160, 25
160, 26
161, 27
161, 28
164, 31
165, 31
169, 35
170, 35
173, 38
174, 38
176, 40
177, 40
179, 42
180, 42
183, 45
184, 45
186, 47
187, 47
190, 50
191, 50
194, 53
195, 53
199, 57
200, 57
207, 64
208, 64
217, 73
217, 74
219, 76
219, 77
221, 79
221, 80
223, 82
223, 83
224, 84
224, 85
226, 87
226, 88
228, 90
228, 91
229, 92
229, 93
231, 95
231, 96
234, 99
234, 100
236, 102
236, 103
238, 105
238, 106
240, 108
240, 109
242, 111
242, 112
244, 114
244, 115
246, 117
246, 118
247, 119
247, 120
249, 122
249, 123
251, 125
251, 126
252, 127
252, 128
254, 130
254, 131
255, 132
255, 133
256, 134
256, 135
257, 136
257, 137
258, 138
258, 139
259, 140
259, 141
260, 142
260, 143
261, 144
260, 145
259, 145
257, 143
257, 142
256, 141
256, 140
253, 137
252, 137
250, 135
249, 135
248, 134
246, 134
244, 132
243, 132
242, 131
241, 131
239, 129
237, 129
236, 128
234, 128
233, 127
232, 127
231, 126
230, 126
229, 125
228, 125
227, 124
225, 124
224, 123
222, 123
221, 122
215, 122
214, 123
213, 123
212, 124
212, 125
211, 126
211, 127
210, 128
210, 131
211, 132
211, 134
212, 135
211, 136
210, 136
208, 134
207, 134
206, 133
205, 133
203, 131
202, 131
201, 130
200, 130
199, 129
198, 129
197, 128
196, 128
195, 127
194, 127
193, 126
191, 126
190, 125
183, 125
182, 126
181, 126
181, 127
179, 129
179, 135
180, 136
178, 139
175, 136
174, 136
173, 135
172, 135
170, 133
169, 133
168, 132
167, 132
166, 131
165, 131
164, 130
162, 130
161, 129
153, 129
152, 130
151, 130
150, 131
150, 132
149, 133
149, 136
148, 137
148, 140
149, 141
149, 144
148, 145
147, 145
142, 140
141, 140
136, 135
135, 135
133, 133
132, 133
131, 132
130, 132
129, 131
127, 131
126, 130
125, 130
124, 129
122, 129
121, 128
119, 128
118, 127
114, 127
113, 128
112, 128
110, 130
110, 133
111, 134
111, 135
112, 136
112, 137
116, 141
116, 142
120, 146
120, 147
131, 158
131, 159
134, 162
134, 163
137, 166
137, 167
139, 169
139, 170
140, 171
140, 172
141, 173
141, 174
142, 175
142, 177
143, 178
143, 179
144, 180
144, 182
143, 183
142, 183
139, 180
138, 180
136, 178
135, 178
131, 174
130, 174
129, 173
129, 167
128, 167
127, 166
126, 167
124, 167
123, 168
123, 172
124, 173
124, 174
130, 180
131, 180
133, 182
134, 182
137, 185
138, 185
140, 187
141, 187
142, 188
143, 188
144, 189
145, 189
146, 188
147, 188
148, 187
148, 186
149, 185
149, 181
148, 180
148, 178
147, 177
147, 176
146, 175
146, 173
145, 172
145, 171
144, 170
144, 169
143, 168
143, 167
142, 166
142, 165
139, 162
139, 161
136, 158
136, 157
129, 150
129, 149
122, 142
122, 141
118, 137
118, 136
116, 134
116, 133
117, 132
119, 132
120, 133
122, 133
123, 134
124, 134
125, 135
127, 135
128, 136
129, 136
131, 138
132, 138
135, 141
136, 141
142, 147
143, 147
147, 151
148, 151
155, 158
155, 159
157, 161
160, 161
161, 160
161, 156
160, 155
160, 154
159, 153
159, 152
157, 150
157, 149
156, 148
156, 147
155, 146
155, 145
154, 144
154, 143
153, 142
153, 135
155, 133
159, 133
160, 134
161, 134
162, 135
164, 135
165, 136
166, 136
168, 138
169, 138
170, 139
171, 139
173, 141
174, 141
179, 146
180, 146
188, 154
188, 155
190, 157
190, 158
191, 159
191, 160
192, 161
192, 162
194, 164
194, 165
196, 167
196, 168
198, 170
198, 171
199, 172
202, 172
203, 171
203, 168
202, 167
202, 166
201, 165
201, 164
199, 162
199, 161
197, 159
197, 158
195, 156
195, 155
193, 153
193, 152
190, 149
190, 148
189, 147
189, 146
188, 145
188, 144
187, 143
187, 142
186, 141
186, 139
185, 138
185, 137
184, 136
184, 134
183, 133
183, 132
186, 129
187, 129
188, 130
191, 130
192, 131
193, 131
194, 132
195, 132
196, 133
197, 133
199, 135
200, 135
201, 136
202, 136
203, 137
204, 137
206, 139
207, 139
210, 142
211, 142
219, 150
219, 151
222, 154
222, 155
224, 157
224, 158
225, 159
225, 160
227, 162
227, 163
229, 165
229, 166
232, 169
232, 170
234, 172
235, 172
236, 173
237, 173
239, 171
239, 170
238, 169
238, 168
237, 167
237, 166
236, 165
236, 163
234, 161
234, 160
227, 153
227, 152
225, 150
225, 149
223, 147
223, 146
222, 145
222, 144
221, 143
221, 142
219, 140
219, 139
218, 138
218, 137
217, 136
217, 135
216, 134
216, 133
215, 132
215, 128
216, 127
222, 127
223, 128
225, 128
226, 129
227, 129
228, 130
229, 130
230, 131
231, 131
232, 132
234, 132
235, 133
236, 133
237, 134
238, 134
239, 135
240, 135
243, 138
245, 138
246, 139
247, 139
249, 141
250, 141
252, 143
252, 144
269, 161
269, 162
270, 163
270, 164
271, 165
271, 166
273, 168
273, 169
274, 170
274, 171
275, 172
275, 173
276, 174
276, 175
277, 176
277, 177
279, 179
279, 180
280, 181
280, 182
281, 183
281, 184
282, 185
282, 186
284, 188
284, 189
285, 190
285, 191
286, 192
286, 193
288, 195
288, 196
290, 198
290, 199
296, 205
299, 205
300, 204
300, 201
299, 200
299, 199
298, 198
298, 197
297, 196
297, 195
296, 194
296, 193
295, 192
295, 191
294, 190
294, 189
293, 188
293, 186
292, 185
292, 184
291, 183
291, 181
289, 179
289, 178
287, 176
287, 175
284, 172
284, 171
280, 167
280, 166
273, 159
273, 158
271, 156
271, 155
270, 154
270, 152
269, 151
269, 150
268, 149
268, 148
267, 147
267, 146
266, 145
266, 144
265, 143
265, 142
264, 141
264, 139
263, 138
263, 137
261, 135
261, 134
260, 133
260, 132
259, 131
259, 130
258, 129
258, 128
257, 127
257, 126
255, 124
255, 123
253, 121
253, 120
252, 119
252, 118
250, 116
250, 115
248, 113
248, 112
246, 110
246, 109
244, 107
244, 106
242, 104
242, 103
240, 101
240, 100
238, 98
238, 97
236, 95
236, 94
234, 92
237, 92
238, 92
247, 101
248, 101
262, 115
262, 116
264, 118
264, 119
274, 129
275, 129
283, 137
283, 138
285, 140
285, 141
287, 143
287, 144
293, 150
293, 151
294, 152
294, 153
295, 154
295, 155
296, 155
297, 156
298, 156
299, 155
299, 151
298, 150
298, 149
297, 148
297, 147
296, 146
296, 145
295, 144
295, 142
294, 141
294, 140
293, 139
293, 137
292, 136
292, 134
291, 133
291, 132
290, 131
290, 130
289, 129
289, 128
288, 127
288, 126
287, 125
287, 124
286, 123
286, 122
285, 121
285, 120
284, 119
284, 118
283, 117
283, 116
281, 114
281, 113
279, 111
286, 115
287, 115
292, 120
293, 120
305, 132
305, 134
306, 134
307, 135
308, 135
312, 139
314, 139
314, 137
313, 136
313, 135
311, 133
311, 132
310, 131
310, 130
309, 129
309, 128
308, 127
308, 126
307, 125
307, 124
306, 123
306, 120
305, 119
305, 115
304, 114
304, 112
303, 111
301, 111
301, 112
302, 113
302, 115
303, 116
303, 119
304, 120
304, 122
303, 123
299, 119
298, 119
292, 113
291, 113
282, 104
281, 104
279, 102
278, 102
276, 100
275, 100
274, 99
273, 99
272, 98
271, 98
268, 95
267, 95
264, 92
263, 92
262, 91
260, 91
259, 92
259, 95
264, 100
265, 100
267, 102
267, 103
272, 108
272, 109
275, 112
275, 113
277, 115
277, 116
278, 117
278, 118
280, 120
280, 121
281, 122
281, 123
282, 124
282, 125
283, 126
283, 127
284, 128
282, 129
281, 129
267, 115
267, 114
260, 107
260, 106
257, 103
256, 103
245, 92
244, 92
233, 81
232, 81
219, 68
219, 67
217, 65
217, 64
216, 63
216, 62
213, 59
213, 58
211, 56
211, 55
209, 53
209, 52
207, 50
207, 49
203, 45
203, 44
199, 40
199, 39
188, 28
187, 28
183, 24
182, 24
178, 20
177, 20
176, 19
175, 19
174, 18
173, 18
172, 17
171, 17
170, 16
168, 16
167, 15
163, 21
164, 20
168, 20
169, 21
170, 21
171, 22
172, 22
173, 23
174, 23
177, 26
178, 26
181, 29
182, 29
198, 45
198, 46
201, 49
199, 51
196, 48
195, 48
192, 45
191, 45
188, 42
187, 42
185, 40
184, 40
182, 38
181, 38
179, 36
178, 36
174, 32
173, 32
171, 30
170, 30
164, 24
164, 23
163, 22
