4, 2
474, 4
472, 369
2, 367
409, 111
408, 112
407, 112
406, 113
406, 114
400, 120
400, 121
397, 124
397, 125
393, 129
393, 130
389, 134
389, 135
387, 137
387, 138
384, 141
384, 142
381, 145
381, 146
378, 149
378, 150
375, 153
375, 154
372, 157
372, 158
368, 162
368, 163
350, 181
349, 181
339, 191
338, 191
334, 195
333, 195
330, 198
329, 198
326, 201
325, 201
322, 204
321, 204
318, 207
317, 207
313, 211
312, 211
309, 214
308, 214
306, 216
305, 216
303, 218
302, 218
300, 220
299, 220
296, 223
295, 223
293, 225
292, 225
290, 227
289, 227
288, 228
287, 228
285, 230
284, 230
282, 232
281, 232
280, 233
279, 233
277, 235
276, 235
275, 236
274, 236
273, 237
272, 237
271, 238
270, 238
269, 239
268, 239
266, 241
265, 241
264, 242
263, 242
262, 243
260, 243
259, 244
255, 244
253, 242
253, 241
252, 240
252, 236
253, 235
253, 231
254, 230
254, 227
255, 226
255, 225
260, 220
261, 220
276, 205
276, 204
280, 200
280, 199
283, 196
283, 195
286, 192
286, 191
287, 190
287, 189
288, 188
288, 186
286, 184
280, 184
279, 185
277, 185
274, 188
273, 188
269, 192
269, 193
265, 197
265, 198
263, 200
263, 201
261, 203
261, 204
260, 205
260, 206
259, 207
259, 208
258, 209
258, 210
257, 211
257, 212
255, 214
255, 216
254, 217
254, 218
253, 219
253, 221
244, 230
243, 230
239, 234
238, 234
236, 236
235, 236
233, 238
232, 238
231, 239
230, 239
229, 240
227, 240
226, 241
225, 241
223, 239
223, 231
224, 230
224, 227
225, 226
225, 225
231, 219
232, 219
242, 209
243, 209
251, 201
251, 200
255, 196
255, 195
257, 193
257, 192
258, 191
258, 190
259, 189
258, 188
258, 186
257, 185
256, 185
255, 184
250, 184
249, 185
248, 185
247, 186
246, 186
243, 189
242, 189
242, 190
235, 197
235, 198
232, 201
232, 202
230, 204
230, 205
229, 206
229, 207
228, 208
228, 209
227, 210
227, 211
226, 212
226, 213
225, 214
225, 215
224, 216
224, 218
223, 219
223, 220
222, 221
222, 222
219, 225
218, 225
214, 229
213, 229
210, 232
209, 232
206, 235
205, 235
202, 238
201, 238
199, 240
198, 240
196, 242
195, 242
193, 244
192, 244
190, 246
189, 246
187, 248
186, 248
184, 250
183, 250
182, 251
181, 251
179, 253
178, 253
177, 254
176, 254
174, 256
173, 256
172, 257
170, 257
169, 258
168, 258
167, 259
163, 259
161, 257
161, 250
162, 249
162, 247
163, 246
163, 245
164, 244
164, 243
165, 242
165, 241
166, 240
166, 239
173, 232
173, 231
177, 227
177, 226
182, 221
182, 220
187, 215
187, 214
191, 210
191, 209
194, 206
194, 205
196, 203
196, 202
199, 199
199, 198
201, 196
201, 192
197, 192
196, 193
195, 193
193, 195
192, 195
186, 201
186, 202
182, 206
182, 207
179, 210
179, 211
176, 214
176, 215
174, 217
174, 218
172, 220
172, 221
171, 222
171, 223
169, 225
169, 226
168, 227
168, 228
166, 230
166, 231
165, 232
165, 233
164, 234
164, 235
162, 237
162, 238
143, 257
142, 257
138, 261
137, 261
134, 264
133, 264
131, 266
130, 266
129, 267
128, 267
127, 268
126, 268
125, 269
121, 269
119, 267
119, 266
118, 265
118, 257
119, 256
119, 253
120, 252
120, 250
121, 249
121, 247
122, 246
122, 244
123, 243
123, 241
124, 240
124, 239
125, 238
125, 236
126, 235
126, 234
127, 233
127, 231
128, 230
128, 229
129, 228
129, 227
130, 226
130, 224
131, 223
131, 222
132, 221
132, 220
133, 219
133, 218
134, 217
134, 215
135, 214
135, 213
136, 212
136, 211
137, 210
137, 209
138, 208
138, 207
139, 206
139, 204
140, 203
140, 202
141, 201
141, 199
142, 198
142, 197
143, 196
143, 193
144, 192
144, 188
143, 187
142, 187
141, 188
140, 188
138, 190
138, 191
132, 197
132, 198
129, 201
129, 202
126, 205
126, 206
122, 210
122, 211
119, 214
119, 215
117, 217
117, 218
114, 221
114, 222
112, 224
112, 225
110, 227
110, 228
107, 231
107, 232
106, 233
106, 234
104, 236
104, 237
102, 239
102, 240
100, 242
100, 245
101, 246
102, 246
104, 244
104, 243
106, 241
106, 240
107, 239
107, 238
109, 236
109, 235
111, 233
111, 232
114, 229
114, 228
116, 226
116, 225
118, 223
118, 222
121, 219
121, 218
124, 215
124, 214
127, 211
127, 210
131, 206
131, 205
134, 202
134, 201
136, 199
137, 200
137, 201
136, 202
136, 203
135, 204
135, 205
134, 206
134, 207
133, 208
133, 209
132, 210
132, 212
131, 213
131, 214
130, 215
130, 216
129, 217
129, 219
128, 220
128, 221
127, 222
127, 223
126, 224
126, 225
125, 226
125, 228
124, 229
124, 230
123, 231
123, 232
122, 233
122, 235
121, 236
121, 238
120, 239
120, 240
119, 241
119, 243
118, 244
118, 246
117, 247
117, 249
116, 250
116, 253
115, 254
115, 257
114, 258
114, 264
115, 265
115, 268
116, 269
116, 270
118, 272
119, 272
120, 273
125, 273
126, 272
127, 272
128, 271
130, 271
132, 269
133, 269
134, 268
135, 268
138, 265
139, 265
142, 262
143, 262
149, 256
150, 256
156, 250
157, 251
157, 257
158, 258
158, 259
159, 260
159, 261
160, 262
162, 262
163, 263
166, 263
167, 262
169, 262
170, 261
172, 261
173, 260
174, 260
175, 259
176, 259
177, 258
178, 258
180, 256
181, 256
182, 255
183, 255
185, 253
186, 253
187, 252
188, 252
190, 250
191, 250
193, 248
194, 248
196, 246
197, 246
199, 244
200, 244
202, 242
203, 242
205, 240
206, 240
210, 236
211, 236
214, 233
215, 233
217, 231
218, 231
219, 232
219, 240
220, 241
220, 242
222, 244
229, 244
230, 243
231, 243
232, 242
233, 242
234, 241
235, 241
236, 240
237, 240
239, 238
240, 238
243, 235
244, 235
247, 232
248, 232
249, 233
249, 243
250, 244
250, 245
252, 247
253, 247
254, 248
259, 248
260, 247
262, 247
263, 246
264, 246
265, 245
266, 245
267, 244
268, 244
269, 243
270, 243
271, 242
272, 242
273, 241
274, 241
275, 240
276, 240
277, 239
278, 239
280, 237
281, 237
283, 235
284, 235
285, 234
286, 234
288, 232
289, 232
290, 231
291, 231
293, 229
294, 229
296, 227
297, 227
300, 224
301, 224
303, 222
304, 222
306, 220
307, 220
309, 218
310, 218
312, 216
313, 216
317, 212
318, 212
322, 208
323, 208
325, 206
326, 206
329, 203
330, 203
334, 199
335, 199
338, 196
339, 196
345, 190
346, 190
353, 183
354, 184
354, 185
353, 186
353, 187
351, 189
351, 190
349, 192
349, 193
348, 194
348, 195
346, 197
346, 198
345, 199
345, 200
343, 202
343, 203
342, 204
342, 205
341, 206
341, 207
339, 209
339, 210
338, 211
338, 212
337, 213
337, 214
335, 216
335, 217
334, 218
334, 219
333, 220
333, 221
332, 222
332, 223
330, 225
330, 226
329, 227
329, 228
328, 229
328, 230
327, 231
327, 232
326, 233
326, 234
324, 236
324, 237
323, 238
323, 239
322, 240
322, 241
321, 242
321, 243
320, 244
320, 245
318, 247
318, 248
317, 249
317, 250
316, 251
316, 252
315, 253
315, 254
314, 255
314, 256
312, 258
312, 259
311, 260
311, 261
310, 262
310, 263
309, 264
309, 265
308, 266
308, 267
307, 268
307, 269
306, 270
306, 271
305, 272
305, 273
304, 274
304, 275
303, 276
303, 277
301, 279
301, 280
300, 281
300, 282
299, 283
299, 284
298, 285
298, 286
297, 287
297, 288
296, 289
296, 290
295, 291
295, 292
294, 293
294, 294
293, 295
293, 296
292, 297
292, 298
291, 299
291, 300
289, 302
289, 303
288, 304
288, 305
287, 306
287, 307
286, 308
286, 309
285, 310
285, 311
284, 312
284, 313
283, 314
283, 315
282, 316
282, 317
281, 318
281, 319
280, 320
280, 321
279, 322
279, 323
278, 324
278, 325
277, 326
277, 327
276, 328
276, 330
275, 331
275, 332
274, 333
274, 334
273, 335
273, 337
272, 338
272, 339
271, 340
271, 341
270, 342
270, 344
269, 345
269, 346
268, 347
268, 349
267, 350
267, 351
266, 352
266, 353
267, 354
270, 354
271, 353
271, 352
276, 347
276, 346
278, 344
278, 343
280, 341
280, 340
282, 338
282, 337
284, 335
284, 334
286, 332
286, 331
288, 329
288, 328
289, 327
289, 326
290, 325
290, 324
291, 323
291, 322
293, 320
293, 319
295, 317
295, 316
297, 314
297, 313
298, 312
298, 311
299, 310
299, 309
300, 308
300, 307
301, 306
301, 305
302, 304
302, 303
304, 301
304, 300
305, 299
305, 298
307, 296
307, 295
308, 294
308, 293
309, 292
309, 291
310, 290
310, 289
311, 288
311, 287
313, 285
316, 288
321, 288
322, 287
323, 287
324, 286
325, 286
326, 285
327, 285
330, 282
331, 282
335, 278
336, 278
340, 274
341, 274
346, 269
347, 269
350, 266
351, 266
358, 259
359, 259
363, 255
364, 255
382, 240
381, 241
381, 242
379, 244
379, 245
377, 247
377, 248
376, 249
376, 250
374, 252
374, 253
373, 254
373, 255
371, 257
371, 258
369, 260
369, 261
367, 263
367, 264
366, 265
366, 266
364, 268
364, 269
362, 271
362, 272
360, 274
360, 275
359, 276
359, 277
357, 279
357, 280
355, 282
355, 283
353, 285
353, 286
352, 287
352, 288
350, 290
350, 291
348, 293
348, 294
347, 295
347, 296
345, 298
345, 299
344, 300
344, 301
342, 303
342, 304
341, 305
341, 306
340, 307
340, 308
339, 309
339, 310
338, 311
338, 313
337, 314
337, 315
336, 316
336, 317
335, 318
335, 320
334, 321
334, 323
335, 324
337, 324
338, 323
339, 323
349, 313
349, 312
353, 308
353, 307
356, 304
356, 303
359, 300
359, 299
362, 296
362, 295
364, 293
364, 292
367, 289
367, 288
369, 286
369, 285
370, 284
377, 284
378, 283
380, 283
382, 281
383, 281
386, 278
387, 278
395, 270
396, 270
401, 265
402, 265
407, 260
408, 260
410, 258
411, 259
411, 260
410, 261
410, 263
409, 264
409, 265
408, 266
408, 267
407, 268
407, 270
406, 271
406, 272
405, 273
405, 275
404, 276
404, 277
403, 278
403, 279
402, 280
402, 282
401, 283
401, 284
400, 285
400, 287
399, 288
399, 289
398, 290
398, 292
397, 293
397, 295
396, 296
396, 298
395, 299
395, 302
394, 303
394, 305
393, 306
393, 308
394, 309
396, 309
396, 308
397, 307
397, 306
398, 305
398, 302
399, 301
399, 299
400, 298
400, 296
401, 295
401, 293
402, 292
402, 291
403, 290
403, 288
404, 287
404, 285
405, 284
405, 283
406, 282
406, 281
407, 280
407, 278
408, 277
408, 276
409, 275
409, 273
410, 272
410, 271
411, 270
411, 268
412, 267
412, 266
413, 265
413, 264
414, 263
414, 262
415, 261
415, 260
416, 259
416, 258
417, 257
417, 256
418, 255
418, 254
419, 253
419, 252
420, 251
420, 250
422, 248
422, 247
425, 244
425, 243
447, 221
447, 220
452, 215
452, 214
454, 212
454, 211
455, 210
455, 209
454, 208
451, 208
447, 212
446, 212
435, 223
435, 224
430, 229
430, 230
426, 234
426, 235
424, 237
424, 238
420, 242
420, 243
417, 246
416, 246
414, 248
414, 249
409, 254
408, 254
402, 260
401, 260
397, 264
396, 264
389, 271
388, 271
382, 277
381, 277
379, 279
378, 279
377, 280
376, 280
375, 279
376, 278
376, 272
374, 272
371, 275
371, 276
370, 277
370, 278
368, 280
368, 281
366, 283
366, 284
363, 287
363, 288
361, 290
361, 291
359, 293
359, 294
354, 299
354, 300
352, 302
352, 303
347, 308
347, 309
343, 310
344, 309
344, 308
345, 307
345, 306
346, 305
346, 304
347, 303
347, 302
349, 300
349, 299
350, 298
350, 297
352, 295
352, 294
354, 292
354, 291
355, 290
355, 289
357, 287
357, 286
359, 284
359, 283
361, 281
361, 280
362, 279
362, 278
364, 276
364, 275
366, 273
366, 272
368, 270
368, 269
369, 268
369, 267
371, 265
371, 264
373, 262
373, 261
375, 259
375, 258
376, 257
376, 256
378, 254
378, 253
379, 252
379, 251
381, 249
381, 248
383, 246
383, 245
384, 244
384, 243
386, 241
386, 240
387, 239
387, 238
389, 236
389, 235
390, 234
390, 233
392, 231
392, 230
393, 229
393, 228
395, 226
395, 225
397, 223
397, 222
398, 221
398, 220
400, 218
400, 217
401, 216
401, 215
404, 212
404, 211
407, 208
407, 207
410, 204
410, 203
414, 199
414, 198
419, 193
419, 189
416, 189
414, 191
414, 192
411, 195
411, 196
406, 201
406, 202
402, 206
402, 207
399, 210
399, 211
396, 214
396, 215
390, 221
390, 222
384, 228
384, 229
359, 254
358, 254
350, 262
349, 262
346, 265
345, 265
341, 269
340, 269
336, 273
335, 273
331, 277
330, 277
326, 281
325, 281
323, 283
322, 283
321, 284
318, 284
317, 283
317, 282
318, 281
318, 278
319, 277
319, 273
316, 273
314, 275
314, 276
313, 277
313, 278
311, 280
311, 281
309, 283
309, 284
308, 285
308, 286
306, 288
306, 289
305, 290
305, 291
304, 292
304, 293
303, 294
303, 295
302, 296
302, 297
300, 299
300, 300
298, 302
298, 303
297, 304
297, 305
296, 306
296, 307
295, 308
295, 309
294, 310
294, 311
293, 312
293, 313
291, 315
291, 316
289, 318
289, 319
288, 320
288, 321
287, 322
287, 323
285, 325
285, 326
284, 327
284, 328
282, 330
282, 331
280, 333
279, 332
279, 331
280, 330
280, 329
281, 328
281, 327
282, 326
282, 325
283, 324
283, 322
284, 321
284, 320
285, 319
285, 318
286, 317
286, 316
287, 315
287, 314
289, 312
289, 311
290, 310
290, 309
291, 308
291, 307
292, 306
292, 305
293, 304
293, 303
294, 302
294, 301
295, 300
295, 299
296, 298
296, 297
297, 296
297, 295
298, 294
298, 293
299, 292
299, 291
301, 289
301, 288
302, 287
302, 286
303, 285
303, 284
304, 283
304, 282
305, 281
305, 280
306, 279
306, 278
307, 277
307, 276
308, 275
308, 274
309, 273
309, 272
310, 271
310, 270
312, 268
312, 267
313, 266
313, 265
314, 264
314, 263
315, 262
315, 261
316, 260
316, 259
317, 258
317, 257
318, 256
318, 255
320, 253
320, 252
321, 251
321, 250
322, 249
322, 248
323, 247
323, 246
324, 245
324, 244
325, 243
325, 242
327, 240
327, 239
328, 238
328, 237
329, 236
329, 235
330, 234
330, 233
331, 232
331, 231
333, 229
333, 228
334, 227
334, 226
335, 225
335, 224
336, 223
336, 222
338, 220
338, 219
339, 218
339, 217
340, 216
340, 215
342, 213
342, 212
343, 211
343, 210
344, 209
344, 208
346, 206
346, 205
347, 204
347, 203
348, 202
348, 201
350, 199
350, 198
351, 197
351, 196
353, 194
353, 193
355, 191
355, 190
356, 189
356, 188
358, 186
358, 185
360, 183
360, 182
362, 180
362, 179
364, 177
364, 176
366, 174
366, 173
368, 171
368, 170
370, 168
370, 167
372, 165
372, 164
375, 161
375, 160
379, 156
379, 155
383, 151
383, 150
387, 146
387, 145
390, 142
390, 141
392, 139
392, 138
395, 135
395, 134
400, 129
400, 128
403, 125
403, 124
405, 122
405, 121
410, 116
410, 115
411, 114
411, 112
410, 111
279, 189
280, 188
282, 188
283, 189
282, 190
282, 191
279, 194
279, 195
275, 199
275, 200
262, 213
261, 212
261, 211
262, 210
262, 209
264, 207
264, 206
265, 205
265, 204
267, 202
267, 201
270, 198
270, 197
278, 189
250, 188
253, 188
254, 189
254, 190
253, 191
253, 192
250, 195
250, 196
234, 212
233, 212
231, 214
230, 213
230, 212
231, 211
231, 210
232, 209
232, 208
234, 206
234, 205
236, 203
236, 202
240, 198
240, 197
247, 190
248, 190
153, 93
153, 94
151, 96
151, 97
150, 98
150, 100
151, 101
152, 101
153, 102
153, 105
152, 106
152, 107
151, 108
151, 110
150, 111
150, 113
149, 114
149, 116
148, 117
148, 118
147, 119
147, 121
146, 122
146, 123
145, 124
145, 125
144, 126
144, 127
143, 128
143, 130
142, 131
142, 132
141, 133
141, 134
140, 135
140, 136
139, 137
139, 138
138, 139
138, 140
137, 141
137, 142
136, 143
136, 144
134, 146
134, 147
133, 148
133, 149
132, 150
132, 151
131, 152
131, 153
130, 154
130, 155
128, 157
128, 158
127, 159
127, 160
125, 162
125, 163
124, 164
124, 165
122, 167
122, 168
121, 169
121, 170
120, 171
120, 172
118, 174
118, 175
117, 176
117, 177
115, 179
115, 180
114, 181
114, 182
112, 184
112, 185
110, 187
110, 188
109, 189
109, 190
107, 192
107, 193
106, 194
106, 195
104, 197
104, 198
102, 200
102, 201
101, 202
101, 203
99, 205
99, 206
97, 208
97, 209
96, 210
96, 211
94, 213
94, 214
92, 216
92, 217
91, 218
91, 219
89, 221
89, 222
87, 224
87, 225
86, 226
86, 227
84, 229
84, 230
82, 232
82, 233
80, 235
80, 236
78, 238
78, 239
76, 241
76, 242
74, 244
74, 245
71, 248
71, 249
69, 251
69, 252
67, 254
67, 255
65, 257
65, 258
62, 261
62, 262
59, 265
59, 266
56, 269
56, 270
53, 273
53, 274
50, 277
50, 278
46, 282
46, 283
43, 286
43, 287
39, 291
39, 292
36, 295
36, 296
32, 300
32, 301
29, 304
28, 304
25, 307
25, 308
23, 310
23, 312
22, 313
22, 314
21, 315
21, 319
22, 320
23, 319
24, 319
24, 318
25, 317
25, 316
27, 314
27, 313
30, 310
30, 309
32, 307
32, 306
35, 303
35, 302
39, 298
39, 297
42, 294
42, 293
46, 289
46, 288
49, 285
49, 284
52, 281
52, 280
56, 276
56, 275
59, 272
59, 271
62, 268
62, 267
65, 264
65, 263
67, 261
67, 260
70, 257
70, 256
72, 254
72, 253
74, 251
74, 250
76, 248
76, 247
78, 245
78, 244
81, 241
81, 240
83, 238
83, 237
85, 235
85, 234
87, 232
87, 231
88, 230
88, 229
90, 227
90, 226
92, 224
92, 223
93, 222
93, 221
95, 219
95, 218
97, 216
97, 215
98, 214
98, 213
100, 211
100, 210
102, 208
102, 207
103, 206
103, 205
105, 203
105, 202
107, 200
107, 199
108, 198
108, 197
110, 195
110, 194
112, 192
112, 191
113, 190
113, 189
115, 187
115, 186
116, 185
116, 184
118, 182
118, 181
119, 180
119, 179
121, 177
121, 176
122, 175
122, 174
124, 172
124, 171
125, 170
125, 169
127, 167
127, 166
128, 165
128, 164
129, 163
129, 162
131, 160
131, 159
132, 158
132, 157
134, 155
134, 154
135, 153
135, 152
136, 151
136, 150
137, 149
137, 148
138, 147
138, 146
139, 145
139, 144
140, 143
140, 142
141, 141
141, 140
142, 139
142, 138
143, 137
143, 136
144, 135
144, 134
145, 133
145, 132
146, 131
146, 130
147, 129
147, 128
148, 127
148, 126
149, 125
149, 124
150, 123
150, 121
151, 120
151, 118
152, 117
152, 116
153, 115
153, 113
154, 112
154, 110
155, 109
155, 107
156, 106
156, 103
157, 102
157, 95
156, 94
156, 93
247, 15
246, 16
240, 16
239, 17
235, 17
234, 18
231, 18
230, 19
228, 19
227, 20
225, 20
224, 21
222, 21
221, 22
219, 22
218, 23
216, 23
215, 24
213, 24
212, 25
211, 25
210, 26
208, 26
207, 27
205, 27
204, 28
203, 28
202, 29
200, 29
199, 30
198, 30
197, 31
195, 31
194, 32
193, 32
192, 33
190, 33
189, 34
188, 34
187, 35
186, 35
185, 36
183, 36
182, 37
181, 37
180, 38
179, 38
178, 39
176, 39
175, 40
174, 40
173, 41
172, 41
171, 42
169, 42
168, 43
167, 43
166, 44
165, 44
164, 45
163, 45
162, 46
161, 46
160, 47
158, 47
157, 48
156, 48
155, 49
154, 49
153, 50
152, 50
151, 51
150, 51
149, 52
148, 52
147, 53
146, 53
145, 54
144, 54
143, 55
142, 55
141, 56
140, 56
139, 57
138, 57
137, 58
136, 58
135, 59
134, 59
133, 60
132, 60
130, 62
129, 62
128, 63
127, 63
126, 64
125, 64
124, 65
123, 65
122, 66
121, 66
120, 67
119, 67
117, 69
116, 69
115, 70
114, 70
112, 72
111, 72
110, 73
109, 73
107, 75
106, 75
105, 76
104, 76
102, 78
101, 78
100, 79
99, 79
97, 81
96, 81
95, 82
94, 82
92, 84
91, 84
89, 86
88, 86
85, 89
84, 89
82, 91
81, 91
77, 95
76, 95
72, 99
71, 99
63, 107
63, 108
60, 111
60, 112
59, 113
59, 114
60, 115
62, 115
63, 114
63, 113
67, 109
67, 108
69, 106
70, 106
78, 98
79, 98
82, 95
83, 95
86, 92
87, 92
89, 90
90, 90
93, 87
94, 87
96, 85
97, 85
98, 84
99, 84
101, 82
102, 82
103, 81
104, 81
106, 79
107, 79
108, 78
109, 78
111, 76
112, 76
113, 75
114, 75
116, 73
117, 73
118, 72
119, 72
121, 70
122, 70
123, 69
124, 69
125, 68
126, 68
127, 67
128, 67
129, 66
130, 66
131, 65
132, 65
133, 64
134, 64
136, 62
137, 62
138, 61
139, 61
140, 60
141, 60
142, 59
143, 59
144, 58
145, 58
146, 57
147, 57
148, 56
149, 56
150, 55
151, 55
152, 54
153, 54
154, 53
155, 53
156, 52
157, 52
158, 51
159, 51
160, 50
162, 50
163, 49
164, 49
165, 48
166, 48
167, 47
168, 47
169, 46
171, 46
172, 45
173, 45
174, 44
175, 44
176, 43
177, 43
178, 42
180, 42
181, 41
182, 41
183, 40
184, 40
185, 39
187, 39
188, 38
189, 38
190, 37
192, 37
193, 36
194, 36
195, 35
196, 35
197, 34
199, 34
200, 33
202, 33
203, 32
204, 32
205, 31
207, 31
208, 30
209, 30
210, 29
212, 29
213, 28
215, 28
216, 27
217, 27
218, 26
220, 26
221, 25
223, 25
224, 24
226, 24
227, 23
229, 23
230, 22
233, 22
234, 21
237, 21
238, 20
242, 20
243, 19
254, 19
255, 20
256, 20
257, 21
257, 22
258, 23
258, 25
257, 26
257, 29
256, 30
256, 32
255, 33
255, 35
254, 36
254, 38
253, 39
253, 41
251, 43
251, 44
249, 46
249, 47
248, 48
248, 49
247, 50
247, 52
250, 52
251, 51
251, 50
253, 48
253, 47
255, 45
255, 44
256, 43
256, 41
257, 40
257, 38
258, 37
258, 35
259, 34
259, 32
260, 31
260, 29
261, 28
261, 21
260, 20
260, 19
258, 17
257, 17
256, 16
254, 16
253, 15
