256, 2
258, 367
4, 369
2, 4
11, 241
11, 242
10, 243
11, 244
11, 246
15, 250
15, 251
18, 254
19, 254
24, 259
25, 259
29, 263
30, 263
33, 266
34, 266
37, 269
38, 269
41, 272
42, 272
45, 275
46, 275
50, 279
51, 279
53, 281
54, 281
57, 284
58, 284
61, 287
62, 287
65, 290
66, 290
69, 293
70, 293
73, 296
74, 296
76, 298
77, 298
80, 301
81, 301
83, 303
84, 303
87, 306
88, 306
90, 308
91, 308
93, 310
94, 310
96, 312
97, 312
99, 314
100, 314
101, 315
102, 315
104, 317
105, 317
107, 319
108, 319
109, 320
110, 320
112, 322
113, 322
114, 323
115, 323
116, 324
117, 324
119, 326
120, 326
121, 327
122, 327
123, 328
124, 328
125, 329
126, 329
127, 330
128, 330
129, 331
130, 331
131, 332
132, 332
133, 333
134, 333
135, 334
136, 334
137, 335
138, 335
139, 336
140, 336
141, 337
142, 337
143, 338
145, 338
146, 339
147, 339
148, 340
149, 340
150, 341
152, 341
153, 342
154, 342
155, 343
157, 343
158, 344
160, 344
161, 345
163, 345
164, 346
166, 346
167, 347
169, 347
170, 348
172, 348
173, 349
176, 349
177, 350
179, 350
180, 351
183, 351
184, 352
187, 352
188, 353
192, 353
193, 354
198, 354
199, 355
210, 355
211, 354
212, 354
214, 352
214, 351
213, 350
213, 349
211, 349
210, 350
208, 350
207, 351
203, 351
202, 350
196, 350
195, 349
191, 349
190, 348
187, 348
186, 347
183, 347
182, 346
179, 346
178, 345
176, 345
175, 344
172, 344
171, 343
169, 343
168, 342
166, 342
165, 341
163, 341
162, 340
160, 340
159, 339
158, 339
157, 338
155, 338
154, 337
153, 337
152, 336
150, 336
149, 335
148, 335
147, 334
146, 334
145, 333
143, 333
142, 332
141, 332
140, 331
139, 331
138, 330
137, 330
136, 329
135, 329
134, 328
133, 328
132, 327
131, 327
130, 326
129, 326
128, 325
127, 325
126, 324
125, 324
123, 322
122, 322
121, 321
120, 321
119, 320
118, 320
116, 318
115, 318
114, 317
113, 317
112, 316
111, 316
109, 314
108, 314
106, 312
105, 312
104, 311
103, 311
101, 309
100, 309
98, 307
97, 307
95, 305
94, 305
92, 303
91, 303
89, 301
88, 301
85, 298
84, 298
82, 296
81, 296
78, 293
77, 293
75, 291
74, 291
71, 288
70, 288
67, 285
66, 285
63, 282
62, 282
59, 279
58, 279
55, 276
54, 276
51, 273
50, 273
46, 269
45, 269
42, 266
41, 266
38, 263
37, 263
34, 260
33, 260
30, 257
29, 257
25, 253
24, 253
20, 249
20, 248
22, 246
22, 244
21, 243
19, 243
18, 242
17, 242
16, 241
132, 15
131, 16
131, 17
130, 18
130, 20
131, 21
131, 24
132, 25
132, 26
133, 27
133, 29
134, 30
134, 31
135, 32
135, 33
136, 34
136, 35
137, 36
137, 37
138, 38
138, 39
139, 40
139, 41
140, 42
140, 43
141, 44
141, 45
142, 46
142, 47
143, 48
143, 49
144, 50
144, 51
145, 52
145, 53
147, 55
147, 56
148, 57
148, 59
149, 60
149, 62
150, 63
150, 65
151, 66
151, 68
152, 69
152, 71
153, 72
153, 74
154, 75
154, 77
155, 78
155, 81
156, 82
156, 84
157, 85
157, 87
158, 88
158, 90
159, 91
159, 93
160, 94
160, 96
161, 97
161, 100
162, 101
162, 103
163, 104
163, 106
164, 107
164, 110
165, 111
165, 113
166, 114
166, 116
167, 117
167, 120
168, 121
168, 123
169, 124
169, 126
170, 127
170, 130
171, 131
171, 133
172, 134
172, 137
173, 138
173, 140
174, 141
174, 144
175, 145
175, 147
176, 148
176, 150
177, 151
177, 154
178, 155
178, 158
179, 159
179, 161
180, 162
180, 165
181, 166
181, 168
182, 169
182, 172
183, 173
183, 176
184, 177
184, 180
185, 181
185, 183
186, 184
186, 187
187, 188
187, 191
188, 192
188, 194
189, 195
189, 198
190, 199
190, 202
191, 203
191, 206
192, 207
192, 209
193, 210
193, 213
194, 214
194, 216
195, 217
195, 220
196, 221
194, 224
194, 223
193, 222
193, 220
192, 219
192, 218
191, 217
191, 216
190, 215
190, 214
189, 213
189, 212
188, 211
188, 210
187, 209
187, 208
186, 207
186, 206
185, 205
185, 204
184, 203
184, 202
183, 201
183, 200
182, 199
182, 198
181, 197
181, 196
180, 195
180, 194
179, 193
179, 192
178, 191
178, 190
177, 189
177, 188
176, 187
176, 186
175, 185
175, 184
174, 183
174, 182
173, 181
173, 180
172, 179
172, 178
171, 177
171, 176
170, 175
170, 174
169, 173
169, 172
168, 171
168, 170
166, 168
166, 167
165, 166
165, 165
164, 164
164, 163
163, 162
163, 161
162, 160
162, 159
161, 158
161, 157
160, 156
160, 155
158, 153
158, 152
157, 151
157, 150
156, 149
156, 148
155, 147
155, 146
154, 145
154, 144
153, 143
153, 142
152, 141
152, 140
150, 138
150, 137
149, 136
149, 133
148, 132
148, 129
147, 128
147, 124
146, 123
146, 119
145, 118
145, 114
144, 113
144, 109
143, 108
143, 104
142, 103
142, 99
141, 98
141, 94
140, 93
140, 89
139, 88
139, 83
138, 82
138, 78
137, 77
137, 73
136, 72
136, 68
135, 67
135, 64
134, 63
134, 60
133, 59
133, 56
132, 55
132, 53
131, 52
131, 49
130, 48
130, 46
129, 45
129, 43
128, 42
128, 41
127, 40
127, 38
126, 37
126, 36
125, 35
125, 34
124, 33
124, 32
123, 31
123, 30
121, 28
121, 27
114, 20
112, 20
111, 19
108, 19
107, 20
106, 20
105, 21
105, 22
104, 23
104, 24
103, 25
103, 29
102, 30
102, 34
103, 35
103, 42
104, 43
104, 47
105, 48
105, 51
106, 52
106, 55
107, 56
107, 58
108, 59
108, 61
109, 62
109, 64
110, 65
110, 67
111, 68
111, 70
112, 71
112, 72
113, 73
113, 75
114, 76
114, 77
115, 78
115, 80
116, 81
116, 82
117, 83
117, 84
118, 85
118, 87
119, 88
119, 89
120, 90
120, 91
121, 92
121, 93
122, 94
122, 95
123, 96
123, 97
124, 98
124, 99
125, 100
125, 101
126, 102
126, 103
127, 104
127, 105
128, 106
128, 107
129, 108
129, 109
130, 110
130, 111
131, 112
131, 113
133, 115
133, 116
134, 117
134, 118
135, 119
135, 120
136, 121
136, 122
137, 123
137, 124
138, 125
138, 126
140, 128
140, 129
141, 130
141, 131
142, 132
142, 133
143, 134
143, 135
144, 136
144, 137
145, 138
145, 141
146, 142
146, 146
147, 147
147, 151
148, 152
148, 155
149, 156
149, 160
150, 161
150, 165
151, 166
151, 171
152, 172
152, 176
153, 177
153, 181
154, 182
154, 186
155, 187
155, 191
156, 192
156, 197
157, 198
157, 202
158, 203
158, 208
159, 209
159, 214
160, 215
160, 219
161, 220
161, 225
162, 226
162, 231
163, 232
163, 236
164, 237
164, 242
165, 243
165, 247
166, 248
166, 252
167, 253
167, 257
168, 258
168, 260
167, 261
165, 259
165, 258
164, 257
164, 256
163, 255
163, 253
162, 252
162, 251
161, 250
161, 249
160, 248
160, 247
159, 246
159, 245
158, 244
158, 243
157, 242
157, 241
156, 240
156, 239
155, 238
155, 237
154, 236
154, 235
153, 234
153, 232
152, 231
152, 230
151, 229
151, 228
150, 227
150, 226
149, 225
149, 224
148, 223
148, 222
147, 221
147, 220
146, 219
146, 218
145, 217
145, 216
144, 215
144, 214
143, 213
143, 211
142, 210
142, 209
141, 208
141, 207
140, 206
140, 205
139, 204
139, 194
138, 193
138, 186
137, 185
137, 181
136, 180
136, 176
135, 175
135, 172
134, 171
134, 167
133, 166
133, 164
132, 163
132, 160
131, 159
131, 156
130, 155
130, 152
129, 151
129, 149
128, 148
128, 145
127, 144
127, 142
126, 141
126, 138
125, 137
125, 135
124, 134
124, 131
123, 130
123, 128
122, 127
122, 124
121, 123
121, 120
120, 119
120, 117
119, 116
119, 114
118, 113
118, 111
117, 110
117, 108
116, 107
116, 105
115, 104
115, 102
114, 101
114, 99
113, 98
113, 96
112, 95
112, 94
111, 93
111, 91
110, 90
110, 89
109, 88
109, 87
108, 86
108, 84
107, 83
107, 82
106, 81
106, 80
105, 79
105, 78
104, 77
104, 76
103, 75
103, 74
102, 73
102, 72
101, 71
101, 70
100, 69
100, 68
99, 67
99, 66
97, 64
97, 63
96, 62
96, 61
94, 59
94, 58
92, 56
92, 55
90, 53
90, 52
87, 49
87, 48
78, 39
77, 39
76, 38
73, 38
71, 40
71, 47
72, 48
72, 51
73, 52
73, 54
74, 55
74, 57
75, 58
75, 60
76, 61
76, 63
77, 64
77, 65
78, 66
78, 68
79, 69
79, 71
80, 72
80, 73
81, 74
81, 76
82, 77
82, 79
83, 80
83, 81
84, 82
84, 84
85, 85
85, 86
86, 87
86, 89
87, 90
87, 91
88, 92
88, 94
89, 95
89, 97
90, 98
90, 99
91, 100
91, 102
92, 103
92, 104
93, 105
93, 107
94, 108
94, 109
95, 110
95, 112
96, 113
96, 114
97, 115
97, 117
98, 118
98, 119
99, 120
99, 121
100, 122
100, 124
101, 125
101, 126
102, 127
102, 129
103, 130
103, 131
104, 132
104, 134
105, 135
105, 136
106, 137
106, 139
107, 140
107, 141
108, 142
108, 144
109, 145
109, 146
110, 147
110, 149
111, 150
111, 151
112, 152
112, 153
113, 154
113, 156
114, 157
114, 158
115, 159
115, 160
116, 161
116, 163
117, 164
117, 165
118, 166
118, 167
119, 168
119, 170
120, 171
120, 172
121, 173
121, 174
122, 175
122, 177
123, 178
123, 179
124, 180
124, 181
125, 182
125, 184
126, 185
126, 186
127, 187
127, 188
128, 189
128, 191
129, 192
129, 193
130, 194
130, 195
131, 196
131, 197
132, 198
132, 200
133, 201
133, 206
132, 207
132, 208
131, 209
130, 209
129, 210
124, 210
123, 209
122, 209
121, 208
120, 208
118, 206
117, 206
101, 190
101, 189
100, 188
100, 186
99, 185
99, 180
98, 179
98, 176
97, 175
97, 171
96, 170
96, 166
95, 165
95, 161
94, 160
94, 157
93, 156
93, 153
92, 152
92, 149
91, 148
91, 144
90, 143
90, 140
89, 139
89, 136
88, 135
88, 132
87, 131
87, 129
86, 128
86, 125
85, 124
85, 122
84, 121
84, 119
83, 118
83, 115
82, 114
82, 112
81, 111
81, 109
80, 108
80, 106
79, 105
79, 103
78, 102
78, 100
77, 99
77, 98
76, 97
76, 95
75, 94
75, 93
74, 92
74, 90
73, 89
73, 88
72, 87
72, 86
71, 85
71, 84
69, 82
69, 81
63, 75
62, 75
61, 74
55, 74
53, 76
53, 77
52, 78
52, 80
51, 81
51, 96
52, 97
52, 103
53, 104
53, 109
54, 110
54, 113
55, 114
55, 117
56, 118
56, 121
57, 122
57, 125
58, 126
58, 128
59, 129
59, 131
60, 132
60, 134
61, 135
61, 137
62, 138
62, 140
63, 141
63, 142
64, 143
64, 144
65, 145
65, 146
66, 147
66, 148
67, 149
67, 150
68, 151
68, 152
69, 153
69, 154
70, 155
70, 156
71, 157
71, 158
73, 160
73, 161
75, 163
75, 164
76, 165
76, 166
78, 168
78, 169
81, 172
81, 173
83, 175
83, 176
86, 179
86, 180
90, 184
90, 185
95, 190
95, 191
96, 192
96, 195
97, 196
97, 200
98, 201
98, 206
99, 207
99, 212
100, 213
100, 218
101, 219
101, 224
102, 225
102, 230
103, 231
103, 237
104, 238
104, 243
105, 244
105, 251
106, 252
106, 260
107, 261
107, 269
108, 270
108, 279
107, 280
107, 282
108, 283
108, 288
109, 289
112, 289
113, 288
113, 274
112, 273
112, 263
111, 262
111, 254
110, 253
110, 246
109, 245
109, 239
108, 238
108, 233
107, 232
107, 226
106, 225
106, 220
105, 219
105, 214
104, 213
104, 208
103, 207
103, 202
102, 201
103, 200
104, 200
114, 210
115, 210
117, 212
118, 212
119, 213
120, 213
121, 214
123, 214
124, 215
130, 215
131, 214
132, 214
133, 213
134, 213
136, 211
137, 211
138, 212
138, 213
139, 214
139, 215
140, 216
140, 217
141, 218
141, 220
142, 221
142, 222
143, 223
143, 224
144, 225
144, 226
145, 227
145, 228
146, 229
146, 230
147, 231
147, 232
148, 233
148, 234
149, 235
149, 236
150, 237
150, 238
151, 239
151, 241
152, 242
152, 243
153, 244
153, 245
154, 246
154, 247
155, 248
155, 249
156, 250
156, 251
157, 252
157, 253
158, 254
158, 255
159, 256
159, 257
160, 258
160, 259
161, 260
161, 262
163, 264
163, 265
164, 266
164, 267
165, 268
165, 269
166, 270
166, 271
167, 272
167, 273
168, 274
168, 275
169, 276
169, 277
170, 278
170, 279
171, 280
171, 281
172, 282
172, 283
174, 285
174, 286
175, 287
175, 288
176, 289
176, 290
177, 291
177, 292
178, 293
178, 295
179, 296
179, 297
180, 298
180, 299
181, 300
181, 301
182, 302
182, 303
183, 304
183, 305
184, 306
184, 307
185, 308
185, 309
187, 311
187, 312
188, 312
189, 313
191, 313
192, 312
192, 309
191, 308
191, 307
190, 306
190, 305
189, 304
189, 303
188, 302
188, 301
187, 300
187, 299
186, 298
186, 297
185, 296
185, 295
183, 293
183, 292
182, 291
182, 290
181, 289
181, 287
180, 286
180, 285
179, 284
179, 282
178, 281
178, 278
177, 277
177, 275
176, 274
176, 271
175, 270
175, 267
174, 266
174, 263
173, 262
173, 259
172, 258
172, 254
171, 253
171, 249
170, 248
170, 244
169, 243
169, 239
168, 238
168, 233
167, 232
167, 227
166, 226
166, 222
165, 221
165, 216
164, 215
164, 210
163, 209
163, 205
162, 204
162, 199
161, 198
161, 193
160, 192
160, 188
159, 187
159, 183
158, 182
158, 178
157, 177
157, 173
156, 172
156, 167
155, 166
155, 162
154, 161
154, 158
155, 157
156, 158
156, 159
157, 160
157, 161
158, 162
158, 163
159, 164
159, 165
160, 166
160, 167
162, 169
162, 170
163, 171
163, 172
164, 173
164, 174
165, 175
165, 176
166, 177
166, 178
167, 179
167, 180
168, 181
168, 182
169, 183
169, 184
170, 185
170, 186
171, 187
171, 188
172, 189
172, 190
173, 191
173, 192
174, 193
174, 194
175, 195
175, 196
176, 197
176, 198
177, 199
177, 200
178, 201
178, 202
179, 203
179, 204
180, 205
180, 206
181, 207
181, 208
182, 209
182, 210
183, 211
183, 212
184, 213
184, 214
185, 215
185, 216
186, 217
186, 218
187, 219
187, 220
188, 221
188, 222
189, 223
189, 224
190, 225
190, 227
191, 228
191, 229
192, 230
192, 231
193, 232
193, 233
194, 234
194, 235
195, 236
195, 238
196, 239
196, 240
197, 241
197, 242
198, 243
198, 245
199, 246
199, 247
200, 248
200, 249
201, 250
201, 252
202, 253
202, 254
203, 255
203, 256
204, 257
204, 259
205, 260
205, 261
206, 262
206, 263
207, 264
207, 266
208, 267
208, 268
209, 269
209, 271
210, 272
210, 273
211, 274
211, 276
212, 277
212, 278
213, 279
213, 281
214, 282
214, 283
215, 284
215, 286
216, 287
216, 288
217, 289
217, 290
218, 291
218, 292
219, 293
219, 294
221, 296
223, 296
224, 295
224, 292
223, 291
223, 289
222, 288
222, 286
221, 285
221, 284
220, 283
220, 281
219, 280
219, 278
218, 277
218, 275
217, 274
217, 273
216, 272
216, 270
215, 269
215, 267
214, 266
214, 264
213, 263
213, 261
212, 260
212, 258
211, 257
211, 255
210, 254
210, 251
209, 250
209, 248
208, 247
208, 245
207, 244
207, 241
206, 240
206, 238
205, 237
205, 235
204, 234
204, 231
203, 230
203, 228
202, 227
202, 225
201, 224
201, 221
200, 220
200, 218
199, 217
199, 214
198, 213
198, 211
197, 210
197, 207
196, 206
196, 203
195, 202
195, 200
194, 199
194, 196
193, 195
193, 192
192, 191
192, 188
191, 187
191, 185
190, 184
190, 181
189, 180
189, 177
188, 176
188, 173
187, 172
187, 170
186, 169
186, 166
185, 165
185, 162
184, 161
184, 159
183, 158
183, 155
182, 154
182, 152
181, 151
181, 148
180, 147
180, 145
179, 144
179, 141
178, 140
178, 138
177, 137
177, 134
176, 133
176, 131
175, 130
175, 128
174, 127
174, 124
173, 123
173, 121
172, 120
172, 117
171, 116
171, 114
170, 113
170, 111
169, 110
169, 107
168, 106
168, 104
167, 103
167, 101
166, 100
166, 98
165, 97
165, 94
164, 93
164, 91
163, 90
163, 88
162, 87
162, 85
161, 84
161, 82
162, 81
164, 83
164, 84
166, 86
166, 87
168, 89
168, 90
171, 93
171, 94
173, 96
173, 97
176, 100
176, 101
178, 103
178, 104
181, 107
181, 108
184, 111
184, 112
187, 115
187, 116
190, 119
190, 120
194, 124
194, 125
197, 128
197, 129
201, 133
201, 134
205, 138
205, 139
208, 142
208, 143
211, 146
211, 147
216, 152
216, 153
221, 158
221, 159
228, 166
228, 167
233, 172
233, 173
236, 176
236, 177
242, 183
242, 184
245, 187
248, 187
249, 186
249, 184
245, 180
245, 179
240, 174
240, 173
236, 169
236, 168
232, 164
232, 163
224, 155
224, 154
219, 149
219, 148
214, 143
214, 142
211, 139
211, 138
208, 135
208, 134
205, 131
205, 130
201, 126
201, 125
197, 121
197, 120
194, 117
194, 116
190, 112
190, 111
187, 108
187, 107
185, 105
185, 104
182, 101
182, 100
179, 97
179, 96
177, 94
177, 93
174, 90
174, 89
172, 87
172, 86
170, 84
170, 83
168, 81
168, 80
166, 78
166, 77
164, 75
164, 74
162, 72
162, 71
160, 69
160, 68
159, 67
159, 66
157, 64
157, 63
156, 62
156, 61
154, 59
154, 58
153, 57
153, 56
152, 55
152, 53
151, 52
151, 51
150, 50
150, 48
149, 47
149, 44
148, 43
148, 41
147, 40
147, 39
146, 38
146, 36
145, 35
145, 33
144, 32
144, 31
143, 30
143, 28
142, 27
142, 26
141, 25
141, 24
140, 23
140, 22
139, 21
139, 20
137, 18
137, 17
135, 15
58, 79
60, 79
66, 85
66, 86
67, 87
67, 88
68, 89
68, 90
69, 91
69, 92
70, 93
70, 94
71, 95
71, 97
72, 98
72, 100
73, 101
73, 102
74, 103
74, 105
75, 106
75, 108
76, 109
76, 111
77, 112
77, 114
78, 115
78, 118
79, 119
79, 121
80, 122
80, 124
81, 125
81, 127
82, 128
82, 131
83, 132
83, 135
84, 136
84, 139
85, 140
85, 143
86, 144
86, 147
87, 148
87, 151
88, 152
88, 155
89, 156
89, 160
90, 161
90, 164
91, 165
91, 169
92, 170
92, 174
93, 175
93, 178
92, 179
90, 177
90, 176
87, 173
87, 172
84, 169
84, 168
82, 166
82, 165
80, 163
80, 162
78, 160
78, 159
77, 158
77, 157
75, 155
75, 154
74, 153
74, 152
73, 151
73, 150
71, 148
71, 147
70, 146
70, 145
69, 144
69, 142
68, 141
68, 140
67, 139
67, 138
66, 137
66, 135
65, 134
65, 132
64, 131
64, 129
63, 128
63, 126
62, 125
62, 123
61, 122
61, 119
60, 118
60, 115
59, 114
59, 111
58, 110
58, 105
57, 104
57, 99
56, 98
56, 81
76, 46
77, 45
84, 52
84, 53
86, 55
86, 56
88, 58
88, 59
90, 61
90, 62
92, 64
92, 65
93, 66
93, 67
95, 69
95, 70
96, 71
96, 72
97, 73
97, 74
98, 75
98, 76
99, 77
99, 78
100, 79
100, 80
101, 81
101, 82
102, 83
102, 84
103, 85
103, 86
104, 87
104, 88
105, 89
105, 91
106, 92
106, 93
107, 94
107, 96
108, 97
108, 98
109, 99
109, 101
110, 102
110, 104
111, 105
111, 107
112, 108
112, 110
113, 111
113, 113
114, 114
114, 116
115, 117
115, 119
116, 120
116, 123
117, 124
117, 126
118, 127
118, 130
119, 131
119, 133
120, 134
120, 137
121, 138
121, 140
122, 141
122, 144
123, 145
123, 148
124, 149
124, 151
125, 152
125, 155
126, 156
126, 158
127, 159
127, 162
128, 163
128, 166
129, 167
129, 170
130, 171
130, 174
131, 175
131, 179
132, 180
132, 183
131, 184
130, 183
130, 182
129, 181
129, 180
128, 179
128, 177
127, 176
127, 175
126, 174
126, 173
125, 172
125, 170
124, 169
124, 168
123, 167
123, 166
122, 165
122, 163
121, 162
121, 161
120, 160
120, 159
119, 158
119, 156
118, 155
118, 154
117, 153
117, 152
116, 151
116, 149
115, 148
115, 147
114, 146
114, 144
113, 143
113, 142
112, 141
112, 139
111, 138
111, 137
110, 136
110, 134
109, 133
109, 132
108, 131
108, 130
107, 129
107, 127
106, 126
106, 125
105, 124
105, 122
104, 121
104, 120
103, 119
103, 117
102, 116
102, 115
101, 114
101, 112
100, 111
100, 110
99, 109
99, 107
98, 106
98, 105
97, 104
97, 102
96, 101
96, 100
95, 99
95, 97
94, 96
94, 95
93, 94
93, 92
92, 91
92, 90
91, 89
91, 87
90, 86
90, 84
89, 83
89, 82
88, 81
88, 79
87, 78
87, 77
86, 76
86, 74
85, 73
85, 71
84, 70
84, 69
83, 68
83, 66
82, 65
82, 63
81, 62
81, 61
80, 60
80, 58
79, 57
79, 55
78, 54
78, 52
77, 51
77, 48
76, 47
110, 24
111, 24
118, 31
118, 32
119, 33
119, 34
120, 35
120, 36
121, 37
121, 38
122, 39
122, 40
123, 41
123, 42
124, 43
124, 45
125, 46
125, 48
126, 49
126, 51
127, 52
127, 55
128, 56
128, 58
129, 59
129, 62
130, 63
130, 66
131, 67
131, 71
132, 72
132, 76
133, 77
133, 81
134, 82
134, 87
135, 88
135, 92
136, 93
136, 97
137, 98
137, 102
138, 103
138, 107
139, 108
139, 112
140, 113
140, 115
139, 116
137, 114
137, 113
136, 112
136, 111
135, 110
135, 109
134, 108
134, 107
133, 106
133, 105
132, 104
132, 103
131, 102
131, 101
130, 100
130, 99
129, 98
129, 97
128, 96
128, 95
127, 94
127, 93
126, 92
126, 91
125, 90
125, 89
124, 88
124, 87
123, 86
123, 85
122, 84
122, 82
121, 81
121, 80
120, 79
120, 78
119, 77
119, 75
118, 74
118, 73
117, 72
117, 70
116, 69
116, 68
115, 67
115, 65
114, 64
114, 62
113, 61
113, 59
112, 58
112, 56
111, 55
111, 53
110, 52
110, 49
109, 48
109, 44
108, 43
108, 38
107, 37
107, 28
108, 27
108, 26
