344, 2
346, 367
4, 369
2, 4
40, 326
39, 327
39, 329
40, 330
42, 330
44, 332
45, 332
54, 341
55, 341
57, 343
58, 343
59, 344
60, 344
61, 345
64, 345
65, 346
68, 346
69, 345
72, 345
73, 344
83, 344
84, 345
86, 345
87, 346
89, 346
90, 347
92, 347
93, 348
95, 348
96, 349
98, 349
99, 350
101, 350
102, 351
104, 351
105, 352
107, 352
108, 353
110, 353
111, 354
118, 354
118, 352
117, 351
112, 351
111, 350
110, 350
109, 349
107, 349
106, 348
103, 348
102, 347
100, 347
99, 346
97, 346
96, 345
94, 345
93, 344
92, 344
91, 343
88, 343
87, 342
85, 342
84, 341
72, 341
71, 342
62, 342
61, 341
60, 341
58, 339
57, 339
49, 331
48, 331
44, 327
43, 327
42, 326
324, 224
323, 225
322, 225
321, 226
320, 226
319, 227
318, 227
317, 228
316, 228
315, 229
313, 229
312, 230
309, 230
308, 231
307, 231
307, 234
312, 234
313, 233
315, 233
316, 232
318, 232
319, 231
320, 231
321, 230
322, 230
324, 228
325, 228
326, 227
326, 225
325, 224
173, 16
173, 22
174, 23
174, 27
175, 28
175, 31
176, 32
176, 35
177, 36
177, 39
178, 40
178, 42
179, 43
179, 45
180, 46
180, 49
181, 50
181, 52
182, 53
182, 55
183, 56
183, 58
184, 59
184, 61
185, 62
185, 64
186, 65
186, 67
187, 68
187, 70
188, 71
188, 73
189, 74
189, 76
190, 77
190, 80
191, 81
191, 83
192, 84
192, 86
193, 87
193, 91
194, 92
194, 96
195, 97
195, 101
196, 102
196, 106
197, 107
197, 111
198, 112
198, 117
199, 118
199, 122
200, 123
200, 127
201, 128
201, 132
202, 133
202, 138
203, 139
203, 143
204, 144
204, 148
205, 149
205, 153
206, 154
206, 158
207, 159
207, 164
208, 165
208, 169
209, 170
209, 175
210, 176
210, 178
209, 179
207, 177
207, 176
206, 175
206, 174
205, 173
205, 171
204, 170
204, 169
203, 168
203, 167
202, 166
202, 165
201, 164
201, 163
200, 162
200, 161
199, 160
199, 159
198, 158
198, 157
197, 156
197, 155
196, 154
196, 153
195, 152
195, 151
194, 150
194, 149
193, 148
193, 147
192, 146
192, 144
191, 143
191, 142
190, 141
190, 140
189, 139
189, 138
188, 137
188, 136
187, 135
187, 134
186, 133
186, 132
185, 131
185, 130
184, 129
184, 128
182, 126
182, 125
178, 121
177, 121
176, 120
175, 120
174, 119
172, 119
171, 118
170, 119
168, 119
165, 122
165, 123
164, 124
164, 134
165, 135
165, 136
164, 137
162, 135
162, 133
161, 132
161, 131
160, 130
160, 129
159, 128
159, 127
158, 126
158, 125
157, 124
157, 123
153, 119
151, 119
149, 121
149, 123
148, 124
148, 147
149, 148
149, 158
150, 159
150, 168
151, 169
151, 172
150, 173
148, 171
148, 170
147, 169
147, 168
145, 166
145, 165
144, 164
144, 163
143, 162
143, 161
142, 160
142, 159
141, 158
141, 157
140, 156
140, 155
139, 154
139, 152
138, 151
138, 150
137, 149
137, 147
136, 146
136, 144
135, 143
135, 142
134, 141
134, 139
133, 138
133, 137
132, 136
132, 135
131, 134
131, 133
128, 130
125, 130
124, 131
124, 152
125, 153
125, 160
126, 161
126, 163
125, 164
124, 163
124, 162
123, 161
123, 160
122, 159
122, 157
121, 156
121, 154
120, 153
120, 152
119, 151
119, 149
118, 148
118, 147
117, 146
117, 145
116, 144
116, 142
115, 141
115, 140
114, 139
114, 138
113, 137
113, 136
111, 134
111, 133
110, 132
110, 131
107, 128
105, 128
104, 127
103, 128
102, 128
101, 129
101, 130
100, 131
100, 144
99, 145
97, 143
97, 142
96, 141
96, 140
95, 139
95, 138
94, 137
94, 136
93, 135
93, 134
92, 133
92, 132
90, 130
90, 129
88, 127
87, 127
86, 126
85, 126
83, 128
83, 142
84, 143
84, 150
85, 151
85, 156
86, 157
86, 162
87, 163
87, 167
88, 168
88, 171
89, 172
89, 176
90, 177
90, 180
91, 181
91, 185
92, 186
92, 190
91, 191
89, 189
89, 188
88, 187
88, 186
87, 185
87, 183
86, 182
86, 181
85, 180
85, 179
84, 178
84, 176
83, 175
83, 174
82, 173
82, 171
81, 170
81, 169
80, 168
80, 166
79, 165
79, 164
78, 163
78, 161
77, 160
77, 159
76, 158
76, 156
75, 155
75, 154
74, 153
74, 151
73, 150
73, 148
72, 147
72, 145
71, 144
71, 142
70, 141
70, 139
69, 138
69, 136
68, 135
68, 133
67, 132
67, 130
66, 129
66, 127
65, 126
65, 124
64, 123
64, 121
63, 120
63, 118
62, 117
62, 115
61, 114
61, 112
60, 111
60, 109
59, 108
59, 106
58, 105
58, 103
57, 102
57, 100
56, 99
56, 97
55, 96
55, 94
54, 93
54, 91
53, 90
53, 87
52, 86
52, 84
51, 83
51, 81
50, 80
50, 77
49, 76
49, 74
48, 73
48, 70
47, 69
47, 67
46, 66
46, 64
45, 63
45, 61
44, 60
44, 57
43, 56
43, 54
42, 53
42, 51
41, 50
41, 48
40, 47
40, 44
39, 43
39, 41
38, 40
38, 37
37, 36
37, 35
36, 34
35, 34
34, 35
34, 38
35, 39
35, 42
36, 43
36, 45
37, 46
37, 49
38, 50
38, 52
39, 53
39, 56
40, 57
40, 59
41, 60
41, 63
42, 64
42, 66
43, 67
43, 69
44, 70
44, 72
45, 73
45, 76
46, 77
46, 79
47, 80
47, 82
48, 83
48, 85
49, 86
49, 88
50, 89
50, 92
51, 93
51, 95
52, 96
52, 99
53, 100
53, 102
54, 103
54, 106
55, 107
55, 110
56, 111
56, 114
57, 115
57, 118
58, 119
58, 122
59, 123
59, 127
60, 128
60, 131
61, 132
61, 136
62, 137
62, 141
63, 142
63, 146
64, 147
64, 151
65, 152
65, 156
66, 157
66, 161
67, 162
67, 165
68, 166
68, 170
69, 171
69, 175
70, 176
70, 180
71, 181
71, 185
72, 186
72, 190
73, 191
73, 195
74, 196
74, 200
75, 201
75, 203
74, 204
71, 201
71, 200
68, 197
68, 196
64, 192
64, 191
60, 187
60, 186
57, 183
57, 182
53, 178
53, 177
48, 172
48, 171
39, 162
38, 162
33, 157
33, 156
32, 155
32, 153
31, 152
31, 151
30, 150
30, 149
28, 147
28, 146
27, 145
27, 144
23, 140
20, 140
19, 141
18, 141
18, 142
17, 143
17, 144
16, 145
16, 149
15, 150
15, 172
16, 173
16, 178
17, 179
17, 184
18, 185
18, 188
19, 189
19, 191
20, 192
20, 195
21, 196
21, 198
22, 199
22, 201
23, 202
23, 205
24, 206
24, 207
25, 208
25, 210
26, 211
26, 213
27, 214
27, 215
28, 216
28, 217
29, 218
29, 220
30, 221
30, 222
31, 223
31, 225
32, 226
32, 228
33, 229
33, 231
34, 231
35, 232
36, 231
36, 228
35, 227
35, 225
34, 224
34, 222
33, 221
33, 219
32, 218
32, 217
31, 216
31, 215
30, 214
30, 213
29, 212
29, 210
28, 209
28, 207
27, 206
27, 204
26, 203
26, 201
25, 200
25, 198
24, 197
24, 194
23, 193
23, 191
22, 190
22, 188
21, 187
21, 183
20, 182
20, 178
19, 177
19, 171
18, 170
18, 152
19, 151
19, 147
20, 146
20, 145
21, 144
22, 144
25, 147
25, 148
26, 149
26, 150
27, 151
27, 152
28, 153
28, 154
29, 155
29, 156
30, 157
30, 159
31, 160
31, 161
32, 162
32, 164
33, 165
33, 167
34, 168
34, 170
35, 171
35, 174
36, 175
36, 178
37, 179
37, 182
38, 183
38, 186
39, 187
39, 190
40, 191
40, 194
41, 195
41, 199
42, 200
42, 203
43, 204
43, 208
44, 209
44, 213
45, 214
45, 219
46, 220
46, 226
47, 227
47, 235
48, 236
48, 248
49, 249
49, 258
50, 259
50, 266
51, 267
51, 274
52, 275
52, 281
53, 282
53, 290
54, 291
54, 299
55, 300
55, 308
56, 309
56, 313
57, 314
57, 316
58, 316
59, 317
61, 315
60, 314
60, 312
59, 311
59, 307
58, 306
58, 298
57, 297
57, 289
56, 288
56, 281
55, 280
55, 273
54, 272
54, 265
53, 264
53, 257
52, 256
52, 246
51, 245
51, 234
50, 233
50, 225
49, 224
49, 218
48, 217
48, 212
47, 211
47, 207
46, 206
46, 202
45, 201
45, 198
44, 197
44, 194
43, 193
43, 190
42, 189
42, 185
41, 184
41, 181
40, 180
40, 177
39, 176
39, 173
38, 172
38, 170
37, 169
37, 167
38, 166
49, 177
49, 178
53, 182
53, 183
56, 186
56, 187
60, 191
60, 192
64, 196
64, 197
67, 200
67, 201
70, 204
70, 205
72, 207
72, 208
74, 210
74, 211
76, 213
76, 214
79, 214
79, 207
78, 206
78, 200
77, 199
77, 195
76, 194
76, 190
75, 189
75, 185
74, 184
74, 180
73, 179
73, 175
72, 174
72, 171
71, 170
71, 166
70, 165
70, 161
69, 160
69, 156
68, 155
68, 152
67, 151
68, 145
69, 146
69, 148
70, 149
70, 151
71, 152
71, 153
72, 154
72, 156
73, 157
73, 158
74, 159
74, 161
75, 162
75, 163
76, 164
76, 166
77, 167
77, 168
78, 169
78, 171
79, 172
79, 173
80, 174
80, 176
81, 177
81, 178
82, 179
82, 181
83, 182
83, 183
84, 184
84, 185
85, 186
85, 188
86, 189
86, 190
88, 192
88, 193
89, 194
89, 195
91, 197
91, 198
92, 199
94, 199
95, 198
95, 197
96, 196
96, 192
95, 191
95, 186
94, 185
94, 181
93, 180
93, 177
92, 176
92, 172
91, 171
91, 167
90, 166
90, 162
89, 161
89, 157
88, 156
88, 151
87, 150
87, 143
86, 142
86, 132
87, 131
89, 133
89, 134
90, 135
90, 136
92, 138
92, 139
93, 140
93, 142
94, 143
94, 144
95, 145
95, 146
96, 147
96, 148
97, 149
97, 151
98, 152
98, 153
99, 154
99, 156
100, 157
100, 159
101, 160
101, 161
102, 162
102, 164
103, 165
103, 167
104, 168
104, 171
105, 172
105, 174
106, 175
106, 177
108, 179
109, 179
110, 178
110, 176
109, 175
109, 173
108, 172
108, 170
107, 169
107, 166
106, 165
106, 162
105, 161
105, 157
104, 156
104, 151
103, 150
103, 132
104, 131
105, 131
108, 134
108, 135
110, 137
110, 138
111, 139
111, 140
112, 141
112, 142
113, 143
113, 144
114, 145
114, 147
115, 148
115, 149
116, 150
116, 151
117, 152
117, 154
118, 155
118, 157
119, 158
119, 159
120, 160
120, 162
121, 163
121, 165
122, 166
122, 168
123, 169
123, 171
124, 172
124, 174
125, 175
125, 177
126, 178
126, 180
127, 181
127, 183
128, 184
128, 186
129, 187
129, 188
131, 188
131, 187
132, 186
132, 182
131, 181
131, 174
130, 173
130, 167
129, 166
129, 161
128, 160
128, 153
127, 152
127, 136
128, 135
129, 136
129, 137
130, 138
130, 139
131, 140
131, 141
132, 142
132, 144
133, 145
133, 147
134, 148
134, 149
135, 150
135, 152
136, 153
136, 154
137, 155
137, 157
138, 158
138, 159
139, 160
139, 161
140, 162
140, 163
141, 164
141, 165
142, 166
142, 167
144, 169
144, 170
145, 171
145, 172
146, 173
146, 174
148, 176
148, 177
149, 178
149, 179
150, 180
150, 181
151, 182
153, 182
154, 181
154, 170
153, 169
153, 159
152, 158
152, 148
151, 147
151, 125
152, 124
153, 124
155, 126
155, 127
156, 128
156, 129
157, 130
157, 131
158, 132
158, 133
159, 134
159, 135
160, 136
160, 138
161, 139
161, 140
162, 141
162, 143
163, 144
163, 145
164, 146
164, 148
165, 149
165, 150
167, 152
167, 153
169, 155
169, 157
170, 158
170, 160
171, 161
171, 163
172, 164
172, 166
173, 167
173, 169
174, 170
174, 171
175, 172
175, 173
176, 174
176, 175
177, 176
177, 177
178, 178
179, 178
181, 180
184, 180
185, 179
186, 179
192, 173
192, 172
193, 171
193, 170
194, 169
194, 167
195, 166
195, 163
196, 162
198, 164
198, 165
199, 166
199, 167
200, 168
200, 169
201, 170
201, 171
202, 172
202, 173
203, 174
203, 175
204, 176
204, 177
205, 178
205, 179
206, 180
206, 182
207, 183
207, 184
208, 185
208, 186
209, 187
209, 188
210, 189
210, 190
212, 192
213, 192
214, 191
214, 183
213, 182
213, 176
212, 175
212, 170
211, 169
211, 165
210, 164
210, 159
209, 158
209, 154
208, 153
208, 149
207, 148
207, 144
206, 143
206, 138
205, 137
205, 133
204, 132
204, 128
203, 127
203, 123
202, 122
202, 120
203, 119
204, 120
204, 121
205, 122
205, 124
206, 125
206, 128
207, 129
207, 131
208, 132
208, 134
209, 135
209, 137
210, 138
210, 140
211, 141
211, 143
212, 144
212, 146
213, 147
213, 149
214, 150
214, 152
215, 153
215, 155
216, 156
216, 157
217, 158
217, 160
218, 161
218, 163
219, 164
219, 166
220, 167
220, 169
221, 170
221, 172
222, 173
222, 175
223, 176
223, 178
224, 179
224, 181
225, 182
225, 184
226, 185
226, 187
227, 188
227, 189
229, 189
230, 188
230, 183
231, 182
231, 175
230, 174
230, 163
229, 162
229, 155
228, 154
228, 148
227, 147
227, 142
226, 141
226, 136
225, 135
225, 129
224, 128
224, 120
225, 119
226, 119
229, 122
229, 123
231, 125
231, 126
232, 127
232, 128
233, 129
233, 130
234, 131
234, 133
235, 134
235, 135
236, 136
236, 137
237, 138
237, 140
238, 141
238, 142
239, 143
239, 145
240, 146
240, 148
241, 149
241, 151
242, 152
242, 154
243, 155
243, 157
244, 158
244, 160
245, 161
245, 163
246, 164
246, 166
247, 167
247, 169
248, 170
248, 173
249, 174
249, 176
250, 177
250, 179
251, 180
251, 182
252, 183
254, 183
254, 178
253, 177
253, 175
252, 174
252, 172
251, 171
251, 168
250, 167
250, 162
249, 161
249, 152
248, 151
248, 139
249, 138
249, 136
250, 135
252, 137
252, 138
254, 140
254, 141
255, 142
255, 143
256, 144
256, 145
257, 146
257, 147
258, 148
258, 149
259, 150
259, 151
260, 152
260, 153
261, 154
261, 156
262, 157
262, 158
263, 159
263, 160
264, 161
264, 163
265, 164
265, 165
266, 166
266, 167
267, 168
267, 170
268, 171
268, 173
269, 174
269, 176
270, 177
270, 181
271, 182
271, 183
272, 184
273, 183
274, 183
274, 180
273, 179
273, 173
272, 172
272, 165
271, 164
271, 156
270, 155
270, 131
271, 130
273, 132
273, 133
274, 134
274, 135
275, 136
275, 137
276, 138
276, 140
277, 141
277, 142
278, 143
278, 145
279, 146
279, 148
280, 149
280, 150
281, 151
281, 153
282, 154
282, 156
283, 157
283, 158
284, 159
284, 161
285, 162
285, 163
286, 164
286, 167
287, 168
287, 171
288, 172
288, 174
289, 175
289, 177
290, 178
290, 180
291, 181
291, 182
292, 183
293, 183
294, 182
294, 179
293, 178
293, 175
292, 174
292, 172
291, 171
291, 168
290, 167
290, 165
289, 164
289, 162
288, 161
288, 156
287, 155
287, 149
286, 148
286, 143
285, 142
285, 138
286, 137
287, 137
291, 141
291, 142
292, 143
292, 144
294, 146
294, 147
295, 148
295, 149
296, 150
296, 151
297, 152
297, 153
298, 154
298, 155
299, 156
299, 158
300, 159
300, 160
301, 161
301, 162
302, 163
302, 164
303, 165
303, 166
304, 167
304, 168
305, 169
305, 170
306, 171
306, 172
307, 173
307, 175
308, 176
308, 177
309, 178
309, 179
310, 180
310, 181
311, 182
311, 184
312, 185
312, 187
315, 187
315, 182
314, 181
314, 174
313, 173
313, 164
312, 163
312, 150
311, 149
311, 146
312, 145
312, 137
313, 136
313, 134
316, 131
320, 131
328, 139
328, 140
330, 142
331, 142
332, 141
332, 140
331, 139
331, 138
330, 137
330, 136
323, 129
322, 129
321, 128
315, 128
314, 129
313, 129
312, 130
312, 131
311, 132
311, 133
310, 134
310, 135
309, 136
309, 145
308, 146
308, 148
309, 149
309, 163
310, 164
310, 169
309, 170
308, 169
308, 168
307, 167
307, 166
306, 165
306, 164
305, 163
305, 162
304, 161
304, 160
303, 159
303, 158
302, 157
302, 156
301, 155
301, 154
300, 153
300, 152
299, 151
299, 150
298, 149
298, 148
297, 147
297, 146
296, 145
296, 144
295, 143
295, 142
294, 141
294, 140
292, 138
292, 137
289, 134
288, 134
287, 133
285, 133
283, 135
283, 136
282, 137
282, 141
281, 142
280, 141
280, 140
279, 139
279, 137
278, 136
278, 135
277, 134
277, 133
276, 132
276, 131
275, 130
275, 129
273, 127
272, 127
271, 126
269, 126
267, 128
267, 155
268, 156
268, 159
267, 160
266, 159
266, 158
265, 157
265, 156
264, 155
264, 154
263, 153
263, 151
262, 150
262, 149
261, 148
261, 147
260, 146
260, 145
259, 144
259, 143
258, 142
258, 141
257, 140
257, 139
255, 137
255, 136
253, 134
253, 133
252, 132
251, 132
250, 131
249, 131
248, 132
247, 132
247, 133
246, 134
246, 138
245, 139
245, 147
244, 148
243, 147
243, 145
242, 144
242, 143
241, 142
241, 140
240, 139
240, 138
239, 137
239, 135
238, 134
238, 133
237, 132
237, 131
236, 130
236, 128
235, 127
235, 126
234, 125
234, 124
232, 122
232, 121
230, 119
230, 118
228, 116
227, 116
226, 115
223, 115
222, 116
222, 117
221, 118
221, 128
222, 129
222, 135
223, 136
223, 141
224, 142
224, 147
225, 148
225, 154
226, 155
226, 162
227, 163
227, 174
226, 175
225, 174
225, 173
224, 172
224, 170
223, 169
223, 167
222, 166
222, 164
221, 163
221, 161
220, 160
220, 158
219, 157
219, 155
218, 154
218, 152
217, 151
217, 149
216, 148
216, 146
215, 145
215, 143
214, 142
214, 140
213, 139
213, 137
212, 136
212, 134
211, 133
211, 131
210, 130
210, 128
209, 127
209, 125
208, 124
208, 122
207, 121
207, 118
206, 117
206, 115
205, 114
205, 113
204, 112
204, 110
203, 109
203, 107
202, 106
202, 104
201, 103
201, 101
200, 100
200, 98
199, 97
199, 95
198, 94
198, 92
197, 91
197, 89
196, 88
196, 85
195, 84
195, 82
194, 81
194, 78
193, 77
193, 74
192, 73
192, 70
191, 69
191, 66
190, 65
190, 62
189, 61
189, 58
188, 57
188, 55
187, 54
187, 51
186, 50
186, 48
185, 47
185, 44
184, 43
184, 41
183, 40
183, 37
182, 36
182, 34
181, 33
181, 31
180, 30
180, 28
179, 27
179, 25
178, 24
178, 22
177, 21
177, 19
176, 18
176, 17
175, 16
66, 143
68, 145
173, 126
174, 125
176, 125
177, 126
177, 127
179, 129
179, 130
181, 132
181, 133
182, 134
182, 135
184, 137
184, 138
185, 139
185, 140
187, 142
187, 143
188, 144
188, 145
189, 146
189, 148
190, 149
190, 150
191, 151
191, 154
192, 155
192, 166
191, 167
191, 168
190, 169
190, 170
188, 172
188, 173
185, 176
184, 176
183, 177
182, 177
179, 174
179, 173
177, 171
177, 169
176, 168
176, 167
175, 166
175, 164
174, 163
174, 161
173, 160
173, 157
172, 156
172, 141
171, 140
171, 134
172, 133
172, 128
173, 127
168, 123
169, 122
170, 122
171, 123
171, 124
170, 125
170, 127
169, 128
169, 130
168, 131
167, 130
167, 125
168, 124
