4, 2
496, 4
494, 331
2, 329
337, 137
334, 140
334, 141
333, 142
333, 145
332, 146
332, 149
331, 150
331, 151
330, 152
330, 153
329, 154
329, 155
327, 157
327, 160
328, 161
328, 163
327, 164
327, 165
326, 166
326, 167
324, 169
324, 170
323, 171
323, 172
321, 174
321, 175
320, 176
320, 177
318, 179
318, 180
317, 181
317, 182
315, 184
315, 185
314, 186
314, 187
312, 189
312, 190
308, 194
308, 195
303, 200
302, 200
300, 202
300, 203
301, 204
303, 204
305, 202
306, 202
309, 199
309, 198
313, 194
313, 193
315, 191
315, 190
317, 188
317, 187
319, 185
319, 184
320, 183
320, 182
322, 180
322, 179
323, 178
323, 177
325, 175
325, 174
326, 173
327, 174
327, 178
326, 179
326, 184
325, 185
325, 190
324, 191
324, 196
323, 197
323, 202
322, 203
322, 207
321, 208
321, 212
320, 213
320, 218
319, 219
319, 224
318, 225
318, 229
317, 230
317, 234
316, 235
316, 240
315, 241
315, 244
314, 245
314, 248
313, 249
313, 251
312, 252
312, 255
311, 256
311, 259
310, 260
310, 263
309, 264
309, 268
308, 269
308, 274
307, 275
307, 280
306, 281
306, 288
305, 289
305, 296
304, 297
304, 305
303, 306
303, 317
305, 317
306, 316
306, 313
307, 312
307, 307
308, 306
308, 301
309, 300
309, 295
310, 294
310, 289
311, 288
311, 283
312, 282
312, 277
313, 276
313, 271
314, 270
314, 265
315, 264
315, 259
316, 258
316, 253
317, 252
317, 248
318, 247
318, 244
319, 243
319, 241
320, 240
320, 238
321, 237
321, 235
322, 234
322, 232
323, 231
323, 229
324, 228
324, 226
325, 225
325, 224
326, 223
326, 221
327, 220
327, 219
328, 218
328, 217
329, 216
329, 215
330, 214
330, 213
331, 212
331, 211
332, 210
332, 209
333, 208
333, 207
334, 206
334, 205
335, 204
335, 203
336, 202
336, 201
337, 200
337, 199
338, 198
338, 197
339, 196
339, 194
340, 193
340, 191
341, 190
341, 189
342, 188
342, 185
343, 184
343, 183
344, 182
344, 180
345, 179
345, 178
346, 177
346, 176
347, 175
347, 174
348, 173
348, 172
349, 171
349, 170
350, 169
350, 168
352, 166
352, 165
356, 161
356, 160
357, 159
358, 159
359, 158
362, 161
362, 164
363, 165
363, 171
362, 172
362, 178
361, 179
361, 184
360, 185
360, 190
359, 191
359, 196
358, 197
358, 205
357, 206
357, 217
358, 218
358, 220
359, 221
362, 221
363, 220
364, 220
366, 218
366, 217
367, 216
367, 215
369, 213
369, 212
370, 211
370, 209
371, 208
371, 207
372, 206
372, 205
373, 204
373, 203
374, 202
374, 200
375, 199
375, 198
376, 197
376, 195
377, 194
377, 193
378, 192
378, 190
379, 189
379, 187
380, 186
380, 184
381, 183
381, 182
382, 181
383, 182
383, 197
384, 198
384, 201
385, 202
385, 203
386, 204
386, 205
387, 206
392, 206
398, 200
398, 199
399, 198
399, 197
400, 196
400, 195
401, 194
401, 193
402, 192
402, 190
403, 189
403, 188
404, 187
404, 186
405, 185
405, 183
406, 182
406, 180
407, 179
407, 177
408, 176
408, 174
409, 173
409, 171
410, 170
411, 171
411, 179
410, 180
410, 202
411, 203
411, 206
412, 207
412, 208
413, 209
414, 209
415, 210
416, 210
417, 209
418, 209
419, 208
420, 208
420, 207
423, 204
423, 203
425, 201
425, 200
426, 199
426, 198
427, 197
427, 195
428, 194
428, 193
429, 192
429, 190
430, 189
430, 187
431, 186
431, 185
432, 184
432, 182
433, 181
433, 178
434, 177
434, 176
435, 175
436, 176
436, 193
437, 194
437, 198
438, 199
438, 200
439, 201
439, 202
441, 204
442, 204
443, 205
444, 205
445, 204
446, 204
448, 202
448, 201
449, 200
449, 199
451, 197
451, 196
452, 195
452, 194
453, 193
453, 191
454, 190
454, 187
455, 186
455, 181
456, 180
457, 181
457, 203
458, 204
458, 210
459, 211
459, 213
460, 214
460, 215
464, 219
466, 219
467, 218
467, 217
466, 216
465, 216
463, 214
463, 213
462, 212
462, 210
461, 209
461, 203
460, 202
460, 179
461, 178
461, 167
462, 166
462, 155
463, 154
463, 152
461, 150
460, 151
460, 152
459, 153
459, 157
458, 158
458, 161
457, 162
457, 165
456, 166
456, 169
455, 170
455, 172
454, 173
454, 175
453, 176
453, 179
452, 180
452, 186
451, 187
451, 189
450, 190
450, 192
449, 193
449, 194
448, 195
448, 196
446, 198
446, 199
444, 201
443, 201
441, 199
441, 198
440, 197
440, 193
439, 192
439, 174
440, 173
440, 164
441, 163
441, 153
442, 152
442, 146
441, 145
439, 145
439, 146
438, 147
438, 149
437, 150
437, 153
436, 154
436, 156
435, 157
435, 161
434, 162
434, 166
433, 167
433, 170
432, 171
432, 173
431, 174
431, 177
430, 178
430, 180
429, 181
429, 183
428, 184
428, 186
427, 187
427, 188
426, 189
426, 191
425, 192
425, 193
424, 194
424, 196
423, 197
423, 198
421, 200
421, 201
420, 202
420, 203
417, 206
415, 206
414, 205
414, 202
413, 201
413, 181
414, 180
414, 168
415, 167
415, 155
416, 154
416, 146
415, 145
414, 145
413, 146
413, 148
412, 149
412, 152
411, 153
411, 156
410, 157
410, 160
409, 161
409, 163
408, 164
408, 166
407, 167
407, 169
406, 170
406, 172
405, 173
405, 175
404, 176
404, 178
403, 179
403, 181
402, 182
402, 184
401, 185
401, 186
400, 187
400, 189
399, 190
399, 191
398, 192
398, 193
397, 194
397, 195
396, 196
396, 197
395, 198
395, 199
392, 202
391, 202
390, 203
389, 203
388, 202
388, 201
387, 200
387, 197
386, 196
386, 175
387, 174
387, 166
388, 165
388, 160
389, 159
389, 153
390, 152
390, 146
391, 145
391, 142
390, 141
388, 141
388, 143
387, 144
387, 148
386, 149
386, 153
385, 154
385, 158
384, 159
384, 163
383, 164
383, 166
382, 167
382, 170
381, 171
381, 173
380, 174
380, 177
379, 178
379, 180
378, 181
378, 182
377, 183
377, 185
376, 186
376, 188
375, 189
375, 191
374, 192
374, 193
373, 194
373, 196
372, 197
372, 198
371, 199
371, 201
370, 202
370, 203
369, 204
369, 205
368, 206
368, 207
367, 208
367, 210
365, 212
365, 213
364, 214
364, 215
362, 217
361, 217
360, 216
360, 206
361, 205
361, 198
362, 197
362, 191
363, 190
363, 185
364, 184
364, 179
365, 178
365, 172
366, 171
366, 164
365, 163
365, 160
364, 159
364, 158
362, 156
361, 156
360, 155
357, 155
351, 161
351, 162
348, 165
348, 166
347, 167
347, 168
346, 169
346, 170
345, 171
345, 172
344, 173
344, 174
343, 175
343, 176
342, 177
342, 178
341, 179
341, 181
340, 182
340, 184
339, 185
339, 187
338, 188
338, 190
337, 191
337, 192
336, 193
336, 195
335, 196
335, 197
334, 198
334, 199
333, 200
333, 201
332, 202
332, 203
331, 204
331, 205
330, 206
330, 207
329, 208
329, 209
328, 210
328, 211
327, 212
327, 213
326, 214
326, 215
325, 216
325, 217
324, 218
323, 217
323, 214
324, 213
324, 209
325, 208
325, 203
326, 202
326, 198
327, 197
327, 192
328, 191
328, 186
329, 185
329, 180
330, 179
330, 173
331, 172
331, 167
332, 166
332, 161
333, 160
333, 155
334, 154
334, 152
335, 151
335, 149
336, 148
336, 147
337, 146
337, 144
338, 143
338, 142
339, 141
339, 138
338, 137
102, 127
100, 129
100, 131
99, 132
99, 135
98, 136
98, 137
97, 138
97, 139
96, 140
96, 141
95, 142
95, 143
93, 145
93, 146
91, 148
91, 149
89, 151
89, 152
87, 154
87, 155
85, 157
85, 158
83, 160
83, 161
80, 164
80, 165
76, 169
76, 170
71, 175
71, 176
62, 185
62, 188
64, 188
68, 184
68, 183
77, 174
77, 173
81, 169
81, 168
84, 165
84, 164
87, 161
87, 160
89, 158
89, 157
91, 155
91, 154
93, 152
93, 151
94, 150
95, 151
95, 155
94, 156
94, 160
93, 161
93, 166
92, 167
92, 170
91, 171
91, 175
90, 176
90, 180
89, 181
89, 184
88, 185
88, 188
87, 189
87, 192
86, 193
86, 196
85, 197
85, 201
84, 202
84, 205
83, 206
83, 209
82, 210
82, 213
81, 214
81, 217
80, 218
80, 222
79, 223
79, 226
78, 227
78, 230
77, 231
77, 234
76, 235
76, 237
75, 238
75, 242
74, 243
74, 246
73, 247
73, 249
72, 250
72, 252
71, 253
71, 254
70, 255
70, 257
69, 258
69, 260
68, 261
68, 263
67, 264
67, 266
66, 267
66, 269
65, 270
65, 273
64, 274
64, 276
63, 277
63, 279
62, 280
62, 283
61, 284
61, 287
60, 288
60, 291
59, 292
59, 296
58, 297
58, 305
61, 305
61, 304
62, 303
62, 301
63, 300
63, 297
64, 296
64, 294
65, 293
65, 291
66, 290
66, 287
67, 286
67, 283
68, 282
68, 279
69, 278
69, 275
70, 274
70, 271
71, 270
71, 267
72, 266
72, 263
73, 262
73, 259
74, 258
74, 256
75, 255
75, 252
76, 251
76, 249
77, 248
77, 247
78, 246
78, 244
79, 243
79, 242
80, 241
80, 240
81, 239
81, 237
82, 236
82, 235
83, 234
83, 233
84, 232
84, 231
85, 230
85, 229
86, 228
86, 226
87, 225
87, 224
88, 223
88, 222
89, 221
89, 220
90, 219
90, 218
91, 217
91, 216
92, 215
92, 214
94, 212
94, 211
95, 210
95, 209
96, 208
96, 207
98, 205
98, 204
99, 203
99, 202
101, 200
101, 199
103, 197
103, 196
104, 195
104, 194
106, 192
106, 191
108, 189
108, 188
110, 186
110, 185
111, 184
111, 183
113, 181
113, 180
115, 178
115, 177
117, 175
117, 174
120, 171
120, 170
127, 163
128, 163
131, 160
134, 160
135, 161
135, 171
134, 172
134, 177
133, 178
133, 182
132, 183
132, 186
131, 187
131, 191
130, 192
130, 196
129, 197
129, 203
128, 204
128, 209
129, 210
129, 213
130, 214
131, 214
132, 215
133, 215
134, 214
135, 214
136, 213
137, 213
140, 210
140, 209
142, 207
142, 206
144, 204
144, 203
145, 202
145, 201
147, 199
147, 198
148, 197
148, 196
149, 195
149, 194
150, 193
150, 192
151, 191
151, 190
152, 189
152, 188
153, 187
153, 186
154, 185
154, 184
155, 183
155, 181
156, 180
156, 179
157, 178
157, 177
158, 176
159, 187
158, 188
158, 200
159, 201
159, 208
160, 209
160, 211
162, 213
164, 213
165, 212
166, 212
171, 207
171, 206
172, 205
172, 204
174, 202
174, 201
176, 199
176, 198
177, 197
177, 196
179, 194
179, 193
180, 192
180, 191
181, 190
181, 189
182, 188
182, 187
183, 186
183, 185
184, 184
184, 183
185, 182
185, 181
186, 180
187, 181
187, 187
186, 188
186, 212
187, 213
187, 216
188, 217
192, 217
196, 213
196, 212
197, 211
197, 210
198, 209
198, 208
199, 207
199, 206
200, 205
200, 204
201, 203
201, 202
202, 201
202, 200
203, 199
203, 198
204, 197
204, 196
206, 194
206, 193
207, 192
207, 191
208, 190
208, 189
209, 188
209, 187
210, 186
210, 185
211, 184
211, 183
212, 182
212, 181
213, 180
213, 179
214, 178
214, 177
215, 176
215, 174
216, 173
216, 172
217, 171
217, 170
218, 169
218, 168
219, 167
219, 165
220, 164
220, 163
221, 162
221, 161
222, 160
222, 159
226, 155
227, 155
230, 158
230, 159
231, 160
231, 162
232, 163
232, 168
233, 169
232, 170
232, 177
231, 178
231, 181
230, 182
230, 185
229, 186
229, 189
228, 190
228, 193
227, 194
227, 196
226, 197
226, 200
225, 201
225, 204
224, 205
224, 210
223, 211
223, 224
224, 225
224, 226
225, 227
225, 228
226, 229
227, 229
228, 230
229, 230
230, 231
234, 231
235, 230
236, 230
237, 229
238, 229
240, 227
241, 227
243, 225
243, 224
247, 220
247, 219
249, 217
249, 216
252, 213
252, 212
257, 207
257, 206
260, 203
260, 202
261, 201
261, 200
262, 199
263, 200
263, 209
264, 210
264, 214
265, 215
265, 217
271, 223
272, 223
273, 224
274, 224
275, 225
279, 225
280, 224
281, 224
282, 223
283, 223
286, 220
286, 219
288, 217
288, 216
289, 215
289, 213
290, 212
290, 211
291, 210
291, 208
292, 207
292, 206
293, 205
293, 203
294, 202
294, 200
295, 199
295, 197
296, 196
296, 194
297, 193
297, 192
298, 191
298, 189
299, 188
299, 186
300, 185
300, 183
301, 182
301, 180
302, 179
302, 177
303, 176
303, 171
304, 170
304, 154
303, 153
303, 151
302, 150
302, 148
301, 147
301, 146
300, 145
300, 144
299, 143
299, 142
298, 141
297, 141
296, 140
295, 140
294, 139
289, 139
288, 140
286, 140
285, 141
284, 141
282, 143
281, 143
278, 146
278, 147
276, 149
276, 150
275, 151
275, 152
274, 153
274, 154
273, 155
273, 156
272, 157
272, 158
271, 159
271, 160
270, 161
270, 162
269, 163
269, 166
268, 167
268, 170
267, 171
267, 174
266, 175
266, 179
265, 180
265, 187
264, 188
264, 190
263, 191
263, 192
261, 194
261, 195
260, 196
260, 197
258, 199
258, 200
256, 202
256, 203
252, 207
252, 208
248, 212
248, 213
246, 215
246, 216
242, 220
242, 221
237, 226
236, 226
235, 227
234, 227
233, 228
231, 228
230, 227
229, 227
227, 225
227, 224
226, 223
226, 211
227, 210
227, 206
228, 205
228, 202
229, 201
229, 198
230, 197
230, 194
231, 193
231, 191
232, 190
232, 187
233, 186
233, 183
234, 182
234, 178
235, 177
235, 171
236, 170
236, 168
235, 167
235, 162
234, 161
234, 159
233, 158
233, 157
232, 156
232, 155
229, 152
225, 152
224, 153
223, 153
221, 155
221, 156
219, 158
219, 159
218, 160
218, 161
217, 162
217, 163
216, 164
216, 166
215, 167
215, 168
214, 169
214, 170
213, 171
213, 172
212, 173
212, 175
211, 176
211, 177
210, 178
210, 179
209, 180
209, 181
208, 182
208, 183
207, 184
207, 185
206, 186
206, 187
205, 188
205, 189
204, 190
204, 191
202, 193
202, 194
201, 195
201, 196
200, 197
200, 198
199, 199
199, 200
198, 201
198, 202
197, 203
197, 204
196, 205
196, 206
195, 207
195, 208
194, 209
194, 210
191, 213
189, 211
189, 189
190, 188
190, 178
191, 177
191, 169
192, 168
192, 161
193, 160
193, 155
192, 154
191, 154
190, 155
190, 156
189, 157
189, 160
188, 161
188, 164
187, 165
187, 167
186, 168
186, 170
185, 171
185, 173
184, 174
184, 176
183, 177
183, 178
182, 179
182, 181
181, 182
181, 183
180, 184
180, 185
179, 186
179, 187
178, 188
178, 189
177, 190
177, 191
175, 193
175, 194
174, 195
174, 196
172, 198
172, 199
171, 200
171, 201
169, 203
169, 204
164, 209
162, 207
162, 200
161, 199
161, 190
162, 189
162, 178
163, 177
163, 169
164, 168
164, 160
165, 159
165, 152
162, 152
162, 154
161, 155
161, 158
160, 159
160, 161
159, 162
159, 164
158, 165
158, 168
157, 169
157, 170
156, 171
156, 172
155, 173
155, 175
154, 176
154, 177
153, 178
153, 179
152, 180
152, 182
151, 183
151, 184
150, 185
150, 186
149, 187
149, 188
148, 189
148, 190
147, 191
147, 192
146, 193
146, 194
145, 195
145, 196
143, 198
143, 199
142, 200
142, 201
141, 202
141, 203
138, 206
138, 207
134, 211
133, 211
131, 209
131, 205
132, 204
132, 197
133, 196
133, 192
134, 191
134, 188
135, 187
135, 183
136, 182
136, 178
137, 177
137, 173
138, 172
138, 159
137, 158
137, 157
136, 157
135, 156
133, 156
132, 157
130, 157
128, 159
127, 159
124, 162
123, 162
119, 166
119, 167
116, 170
116, 171
114, 173
114, 174
112, 176
112, 177
110, 179
110, 180
108, 182
108, 183
107, 184
107, 185
105, 187
105, 188
103, 190
103, 191
101, 193
101, 194
99, 196
99, 197
98, 198
98, 199
96, 201
96, 202
95, 203
95, 204
93, 206
93, 207
92, 208
92, 209
90, 211
90, 212
89, 213
89, 214
88, 215
88, 216
87, 217
87, 218
86, 219
86, 220
85, 221
85, 222
84, 223
83, 222
83, 219
84, 218
84, 215
85, 214
85, 211
86, 210
86, 206
87, 205
87, 202
88, 201
88, 198
89, 197
89, 194
90, 193
90, 190
91, 189
91, 185
92, 184
92, 181
93, 180
93, 177
94, 176
94, 172
95, 171
95, 167
96, 166
96, 162
97, 161
97, 156
98, 155
98, 151
99, 150
99, 146
100, 145
100, 141
101, 140
101, 138
102, 137
102, 135
103, 134
103, 132
104, 131
104, 128
103, 127
160, 175
158, 176
275, 169
276, 172
276, 173
275, 170
289, 143
290, 142
293, 142
294, 143
295, 143
297, 145
297, 146
298, 147
298, 148
299, 149
299, 150
300, 151
300, 154
301, 155
301, 169
300, 170
300, 175
299, 176
299, 178
298, 179
298, 181
297, 182
297, 184
296, 185
296, 187
295, 188
295, 190
294, 191
294, 192
293, 193
293, 195
292, 196
292, 198
291, 199
291, 201
290, 202
290, 204
289, 205
289, 206
288, 207
288, 209
287, 210
287, 211
286, 212
286, 214
285, 215
285, 216
280, 221
279, 221
278, 222
276, 222
275, 221
274, 221
270, 217
270, 216
269, 215
269, 210
268, 209
268, 202
267, 201
267, 194
268, 193
268, 190
270, 188
270, 187
272, 185
272, 184
274, 182
274, 181
277, 178
277, 177
278, 176
278, 175
279, 174
279, 173
280, 172
280, 171
281, 170
281, 168
282, 167
282, 162
281, 161
279, 161
278, 162
277, 162
273, 166
272, 165
272, 164
273, 163
273, 162
274, 161
274, 160
275, 159
275, 158
276, 157
276, 156
277, 155
277, 154
278, 153
278, 152
279, 151
279, 150
285, 144
286, 144
287, 143
473, 86
472, 87
471, 87
449, 109
449, 110
445, 114
445, 115
444, 116
444, 120
445, 121
448, 121
449, 120
449, 118
451, 116
451, 115
465, 101
465, 100
470, 95
476, 95
476, 88
474, 86
60, 70
59, 71
59, 74
60, 75
60, 78
61, 79
61, 90
62, 91
62, 128
61, 129
61, 136
60, 137
60, 145
59, 146
59, 153
58, 154
58, 160
57, 161
57, 166
56, 167
56, 172
55, 173
55, 176
54, 177
54, 180
53, 181
53, 183
52, 184
52, 186
51, 187
51, 188
46, 193
45, 193
44, 194
32, 194
31, 193
30, 193
26, 189
26, 187
25, 186
25, 181
26, 180
26, 179
27, 178
27, 177
28, 176
28, 173
25, 173
24, 174
24, 176
22, 178
22, 180
21, 181
21, 186
22, 187
22, 190
23, 191
23, 192
27, 196
28, 196
29, 197
32, 197
33, 198
44, 198
45, 197
47, 197
48, 196
49, 196
53, 192
53, 191
54, 190
54, 189
55, 188
55, 187
56, 186
56, 184
57, 183
57, 181
58, 180
58, 177
59, 176
59, 172
60, 171
60, 166
61, 165
61, 160
62, 159
62, 152
63, 151
63, 144
64, 143
64, 136
65, 135
65, 127
66, 126
66, 95
65, 94
65, 81
64, 80
64, 73
63, 72
63, 71
62, 70
86, 14
85, 15
83, 15
82, 16
81, 16
80, 17
79, 17
78, 18
77, 18
75, 20
74, 20
72, 22
71, 22
68, 25
67, 25
59, 33
59, 34
56, 37
56, 38
55, 39
55, 40
54, 41
54, 42
52, 44
52, 45
51, 46
51, 47
50, 48
50, 49
49, 50
49, 51
48, 52
48, 53
47, 54
47, 55
46, 56
46, 58
45, 59
45, 60
44, 61
44, 62
43, 63
43, 65
42, 66
42, 68
41, 69
41, 72
40, 73
40, 77
39, 78
39, 88
41, 90
41, 91
44, 91
45, 90
44, 89
44, 88
43, 87
43, 78
44, 77
44, 73
45, 72
45, 70
46, 69
46, 67
47, 66
47, 64
48, 63
48, 62
49, 61
49, 59
50, 58
50, 57
51, 56
51, 55
52, 54
52, 53
53, 52
53, 51
54, 50
54, 49
55, 48
55, 47
57, 45
57, 44
58, 43
58, 42
59, 41
59, 40
61, 38
61, 37
70, 28
71, 28
74, 25
75, 25
77, 23
78, 23
80, 21
81, 21
82, 20
83, 20
84, 19
86, 19
87, 18
97, 18
99, 20
100, 20
103, 23
104, 23
108, 27
109, 27
113, 31
114, 31
115, 32
116, 32
117, 33
122, 33
124, 31
125, 31
133, 23
134, 23
134, 19
133, 18
131, 18
128, 21
128, 22
122, 28
121, 28
120, 29
118, 29
117, 28
116, 28
113, 25
112, 25
108, 21
107, 21
103, 17
102, 17
100, 15
98, 15
97, 14
