366, 2
368, 367
4, 369
2, 4
27, 310
26, 311
26, 319
27, 320
27, 323
28, 324
28, 327
29, 328
29, 330
30, 331
30, 332
31, 333
31, 335
32, 336
32, 337
33, 338
33, 339
34, 340
34, 341
36, 343
36, 344
38, 346
38, 347
43, 352
44, 352
45, 353
46, 353
47, 354
54, 354
55, 353
56, 353
57, 352
58, 352
59, 351
60, 351
63, 348
64, 348
67, 345
68, 345
71, 342
72, 342
74, 340
75, 340
76, 339
77, 339
78, 338
80, 338
81, 337
95, 337
96, 338
103, 338
104, 339
106, 339
107, 338
106, 337
106, 336
104, 336
103, 335
97, 335
96, 334
81, 334
80, 335
77, 335
76, 336
75, 336
74, 337
73, 337
71, 339
70, 339
68, 341
67, 341
64, 344
63, 344
60, 347
59, 347
57, 349
56, 349
55, 350
54, 350
53, 351
48, 351
47, 350
46, 350
39, 343
39, 342
38, 341
38, 340
36, 338
36, 337
35, 336
35, 335
34, 334
34, 333
33, 332
33, 330
32, 329
32, 327
31, 326
31, 324
30, 323
30, 319
29, 318
29, 311
28, 310
337, 204
335, 208
336, 209
337, 209
349, 210
350, 211
353, 211
354, 208
338, 205
196, 16
195, 17
195, 20
196, 21
196, 26
197, 27
197, 31
198, 32
198, 37
199, 38
199, 42
200, 43
200, 47
201, 48
201, 52
202, 53
202, 56
203, 57
203, 61
204, 62
204, 66
205, 67
205, 71
206, 72
206, 75
207, 76
207, 80
208, 81
208, 84
209, 85
209, 89
210, 90
210, 93
211, 94
211, 97
212, 98
212, 101
213, 102
213, 105
214, 106
214, 108
215, 109
215, 112
216, 113
216, 116
217, 117
217, 120
218, 121
218, 123
219, 124
219, 127
220, 128
220, 131
221, 132
221, 134
222, 135
222, 138
223, 139
223, 141
224, 142
224, 145
225, 146
225, 148
226, 149
226, 152
227, 153
227, 157
228, 158
228, 162
229, 163
229, 167
230, 168
230, 172
231, 173
231, 178
232, 179
232, 183
233, 184
233, 188
234, 189
234, 194
235, 195
235, 199
234, 200
233, 199
233, 198
232, 197
232, 195
231, 194
231, 192
230, 191
230, 190
229, 189
229, 187
228, 186
228, 184
227, 183
227, 182
226, 181
226, 179
225, 178
225, 177
224, 176
224, 174
223, 173
223, 172
222, 171
222, 169
221, 168
221, 167
220, 166
220, 165
219, 164
219, 163
218, 162
218, 161
217, 160
217, 158
216, 157
216, 156
215, 155
215, 154
214, 153
214, 152
213, 151
213, 150
212, 149
212, 148
211, 147
211, 146
210, 145
210, 144
209, 143
209, 142
207, 140
207, 139
206, 138
206, 137
205, 136
205, 135
204, 134
204, 133
203, 132
203, 131
202, 130
202, 129
201, 128
201, 126
200, 125
200, 124
199, 123
199, 122
197, 120
197, 119
196, 118
196, 117
195, 116
195, 115
190, 110
189, 110
188, 109
186, 109
185, 110
184, 110
184, 111
183, 112
183, 113
182, 114
182, 117
181, 118
181, 127
180, 128
177, 125
177, 124
173, 120
173, 119
170, 116
169, 116
168, 115
167, 115
166, 114
162, 114
160, 116
160, 117
159, 118
159, 119
158, 120
158, 126
157, 127
157, 132
158, 133
158, 145
159, 146
159, 153
160, 154
160, 158
161, 159
161, 162
162, 163
162, 167
163, 168
163, 170
164, 171
164, 174
165, 175
165, 177
166, 178
166, 180
167, 181
167, 184
168, 185
168, 188
169, 189
169, 191
168, 192
166, 190
166, 189
165, 188
165, 187
164, 186
164, 185
163, 184
163, 183
162, 182
162, 181
161, 180
161, 179
159, 177
159, 176
158, 175
158, 174
157, 173
157, 171
156, 170
156, 169
155, 168
155, 167
154, 166
154, 165
153, 164
153, 162
152, 161
152, 160
151, 159
151, 157
150, 156
150, 155
149, 154
149, 152
148, 151
148, 150
147, 149
147, 148
146, 147
146, 145
145, 144
145, 143
144, 142
144, 141
143, 140
143, 138
142, 137
142, 136
141, 135
141, 133
140, 132
140, 131
139, 130
139, 129
138, 128
138, 126
137, 125
137, 124
136, 123
136, 122
135, 121
135, 119
133, 117
133, 116
131, 114
128, 114
128, 115
127, 116
127, 118
126, 119
126, 136
125, 137
122, 134
122, 133
118, 129
115, 129
113, 131
113, 132
112, 133
110, 156
110, 155
109, 154
109, 153
108, 152
108, 151
107, 150
107, 148
106, 147
106, 146
105, 145
105, 144
104, 143
104, 142
103, 141
103, 140
102, 139
102, 138
101, 137
101, 136
99, 134
99, 133
98, 132
98, 131
97, 130
97, 129
95, 127
95, 126
93, 124
93, 123
89, 119
86, 119
84, 121
84, 122
83, 123
83, 139
84, 140
84, 146
85, 147
85, 151
86, 152
86, 156
87, 157
87, 162
88, 163
88, 167
89, 168
89, 172
90, 173
90, 177
91, 178
91, 183
92, 184
92, 188
93, 189
93, 193
94, 194
94, 195
93, 196
91, 194
91, 193
90, 192
90, 190
89, 189
89, 188
88, 187
88, 186
87, 185
87, 184
86, 183
86, 181
85, 180
85, 179
84, 178
84, 177
83, 176
83, 174
82, 173
82, 172
81, 171
81, 169
80, 168
80, 167
79, 166
79, 164
78, 163
78, 162
77, 161
77, 159
76, 158
76, 157
75, 156
75, 154
74, 153
74, 151
73, 150
73, 149
72, 148
72, 146
71, 145
71, 143
70, 142
70, 141
69, 140
69, 138
68, 137
68, 135
67, 134
67, 133
66, 132
66, 130
65, 129
65, 127
64, 126
64, 124
63, 123
63, 121
62, 120
62, 119
61, 118
61, 116
60, 115
60, 113
59, 112
59, 110
58, 109
58, 107
57, 106
57, 104
56, 103
56, 101
55, 100
55, 98
54, 97
54, 95
53, 94
53, 92
52, 91
52, 89
51, 88
51, 86
50, 85
50, 82
49, 81
49, 78
48, 77
48, 74
47, 73
47, 70
46, 69
46, 66
45, 65
45, 62
44, 61
44, 58
43, 57
43, 55
42, 54
42, 52
41, 51
41, 48
40, 47
40, 45
39, 44
39, 43
38, 42
36, 42
36, 48
37, 49
37, 52
38, 53
38, 55
39, 56
39, 59
40, 60
40, 62
41, 63
41, 66
42, 67
42, 69
43, 70
43, 72
44, 73
44, 76
45, 77
45, 79
46, 80
46, 84
47, 85
47, 88
48, 89
48, 94
49, 95
49, 99
50, 100
50, 104
51, 105
51, 109
52, 110
52, 114
53, 115
53, 119
54, 120
54, 123
55, 124
55, 127
56, 128
56, 132
57, 133
57, 136
58, 137
58, 141
59, 142
59, 145
60, 146
60, 150
61, 151
61, 155
62, 156
62, 160
63, 161
63, 165
64, 166
64, 169
65, 170
65, 174
66, 175
66, 178
67, 179
67, 182
68, 183
68, 187
69, 188
69, 192
70, 193
70, 197
71, 198
71, 199
70, 200
69, 200
63, 194
62, 194
59, 191
59, 190
54, 185
54, 184
51, 181
51, 180
49, 178
49, 177
47, 175
47, 174
45, 172
45, 171
43, 169
43, 164
42, 163
42, 159
41, 158
41, 154
40, 153
40, 150
39, 149
39, 147
38, 146
38, 144
37, 143
37, 142
36, 141
36, 139
35, 138
35, 137
34, 136
34, 135
32, 133
32, 132
30, 130
29, 130
28, 129
25, 129
21, 133
21, 134
20, 135
20, 136
19, 137
19, 139
18, 140
18, 143
17, 144
17, 150
16, 151
16, 173
17, 174
17, 175
18, 176
19, 175
19, 151
20, 150
20, 145
21, 144
21, 141
22, 140
22, 138
23, 137
23, 136
24, 135
24, 134
26, 132
27, 132
31, 136
31, 137
32, 138
32, 139
33, 140
33, 141
34, 142
34, 144
35, 145
35, 147
36, 148
36, 150
37, 151
37, 154
38, 155
38, 158
37, 159
36, 158
34, 158
33, 159
34, 160
34, 161
36, 163
36, 164
38, 166
38, 167
39, 168
39, 169
40, 170
40, 172
41, 173
41, 183
42, 184
42, 199
43, 200
43, 212
44, 213
44, 224
45, 225
45, 236
46, 237
46, 253
47, 254
47, 300
48, 301
48, 306
49, 307
49, 310
52, 310
52, 307
51, 306
51, 301
50, 300
50, 254
49, 253
49, 237
48, 236
48, 225
47, 224
47, 213
46, 212
46, 200
45, 199
45, 184
44, 183
44, 179
45, 178
48, 181
48, 182
50, 184
50, 185
53, 188
53, 189
66, 202
67, 202
69, 204
73, 204
73, 203
74, 202
74, 197
73, 196
73, 192
72, 191
72, 187
71, 186
71, 183
70, 182
70, 178
69, 177
69, 174
68, 173
68, 169
67, 168
67, 165
66, 164
66, 160
65, 159
65, 155
64, 154
64, 150
63, 149
63, 145
62, 144
62, 141
61, 140
61, 136
60, 135
60, 132
59, 131
59, 127
58, 126
58, 123
57, 122
57, 120
58, 119
59, 120
59, 121
60, 122
60, 124
61, 125
61, 127
62, 128
62, 130
63, 131
63, 133
64, 134
64, 135
65, 136
65, 138
66, 139
66, 141
67, 142
67, 143
68, 144
68, 146
69, 147
69, 149
70, 150
70, 151
71, 152
71, 154
72, 155
72, 156
73, 157
73, 159
74, 160
74, 162
75, 163
75, 164
76, 165
76, 167
77, 168
77, 169
78, 170
78, 172
79, 173
79, 174
80, 175
80, 177
81, 178
81, 179
82, 180
82, 181
83, 182
83, 184
84, 185
84, 186
85, 187
85, 188
86, 189
86, 190
87, 191
87, 193
88, 194
88, 195
89, 196
89, 197
90, 198
90, 199
91, 200
91, 201
92, 202
92, 203
93, 204
93, 205
95, 207
95, 208
97, 208
98, 207
98, 199
97, 198
97, 193
96, 192
96, 188
95, 187
95, 183
94, 182
94, 178
93, 177
93, 172
92, 171
92, 167
91, 166
91, 162
90, 161
90, 156
89, 155
89, 151
88, 150
88, 146
87, 145
87, 140
86, 139
86, 124
87, 123
88, 123
92, 127
92, 128
94, 130
94, 131
95, 132
95, 133
96, 134
96, 135
97, 136
97, 137
99, 139
99, 140
100, 141
100, 142
101, 143
101, 144
102, 145
102, 146
103, 147
103, 148
104, 149
104, 151
105, 152
105, 153
106, 154
106, 155
107, 156
107, 158
108, 159
108, 160
109, 161
109, 162
110, 163
110, 165
111, 166
111, 167
112, 168
112, 170
113, 171
113, 172
114, 173
114, 175
115, 176
115, 178
116, 179
116, 181
117, 182
117, 183
118, 184
119, 184
120, 183
120, 180
119, 179
119, 176
118, 175
118, 171
117, 170
117, 164
116, 163
116, 156
115, 155
115, 134
116, 133
117, 133
120, 136
120, 137
122, 139
122, 140
123, 141
123, 142
124, 143
124, 144
125, 145
125, 146
126, 147
126, 150
127, 151
127, 162
128, 163
128, 170
129, 171
129, 177
130, 178
130, 182
131, 183
131, 187
132, 188
132, 190
133, 191
133, 192
134, 193
134, 194
135, 195
135, 196
136, 196
137, 197
140, 197
142, 195
142, 188
141, 187
141, 184
140, 183
140, 180
139, 179
139, 177
138, 176
138, 173
137, 172
137, 169
136, 168
136, 166
135, 165
135, 163
134, 162
134, 160
133, 159
133, 157
132, 156
132, 154
131, 153
131, 151
130, 150
130, 148
129, 147
129, 120
130, 119
132, 121
132, 122
133, 123
133, 124
134, 125
134, 126
135, 127
135, 129
136, 130
136, 131
137, 132
137, 133
138, 134
138, 136
139, 137
139, 138
140, 139
140, 140
141, 141
141, 143
142, 144
142, 145
143, 146
143, 147
144, 148
144, 150
145, 151
145, 152
146, 153
146, 155
147, 156
147, 157
148, 158
148, 160
149, 161
149, 162
150, 163
150, 165
151, 166
151, 167
152, 168
152, 169
153, 170
153, 171
154, 172
154, 174
155, 175
155, 176
156, 177
156, 178
157, 179
157, 180
159, 182
159, 183
160, 184
160, 185
161, 186
161, 187
162, 188
162, 189
163, 190
163, 191
164, 192
164, 193
166, 195
166, 196
167, 197
167, 198
170, 201
171, 201
173, 199
173, 192
172, 191
172, 188
171, 187
171, 184
170, 183
170, 180
169, 179
169, 177
168, 176
168, 174
167, 173
167, 170
166, 169
166, 167
165, 166
165, 163
164, 162
164, 158
163, 157
163, 153
162, 152
162, 145
161, 144
161, 121
162, 120
162, 119
164, 117
165, 117
166, 118
167, 118
173, 124
173, 125
175, 127
175, 128
178, 131
178, 132
181, 135
181, 136
182, 137
182, 143
183, 144
183, 150
184, 151
184, 156
185, 157
185, 161
186, 162
186, 166
187, 167
187, 169
188, 170
188, 172
189, 173
189, 175
190, 176
190, 178
191, 179
191, 180
192, 181
192, 182
193, 183
193, 184
197, 188
198, 188
199, 189
202, 189
206, 185
206, 184
208, 182
208, 181
209, 180
209, 179
210, 178
210, 177
211, 176
211, 175
212, 174
212, 173
213, 172
213, 169
214, 168
214, 164
215, 163
216, 164
216, 165
217, 166
217, 167
218, 168
218, 169
219, 170
219, 172
220, 173
220, 174
221, 175
221, 177
222, 178
222, 179
223, 180
223, 182
224, 183
224, 184
225, 185
225, 187
226, 188
226, 189
227, 190
227, 192
228, 193
228, 195
229, 196
229, 198
230, 199
230, 201
231, 202
231, 203
232, 204
232, 206
233, 207
233, 209
234, 210
234, 212
235, 213
235, 215
236, 216
236, 218
237, 219
237, 220
238, 221
238, 223
239, 224
239, 226
240, 227
240, 228
243, 228
243, 223
242, 222
242, 218
241, 217
241, 212
240, 211
240, 206
239, 205
239, 200
238, 199
238, 195
237, 194
237, 189
236, 188
236, 186
237, 185
238, 186
238, 187
239, 188
239, 190
240, 191
240, 192
241, 193
241, 195
242, 196
242, 197
244, 199
245, 199
246, 198
246, 191
245, 190
245, 182
244, 181
244, 174
243, 173
243, 165
242, 164
242, 157
241, 156
241, 148
240, 147
240, 136
239, 135
239, 114
240, 113
240, 111
241, 110
242, 110
244, 112
244, 113
246, 115
246, 116
247, 117
247, 118
248, 119
248, 120
249, 121
249, 122
250, 123
250, 124
251, 125
251, 126
252, 127
252, 129
253, 130
253, 131
254, 132
254, 134
255, 135
255, 137
256, 138
256, 141
257, 142
257, 144
258, 145
258, 147
259, 148
259, 150
260, 151
260, 153
261, 154
261, 156
262, 157
262, 159
263, 160
263, 161
264, 162
264, 164
265, 165
265, 166
266, 167
266, 168
267, 169
267, 170
268, 171
268, 172
270, 174
270, 175
271, 176
271, 177
272, 178
272, 179
273, 180
274, 180
275, 179
275, 173
274, 172
274, 169
273, 168
273, 165
272, 164
272, 161
271, 160
271, 157
270, 156
270, 152
269, 151
269, 147
268, 146
268, 140
267, 139
267, 119
268, 118
269, 118
270, 119
270, 120
271, 121
271, 122
272, 123
272, 124
273, 125
273, 126
274, 127
274, 128
275, 129
275, 131
276, 132
276, 133
277, 134
277, 136
278, 137
278, 138
279, 139
279, 141
280, 142
280, 144
281, 145
281, 146
282, 147
282, 149
283, 150
283, 152
284, 153
284, 154
285, 155
285, 157
286, 158
286, 160
287, 161
287, 163
288, 164
288, 165
289, 166
289, 168
290, 169
292, 169
293, 168
293, 167
292, 166
292, 162
291, 161
291, 157
290, 156
290, 150
289, 149
289, 144
288, 143
288, 135
287, 134
287, 118
289, 116
293, 120
293, 121
295, 123
295, 124
296, 125
296, 126
297, 127
297, 128
298, 129
298, 130
299, 131
299, 132
300, 133
300, 134
301, 135
301, 136
302, 137
302, 138
303, 139
303, 140
304, 141
304, 142
306, 144
306, 145
307, 146
307, 147
308, 148
308, 149
309, 150
309, 152
310, 153
310, 154
311, 155
311, 158
312, 159
312, 163
313, 164
313, 165
315, 167
316, 167
317, 166
317, 162
316, 161
316, 159
315, 158
315, 156
314, 155
314, 132
315, 131
317, 133
317, 135
318, 136
318, 137
319, 138
319, 139
320, 140
320, 141
321, 142
321, 144
322, 145
322, 146
323, 147
323, 148
324, 149
324, 151
325, 152
325, 153
326, 154
326, 156
327, 157
327, 158
328, 159
328, 160
329, 161
329, 163
330, 164
330, 165
331, 166
331, 167
332, 168
332, 169
333, 170
333, 172
334, 173
334, 174
335, 175
335, 176
336, 177
336, 178
337, 179
337, 180
338, 181
338, 182
339, 183
339, 184
340, 185
342, 185
343, 184
343, 182
342, 181
342, 179
341, 178
341, 176
340, 175
340, 172
339, 171
339, 168
338, 167
338, 163
337, 162
337, 157
336, 156
336, 151
335, 150
335, 146
334, 145
334, 140
333, 139
333, 134
332, 133
332, 127
331, 126
331, 116
330, 115
330, 107
331, 106
331, 101
333, 99
335, 101
335, 102
336, 103
336, 104
337, 105
337, 106
338, 107
338, 108
339, 109
340, 109
341, 108
341, 106
340, 105
340, 104
339, 103
339, 102
338, 101
338, 99
335, 96
331, 96
329, 98
329, 99
328, 100
328, 105
327, 106
327, 117
328, 118
328, 126
329, 127
329, 134
330, 135
330, 140
331, 141
331, 145
332, 146
332, 151
333, 152
333, 157
334, 158
334, 161
333, 162
332, 161
332, 160
331, 159
331, 158
330, 157
330, 156
329, 155
329, 153
328, 152
328, 151
327, 150
327, 149
326, 148
326, 146
325, 145
325, 144
324, 143
324, 141
323, 140
323, 139
322, 138
322, 137
321, 136
321, 135
320, 134
320, 132
319, 131
319, 130
317, 128
317, 127
315, 125
312, 125
311, 126
311, 129
310, 130
310, 133
311, 134
311, 143
310, 144
308, 142
308, 141
306, 139
306, 138
305, 137
305, 136
304, 135
304, 134
303, 133
303, 132
302, 131
302, 130
301, 129
301, 128
300, 127
300, 126
299, 125
299, 124
298, 123
298, 122
296, 120
296, 119
295, 118
295, 117
291, 113
286, 113
285, 114
285, 116
284, 117
284, 134
285, 135
285, 142
284, 143
283, 142
283, 141
282, 140
282, 139
281, 138
281, 136
280, 135
280, 133
279, 132
279, 131
278, 130
278, 128
277, 127
277, 126
276, 125
276, 124
275, 123
275, 122
274, 121
274, 120
273, 119
273, 118
271, 116
271, 115
270, 115
269, 114
266, 114
265, 115
265, 117
264, 118
264, 140
265, 141
265, 146
266, 147
266, 152
267, 153
267, 156
268, 157
268, 160
267, 161
266, 160
266, 159
265, 158
265, 156
264, 155
264, 153
263, 152
263, 150
262, 149
262, 147
261, 146
261, 144
260, 143
260, 141
259, 140
259, 138
258, 137
258, 134
257, 133
257, 132
256, 131
256, 129
255, 128
255, 126
254, 125
254, 124
253, 123
253, 122
252, 121
252, 120
251, 119
251, 118
250, 117
250, 116
249, 115
249, 114
248, 113
248, 112
243, 107
239, 107
238, 108
238, 109
237, 110
237, 112
236, 113
236, 136
237, 137
237, 148
238, 149
238, 156
239, 157
239, 165
240, 166
240, 173
241, 174
241, 180
240, 181
239, 180
239, 179
238, 178
238, 176
237, 175
237, 173
236, 172
236, 170
235, 169
235, 167
234, 166
234, 164
233, 163
233, 161
232, 160
232, 158
231, 157
231, 155
230, 154
230, 151
229, 150
229, 147
228, 146
228, 143
227, 142
227, 138
226, 137
226, 133
225, 132
225, 128
224, 127
224, 123
223, 122
223, 118
222, 117
222, 113
221, 112
221, 108
220, 107
220, 103
219, 102
219, 98
218, 97
218, 93
217, 92
217, 89
216, 88
216, 84
215, 83
215, 80
214, 79
214, 76
213, 75
213, 72
212, 71
212, 67
211, 66
211, 63
210, 62
210, 59
209, 58
209, 56
208, 55
208, 52
207, 51
207, 48
206, 47
206, 44
205, 43
205, 40
204, 39
204, 36
203, 35
203, 33
202, 32
202, 29
201, 28
201, 25
200, 24
200, 22
199, 21
199, 18
198, 17
198, 16
134, 170
134, 173
135, 174
135, 176
136, 177
136, 180
137, 181
137, 183
138, 184
138, 187
139, 188
139, 192
138, 193
136, 191
136, 190
135, 189
135, 187
134, 186
134, 183
133, 182
133, 177
132, 176
133, 168
131, 169
113, 157
111, 158
185, 117
186, 116
188, 116
189, 117
189, 118
192, 121
192, 122
194, 124
194, 125
196, 127
196, 128
197, 129
197, 130
199, 132
199, 133
200, 134
200, 135
202, 137
202, 138
203, 139
203, 140
204, 141
204, 142
205, 143
205, 144
206, 145
206, 147
207, 148
207, 150
208, 151
208, 153
209, 154
209, 156
210, 157
210, 161
211, 162
211, 167
210, 168
210, 171
209, 172
209, 173
208, 174
208, 175
207, 176
207, 177
206, 178
206, 179
205, 180
205, 181
200, 186
195, 181
195, 180
194, 179
194, 178
193, 177
193, 175
192, 174
192, 172
191, 171
191, 169
190, 168
190, 166
189, 165
189, 161
188, 160
188, 156
187, 155
187, 150
186, 149
186, 143
185, 142
