4, 2
490, 4
488, 369
2, 367
98, 16
97, 17
96, 17
95, 18
94, 18
89, 23
88, 23
84, 27
84, 28
80, 32
80, 33
78, 35
78, 36
76, 38
76, 39
74, 41
74, 42
72, 44
72, 45
70, 47
70, 48
68, 50
68, 51
67, 52
67, 53
65, 55
65, 56
64, 57
64, 58
62, 60
62, 61
60, 63
60, 64
59, 65
59, 66
58, 67
58, 68
57, 69
57, 70
55, 72
55, 73
54, 74
54, 76
53, 77
53, 78
52, 79
52, 80
51, 81
51, 83
50, 84
50, 85
49, 86
49, 88
48, 89
48, 92
47, 93
47, 96
46, 97
46, 101
45, 102
45, 106
46, 107
46, 108
47, 109
47, 100
48, 99
48, 95
49, 94
49, 91
50, 90
50, 88
51, 87
51, 85
52, 84
52, 82
53, 81
53, 80
54, 79
54, 78
55, 77
55, 76
56, 75
56, 74
57, 73
57, 72
58, 71
58, 70
59, 69
59, 68
60, 67
60, 66
62, 64
62, 63
63, 62
63, 61
65, 59
65, 58
66, 57
66, 56
68, 54
68, 53
70, 51
70, 50
71, 49
71, 48
73, 46
73, 45
75, 43
75, 42
77, 40
77, 39
79, 37
79, 36
81, 34
81, 33
95, 19
96, 19
97, 18
99, 18
100, 19
100, 38
99, 39
99, 48
98, 49
98, 58
97, 59
97, 67
96, 68
96, 77
95, 78
95, 87
94, 88
94, 97
93, 98
93, 107
92, 108
92, 118
91, 119
91, 130
90, 131
90, 149
89, 150
89, 154
90, 155
90, 167
91, 168
91, 173
92, 174
92, 176
93, 177
93, 179
94, 180
94, 181
95, 182
95, 183
96, 184
96, 185
97, 186
98, 186
100, 188
105, 188
106, 187
108, 187
109, 186
110, 186
111, 185
112, 185
113, 184
114, 184
115, 183
116, 183
118, 181
119, 181
120, 180
121, 180
123, 178
124, 178
126, 176
127, 176
130, 173
131, 173
138, 166
139, 166
142, 163
142, 162
150, 154
150, 153
153, 150
153, 149
156, 146
156, 145
158, 143
158, 142
160, 140
160, 139
162, 137
162, 136
164, 134
164, 133
166, 131
166, 130
168, 128
168, 127
170, 125
170, 124
171, 123
171, 122
173, 120
173, 119
175, 117
175, 116
176, 115
176, 114
178, 112
178, 111
179, 110
179, 109
181, 107
181, 106
182, 105
182, 104
183, 103
183, 102
185, 100
185, 99
186, 98
186, 97
188, 95
188, 94
189, 93
189, 92
190, 91
190, 90
192, 88
192, 87
193, 86
193, 85
195, 83
195, 82
196, 81
196, 80
198, 78
198, 77
199, 76
199, 75
201, 73
201, 72
203, 70
203, 69
205, 67
205, 66
206, 65
206, 64
208, 62
208, 61
209, 60
209, 59
210, 58
210, 57
211, 56
211, 55
213, 53
214, 54
214, 64
213, 65
213, 71
212, 72
212, 78
211, 79
211, 84
210, 85
210, 90
209, 91
209, 96
208, 97
208, 102
207, 103
207, 108
206, 109
206, 114
205, 115
205, 120
204, 121
204, 127
203, 128
203, 135
202, 136
202, 159
203, 160
203, 164
204, 165
204, 167
205, 168
205, 170
207, 172
207, 173
210, 176
211, 176
212, 177
218, 177
219, 176
220, 176
221, 175
222, 175
223, 174
224, 174
225, 173
226, 173
228, 171
229, 171
232, 168
233, 168
247, 154
247, 153
250, 150
250, 149
252, 147
252, 146
254, 144
254, 143
256, 141
256, 140
258, 138
258, 137
260, 135
260, 134
262, 132
262, 131
263, 130
263, 129
265, 127
265, 126
266, 125
266, 124
268, 122
268, 121
269, 120
269, 119
270, 118
270, 117
271, 116
271, 115
273, 113
273, 112
274, 111
274, 110
275, 109
275, 108
277, 106
277, 105
278, 104
278, 103
280, 101
280, 100
281, 99
281, 98
283, 96
283, 95
284, 94
284, 93
285, 92
285, 91
287, 89
287, 88
288, 87
288, 86
289, 85
289, 84
290, 83
290, 82
292, 80
292, 79
293, 78
293, 77
294, 76
294, 75
296, 73
296, 72
299, 69
301, 71
301, 77
300, 78
300, 85
299, 86
299, 92
298, 93
298, 98
297, 99
297, 104
296, 105
296, 110
295, 111
295, 116
294, 117
294, 123
293, 124
293, 132
292, 133
292, 152
293, 153
293, 157
294, 158
294, 159
295, 160
295, 162
297, 164
297, 165
301, 169
302, 169
303, 170
305, 170
306, 171
315, 171
316, 170
319, 170
320, 169
322, 169
323, 168
325, 168
326, 167
328, 167
329, 166
331, 166
332, 165
333, 165
334, 164
336, 164
337, 163
339, 163
340, 162
342, 162
343, 161
345, 161
346, 160
357, 160
361, 164
361, 165
362, 166
362, 171
363, 172
363, 178
362, 179
362, 187
361, 188
361, 192
360, 193
360, 196
359, 197
359, 200
358, 201
358, 203
357, 204
357, 206
356, 207
356, 209
355, 210
355, 212
354, 213
354, 214
353, 215
353, 216
352, 217
352, 219
351, 220
351, 221
350, 222
350, 223
349, 224
349, 225
347, 227
307, 227
306, 228
293, 228
292, 229
281, 229
280, 230
274, 230
273, 231
266, 231
265, 232
259, 232
258, 233
253, 233
252, 234
247, 234
246, 235
241, 235
240, 236
235, 236
234, 237
230, 237
229, 238
226, 238
225, 239
221, 239
220, 240
216, 240
215, 241
212, 241
211, 242
207, 242
206, 243
203, 243
202, 244
199, 244
198, 245
195, 245
194, 246
191, 246
190, 247
186, 247
185, 248
182, 248
181, 249
178, 249
177, 250
173, 250
172, 251
169, 251
168, 252
165, 252
164, 253
160, 253
159, 254
156, 254
155, 255
151, 255
150, 256
147, 256
146, 257
143, 257
142, 258
138, 258
137, 259
133, 259
132, 260
128, 260
127, 261
122, 261
121, 262
117, 262
116, 263
112, 263
111, 264
106, 264
105, 265
101, 265
100, 266
96, 266
95, 267
90, 267
89, 268
84, 268
83, 269
78, 269
77, 270
73, 270
72, 271
68, 271
67, 272
63, 272
62, 273
59, 273
58, 274
54, 274
53, 275
51, 275
50, 276
48, 276
47, 277
45, 277
44, 278
43, 278
42, 279
40, 279
39, 280
38, 280
37, 281
36, 281
35, 282
34, 282
33, 283
32, 283
29, 286
28, 286
26, 288
26, 289
24, 291
24, 292
23, 293
23, 294
22, 295
22, 305
23, 306
23, 308
24, 309
24, 310
25, 311
25, 312
26, 313
26, 314
29, 317
29, 318
37, 326
38, 326
41, 329
42, 329
44, 331
45, 331
47, 333
48, 333
49, 334
50, 334
51, 335
52, 335
53, 336
54, 336
55, 337
56, 337
57, 338
58, 338
59, 339
60, 339
61, 340
63, 340
64, 341
65, 341
66, 342
68, 342
69, 343
71, 343
72, 344
74, 344
75, 345
77, 345
78, 346
81, 346
82, 347
84, 347
85, 348
89, 348
90, 349
93, 349
94, 350
99, 350
100, 351
105, 351
106, 352
114, 352
115, 353
129, 353
130, 354
155, 354
156, 353
170, 353
171, 352
179, 352
180, 351
187, 351
188, 350
193, 350
194, 349
199, 349
200, 348
204, 348
205, 347
208, 347
209, 346
213, 346
214, 345
217, 345
218, 344
221, 344
222, 343
224, 343
225, 342
228, 342
229, 341
231, 341
232, 340
233, 340
234, 339
236, 339
237, 338
239, 338
240, 337
241, 337
242, 336
244, 336
245, 335
246, 335
247, 334
249, 334
250, 333
251, 333
252, 332
253, 332
254, 331
255, 331
256, 330
257, 330
258, 329
259, 329
260, 328
261, 328
262, 327
263, 327
265, 325
266, 325
267, 324
268, 324
270, 322
271, 322
273, 320
274, 320
276, 318
277, 318
279, 316
280, 316
283, 313
284, 313
288, 309
289, 309
299, 299
300, 299
305, 294
305, 293
313, 285
313, 284
317, 280
317, 279
321, 275
321, 274
324, 271
324, 270
326, 268
326, 267
329, 264
329, 263
331, 261
331, 260
332, 259
332, 258
334, 256
334, 255
336, 253
336, 252
337, 251
337, 250
339, 248
339, 247
340, 246
340, 245
341, 244
341, 243
343, 241
343, 240
344, 239
344, 238
345, 237
345, 236
346, 235
346, 234
347, 233
347, 232
350, 229
400, 229
401, 230
432, 230
433, 231
448, 231
449, 232
456, 232
457, 233
464, 233
465, 234
467, 234
468, 233
467, 232
462, 232
461, 231
454, 231
453, 230
445, 230
444, 229
429, 229
428, 228
393, 228
392, 227
352, 227
351, 226
351, 224
352, 223
352, 221
353, 220
353, 219
354, 218
354, 216
355, 215
355, 214
356, 213
356, 211
357, 210
357, 208
358, 207
358, 206
359, 205
359, 203
360, 202
360, 199
361, 198
361, 195
362, 194
362, 191
363, 190
363, 185
364, 184
364, 167
363, 166
363, 164
361, 162
361, 161
360, 160
359, 160
358, 159
357, 159
356, 158
348, 158
347, 159
344, 159
343, 160
341, 160
340, 161
338, 161
337, 162
336, 162
335, 163
333, 163
332, 164
330, 164
329, 165
328, 165
327, 166
325, 166
324, 167
322, 167
321, 168
318, 168
317, 169
305, 169
304, 168
303, 168
302, 167
301, 167
298, 164
298, 163
297, 162
297, 161
296, 160
296, 159
295, 158
295, 155
294, 154
294, 130
295, 129
295, 122
296, 121
296, 115
297, 114
297, 109
298, 108
298, 103
299, 102
299, 97
300, 96
300, 91
301, 90
301, 84
302, 83
302, 68
301, 67
299, 67
295, 71
295, 72
293, 74
293, 75
292, 76
292, 77
291, 78
291, 79
289, 81
289, 82
288, 83
288, 84
287, 85
287, 86
286, 87
286, 88
284, 90
284, 91
283, 92
283, 93
282, 94
282, 95
280, 97
280, 98
279, 99
279, 100
277, 102
277, 103
276, 104
276, 105
274, 107
274, 108
273, 109
273, 110
272, 111
272, 112
270, 114
270, 115
269, 116
269, 117
267, 119
267, 120
266, 121
266, 122
265, 123
265, 124
264, 125
264, 126
262, 128
262, 129
261, 130
261, 131
259, 133
259, 134
257, 136
257, 137
255, 139
255, 140
253, 142
253, 143
251, 145
251, 146
248, 149
248, 150
245, 153
245, 154
233, 166
232, 166
228, 170
227, 170
225, 172
224, 172
223, 173
222, 173
221, 174
220, 174
219, 175
211, 175
208, 172
208, 171
207, 170
207, 169
206, 168
206, 166
205, 165
205, 162
204, 161
204, 149
203, 148
203, 147
204, 146
204, 133
205, 132
205, 125
206, 124
206, 119
207, 118
207, 112
208, 111
208, 106
209, 105
209, 101
210, 100
210, 95
211, 94
211, 89
212, 88
212, 83
213, 82
213, 77
214, 76
214, 69
215, 68
215, 62
216, 61
216, 49
215, 48
213, 48
213, 49
212, 50
212, 51
211, 52
211, 53
210, 54
210, 55
209, 56
209, 57
208, 58
208, 59
207, 60
207, 61
205, 63
205, 64
203, 66
203, 67
201, 69
201, 70
200, 71
200, 72
198, 74
198, 75
196, 77
196, 78
195, 79
195, 80
194, 81
194, 82
192, 84
192, 85
191, 86
191, 87
189, 89
189, 90
188, 91
188, 92
186, 94
186, 95
185, 96
185, 97
184, 98
184, 99
182, 101
182, 102
181, 103
181, 104
179, 106
179, 107
178, 108
178, 109
177, 110
177, 111
175, 113
175, 114
174, 115
174, 116
172, 118
172, 119
170, 121
170, 122
168, 124
168, 125
167, 126
167, 127
165, 129
165, 130
163, 132
163, 133
161, 135
161, 136
159, 138
159, 139
157, 141
157, 142
154, 145
154, 146
152, 148
152, 149
148, 153
148, 154
131, 171
130, 171
127, 174
126, 174
123, 177
122, 177
121, 178
120, 178
118, 180
117, 180
116, 181
115, 181
113, 183
112, 183
111, 184
110, 184
109, 185
107, 185
106, 186
100, 186
96, 182
96, 181
95, 180
95, 179
94, 178
94, 176
93, 175
93, 171
92, 170
92, 163
91, 162
91, 141
92, 140
92, 127
93, 126
93, 116
94, 115
94, 105
95, 104
95, 95
96, 94
96, 85
97, 84
97, 75
98, 74
98, 65
99, 64
99, 56
100, 55
100, 46
101, 45
101, 36
102, 35
102, 20
101, 19
101, 18
99, 16
328, 229
329, 228
345, 228
346, 229
346, 232
345, 233
345, 234
344, 235
344, 236
343, 237
343, 238
341, 240
341, 241
340, 242
340, 243
339, 244
339, 245
337, 247
337, 248
336, 249
336, 250
334, 252
334, 253
333, 254
333, 255
331, 257
331, 258
329, 260
329, 261
327, 263
327, 264
325, 266
325, 267
322, 270
322, 271
319, 274
319, 275
315, 279
315, 280
311, 284
311, 285
289, 307
288, 307
283, 312
282, 312
280, 314
279, 314
276, 317
275, 317
273, 319
272, 319
270, 321
269, 321
268, 322
267, 322
265, 324
264, 324
263, 325
262, 325
260, 327
259, 327
258, 328
257, 328
256, 329
255, 329
254, 330
253, 330
252, 331
251, 331
250, 332
248, 332
247, 333
246, 333
245, 334
244, 334
243, 335
241, 335
240, 336
239, 336
238, 337
236, 337
235, 338
233, 338
232, 339
230, 339
229, 340
227, 340
226, 341
223, 341
222, 342
219, 342
218, 343
216, 343
215, 344
211, 344
210, 345
207, 345
206, 346
202, 346
201, 347
196, 347
195, 348
190, 348
189, 349
183, 349
182, 350
175, 350
174, 351
163, 351
162, 352
124, 352
123, 351
112, 351
111, 350
104, 350
103, 349
97, 349
96, 348
92, 348
91, 347
88, 347
87, 346
84, 346
83, 345
80, 345
79, 344
77, 344
76, 343
74, 343
73, 342
71, 342
70, 341
68, 341
67, 340
65, 340
64, 339
62, 339
61, 338
60, 338
59, 337
58, 337
57, 336
56, 336
55, 335
54, 335
53, 334
52, 334
51, 333
50, 333
48, 331
47, 331
45, 329
44, 329
42, 327
41, 327
38, 324
37, 324
30, 317
30, 316
28, 314
28, 313
26, 311
26, 310
25, 309
25, 307
24, 306
24, 303
23, 302
23, 298
24, 297
24, 294
25, 293
25, 292
33, 284
34, 284
35, 283
36, 283
37, 282
38, 282
39, 281
41, 281
42, 280
43, 280
44, 279
46, 279
47, 278
48, 278
49, 277
52, 277
53, 276
56, 276
57, 275
60, 275
61, 274
65, 274
66, 273
70, 273
71, 272
75, 272
76, 271
81, 271
82, 270
87, 270
88, 269
92, 269
93, 268
98, 268
99, 267
103, 267
104, 266
109, 266
110, 265
114, 265
115, 264
119, 264
120, 263
124, 263
125, 262
130, 262
131, 261
135, 261
136, 260
140, 260
141, 259
144, 259
145, 258
149, 258
150, 257
153, 257
154, 256
157, 256
158, 255
162, 255
163, 254
166, 254
167, 253
171, 253
172, 252
175, 252
176, 251
179, 251
180, 250
183, 250
184, 249
188, 249
189, 248
192, 248
193, 247
196, 247
197, 246
200, 246
201, 245
204, 245
205, 244
209, 244
210, 243
213, 243
214, 242
218, 242
219, 241
223, 241
224, 240
227, 240
228, 239
232, 239
233, 238
238, 238
239, 237
244, 237
245, 236
250, 236
251, 235
255, 235
256, 234
262, 234
263, 233
270, 233
271, 232
278, 232
279, 231
288, 231
289, 230
302, 230
303, 229
