4, 2
496, 4
494, 286
2, 284
279, 172
278, 173
278, 176
279, 177
279, 178
281, 180
281, 181
283, 183
284, 183
290, 189
291, 189
293, 191
294, 191
297, 194
298, 194
300, 196
301, 196
303, 198
304, 198
305, 199
306, 199
308, 201
309, 201
310, 202
311, 202
312, 203
313, 203
314, 204
315, 204
316, 205
317, 205
319, 207
320, 207
321, 208
323, 208
324, 209
325, 209
326, 210
327, 210
328, 211
329, 211
330, 212
331, 212
332, 213
333, 213
334, 214
336, 214
337, 215
338, 215
339, 216
341, 216
342, 217
344, 217
345, 218
346, 218
347, 219
349, 219
350, 220
352, 220
353, 221
355, 221
356, 222
358, 222
359, 223
361, 223
362, 224
365, 224
366, 225
368, 225
369, 226
372, 226
373, 227
375, 227
376, 228
379, 228
380, 229
383, 229
384, 230
387, 230
388, 231
391, 231
392, 232
395, 232
396, 233
399, 233
400, 234
403, 234
404, 235
408, 235
409, 236
412, 236
413, 237
416, 237
417, 238
420, 238
421, 239
424, 239
425, 240
428, 240
429, 241
432, 241
433, 242
436, 242
437, 243
441, 243
442, 244
446, 244
447, 245
451, 245
452, 246
458, 246
459, 247
465, 247
466, 248
473, 248
474, 249
475, 249
476, 248
476, 247
477, 246
477, 245
475, 243
469, 243
468, 242
462, 242
461, 241
454, 241
453, 240
450, 240
449, 239
444, 239
443, 238
440, 238
439, 237
435, 237
434, 236
431, 236
430, 235
427, 235
426, 234
423, 234
422, 233
419, 233
418, 232
415, 232
414, 231
411, 231
410, 230
407, 230
406, 229
402, 229
401, 228
398, 228
397, 227
394, 227
393, 226
390, 226
389, 225
386, 225
385, 224
382, 224
381, 223
378, 223
377, 222
375, 222
374, 221
371, 221
370, 220
368, 220
367, 219
364, 219
363, 218
361, 218
360, 217
358, 217
357, 216
355, 216
354, 215
352, 215
351, 214
349, 214
348, 213
347, 213
346, 212
344, 212
343, 211
341, 211
340, 210
339, 210
338, 209
337, 209
336, 208
334, 208
333, 207
332, 207
331, 206
330, 206
329, 205
328, 205
327, 204
326, 204
325, 203
324, 203
323, 202
322, 202
321, 201
320, 201
319, 200
318, 200
317, 199
316, 199
315, 198
314, 198
313, 197
312, 197
310, 195
309, 195
308, 194
307, 194
305, 192
304, 192
302, 190
301, 190
299, 188
298, 188
295, 185
294, 185
289, 180
288, 180
285, 177
285, 176
283, 174
283, 173
282, 172
246, 30
245, 31
244, 31
242, 33
242, 34
240, 36
240, 37
239, 38
239, 40
238, 41
238, 44
237, 45
237, 51
236, 52
236, 60
235, 61
235, 66
236, 67
238, 67
239, 66
239, 64
240, 63
240, 59
241, 58
241, 49
242, 48
242, 44
243, 43
243, 41
244, 40
244, 39
245, 38
245, 37
247, 35
251, 35
254, 38
255, 38
263, 46
263, 47
270, 54
270, 55
276, 61
276, 62
281, 67
281, 68
285, 72
285, 73
288, 76
288, 77
291, 80
291, 81
293, 83
293, 84
295, 86
295, 87
298, 90
298, 91
299, 92
299, 93
301, 95
301, 96
303, 98
303, 99
304, 100
304, 101
306, 103
306, 104
307, 105
307, 106
309, 108
309, 109
310, 110
310, 111
311, 112
311, 113
313, 115
313, 116
314, 117
314, 118
316, 120
316, 121
317, 122
317, 123
318, 124
318, 125
320, 127
320, 128
321, 129
321, 130
322, 131
322, 132
324, 134
324, 135
325, 136
325, 137
326, 138
326, 139
328, 141
328, 142
329, 143
329, 144
330, 145
330, 146
331, 147
331, 148
333, 150
333, 151
334, 152
334, 153
336, 155
336, 156
337, 157
337, 158
338, 159
338, 160
340, 162
340, 163
342, 165
342, 166
343, 167
343, 168
345, 170
345, 171
347, 173
347, 174
348, 175
348, 176
350, 178
350, 179
353, 182
353, 183
355, 185
355, 186
358, 189
358, 190
361, 193
361, 194
365, 198
365, 199
369, 203
369, 204
373, 208
373, 209
379, 215
379, 216
380, 217
381, 217
382, 218
383, 218
385, 216
385, 214
384, 213
383, 213
382, 212
382, 211
376, 205
376, 204
372, 200
372, 199
368, 195
368, 194
364, 190
364, 189
361, 186
361, 185
358, 182
358, 181
356, 179
356, 178
354, 176
354, 175
352, 173
352, 172
350, 170
350, 169
348, 167
348, 166
346, 164
346, 163
345, 162
345, 161
343, 159
343, 158
342, 157
342, 156
340, 154
340, 153
339, 152
339, 151
338, 150
338, 149
336, 147
336, 146
335, 145
335, 144
334, 143
334, 142
332, 140
332, 139
331, 138
331, 137
330, 136
330, 135
328, 133
328, 132
327, 131
327, 130
326, 129
326, 128
324, 126
324, 125
323, 124
323, 123
322, 122
322, 121
320, 119
320, 118
319, 117
319, 116
318, 115
318, 114
316, 112
316, 111
315, 110
315, 109
313, 107
313, 106
312, 105
312, 104
311, 103
311, 102
309, 100
309, 99
307, 97
307, 96
306, 95
306, 94
304, 92
304, 91
303, 90
303, 89
301, 87
301, 86
299, 84
299, 83
296, 80
296, 79
294, 77
294, 76
291, 73
291, 72
288, 69
288, 68
284, 64
284, 63
279, 58
279, 57
273, 51
273, 50
264, 41
264, 40
259, 35
258, 35
255, 32
254, 32
253, 31
252, 31
251, 30
23, 12
21, 14
21, 23
22, 24
22, 28
23, 29
23, 33
24, 34
24, 37
25, 38
25, 41
26, 42
26, 44
27, 45
27, 48
28, 49
28, 51
29, 52
29, 54
30, 55
30, 57
31, 58
31, 59
32, 60
32, 62
33, 63
33, 65
34, 66
34, 67
35, 68
35, 69
36, 70
36, 72
37, 73
37, 74
38, 75
38, 76
39, 77
39, 78
40, 79
40, 80
41, 81
41, 82
42, 83
42, 84
43, 85
43, 86
44, 87
44, 88
45, 89
45, 90
46, 91
46, 92
47, 93
47, 94
48, 95
48, 96
49, 97
49, 98
50, 99
50, 100
51, 101
51, 102
52, 103
52, 104
53, 105
53, 106
54, 107
54, 108
55, 109
55, 110
56, 111
56, 112
57, 113
57, 114
58, 115
58, 116
60, 118
60, 119
61, 120
61, 121
62, 122
62, 123
63, 124
63, 125
64, 126
64, 127
66, 129
66, 130
67, 131
67, 132
68, 133
68, 134
69, 135
69, 136
70, 137
70, 138
71, 139
71, 141
72, 142
72, 145
73, 146
73, 149
74, 150
74, 153
75, 154
75, 157
76, 158
76, 161
77, 162
77, 165
78, 166
78, 169
79, 170
79, 174
80, 175
80, 178
81, 179
81, 182
82, 183
82, 186
83, 187
83, 191
84, 192
84, 195
85, 196
85, 199
86, 200
86, 203
87, 204
87, 207
88, 208
88, 211
89, 212
89, 215
90, 216
90, 219
91, 220
91, 222
92, 223
92, 226
93, 227
93, 229
94, 230
94, 233
95, 234
95, 236
96, 237
96, 240
97, 241
97, 243
98, 244
98, 246
99, 247
99, 250
100, 251
100, 253
101, 254
101, 256
102, 257
102, 260
101, 261
100, 260
100, 259
98, 257
98, 256
97, 255
97, 254
95, 252
95, 251
93, 249
93, 248
92, 247
92, 246
90, 244
90, 243
89, 242
89, 241
88, 240
88, 239
86, 237
86, 236
85, 235
85, 234
84, 233
84, 232
82, 230
82, 229
81, 228
81, 227
79, 225
79, 224
77, 222
77, 221
75, 219
75, 218
73, 216
73, 215
71, 213
71, 212
69, 210
69, 209
68, 208
68, 207
66, 205
66, 204
64, 202
64, 201
63, 200
63, 199
62, 198
62, 197
60, 195
60, 194
59, 193
59, 192
58, 191
58, 190
57, 189
57, 188
56, 187
56, 186
55, 185
55, 184
54, 183
54, 182
53, 181
53, 180
52, 179
52, 178
51, 177
51, 176
50, 175
50, 174
49, 173
49, 172
48, 171
48, 170
47, 169
47, 168
46, 167
46, 166
45, 165
45, 163
44, 162
44, 161
43, 160
43, 159
42, 158
42, 157
41, 156
41, 155
40, 154
40, 153
39, 152
39, 151
37, 149
37, 148
36, 147
36, 146
35, 145
35, 143
36, 142
36, 140
34, 138
31, 138
30, 139
30, 145
31, 146
31, 147
32, 148
32, 149
33, 150
33, 151
34, 152
34, 153
35, 154
35, 155
36, 156
36, 157
37, 158
37, 159
38, 160
38, 161
39, 162
39, 163
40, 164
40, 165
41, 166
41, 167
42, 168
42, 169
43, 170
43, 172
44, 173
44, 174
45, 175
45, 176
46, 177
46, 178
47, 179
47, 180
48, 181
48, 182
49, 183
49, 184
50, 185
50, 186
51, 187
51, 188
52, 189
52, 190
53, 191
53, 192
54, 193
54, 194
56, 196
56, 197
57, 198
57, 199
58, 200
58, 201
60, 203
60, 204
61, 205
61, 206
63, 208
63, 209
64, 210
64, 211
66, 213
66, 214
68, 216
68, 217
70, 219
70, 220
72, 222
72, 223
74, 225
74, 226
76, 228
76, 229
77, 230
77, 231
79, 233
79, 234
80, 235
80, 236
82, 238
82, 239
83, 240
83, 241
84, 242
84, 243
86, 245
86, 246
87, 247
87, 248
88, 249
88, 250
90, 252
90, 253
92, 255
92, 256
93, 257
93, 258
95, 260
95, 261
97, 263
97, 264
99, 266
99, 267
102, 270
102, 271
107, 276
109, 276
111, 274
111, 272
110, 271
110, 267
109, 266
109, 264
108, 263
108, 261
107, 260
107, 257
106, 256
106, 254
105, 253
105, 251
104, 250
104, 248
103, 247
103, 244
102, 243
102, 241
101, 240
101, 238
100, 237
100, 234
99, 233
99, 231
98, 230
98, 227
97, 226
97, 224
96, 223
96, 220
95, 219
95, 217
94, 216
94, 213
93, 212
93, 209
92, 208
92, 205
91, 204
91, 201
90, 200
90, 197
89, 196
89, 192
88, 191
88, 188
87, 187
87, 184
86, 183
86, 180
85, 179
85, 176
84, 175
84, 171
83, 170
83, 167
82, 166
82, 163
81, 162
81, 159
82, 158
83, 159
83, 160
84, 161
84, 162
86, 164
86, 165
88, 167
88, 168
89, 169
89, 170
91, 172
91, 173
93, 175
93, 176
94, 177
94, 178
96, 180
96, 181
98, 183
98, 184
100, 186
100, 187
103, 190
103, 191
105, 193
105, 194
108, 197
108, 198
111, 201
111, 202
115, 206
115, 207
122, 214
122, 215
133, 226
134, 226
140, 232
141, 232
144, 235
145, 235
148, 238
149, 238
150, 239
151, 239
152, 240
153, 240
155, 242
156, 242
157, 243
158, 243
159, 244
160, 244
161, 245
163, 245
164, 246
166, 246
167, 247
170, 247
171, 248
174, 248
175, 249
184, 249
185, 248
188, 248
190, 246
191, 246
194, 243
194, 242
195, 241
195, 240
193, 238
192, 238
187, 243
186, 243
185, 244
174, 244
173, 243
170, 243
169, 242
167, 242
166, 241
164, 241
163, 240
162, 240
161, 239
160, 239
159, 238
158, 238
157, 237
156, 237
155, 236
154, 236
152, 234
151, 234
149, 232
148, 232
145, 229
144, 229
138, 223
137, 223
124, 210
124, 209
118, 203
118, 202
114, 198
114, 197
111, 194
111, 193
108, 190
108, 189
106, 187
106, 186
104, 184
104, 183
101, 180
101, 179
100, 178
100, 177
98, 175
98, 174
96, 172
96, 171
94, 169
94, 168
92, 166
92, 165
91, 164
91, 163
89, 161
89, 160
88, 159
88, 158
86, 156
86, 155
85, 154
85, 153
83, 151
83, 150
82, 149
82, 148
81, 147
81, 146
79, 144
79, 143
78, 142
78, 141
77, 140
77, 139
76, 138
76, 137
75, 136
76, 135
77, 135
78, 136
80, 136
81, 137
91, 137
92, 136
93, 136
94, 135
95, 135
96, 134
96, 133
97, 132
97, 130
98, 129
98, 120
97, 119
97, 112
96, 111
96, 106
95, 105
95, 99
94, 98
94, 92
93, 91
93, 83
92, 82
92, 66
93, 65
93, 59
94, 58
94, 54
95, 53
95, 51
96, 50
96, 48
97, 47
97, 46
98, 45
98, 44
99, 43
99, 42
100, 41
100, 40
106, 34
107, 34
108, 33
119, 33
120, 34
122, 34
123, 35
125, 35
126, 36
127, 36
128, 37
129, 37
130, 38
131, 38
132, 39
133, 39
134, 40
135, 40
137, 42
138, 42
140, 44
141, 44
142, 45
143, 45
145, 47
146, 47
148, 49
149, 49
151, 51
152, 51
154, 53
155, 53
158, 56
159, 56
161, 58
162, 58
164, 60
165, 60
167, 62
168, 62
170, 64
171, 64
174, 67
175, 67
177, 69
178, 69
180, 71
181, 71
183, 73
184, 73
185, 74
186, 74
188, 76
189, 76
191, 78
192, 78
194, 80
195, 80
197, 82
198, 82
200, 84
201, 84
203, 86
204, 86
205, 87
206, 87
207, 88
208, 88
209, 89
210, 89
211, 90
212, 90
213, 89
213, 88
211, 86
210, 86
209, 85
208, 85
207, 84
206, 84
204, 82
203, 82
200, 79
199, 79
197, 77
196, 77
194, 75
193, 75
191, 73
190, 73
189, 72
188, 72
186, 70
185, 70
183, 68
182, 68
181, 67
180, 67
177, 64
176, 64
173, 61
172, 61
170, 59
169, 59
167, 57
166, 57
164, 55
163, 55
161, 53
160, 53
158, 51
157, 51
154, 48
153, 48
151, 46
150, 46
149, 45
148, 45
146, 43
145, 43
143, 41
142, 41
141, 40
140, 40
138, 38
137, 38
136, 37
135, 37
133, 35
132, 35
131, 34
130, 34
129, 33
127, 33
126, 32
125, 32
124, 31
122, 31
121, 30
117, 30
116, 29
110, 29
109, 30
107, 30
106, 31
105, 31
104, 32
103, 32
98, 37
98, 38
96, 40
96, 41
95, 42
95, 43
94, 44
94, 46
93, 47
93, 48
92, 49
92, 51
91, 52
91, 56
90, 57
90, 62
89, 63
89, 86
90, 87
90, 94
91, 95
91, 100
92, 101
92, 107
93, 108
93, 113
94, 114
94, 123
95, 124
95, 126
94, 127
94, 130
91, 133
90, 133
89, 134
84, 134
83, 133
80, 133
77, 130
77, 129
74, 129
73, 128
73, 127
72, 126
72, 123
71, 122
71, 119
70, 118
70, 116
69, 115
69, 112
68, 111
68, 109
67, 108
67, 105
66, 104
66, 102
65, 101
65, 99
64, 98
64, 96
63, 95
63, 92
62, 91
62, 89
61, 88
61, 86
60, 85
60, 83
59, 82
59, 80
58, 79
58, 77
57, 76
57, 74
56, 73
56, 71
55, 70
55, 69
54, 68
54, 66
53, 65
53, 63
52, 62
52, 60
51, 59
51, 58
50, 57
50, 55
49, 54
49, 52
48, 51
48, 50
47, 49
47, 47
46, 46
46, 45
45, 44
45, 43
44, 42
44, 41
43, 40
43, 38
42, 37
42, 36
41, 35
41, 34
40, 33
40, 32
39, 31
39, 30
37, 28
37, 27
36, 26
36, 25
35, 24
35, 23
33, 21
33, 20
31, 18
31, 17
26, 12
26, 22
27, 21
30, 24
30, 25
31, 26
31, 27
33, 29
33, 30
34, 31
34, 32
35, 33
35, 34
36, 35
36, 36
37, 37
37, 38
38, 39
38, 40
39, 41
39, 42
40, 43
40, 44
41, 45
41, 47
42, 48
42, 49
43, 50
43, 52
44, 53
44, 54
45, 55
45, 57
46, 58
46, 59
47, 60
47, 62
48, 63
48, 65
49, 66
49, 67
50, 68
50, 70
51, 71
51, 73
52, 74
52, 76
53, 77
53, 79
54, 80
54, 82
55, 83
55, 85
56, 86
56, 88
57, 89
57, 91
58, 92
58, 94
59, 95
59, 97
60, 98
60, 101
61, 102
61, 104
62, 105
62, 107
63, 108
61, 111
61, 110
60, 109
60, 108
59, 107
59, 106
58, 105
58, 104
56, 102
56, 101
55, 100
55, 99
54, 98
54, 97
53, 96
53, 95
52, 94
52, 93
51, 92
51, 91
50, 90
50, 89
49, 88
49, 87
48, 86
48, 85
47, 84
47, 83
46, 82
46, 81
45, 80
45, 79
44, 78
44, 77
43, 76
43, 75
42, 74
42, 72
41, 71
41, 70
40, 69
40, 68
39, 67
39, 65
38, 64
38, 63
37, 62
37, 60
36, 59
36, 58
35, 57
35, 55
34, 54
34, 52
33, 51
33, 49
32, 48
32, 46
31, 45
31, 42
30, 41
30, 39
29, 38
29, 35
28, 34
28, 30
27, 29
27, 26
26, 25
