0, 371
3, 371
5, 373
7, 375
7, 373
9, 371
72, 371
74, 373
74, 375
76, 375
76, 373
78, 371
141, 371
143, 373
143, 375
145, 375
145, 373
147, 371
210, 371
212, 373
212, 375
214, 375
214, 373
216, 371
278, 371
280, 373
280, 375
282, 375
282, 373
284, 371
347, 371
349, 373
349, 375
351, 375
351, 373
353, 371
416, 371
418, 373
418, 375
420, 375
420, 373
422, 371
4, 2
464, 4
462, 369
2, 367
247, 215
246, 216
246, 217
247, 218
247, 219
248, 220
248, 221
249, 222
249, 223
250, 224
250, 225
251, 226
251, 227
252, 228
252, 229
254, 231
254, 232
256, 234
256, 235
258, 237
258, 238
261, 241
261, 242
264, 245
264, 246
268, 250
268, 251
272, 255
272, 256
279, 263
279, 264
295, 280
296, 280
305, 289
306, 289
311, 294
312, 294
315, 297
316, 297
319, 300
320, 300
323, 303
324, 303
326, 305
327, 305
329, 307
330, 307
333, 310
334, 310
336, 312
337, 312
339, 314
340, 314
342, 316
343, 316
344, 317
345, 317
347, 319
348, 319
349, 320
350, 320
351, 321
352, 321
354, 323
355, 323
356, 324
357, 324
358, 325
359, 325
360, 326
361, 326
362, 327
363, 327
364, 328
365, 328
366, 329
367, 329
368, 330
369, 330
370, 331
371, 331
372, 332
373, 332
374, 333
376, 333
377, 334
378, 334
379, 335
380, 335
381, 336
383, 336
384, 337
385, 337
386, 338
388, 338
389, 339
391, 339
392, 340
394, 340
395, 341
397, 341
398, 342
400, 342
401, 343
403, 343
404, 344
406, 344
407, 345
409, 345
410, 346
412, 346
413, 347
416, 347
417, 348
420, 348
421, 349
424, 349
425, 350
428, 350
429, 351
431, 351
432, 352
435, 352
436, 353
439, 353
440, 354
444, 354
444, 352
443, 351
441, 351
440, 350
437, 350
436, 349
433, 349
432, 348
429, 348
428, 347
425, 347
424, 346
421, 346
420, 345
417, 345
416, 344
414, 344
413, 343
411, 343
410, 342
408, 342
407, 341
404, 341
403, 340
401, 340
400, 339
398, 339
397, 338
395, 338
394, 337
392, 337
391, 336
390, 336
389, 335
387, 335
386, 334
385, 334
384, 333
382, 333
381, 332
380, 332
379, 331
377, 331
376, 330
375, 330
374, 329
373, 329
372, 328
371, 328
370, 327
369, 327
368, 326
367, 326
366, 325
365, 325
364, 324
363, 324
362, 323
361, 323
360, 322
359, 322
358, 321
357, 321
356, 320
355, 320
353, 318
352, 318
351, 317
350, 317
348, 315
347, 315
346, 314
345, 314
343, 312
342, 312
341, 311
340, 311
338, 309
337, 309
334, 306
333, 306
331, 304
330, 304
328, 302
327, 302
324, 299
323, 299
320, 296
319, 296
316, 293
315, 293
311, 289
310, 289
303, 282
302, 282
278, 258
278, 257
273, 252
273, 251
269, 247
269, 246
265, 242
265, 241
262, 238
262, 237
259, 234
259, 233
257, 231
257, 230
255, 228
255, 227
254, 226
254, 225
253, 224
253, 223
251, 221
251, 219
250, 218
250, 217
248, 215
253, 46
252, 47
251, 47
249, 49
249, 50
247, 52
247, 53
248, 54
249, 54
250, 53
250, 52
253, 49
258, 49
259, 50
260, 50
270, 60
270, 61
272, 63
272, 64
274, 66
274, 67
276, 69
276, 70
277, 71
277, 72
279, 74
279, 75
280, 76
280, 77
281, 78
281, 80
282, 81
282, 82
283, 83
283, 85
284, 86
284, 88
285, 89
285, 91
286, 92
286, 94
287, 95
287, 98
288, 99
288, 102
289, 103
289, 106
290, 107
290, 110
291, 111
291, 115
292, 116
292, 120
293, 121
293, 125
294, 126
294, 131
295, 132
295, 137
296, 138
296, 143
297, 144
297, 149
298, 150
298, 154
299, 155
299, 160
300, 161
300, 165
301, 166
301, 171
302, 172
302, 176
303, 177
303, 181
304, 182
304, 186
305, 187
305, 191
306, 192
306, 196
307, 197
307, 200
308, 201
308, 205
309, 206
309, 209
310, 210
310, 213
311, 214
311, 217
312, 218
312, 221
313, 222
313, 224
314, 225
314, 228
315, 229
315, 231
316, 232
316, 234
317, 235
317, 237
318, 238
318, 240
319, 241
319, 243
320, 244
320, 246
321, 247
321, 248
322, 249
322, 251
323, 252
323, 253
325, 255
326, 254
326, 252
325, 251
325, 249
324, 248
324, 246
323, 245
323, 243
322, 242
322, 240
321, 239
321, 236
319, 234
319, 233
318, 232
318, 230
317, 229
317, 227
316, 226
316, 224
315, 223
315, 220
314, 219
314, 216
313, 215
313, 212
312, 211
312, 208
311, 207
311, 204
310, 203
310, 199
309, 198
309, 195
308, 194
308, 190
307, 189
307, 185
306, 184
306, 180
305, 179
305, 175
304, 174
304, 170
303, 169
303, 164
302, 163
302, 158
301, 157
301, 153
300, 152
300, 147
299, 146
299, 141
298, 140
298, 135
297, 134
297, 130
296, 129
296, 124
295, 123
295, 119
294, 118
294, 114
293, 113
293, 109
292, 108
292, 105
291, 104
291, 101
290, 100
290, 97
289, 96
289, 93
288, 92
288, 90
287, 89
287, 87
286, 86
286, 84
285, 83
285, 82
284, 81
284, 79
283, 78
283, 77
282, 76
282, 75
281, 74
281, 73
280, 72
280, 71
279, 70
279, 69
277, 67
277, 66
275, 64
275, 63
273, 61
273, 60
270, 57
270, 56
263, 49
262, 49
260, 47
259, 47
258, 46
117, 40
113, 44
113, 46
112, 47
112, 49
111, 50
111, 58
110, 59
110, 65
111, 66
111, 74
112, 75
112, 79
113, 80
113, 84
114, 85
114, 89
115, 90
115, 93
116, 94
116, 97
117, 98
117, 102
118, 103
118, 106
119, 107
119, 110
120, 111
120, 114
121, 115
121, 119
122, 120
122, 123
123, 124
123, 128
124, 129
124, 133
125, 134
125, 138
126, 139
126, 144
127, 145
127, 162
126, 163
126, 165
125, 166
125, 168
123, 170
123, 171
121, 173
120, 173
119, 174
118, 174
117, 175
108, 175
107, 174
105, 174
104, 173
102, 173
101, 172
99, 172
98, 171
97, 171
96, 170
94, 170
93, 169
92, 169
90, 167
87, 167
86, 168
89, 171
90, 171
91, 172
92, 172
93, 173
95, 173
96, 174
97, 174
98, 175
100, 175
101, 176
103, 176
104, 177
106, 177
107, 178
118, 178
119, 177
121, 177
126, 172
126, 171
128, 169
128, 167
129, 166
129, 164
130, 163
130, 144
129, 143
129, 138
128, 137
128, 133
127, 132
127, 128
126, 127
126, 124
125, 123
125, 119
124, 118
124, 115
123, 114
123, 110
122, 109
122, 106
121, 105
121, 102
120, 101
120, 97
119, 96
119, 93
118, 92
118, 89
117, 88
117, 85
116, 84
116, 80
115, 79
115, 74
114, 73
114, 64
113, 63
113, 61
114, 60
114, 51
115, 50
115, 47
116, 46
116, 45
118, 43
123, 43
124, 44
126, 44
127, 45
129, 45
130, 46
131, 46
132, 47
133, 47
135, 49
136, 49
137, 50
138, 50
139, 51
140, 51
142, 53
143, 53
144, 54
145, 54
146, 55
147, 55
148, 56
149, 56
150, 57
151, 57
152, 58
153, 58
154, 59
155, 59
156, 60
157, 60
158, 61
159, 61
160, 62
161, 62
162, 63
163, 63
165, 65
167, 65
168, 66
171, 66
171, 64
170, 63
169, 63
168, 62
166, 62
164, 60
163, 60
162, 59
161, 59
160, 58
159, 58
158, 57
157, 57
156, 56
155, 56
154, 55
153, 55
152, 54
151, 54
150, 53
149, 53
148, 52
147, 52
146, 51
145, 51
143, 49
142, 49
141, 48
140, 48
139, 47
138, 47
136, 45
135, 45
134, 44
133, 44
132, 43
131, 43
130, 42
128, 42
127, 41
125, 41
124, 40
25, 15
24, 16
23, 16
22, 17
22, 18
21, 19
21, 22
20, 23
20, 40
21, 41
21, 47
22, 48
22, 52
23, 53
23, 57
24, 58
24, 61
25, 62
25, 64
26, 65
26, 67
27, 68
27, 70
28, 71
28, 73
29, 74
29, 76
30, 77
30, 79
31, 80
31, 81
32, 82
32, 84
33, 85
33, 87
34, 88
34, 90
35, 91
35, 92
36, 93
36, 95
37, 96
37, 97
38, 98
38, 100
39, 101
39, 102
40, 103
40, 105
41, 106
41, 107
42, 108
42, 109
43, 110
43, 112
44, 113
44, 114
45, 115
45, 116
46, 117
46, 119
47, 120
47, 121
48, 122
48, 123
49, 124
49, 125
50, 126
50, 128
51, 129
51, 130
52, 131
52, 132
53, 133
53, 135
54, 136
54, 137
55, 138
55, 139
56, 140
56, 142
57, 143
57, 144
58, 145
58, 146
59, 147
59, 148
60, 149
60, 151
61, 152
61, 153
62, 154
62, 155
63, 156
63, 158
64, 159
64, 160
65, 161
65, 162
66, 163
66, 164
67, 165
67, 166
68, 167
68, 168
69, 169
69, 170
70, 171
70, 172
71, 173
71, 174
72, 175
72, 177
73, 178
73, 179
74, 180
74, 181
75, 182
75, 186
76, 187
76, 192
77, 193
77, 198
78, 199
78, 204
79, 205
79, 210
80, 211
80, 216
81, 217
81, 222
82, 223
82, 228
83, 229
83, 233
84, 234
84, 239
85, 240
85, 245
86, 246
86, 250
87, 251
87, 255
88, 256
88, 260
89, 261
89, 264
90, 265
90, 268
91, 269
91, 272
92, 273
92, 276
93, 277
93, 280
94, 281
94, 284
95, 285
95, 287
96, 288
96, 291
97, 292
97, 294
98, 295
98, 297
99, 298
99, 301
100, 302
100, 304
101, 305
101, 307
102, 308
102, 310
103, 311
103, 313
104, 314
104, 316
105, 317
105, 319
106, 320
106, 322
107, 323
107, 325
108, 326
108, 327
107, 328
103, 324
103, 323
100, 320
100, 319
96, 315
96, 314
93, 311
93, 310
90, 307
90, 306
86, 302
86, 301
82, 297
82, 296
78, 292
78, 291
75, 288
75, 287
71, 283
71, 282
69, 280
69, 279
66, 276
66, 275
63, 272
63, 271
60, 268
60, 267
57, 264
57, 263
55, 261
55, 260
52, 257
52, 256
49, 253
49, 252
47, 250
47, 249
44, 246
44, 245
42, 243
42, 242
39, 239
39, 238
35, 234
35, 233
33, 231
30, 231
30, 234
33, 237
33, 238
37, 242
37, 243
39, 245
39, 246
42, 249
42, 250
44, 252
44, 253
47, 256
47, 257
50, 260
50, 261
52, 263
52, 264
55, 267
55, 268
58, 271
58, 272
61, 275
61, 276
63, 278
63, 279
66, 282
66, 283
69, 286
69, 287
72, 290
72, 291
76, 295
76, 296
80, 300
80, 301
84, 305
84, 306
87, 309
87, 310
91, 314
91, 315
94, 318
94, 319
97, 322
97, 323
100, 326
100, 327
104, 331
104, 332
108, 336
108, 337
111, 340
112, 340
113, 341
115, 339
115, 337
114, 336
114, 332
113, 331
113, 329
112, 328
112, 326
111, 325
111, 323
110, 322
110, 320
109, 319
109, 317
108, 316
108, 314
107, 313
107, 311
106, 310
106, 307
105, 306
105, 304
104, 303
104, 301
103, 300
103, 298
102, 297
102, 295
101, 294
101, 291
100, 290
100, 288
99, 287
99, 285
98, 284
98, 281
97, 280
97, 277
96, 276
96, 273
95, 272
95, 269
94, 268
94, 265
93, 264
93, 261
92, 260
92, 256
91, 255
91, 251
90, 250
90, 246
89, 245
89, 240
88, 239
88, 235
87, 234
87, 229
86, 228
86, 223
85, 222
85, 217
84, 216
84, 211
83, 210
83, 205
82, 204
84, 199
84, 200
86, 202
86, 203
87, 204
87, 205
88, 206
88, 207
89, 208
89, 209
91, 211
91, 212
92, 213
92, 214
93, 215
93, 216
94, 217
94, 218
96, 220
96, 221
97, 222
97, 223
98, 224
98, 225
100, 227
100, 228
101, 229
101, 230
103, 232
103, 233
104, 234
104, 235
106, 237
106, 238
108, 240
108, 241
110, 243
110, 244
112, 246
112, 247
114, 249
114, 250
117, 253
117, 254
121, 258
121, 259
134, 272
135, 272
137, 274
138, 274
139, 275
140, 275
141, 276
143, 276
144, 277
149, 277
150, 276
152, 276
153, 275
154, 275
156, 273
157, 273
164, 266
164, 265
163, 264
160, 264
153, 271
152, 271
151, 272
150, 272
149, 273
144, 273
143, 272
142, 272
141, 271
140, 271
139, 270
138, 270
123, 255
123, 254
120, 251
120, 250
117, 247
117, 246
114, 243
114, 242
112, 240
112, 239
111, 238
111, 237
109, 235
109, 234
107, 232
107, 231
105, 229
105, 228
104, 227
104, 226
103, 225
103, 224
101, 222
101, 221
100, 220
100, 219
99, 218
99, 217
97, 215
97, 214
96, 213
96, 212
95, 211
95, 210
93, 208
93, 207
92, 206
92, 205
91, 204
91, 203
90, 202
90, 201
88, 199
88, 198
87, 197
87, 196
86, 195
86, 194
85, 193
85, 192
84, 191
84, 190
83, 189
83, 188
82, 187
82, 186
81, 185
81, 184
80, 183
80, 182
79, 181
79, 180
78, 179
78, 175
77, 174
77, 169
76, 168
76, 164
75, 163
75, 159
74, 158
74, 154
73, 153
73, 149
72, 148
72, 145
71, 144
71, 140
70, 139
70, 136
69, 135
69, 132
68, 131
68, 128
67, 127
67, 125
66, 124
66, 121
65, 120
65, 117
64, 116
64, 114
63, 113
63, 111
62, 110
62, 107
61, 106
61, 104
60, 103
60, 101
59, 100
59, 98
58, 97
58, 95
57, 94
57, 92
56, 91
56, 89
55, 88
55, 86
54, 85
54, 83
53, 82
53, 80
52, 79
52, 77
51, 76
51, 74
50, 73
50, 71
49, 70
49, 68
48, 67
48, 65
47, 64
47, 62
46, 61
46, 59
45, 58
45, 56
44, 55
44, 53
43, 52
43, 50
42, 49
42, 47
41, 46
41, 44
40, 43
40, 41
39, 40
39, 38
38, 37
38, 35
37, 34
37, 32
36, 31
36, 30
35, 29
35, 27
34, 26
34, 25
33, 24
33, 22
32, 21
32, 20
27, 15
25, 21
26, 20
29, 23
29, 24
30, 25
30, 27
31, 28
31, 29
32, 30
32, 32
33, 33
33, 34
34, 35
34, 37
35, 38
35, 40
36, 41
36, 43
37, 44
37, 46
38, 47
38, 49
39, 50
39, 52
40, 53
40, 55
41, 56
41, 58
42, 59
42, 61
43, 62
43, 64
44, 65
44, 67
45, 68
45, 70
46, 71
46, 73
47, 74
47, 76
48, 77
48, 79
49, 80
49, 82
50, 83
50, 85
51, 86
51, 88
52, 89
52, 91
53, 92
53, 94
54, 95
54, 97
55, 98
55, 100
56, 101
56, 103
57, 104
57, 107
58, 108
58, 110
59, 111
59, 113
60, 114
60, 117
61, 118
61, 120
62, 121
62, 124
63, 125
63, 128
64, 129
64, 131
65, 132
65, 135
66, 136
66, 139
67, 140
67, 144
68, 145
68, 148
69, 149
69, 153
70, 154
70, 158
71, 159
71, 160
70, 161
68, 159
68, 158
67, 157
67, 156
66, 155
66, 153
65, 152
65, 151
64, 150
64, 149
63, 148
63, 146
62, 145
62, 144
61, 143
61, 142
60, 141
60, 140
59, 139
59, 137
58, 136
58, 135
57, 134
57, 133
56, 132
56, 130
55, 129
55, 128
54, 127
54, 126
53, 125
53, 123
52, 122
52, 121
51, 120
51, 119
50, 118
50, 117
49, 116
49, 114
48, 113
48, 112
47, 111
47, 110
46, 109
46, 107
45, 106
45, 105
44, 104
44, 103
43, 102
43, 100
42, 99
42, 98
41, 97
41, 95
40, 94
40, 93
39, 92
39, 90
38, 89
38, 87
37, 86
37, 85
36, 84
36, 82
35, 81
35, 79
34, 78
34, 76
33, 75
33, 74
32, 73
32, 71
31, 70
31, 68
30, 67
30, 65
29, 64
29, 61
28, 60
28, 58
27, 57
27, 53
26, 52
26, 48
25, 47
25, 42
24, 41
24, 23
25, 22
