4, 0
4, 5
2, 7
0, 9
2, 9
4, 11
4, 47
2, 49
0, 49
0, 51
2, 51
4, 53
4, 89
2, 91
0, 91
0, 93
2, 93
4, 95
4, 131
2, 133
0, 133
0, 135
2, 135
4, 137
4, 173
2, 175
0, 175
0, 177
2, 177
4, 179
4, 215
2, 217
0, 217
0, 219
2, 219
4, 221
4, 257
2, 259
0, 259
0, 261
2, 261
4, 263
8, 2
500, 4
498, 268
6, 266
372, 115
370, 117
369, 117
369, 118
367, 120
367, 121
365, 123
365, 124
364, 125
364, 126
363, 127
363, 128
362, 129
362, 130
361, 131
361, 132
360, 133
360, 134
359, 135
359, 136
358, 137
358, 138
357, 139
357, 140
356, 141
356, 143
355, 144
355, 145
354, 146
354, 148
353, 149
353, 151
352, 152
352, 154
351, 155
351, 158
350, 159
350, 163
349, 164
349, 169
348, 170
348, 173
349, 174
349, 178
350, 179
350, 181
351, 182
351, 183
352, 184
352, 185
354, 187
354, 188
355, 189
356, 189
358, 191
366, 191
367, 190
368, 190
369, 189
370, 189
379, 180
379, 179
381, 177
381, 176
383, 174
383, 173
384, 172
384, 171
386, 169
386, 168
387, 167
387, 166
388, 165
388, 164
389, 163
389, 162
390, 161
390, 160
391, 159
391, 158
392, 157
392, 156
393, 155
393, 154
394, 153
394, 152
395, 151
395, 150
396, 149
396, 148
397, 147
397, 146
399, 144
399, 143
401, 141
401, 140
403, 138
403, 137
405, 135
405, 134
413, 126
414, 126
416, 128
416, 132
415, 133
415, 138
414, 139
414, 143
413, 144
413, 147
412, 148
412, 151
411, 152
411, 155
410, 156
410, 158
409, 159
409, 162
408, 163
408, 165
407, 166
407, 170
409, 170
413, 166
413, 165
414, 164
414, 163
416, 161
416, 160
418, 158
418, 157
419, 156
419, 155
421, 153
421, 152
422, 151
422, 150
424, 148
424, 147
426, 145
426, 144
428, 142
428, 141
430, 139
430, 138
432, 136
432, 135
434, 133
434, 132
436, 130
436, 129
441, 124
442, 125
442, 132
441, 133
441, 137
440, 138
440, 140
439, 141
439, 143
438, 144
438, 146
437, 147
437, 149
436, 150
436, 154
437, 155
439, 155
440, 154
441, 154
456, 139
457, 139
459, 137
460, 137
462, 135
464, 135
465, 134
470, 134
473, 137
473, 138
474, 139
474, 140
475, 141
475, 145
476, 146
476, 153
477, 154
477, 155
476, 156
476, 157
477, 158
478, 158
479, 157
479, 149
478, 148
478, 143
477, 142
477, 139
476, 138
476, 137
475, 136
475, 135
472, 132
463, 132
462, 133
461, 133
460, 134
459, 134
458, 135
457, 135
455, 137
454, 137
440, 151
439, 150
439, 149
440, 148
440, 146
441, 145
441, 144
442, 143
442, 140
443, 139
443, 136
444, 135
444, 130
445, 129
445, 125
444, 124
444, 122
443, 121
440, 121
435, 126
435, 127
432, 130
432, 131
430, 133
430, 134
428, 136
428, 137
426, 139
426, 140
424, 142
424, 143
422, 145
422, 146
421, 147
421, 148
419, 150
419, 151
417, 153
417, 154
416, 155
416, 156
413, 154
414, 153
414, 150
415, 149
415, 146
416, 145
416, 142
417, 141
417, 137
418, 136
418, 126
417, 125
417, 124
416, 124
415, 123
413, 123
412, 124
411, 124
404, 131
404, 132
402, 134
402, 135
399, 138
399, 139
397, 141
397, 142
396, 143
396, 144
395, 145
395, 146
394, 147
394, 148
393, 149
393, 150
391, 152
391, 153
390, 154
390, 155
389, 156
389, 157
388, 158
388, 159
387, 160
387, 161
386, 162
386, 163
385, 164
385, 165
384, 166
384, 167
383, 168
383, 169
381, 171
381, 172
380, 173
380, 174
378, 176
378, 177
367, 188
366, 188
365, 189
360, 189
359, 188
358, 188
355, 185
355, 184
354, 183
354, 182
353, 181
353, 180
352, 179
352, 177
351, 176
351, 166
352, 165
352, 162
353, 161
353, 157
354, 156
354, 154
355, 153
355, 151
356, 150
356, 148
357, 147
357, 146
358, 145
358, 143
359, 142
359, 141
360, 140
360, 139
361, 138
361, 137
362, 136
362, 135
363, 134
363, 133
364, 132
364, 131
365, 130
365, 129
366, 128
366, 127
367, 126
367, 125
368, 124
368, 123
370, 121
370, 120
372, 118
374, 118
375, 119
375, 123
374, 124
374, 128
373, 129
373, 132
372, 133
372, 135
371, 136
371, 138
370, 139
370, 141
369, 142
369, 143
368, 144
368, 146
367, 147
367, 150
369, 150
369, 148
370, 147
370, 146
371, 145
371, 144
372, 143
372, 141
373, 140
373, 138
374, 137
374, 135
375, 134
375, 132
376, 131
376, 127
377, 126
377, 117
375, 115
302, 76
298, 80
298, 81
297, 82
297, 84
296, 85
296, 86
295, 87
295, 89
294, 90
294, 93
293, 94
293, 96
292, 97
292, 101
291, 102
291, 105
290, 106
290, 110
289, 111
289, 114
288, 115
288, 117
286, 119
286, 120
285, 121
285, 122
284, 123
284, 124
282, 126
282, 127
280, 129
280, 130
279, 131
279, 132
277, 134
277, 135
275, 137
275, 138
273, 140
273, 141
271, 143
271, 144
265, 150
264, 150
263, 151
262, 151
260, 149
260, 148
259, 147
259, 130
258, 129
258, 128
257, 127
254, 127
249, 132
249, 133
247, 135
247, 136
245, 138
245, 139
243, 141
243, 142
241, 144
241, 145
240, 146
240, 147
239, 148
239, 149
237, 151
237, 152
235, 154
235, 155
234, 156
234, 157
232, 159
232, 160
229, 163
229, 164
222, 171
221, 171
220, 170
220, 168
219, 167
219, 161
220, 160
220, 153
221, 152
221, 146
222, 145
222, 141
223, 140
223, 135
224, 134
224, 131
225, 130
225, 126
226, 125
226, 122
227, 121
227, 118
226, 118
225, 117
223, 119
223, 121
222, 122
222, 123
221, 124
221, 125
220, 126
220, 128
219, 129
219, 130
218, 131
218, 132
217, 133
217, 134
216, 135
216, 137
215, 138
215, 139
214, 140
214, 141
213, 142
213, 143
212, 144
212, 146
211, 147
211, 148
210, 149
210, 150
209, 151
209, 152
207, 154
207, 155
206, 156
206, 157
205, 158
205, 159
203, 161
203, 162
196, 169
195, 169
194, 170
193, 170
192, 171
190, 171
189, 170
189, 169
188, 168
188, 162
187, 161
187, 155
186, 154
186, 150
185, 149
185, 145
184, 144
184, 142
183, 141
183, 139
181, 137
181, 136
178, 133
177, 133
176, 132
173, 132
172, 131
171, 132
167, 132
166, 133
165, 133
163, 135
162, 135
156, 141
156, 142
154, 144
154, 145
152, 147
152, 148
150, 150
150, 151
149, 152
149, 153
148, 154
148, 155
146, 157
145, 156
145, 149
144, 148
143, 148
142, 149
142, 153
141, 154
141, 167
140, 168
140, 173
139, 174
139, 177
138, 178
138, 180
137, 181
137, 184
136, 185
136, 188
135, 189
135, 193
134, 194
134, 198
133, 199
133, 202
132, 203
132, 207
131, 208
131, 213
130, 214
130, 219
129, 220
129, 225
128, 226
128, 234
127, 235
127, 256
128, 257
128, 258
130, 258
131, 257
131, 256
132, 255
132, 253
133, 252
133, 249
134, 248
134, 244
135, 243
135, 239
136, 238
136, 234
137, 233
137, 228
138, 227
138, 222
139, 221
139, 214
140, 213
140, 206
141, 205
141, 197
142, 196
142, 185
143, 184
143, 174
144, 173
144, 170
145, 169
145, 168
146, 167
146, 165
147, 164
147, 163
148, 162
148, 161
149, 160
149, 159
151, 157
151, 156
152, 155
152, 154
153, 153
153, 152
155, 150
155, 149
156, 148
156, 147
159, 144
159, 143
164, 138
165, 138
167, 136
168, 136
169, 135
174, 135
175, 136
176, 136
179, 139
179, 140
180, 141
180, 143
181, 144
181, 146
182, 147
182, 151
183, 152
183, 157
184, 158
184, 164
185, 165
185, 170
186, 171
186, 172
189, 175
192, 175
193, 174
194, 174
195, 173
196, 173
197, 172
198, 172
205, 165
205, 164
207, 162
207, 161
209, 159
209, 158
210, 157
210, 156
211, 155
211, 154
213, 152
213, 150
214, 149
214, 148
215, 147
215, 146
216, 145
216, 144
217, 143
218, 144
218, 149
217, 150
217, 157
216, 158
216, 169
217, 170
217, 172
219, 174
220, 174
221, 175
222, 175
223, 174
224, 174
226, 172
227, 172
227, 171
232, 166
232, 165
234, 163
234, 162
237, 159
237, 158
238, 157
238, 156
240, 154
240, 153
241, 152
241, 151
243, 149
243, 148
244, 147
244, 146
246, 144
246, 143
248, 141
248, 140
249, 139
249, 138
252, 135
252, 134
254, 132
255, 132
256, 133
256, 150
257, 151
257, 152
259, 154
265, 154
266, 153
267, 153
273, 147
273, 146
276, 143
276, 142
278, 140
278, 139
280, 137
280, 136
281, 135
281, 134
283, 132
283, 131
285, 129
286, 130
286, 135
285, 136
285, 145
284, 146
284, 162
285, 163
285, 169
286, 170
286, 172
287, 173
287, 175
288, 176
288, 177
290, 179
290, 180
291, 181
292, 181
293, 182
298, 182
299, 181
300, 181
301, 180
302, 180
304, 178
304, 177
305, 176
305, 175
306, 174
306, 173
307, 172
307, 170
308, 169
308, 167
309, 166
309, 164
310, 163
310, 160
311, 159
311, 155
312, 154
312, 141
311, 140
311, 138
310, 137
310, 136
307, 133
301, 133
299, 135
298, 135
295, 138
295, 139
293, 141
293, 142
292, 143
292, 144
291, 145
291, 147
290, 148
290, 150
291, 151
292, 151
294, 149
294, 147
295, 146
295, 145
296, 144
296, 143
297, 142
297, 141
301, 137
302, 137
303, 136
305, 136
307, 138
307, 139
308, 140
308, 142
309, 143
309, 152
308, 153
308, 157
307, 158
307, 161
306, 162
306, 164
305, 165
305, 167
304, 168
304, 170
303, 171
303, 172
302, 173
302, 174
301, 175
301, 176
300, 177
299, 177
298, 178
296, 178
295, 179
291, 175
291, 174
290, 173
290, 171
289, 170
289, 167
288, 166
288, 139
289, 138
289, 131
290, 130
290, 125
291, 124
291, 119
292, 118
292, 116
293, 115
293, 114
294, 113
294, 112
295, 111
295, 110
296, 109
296, 108
297, 107
297, 106
298, 105
298, 104
299, 103
299, 102
300, 101
300, 100
301, 99
301, 98
302, 97
302, 96
303, 95
303, 94
304, 93
304, 91
305, 90
305, 88
306, 87
306, 85
307, 84
307, 79
306, 78
306, 77
305, 76
134, 211
135, 210
136, 211
136, 218
135, 219
135, 224
134, 225
134, 231
133, 232
133, 235
132, 236
131, 235
131, 229
132, 228
132, 222
133, 221
133, 216
134, 215
135, 207
137, 209
298, 96
296, 97
301, 82
302, 81
303, 82
303, 85
302, 86
302, 88
301, 89
301, 91
300, 92
300, 93
299, 94
299, 95
298, 96
297, 92
298, 91
298, 89
299, 88
299, 86
300, 85
300, 84
301, 83
82, 71
81, 72
81, 79
80, 80
80, 93
79, 94
79, 141
80, 142
80, 152
81, 153
81, 159
82, 160
82, 163
83, 164
83, 166
84, 167
84, 169
85, 170
85, 171
86, 172
86, 173
88, 175
88, 176
90, 178
91, 178
93, 180
94, 180
95, 181
97, 181
98, 182
102, 182
104, 180
104, 179
103, 178
98, 178
97, 177
96, 177
95, 176
94, 176
90, 172
90, 171
89, 170
89, 169
88, 168
88, 167
87, 166
87, 164
86, 163
86, 161
85, 160
85, 155
84, 154
84, 145
83, 144
83, 88
84, 87
84, 78
85, 77
85, 72
84, 71
50, 53
50, 79
49, 80
49, 91
48, 92
48, 101
47, 102
47, 109
46, 110
46, 116
45, 117
45, 122
44, 123
44, 128
43, 129
43, 133
42, 134
42, 138
41, 139
41, 142
40, 143
40, 146
39, 147
39, 149
38, 150
38, 152
37, 153
37, 156
36, 157
36, 159
35, 160
35, 162
34, 163
34, 164
33, 165
33, 167
32, 168
32, 169
31, 170
31, 171
30, 172
30, 175
31, 176
32, 175
33, 175
33, 173
34, 172
34, 171
35, 170
35, 168
36, 167
36, 166
37, 165
37, 163
38, 162
38, 160
39, 159
39, 157
40, 156
40, 154
41, 153
41, 151
42, 150
42, 147
43, 146
43, 143
44, 142
44, 139
45, 138
45, 134
46, 133
46, 129
47, 128
47, 123
48, 122
48, 117
49, 116
49, 110
50, 109
50, 101
51, 100
51, 92
52, 91
52, 79
53, 78
53, 54
52, 53
63, 12
62, 13
57, 13
56, 14
53, 14
52, 15
50, 15
49, 16
48, 16
47, 17
45, 17
44, 18
43, 18
42, 19
41, 19
40, 20
39, 20
38, 21
37, 21
35, 23
34, 23
32, 25
31, 25
27, 29
27, 30
26, 31
26, 33
27, 34
29, 32
29, 31
33, 27
34, 27
36, 25
37, 25
39, 23
40, 23
41, 22
42, 22
43, 21
44, 21
45, 20
46, 20
47, 19
49, 19
50, 18
52, 18
53, 17
55, 17
56, 16
60, 16
61, 15
85, 15
86, 16
91, 16
92, 17
96, 17
97, 18
100, 18
101, 19
104, 19
105, 20
107, 20
108, 21
110, 21
111, 22
112, 22
113, 23
114, 23
115, 24
116, 24
117, 25
118, 25
119, 26
120, 26
121, 27
122, 27
124, 29
125, 29
126, 30
127, 30
128, 31
129, 31
130, 30
130, 29
129, 28
128, 28
127, 27
126, 27
124, 25
123, 25
122, 24
121, 24
120, 23
119, 23
117, 21
116, 21
115, 20
113, 20
112, 19
110, 19
109, 18
107, 18
106, 17
104, 17
103, 16
100, 16
99, 15
96, 15
95, 14
91, 14
90, 13
84, 13
83, 12
