4, 2
480, 4
478, 369
2, 367
22, 15
21, 16
21, 23
22, 24
22, 28
23, 29
23, 32
24, 33
24, 37
25, 38
25, 42
26, 43
26, 47
27, 48
27, 52
28, 53
28, 56
29, 57
29, 61
30, 62
30, 65
31, 66
31, 70
32, 71
32, 75
33, 76
33, 79
34, 80
34, 84
35, 85
35, 88
36, 89
36, 92
37, 93
37, 96
38, 97
38, 99
39, 100
39, 101
40, 102
41, 102
42, 103
43, 103
44, 102
45, 102
47, 100
47, 98
46, 97
43, 97
42, 96
42, 95
41, 94
41, 92
40, 91
40, 87
39, 86
39, 83
38, 82
38, 78
37, 77
37, 74
36, 73
36, 69
35, 68
35, 64
34, 63
34, 60
33, 59
33, 55
32, 54
32, 51
31, 50
31, 46
30, 45
30, 41
29, 40
29, 36
28, 35
28, 31
27, 30
27, 27
26, 26
26, 25
27, 24
29, 26
29, 27
31, 29
31, 30
33, 32
33, 33
34, 34
34, 35
35, 36
35, 37
37, 39
37, 40
38, 41
38, 42
39, 43
39, 44
40, 45
40, 46
41, 47
41, 48
42, 49
42, 50
44, 52
44, 53
45, 54
45, 55
46, 56
46, 57
47, 58
47, 59
48, 60
48, 61
49, 62
49, 63
50, 64
50, 65
51, 66
51, 67
53, 69
53, 70
54, 71
54, 72
55, 73
55, 74
56, 75
56, 76
57, 77
57, 78
58, 79
58, 80
59, 81
59, 82
60, 83
60, 84
61, 85
61, 86
62, 87
62, 88
63, 89
63, 90
65, 92
65, 93
66, 94
66, 95
67, 96
67, 97
68, 98
68, 99
69, 100
69, 101
70, 102
70, 103
71, 104
71, 105
73, 107
73, 108
74, 109
74, 110
75, 111
75, 112
76, 113
76, 114
77, 115
77, 116
78, 117
78, 118
79, 119
79, 120
81, 122
81, 123
82, 124
82, 125
83, 126
83, 127
84, 128
84, 129
85, 130
85, 131
86, 132
86, 133
87, 134
87, 135
89, 137
89, 138
90, 139
90, 140
91, 141
91, 142
92, 143
92, 144
93, 145
93, 146
94, 147
94, 148
95, 149
95, 150
97, 152
97, 153
98, 154
98, 155
99, 156
99, 157
100, 158
100, 159
101, 160
101, 161
102, 162
102, 163
103, 164
103, 165
104, 166
104, 167
106, 169
106, 170
107, 171
107, 172
108, 173
108, 174
109, 175
109, 176
110, 177
110, 178
111, 179
111, 180
112, 181
112, 182
113, 183
113, 184
114, 185
114, 186
115, 187
115, 188
116, 189
116, 190
118, 192
118, 193
119, 194
119, 195
120, 196
120, 198
121, 199
121, 200
122, 201
122, 202
123, 203
123, 206
124, 207
124, 209
125, 210
125, 213
126, 214
126, 216
127, 217
127, 220
128, 221
128, 223
129, 224
129, 227
130, 228
130, 230
131, 231
131, 234
132, 235
132, 237
133, 238
133, 241
134, 242
134, 244
135, 245
135, 248
136, 249
136, 251
137, 252
137, 254
138, 255
138, 257
139, 258
139, 261
140, 262
140, 264
141, 265
141, 267
139, 269
137, 269
136, 270
134, 270
133, 271
132, 271
131, 272
129, 272
128, 273
126, 273
125, 274
123, 274
122, 275
121, 275
120, 276
118, 276
117, 277
115, 277
114, 278
112, 278
111, 279
108, 279
107, 280
104, 280
103, 281
100, 281
99, 282
95, 282
94, 283
81, 283
78, 280
78, 275
79, 274
79, 273
80, 272
80, 270
81, 269
81, 268
82, 267
82, 265
83, 264
83, 263
84, 262
84, 261
85, 260
85, 259
86, 258
86, 256
87, 255
87, 254
88, 253
88, 252
89, 251
89, 250
90, 249
90, 245
89, 244
87, 244
85, 246
85, 247
84, 248
84, 249
83, 250
83, 252
82, 253
82, 254
81, 255
81, 256
80, 257
80, 258
79, 259
79, 261
78, 262
78, 263
77, 264
77, 265
76, 266
76, 268
75, 269
75, 270
74, 271
74, 273
73, 274
73, 283
77, 287
79, 287
80, 288
95, 288
96, 287
100, 287
101, 286
104, 286
105, 285
108, 285
109, 284
112, 284
113, 283
115, 283
116, 282
118, 282
119, 281
121, 281
122, 280
124, 280
125, 279
127, 279
128, 278
129, 278
130, 277
132, 277
133, 276
135, 276
136, 275
137, 275
138, 274
140, 274
141, 273
142, 273
144, 275
144, 276
145, 277
145, 279
146, 280
146, 283
147, 284
147, 286
148, 287
148, 289
149, 290
149, 291
150, 292
150, 294
151, 295
151, 297
152, 298
152, 300
153, 301
153, 303
154, 304
154, 305
155, 306
155, 308
156, 309
156, 310
157, 311
157, 313
158, 314
158, 315
159, 316
159, 317
160, 318
160, 319
161, 320
161, 321
163, 323
163, 324
167, 328
168, 328
169, 329
170, 329
171, 328
172, 328
174, 326
174, 318
173, 317
173, 313
172, 312
172, 310
171, 309
171, 306
170, 305
170, 303
169, 302
169, 300
168, 299
168, 297
167, 296
167, 294
166, 293
166, 291
165, 290
165, 288
164, 287
164, 285
163, 284
163, 282
162, 281
162, 280
161, 279
161, 277
160, 276
160, 275
159, 274
159, 272
158, 271
158, 270
157, 269
157, 268
159, 266
160, 266
161, 265
163, 265
164, 264
166, 264
167, 263
169, 263
170, 262
172, 262
173, 261
174, 261
175, 260
177, 260
178, 259
180, 259
181, 258
183, 258
184, 257
186, 257
187, 256
189, 256
190, 255
191, 255
192, 254
194, 254
195, 253
196, 253
198, 255
198, 256
199, 257
199, 259
200, 260
200, 261
201, 262
201, 263
202, 264
202, 265
203, 266
203, 268
204, 269
204, 270
205, 271
205, 273
206, 274
206, 275
207, 276
207, 277
208, 278
208, 280
209, 281
209, 283
210, 284
210, 285
211, 286
211, 288
212, 289
212, 290
213, 291
213, 293
214, 294
214, 296
215, 297
215, 298
216, 299
216, 301
217, 302
217, 303
218, 304
218, 306
219, 307
219, 308
220, 309
220, 311
221, 312
221, 313
222, 314
222, 316
223, 317
223, 318
224, 319
224, 321
225, 322
225, 323
226, 324
226, 326
227, 327
227, 328
228, 329
228, 330
229, 331
229, 333
230, 334
230, 335
231, 336
231, 337
232, 338
232, 340
233, 341
233, 342
234, 343
234, 344
235, 345
235, 346
236, 347
236, 348
237, 349
237, 350
239, 352
239, 353
240, 354
241, 354
242, 355
243, 354
244, 354
244, 351
243, 350
243, 348
242, 347
242, 345
241, 344
241, 343
240, 342
240, 340
239, 339
239, 338
238, 337
238, 335
237, 334
237, 333
236, 332
236, 331
235, 330
235, 328
234, 327
234, 326
233, 325
233, 324
232, 323
232, 322
231, 321
231, 319
230, 318
230, 317
229, 316
229, 315
228, 314
228, 312
227, 311
227, 310
226, 309
226, 308
225, 307
225, 305
224, 304
224, 303
223, 302
223, 300
222, 299
222, 298
221, 297
221, 296
220, 295
220, 294
219, 293
219, 291
218, 290
218, 289
217, 288
217, 287
216, 286
216, 285
215, 284
215, 282
214, 281
214, 280
213, 279
213, 278
212, 277
212, 276
211, 275
211, 273
210, 272
210, 271
209, 270
209, 268
208, 267
208, 266
207, 265
207, 263
206, 262
206, 261
205, 260
205, 258
204, 257
204, 255
203, 254
203, 251
204, 250
206, 250
207, 249
208, 249
209, 248
211, 248
212, 247
214, 247
215, 246
217, 246
218, 245
220, 245
221, 244
223, 244
224, 243
225, 243
226, 242
228, 242
229, 241
231, 241
232, 240
233, 240
234, 239
236, 239
237, 238
238, 238
239, 237
241, 237
242, 236
243, 236
244, 235
245, 235
246, 234
248, 234
249, 233
250, 233
251, 232
252, 232
253, 231
253, 228
252, 227
252, 226
241, 215
240, 215
229, 204
228, 204
220, 196
219, 196
207, 184
206, 184
164, 142
164, 141
163, 140
163, 138
162, 137
162, 135
161, 134
161, 132
160, 131
160, 129
159, 128
159, 125
158, 124
158, 122
157, 121
157, 119
156, 118
156, 115
155, 114
155, 112
154, 111
154, 108
153, 107
153, 104
152, 103
152, 101
151, 100
151, 97
150, 96
150, 92
149, 91
149, 88
148, 87
148, 83
147, 82
147, 77
146, 76
146, 63
145, 62
142, 62
142, 64
141, 65
141, 70
142, 71
142, 78
143, 79
143, 84
144, 85
144, 89
145, 90
145, 93
146, 94
146, 98
147, 99
147, 101
148, 102
148, 105
149, 106
149, 109
150, 110
150, 113
151, 114
151, 116
152, 117
152, 119
153, 120
153, 123
154, 124
154, 126
155, 127
155, 129
156, 130
156, 132
155, 133
141, 119
141, 118
132, 109
132, 108
130, 106
130, 105
129, 104
129, 103
128, 102
128, 101
127, 100
127, 99
125, 97
125, 96
124, 95
124, 94
123, 93
123, 92
121, 90
121, 89
119, 87
119, 86
117, 84
117, 83
112, 78
111, 78
110, 77
109, 77
106, 74
106, 73
105, 72
105, 71
104, 70
104, 69
103, 68
103, 66
102, 65
102, 62
101, 61
101, 56
100, 55
100, 46
101, 45
101, 40
102, 39
102, 37
103, 36
103, 35
104, 34
104, 33
105, 32
105, 31
107, 29
107, 28
108, 27
109, 27
111, 25
112, 25
113, 24
123, 24
124, 25
127, 25
128, 26
129, 26
130, 27
131, 27
132, 28
133, 28
134, 29
135, 29
136, 30
137, 30
139, 32
140, 32
141, 33
142, 33
144, 35
145, 35
147, 37
148, 37
150, 39
151, 39
154, 42
155, 42
157, 44
158, 44
161, 47
162, 47
165, 50
166, 50
170, 54
171, 54
174, 57
175, 57
178, 60
179, 60
182, 63
183, 63
186, 66
187, 66
191, 70
192, 70
196, 74
197, 74
203, 80
203, 81
205, 83
205, 84
211, 90
212, 90
213, 91
217, 91
218, 90
218, 87
203, 72
203, 71
202, 70
202, 69
200, 67
200, 66
199, 65
199, 64
198, 63
198, 62
197, 61
197, 60
200, 57
204, 57
205, 58
206, 58
207, 59
208, 59
211, 62
212, 62
230, 80
230, 81
235, 86
235, 87
241, 93
241, 94
246, 99
246, 100
252, 106
252, 107
262, 117
263, 117
264, 118
266, 118
267, 117
267, 113
263, 109
263, 108
260, 105
260, 104
257, 101
257, 100
255, 98
255, 97
252, 94
252, 93
249, 90
249, 89
250, 87
267, 104
268, 104
274, 110
275, 110
279, 114
280, 114
282, 116
283, 116
286, 119
287, 119
288, 120
289, 120
290, 121
291, 121
293, 123
295, 123
296, 124
299, 124
300, 125
301, 124
302, 124
304, 122
304, 120
303, 119
303, 116
302, 115
302, 114
301, 113
301, 111
300, 110
300, 109
299, 108
299, 106
298, 105
298, 104
297, 103
297, 101
296, 100
296, 98
295, 97
295, 92
296, 91
297, 92
297, 93
298, 94
298, 95
299, 96
299, 97
300, 98
300, 99
301, 100
301, 101
303, 103
303, 104
304, 105
304, 106
305, 107
305, 108
306, 109
306, 110
307, 111
307, 112
308, 113
308, 114
309, 115
309, 116
310, 117
310, 118
311, 119
311, 120
312, 121
312, 122
314, 124
314, 125
315, 126
315, 127
316, 128
316, 129
317, 130
317, 131
318, 132
318, 133
320, 135
320, 136
321, 137
321, 138
322, 139
322, 140
323, 141
323, 142
324, 143
324, 144
326, 146
326, 147
327, 148
327, 149
328, 150
328, 151
329, 152
329, 153
331, 155
331, 156
332, 157
332, 158
333, 159
333, 160
334, 161
334, 162
336, 164
336, 165
337, 166
337, 167
338, 168
338, 169
340, 171
340, 172
341, 173
341, 174
342, 175
342, 176
344, 178
344, 179
345, 180
345, 181
346, 182
346, 183
347, 184
347, 185
349, 187
349, 188
350, 189
350, 190
352, 192
352, 193
353, 194
353, 195
354, 196
354, 197
356, 199
356, 200
357, 201
357, 202
359, 204
359, 205
360, 206
360, 207
361, 208
361, 209
363, 211
363, 212
364, 213
364, 214
366, 216
366, 217
367, 218
367, 219
369, 221
369, 222
370, 223
370, 224
372, 226
372, 227
373, 228
373, 229
375, 231
375, 232
376, 233
376, 234
378, 236
378, 237
379, 238
379, 239
381, 241
381, 242
382, 243
382, 244
384, 246
384, 247
386, 249
386, 250
387, 251
387, 252
389, 254
389, 255
391, 257
391, 258
392, 259
392, 260
394, 262
394, 263
396, 265
396, 266
397, 267
397, 268
399, 270
399, 271
401, 273
401, 274
403, 276
403, 277
405, 279
405, 280
407, 282
407, 283
409, 285
409, 286
411, 288
411, 289
413, 291
413, 292
415, 294
415, 295
417, 297
417, 298
419, 300
419, 301
422, 304
422, 305
424, 307
424, 308
427, 311
427, 312
430, 315
430, 316
433, 319
433, 320
437, 324
437, 325
445, 333
445, 334
447, 336
448, 336
452, 340
453, 340
454, 341
459, 341
460, 340
460, 339
461, 338
461, 334
460, 333
460, 330
459, 329
459, 327
458, 326
458, 325
457, 324
457, 322
456, 321
456, 320
455, 319
455, 318
454, 317
454, 315
453, 314
453, 313
452, 312
452, 311
451, 310
451, 309
450, 308
450, 306
449, 305
449, 304
448, 303
448, 302
447, 301
447, 299
446, 298
446, 297
445, 296
445, 295
444, 294
444, 293
443, 292
443, 291
442, 290
442, 288
441, 287
441, 286
440, 285
440, 284
439, 283
439, 282
438, 281
438, 280
437, 279
437, 278
436, 277
436, 275
435, 274
435, 273
434, 272
434, 271
433, 270
433, 269
432, 268
432, 267
431, 266
431, 265
430, 264
430, 263
429, 262
429, 261
428, 260
428, 259
427, 258
427, 257
426, 256
426, 255
425, 254
425, 253
423, 251
423, 250
422, 249
422, 248
421, 247
421, 246
420, 245
420, 244
419, 243
419, 242
417, 240
417, 239
416, 238
416, 237
415, 236
415, 235
414, 234
414, 233
412, 231
412, 230
411, 229
411, 228
410, 227
410, 226
408, 224
408, 223
407, 222
407, 221
406, 220
406, 219
404, 217
404, 216
403, 215
403, 214
402, 213
402, 212
400, 210
400, 209
399, 208
399, 207
397, 205
397, 204
396, 203
396, 202
394, 200
394, 199
393, 198
393, 197
391, 195
391, 194
389, 192
389, 191
387, 189
387, 188
386, 187
386, 186
384, 184
384, 183
382, 181
382, 180
379, 177
379, 176
377, 174
377, 173
375, 171
375, 170
372, 167
372, 166
370, 164
370, 163
367, 160
367, 159
364, 156
364, 155
361, 152
361, 151
359, 149
359, 148
356, 145
356, 144
352, 140
352, 139
348, 135
348, 134
345, 131
345, 130
341, 126
341, 125
336, 120
336, 119
328, 111
328, 110
309, 91
308, 91
304, 87
303, 87
302, 86
301, 86
298, 83
298, 82
297, 81
297, 80
296, 79
296, 78
295, 77
295, 76
294, 75
294, 74
293, 73
293, 72
292, 71
292, 70
291, 69
291, 68
290, 67
290, 66
289, 65
289, 64
287, 62
287, 61
286, 60
286, 59
285, 58
285, 57
284, 56
284, 55
283, 54
283, 53
282, 52
282, 51
281, 50
281, 49
280, 48
280, 47
279, 46
279, 45
277, 43
277, 42
276, 41
274, 41
272, 43
272, 44
273, 45
273, 46
274, 47
274, 48
275, 49
275, 50
276, 51
276, 52
277, 53
277, 54
278, 55
278, 56
279, 57
279, 58
281, 60
281, 61
282, 62
282, 63
283, 64
283, 65
284, 66
284, 67
285, 68
285, 69
286, 70
286, 71
287, 72
287, 73
288, 74
288, 75
289, 76
289, 77
290, 78
290, 79
291, 80
291, 81
292, 82
292, 83
293, 84
293, 85
291, 87
291, 88
290, 89
290, 98
291, 99
291, 101
292, 102
292, 104
293, 105
293, 106
294, 107
294, 109
295, 110
295, 112
296, 113
296, 114
297, 115
297, 117
296, 118
295, 118
294, 117
293, 117
292, 116
291, 116
289, 114
288, 114
285, 111
284, 111
281, 108
280, 108
275, 103
274, 103
258, 87
257, 87
251, 81
250, 81
248, 79
247, 79
246, 78
241, 78
238, 81
228, 71
228, 70
218, 60
217, 60
213, 56
212, 56
211, 55
210, 55
209, 54
208, 54
207, 53
206, 53
205, 52
198, 52
197, 53
196, 53
194, 55
194, 56
193, 57
193, 58
192, 59
192, 62
191, 63
189, 61
188, 61
185, 58
184, 58
181, 55
180, 55
176, 51
175, 51
172, 48
171, 48
168, 45
167, 45
164, 42
163, 42
160, 39
159, 39
157, 37
156, 37
153, 34
152, 34
150, 32
149, 32
147, 30
146, 30
145, 29
144, 29
142, 27
141, 27
140, 26
139, 26
138, 25
137, 25
136, 24
135, 24
134, 23
133, 23
132, 22
131, 22
130, 21
129, 21
128, 20
125, 20
124, 19
121, 19
120, 18
115, 18
114, 19
112, 19
111, 20
109, 20
108, 21
107, 21
101, 27
101, 28
100, 29
100, 30
99, 31
99, 32
98, 33
98, 35
97, 36
97, 38
96, 39
96, 44
95, 45
95, 56
96, 57
96, 62
97, 63
97, 66
98, 67
98, 69
99, 70
99, 72
100, 73
100, 74
101, 75
101, 76
102, 77
102, 81
101, 82
101, 84
100, 85
100, 102
101, 103
101, 110
102, 111
102, 117
103, 118
103, 122
104, 123
104, 127
105, 128
105, 132
106, 133
106, 137
107, 138
107, 142
108, 143
108, 146
109, 147
109, 151
110, 152
110, 155
111, 156
111, 159
112, 160
112, 163
113, 164
113, 167
114, 168
114, 171
115, 172
115, 174
114, 175
113, 174
113, 173
112, 172
112, 171
110, 169
110, 168
109, 167
109, 166
108, 165
108, 164
107, 163
107, 162
106, 161
106, 160
105, 159
105, 158
104, 157
104, 156
103, 155
103, 154
102, 153
102, 152
100, 150
100, 149
99, 148
99, 147
98, 146
98, 145
97, 144
97, 143
96, 142
96, 141
95, 140
95, 139
94, 138
94, 137
92, 135
92, 134
91, 133
91, 132
90, 131
90, 130
89, 129
89, 128
88, 127
88, 126
87, 125
87, 124
86, 123
86, 122
84, 120
84, 119
83, 118
83, 117
82, 116
82, 115
81, 114
81, 113
80, 112
80, 111
79, 110
79, 109
78, 108
78, 107
76, 105
76, 104
75, 103
75, 102
74, 101
74, 100
73, 99
73, 98
72, 97
72, 96
71, 95
71, 94
70, 93
70, 92
68, 90
68, 89
67, 88
67, 87
66, 86
66, 85
65, 84
65, 83
64, 82
64, 81
63, 80
63, 79
62, 78
62, 77
61, 76
61, 75
60, 74
60, 73
59, 72
59, 71
58, 70
58, 69
56, 67
56, 66
55, 65
55, 64
54, 63
54, 62
53, 61
53, 60
52, 59
52, 58
51, 57
51, 56
50, 55
50, 54
48, 52
48, 51
47, 50
47, 49
46, 48
46, 47
45, 46
45, 45
44, 44
44, 43
43, 42
43, 41
42, 40
42, 39
40, 37
40, 36
39, 35
39, 34
38, 33
38, 32
36, 30
36, 29
35, 28
35, 27
33, 25
33, 24
31, 22
31, 21
29, 19
29, 18
27, 16
26, 16
25, 15
150, 270
151, 269
152, 269
154, 271
154, 273
155, 274
155, 275
156, 276
156, 278
157, 279
157, 280
158, 281
158, 283
159, 284
159, 286
160, 287
160, 289
161, 290
161, 292
162, 293
162, 295
163, 296
163, 298
164, 299
164, 301
165, 302
165, 304
166, 305
166, 307
167, 308
167, 310
168, 311
168, 314
169, 315
169, 318
170, 319
170, 322
169, 323
168, 323
167, 322
167, 321
165, 319
165, 318
164, 317
164, 316
163, 315
163, 314
162, 313
162, 312
161, 311
161, 310
160, 309
160, 307
159, 306
159, 305
158, 304
158, 302
157, 301
157, 299
156, 298
156, 297
155, 296
155, 294
154, 293
154, 291
153, 290
153, 288
152, 287
152, 285
151, 284
151, 282
150, 281
150, 279
149, 278
149, 276
148, 275
148, 271
149, 270
139, 236
139, 237
140, 238
140, 239
141, 240
141, 242
142, 243
142, 244
143, 245
143, 246
144, 247
144, 249
145, 250
145, 251
146, 252
146, 253
147, 254
147, 256
148, 257
148, 258
149, 259
149, 260
150, 261
150, 264
149, 265
146, 265
145, 264
145, 263
144, 262
144, 260
143, 259
143, 257
142, 256
142, 253
141, 252
141, 250
140, 249
140, 247
139, 246
139, 243
138, 242
138, 240
137, 239
138, 234
136, 235
169, 157
170, 156
192, 178
193, 178
211, 196
212, 196
220, 204
221, 204
231, 214
232, 214
246, 228
244, 230
243, 230
242, 231
240, 231
239, 232
238, 232
237, 233
235, 233
234, 234
233, 234
232, 235
230, 235
229, 236
228, 236
227, 237
225, 237
224, 238
222, 238
221, 239
220, 239
219, 240
217, 240
216, 241
214, 241
213, 242
211, 242
210, 243
208, 243
207, 244
205, 244
204, 245
203, 245
202, 246
201, 246
200, 245
200, 244
199, 243
199, 242
198, 241
198, 239
197, 238
197, 236
196, 235
196, 234
195, 233
195, 231
194, 230
194, 228
193, 227
193, 225
192, 224
192, 222
191, 221
191, 220
190, 219
190, 217
189, 216
189, 214
188, 213
188, 211
187, 210
187, 208
186, 207
186, 206
185, 205
185, 203
184, 202
184, 200
183, 199
183, 197
182, 196
182, 194
181, 193
181, 191
180, 190
180, 189
179, 188
179, 186
178, 185
178, 183
177, 182
177, 180
176, 179
176, 177
175, 176
175, 174
174, 173
174, 171
173, 170
173, 168
172, 167
172, 165
171, 164
171, 162
170, 161
170, 159
169, 158
143, 131
144, 130
161, 147
161, 148
162, 149
162, 151
163, 152
163, 154
164, 155
164, 157
165, 158
165, 160
166, 161
166, 163
167, 164
167, 166
168, 167
168, 169
169, 170
169, 172
170, 173
170, 175
171, 176
171, 178
172, 179
172, 181
173, 182
173, 184
174, 185
174, 186
175, 187
175, 189
176, 190
176, 192
177, 193
177, 195
178, 196
178, 198
179, 199
179, 201
180, 202
178, 204
178, 203
177, 202
177, 200
176, 199
176, 198
175, 197
175, 196
174, 195
174, 194
173, 193
173, 192
172, 191
172, 190
171, 189
171, 188
170, 187
170, 186
169, 185
169, 184
168, 183
168, 182
167, 181
167, 180
166, 179
166, 178
165, 177
165, 176
164, 175
164, 174
163, 173
163, 172
162, 171
162, 170
161, 169
161, 168
160, 167
160, 165
159, 164
159, 163
158, 162
158, 161
157, 160
157, 159
156, 158
156, 157
155, 156
155, 155
154, 154
154, 153
153, 152
153, 151
152, 150
152, 149
151, 148
151, 147
150, 146
150, 145
149, 144
149, 143
148, 142
148, 141
147, 140
147, 139
146, 138
146, 137
145, 136
145, 135
144, 134
144, 133
143, 132
306, 98
307, 97
329, 119
329, 120
335, 126
335, 127
339, 131
339, 132
343, 136
343, 137
346, 140
346, 141
350, 145
350, 146
354, 150
354, 151
356, 153
356, 154
359, 157
359, 158
362, 161
362, 162
364, 164
364, 165
367, 168
367, 169
370, 172
370, 173
372, 175
372, 176
374, 178
374, 179
377, 182
377, 183
379, 185
379, 186
381, 188
381, 189
383, 191
383, 192
384, 193
384, 194
386, 196
386, 197
388, 199
388, 200
390, 202
390, 203
391, 204
391, 205
393, 207
393, 208
394, 209
394, 210
396, 212
396, 213
397, 214
397, 215
398, 216
398, 217
400, 219
400, 220
401, 221
401, 222
402, 223
402, 224
404, 226
404, 227
405, 228
405, 229
406, 230
406, 231
408, 233
408, 234
409, 235
409, 236
410, 237
410, 238
412, 240
412, 241
413, 242
413, 243
414, 244
414, 245
415, 246
415, 247
416, 248
416, 249
418, 251
418, 252
419, 253
419, 254
420, 255
420, 256
421, 257
421, 258
422, 259
422, 260
423, 261
423, 262
424, 263
424, 264
425, 265
425, 266
426, 267
426, 268
427, 269
427, 270
428, 271
428, 272
429, 273
429, 274
430, 275
430, 276
431, 277
431, 278
432, 279
432, 280
433, 281
433, 282
434, 283
434, 285
435, 286
435, 287
436, 288
436, 289
437, 290
437, 291
438, 292
438, 293
439, 294
439, 295
440, 296
440, 298
441, 299
441, 300
442, 301
442, 302
443, 303
443, 304
444, 305
444, 307
445, 308
445, 309
446, 310
446, 311
447, 312
447, 314
448, 315
448, 316
449, 317
449, 318
450, 319
450, 320
451, 321
451, 323
452, 324
452, 325
453, 326
453, 327
454, 328
454, 330
455, 331
455, 333
454, 334
453, 334
443, 324
443, 323
439, 319
439, 318
435, 314
435, 313
432, 310
432, 309
429, 306
429, 305
427, 303
427, 302
424, 299
424, 298
422, 296
422, 295
420, 293
420, 292
418, 290
418, 289
415, 286
415, 285
414, 284
414, 283
412, 281
412, 280
410, 278
410, 277
408, 275
408, 274
406, 272
406, 271
404, 269
404, 268
402, 266
402, 265
400, 263
400, 262
399, 261
399, 260
397, 258
397, 257
395, 255
395, 254
394, 253
394, 252
392, 250
392, 249
390, 247
390, 246
389, 245
389, 244
387, 242
387, 241
386, 240
386, 239
384, 237
384, 236
383, 235
383, 234
381, 232
381, 231
379, 229
379, 228
378, 227
378, 226
376, 224
376, 223
375, 222
375, 221
373, 219
373, 218
372, 217
372, 216
370, 214
370, 213
369, 212
369, 211
367, 209
367, 208
366, 207
366, 206
365, 205
365, 204
363, 202
363, 201
362, 200
362, 199
360, 197
360, 196
359, 195
359, 194
358, 193
358, 192
356, 190
356, 189
355, 188
355, 187
353, 185
353, 184
352, 183
352, 182
351, 181
351, 180
349, 178
349, 177
348, 176
348, 175
347, 174
347, 173
346, 172
346, 171
344, 169
344, 168
343, 167
343, 166
342, 165
342, 164
340, 162
340, 161
339, 160
339, 159
338, 158
338, 157
336, 155
336, 154
335, 153
335, 152
334, 151
334, 150
333, 149
333, 148
331, 146
331, 145
330, 144
330, 143
329, 142
329, 141
328, 140
328, 139
327, 138
327, 137
325, 135
325, 134
324, 133
324, 132
323, 131
323, 130
322, 129
322, 128
320, 126
320, 125
319, 124
319, 123
318, 122
318, 121
317, 120
317, 119
316, 118
316, 117
315, 116
315, 115
314, 114
314, 113
313, 112
313, 111
312, 110
312, 109
310, 107
310, 106
309, 105
309, 104
308, 103
308, 102
307, 101
307, 100
306, 99
106, 85
108, 87
108, 88
111, 91
111, 92
114, 95
114, 96
118, 100
118, 101
123, 106
123, 107
129, 113
129, 114
131, 116
131, 117
132, 118
132, 119
133, 120
133, 121
134, 122
134, 123
135, 124
135, 125
136, 126
136, 127
137, 128
137, 129
138, 130
138, 131
139, 132
139, 133
140, 134
140, 135
141, 136
141, 137
142, 138
142, 139
143, 140
143, 141
144, 142
144, 144
145, 145
145, 146
146, 147
146, 148
147, 149
147, 150
148, 151
148, 152
149, 153
149, 154
150, 155
150, 156
151, 157
151, 158
152, 159
152, 160
153, 161
153, 162
154, 163
154, 164
155, 165
155, 166
156, 167
156, 168
157, 169
157, 170
158, 171
158, 172
159, 173
159, 175
160, 176
160, 177
161, 178
161, 179
162, 180
162, 181
163, 182
163, 183
164, 184
164, 185
165, 186
165, 187
166, 188
166, 189
167, 190
167, 191
168, 192
168, 193
169, 194
169, 195
170, 196
170, 197
171, 198
171, 199
172, 200
172, 201
173, 202
173, 203
174, 204
174, 205
175, 206
175, 208
176, 209
176, 210
177, 211
177, 212
178, 213
178, 214
179, 215
179, 216
180, 217
180, 218
181, 219
181, 220
182, 221
182, 222
183, 223
183, 224
184, 225
184, 226
185, 227
185, 228
186, 229
186, 231
187, 232
187, 233
188, 234
188, 235
189, 236
189, 237
190, 238
190, 239
191, 240
191, 241
192, 242
192, 243
193, 244
193, 245
194, 246
194, 248
193, 249
191, 249
190, 250
188, 250
187, 251
185, 251
184, 252
183, 252
182, 253
180, 253
179, 254
177, 254
176, 255
174, 255
173, 256
171, 256
170, 257
168, 257
167, 258
166, 258
165, 259
163, 259
162, 260
160, 260
159, 261
158, 261
157, 262
155, 262
154, 261
154, 260
153, 259
153, 257
152, 256
152, 255
151, 254
151, 253
150, 252
150, 250
149, 249
149, 248
148, 247
148, 245
147, 244
147, 243
146, 242
146, 241
145, 240
145, 239
144, 238
144, 236
143, 235
143, 234
142, 233
142, 232
141, 231
141, 230
140, 229
140, 228
139, 227
139, 226
138, 225
138, 224
137, 223
137, 221
136, 220
136, 219
135, 218
135, 217
134, 216
134, 215
133, 214
133, 213
132, 212
132, 211
131, 210
131, 209
130, 208
130, 207
129, 206
129, 205
128, 204
128, 203
127, 202
127, 200
126, 199
126, 197
125, 196
125, 194
124, 193
124, 190
123, 189
123, 186
122, 185
122, 182
121, 181
121, 178
120, 177
120, 175
119, 174
119, 171
118, 170
118, 167
117, 166
117, 163
116, 162
116, 158
115, 157
115, 154
114, 153
114, 150
113, 149
113, 145
112, 144
112, 141
111, 140
111, 136
110, 135
110, 132
109, 131
109, 126
108, 125
108, 121
107, 120
107, 116
106, 115
106, 109
105, 108
105, 100
104, 99
104, 87
