4, 58
2, 60
0, 60
0, 62
2, 62
4, 64
4, 119
2, 121
0, 121
0, 123
2, 123
4, 125
4, 180
2, 182
0, 182
0, 184
2, 184
4, 186
4, 241
2, 243
0, 243
0, 245
2, 245
4, 247
4, 302
2, 304
0, 304
0, 306
2, 306
4, 308
4, 363
2, 365
0, 365
2, 367
4, 369
4, 371
274, 2
276, 367
8, 369
6, 4
218, 14
217, 15
217, 17
216, 18
216, 34
217, 35
217, 56
218, 57
218, 73
219, 74
219, 87
220, 88
220, 100
221, 101
221, 114
222, 115
222, 127
223, 128
223, 136
222, 137
221, 137
215, 131
214, 131
211, 128
210, 128
206, 124
205, 124
200, 119
199, 119
193, 113
192, 113
190, 111
189, 111
188, 110
187, 110
186, 109
184, 109
183, 110
181, 110
179, 112
179, 113
178, 114
178, 117
177, 118
177, 127
175, 129
174, 128
174, 125
173, 124
173, 122
172, 121
172, 119
171, 118
171, 117
170, 116
170, 114
169, 113
169, 112
168, 111
168, 110
163, 105
159, 105
157, 107
157, 108
156, 109
156, 111
155, 112
154, 111
154, 108
153, 107
153, 104
152, 103
153, 102
162, 102
163, 103
168, 103
169, 104
179, 104
180, 105
182, 105
183, 106
185, 106
186, 105
186, 104
184, 102
182, 102
181, 101
172, 101
171, 100
165, 100
164, 99
156, 99
155, 98
152, 98
151, 97
151, 96
150, 95
150, 93
149, 92
149, 90
148, 89
148, 87
147, 86
147, 84
146, 83
146, 82
145, 81
145, 80
143, 78
143, 77
142, 76
141, 76
140, 75
139, 75
138, 74
136, 74
135, 75
134, 75
133, 76
132, 76
130, 78
130, 79
129, 80
129, 81
128, 82
128, 83
127, 84
127, 85
126, 86
126, 88
125, 89
125, 91
124, 92
124, 93
123, 94
122, 94
121, 93
118, 93
117, 92
113, 92
112, 91
110, 91
109, 90
106, 90
105, 89
102, 89
101, 88
99, 88
98, 87
96, 87
95, 86
92, 86
91, 85
89, 85
88, 84
86, 84
85, 83
84, 83
81, 80
80, 80
79, 79
77, 79
76, 80
71, 80
70, 79
67, 79
66, 78
63, 78
62, 77
59, 77
56, 74
56, 72
55, 71
55, 69
54, 68
54, 66
53, 65
53, 63
52, 62
52, 60
51, 59
51, 57
50, 56
50, 55
49, 54
49, 52
48, 51
48, 50
47, 49
47, 48
46, 47
46, 46
45, 45
45, 44
44, 43
44, 42
43, 41
43, 40
41, 38
41, 37
37, 33
36, 33
35, 32
34, 32
33, 31
29, 31
28, 32
27, 32
26, 33
25, 33
24, 34
24, 35
22, 37
22, 38
21, 39
21, 40
20, 41
20, 43
19, 44
19, 47
18, 48
18, 52
17, 53
17, 58
16, 59
16, 66
15, 67
15, 77
14, 78
14, 95
15, 96
15, 98
16, 99
19, 99
20, 98
20, 74
21, 73
21, 64
22, 63
22, 57
23, 56
23, 52
24, 51
24, 48
25, 47
25, 44
26, 43
26, 42
27, 41
27, 40
30, 37
32, 37
38, 43
38, 44
39, 45
39, 46
40, 47
40, 48
41, 49
41, 50
42, 51
42, 52
43, 53
43, 54
44, 55
44, 57
45, 58
45, 60
46, 61
46, 62
47, 63
47, 65
48, 66
48, 68
49, 69
49, 71
50, 72
49, 73
45, 73
44, 72
43, 72
42, 73
41, 73
40, 74
40, 75
39, 76
39, 79
40, 80
40, 84
41, 85
41, 88
42, 89
42, 91
43, 92
43, 95
44, 96
44, 98
45, 99
45, 101
46, 102
46, 104
47, 105
47, 106
48, 107
48, 109
49, 110
49, 112
50, 113
50, 115
51, 116
51, 117
52, 118
52, 120
53, 121
53, 122
54, 123
54, 125
55, 126
55, 127
56, 128
56, 130
57, 131
57, 132
58, 133
58, 134
59, 135
59, 137
60, 138
60, 139
61, 140
61, 141
62, 142
62, 143
63, 144
63, 146
64, 147
64, 148
65, 149
65, 150
66, 151
66, 152
67, 153
67, 154
68, 155
68, 165
69, 166
69, 182
70, 183
70, 196
71, 197
71, 210
72, 211
72, 222
73, 223
73, 232
74, 233
74, 242
75, 243
75, 251
76, 252
76, 260
77, 261
77, 267
78, 268
78, 275
79, 276
79, 282
80, 283
80, 288
81, 289
81, 294
82, 295
82, 300
83, 301
83, 306
84, 307
84, 310
85, 311
85, 312
87, 314
90, 314
91, 313
91, 295
90, 294
90, 282
89, 281
89, 269
88, 268
88, 258
87, 257
87, 247
86, 246
86, 236
85, 235
85, 226
84, 225
84, 217
83, 216
83, 207
82, 206
82, 199
81, 198
81, 190
80, 189
80, 185
81, 184
83, 186
83, 187
84, 188
84, 189
85, 190
85, 191
86, 192
86, 193
87, 194
87, 195
88, 196
88, 197
89, 198
89, 199
90, 200
90, 201
91, 202
91, 203
92, 204
92, 205
93, 206
93, 207
94, 208
94, 209
95, 210
95, 211
96, 212
96, 213
97, 214
97, 215
98, 216
98, 217
99, 218
99, 219
101, 221
101, 222
102, 223
102, 224
103, 225
103, 226
104, 227
104, 228
105, 229
105, 239
106, 240
106, 253
107, 254
107, 265
108, 266
108, 275
109, 276
109, 284
110, 285
110, 291
111, 292
111, 297
112, 298
112, 302
113, 303
113, 306
114, 307
114, 309
115, 310
115, 312
114, 313
113, 313
112, 314
110, 314
109, 315
107, 315
106, 316
104, 316
103, 317
101, 317
100, 318
98, 318
97, 319
96, 319
95, 320
93, 320
92, 321
90, 321
89, 322
87, 322
86, 323
84, 323
83, 324
81, 324
80, 325
78, 325
77, 326
75, 326
74, 327
72, 327
71, 328
69, 328
68, 329
66, 329
65, 330
63, 330
62, 331
60, 331
59, 332
57, 332
56, 333
54, 333
53, 334
51, 334
50, 335
48, 335
47, 336
46, 336
45, 337
43, 337
42, 338
41, 338
40, 339
39, 339
38, 340
37, 340
36, 341
35, 341
33, 343
32, 343
31, 344
31, 345
30, 346
30, 349
33, 349
39, 343
40, 343
41, 342
42, 342
43, 341
44, 341
45, 340
46, 340
47, 339
49, 339
50, 338
52, 338
53, 337
55, 337
56, 336
57, 336
58, 335
60, 335
61, 334
63, 334
64, 333
67, 333
68, 332
70, 332
71, 331
73, 331
74, 330
75, 330
76, 329
78, 329
79, 328
81, 328
82, 327
84, 327
85, 326
87, 326
88, 325
90, 325
91, 324
93, 324
94, 323
96, 323
97, 322
99, 322
100, 321
102, 321
103, 320
105, 320
106, 319
108, 319
109, 318
111, 318
112, 317
114, 317
115, 316
117, 316
118, 315
120, 315
121, 314
123, 314
124, 313
125, 313
126, 312
127, 312
130, 309
131, 309
132, 308
132, 307
134, 305
134, 304
135, 303
135, 301
136, 300
136, 292
135, 291
135, 288
134, 287
134, 284
133, 283
133, 281
132, 280
132, 278
131, 277
131, 276
130, 275
130, 274
129, 273
129, 271
128, 270
128, 269
127, 268
127, 267
126, 266
126, 248
125, 247
125, 200
124, 199
124, 148
125, 147
125, 126
126, 125
126, 114
127, 113
127, 106
128, 105
128, 101
130, 99
136, 99
137, 100
144, 100
146, 102
146, 103
147, 104
147, 107
148, 108
148, 111
149, 112
149, 116
150, 117
150, 122
151, 123
151, 128
152, 129
152, 134
153, 135
153, 141
154, 142
154, 148
155, 149
155, 155
156, 156
156, 160
157, 161
157, 164
159, 166
162, 166
163, 165
163, 150
162, 149
162, 134
161, 133
161, 114
162, 113
164, 115
164, 116
165, 117
165, 119
166, 120
166, 122
167, 123
167, 125
168, 126
168, 128
169, 129
169, 131
170, 132
170, 135
171, 136
171, 139
172, 140
172, 143
173, 144
173, 147
174, 148
174, 151
175, 152
175, 153
176, 154
179, 154
181, 152
181, 149
182, 148
182, 123
183, 122
183, 118
184, 117
184, 116
185, 115
186, 116
187, 116
190, 119
191, 119
198, 126
199, 126
203, 130
204, 130
207, 133
208, 133
212, 137
213, 137
220, 144
220, 145
223, 148
223, 149
224, 150
224, 153
225, 154
225, 167
226, 168
226, 180
227, 181
227, 193
228, 194
228, 206
229, 207
229, 218
230, 219
230, 231
231, 232
231, 241
232, 242
232, 252
233, 253
233, 262
234, 263
234, 271
235, 272
235, 281
236, 282
236, 289
237, 290
237, 297
238, 298
238, 304
239, 305
239, 310
240, 311
240, 317
241, 318
241, 323
242, 324
242, 328
243, 329
243, 332
244, 333
244, 336
245, 337
245, 340
246, 341
246, 343
247, 344
247, 346
248, 347
248, 349
250, 351
250, 352
253, 355
254, 355
255, 356
256, 356
257, 355
258, 355
261, 352
261, 351
262, 350
262, 348
263, 347
263, 344
264, 343
264, 339
265, 338
265, 331
266, 330
266, 316
267, 315
267, 270
266, 269
266, 256
265, 255
265, 245
264, 244
264, 238
263, 237
263, 232
262, 231
262, 227
261, 226
261, 222
260, 221
260, 217
259, 216
259, 213
258, 212
258, 209
257, 208
257, 205
256, 204
256, 202
255, 201
255, 199
254, 198
254, 196
253, 195
253, 193
252, 192
252, 190
251, 189
251, 187
250, 186
250, 185
249, 184
249, 182
248, 181
248, 180
247, 179
247, 177
246, 176
246, 175
245, 174
245, 173
244, 172
244, 171
243, 170
243, 169
242, 168
242, 167
241, 166
241, 165
240, 164
240, 163
238, 161
238, 160
237, 159
237, 158
235, 156
235, 155
233, 153
233, 152
231, 150
231, 149
230, 148
230, 145
229, 144
229, 132
228, 131
228, 119
227, 118
227, 105
226, 104
226, 92
225, 91
225, 79
224, 78
224, 63
223, 62
223, 44
222, 43
222, 15
221, 14
126, 278
127, 277
128, 278
128, 279
129, 280
129, 282
130, 283
130, 285
131, 286
131, 288
132, 289
132, 294
133, 295
133, 297
132, 298
132, 301
131, 302
131, 303
125, 309
124, 308
124, 304
125, 303
125, 292
126, 291
112, 248
113, 247
115, 249
115, 250
116, 251
116, 253
117, 254
117, 255
118, 256
118, 257
119, 258
119, 259
120, 260
120, 296
119, 297
119, 298
118, 299
117, 298
117, 294
116, 293
116, 287
115, 286
115, 279
114, 278
114, 269
113, 268
113, 258
112, 257
231, 163
232, 162
233, 163
233, 164
235, 166
235, 167
236, 168
236, 169
237, 170
237, 171
238, 172
238, 173
239, 174
239, 175
240, 176
240, 177
241, 178
241, 179
242, 180
242, 182
243, 183
243, 184
244, 185
244, 187
245, 188
245, 189
246, 190
246, 192
247, 193
247, 195
248, 196
248, 198
249, 199
249, 201
250, 202
250, 204
251, 205
251, 208
252, 209
252, 212
253, 213
253, 216
254, 217
254, 220
255, 221
255, 225
256, 226
256, 230
257, 231
257, 236
258, 237
258, 243
259, 244
259, 252
260, 253
260, 264
261, 265
261, 320
260, 321
260, 332
259, 333
259, 339
258, 340
258, 344
257, 345
257, 347
256, 348
255, 348
254, 347
254, 346
253, 345
253, 344
252, 343
252, 341
251, 340
251, 338
250, 337
250, 334
249, 333
249, 329
248, 328
248, 325
247, 324
247, 319
246, 318
246, 313
245, 312
245, 307
244, 306
244, 300
243, 299
243, 292
242, 291
242, 284
241, 283
241, 275
240, 274
240, 265
239, 264
239, 256
238, 255
238, 245
237, 244
237, 235
236, 234
236, 223
235, 222
235, 211
234, 210
234, 198
233, 197
233, 185
232, 184
232, 171
231, 170
87, 89
88, 88
90, 88
91, 89
93, 89
94, 90
96, 90
97, 91
100, 91
101, 92
103, 92
104, 93
107, 93
108, 94
111, 94
112, 95
115, 95
116, 96
119, 96
120, 97
122, 97
123, 98
123, 100
122, 101
122, 107
121, 108
121, 116
120, 117
120, 130
119, 131
119, 164
118, 165
118, 184
119, 185
119, 232
120, 233
120, 248
119, 249
117, 247
117, 246
116, 245
116, 244
115, 243
115, 241
114, 240
114, 239
113, 238
113, 237
112, 236
112, 235
111, 234
111, 230
110, 229
110, 216
109, 215
109, 203
108, 202
108, 191
107, 190
107, 181
106, 180
106, 172
105, 171
105, 164
104, 163
104, 156
103, 155
103, 149
102, 148
102, 143
101, 142
101, 138
100, 137
100, 133
99, 132
99, 128
98, 127
98, 123
97, 122
97, 119
96, 118
96, 115
95, 114
95, 111
94, 110
94, 108
93, 107
93, 104
92, 103
92, 101
91, 100
91, 98
90, 97
90, 95
89, 94
89, 93
88, 92
88, 90
78, 86
81, 89
81, 90
82, 91
82, 93
83, 94
83, 95
84, 96
84, 98
85, 99
85, 100
86, 101
86, 103
87, 104
87, 107
88, 108
88, 110
89, 111
89, 114
90, 115
90, 118
91, 119
91, 122
92, 123
92, 126
93, 127
93, 131
94, 132
94, 136
95, 137
95, 141
96, 142
96, 147
97, 148
97, 153
98, 154
98, 160
99, 161
99, 169
100, 170
100, 177
101, 178
101, 187
102, 188
102, 198
103, 199
103, 211
104, 212
104, 216
103, 217
101, 215
101, 214
100, 213
100, 212
99, 211
99, 210
98, 209
98, 208
97, 207
97, 206
96, 205
96, 204
95, 203
95, 202
94, 201
94, 200
93, 199
93, 198
92, 197
92, 196
90, 194
90, 193
89, 192
89, 191
88, 190
88, 189
87, 188
87, 187
86, 186
86, 185
85, 184
85, 183
84, 182
84, 181
83, 180
83, 179
82, 178
82, 176
81, 175
81, 174
80, 173
80, 172
79, 171
79, 170
78, 169
78, 168
77, 167
77, 162
76, 161
76, 156
75, 155
75, 150
74, 149
74, 145
73, 144
73, 103
74, 102
74, 94
75, 93
75, 90
76, 89
76, 88
136, 81
138, 81
140, 83
140, 84
141, 85
141, 86
142, 87
142, 89
143, 90
143, 92
144, 93
144, 96
143, 97
139, 97
138, 96
133, 96
132, 95
131, 95
130, 94
130, 92
131, 91
131, 89
132, 88
132, 87
133, 86
133, 85
134, 84
134, 83
59, 81
60, 80
61, 81
64, 81
65, 82
68, 82
69, 83
70, 83
71, 84
71, 86
70, 87
70, 90
69, 91
69, 95
68, 96
68, 107
67, 108
66, 108
65, 107
65, 104
64, 103
64, 100
63, 99
63, 96
62, 95
62, 92
61, 91
61, 89
60, 88
60, 85
59, 84
43, 77
44, 76
46, 76
47, 77
49, 77
50, 78
51, 78
52, 79
52, 81
53, 82
53, 84
54, 85
54, 88
55, 89
55, 91
56, 92
56, 95
57, 96
57, 98
58, 99
58, 102
59, 103
59, 106
60, 107
60, 110
61, 111
61, 114
62, 115
62, 119
63, 120
63, 123
64, 124
64, 128
65, 129
65, 133
66, 134
66, 138
67, 139
67, 141
66, 142
65, 141
65, 140
64, 139
64, 138
63, 137
63, 136
62, 135
62, 134
61, 133
61, 131
60, 130
60, 129
59, 128
59, 127
58, 126
58, 124
57, 123
57, 122
56, 121
56, 119
55, 118
55, 117
54, 116
54, 114
53, 113
53, 111
52, 110
52, 109
51, 108
51, 106
50, 105
50, 103
49, 102
49, 100
48, 99
48, 97
47, 96
47, 94
46, 93
46, 90
45, 89
45, 87
44, 86
44, 83
43, 82
