308, 2
310, 367
4, 369
2, 4
256, 15
255, 16
245, 16
244, 17
240, 17
239, 18
236, 18
235, 19
232, 19
231, 20
229, 20
228, 21
226, 21
225, 22
223, 22
222, 23
220, 23
219, 24
218, 24
217, 25
215, 25
214, 26
212, 26
211, 27
210, 27
209, 28
208, 28
207, 29
206, 29
205, 30
204, 30
203, 31
202, 31
201, 32
200, 32
199, 33
198, 33
197, 34
196, 34
195, 35
194, 35
193, 36
192, 36
191, 37
190, 37
189, 38
188, 38
187, 39
186, 39
184, 41
183, 41
182, 42
181, 42
180, 43
179, 43
177, 45
176, 45
174, 47
173, 47
171, 49
170, 49
169, 50
168, 50
166, 52
165, 52
163, 54
162, 54
159, 57
158, 57
156, 59
155, 59
152, 62
151, 62
149, 64
148, 64
144, 68
143, 68
139, 72
138, 72
134, 76
133, 76
132, 75
132, 59
131, 58
131, 54
130, 53
130, 52
129, 51
129, 50
127, 48
126, 48
125, 47
124, 47
123, 48
122, 48
122, 49
119, 52
119, 53
118, 54
118, 55
116, 57
116, 58
115, 59
115, 60
114, 61
114, 62
113, 63
113, 64
112, 65
112, 67
111, 68
111, 69
110, 70
110, 72
109, 73
109, 74
108, 75
108, 77
107, 78
107, 80
106, 81
106, 83
105, 84
105, 86
104, 87
104, 89
103, 90
103, 92
102, 93
102, 95
101, 96
101, 98
100, 99
100, 101
99, 102
99, 105
98, 106
98, 107
85, 120
85, 121
74, 132
74, 133
69, 138
69, 139
65, 143
65, 144
61, 148
61, 149
58, 152
58, 153
55, 156
55, 157
53, 159
53, 160
51, 162
51, 163
48, 166
48, 167
46, 169
46, 170
44, 172
44, 173
43, 174
43, 175
41, 177
41, 178
39, 180
39, 181
37, 183
37, 184
36, 185
36, 186
34, 188
34, 189
33, 190
33, 191
32, 192
32, 193
31, 194
31, 195
29, 197
29, 198
28, 199
28, 200
27, 201
27, 202
26, 203
26, 204
25, 205
25, 206
24, 207
24, 208
23, 209
23, 210
22, 211
22, 212
21, 213
21, 214
20, 215
20, 217
19, 218
19, 219
18, 220
18, 222
17, 223
17, 224
16, 225
16, 227
15, 228
15, 231
14, 232
14, 235
13, 236
13, 245
14, 246
14, 248
15, 249
15, 250
16, 251
17, 251
20, 254
22, 254
23, 255
26, 255
27, 256
38, 256
39, 255
45, 255
46, 254
52, 254
53, 253
56, 253
57, 252
61, 252
62, 251
64, 251
65, 252
65, 257
64, 258
64, 265
63, 266
63, 275
62, 276
62, 291
61, 292
61, 302
62, 303
62, 311
63, 312
64, 312
65, 311
65, 305
64, 304
64, 290
65, 289
65, 275
66, 274
66, 265
67, 264
67, 257
68, 256
68, 251
70, 249
73, 249
74, 248
76, 248
77, 247
80, 247
81, 246
84, 246
85, 245
87, 245
88, 244
90, 244
91, 243
93, 243
94, 242
96, 242
97, 241
100, 241
101, 242
101, 243
100, 244
100, 248
99, 249
99, 253
98, 254
98, 259
99, 260
100, 260
101, 259
101, 257
102, 256
102, 254
103, 253
103, 252
104, 251
104, 249
105, 248
105, 246
106, 245
106, 244
107, 243
107, 241
108, 240
108, 239
110, 237
111, 237
112, 236
113, 236
114, 235
116, 235
117, 234
119, 234
120, 233
122, 233
123, 232
125, 232
126, 231
127, 231
128, 230
130, 230
131, 229
133, 229
134, 228
135, 228
136, 227
138, 227
139, 226
141, 226
142, 227
142, 231
141, 232
141, 236
140, 237
140, 240
139, 241
139, 245
138, 246
138, 250
137, 251
137, 255
136, 256
136, 260
135, 261
135, 265
134, 266
134, 270
133, 271
133, 277
132, 278
132, 283
131, 284
131, 291
130, 292
130, 303
131, 304
131, 306
132, 307
135, 307
136, 306
137, 306
145, 298
145, 297
148, 294
148, 293
150, 291
150, 290
152, 288
152, 287
154, 285
154, 284
155, 283
155, 282
157, 280
157, 279
158, 278
158, 277
160, 275
160, 274
161, 273
161, 272
162, 271
162, 270
164, 268
164, 267
165, 266
165, 265
166, 264
166, 263
167, 262
167, 261
168, 260
168, 259
169, 258
169, 257
170, 256
170, 255
171, 254
171, 253
172, 252
172, 251
173, 250
173, 248
174, 247
174, 246
175, 245
175, 244
176, 243
176, 242
177, 241
177, 239
178, 238
178, 237
179, 236
179, 235
180, 234
180, 232
181, 231
181, 230
182, 229
182, 227
183, 226
183, 225
184, 224
184, 222
185, 221
185, 220
186, 219
186, 218
187, 217
188, 218
188, 225
187, 226
187, 248
186, 249
186, 252
183, 255
183, 256
179, 260
179, 261
176, 264
176, 265
173, 268
173, 269
170, 272
170, 273
168, 275
168, 276
166, 278
166, 279
164, 281
164, 282
162, 284
162, 285
161, 286
161, 287
160, 288
160, 289
158, 291
158, 292
157, 293
157, 295
156, 296
156, 297
155, 298
155, 301
154, 302
154, 304
153, 305
153, 310
152, 311
152, 325
153, 326
153, 331
154, 332
154, 335
155, 336
155, 338
156, 339
156, 340
157, 341
157, 343
158, 344
158, 345
159, 346
159, 347
165, 353
167, 353
168, 354
174, 354
176, 352
177, 352
178, 351
178, 350
180, 348
180, 347
181, 346
181, 344
182, 343
182, 340
183, 339
183, 335
184, 334
184, 328
185, 327
185, 320
186, 319
186, 311
187, 310
187, 302
188, 301
188, 287
189, 286
189, 253
191, 251
191, 250
195, 246
195, 245
199, 241
199, 240
203, 236
203, 235
208, 230
208, 229
211, 226
211, 225
215, 221
215, 220
218, 217
218, 216
222, 212
222, 211
225, 208
225, 207
229, 203
229, 202
232, 199
232, 198
237, 193
241, 193
242, 192
247, 192
248, 191
248, 190
247, 189
243, 189
242, 190
241, 190
240, 189
240, 188
241, 187
241, 186
244, 183
244, 182
247, 179
247, 178
249, 176
249, 175
252, 172
252, 171
254, 169
254, 168
257, 165
257, 164
259, 162
259, 161
261, 159
261, 158
263, 156
263, 155
265, 153
265, 152
267, 150
267, 149
269, 147
269, 146
271, 144
271, 143
273, 141
273, 140
274, 139
274, 138
276, 136
276, 135
277, 134
277, 133
278, 132
278, 131
280, 129
280, 128
281, 127
281, 126
282, 125
282, 124
283, 123
283, 122
284, 121
284, 120
285, 119
285, 118
286, 117
286, 116
287, 115
287, 114
288, 113
288, 112
289, 111
289, 109
290, 108
290, 107
291, 106
291, 105
292, 104
292, 102
293, 101
293, 99
294, 98
294, 96
295, 95
295, 92
296, 91
296, 87
297, 86
297, 80
298, 79
298, 62
297, 61
297, 56
296, 55
296, 52
295, 51
295, 48
294, 47
294, 45
293, 44
293, 43
292, 42
292, 40
291, 39
291, 38
290, 37
290, 36
288, 34
288, 33
286, 31
286, 30
278, 22
277, 22
275, 20
274, 20
273, 19
272, 19
271, 18
269, 18
268, 17
265, 17
264, 16
258, 16
257, 15
185, 258
186, 259
186, 287
185, 288
185, 302
184, 303
184, 311
183, 312
183, 319
182, 320
182, 328
181, 329
181, 334
180, 335
180, 339
179, 340
179, 343
178, 344
178, 345
177, 346
177, 347
173, 351
168, 351
167, 350
166, 350
162, 346
162, 345
161, 344
161, 343
160, 342
160, 341
159, 340
159, 338
158, 337
158, 335
157, 334
157, 332
156, 331
156, 327
155, 326
155, 311
156, 310
156, 305
157, 304
157, 302
158, 301
158, 299
159, 298
159, 296
160, 295
160, 294
161, 293
161, 292
162, 291
162, 290
164, 288
164, 287
165, 286
165, 285
167, 283
167, 282
169, 280
169, 279
171, 277
171, 276
173, 274
173, 273
176, 270
176, 269
179, 266
179, 265
183, 261
183, 260
183, 210
184, 209
185, 210
185, 213
184, 214
184, 216
183, 217
183, 218
182, 219
182, 221
181, 222
181, 223
180, 224
180, 226
179, 227
179, 228
178, 229
178, 231
177, 232
177, 233
176, 234
176, 235
175, 236
175, 238
174, 239
174, 240
173, 241
173, 242
172, 243
172, 244
171, 245
171, 247
170, 248
170, 249
169, 250
169, 251
168, 252
168, 253
167, 254
167, 255
166, 256
166, 257
165, 258
165, 259
164, 260
164, 261
163, 262
163, 263
162, 264
162, 265
161, 266
161, 267
160, 268
160, 269
158, 271
158, 272
157, 273
157, 274
156, 275
156, 276
154, 278
154, 279
153, 280
153, 281
151, 283
151, 284
149, 286
149, 287
147, 289
147, 290
145, 292
145, 293
142, 296
142, 297
136, 303
134, 303
133, 302
133, 292
134, 291
134, 284
135, 283
135, 277
136, 276
136, 271
137, 270
137, 266
138, 265
138, 261
139, 260
139, 256
140, 255
140, 251
141, 250
141, 246
142, 245
142, 241
143, 240
143, 237
144, 236
144, 232
145, 231
145, 227
146, 226
146, 225
148, 223
149, 223
150, 222
151, 222
152, 221
154, 221
155, 220
156, 220
157, 219
159, 219
160, 218
162, 218
163, 217
164, 217
165, 216
167, 216
168, 215
169, 215
170, 214
172, 214
173, 213
175, 213
176, 212
178, 212
179, 211
181, 211
182, 210
227, 195
228, 194
230, 194
231, 195
229, 197
229, 198
225, 202
225, 203
222, 206
222, 207
218, 211
218, 212
214, 216
214, 217
211, 220
211, 221
208, 224
208, 225
204, 229
204, 230
199, 235
199, 236
195, 240
195, 241
191, 245
190, 244
190, 225
191, 224
191, 209
192, 208
192, 207
193, 206
194, 206
195, 205
197, 205
198, 204
199, 204
200, 203
202, 203
203, 202
204, 202
205, 201
207, 201
208, 200
209, 200
210, 199
212, 199
213, 198
215, 198
216, 197
219, 197
220, 196
223, 196
224, 195
144, 175
145, 175
146, 176
146, 177
147, 178
147, 201
146, 202
146, 210
145, 211
145, 216
144, 217
144, 220
142, 222
141, 222
140, 223
139, 223
138, 224
136, 224
135, 225
133, 225
132, 226
130, 226
129, 227
128, 227
127, 228
125, 228
124, 229
122, 229
121, 230
120, 230
119, 231
117, 231
116, 232
114, 232
113, 233
112, 233
111, 232
111, 231
112, 230
112, 228
113, 227
113, 226
114, 225
114, 224
115, 223
115, 221
116, 220
116, 219
117, 218
117, 217
118, 216
118, 215
119, 214
119, 213
120, 212
120, 211
121, 210
121, 209
123, 207
123, 206
124, 205
124, 204
125, 203
125, 202
126, 201
126, 200
127, 199
127, 198
128, 197
128, 196
130, 194
130, 193
131, 192
131, 191
133, 189
133, 188
134, 187
134, 186
137, 183
137, 182
94, 116
95, 117
95, 119
94, 120
94, 122
93, 123
93, 126
92, 127
92, 130
91, 131
91, 134
90, 135
90, 138
89, 139
89, 142
88, 143
88, 146
87, 147
87, 150
86, 151
86, 154
85, 155
85, 159
84, 160
84, 163
83, 164
83, 168
82, 169
82, 172
81, 173
81, 177
80, 178
80, 181
79, 182
79, 186
78, 187
78, 190
77, 191
77, 195
76, 196
76, 199
75, 200
75, 204
74, 205
74, 209
73, 210
73, 213
72, 214
72, 218
71, 219
71, 223
70, 224
70, 227
69, 228
69, 233
68, 234
68, 238
67, 239
67, 244
66, 245
66, 246
64, 248
61, 248
60, 249
57, 249
56, 250
52, 250
51, 251
46, 251
45, 252
39, 252
38, 253
27, 253
26, 252
23, 252
22, 251
21, 251
17, 247
17, 246
16, 245
16, 236
17, 235
17, 232
18, 231
18, 228
19, 227
19, 226
20, 225
20, 223
21, 222
21, 221
22, 220
22, 218
23, 217
23, 216
24, 215
24, 214
25, 213
25, 212
26, 211
26, 210
27, 209
27, 208
28, 207
28, 206
29, 205
29, 204
30, 203
30, 202
31, 201
31, 200
32, 199
32, 198
33, 197
33, 196
35, 194
35, 193
36, 192
36, 191
37, 190
37, 189
39, 187
39, 186
40, 185
40, 184
42, 182
42, 181
44, 179
44, 178
45, 177
45, 176
47, 174
47, 173
49, 171
49, 170
51, 168
51, 167
54, 164
54, 163
56, 161
56, 160
59, 157
59, 156
61, 154
61, 153
65, 149
65, 148
69, 144
69, 143
73, 139
73, 138
80, 131
80, 130
126, 86
127, 86
128, 87
128, 93
127, 94
127, 99
126, 100
126, 105
125, 106
125, 111
124, 112
124, 116
123, 117
123, 122
122, 123
122, 127
121, 128
121, 132
120, 133
120, 137
119, 138
119, 142
118, 143
118, 147
117, 148
117, 152
116, 153
116, 157
115, 158
115, 162
114, 163
114, 167
113, 168
113, 172
112, 173
112, 178
111, 179
111, 183
110, 184
110, 188
109, 189
109, 194
108, 195
108, 200
107, 201
107, 206
106, 207
106, 213
105, 214
105, 219
104, 220
104, 225
103, 226
103, 232
102, 233
102, 236
101, 237
100, 237
99, 238
97, 238
96, 239
94, 239
93, 240
91, 240
90, 241
87, 241
86, 242
84, 242
83, 243
81, 243
80, 244
77, 244
76, 245
73, 245
72, 246
70, 246
69, 245
70, 244
70, 239
71, 238
71, 234
72, 233
72, 228
73, 227
73, 224
74, 223
74, 219
75, 218
75, 214
76, 213
76, 210
77, 209
77, 205
78, 204
78, 200
79, 199
79, 196
80, 195
80, 191
81, 190
81, 187
82, 186
82, 182
83, 181
83, 178
84, 177
84, 173
85, 172
85, 169
86, 168
86, 164
87, 163
87, 160
88, 159
88, 155
89, 154
89, 151
90, 150
90, 147
91, 146
91, 143
92, 142
92, 139
93, 138
93, 135
94, 134
94, 131
95, 130
95, 127
96, 126
96, 123
97, 122
97, 120
98, 119
98, 116
99, 115
99, 113
100, 112
100, 110
112, 98
113, 98
120, 91
121, 91
124, 51
125, 51
127, 53
127, 54
128, 55
128, 58
129, 59
129, 79
121, 87
120, 87
114, 93
113, 93
105, 101
104, 101
103, 100
103, 99
104, 98
104, 96
105, 95
105, 93
106, 92
106, 90
107, 89
107, 87
108, 86
108, 84
109, 83
109, 81
110, 80
110, 78
111, 77
111, 76
112, 75
112, 73
113, 72
113, 71
114, 70
114, 68
115, 67
115, 66
116, 65
116, 64
117, 63
117, 62
118, 61
118, 60
119, 59
119, 58
121, 56
121, 55
122, 54
122, 53
237, 23
238, 23
239, 24
239, 39
238, 40
238, 44
237, 45
237, 49
236, 50
236, 53
235, 54
235, 57
234, 58
234, 60
233, 61
233, 64
232, 65
232, 67
231, 68
231, 71
230, 72
230, 74
229, 75
229, 77
228, 78
228, 80
227, 81
227, 84
226, 85
226, 87
225, 88
225, 90
224, 91
224, 94
223, 95
223, 97
222, 98
222, 100
221, 101
221, 104
220, 105
220, 107
219, 108
219, 110
218, 111
218, 114
217, 115
217, 117
216, 118
216, 120
215, 121
215, 123
214, 124
214, 126
213, 127
213, 130
212, 131
212, 133
211, 134
211, 136
210, 137
210, 139
209, 140
209, 142
208, 143
208, 145
207, 146
207, 148
206, 149
206, 151
205, 152
205, 155
204, 156
204, 158
203, 159
203, 161
202, 162
202, 164
201, 165
201, 167
200, 168
200, 170
199, 171
199, 173
198, 174
198, 176
197, 177
197, 179
196, 180
196, 181
195, 182
194, 181
194, 179
195, 178
195, 170
196, 169
196, 161
197, 160
197, 155
198, 154
198, 148
199, 147
199, 142
200, 141
200, 137
201, 136
201, 131
202, 130
202, 126
203, 125
203, 121
204, 120
204, 116
205, 115
205, 112
206, 111
206, 108
207, 107
207, 103
208, 102
208, 99
209, 98
209, 95
210, 94
210, 91
211, 90
211, 88
212, 87
212, 84
213, 83
213, 80
214, 79
214, 77
215, 76
215, 74
216, 73
216, 71
217, 70
217, 68
218, 67
218, 65
219, 64
219, 62
220, 61
220, 59
221, 58
221, 56
222, 55
222, 53
223, 52
223, 50
224, 49
224, 48
225, 47
225, 45
226, 44
226, 43
227, 42
227, 40
228, 39
228, 38
229, 37
229, 36
230, 35
230, 34
231, 33
231, 31
233, 29
233, 28
235, 26
235, 25
228, 24
229, 23
232, 24
231, 25
231, 26
230, 27
230, 28
229, 29
229, 30
228, 31
228, 32
227, 33
227, 34
226, 35
226, 36
225, 37
225, 39
224, 40
224, 41
223, 42
223, 44
222, 45
222, 46
221, 47
221, 49
220, 50
220, 52
219, 53
219, 55
218, 56
218, 57
217, 58
217, 60
216, 61
216, 63
215, 64
215, 66
214, 67
214, 69
213, 70
213, 73
212, 74
212, 76
211, 77
211, 79
210, 80
210, 83
209, 84
209, 86
208, 87
208, 90
207, 91
207, 94
206, 95
206, 98
205, 99
205, 102
204, 103
204, 107
203, 108
203, 111
202, 112
202, 115
201, 116
201, 120
200, 121
200, 125
199, 126
199, 130
198, 131
198, 136
197, 137
197, 141
196, 142
196, 147
195, 148
195, 154
194, 155
194, 161
193, 162
193, 169
192, 170
192, 178
191, 179
191, 187
190, 188
190, 197
189, 198
189, 202
188, 203
186, 206
184, 206
183, 207
181, 207
180, 208
178, 208
177, 209
175, 209
174, 210
173, 210
172, 211
170, 211
169, 212
167, 212
166, 213
165, 213
164, 214
162, 214
161, 215
159, 215
158, 216
157, 216
156, 217
154, 217
153, 218
152, 218
151, 219
148, 219
147, 218
147, 217
148, 216
148, 211
149, 210
149, 202
150, 201
150, 178
149, 177
149, 175
148, 174
148, 173
147, 172
143, 172
141, 174
140, 174
138, 176
138, 177
134, 181
134, 182
131, 185
131, 186
130, 187
130, 188
128, 190
128, 191
127, 192
127, 193
125, 195
125, 196
124, 197
124, 198
123, 199
123, 200
122, 201
122, 202
121, 203
121, 204
120, 205
120, 206
119, 207
119, 208
118, 209
118, 210
116, 212
116, 213
115, 214
115, 215
114, 216
114, 218
113, 219
113, 220
112, 221
112, 222
111, 223
111, 224
110, 225
110, 227
109, 228
109, 229
108, 230
108, 231
106, 231
106, 226
107, 225
107, 220
108, 219
108, 214
109, 213
109, 207
110, 206
110, 200
111, 199
111, 194
112, 193
112, 189
113, 188
113, 184
114, 183
114, 179
115, 178
115, 173
116, 172
116, 168
117, 167
117, 163
118, 162
118, 158
119, 157
119, 153
120, 152
120, 148
121, 147
121, 143
122, 142
122, 138
123, 137
123, 133
124, 132
124, 128
125, 127
125, 123
126, 122
126, 117
127, 116
127, 112
128, 111
128, 106
129, 105
129, 100
130, 99
130, 94
131, 93
131, 86
132, 85
138, 76
139, 76
143, 72
144, 72
148, 68
149, 68
152, 65
153, 65
155, 63
156, 63
159, 60
160, 60
162, 58
163, 58
166, 55
167, 55
169, 53
170, 53
171, 52
172, 52
174, 50
175, 50
177, 48
178, 48
180, 46
181, 46
182, 45
183, 45
185, 43
186, 43
187, 42
188, 42
189, 41
190, 41
191, 40
192, 40
193, 39
194, 39
195, 38
196, 38
198, 36
199, 36
200, 35
202, 35
203, 34
204, 34
205, 33
206, 33
207, 32
208, 32
209, 31
210, 31
211, 30
212, 30
213, 29
215, 29
216, 28
217, 28
218, 27
220, 27
221, 26
222, 26
223, 25
225, 25
226, 24
253, 19
254, 18
258, 18
259, 19
264, 19
265, 20
267, 20
268, 21
270, 21
271, 22
272, 22
273, 23
274, 23
276, 25
277, 25
282, 30
282, 31
285, 34
285, 35
287, 37
287, 38
288, 39
288, 40
289, 41
289, 42
290, 43
290, 44
291, 45
291, 47
292, 48
292, 51
293, 52
293, 55
294, 56
294, 61
295, 62
295, 79
294, 80
294, 86
293, 87
293, 91
292, 92
292, 94
291, 95
291, 97
290, 98
290, 100
289, 101
289, 103
288, 104
288, 106
287, 107
287, 108
286, 109
286, 110
285, 111
285, 112
284, 113
284, 115
283, 116
283, 117
282, 118
282, 119
280, 121
280, 122
279, 123
279, 124
278, 125
278, 126
277, 127
277, 128
276, 129
276, 130
274, 132
274, 133
273, 134
273, 135
271, 137
271, 138
270, 139
270, 140
268, 142
268, 143
266, 145
266, 146
264, 148
264, 149
262, 151
262, 152
260, 154
260, 155
258, 157
258, 158
256, 160
256, 161
254, 163
254, 164
251, 167
251, 168
249, 170
249, 171
246, 174
246, 175
243, 178
243, 179
241, 181
241, 182
238, 185
238, 186
234, 190
233, 190
232, 191
228, 191
227, 192
224, 192
223, 193
220, 193
219, 194
216, 194
215, 195
213, 195
212, 196
210, 196
209, 197
207, 197
206, 198
205, 198
204, 199
202, 199
201, 200
200, 200
199, 201
197, 201
196, 202
195, 202
194, 203
192, 201
193, 200
193, 198
194, 197
194, 195
195, 194
195, 192
196, 191
196, 189
197, 188
197, 186
198, 185
198, 183
199, 182
199, 180
200, 179
200, 177
201, 176
201, 174
202, 173
202, 171
203, 170
203, 168
204, 167
204, 165
205, 164
205, 162
206, 161
206, 159
207, 158
207, 156
208, 155
208, 153
209, 152
209, 150
210, 149
210, 147
211, 146
211, 144
212, 143
212, 141
213, 140
213, 138
214, 137
214, 134
215, 133
215, 131
216, 130
216, 128
217, 127
217, 125
218, 124
218, 121
219, 120
219, 118
220, 117
220, 115
221, 114
221, 112
222, 111
222, 108
223, 107
223, 105
224, 104
224, 102
225, 101
225, 98
226, 97
226, 95
227, 94
227, 92
228, 91
228, 88
229, 87
229, 85
230, 84
230, 82
231, 81
231, 78
232, 77
232, 75
233, 74
233, 72
234, 71
234, 68
235, 67
235, 65
236, 64
236, 62
237, 61
237, 58
238, 57
238, 54
239, 53
239, 50
240, 49
240, 45
241, 44
241, 40
242, 39
242, 23
241, 22
241, 21
242, 20
244, 20
245, 19
