4, 2
490, 4
488, 369
2, 367
295, 15
294, 16
289, 16
288, 17
284, 17
283, 18
279, 18
278, 19
275, 19
274, 20
270, 20
269, 21
267, 21
266, 22
263, 22
262, 23
259, 23
258, 24
255, 24
254, 25
251, 25
250, 26
246, 26
245, 27
242, 27
241, 28
238, 28
237, 29
236, 29
235, 30
233, 30
232, 31
231, 31
230, 32
229, 32
228, 33
227, 33
226, 34
225, 34
224, 35
223, 35
222, 36
221, 36
220, 37
219, 37
218, 38
217, 38
215, 40
214, 40
213, 41
212, 41
211, 42
210, 42
209, 43
208, 43
207, 44
206, 44
205, 45
204, 45
203, 46
202, 46
201, 47
199, 47
198, 48
197, 48
196, 49
194, 49
193, 50
191, 50
190, 51
189, 51
188, 52
186, 52
185, 53
184, 53
183, 54
182, 54
181, 55
180, 55
179, 56
178, 56
177, 57
176, 57
175, 58
174, 58
173, 59
172, 59
171, 60
170, 60
168, 62
167, 62
166, 63
165, 63
163, 65
162, 65
161, 66
160, 66
159, 67
158, 67
156, 69
152, 72
151, 72
148, 75
147, 75
144, 78
143, 78
140, 81
139, 81
135, 85
134, 85
126, 93
125, 93
117, 101
116, 101
111, 106
110, 106
104, 112
103, 112
98, 117
98, 118
93, 123
92, 123
84, 131
84, 132
72, 144
72, 145
68, 149
68, 150
65, 153
65, 154
62, 157
62, 158
61, 159
61, 160
59, 162
59, 163
58, 164
58, 165
57, 166
57, 167
55, 169
55, 170
54, 171
54, 172
53, 173
53, 174
52, 175
52, 176
51, 177
51, 178
50, 179
50, 180
49, 181
49, 182
48, 183
48, 185
47, 186
47, 187
46, 188
46, 189
45, 190
45, 191
44, 192
44, 194
43, 195
43, 196
42, 197
42, 199
41, 200
41, 201
40, 202
40, 204
39, 205
39, 206
38, 207
38, 209
37, 210
37, 212
36, 213
36, 215
35, 216
35, 218
34, 219
34, 221
33, 222
33, 224
32, 225
32, 228
31, 229
31, 231
30, 232
30, 235
29, 236
29, 238
28, 239
28, 241
27, 242
27, 245
26, 246
26, 250
25, 251
25, 255
24, 256
24, 261
23, 262
23, 267
22, 268
22, 272
21, 273
21, 280
20, 281
20, 286
21, 287
21, 293
22, 294
22, 300
23, 301
23, 306
24, 307
24, 311
25, 312
25, 314
26, 315
26, 317
27, 318
27, 320
28, 321
28, 322
29, 323
29, 325
30, 326
30, 327
31, 328
31, 329
32, 330
32, 331
34, 333
37, 337
38, 337
43, 342
44, 342
47, 345
48, 345
50, 347
51, 347
52, 348
54, 348
55, 349
58, 349
59, 350
69, 350
70, 351
76, 351
77, 352
79, 352
80, 353
81, 353
82, 354
85, 354
86, 355
96, 355
97, 354
101, 354
102, 353
105, 353
106, 352
109, 352
110, 351
121, 351
122, 352
131, 352
132, 351
136, 351
137, 350
140, 350
141, 349
144, 349
145, 348
148, 348
149, 347
152, 347
153, 346
157, 346
158, 345
161, 345
162, 344
175, 344
176, 345
183, 345
184, 344
190, 344
191, 343
198, 343
199, 342
213, 342
214, 341
218, 341
219, 340
223, 340
224, 339
228, 339
229, 338
232, 338
233, 337
235, 337
236, 336
239, 336
240, 335
242, 335
243, 334
246, 334
247, 333
250, 333
251, 332
255, 332
256, 331
259, 331
260, 330
263, 330
264, 329
266, 329
267, 328
270, 328
271, 327
274, 327
275, 326
278, 326
279, 325
281, 325
282, 324
285, 324
286, 323
289, 323
290, 322
293, 322
294, 321
297, 321
298, 320
300, 320
301, 319
303, 319
304, 318
306, 318
307, 317
309, 317
310, 316
312, 316
313, 315
315, 315
316, 314
318, 314
319, 313
320, 313
321, 312
323, 312
324, 311
326, 311
327, 310
329, 310
330, 309
331, 309
332, 308
334, 308
335, 307
336, 307
337, 306
339, 306
340, 305
342, 305
343, 304
345, 304
346, 303
349, 303
350, 302
353, 302
354, 301
357, 301
358, 300
361, 300
362, 299
364, 299
365, 298
367, 298
368, 297
370, 297
371, 296
372, 296
373, 295
375, 295
376, 294
377, 294
378, 293
379, 293
380, 292
381, 292
382, 291
383, 291
385, 289
386, 289
387, 288
388, 288
389, 287
390, 287
391, 286
392, 286
393, 285
394, 285
396, 283
397, 283
399, 281
405, 276
406, 276
410, 272
411, 272
414, 269
415, 269
419, 265
420, 265
425, 260
425, 259
429, 255
429, 254
430, 253
430, 252
432, 250
432, 249
433, 248
433, 247
434, 246
434, 245
436, 243
436, 242
438, 240
438, 239
440, 237
440, 236
441, 235
441, 234
442, 233
442, 231
443, 230
443, 229
444, 228
444, 226
445, 225
445, 224
446, 223
446, 220
447, 219
447, 218
448, 217
448, 216
449, 215
449, 214
453, 210
454, 210
454, 209
455, 208
455, 207
456, 206
456, 205
454, 203
453, 203
452, 204
451, 204
447, 208
447, 209
445, 211
445, 212
444, 213
444, 214
443, 215
443, 216
442, 217
442, 219
441, 220
441, 222
440, 223
440, 225
439, 226
439, 228
438, 229
438, 230
437, 231
437, 232
436, 233
436, 234
435, 235
435, 236
433, 238
433, 239
431, 241
431, 242
429, 244
429, 245
428, 246
428, 247
427, 248
427, 249
425, 251
425, 252
422, 255
422, 256
417, 261
416, 261
412, 265
411, 265
407, 269
406, 269
402, 273
401, 273
396, 278
395, 278
393, 280
392, 280
391, 281
390, 281
389, 282
388, 282
387, 283
386, 283
385, 284
384, 284
383, 285
381, 284
384, 281
385, 281
392, 274
392, 273
394, 271
394, 270
396, 268
396, 267
398, 265
398, 264
400, 262
400, 261
401, 260
401, 259
402, 258
402, 257
403, 256
403, 255
404, 254
404, 253
405, 252
405, 251
406, 250
406, 249
407, 248
407, 247
408, 246
408, 245
409, 244
409, 243
410, 242
410, 240
411, 239
411, 237
412, 236
412, 234
413, 233
413, 230
414, 229
414, 225
415, 224
415, 222
416, 221
417, 221
418, 220
419, 220
421, 218
422, 218
423, 217
424, 217
426, 215
427, 215
429, 213
430, 213
432, 211
433, 211
435, 209
436, 209
438, 207
439, 207
440, 206
442, 206
444, 204
445, 204
446, 203
447, 203
449, 201
450, 201
452, 199
453, 199
456, 196
457, 196
460, 193
461, 193
463, 191
464, 191
465, 190
466, 190
470, 186
470, 183
469, 183
468, 182
467, 183
466, 183
463, 186
462, 186
460, 188
459, 188
456, 191
455, 191
452, 194
451, 194
449, 196
448, 196
446, 198
445, 198
443, 200
441, 198
443, 196
443, 195
444, 194
444, 193
446, 191
446, 189
447, 188
447, 186
448, 185
448, 182
449, 181
449, 178
450, 177
450, 172
451, 171
451, 155
450, 154
450, 147
449, 146
449, 141
448, 140
448, 136
447, 135
447, 131
446, 130
446, 127
445, 126
445, 122
444, 121
444, 118
443, 117
443, 116
442, 115
442, 113
441, 112
441, 111
440, 110
440, 109
438, 107
438, 105
437, 104
437, 103
436, 102
436, 101
435, 100
435, 99
434, 98
434, 96
433, 95
433, 94
432, 93
432, 92
431, 91
431, 89
430, 88
430, 87
429, 86
429, 85
428, 84
428, 83
427, 82
427, 81
425, 79
425, 78
424, 77
424, 76
422, 74
413, 64
412, 64
408, 60
407, 60
403, 56
402, 56
397, 51
396, 51
393, 48
392, 48
386, 42
385, 42
381, 38
380, 38
378, 36
377, 36
376, 35
375, 35
374, 34
373, 34
371, 32
370, 32
369, 31
368, 31
366, 29
365, 29
363, 27
362, 27
361, 26
360, 26
359, 25
358, 25
357, 24
356, 24
355, 23
354, 23
353, 22
350, 22
349, 21
346, 21
345, 20
342, 20
341, 19
337, 19
336, 18
333, 18
332, 17
329, 17
328, 16
324, 16
323, 15
296, 295
298, 296
297, 297
297, 298
296, 299
291, 305
286, 303
286, 302
287, 299
288, 299
289, 298
290, 298
291, 297
292, 297
293, 296
294, 296
295, 295
363, 292
362, 294
287, 287
288, 286
289, 286
290, 287
290, 292
288, 294
287, 294
286, 295
285, 295
284, 294
284, 293
285, 292
285, 291
286, 290
286, 289
287, 288
189, 286
190, 285
192, 286
192, 291
193, 292
192, 297
192, 298
189, 301
188, 301
184, 299
185, 293
185, 292
187, 290
187, 289
189, 287
379, 285
381, 284
380, 287
379, 287
375, 287
376, 287
378, 285
230, 281
231, 282
231, 286
232, 287
232, 292
231, 293
231, 299
229, 301
228, 301
225, 298
225, 297
224, 296
224, 294
225, 293
225, 289
226, 288
226, 286
227, 285
227, 284
300, 284
295, 281
296, 280
298, 281
298, 283
297, 284
296, 287
296, 288
294, 290
292, 289
293, 281
351, 262
353, 261
355, 267
352, 266
352, 265
300, 260
301, 259
302, 259
303, 260
303, 262
302, 263
302, 267
301, 268
301, 271
300, 272
300, 274
299, 275
297, 275
296, 276
295, 276
294, 277
293, 277
292, 276
292, 273
293, 272
293, 271
294, 270
294, 269
295, 268
295, 267
296, 266
296, 265
300, 261
261, 255
262, 254
264, 256
264, 259
262, 261
262, 262
261, 263
261, 264
260, 265
260, 267
262, 267
262, 266
263, 265
263, 264
264, 263
266, 265
266, 268
263, 271
262, 271
261, 272
259, 272
258, 271
258, 270
257, 269
257, 264
258, 263
258, 261
259, 260
259, 259
260, 258
260, 257
261, 256
316, 249
317, 248
319, 248
320, 249
311, 258
310, 258
309, 259
309, 260
306, 263
305, 262
305, 260
306, 259
306, 256
309, 253
310, 253
312, 251
313, 251
315, 249
333, 243
338, 248
338, 249
342, 254
343, 255
341, 257
340, 257
337, 260
336, 260
333, 263
332, 263
329, 266
328, 266
324, 270
323, 270
320, 273
319, 273
317, 275
316, 275
312, 277
310, 275
307, 275
306, 276
304, 276
305, 271
306, 271
306, 270
307, 269
307, 268
310, 265
310, 264
315, 259
316, 259
319, 256
319, 255
186, 242
187, 242
188, 243
188, 246
187, 247
187, 251
186, 252
186, 255
184, 257
182, 255
182, 249
183, 248
183, 246
184, 245
184, 244
305, 241
306, 240
307, 241
307, 243
306, 244
306, 247
305, 248
305, 250
303, 252
301, 252
300, 253
297, 253
296, 254
294, 254
293, 255
292, 255
291, 256
290, 256
289, 257
288, 257
287, 258
286, 258
285, 259
283, 259
282, 260
281, 260
280, 261
278, 261
277, 262
275, 262
273, 264
272, 264
270, 266
269, 266
268, 265
268, 260
270, 258
271, 258
274, 255
275, 255
277, 253
281, 253
282, 252
284, 252
285, 251
287, 251
288, 250
290, 250
291, 249
293, 249
295, 247
296, 247
297, 246
298, 246
300, 244
301, 244
304, 241
206, 236
207, 235
209, 237
209, 244
208, 245
208, 246
207, 247
207, 248
206, 249
205, 248
205, 238
206, 237
324, 234
325, 235
326, 235
329, 238
329, 239
327, 241
325, 241
324, 242
323, 242
322, 243
320, 243
319, 244
317, 244
316, 245
315, 244
315, 243
348, 234
350, 234
350, 235
351, 236
351, 241
352, 242
349, 252
348, 252
347, 253
344, 252
344, 251
338, 245
338, 244
336, 242
338, 239
339, 239
340, 238
341, 238
342, 237
343, 237
344, 236
345, 236
347, 234
320, 230
321, 230
322, 231
322, 232
317, 237
317, 238
310, 245
309, 244
309, 241
310, 240
310, 238
313, 235
314, 235
317, 232
318, 232
314, 227
317, 228
315, 231
314, 231
312, 231
261, 228
263, 227
266, 233
260, 236
259, 235
253, 235
255, 231
256, 231
258, 229
259, 229
260, 228
162, 228
163, 227
164, 227
165, 228
165, 239
164, 240
164, 242
163, 243
162, 242
162, 239
161, 238
161, 231
162, 230
406, 227
407, 226
409, 226
410, 227
409, 228
409, 231
408, 232
408, 234
407, 235
407, 237
406, 238
406, 240
405, 241
405, 242
404, 243
404, 244
403, 245
403, 246
402, 247
402, 248
401, 249
401, 250
400, 251
400, 252
399, 253
399, 254
398, 255
398, 256
397, 257
397, 258
396, 259
396, 260
394, 262
394, 263
392, 265
392, 266
390, 268
390, 269
387, 272
387, 273
384, 276
383, 276
379, 280
378, 280
377, 281
376, 281
374, 283
373, 283
372, 284
371, 284
369, 286
368, 286
367, 287
365, 287
364, 288
359, 288
358, 289
356, 289
355, 288
349, 288
348, 287
346, 287
345, 286
344, 286
343, 285
342, 285
341, 284
338, 284
337, 283
331, 283
330, 282
329, 282
328, 281
326, 281
324, 279
326, 277
327, 277
328, 276
329, 276
330, 275
331, 275
332, 274
333, 274
334, 273
334, 272
336, 270
337, 270
339, 268
340, 268
342, 266
343, 266
344, 265
345, 265
346, 264
348, 264
349, 265
349, 266
351, 268
351, 269
352, 270
352, 271
354, 273
354, 274
355, 275
355, 276
356, 277
356, 278
357, 279
357, 280
358, 281
360, 281
360, 277
359, 276
359, 273
358, 272
358, 268
357, 267
357, 258
358, 257
359, 257
360, 256
361, 256
363, 254
364, 254
365, 253
366, 253
368, 251
369, 251
370, 250
371, 250
373, 248
374, 248
376, 246
377, 246
378, 245
379, 245
381, 243
382, 243
383, 242
384, 242
386, 240
387, 240
389, 238
390, 238
392, 236
393, 236
396, 233
397, 233
400, 230
401, 230
403, 228
404, 228
405, 227
297, 224
298, 223
304, 223
305, 224
309, 224
311, 226
310, 227
310, 230
309, 231
309, 233
308, 234
308, 235
305, 238
304, 238
302, 240
301, 240
298, 243
297, 243
296, 244
295, 244
293, 246
292, 246
291, 247
290, 247
289, 248
286, 248
285, 249
283, 249
282, 250
280, 250
279, 251
276, 251
275, 252
274, 252
272, 254
271, 254
268, 257
266, 255
266, 254
265, 253
265, 249
267, 247
267, 246
269, 244
269, 243
276, 236
277, 236
283, 230
284, 230
286, 228
287, 228
288, 227
289, 227
291, 225
293, 225
294, 224
331, 220
326, 229
323, 228
325, 225
326, 225
83, 219
84, 220
84, 222
83, 223
83, 226
82, 227
82, 229
81, 230
81, 233
80, 234
80, 236
79, 237
79, 240
78, 241
78, 244
77, 245
77, 248
76, 249
76, 251
75, 252
74, 251
74, 240
75, 239
75, 236
76, 235
76, 232
77, 231
77, 229
78, 228
78, 227
79, 226
79, 225
80, 224
80, 223
81, 222
81, 221
345, 213
345, 215
346, 216
346, 220
347, 221
338, 232
337, 232
332, 237
327, 233
332, 227
332, 226
339, 219
339, 218
341, 216
341, 215
376, 199
377, 198
380, 198
381, 199
383, 199
384, 200
384, 206
383, 207
383, 208
378, 213
377, 213
375, 215
374, 215
373, 216
372, 216
371, 217
370, 217
369, 218
368, 218
367, 219
366, 219
364, 221
363, 221
362, 222
361, 222
360, 223
359, 223
358, 224
357, 224
356, 225
355, 225
354, 226
352, 226
351, 225
353, 223
353, 222
354, 221
354, 220
357, 217
357, 216
372, 201
373, 201
375, 199
115, 182
117, 182
118, 183
118, 189
119, 190
119, 196
120, 197
120, 199
121, 200
121, 202
122, 203
122, 204
124, 206
125, 206
126, 207
128, 207
129, 206
130, 206
131, 205
132, 205
140, 197
141, 198
141, 220
140, 221
140, 234
139, 235
139, 274
140, 275
140, 281
141, 282
141, 285
142, 286
146, 286
148, 284
148, 283
150, 281
150, 280
151, 279
151, 278
152, 277
152, 276
153, 275
153, 274
154, 273
154, 272
155, 271
155, 270
156, 269
156, 267
157, 266
157, 265
158, 264
158, 263
160, 261
161, 262
161, 268
162, 269
162, 273
163, 274
163, 276
164, 277
164, 279
168, 283
171, 283
176, 278
176, 277
179, 274
179, 273
181, 271
181, 270
182, 269
182, 268
184, 266
185, 266
186, 267
186, 268
187, 269
187, 270
188, 271
188, 273
189, 274
189, 276
190, 277
190, 281
188, 283
188, 284
186, 286
186, 287
184, 289
184, 290
183, 291
183, 292
182, 293
182, 295
181, 296
181, 298
182, 299
182, 301
185, 304
189, 304
191, 302
192, 302
194, 300
194, 299
195, 298
195, 288
194, 287
194, 282
193, 281
193, 280
194, 279
194, 278
195, 277
195, 276
196, 275
196, 273
197, 272
197, 271
198, 270
198, 269
199, 268
199, 267
201, 265
201, 264
202, 263
203, 264
203, 288
202, 289
202, 292
201, 293
201, 297
200, 298
200, 303
201, 304
201, 308
202, 309
202, 311
203, 312
204, 312
205, 311
205, 296
206, 295
206, 285
207, 284
207, 282
208, 281
208, 279
209, 278
209, 277
210, 276
210, 275
211, 274
211, 273
213, 271
214, 272
214, 278
215, 279
215, 280
216, 280
217, 279
217, 278
218, 277
218, 273
219, 272
219, 269
220, 268
220, 266
221, 265
221, 263
222, 262
222, 261
223, 260
223, 258
224, 257
224, 256
225, 255
226, 255
227, 256
227, 261
228, 262
228, 266
229, 267
229, 274
228, 275
228, 277
227, 278
227, 280
226, 281
226, 282
225, 283
225, 284
224, 285
224, 287
223, 288
223, 291
222, 292
222, 298
223, 299
223, 300
226, 303
232, 303
232, 302
233, 301
233, 298
234, 297
234, 283
233, 282
233, 276
232, 275
232, 270
233, 269
233, 267
234, 266
234, 263
235, 262
235, 259
236, 258
236, 256
237, 255
237, 253
238, 252
238, 250
239, 249
239, 248
241, 246
241, 245
247, 239
250, 242
250, 243
251, 243
252, 244
257, 244
259, 246
259, 247
261, 249
261, 251
260, 252
260, 253
258, 255
258, 257
257, 258
257, 259
256, 260
256, 261
255, 262
255, 264
254, 265
254, 269
255, 270
255, 271
256, 272
256, 273
259, 276
265, 276
267, 274
267, 273
270, 270
271, 270
274, 267
275, 267
276, 266
277, 266
278, 265
279, 265
280, 264
282, 264
283, 263
285, 263
286, 262
287, 262
288, 261
289, 261
290, 260
291, 260
292, 259
293, 259
294, 258
295, 258
296, 257
298, 257
299, 258
295, 262
295, 263
293, 265
293, 266
292, 267
292, 268
291, 269
291, 270
290, 271
290, 274
289, 275
289, 278
284, 283
284, 284
283, 285
283, 286
282, 287
282, 288
281, 289
281, 290
280, 291
280, 295
279, 296
279, 298
278, 299
277, 299
276, 300
275, 300
274, 301
273, 301
272, 302
270, 302
269, 303
268, 303
267, 304
266, 304
265, 305
264, 305
262, 307
261, 307
260, 308
259, 308
258, 309
257, 309
256, 310
255, 310
254, 311
252, 311
251, 312
250, 312
249, 313
247, 313
246, 314
245, 314
244, 315
242, 315
241, 316
240, 316
239, 317
238, 317
237, 318
236, 318
235, 319
234, 319
233, 320
228, 320
227, 321
213, 321
212, 322
201, 322
200, 321
196, 321
195, 320
188, 320
187, 321
183, 321
182, 320
171, 320
170, 321
160, 321
159, 320
141, 320
140, 321
128, 321
127, 320
124, 320
123, 319
115, 319
114, 318
110, 318
109, 317
107, 317
106, 316
105, 316
104, 315
103, 315
102, 314
101, 314
99, 312
98, 312
96, 310
95, 310
83, 298
83, 297
81, 295
81, 294
80, 293
80, 292
79, 291
79, 290
78, 289
78, 286
77, 285
77, 280
76, 279
76, 273
75, 272
75, 261
76, 260
76, 258
77, 257
77, 255
78, 254
78, 251
79, 250
79, 247
80, 246
80, 243
81, 242
81, 239
82, 238
82, 235
83, 234
83, 232
84, 231
84, 228
85, 227
85, 225
86, 224
86, 222
87, 221
87, 218
88, 217
88, 212
89, 211
89, 210
98, 201
98, 200
101, 197
101, 196
143, 164
143, 177
142, 178
141, 189
141, 190
140, 191
140, 192
138, 194
138, 195
129, 204
123, 201
123, 199
122, 198
122, 194
121, 193
121, 187
120, 186
121, 177
122, 177
123, 176
124, 176
126, 174
127, 174
128, 173
129, 173
131, 171
132, 171
134, 169
135, 169
139, 165
140, 165
110, 160
112, 160
113, 161
115, 162
115, 163
116, 164
116, 165
117, 166
117, 171
116, 172
117, 173
110, 181
109, 181
99, 191
99, 192
96, 195
96, 196
92, 195
93, 194
93, 191
94, 190
94, 187
95, 186
95, 182
96, 181
96, 178
97, 177
97, 175
98, 174
98, 173
99, 172
362, 156
363, 157
363, 158
364, 159
364, 161
363, 162
363, 166
362, 167
362, 169
361, 170
361, 173
360, 174
360, 175
359, 176
358, 175
358, 165
359, 164
359, 160
360, 159
360, 158
153, 156
154, 155
155, 156
155, 158
154, 159
154, 162
153, 163
153, 165
152, 166
152, 168
151, 169
151, 170
150, 171
150, 173
149, 174
149, 176
148, 177
148, 179
146, 181
145, 180
145, 169
146, 168
146, 162
147, 161
147, 160
149, 158
150, 158
152, 156
153, 146
154, 145
156, 146
154, 150
153, 150
151, 152
149, 151
150, 150
150, 149
151, 148
152, 146
337, 118
338, 117
339, 118
339, 150
338, 151
338, 161
337, 162
337, 175
338, 176
338, 181
339, 182
339, 185
340, 186
340, 189
341, 190
341, 193
342, 194
342, 197
343, 198
343, 201
344, 202
344, 205
343, 206
343, 207
342, 208
342, 209
339, 212
338, 212
335, 215
334, 215
332, 217
331, 217
329, 219
328, 219
322, 225
321, 225
320, 226
319, 225
317, 225
314, 222
315, 221
315, 219
316, 218
316, 215
317, 214
317, 211
318, 210
318, 205
319, 204
319, 200
320, 199
320, 194
321, 193
321, 188
322, 187
322, 183
323, 182
323, 178
324, 177
324, 173
325, 172
325, 167
326, 166
326, 162
327, 161
327, 156
328, 155
328, 151
329, 150
329, 146
330, 145
330, 141
331, 140
331, 137
332, 136
332, 133
333, 132
333, 129
334, 128
334, 125
335, 124
335, 122
336, 121
336, 120
337, 119
328, 100
329, 99
330, 99
331, 100
345, 100
346, 101
347, 101
348, 102
349, 102
350, 103
351, 103
352, 104
354, 104
355, 105
358, 105
359, 106
360, 106
361, 107
363, 107
364, 108
365, 108
366, 109
367, 109
369, 111
370, 111
372, 113
373, 113
375, 115
376, 115
384, 123
385, 123
389, 127
390, 127
395, 132
395, 133
396, 134
396, 135
397, 136
397, 139
398, 140
398, 142
399, 143
399, 144
400, 145
400, 147
401, 148
401, 149
402, 150
402, 152
403, 153
403, 155
404, 156
404, 158
405, 159
405, 161
406, 162
406, 164
407, 165
407, 168
408, 169
408, 176
409, 177
409, 182
410, 183
410, 195
411, 196
411, 215
410, 216
410, 217
409, 218
408, 218
407, 219
406, 219
404, 221
403, 221
402, 222
401, 222
400, 223
399, 223
398, 224
397, 224
396, 225
395, 225
394, 226
393, 226
392, 227
391, 227
389, 229
388, 229
387, 230
386, 230
384, 232
383, 232
382, 233
381, 233
380, 234
379, 234
378, 235
377, 235
376, 236
375, 236
374, 237
373, 237
372, 238
371, 238
370, 239
369, 239
367, 241
366, 241
365, 242
364, 242
362, 244
361, 244
360, 245
359, 245
357, 247
356, 247
354, 245
354, 240
353, 239
353, 231
354, 230
355, 230
357, 228
358, 228
359, 227
360, 227
361, 226
362, 226
363, 225
364, 225
365, 224
366, 224
367, 223
368, 223
370, 221
371, 221
372, 220
373, 220
374, 219
375, 219
376, 218
377, 218
378, 217
379, 217
381, 215
382, 215
385, 212
385, 211
386, 210
386, 209
387, 208
387, 206
388, 205
388, 199
385, 196
384, 196
383, 195
375, 195
374, 196
373, 196
372, 197
371, 197
368, 200
367, 200
360, 207
360, 208
353, 215
353, 216
350, 219
349, 219
348, 218
348, 213
347, 212
347, 210
354, 203
354, 202
355, 201
355, 200
356, 199
356, 197
357, 196
357, 195
358, 194
358, 192
359, 191
359, 187
360, 186
360, 182
361, 181
361, 179
362, 178
362, 176
363, 175
363, 172
364, 171
364, 169
365, 168
365, 164
366, 163
366, 157
365, 156
365, 155
363, 153
361, 153
358, 156
358, 158
357, 159
357, 162
356, 163
356, 167
355, 168
355, 172
356, 173
356, 179
357, 180
357, 184
356, 185
356, 186
355, 187
355, 188
354, 189
354, 190
353, 191
353, 192
351, 194
351, 195
349, 197
349, 198
347, 200
346, 200
345, 199
345, 196
344, 195
344, 192
343, 191
343, 188
342, 187
342, 184
341, 183
341, 179
340, 178
340, 170
339, 169
339, 168
340, 167
340, 156
341, 155
341, 127
342, 126
342, 119
341, 118
341, 115
340, 114
337, 114
335, 116
335, 117
334, 118
334, 119
333, 120
333, 123
332, 124
332, 126
331, 127
331, 130
330, 131
330, 133
329, 134
329, 138
328, 139
328, 143
327, 144
327, 147
326, 148
326, 153
325, 154
325, 159
324, 160
324, 164
323, 165
323, 169
322, 170
322, 175
321, 176
321, 180
320, 181
320, 185
319, 186
319, 191
318, 192
318, 196
317, 197
317, 202
316, 203
316, 208
315, 209
315, 212
314, 213
314, 216
313, 217
313, 219
312, 220
312, 221
311, 222
308, 222
307, 221
296, 221
295, 222
293, 222
292, 223
290, 223
289, 224
288, 224
287, 225
286, 225
284, 227
283, 227
280, 230
279, 230
273, 236
272, 236
269, 239
269, 240
266, 243
266, 244
263, 247
261, 245
261, 244
259, 242
258, 242
257, 241
252, 241
251, 240
251, 239
252, 238
265, 238
268, 235
268, 228
265, 225
261, 225
260, 226
259, 226
258, 227
257, 227
256, 228
255, 228
252, 231
251, 231
249, 233
249, 234
246, 237
245, 237
240, 242
240, 243
238, 245
238, 246
237, 247
237, 248
236, 249
236, 250
235, 251
235, 253
234, 254
234, 256
233, 257
233, 260
232, 261
232, 262
231, 263
230, 262
230, 259
229, 258
229, 253
228, 252
228, 251
227, 250
225, 250
223, 252
223, 253
222, 254
222, 255
221, 256
221, 258
220, 259
220, 260
219, 261
219, 264
218, 265
218, 267
216, 269
215, 268
214, 268
213, 267
212, 267
210, 269
210, 270
209, 271
209, 272
208, 273
208, 274
207, 275
206, 274
206, 255
207, 254
207, 253
208, 252
208, 251
209, 250
209, 249
210, 248
210, 246
211, 245
211, 243
212, 242
212, 238
211, 237
211, 236
210, 235
210, 234
209, 233
208, 233
207, 232
206, 233
205, 233
204, 234
204, 235
203, 236
203, 240
202, 241
202, 246
203, 247
203, 256
202, 257
202, 258
201, 259
201, 260
199, 262
199, 263
198, 264
198, 265
197, 266
197, 267
196, 268
196, 269
195, 270
195, 271
194, 272
194, 273
193, 274
192, 274
191, 273
191, 272
190, 271
190, 270
189, 269
189, 268
188, 267
188, 266
187, 265
187, 264
186, 263
186, 260
187, 259
187, 258
188, 257
188, 254
189, 253
189, 249
190, 248
190, 240
189, 239
185, 239
182, 242
182, 243
181, 244
181, 246
180, 247
180, 256
181, 257
181, 259
182, 260
182, 264
181, 265
181, 266
179, 268
179, 269
178, 270
178, 271
175, 274
175, 275
172, 278
172, 279
171, 280
168, 280
167, 279
167, 278
166, 277
166, 276
165, 275
165, 272
164, 271
164, 267
163, 266
163, 252
164, 251
164, 249
165, 248
165, 246
166, 245
166, 242
167, 241
167, 236
168, 235
168, 231
167, 230
167, 225
166, 224
166, 222
165, 221
163, 221
162, 222
162, 223
161, 224
161, 225
160, 226
160, 228
159, 229
159, 243
160, 244
160, 254
159, 255
159, 256
158, 257
158, 258
157, 259
157, 260
156, 261
156, 262
155, 263
155, 265
154, 266
154, 267
153, 268
153, 270
152, 271
152, 272
151, 273
151, 274
150, 275
150, 276
148, 278
148, 279
147, 280
147, 281
145, 283
144, 283
143, 282
143, 279
142, 278
142, 271
141, 270
141, 242
142, 241
142, 226
143, 225
143, 202
144, 201
144, 189
145, 188
145, 187
148, 184
148, 183
149, 182
149, 181
150, 180
150, 179
151, 178
151, 176
152, 175
152, 173
153, 172
153, 170
154, 169
154, 168
155, 167
155, 165
156, 164
156, 161
157, 160
157, 157
158, 156
158, 153
162, 149
163, 149
165, 147
166, 147
168, 145
169, 145
173, 141
174, 141
176, 139
177, 139
179, 137
180, 137
181, 136
182, 136
184, 134
185, 134
187, 132
188, 132
191, 129
192, 129
194, 127
196, 127
197, 126
198, 126
199, 125
200, 125
201, 124
202, 124
203, 123
204, 123
205, 122
206, 122
207, 121
209, 121
210, 120
212, 120
213, 119
221, 119
222, 120
225, 120
226, 119
230, 119
231, 118
233, 118
234, 117
237, 117
238, 116
240, 116
241, 115
250, 115
251, 114
253, 114
254, 113
255, 113
256, 112
258, 112
259, 111
260, 111
261, 110
264, 110
265, 109
267, 109
268, 108
270, 108
271, 107
273, 107
274, 106
276, 106
277, 105
279, 105
280, 104
282, 104
283, 103
285, 103
286, 102
288, 102
289, 101
300, 101
301, 100
310, 100
311, 101
315, 101
316, 100
304, 20
305, 19
314, 19
315, 20
324, 20
325, 21
328, 21
329, 22
333, 22
334, 23
337, 23
338, 24
342, 24
343, 25
346, 25
347, 26
350, 26
351, 27
352, 27
353, 28
354, 28
355, 29
356, 29
357, 30
358, 30
359, 31
360, 31
361, 32
362, 32
364, 34
365, 34
367, 36
368, 36
369, 37
370, 37
371, 38
372, 38
373, 39
374, 39
376, 41
377, 41
381, 45
382, 45
388, 51
389, 51
393, 55
394, 55
398, 59
399, 59
403, 63
404, 63
409, 68
410, 68
419, 77
419, 78
421, 80
421, 81
422, 82
422, 83
423, 84
423, 85
424, 86
424, 87
425, 88
425, 89
426, 90
426, 91
427, 92
427, 93
428, 94
428, 96
429, 97
429, 98
430, 99
430, 101
431, 102
431, 103
432, 104
432, 105
433, 106
433, 107
434, 108
434, 109
435, 110
435, 111
436, 112
436, 113
437, 114
437, 115
438, 116
438, 117
439, 118
439, 120
440, 121
440, 125
441, 126
441, 129
442, 130
442, 134
443, 135
443, 139
444, 140
444, 144
445, 145
445, 151
446, 152
446, 172
445, 173
445, 177
444, 178
444, 182
443, 183
443, 185
442, 186
442, 188
441, 189
441, 190
439, 192
439, 193
437, 195
437, 196
435, 198
435, 199
432, 202
431, 202
429, 204
428, 204
425, 207
424, 207
421, 210
420, 210
417, 213
416, 213
415, 212
415, 208
416, 207
416, 200
415, 199
415, 186
414, 185
414, 180
413, 179
413, 174
412, 173
412, 167
411, 166
411, 163
410, 162
410, 160
409, 159
409, 157
408, 156
408, 155
407, 154
407, 151
406, 150
406, 148
405, 147
405, 146
404, 145
404, 143
403, 142
403, 141
402, 140
402, 138
401, 137
401, 134
400, 133
400, 132
399, 131
399, 130
391, 122
390, 122
382, 114
381, 114
378, 111
377, 111
375, 109
374, 109
372, 107
371, 107
369, 105
368, 105
367, 104
365, 104
364, 103
363, 103
362, 102
360, 102
359, 101
357, 101
356, 100
354, 100
353, 99
352, 99
351, 98
350, 98
349, 97
348, 97
347, 96
344, 96
343, 95
323, 95
322, 96
296, 96
295, 97
287, 97
286, 98
284, 98
283, 99
281, 99
280, 100
278, 100
277, 101
275, 101
274, 102
272, 102
271, 103
269, 103
268, 104
266, 104
265, 105
263, 105
262, 106
259, 106
258, 107
257, 107
256, 108
255, 108
254, 109
252, 109
251, 110
249, 110
248, 111
239, 111
238, 112
236, 112
235, 113
232, 113
231, 114
229, 114
228, 115
210, 115
209, 116
208, 116
207, 117
206, 117
205, 118
203, 118
202, 119
201, 119
200, 120
199, 120
198, 121
197, 121
196, 122
195, 122
194, 123
193, 123
192, 124
191, 124
190, 125
189, 125
187, 127
186, 127
183, 130
182, 130
180, 132
179, 132
178, 133
177, 133
175, 135
174, 135
172, 137
171, 137
169, 139
168, 139
164, 143
163, 143
161, 145
159, 145
158, 144
158, 143
157, 143
156, 142
155, 142
154, 143
152, 143
150, 145
149, 145
149, 146
148, 147
148, 148
147, 149
147, 151
146, 152
146, 154
142, 158
141, 158
138, 161
137, 161
134, 164
133, 164
130, 167
129, 167
127, 169
126, 169
125, 170
124, 170
122, 172
120, 172
119, 171
119, 164
118, 163
118, 162
114, 158
113, 158
112, 157
111, 157
110, 158
108, 158
98, 168
98, 169
96, 171
96, 173
95, 174
95, 175
94, 176
94, 179
93, 180
93, 184
92, 185
92, 188
91, 189
91, 193
90, 194
90, 196
89, 197
89, 199
88, 200
88, 203
87, 204
87, 205
86, 206
86, 207
83, 210
83, 211
81, 213
81, 214
79, 216
79, 217
77, 219
77, 220
76, 221
76, 222
75, 223
75, 224
74, 225
74, 226
73, 227
73, 229
72, 230
72, 233
71, 234
71, 237
70, 238
70, 244
69, 245
69, 252
70, 253
70, 263
71, 264
71, 266
70, 267
70, 269
69, 270
69, 271
68, 272
68, 273
67, 274
67, 275
63, 279
61, 279
59, 277
59, 275
58, 274
58, 269
59, 268
59, 266
58, 265
56, 265
56, 276
57, 277
57, 278
58, 279
58, 280
59, 281
60, 281
61, 282
64, 282
68, 278
68, 277
70, 275
71, 275
72, 276
72, 282
73, 283
73, 287
74, 288
74, 291
75, 292
75, 293
76, 294
76, 295
77, 296
77, 297
79, 299
79, 300
82, 303
82, 304
89, 311
90, 311
93, 314
94, 314
96, 316
97, 316
99, 318
100, 318
101, 319
102, 319
103, 320
104, 320
105, 321
107, 321
108, 322
112, 322
113, 323
120, 323
121, 324
125, 324
126, 325
145, 325
146, 324
155, 324
156, 325
198, 325
199, 326
216, 326
217, 325
230, 325
231, 324
235, 324
236, 323
237, 323
238, 322
239, 322
240, 321
241, 321
242, 320
243, 320
244, 319
246, 319
247, 318
248, 318
249, 317
251, 317
252, 316
253, 316
254, 315
255, 315
256, 314
258, 314
259, 313
260, 313
261, 312
262, 312
263, 311
264, 311
266, 309
267, 309
268, 308
269, 308
270, 307
271, 307
272, 306
274, 306
275, 305
276, 305
277, 304
278, 304
279, 303
281, 303
282, 304
282, 305
283, 306
283, 307
284, 307
286, 309
293, 309
294, 308
295, 308
299, 304
299, 303
300, 302
300, 301
301, 300
301, 299
302, 298
302, 297
304, 295
304, 294
305, 293
305, 292
306, 291
306, 290
309, 287
310, 287
314, 283
320, 283
321, 284
323, 284
324, 285
326, 285
327, 286
328, 286
329, 287
332, 287
333, 288
339, 288
340, 289
341, 289
342, 290
343, 290
344, 291
346, 291
347, 292
352, 292
353, 293
362, 294
361, 295
358, 295
357, 296
354, 296
353, 297
350, 297
349, 298
346, 298
345, 299
343, 299
342, 300
340, 300
339, 301
337, 301
336, 302
335, 302
334, 303
332, 303
331, 304
330, 304
329, 305
327, 305
326, 306
324, 306
323, 307
321, 307
320, 308
319, 308
318, 309
316, 309
315, 310
313, 310
312, 311
310, 311
309, 312
307, 312
306, 313
304, 313
303, 314
301, 314
300, 315
298, 315
297, 316
295, 316
294, 317
290, 317
289, 318
287, 318
286, 319
283, 319
282, 320
279, 320
278, 321
276, 321
275, 322
272, 322
271, 323
268, 323
267, 324
264, 324
263, 325
261, 325
260, 326
256, 326
255, 327
252, 327
251, 328
247, 328
246, 329
243, 329
242, 330
240, 330
239, 331
237, 331
236, 332
233, 332
232, 333
230, 333
229, 334
225, 334
224, 335
220, 335
219, 336
215, 336
214, 337
208, 337
207, 338
192, 338
191, 339
186, 339
185, 340
174, 340
173, 339
163, 339
162, 340
158, 340
157, 341
154, 341
153, 342
150, 342
149, 343
146, 343
145, 344
142, 344
141, 345
138, 345
137, 346
133, 346
132, 347
120, 347
119, 346
112, 346
111, 347
106, 347
105, 348
102, 348
101, 349
98, 349
97, 350
92, 350
91, 351
90, 350
85, 350
84, 349
83, 349
82, 348
80, 348
79, 347
76, 347
75, 346
63, 346
62, 345
58, 345
57, 344
55, 344
54, 343
53, 343
52, 342
51, 342
48, 339
47, 339
42, 334
41, 334
38, 331
38, 330
36, 328
36, 327
35, 326
35, 325
34, 324
34, 323
33, 322
33, 321
32, 320
32, 318
31, 317
31, 315
30, 314
30, 312
29, 311
29, 308
28, 307
28, 302
27, 301
27, 296
26, 295
26, 290
25, 289
25, 278
26, 277
26, 271
27, 270
27, 266
28, 265
28, 260
29, 259
29, 255
30, 254
30, 250
31, 249
31, 246
32, 245
32, 242
33, 241
33, 239
34, 238
34, 235
35, 234
35, 232
36, 231
36, 229
37, 228
37, 225
38, 224
38, 222
39, 221
39, 219
40, 218
40, 216
41, 215
41, 213
42, 212
42, 210
43, 209
43, 208
44, 207
44, 205
45, 204
45, 203
46, 202
46, 200
47, 199
47, 197
48, 196
48, 195
49, 194
49, 193
50, 192
50, 191
51, 190
51, 188
52, 187
52, 186
53, 185
53, 184
54, 183
54, 182
55, 181
55, 180
56, 179
56, 178
57, 177
57, 176
58, 175
58, 174
59, 173
59, 172
60, 171
60, 170
61, 169
61, 168
63, 166
63, 165
64, 164
64, 163
66, 161
66, 160
68, 158
68, 157
71, 154
71, 153
76, 148
76, 147
88, 135
88, 134
96, 126
97, 126
102, 121
102, 120
106, 116
107, 116
114, 109
115, 109
120, 104
121, 104
129, 96
130, 96
138, 88
139, 88
143, 84
144, 84
147, 81
148, 81
150, 79
151, 79
154, 76
155, 76
159, 72
160, 72
161, 71
162, 71
164, 69
165, 69
166, 68
167, 68
168, 67
169, 67
171, 65
172, 65
173, 64
174, 64
176, 62
177, 62
178, 61
179, 61
180, 60
181, 60
182, 59
184, 59
185, 58
186, 58
187, 57
188, 57
189, 56
190, 56
191, 55
193, 55
194, 54
196, 54
197, 53
199, 53
200, 52
201, 52
202, 51
203, 51
204, 50
206, 50
207, 49
208, 49
209, 48
210, 48
211, 47
212, 47
213, 46
214, 46
215, 45
216, 45
218, 43
219, 43
220, 42
221, 42
222, 41
223, 41
224, 40
225, 40
226, 39
227, 39
228, 38
229, 38
230, 37
231, 37
232, 36
233, 36
234, 35
235, 35
236, 34
238, 34
239, 33
241, 33
242, 32
244, 32
245, 31
248, 31
249, 30
253, 30
254, 29
257, 29
258, 28
261, 28
262, 27
265, 27
266, 26
269, 26
270, 25
273, 25
274, 24
277, 24
278, 23
282, 23
283, 22
287, 22
288, 21
292, 21
293, 20
