4, 2
496, 4
494, 223
2, 221
154, 9
153, 10
151, 10
150, 11
149, 11
147, 13
146, 13
133, 26
133, 27
131, 29
131, 30
130, 31
130, 32
129, 33
129, 38
130, 39
131, 39
132, 38
132, 33
133, 32
133, 31
135, 29
135, 28
148, 15
149, 15
151, 13
152, 13
153, 12
157, 12
161, 16
161, 17
162, 18
162, 20
163, 21
163, 24
164, 25
164, 43
163, 44
163, 54
162, 55
162, 63
161, 64
161, 69
160, 70
160, 75
159, 76
159, 80
158, 81
158, 85
157, 86
157, 89
156, 90
156, 92
155, 93
155, 96
154, 97
154, 99
153, 100
153, 102
152, 103
152, 105
151, 106
151, 107
150, 108
150, 110
149, 111
149, 113
148, 114
148, 116
147, 117
147, 119
146, 120
146, 121
145, 122
145, 124
143, 126
139, 126
138, 125
135, 125
134, 124
129, 124
128, 123
124, 123
123, 122
117, 122
116, 121
111, 121
110, 120
105, 120
104, 119
91, 119
90, 118
54, 118
53, 117
41, 117
40, 118
37, 118
36, 119
34, 119
33, 120
32, 120
30, 122
29, 122
25, 126
25, 127
24, 128
24, 129
23, 130
23, 132
22, 133
22, 147
23, 148
23, 149
24, 150
24, 152
26, 154
26, 155
30, 159
31, 159
32, 160
39, 160
40, 159
42, 159
43, 158
45, 158
46, 157
51, 157
52, 156
55, 156
56, 155
60, 155
61, 154
65, 154
66, 153
69, 153
70, 152
72, 152
73, 151
76, 151
77, 150
81, 150
82, 149
85, 149
86, 148
88, 148
89, 147
92, 147
93, 146
96, 146
97, 145
99, 145
100, 144
102, 144
103, 143
105, 143
106, 142
108, 142
109, 141
111, 141
112, 140
114, 140
115, 139
117, 139
118, 138
120, 138
121, 137
123, 137
124, 136
125, 136
126, 135
127, 135
128, 134
131, 134
132, 133
133, 133
134, 132
137, 132
138, 131
140, 131
141, 130
142, 131
142, 134
141, 135
141, 138
140, 139
140, 142
139, 143
139, 145
138, 146
138, 150
137, 151
137, 156
136, 157
136, 164
137, 165
137, 169
138, 170
138, 171
139, 172
139, 173
142, 176
142, 177
143, 178
144, 178
146, 180
147, 180
148, 181
149, 181
150, 182
151, 182
152, 183
153, 183
154, 184
155, 184
156, 185
164, 185
165, 184
169, 184
170, 183
172, 183
173, 182
175, 182
176, 181
177, 181
180, 178
181, 178
185, 174
185, 173
193, 165
193, 164
197, 160
198, 161
198, 162
199, 163
199, 166
200, 167
200, 170
201, 171
201, 174
202, 175
202, 177
203, 178
203, 181
204, 182
204, 184
205, 185
205, 187
206, 188
206, 189
207, 190
207, 192
208, 193
208, 194
209, 195
209, 196
211, 198
211, 199
218, 206
219, 206
220, 207
221, 207
222, 208
225, 208
226, 209
229, 209
230, 208
234, 208
235, 207
237, 207
238, 206
239, 206
240, 205
241, 205
243, 203
244, 203
255, 192
255, 191
265, 181
265, 180
266, 179
267, 179
268, 180
268, 182
269, 183
269, 190
270, 191
270, 196
271, 197
271, 201
272, 202
272, 204
273, 205
273, 207
274, 208
274, 209
276, 211
276, 212
277, 213
278, 213
279, 214
286, 214
287, 213
289, 213
290, 212
291, 212
293, 210
294, 210
296, 208
297, 208
303, 202
303, 201
307, 197
307, 196
310, 193
310, 192
313, 189
313, 188
316, 185
316, 184
321, 179
321, 178
324, 175
324, 174
326, 172
326, 171
328, 169
328, 168
330, 166
330, 165
331, 164
331, 162
332, 161
332, 159
333, 158
333, 155
334, 154
334, 144
333, 143
333, 139
332, 138
332, 137
331, 136
331, 135
327, 131
327, 130
328, 129
354, 129
355, 130
373, 130
374, 131
385, 131
386, 132
394, 132
395, 133
401, 133
402, 134
408, 134
409, 135
414, 135
415, 136
418, 136
419, 137
422, 137
423, 138
426, 138
427, 139
431, 139
432, 140
434, 140
435, 141
438, 141
439, 142
442, 142
443, 143
445, 143
446, 144
448, 144
449, 145
450, 145
451, 146
452, 146
453, 147
455, 147
456, 148
457, 148
458, 149
459, 149
460, 150
461, 150
462, 151
464, 151
465, 152
466, 152
467, 153
468, 153
469, 154
470, 154
471, 155
472, 155
473, 156
474, 156
475, 155
475, 154
474, 153
473, 153
472, 152
471, 152
470, 151
469, 151
468, 150
467, 150
466, 149
465, 149
464, 148
463, 148
462, 147
460, 147
459, 146
458, 146
457, 145
456, 145
455, 144
453, 144
452, 143
451, 143
450, 142
449, 142
448, 141
446, 141
445, 140
442, 140
441, 139
438, 139
437, 138
435, 138
434, 137
431, 137
430, 136
427, 136
426, 135
422, 135
421, 134
418, 134
417, 133
413, 133
412, 132
407, 132
406, 131
400, 131
399, 130
392, 130
391, 129
383, 129
382, 128
369, 128
368, 127
347, 127
346, 126
340, 126
339, 127
322, 127
321, 126
319, 126
318, 125
316, 125
315, 124
299, 124
298, 123
298, 121
299, 120
299, 118
300, 117
300, 115
301, 114
301, 111
302, 110
302, 107
303, 106
303, 103
304, 102
304, 99
305, 98
305, 95
306, 94
306, 91
307, 90
307, 85
308, 84
308, 77
309, 76
309, 66
310, 65
310, 53
311, 52
311, 47
310, 46
310, 37
309, 36
309, 35
308, 34
308, 33
305, 30
304, 30
303, 29
302, 29
301, 30
299, 30
295, 34
295, 35
294, 36
294, 37
293, 38
293, 39
292, 40
292, 42
291, 43
291, 44
290, 45
290, 47
289, 48
289, 50
288, 51
288, 53
287, 54
287, 56
286, 57
286, 59
285, 60
285, 62
284, 63
284, 65
283, 66
283, 69
282, 70
282, 72
281, 73
281, 75
280, 76
280, 78
279, 79
279, 81
278, 82
278, 85
277, 86
277, 88
276, 89
276, 91
275, 92
275, 95
274, 96
274, 98
273, 99
273, 102
272, 103
272, 105
271, 106
271, 109
270, 110
270, 115
269, 116
269, 120
268, 121
268, 123
267, 124
265, 124
264, 123
261, 123
260, 122
255, 122
254, 121
250, 121
249, 120
246, 120
245, 119
242, 119
241, 118
239, 118
238, 117
236, 117
235, 116
232, 116
231, 115
228, 115
227, 114
225, 114
224, 113
220, 113
218, 111
218, 110
219, 109
219, 107
220, 106
220, 104
221, 103
221, 102
222, 101
222, 99
223, 98
223, 96
224, 95
224, 93
225, 92
225, 90
226, 89
226, 87
227, 86
227, 85
228, 84
228, 82
229, 81
229, 79
230, 78
230, 75
231, 74
231, 72
232, 71
232, 70
233, 69
233, 67
234, 66
234, 64
235, 63
235, 60
236, 59
236, 56
237, 55
237, 52
238, 51
238, 38
237, 37
237, 34
236, 33
236, 32
235, 31
235, 30
231, 26
230, 26
229, 25
228, 25
227, 24
223, 24
222, 25
220, 25
219, 26
218, 26
211, 33
211, 34
208, 37
208, 38
206, 40
206, 41
205, 42
205, 43
204, 44
204, 45
203, 46
203, 47
202, 48
202, 50
201, 51
201, 53
200, 54
200, 57
199, 58
199, 61
198, 62
198, 66
197, 67
197, 71
196, 72
196, 77
195, 78
195, 84
194, 85
194, 94
193, 95
193, 112
192, 113
186, 113
185, 114
183, 114
182, 115
179, 115
178, 116
175, 116
174, 117
171, 117
170, 118
168, 118
167, 119
164, 119
163, 120
161, 120
160, 121
158, 121
157, 122
155, 122
154, 123
153, 123
152, 124
150, 124
149, 125
148, 124
148, 122
149, 121
149, 119
150, 118
150, 116
151, 115
151, 114
152, 113
152, 111
153, 110
153, 108
154, 107
154, 105
155, 104
155, 102
156, 101
156, 99
157, 98
157, 96
158, 95
158, 93
159, 92
159, 89
160, 88
160, 85
161, 84
161, 80
162, 79
162, 75
163, 74
163, 69
164, 68
164, 61
165, 60
165, 51
166, 50
166, 40
167, 39
167, 29
166, 28
166, 22
165, 21
165, 19
164, 18
164, 16
163, 15
163, 14
159, 10
158, 10
157, 9
197, 138
198, 137
204, 137
205, 138
204, 139
204, 141
203, 142
203, 143
201, 145
201, 146
199, 148
198, 147
198, 142
197, 141
257, 134
258, 133
267, 134
267, 169
268, 170
266, 174
266, 175
263, 178
263, 179
253, 189
253, 190
242, 201
241, 201
239, 203
238, 203
237, 204
235, 204
234, 205
231, 205
230, 206
224, 206
223, 205
222, 205
221, 204
213, 197
213, 196
211, 194
211, 193
210, 192
210, 191
209, 190
209, 188
208, 187
208, 185
207, 184
207, 182
206, 181
206, 179
205, 178
205, 176
204, 175
204, 172
203, 171
203, 168
202, 167
202, 164
201, 163
201, 160
200, 159
200, 153
201, 152
201, 151
202, 150
202, 149
204, 147
204, 146
205, 145
205, 144
206, 143
206, 142
207, 141
209, 137
216, 137
217, 136
233, 136
234, 135
246, 135
247, 134
282, 132
283, 131
290, 131
291, 132
291, 135
290, 136
290, 137
289, 138
289, 140
288, 141
288, 142
287, 143
287, 144
286, 145
286, 146
285, 147
285, 148
284, 149
284, 150
283, 151
283, 152
281, 154
281, 155
279, 157
279, 158
276, 161
276, 162
271, 167
270, 166
270, 134
272, 132
298, 131
299, 130
328, 136
328, 137
330, 139
330, 141
331, 142
331, 155
330, 156
330, 159
329, 160
329, 161
328, 162
326, 166
326, 167
324, 169
324, 170
322, 172
322, 173
319, 176
319, 177
314, 182
314, 183
311, 186
311, 187
308, 190
308, 191
305, 194
305, 195
300, 200
300, 201
295, 206
294, 206
292, 208
291, 208
289, 210
288, 210
287, 211
284, 211
283, 212
281, 212
280, 211
278, 210
278, 209
276, 207
276, 206
275, 205
275, 203
274, 202
274, 198
273, 197
273, 193
272, 192
272, 186
271, 185
271, 173
272, 172
275, 168
275, 167
278, 164
278, 163
281, 160
281, 159
283, 157
283, 156
285, 154
285, 153
286, 152
286, 151
287, 150
287, 149
288, 148
288, 147
289, 146
289, 145
290, 144
290, 143
291, 142
291, 140
292, 139
292, 138
293, 137
293, 135
294, 134
294, 133
296, 131
149, 130
150, 131
154, 131
155, 132
159, 132
160, 133
164, 133
165, 134
171, 134
172, 135
180, 135
181, 136
193, 136
194, 138
195, 139
195, 146
196, 147
196, 155
195, 156
195, 157
194, 158
194, 159
191, 162
191, 163
183, 171
183, 172
181, 174
180, 174
175, 178
174, 179
173, 179
172, 180
171, 180
170, 181
167, 181
166, 182
156, 182
155, 181
154, 181
153, 180
152, 180
151, 179
150, 179
149, 178
148, 178
141, 170
140, 169
140, 167
139, 166
139, 155
140, 154
140, 150
141, 149
141, 145
142, 144
142, 142
143, 141
143, 138
144, 137
144, 134
145, 133
145, 132
39, 121
40, 120
57, 120
58, 121
97, 121
98, 122
106, 122
107, 123
112, 123
113, 124
118, 124
119, 125
125, 125
126, 126
130, 126
131, 127
134, 127
135, 128
135, 129
134, 130
132, 130
131, 131
129, 131
128, 132
126, 132
125, 133
124, 133
123, 134
121, 134
120, 135
118, 135
117, 136
116, 136
115, 137
112, 137
111, 138
109, 138
108, 139
106, 139
105, 140
104, 140
103, 141
100, 141
99, 142
97, 142
96, 143
94, 143
93, 144
90, 144
89, 145
86, 145
85, 146
83, 146
82, 147
79, 147
78, 148
74, 148
73, 149
70, 149
69, 150
67, 150
66, 151
63, 151
62, 152
57, 152
56, 153
53, 153
52, 154
47, 154
46, 155
43, 155
42, 156
40, 156
39, 157
37, 157
36, 158
34, 158
33, 157
32, 157
28, 153
28, 152
27, 151
27, 150
26, 149
26, 148
25, 147
25, 144
24, 143
24, 139
25, 138
25, 132
26, 131
26, 130
27, 129
27, 128
31, 124
32, 124
34, 122
35, 122
36, 121
185, 117
186, 116
192, 116
193, 117
193, 126
194, 127
194, 132
192, 134
190, 134
189, 133
178, 133
177, 132
170, 132
169, 131
164, 131
163, 130
158, 130
157, 129
154, 129
152, 127
153, 126
154, 126
155, 125
157, 125
158, 124
160, 124
161, 123
163, 123
164, 122
166, 122
167, 121
169, 121
170, 120
173, 120
174, 119
177, 119
178, 118
181, 118
182, 117
218, 115
221, 115
222, 116
224, 116
225, 117
228, 117
229, 118
231, 118
232, 119
235, 119
236, 120
238, 120
239, 121
242, 121
243, 122
246, 122
247, 123
251, 123
252, 124
256, 124
257, 125
261, 125
262, 126
265, 126
266, 127
267, 127
268, 128
266, 130
261, 130
260, 131
250, 131
249, 132
238, 132
237, 133
223, 133
222, 134
211, 134
210, 133
210, 132
211, 131
211, 130
212, 129
212, 127
213, 126
213, 125
214, 124
214, 122
215, 121
215, 119
216, 118
216, 117
209, 116
210, 115
213, 116
213, 118
212, 119
212, 121
211, 122
211, 124
210, 125
210, 126
209, 127
209, 129
208, 130
208, 131
207, 132
206, 134
197, 133
197, 131
196, 130
197, 116
301, 32
303, 32
306, 35
306, 36
307, 37
307, 40
308, 41
308, 57
307, 58
307, 69
306, 70
306, 80
305, 81
305, 86
304, 87
304, 91
303, 92
303, 95
302, 96
302, 99
301, 100
301, 103
300, 104
300, 107
299, 108
299, 111
298, 112
298, 115
297, 116
297, 118
296, 119
296, 121
295, 122
295, 123
293, 125
272, 125
271, 124
271, 120
272, 119
272, 114
273, 113
273, 109
274, 108
274, 105
275, 104
275, 102
276, 101
276, 99
277, 98
277, 95
278, 94
278, 92
279, 91
279, 88
280, 87
280, 85
281, 84
281, 82
282, 81
282, 79
283, 78
283, 75
284, 74
284, 72
285, 71
285, 69
286, 68
286, 66
287, 65
287, 62
288, 61
288, 59
289, 58
289, 56
290, 55
290, 54
291, 53
291, 51
292, 50
292, 48
293, 47
293, 45
294, 44
294, 43
295, 42
295, 40
296, 39
296, 38
298, 36
298, 35
222, 27
227, 27
228, 28
229, 28
233, 32
233, 33
234, 34
234, 36
235, 37
235, 52
234, 53
234, 56
233, 57
233, 60
232, 61
232, 63
231, 64
231, 66
230, 67
230, 69
229, 70
229, 72
228, 73
228, 75
227, 76
227, 78
226, 79
226, 81
225, 82
225, 84
224, 85
224, 87
223, 88
223, 90
222, 91
222, 93
221, 94
221, 96
220, 97
220, 98
219, 99
219, 101
218, 102
218, 104
217, 105
217, 107
216, 108
216, 110
214, 112
212, 112
211, 113
197, 113
196, 112
196, 91
197, 90
197, 83
198, 82
198, 76
199, 75
199, 70
200, 69
200, 66
201, 65
201, 61
202, 60
202, 57
203, 56
203, 53
204, 52
204, 51
205, 50
205, 48
206, 47
206, 46
207, 45
207, 44
208, 43
208, 42
210, 40
210, 39
213, 36
213, 35
219, 29
220, 29
