4, 2
414, 4
412, 369
2, 367
287, 202
285, 204
285, 205
286, 206
286, 207
287, 208
287, 209
288, 210
288, 211
289, 212
289, 214
290, 215
290, 216
291, 217
291, 218
292, 219
292, 220
293, 221
293, 222
295, 224
295, 225
296, 226
296, 227
297, 228
297, 229
298, 230
298, 231
299, 232
299, 233
300, 234
300, 235
301, 236
301, 237
302, 238
302, 239
303, 240
303, 241
305, 243
305, 244
306, 245
306, 246
307, 247
307, 248
308, 249
308, 250
310, 252
310, 253
311, 254
311, 255
313, 257
313, 258
314, 259
314, 260
316, 262
316, 263
319, 266
319, 267
322, 270
322, 271
329, 278
329, 279
335, 285
336, 285
345, 294
346, 294
356, 304
357, 304
366, 313
367, 313
375, 321
376, 321
392, 337
393, 337
395, 339
396, 339
399, 336
398, 335
398, 334
388, 324
387, 324
377, 314
376, 314
366, 304
365, 304
358, 297
357, 297
347, 287
346, 287
328, 269
328, 268
324, 264
324, 263
322, 261
322, 260
319, 257
319, 256
318, 255
318, 254
316, 252
316, 251
315, 250
315, 249
313, 247
313, 246
312, 245
312, 244
311, 243
311, 242
310, 241
310, 240
308, 238
308, 237
307, 236
307, 235
306, 234
306, 233
305, 232
305, 231
304, 230
304, 229
303, 228
303, 227
302, 226
302, 225
301, 224
301, 223
300, 222
300, 221
298, 219
298, 218
297, 217
297, 216
296, 215
296, 214
295, 213
295, 212
294, 211
294, 209
293, 208
293, 207
292, 206
292, 205
291, 204
291, 203
290, 202
165, 15
164, 16
160, 16
159, 17
156, 17
155, 18
153, 18
152, 19
151, 19
150, 20
149, 20
148, 21
147, 21
145, 23
144, 23
139, 28
139, 29
138, 30
138, 31
137, 32
137, 33
136, 34
136, 35
135, 36
135, 41
134, 42
134, 49
135, 50
135, 55
136, 56
136, 58
137, 59
137, 62
138, 63
138, 64
139, 65
139, 66
140, 67
140, 68
141, 69
141, 70
142, 71
142, 72
144, 74
144, 75
147, 78
147, 79
150, 82
150, 83
169, 102
170, 102
175, 107
176, 107
178, 109
177, 110
176, 110
175, 109
169, 109
168, 110
167, 110
164, 113
164, 114
163, 115
163, 116
162, 117
161, 117
160, 116
159, 116
157, 114
156, 114
153, 111
152, 111
151, 110
150, 110
148, 108
147, 108
145, 106
144, 106
143, 105
142, 105
141, 104
139, 104
138, 103
137, 103
136, 102
134, 102
133, 101
125, 101
124, 102
124, 103
122, 105
121, 104
120, 104
119, 103
117, 103
116, 102
109, 102
108, 103
107, 103
107, 104
105, 106
105, 107
104, 108
104, 109
103, 110
102, 110
100, 108
100, 107
97, 104
97, 103
89, 95
88, 95
87, 94
86, 94
85, 93
78, 93
77, 94
76, 94
74, 96
74, 97
73, 98
73, 99
72, 100
72, 101
71, 102
71, 107
70, 108
70, 118
71, 119
71, 131
72, 132
72, 164
71, 165
71, 170
70, 171
70, 174
69, 175
69, 176
68, 177
68, 178
67, 179
67, 180
64, 183
63, 183
62, 184
59, 184
58, 183
56, 183
50, 177
50, 176
48, 174
48, 172
47, 171
47, 170
46, 169
46, 168
45, 167
45, 165
44, 164
44, 161
43, 160
43, 155
42, 154
42, 131
43, 130
43, 127
42, 126
39, 126
38, 125
38, 123
37, 122
37, 115
36, 114
36, 108
35, 107
35, 103
34, 102
34, 99
33, 98
33, 96
32, 95
32, 93
31, 92
31, 91
27, 87
25, 87
23, 89
23, 99
24, 100
24, 104
25, 105
25, 108
26, 109
26, 112
27, 113
27, 115
28, 116
28, 119
29, 120
29, 123
30, 124
30, 126
31, 127
31, 130
32, 131
32, 134
33, 135
33, 139
34, 140
34, 143
35, 144
35, 160
36, 161
36, 178
37, 179
37, 192
38, 193
38, 203
39, 204
39, 214
40, 215
40, 220
39, 221
37, 219
37, 218
36, 217
36, 216
35, 215
35, 214
33, 212
33, 211
32, 210
32, 209
31, 208
31, 207
30, 206
30, 205
29, 204
29, 203
27, 201
27, 200
26, 199
26, 198
25, 197
25, 196
24, 195
24, 193
23, 192
23, 191
22, 190
22, 183
21, 182
19, 182
18, 183
18, 184
17, 185
17, 188
18, 189
18, 192
19, 193
19, 194
20, 195
20, 197
21, 198
21, 199
22, 200
22, 201
23, 202
23, 203
24, 204
24, 205
25, 206
25, 207
27, 209
27, 210
28, 211
28, 212
29, 213
29, 214
30, 215
30, 216
31, 217
31, 218
33, 220
33, 221
34, 222
34, 223
35, 224
35, 225
37, 227
37, 228
38, 229
38, 230
39, 231
39, 232
41, 234
41, 235
42, 236
42, 240
43, 241
43, 249
44, 250
44, 256
45, 257
45, 263
46, 264
46, 269
47, 270
47, 275
48, 276
48, 281
49, 282
49, 287
50, 288
50, 292
51, 293
51, 297
52, 298
52, 302
53, 303
53, 306
54, 307
54, 310
55, 311
55, 314
56, 315
56, 317
57, 318
57, 321
58, 322
58, 324
59, 325
59, 327
60, 328
60, 330
61, 331
61, 333
62, 334
62, 335
63, 336
63, 338
64, 339
64, 340
65, 341
65, 342
66, 343
66, 344
67, 345
67, 346
68, 347
68, 348
73, 353
78, 353
79, 352
79, 351
80, 350
80, 349
81, 348
81, 341
82, 340
82, 337
81, 336
81, 328
80, 327
80, 323
79, 322
79, 318
78, 317
78, 314
77, 313
77, 311
76, 310
76, 307
75, 306
75, 304
74, 303
74, 301
73, 300
73, 297
72, 296
72, 294
71, 293
71, 291
70, 290
70, 288
69, 287
69, 285
68, 284
68, 283
67, 282
67, 280
66, 279
66, 277
65, 276
65, 274
64, 273
64, 272
63, 271
63, 269
62, 268
62, 267
61, 266
61, 264
60, 263
60, 262
59, 261
59, 260
58, 259
58, 257
57, 256
57, 255
56, 254
56, 253
55, 252
55, 251
54, 250
54, 249
53, 248
53, 247
52, 246
52, 245
51, 244
51, 243
50, 242
50, 241
49, 240
49, 239
47, 237
47, 235
46, 234
46, 229
45, 228
45, 220
44, 219
44, 213
45, 212
49, 212
51, 214
51, 217
52, 218
52, 220
53, 221
53, 224
54, 225
54, 227
55, 228
55, 231
56, 232
56, 234
57, 235
57, 237
58, 238
58, 241
59, 242
59, 244
60, 245
60, 248
61, 249
61, 251
62, 252
62, 254
63, 255
63, 257
64, 258
64, 260
65, 261
65, 263
66, 264
66, 266
67, 267
67, 269
68, 270
68, 273
69, 274
69, 276
70, 277
70, 279
71, 280
71, 281
72, 282
72, 284
73, 285
73, 287
74, 288
74, 290
75, 291
75, 293
76, 294
76, 295
77, 296
77, 298
78, 299
78, 300
79, 301
79, 303
80, 304
80, 305
81, 306
81, 308
82, 309
82, 310
83, 311
83, 313
84, 314
84, 315
85, 316
85, 318
86, 319
86, 320
87, 321
87, 323
88, 324
88, 325
89, 326
89, 327
90, 328
90, 330
91, 331
91, 332
92, 333
92, 335
93, 336
93, 337
94, 338
94, 339
95, 340
95, 342
96, 343
96, 344
97, 345
97, 346
98, 347
98, 348
99, 349
99, 350
101, 352
101, 353
102, 354
103, 354
104, 355
106, 355
107, 354
107, 353
108, 352
108, 347
107, 346
107, 341
106, 340
106, 336
105, 335
105, 331
104, 330
104, 327
103, 326
103, 322
102, 321
102, 317
101, 316
101, 312
100, 311
100, 307
99, 306
99, 300
98, 299
98, 290
97, 289
97, 263
98, 262
98, 261
97, 260
97, 252
96, 251
94, 251
93, 252
93, 294
94, 295
94, 303
95, 304
95, 309
96, 310
96, 314
97, 315
97, 319
98, 320
98, 324
99, 325
99, 329
100, 330
100, 333
101, 334
101, 338
102, 339
102, 341
101, 342
100, 341
100, 340
99, 339
99, 338
98, 337
98, 336
97, 335
97, 333
96, 332
96, 331
95, 330
95, 329
94, 328
94, 326
93, 325
93, 324
92, 323
92, 321
91, 320
91, 319
90, 318
90, 317
89, 316
89, 314
88, 313
88, 312
87, 311
87, 309
86, 308
86, 307
85, 306
85, 304
84, 303
84, 302
83, 301
83, 299
82, 298
82, 297
81, 296
81, 294
80, 293
80, 291
79, 290
79, 288
78, 287
78, 286
77, 285
77, 283
76, 282
76, 280
75, 279
75, 277
74, 276
74, 274
73, 273
73, 271
72, 270
72, 268
71, 267
71, 265
70, 264
70, 262
69, 261
69, 259
68, 258
68, 256
67, 255
67, 253
66, 252
66, 249
65, 248
65, 246
64, 245
64, 243
63, 242
63, 239
62, 238
62, 236
61, 235
61, 233
60, 232
60, 229
59, 228
59, 226
58, 225
58, 222
57, 221
57, 219
56, 218
56, 215
55, 214
55, 211
56, 210
59, 210
60, 209
62, 209
63, 208
66, 208
67, 207
69, 207
70, 206
73, 206
74, 205
76, 205
77, 204
79, 204
80, 203
82, 203
83, 202
85, 202
86, 201
88, 201
89, 200
92, 200
93, 199
97, 199
98, 198
104, 198
105, 197
139, 197
140, 198
153, 198
154, 199
167, 199
168, 200
206, 200
207, 199
212, 199
213, 198
216, 198
217, 197
219, 197
220, 196
222, 196
223, 195
224, 195
225, 194
226, 194
227, 193
228, 193
229, 192
230, 192
231, 191
232, 191
233, 190
234, 190
236, 188
237, 188
239, 186
240, 186
242, 184
243, 184
246, 181
247, 181
251, 177
252, 177
260, 169
260, 168
261, 167
261, 166
262, 165
262, 160
261, 159
261, 158
260, 157
260, 156
251, 147
250, 147
247, 144
246, 144
245, 143
244, 143
242, 141
241, 141
240, 140
239, 140
237, 138
236, 138
235, 137
234, 137
233, 136
232, 136
231, 135
229, 135
228, 134
227, 134
226, 133
224, 133
223, 132
221, 132
220, 131
220, 130
221, 129
222, 129
226, 125
227, 125
236, 116
236, 115
239, 112
239, 111
241, 109
241, 108
242, 107
242, 106
243, 105
243, 104
244, 103
244, 102
245, 101
245, 100
246, 99
246, 97
247, 96
247, 94
248, 93
248, 89
249, 88
249, 81
248, 80
248, 74
247, 73
247, 69
246, 68
246, 66
245, 65
245, 63
244, 62
244, 60
243, 59
243, 58
242, 57
242, 56
241, 55
241, 54
239, 52
239, 51
238, 50
238, 49
236, 47
236, 46
233, 43
233, 42
224, 33
223, 33
220, 30
219, 30
217, 28
216, 28
214, 26
213, 26
212, 25
211, 25
210, 24
209, 24
208, 23
207, 23
206, 22
205, 22
204, 21
203, 21
202, 20
200, 20
199, 19
197, 19
196, 18
193, 18
192, 17
189, 17
188, 16
183, 16
182, 15
49, 253
50, 252
51, 253
51, 254
52, 255
52, 256
53, 257
53, 259
54, 260
54, 261
55, 262
55, 263
56, 264
56, 266
57, 267
57, 268
58, 269
58, 270
59, 271
59, 273
60, 274
60, 276
61, 277
61, 278
62, 279
62, 281
63, 282
63, 284
64, 285
64, 287
65, 288
65, 290
66, 291
66, 293
67, 294
67, 296
68, 297
68, 299
69, 300
69, 302
70, 303
70, 305
71, 306
71, 309
72, 310
72, 312
73, 313
73, 316
74, 317
74, 320
75, 321
75, 324
76, 325
76, 330
77, 331
77, 345
76, 346
76, 347
75, 348
74, 348
73, 347
73, 346
71, 344
71, 343
70, 342
70, 341
69, 340
69, 339
68, 338
68, 336
67, 335
67, 334
66, 333
66, 331
65, 330
65, 329
64, 328
64, 326
63, 325
63, 323
62, 322
62, 319
61, 318
61, 316
60, 315
60, 312
59, 311
59, 308
58, 307
58, 304
57, 303
57, 300
56, 299
56, 295
55, 294
55, 290
54, 289
54, 285
53, 284
53, 279
52, 278
52, 273
51, 272
51, 267
50, 266
50, 260
49, 259
42, 187
43, 186
44, 187
44, 190
45, 191
45, 194
46, 195
46, 198
47, 199
47, 202
48, 203
48, 206
47, 207
44, 207
43, 206
43, 199
42, 198
208, 147
209, 146
211, 148
211, 152
212, 153
212, 154
211, 155
210, 155
209, 154
209, 150
208, 149
233, 141
234, 142
235, 142
236, 143
237, 143
238, 144
239, 144
241, 146
242, 146
243, 147
244, 147
247, 150
248, 150
250, 155
248, 153
247, 153
246, 152
245, 152
243, 150
242, 150
241, 149
240, 149
237, 146
236, 146
234, 144
233, 144
213, 135
214, 135
215, 136
216, 136
218, 138
219, 138
222, 141
223, 141
226, 144
227, 144
230, 147
231, 147
233, 149
234, 149
237, 152
238, 152
239, 153
240, 153
242, 155
243, 155
244, 156
245, 156
248, 159
249, 159
252, 162
253, 162
254, 163
256, 163
257, 162
258, 163
258, 164
257, 165
257, 166
249, 174
248, 174
244, 178
243, 178
240, 181
239, 181
237, 183
236, 183
234, 185
233, 185
231, 187
230, 187
229, 188
228, 188
227, 189
226, 189
225, 190
224, 190
223, 191
222, 191
221, 192
219, 192
218, 193
216, 193
215, 194
212, 194
211, 195
207, 195
206, 196
169, 196
168, 195
155, 195
154, 194
141, 194
140, 193
113, 193
112, 192
113, 191
114, 191
115, 190
116, 190
117, 189
118, 189
119, 188
121, 188
122, 187
123, 187
124, 186
125, 186
126, 185
127, 185
128, 184
129, 184
130, 183
131, 183
132, 182
133, 182
134, 181
135, 181
137, 179
138, 179
139, 178
140, 178
141, 177
142, 177
143, 176
144, 176
146, 174
147, 174
148, 173
149, 173
151, 171
152, 171
153, 170
154, 170
156, 168
157, 168
158, 167
159, 167
161, 165
162, 165
163, 164
164, 164
166, 162
167, 162
169, 160
170, 160
171, 159
172, 159
174, 157
175, 157
176, 156
177, 156
179, 154
181, 154
184, 151
185, 151
186, 150
187, 150
188, 149
189, 149
191, 147
192, 147
193, 146
194, 146
195, 145
196, 145
197, 144
198, 144
200, 142
201, 142
202, 141
204, 141
205, 142
205, 143
204, 144
204, 150
205, 151
205, 155
206, 156
206, 157
207, 158
207, 159
210, 162
212, 162
213, 161
214, 161
214, 160
215, 159
215, 156
216, 155
216, 153
215, 152
215, 147
214, 146
214, 144
213, 143
213, 141
212, 140
212, 139
211, 138
211, 137
166, 130
167, 129
168, 129
169, 130
169, 131
173, 135
173, 136
175, 138
175, 139
176, 140
176, 141
177, 142
177, 143
178, 144
178, 145
179, 146
179, 149
178, 150
177, 150
176, 149
175, 149
172, 146
172, 145
171, 144
171, 143
169, 141
169, 139
168, 138
168, 137
167, 136
167, 134
166, 133
170, 113
174, 113
175, 114
178, 115
179, 115
180, 116
181, 116
183, 118
184, 118
185, 119
186, 119
187, 120
188, 120
190, 122
191, 122
194, 125
195, 125
204, 134
203, 136
202, 136
200, 138
199, 138
198, 139
197, 139
196, 140
195, 140
193, 142
192, 142
191, 143
190, 143
189, 144
188, 144
186, 146
182, 144
182, 142
181, 141
181, 140
180, 139
180, 138
178, 136
178, 135
176, 133
176, 132
173, 129
173, 128
166, 121
167, 117
167, 116
113, 106
114, 107
116, 107
117, 108
118, 108
120, 110
121, 110
122, 111
123, 111
126, 114
127, 114
130, 117
131, 117
143, 130
145, 132
145, 133
146, 134
146, 135
147, 136
147, 137
148, 138
148, 140
149, 141
149, 144
150, 145
150, 152
149, 153
149, 154
146, 156
145, 157
139, 157
138, 156
136, 156
135, 155
133, 155
132, 154
130, 154
129, 153
128, 153
127, 152
126, 152
125, 151
124, 151
122, 149
121, 149
114, 140
115, 139
116, 139
117, 140
118, 140
120, 138
120, 137
119, 136
119, 135
118, 134
118, 133
115, 130
115, 129
114, 128
114, 124
115, 123
115, 122
116, 121
116, 118
115, 117
112, 117
112, 118
110, 120
109, 120
108, 119
108, 118
107, 117
107, 115
108, 114
108, 111
109, 110
109, 109
80, 98
81, 97
82, 97
83, 98
84, 98
85, 99
86, 99
94, 107
94, 108
97, 111
97, 112
99, 114
99, 115
101, 117
101, 118
102, 119
102, 131
103, 132
103, 133
104, 134
105, 134
108, 137
108, 139
109, 140
109, 142
110, 143
110, 144
111, 145
111, 146
118, 153
119, 153
120, 154
121, 154
123, 156
124, 156
125, 157
126, 157
127, 158
129, 158
130, 159
132, 159
133, 160
135, 160
136, 161
141, 161
142, 162
144, 162
145, 161
148, 161
149, 160
150, 160
153, 157
153, 156
154, 155
154, 151
155, 150
155, 148
154, 147
154, 142
153, 141
153, 138
152, 137
152, 136
151, 135
151, 133
150, 132
150, 131
148, 129
148, 128
146, 126
146, 125
134, 113
133, 113
129, 109
129, 108
128, 107
128, 106
129, 105
132, 105
133, 106
135, 106
136, 107
137, 107
138, 108
139, 108
140, 109
141, 109
142, 110
143, 110
144, 111
145, 111
147, 113
148, 113
150, 115
151, 115
153, 117
154, 117
157, 120
158, 120
161, 123
161, 128
162, 129
162, 134
163, 135
163, 137
164, 138
164, 140
165, 141
165, 142
166, 143
166, 144
167, 145
167, 146
169, 148
169, 149
172, 152
172, 153
169, 156
168, 156
167, 157
166, 157
164, 159
163, 159
161, 161
160, 161
159, 162
158, 162
156, 164
155, 164
154, 165
153, 165
151, 167
150, 167
149, 168
148, 168
146, 170
145, 170
144, 171
143, 171
141, 173
140, 173
139, 174
138, 174
137, 175
136, 175
135, 176
134, 176
133, 177
132, 177
130, 179
128, 179
127, 180
126, 180
125, 181
124, 181
123, 182
122, 182
121, 183
120, 183
119, 184
118, 184
117, 185
116, 185
115, 186
114, 186
113, 187
111, 187
110, 188
109, 188
108, 189
107, 189
106, 190
104, 190
103, 191
101, 191
100, 192
99, 192
98, 193
96, 193
95, 194
93, 194
92, 195
90, 195
89, 196
87, 196
86, 197
84, 197
83, 198
81, 198
80, 199
77, 199
76, 200
74, 200
73, 201
71, 201
70, 202
68, 202
67, 203
65, 203
64, 204
61, 204
60, 205
57, 205
56, 206
54, 206
52, 204
52, 201
51, 200
51, 197
50, 196
50, 193
49, 192
49, 188
48, 187
48, 184
49, 183
52, 186
53, 186
54, 187
55, 187
56, 188
58, 188
59, 189
62, 189
63, 188
65, 188
66, 187
67, 187
71, 183
71, 182
72, 181
72, 180
73, 179
73, 178
74, 177
74, 174
75, 173
75, 170
76, 169
76, 163
77, 162
77, 137
76, 136
76, 124
75, 123
75, 106
76, 105
76, 102
77, 101
77, 100
79, 98
165, 20
166, 19
182, 19
183, 20
187, 20
188, 21
192, 21
193, 22
195, 22
196, 23
198, 23
199, 24
201, 24
202, 25
203, 25
204, 26
205, 26
206, 27
207, 27
208, 28
209, 28
210, 29
211, 29
213, 31
214, 31
216, 33
217, 33
221, 37
222, 37
230, 45
230, 46
233, 49
233, 50
235, 53
236, 54
236, 55
238, 57
238, 58
239, 59
239, 61
240, 62
240, 63
241, 64
241, 66
242, 67
242, 69
243, 70
243, 73
244, 74
244, 80
245, 81
245, 87
244, 88
244, 92
243, 93
243, 95
242, 96
242, 98
241, 99
241, 100
240, 101
240, 102
239, 103
239, 104
238, 105
238, 106
236, 108
236, 109
233, 112
233, 113
224, 122
223, 122
219, 126
218, 126
215, 128
214, 129
213, 129
211, 127
210, 127
208, 125
207, 125
205, 123
204, 123
201, 120
200, 120
198, 118
197, 118
194, 115
193, 115
191, 113
190, 113
187, 110
186, 110
183, 107
182, 107
179, 104
178, 104
173, 99
172, 99
153, 80
153, 79
150, 76
150, 75
147, 72
147, 71
145, 68
144, 67
144, 66
143, 65
143, 64
142, 63
142, 62
141, 61
141, 59
140, 58
140, 55
139, 54
139, 50
138, 49
138, 42
139, 41
139, 37
140, 36
140, 35
141, 34
141, 33
142, 32
142, 31
147, 26
148, 26
151, 24
152, 23
154, 23
155, 22
156, 22
157, 21
160, 21
161, 20
