4, 2
496, 4
494, 283
2, 281
363, 30
362, 31
361, 31
357, 35
357, 36
355, 38
355, 40
354, 41
354, 42
353, 43
353, 46
352, 47
352, 64
353, 65
353, 69
354, 70
354, 73
355, 74
355, 76
356, 77
356, 79
357, 80
357, 82
358, 83
358, 85
359, 86
359, 87
360, 88
360, 89
361, 90
361, 91
362, 92
362, 94
363, 95
363, 96
365, 98
365, 99
366, 100
366, 101
367, 102
367, 103
369, 105
369, 106
372, 109
372, 110
374, 112
374, 113
377, 116
377, 117
382, 122
383, 122
384, 123
385, 123
386, 124
388, 124
389, 125
390, 125
391, 126
391, 144
392, 145
392, 160
393, 161
393, 166
392, 167
390, 165
390, 164
388, 162
388, 161
386, 159
386, 158
381, 153
381, 152
380, 152
374, 146
374, 145
367, 138
366, 138
365, 137
363, 137
362, 136
360, 136
359, 137
357, 137
355, 139
355, 140
354, 141
354, 142
353, 143
353, 146
352, 147
352, 148
351, 149
349, 147
349, 146
348, 145
348, 144
346, 142
346, 141
345, 140
345, 139
343, 137
343, 136
341, 134
341, 133
338, 130
338, 129
333, 124
333, 123
329, 119
329, 118
326, 115
326, 114
322, 110
321, 110
320, 109
319, 109
318, 108
313, 108
312, 109
310, 109
309, 110
308, 110
307, 111
306, 111
300, 117
300, 118
298, 120
295, 117
295, 116
294, 115
294, 114
291, 111
291, 110
288, 107
288, 106
277, 95
276, 95
274, 93
273, 93
272, 92
271, 92
270, 91
264, 91
262, 93
261, 93
259, 95
259, 96
257, 98
257, 99
256, 100
256, 101
255, 102
255, 103
254, 104
254, 107
253, 108
253, 110
252, 111
251, 111
250, 110
250, 109
249, 108
249, 107
247, 105
247, 104
246, 103
246, 102
244, 100
244, 99
243, 98
243, 97
241, 95
241, 94
239, 92
239, 91
237, 89
237, 88
229, 80
228, 80
227, 79
226, 79
225, 78
223, 78
222, 77
218, 77
217, 78
215, 78
213, 80
212, 80
210, 82
210, 83
207, 86
207, 87
206, 88
206, 90
204, 92
202, 90
202, 89
201, 88
201, 87
200, 86
200, 85
199, 84
199, 83
198, 82
198, 81
197, 80
197, 79
196, 78
196, 77
195, 76
195, 75
193, 73
193, 72
191, 70
191, 69
189, 67
189, 66
187, 64
187, 63
184, 60
184, 59
181, 56
181, 55
176, 50
176, 49
172, 45
171, 45
168, 42
167, 42
165, 40
164, 40
163, 39
161, 39
160, 38
153, 38
152, 39
151, 39
149, 41
149, 42
147, 44
147, 46
146, 47
146, 49
145, 50
145, 52
144, 53
144, 58
143, 59
143, 65
142, 66
142, 73
141, 74
140, 74
139, 73
138, 73
137, 74
137, 77
138, 78
138, 83
139, 84
139, 89
140, 90
140, 93
141, 94
143, 94
143, 93
144, 92
143, 91
143, 86
144, 85
144, 77
145, 76
145, 68
146, 67
146, 60
147, 59
147, 55
148, 54
148, 51
149, 50
149, 48
150, 47
150, 46
151, 45
151, 44
153, 42
154, 42
155, 41
159, 41
160, 42
161, 42
162, 43
163, 43
164, 44
165, 44
168, 47
169, 47
174, 52
174, 53
179, 58
179, 59
182, 62
182, 63
185, 66
185, 67
187, 69
187, 70
189, 72
189, 73
191, 75
191, 76
192, 77
192, 78
193, 79
193, 80
195, 82
195, 83
196, 84
196, 85
197, 86
197, 87
198, 88
198, 89
199, 90
199, 91
200, 92
200, 93
201, 94
201, 96
202, 97
202, 98
203, 99
203, 120
204, 121
204, 128
205, 129
205, 133
206, 134
206, 137
207, 138
207, 141
208, 142
208, 144
209, 145
209, 147
210, 148
210, 149
212, 151
215, 151
217, 149
217, 143
216, 142
216, 139
215, 138
215, 134
214, 133
214, 129
213, 128
213, 125
212, 124
212, 120
211, 119
211, 115
210, 114
210, 111
209, 110
209, 107
208, 106
208, 103
207, 102
207, 95
208, 94
208, 92
209, 91
209, 90
210, 89
210, 88
212, 86
212, 85
215, 82
216, 82
217, 81
219, 81
220, 80
221, 81
224, 81
225, 82
226, 82
235, 91
235, 92
237, 94
237, 95
239, 97
239, 98
241, 100
241, 101
242, 102
242, 103
243, 104
243, 105
245, 107
245, 108
246, 109
246, 110
247, 111
247, 112
248, 113
248, 114
249, 115
249, 116
250, 117
250, 118
251, 119
251, 128
252, 129
252, 135
253, 136
253, 141
254, 142
254, 146
255, 147
255, 152
256, 153
256, 157
257, 158
257, 160
258, 161
258, 162
259, 163
259, 164
261, 166
262, 166
263, 167
264, 167
266, 165
266, 159
265, 158
265, 154
264, 153
264, 149
263, 148
263, 144
262, 143
262, 140
261, 139
261, 136
260, 135
260, 133
259, 132
259, 130
258, 129
258, 127
257, 126
257, 125
256, 124
256, 122
255, 121
255, 113
256, 112
256, 109
257, 108
257, 106
258, 105
258, 103
259, 102
259, 101
261, 99
261, 98
264, 95
265, 95
266, 94
268, 94
269, 95
270, 95
271, 96
272, 96
273, 97
274, 97
286, 109
286, 110
289, 113
289, 114
291, 116
291, 117
293, 119
293, 120
294, 121
294, 122
296, 124
296, 128
295, 129
295, 134
294, 135
294, 142
295, 143
295, 148
296, 149
296, 151
297, 152
297, 154
298, 155
298, 156
299, 157
299, 158
300, 159
300, 160
302, 162
302, 163
303, 164
303, 165
306, 168
308, 168
309, 169
310, 168
311, 168
312, 167
312, 159
311, 158
311, 155
310, 154
310, 152
309, 151
309, 149
308, 148
308, 147
307, 146
307, 144
306, 143
306, 140
305, 139
305, 137
304, 136
304, 134
303, 133
303, 131
302, 130
302, 129
301, 128
301, 127
300, 126
300, 124
301, 123
301, 122
302, 121
302, 120
309, 113
310, 113
311, 112
313, 112
314, 111
316, 111
317, 112
318, 112
319, 113
320, 113
324, 117
324, 118
327, 121
327, 122
331, 126
331, 127
336, 132
336, 133
339, 136
339, 137
341, 139
341, 140
342, 141
342, 142
344, 144
344, 145
345, 146
345, 147
347, 149
347, 150
348, 151
348, 152
349, 153
349, 154
350, 155
350, 156
351, 157
351, 159
352, 160
352, 167
353, 168
353, 171
354, 172
354, 176
355, 177
355, 179
356, 180
356, 182
357, 183
357, 184
358, 185
358, 186
359, 187
359, 188
361, 190
363, 190
364, 189
364, 182
363, 181
363, 179
362, 178
362, 176
361, 175
361, 174
360, 173
360, 171
359, 170
359, 168
358, 167
358, 165
357, 164
357, 163
356, 162
356, 160
355, 159
355, 149
356, 148
356, 145
357, 144
357, 142
359, 140
363, 140
364, 141
365, 141
372, 148
372, 149
377, 154
378, 154
379, 155
379, 156
384, 161
384, 162
386, 164
386, 165
388, 167
388, 168
389, 169
389, 170
390, 171
390, 172
391, 173
391, 174
392, 175
392, 177
393, 178
393, 180
394, 181
394, 183
395, 184
395, 187
396, 188
396, 195
397, 196
397, 203
398, 204
398, 211
399, 212
399, 219
400, 220
400, 227
401, 228
401, 234
402, 235
402, 238
403, 239
403, 242
404, 243
404, 245
405, 246
405, 247
406, 248
406, 249
409, 249
410, 248
410, 244
411, 243
411, 227
410, 226
410, 222
409, 221
409, 215
408, 214
408, 210
407, 209
407, 207
406, 206
406, 204
405, 203
405, 202
404, 201
404, 199
403, 198
403, 197
402, 196
402, 194
401, 193
401, 191
400, 190
400, 188
399, 187
399, 185
398, 184
398, 178
397, 177
397, 170
396, 169
396, 158
395, 157
395, 140
394, 139
394, 126
395, 125
399, 125
408, 116
409, 116
411, 114
412, 114
412, 113
414, 111
414, 97
413, 96
413, 80
416, 77
417, 77
418, 78
421, 78
422, 79
423, 79
425, 81
426, 81
435, 90
435, 91
440, 96
440, 97
442, 99
442, 100
444, 102
444, 103
446, 105
446, 106
448, 108
448, 109
449, 110
449, 111
450, 112
450, 113
452, 115
452, 116
453, 117
453, 118
454, 119
454, 120
455, 121
455, 122
456, 123
456, 124
457, 125
457, 126
459, 128
459, 129
460, 130
460, 131
461, 132
461, 134
462, 135
462, 136
463, 137
463, 138
464, 139
464, 140
465, 141
465, 142
466, 143
466, 145
467, 146
467, 147
468, 148
468, 150
469, 151
469, 152
470, 153
470, 157
473, 160
474, 160
475, 159
475, 156
474, 155
474, 154
473, 153
473, 151
472, 150
472, 149
471, 148
471, 147
470, 146
470, 144
469, 143
469, 142
468, 141
468, 139
467, 138
467, 137
466, 136
466, 135
465, 134
465, 133
464, 132
464, 131
463, 130
463, 129
462, 128
462, 127
461, 126
461, 125
460, 124
460, 123
459, 122
459, 121
457, 119
457, 118
456, 117
456, 116
455, 115
455, 114
454, 113
454, 112
453, 111
453, 110
452, 109
452, 108
450, 106
450, 105
448, 103
448, 102
446, 100
446, 99
444, 97
444, 96
442, 94
442, 93
437, 88
437, 87
429, 79
428, 79
426, 77
425, 77
424, 76
423, 76
422, 75
420, 75
419, 74
414, 74
411, 77
411, 78
410, 79
410, 82
409, 83
409, 90
410, 91
410, 99
411, 100
411, 109
410, 110
410, 111
409, 112
408, 112
406, 114
405, 114
397, 122
395, 122
394, 121
394, 105
393, 104
393, 87
392, 86
392, 77
391, 76
391, 71
390, 70
390, 67
389, 66
389, 63
388, 62
388, 59
387, 58
387, 57
386, 56
386, 55
385, 54
385, 53
384, 52
384, 51
383, 50
383, 49
381, 47
381, 46
379, 44
379, 43
377, 41
377, 40
374, 37
374, 36
369, 31
368, 31
367, 30
401, 207
402, 206
403, 207
403, 208
404, 209
404, 210
405, 211
405, 216
406, 217
406, 223
407, 224
407, 228
408, 229
408, 238
407, 239
405, 237
405, 233
404, 232
404, 226
403, 225
403, 218
402, 217
402, 210
401, 209
262, 156
260, 157
258, 146
213, 141
211, 142
298, 133
299, 132
300, 133
300, 134
301, 135
301, 138
302, 139
302, 141
303, 142
303, 144
304, 145
304, 147
305, 148
305, 150
306, 151
306, 153
307, 154
307, 156
308, 157
308, 161
309, 162
309, 163
308, 164
307, 164
305, 162
305, 161
304, 160
304, 159
303, 158
303, 157
302, 156
302, 155
301, 154
301, 153
300, 152
300, 151
299, 150
299, 148
298, 147
207, 123
208, 122
209, 123
209, 125
210, 126
210, 130
211, 131
211, 135
212, 136
210, 140
210, 137
209, 136
209, 132
208, 131
208, 127
207, 126
364, 34
365, 33
366, 34
367, 34
372, 39
372, 40
375, 43
375, 44
377, 46
377, 47
379, 49
379, 50
380, 51
380, 52
382, 54
382, 55
383, 56
383, 57
384, 58
384, 60
385, 61
385, 63
386, 64
386, 67
387, 68
387, 72
388, 73
388, 78
389, 79
389, 89
390, 90
390, 112
391, 113
391, 120
390, 121
387, 121
385, 119
384, 119
379, 114
379, 113
376, 110
376, 109
374, 107
374, 106
371, 103
371, 102
370, 101
370, 100
368, 98
368, 97
367, 96
367, 95
366, 94
366, 93
365, 92
365, 91
364, 90
364, 89
363, 88
363, 87
362, 86
362, 84
361, 83
361, 82
360, 81
360, 79
359, 78
359, 76
358, 75
358, 72
357, 71
357, 68
356, 67
356, 63
355, 62
355, 48
356, 47
356, 45
357, 44
357, 42
358, 41
358, 40
359, 39
359, 38
363, 34
89, 11
87, 13
86, 13
86, 14
85, 15
85, 16
84, 17
84, 18
83, 19
83, 21
82, 22
82, 24
81, 25
81, 28
80, 29
80, 32
79, 33
79, 37
78, 38
78, 44
77, 45
77, 50
78, 51
78, 57
79, 58
79, 61
80, 62
80, 65
81, 66
81, 68
82, 69
82, 71
83, 72
83, 73
84, 74
84, 75
85, 76
85, 78
86, 79
86, 80
87, 81
87, 82
88, 83
88, 84
89, 85
89, 86
90, 87
90, 88
91, 89
91, 90
92, 91
92, 92
93, 93
93, 94
94, 95
94, 96
95, 97
95, 98
96, 99
96, 100
97, 101
97, 102
98, 103
98, 104
100, 106
100, 107
101, 108
101, 109
102, 110
102, 111
103, 112
103, 113
104, 114
104, 115
105, 116
105, 117
106, 118
106, 119
108, 121
108, 122
109, 123
109, 124
110, 125
110, 127
111, 128
111, 156
112, 157
112, 167
111, 168
109, 166
109, 165
107, 163
107, 162
104, 159
104, 158
101, 155
101, 154
96, 149
96, 148
81, 133
80, 133
78, 131
77, 131
76, 130
74, 130
73, 129
71, 129
70, 130
69, 130
67, 132
67, 133
65, 135
65, 137
64, 138
64, 140
63, 141
63, 144
62, 145
62, 152
61, 153
61, 162
60, 163
60, 172
59, 173
59, 179
58, 180
58, 184
57, 185
57, 187
56, 188
56, 189
55, 190
55, 191
51, 195
47, 195
43, 191
43, 190
42, 189
42, 188
41, 187
41, 186
40, 185
40, 184
39, 183
39, 181
38, 180
38, 179
37, 178
37, 176
36, 175
36, 174
35, 173
35, 171
34, 170
34, 168
33, 167
33, 166
32, 165
32, 163
31, 162
31, 160
30, 159
30, 156
29, 155
29, 152
28, 151
28, 147
27, 146
27, 141
26, 140
26, 124
25, 123
25, 106
26, 105
26, 88
27, 87
27, 83
28, 82
28, 80
29, 79
29, 77
30, 76
30, 70
29, 69
27, 69
26, 70
26, 72
25, 73
25, 76
24, 77
24, 79
23, 80
23, 82
22, 83
22, 91
21, 92
21, 136
22, 137
22, 145
23, 146
23, 150
24, 151
24, 154
25, 155
25, 158
26, 159
26, 162
27, 163
27, 165
28, 166
28, 168
29, 169
29, 170
30, 171
30, 173
31, 174
31, 176
32, 177
32, 178
33, 179
33, 181
34, 182
34, 183
35, 184
35, 185
36, 186
36, 188
37, 189
37, 190
38, 191
38, 192
39, 193
39, 194
44, 199
46, 199
47, 200
51, 200
52, 199
54, 199
59, 194
59, 193
60, 192
60, 191
61, 190
61, 189
62, 188
62, 185
63, 184
63, 179
64, 178
64, 170
65, 169
65, 160
66, 159
66, 150
67, 149
67, 145
68, 144
68, 141
69, 140
69, 138
70, 137
70, 136
72, 134
73, 134
74, 135
75, 135
76, 136
77, 136
93, 152
93, 153
98, 158
98, 159
101, 162
101, 163
103, 165
103, 166
105, 168
105, 169
107, 171
107, 172
108, 173
108, 174
109, 175
109, 176
110, 177
110, 178
111, 179
111, 180
112, 181
112, 182
113, 183
113, 184
114, 185
114, 193
115, 194
115, 221
116, 222
116, 232
117, 233
117, 239
118, 240
118, 246
119, 247
119, 253
120, 254
120, 258
121, 259
121, 263
122, 264
122, 266
123, 267
123, 268
127, 272
129, 272
130, 273
131, 273
132, 272
133, 272
134, 271
134, 270
136, 268
136, 263
137, 262
137, 261
138, 260
138, 241
137, 240
137, 236
136, 235
136, 230
135, 229
135, 226
134, 225
134, 222
133, 221
133, 219
132, 218
132, 216
131, 215
131, 213
130, 212
130, 210
129, 209
129, 208
128, 207
128, 206
127, 205
127, 203
126, 202
126, 201
125, 200
125, 198
124, 197
124, 196
123, 195
123, 193
122, 192
122, 191
121, 190
121, 189
120, 188
120, 186
119, 185
119, 184
118, 183
118, 174
117, 173
117, 163
116, 162
116, 139
117, 138
119, 140
119, 141
121, 143
121, 144
123, 146
123, 147
125, 149
125, 150
128, 153
128, 154
130, 156
130, 157
132, 159
132, 160
134, 162
134, 163
137, 166
137, 167
140, 170
140, 171
151, 182
152, 182
154, 184
155, 184
157, 186
166, 186
167, 185
169, 185
170, 184
172, 184
174, 182
174, 181
175, 180
175, 179
176, 178
178, 178
180, 180
182, 180
185, 177
185, 173
186, 172
186, 166
183, 166
182, 167
182, 168
181, 169
181, 172
180, 173
177, 173
176, 172
174, 172
173, 173
172, 173
172, 174
171, 175
171, 177
170, 178
170, 179
169, 180
168, 180
167, 181
163, 181
162, 182
160, 182
159, 181
158, 181
156, 179
155, 179
143, 167
143, 166
140, 163
140, 162
137, 159
137, 158
135, 156
135, 155
133, 153
133, 152
131, 150
131, 149
129, 147
129, 146
126, 143
126, 142
124, 140
124, 139
122, 137
122, 136
121, 135
121, 134
119, 132
119, 131
118, 130
118, 129
116, 127
116, 126
115, 125
115, 117
114, 116
114, 98
113, 97
113, 74
112, 73
112, 66
111, 65
111, 57
110, 56
110, 50
109, 49
109, 46
108, 45
108, 42
107, 41
107, 39
106, 38
106, 36
105, 35
105, 34
104, 33
104, 31
103, 30
103, 29
102, 28
102, 27
101, 26
101, 25
100, 24
100, 23
99, 22
99, 21
97, 19
97, 18
96, 17
96, 16
95, 15
95, 14
93, 12
92, 12
91, 11
120, 204
121, 203
122, 204
122, 205
123, 206
123, 207
124, 208
124, 210
125, 211
125, 212
126, 213
126, 215
127, 216
127, 218
128, 219
128, 221
129, 222
129, 225
130, 226
130, 229
131, 230
131, 233
132, 234
132, 239
133, 240
133, 250
134, 251
134, 253
133, 254
133, 257
131, 259
131, 260
130, 261
130, 262
131, 263
131, 266
130, 267
129, 267
127, 265
127, 264
126, 263
126, 260
125, 259
125, 255
124, 254
124, 249
123, 248
123, 242
122, 241
122, 235
121, 234
121, 227
120, 226
89, 18
90, 17
93, 20
93, 21
94, 22
94, 23
95, 24
95, 25
96, 26
96, 27
97, 28
97, 29
98, 30
98, 31
99, 32
99, 33
100, 34
100, 36
101, 37
101, 38
102, 39
102, 41
103, 42
103, 44
104, 45
104, 49
105, 50
105, 54
106, 55
106, 62
107, 63
107, 71
108, 72
108, 86
109, 87
109, 110
108, 111
107, 110
107, 109
106, 108
106, 107
104, 105
104, 104
103, 103
103, 102
102, 101
102, 100
101, 99
101, 98
100, 97
100, 96
99, 95
99, 94
98, 93
98, 92
97, 91
97, 90
96, 89
96, 88
94, 86
94, 84
93, 83
93, 82
92, 81
92, 80
91, 79
91, 78
90, 77
90, 76
89, 75
89, 74
88, 73
88, 71
87, 70
87, 69
86, 68
86, 66
85, 65
85, 63
84, 62
84, 59
83, 58
83, 54
82, 53
82, 42
83, 41
83, 36
84, 35
84, 32
85, 31
85, 28
86, 27
86, 25
87, 24
87, 22
88, 21
88, 20
89, 19
