4, 2
496, 4
494, 272
2, 270
138, 34
137, 35
136, 35
132, 39
132, 40
131, 41
131, 42
130, 43
130, 45
129, 46
129, 49
128, 50
128, 61
127, 62
127, 70
128, 71
128, 74
130, 76
131, 76
132, 75
132, 73
133, 72
133, 68
132, 67
132, 66
131, 65
131, 56
132, 55
132, 49
133, 48
133, 45
134, 44
134, 43
135, 42
135, 41
138, 38
139, 38
140, 37
145, 37
146, 38
148, 38
151, 41
152, 41
162, 51
162, 52
168, 58
168, 59
172, 63
172, 64
176, 68
176, 69
178, 71
178, 72
181, 75
181, 76
183, 78
183, 79
184, 80
184, 81
186, 83
186, 84
187, 85
187, 86
188, 87
188, 88
189, 89
189, 91
190, 92
190, 93
191, 94
191, 96
192, 97
192, 98
193, 99
193, 101
194, 102
194, 104
195, 105
195, 107
196, 108
196, 113
197, 114
197, 118
198, 119
198, 124
200, 126
201, 126
202, 125
202, 124
203, 123
203, 120
202, 119
202, 114
201, 113
201, 111
200, 110
200, 107
199, 106
199, 94
200, 93
200, 90
201, 89
201, 88
202, 87
202, 86
208, 80
216, 80
217, 81
218, 81
219, 82
220, 82
222, 84
223, 84
230, 91
230, 92
233, 95
233, 96
235, 98
235, 99
237, 101
237, 102
239, 104
239, 105
241, 107
241, 108
242, 109
242, 110
244, 112
244, 113
243, 114
243, 117
242, 118
242, 136
243, 137
243, 143
244, 144
244, 147
245, 148
245, 150
246, 151
246, 153
247, 154
247, 155
248, 156
248, 157
250, 159
250, 160
254, 164
256, 164
257, 165
258, 165
260, 163
260, 161
261, 160
261, 151
262, 150
262, 149
261, 148
261, 140
260, 139
260, 135
259, 134
259, 132
258, 131
258, 130
257, 129
257, 127
256, 126
256, 125
255, 124
255, 123
253, 121
253, 120
252, 119
252, 118
251, 117
251, 116
249, 114
249, 113
248, 112
249, 111
249, 110
253, 106
254, 106
255, 105
258, 105
259, 106
262, 106
263, 107
264, 107
265, 108
266, 108
269, 111
270, 111
273, 114
273, 115
277, 119
277, 120
280, 123
280, 124
281, 125
281, 126
283, 128
283, 129
284, 130
284, 131
285, 132
285, 133
286, 134
286, 135
287, 136
287, 138
288, 139
288, 140
289, 141
289, 143
290, 144
290, 146
291, 147
291, 149
292, 150
292, 152
293, 153
293, 155
294, 156
294, 159
295, 160
295, 163
296, 164
296, 173
297, 174
297, 181
298, 182
298, 184
300, 186
300, 187
301, 187
302, 188
303, 188
305, 186
305, 179
304, 178
304, 176
303, 175
303, 173
302, 172
302, 170
301, 169
301, 167
300, 166
300, 141
301, 140
301, 137
304, 134
306, 134
307, 135
308, 135
309, 136
310, 136
311, 137
312, 137
314, 139
315, 139
326, 150
326, 151
330, 155
330, 156
333, 159
333, 160
336, 163
336, 164
338, 166
338, 167
341, 170
341, 171
343, 173
343, 174
345, 176
345, 177
346, 178
346, 179
347, 180
347, 181
348, 182
348, 184
349, 185
349, 192
348, 193
348, 202
349, 203
349, 206
350, 207
350, 208
351, 209
351, 210
354, 213
356, 213
357, 212
357, 204
356, 203
356, 201
355, 200
355, 198
354, 197
354, 187
353, 186
353, 181
354, 180
354, 178
356, 176
357, 176
369, 188
369, 189
372, 192
372, 193
374, 195
374, 196
376, 198
376, 199
378, 201
378, 202
380, 204
380, 205
382, 207
382, 208
383, 209
383, 211
384, 212
384, 222
385, 223
385, 228
386, 229
386, 233
387, 234
387, 237
388, 238
388, 240
389, 241
389, 243
390, 244
390, 246
391, 247
391, 249
392, 250
392, 251
394, 253
396, 253
397, 252
397, 251
398, 250
398, 248
399, 247
399, 242
398, 241
398, 238
397, 237
397, 236
396, 235
396, 233
395, 232
395, 231
394, 230
394, 228
393, 227
393, 225
392, 224
392, 222
391, 221
391, 219
390, 218
390, 216
389, 215
389, 213
388, 212
388, 211
387, 210
387, 196
386, 195
386, 183
385, 182
385, 153
386, 152
387, 153
388, 153
390, 155
391, 155
392, 156
393, 156
394, 157
395, 157
396, 156
398, 156
406, 148
406, 147
407, 146
407, 145
408, 144
408, 139
409, 138
409, 134
408, 133
408, 127
409, 126
409, 123
412, 120
414, 120
415, 121
416, 121
417, 122
418, 122
419, 123
420, 123
421, 124
422, 124
425, 127
426, 127
429, 130
430, 130
444, 144
444, 145
447, 148
447, 149
450, 152
450, 153
452, 155
452, 156
454, 158
454, 159
456, 161
456, 162
458, 164
458, 165
460, 167
460, 168
462, 170
462, 171
464, 173
464, 174
466, 176
466, 177
468, 179
468, 180
469, 181
469, 182
471, 184
471, 185
472, 186
475, 186
476, 185
475, 184
475, 183
473, 181
473, 180
471, 178
471, 177
469, 175
469, 174
468, 173
468, 172
466, 170
466, 169
464, 167
464, 166
462, 164
462, 163
460, 161
460, 160
458, 158
458, 157
456, 155
456, 154
454, 152
454, 151
452, 149
452, 148
448, 144
448, 143
442, 137
442, 136
436, 130
435, 130
431, 126
430, 126
427, 123
426, 123
424, 121
423, 121
421, 119
420, 119
419, 118
418, 118
417, 117
415, 117
414, 116
411, 116
410, 117
409, 117
407, 119
407, 120
406, 121
406, 122
405, 123
405, 141
404, 142
404, 144
403, 145
403, 146
397, 152
396, 152
395, 153
394, 153
392, 151
391, 151
388, 148
387, 148
385, 146
385, 124
384, 123
384, 114
383, 113
383, 105
382, 104
382, 99
381, 98
381, 94
380, 93
380, 91
379, 90
379, 89
378, 88
378, 87
377, 86
377, 85
376, 84
376, 83
375, 82
375, 81
374, 80
374, 79
373, 78
373, 77
370, 74
370, 73
367, 70
366, 70
365, 69
361, 69
359, 71
359, 73
358, 74
358, 80
357, 81
357, 91
358, 92
358, 100
359, 101
359, 103
360, 104
360, 106
361, 107
361, 109
362, 110
362, 112
363, 113
363, 114
364, 115
364, 116
365, 117
365, 118
366, 119
366, 120
367, 121
367, 122
368, 123
368, 124
369, 125
369, 126
370, 127
370, 128
371, 129
371, 130
372, 131
372, 132
373, 133
373, 134
374, 135
374, 136
375, 137
375, 138
376, 139
376, 140
377, 141
377, 142
378, 143
378, 144
380, 146
380, 147
381, 148
381, 177
382, 178
382, 190
383, 191
383, 199
382, 200
380, 198
380, 197
378, 195
378, 194
376, 192
376, 191
373, 188
373, 187
370, 184
370, 183
361, 174
360, 174
359, 173
358, 173
357, 172
354, 172
353, 173
352, 173
352, 174
351, 175
351, 176
350, 177
348, 175
348, 174
346, 172
346, 171
344, 169
344, 168
342, 166
342, 165
340, 163
340, 162
337, 159
337, 158
334, 155
334, 154
331, 151
331, 150
324, 143
324, 142
321, 139
320, 139
316, 135
315, 135
314, 134
313, 134
311, 132
309, 132
308, 131
302, 131
301, 132
300, 132
299, 133
299, 134
298, 135
298, 137
297, 138
297, 142
296, 143
296, 146
295, 147
294, 146
294, 144
293, 143
293, 141
292, 140
292, 139
291, 138
291, 136
290, 135
290, 134
289, 133
289, 132
288, 131
288, 130
287, 129
287, 128
286, 127
286, 126
285, 125
285, 124
283, 122
283, 121
281, 119
281, 118
278, 115
278, 114
270, 106
269, 106
267, 104
266, 104
265, 103
263, 103
262, 102
252, 102
251, 103
250, 103
246, 107
245, 107
244, 106
244, 105
242, 103
242, 102
241, 101
241, 100
239, 98
239, 97
237, 95
237, 94
234, 91
234, 90
224, 80
223, 80
221, 78
220, 78
219, 77
217, 77
216, 76
208, 76
207, 77
206, 77
204, 79
203, 79
201, 81
201, 82
199, 84
199, 85
198, 86
198, 87
197, 88
197, 90
196, 91
196, 93
195, 94
194, 93
194, 92
193, 91
193, 89
192, 88
192, 87
191, 86
191, 85
190, 84
190, 83
189, 82
189, 81
188, 80
188, 79
186, 77
186, 76
184, 74
184, 73
182, 71
182, 70
180, 68
180, 67
176, 63
176, 62
173, 59
173, 58
168, 53
168, 52
152, 36
151, 36
150, 35
149, 35
148, 34
395, 243
393, 236
391, 237
246, 119
247, 118
249, 120
249, 121
250, 122
250, 123
251, 124
251, 125
252, 126
252, 127
253, 128
253, 129
254, 130
254, 131
255, 132
255, 134
256, 135
256, 137
257, 138
257, 143
258, 144
258, 155
257, 156
257, 159
256, 160
251, 155
251, 154
250, 153
250, 151
249, 150
249, 149
248, 148
248, 145
247, 144
247, 139
246, 138
246, 131
245, 130
245, 123
246, 122
362, 74
363, 73
364, 73
369, 78
369, 79
371, 81
371, 83
372, 84
372, 85
374, 87
374, 88
375, 89
375, 90
376, 91
376, 93
377, 94
377, 97
378, 98
378, 102
379, 103
379, 109
380, 110
380, 119
381, 120
381, 137
380, 138
378, 136
378, 135
377, 134
377, 133
376, 132
376, 131
375, 130
375, 129
374, 128
374, 127
373, 126
373, 125
372, 124
372, 123
371, 122
371, 121
370, 120
370, 119
369, 118
369, 117
368, 116
368, 115
367, 114
367, 113
366, 112
366, 110
365, 109
365, 108
364, 107
364, 105
363, 104
363, 101
362, 100
362, 97
361, 96
361, 77
362, 76
90, 12
85, 17
85, 18
84, 19
84, 22
83, 23
83, 34
84, 35
84, 39
85, 40
85, 43
86, 44
86, 46
87, 47
87, 48
88, 49
88, 51
89, 52
89, 54
90, 55
90, 56
91, 57
91, 58
92, 59
92, 60
93, 61
93, 62
94, 63
94, 64
95, 65
95, 66
96, 67
96, 68
97, 69
97, 70
98, 71
98, 72
99, 73
99, 74
100, 75
100, 76
101, 77
101, 78
103, 80
103, 81
104, 82
104, 83
105, 84
105, 85
106, 86
106, 87
107, 88
107, 89
108, 90
108, 91
109, 92
109, 93
111, 95
111, 96
112, 97
112, 98
113, 99
113, 100
115, 102
115, 103
116, 104
116, 105
117, 106
117, 107
119, 109
119, 112
120, 113
120, 118
121, 119
121, 125
122, 126
122, 134
123, 135
123, 158
124, 159
124, 176
123, 177
120, 174
120, 173
118, 171
118, 170
115, 167
115, 166
112, 163
112, 162
107, 157
107, 156
101, 150
100, 150
98, 148
97, 148
96, 147
95, 147
94, 146
92, 146
91, 145
85, 145
83, 147
82, 147
81, 148
81, 149
80, 150
80, 151
79, 152
79, 154
78, 155
78, 157
77, 158
77, 161
76, 162
76, 167
75, 168
75, 175
74, 176
74, 182
73, 183
73, 189
72, 190
72, 194
71, 195
71, 199
70, 200
70, 202
67, 205
63, 205
62, 204
59, 204
58, 203
57, 203
56, 202
55, 202
54, 201
53, 201
51, 199
50, 199
46, 195
46, 194
43, 191
43, 190
41, 188
41, 187
40, 186
40, 185
39, 184
39, 183
38, 182
38, 181
37, 180
37, 179
36, 178
36, 177
35, 176
35, 175
34, 174
34, 172
33, 171
33, 169
32, 168
32, 164
31, 163
31, 157
30, 156
30, 148
29, 147
29, 139
28, 138
28, 131
27, 130
27, 123
26, 122
26, 116
25, 115
25, 99
24, 98
23, 98
21, 100
21, 111
22, 112
22, 120
23, 121
23, 127
24, 128
24, 135
25, 136
25, 144
26, 145
26, 153
27, 154
27, 161
28, 162
28, 167
29, 168
29, 171
30, 172
30, 174
31, 175
31, 176
32, 177
32, 179
33, 180
33, 181
34, 182
34, 183
35, 184
35, 185
36, 186
36, 187
38, 189
38, 190
40, 192
40, 193
42, 195
42, 196
49, 203
50, 203
51, 204
52, 204
54, 206
56, 206
57, 207
59, 207
60, 208
69, 208
70, 207
71, 207
72, 206
72, 205
73, 204
73, 203
74, 202
74, 199
75, 198
75, 193
76, 192
76, 188
77, 187
77, 180
78, 179
78, 173
79, 172
79, 166
80, 165
80, 161
81, 160
81, 157
82, 156
82, 154
83, 153
83, 152
86, 149
92, 149
93, 150
94, 150
95, 151
96, 151
107, 162
107, 163
111, 167
111, 168
114, 171
114, 172
117, 175
117, 176
118, 177
118, 178
120, 180
120, 181
121, 182
121, 183
122, 184
122, 185
123, 186
123, 187
124, 188
124, 202
125, 203
125, 227
126, 228
126, 237
127, 238
127, 244
128, 245
128, 249
129, 250
129, 252
130, 253
130, 255
131, 256
131, 257
132, 258
132, 259
134, 261
135, 261
136, 262
140, 262
141, 261
142, 261
142, 260
143, 259
143, 258
144, 257
144, 255
145, 254
145, 242
144, 241
144, 228
143, 227
143, 222
142, 221
142, 219
141, 218
141, 216
140, 215
140, 214
139, 213
139, 211
138, 210
138, 209
137, 208
137, 206
136, 205
136, 204
135, 203
135, 202
134, 201
134, 200
133, 199
133, 198
132, 197
132, 196
131, 195
131, 194
130, 193
130, 192
129, 191
129, 190
128, 189
128, 179
127, 178
127, 140
126, 139
126, 129
125, 128
125, 123
126, 122
128, 124
128, 125
129, 126
129, 127
131, 129
131, 130
133, 132
133, 133
135, 135
135, 136
138, 139
138, 140
142, 144
142, 145
148, 151
149, 151
151, 153
152, 153
153, 154
156, 154
161, 149
162, 149
165, 146
165, 145
166, 144
166, 135
167, 134
167, 129
168, 128
168, 126
169, 125
170, 125
171, 126
175, 126
176, 125
178, 125
179, 124
179, 122
178, 121
177, 121
176, 122
170, 122
169, 121
166, 121
165, 122
165, 124
164, 125
164, 130
163, 131
163, 139
162, 140
162, 144
161, 145
160, 145
159, 146
158, 146
156, 148
156, 149
155, 150
153, 150
142, 139
142, 138
138, 134
138, 133
136, 131
136, 130
135, 129
135, 128
133, 126
133, 125
131, 123
131, 122
129, 120
129, 119
128, 118
128, 117
126, 115
126, 114
125, 113
125, 112
124, 111
124, 110
123, 109
123, 108
122, 107
122, 102
121, 101
121, 96
120, 95
120, 91
119, 90
119, 86
118, 85
118, 82
117, 81
117, 78
116, 77
116, 73
115, 72
115, 68
114, 67
114, 64
113, 63
113, 59
112, 58
112, 54
111, 53
111, 50
110, 49
110, 46
109, 45
109, 42
108, 41
108, 39
107, 38
107, 36
106, 35
106, 33
105, 32
105, 31
104, 30
104, 28
103, 27
103, 26
102, 25
102, 24
101, 23
101, 22
100, 21
100, 20
98, 18
98, 17
95, 14
95, 13
94, 12
128, 201
129, 200
131, 202
131, 203
132, 204
132, 205
133, 206
133, 208
134, 209
134, 210
135, 211
135, 212
136, 213
136, 215
137, 216
137, 217
138, 218
138, 220
139, 221
139, 224
140, 225
140, 235
141, 236
141, 254
140, 255
140, 257
139, 258
136, 258
135, 257
135, 256
134, 255
134, 254
133, 253
133, 251
132, 250
132, 247
131, 246
131, 241
130, 240
130, 232
129, 231
129, 216
128, 215
91, 16
92, 16
94, 18
94, 19
96, 21
96, 22
98, 24
98, 25
99, 26
99, 27
100, 28
100, 30
101, 31
101, 32
102, 33
102, 35
103, 36
103, 38
104, 39
104, 41
105, 42
105, 44
106, 45
106, 48
107, 49
107, 52
108, 53
108, 57
109, 58
109, 61
110, 62
110, 66
111, 67
111, 71
112, 72
112, 75
113, 76
113, 80
114, 81
114, 84
115, 85
115, 88
116, 89
116, 93
117, 94
117, 95
116, 96
114, 94
114, 93
113, 92
113, 91
111, 89
111, 88
110, 87
110, 86
109, 85
109, 84
108, 83
108, 82
107, 81
107, 80
106, 79
106, 78
105, 77
105, 76
104, 75
104, 74
103, 73
103, 72
102, 71
102, 70
100, 68
100, 67
99, 66
99, 65
98, 64
98, 63
97, 62
97, 61
96, 60
96, 59
95, 58
95, 57
94, 56
94, 55
93, 54
93, 52
92, 51
92, 50
91, 49
91, 47
90, 46
90, 44
89, 43
89, 41
88, 40
88, 37
87, 36
87, 22
88, 21
88, 20
89, 19
89, 18
