4, 0
2, 2
0, 4
2, 4
4, 6
4, 43
2, 45
0, 45
0, 47
2, 47
4, 49
4, 87
2, 89
0, 89
0, 91
2, 91
4, 93
4, 131
2, 133
0, 133
0, 135
2, 135
4, 137
4, 175
2, 177
0, 177
0, 179
2, 179
4, 181
4, 218
2, 220
0, 220
0, 222
2, 222
4, 224
4, 262
2, 264
0, 264
0, 266
2, 266
4, 268
4, 306
2, 308
0, 308
0, 310
2, 310
4, 312
4, 349
2, 351
0, 351
0, 353
2, 353
4, 355
286, 2
288, 367
8, 369
6, 4
67, 83
66, 84
65, 84
63, 86
63, 88
62, 89
62, 92
61, 93
61, 118
62, 119
62, 129
63, 130
63, 138
64, 139
64, 145
65, 146
65, 152
66, 153
66, 158
67, 159
67, 164
68, 165
68, 170
69, 171
69, 175
70, 176
70, 180
71, 181
71, 185
72, 186
72, 190
73, 191
73, 195
74, 196
74, 200
75, 201
75, 204
76, 205
76, 208
77, 209
77, 213
78, 214
78, 217
79, 218
79, 221
80, 222
80, 224
81, 225
81, 228
82, 229
82, 231
83, 232
83, 235
84, 236
84, 238
85, 239
85, 242
86, 243
86, 245
87, 246
87, 248
88, 249
88, 251
89, 252
89, 253
90, 254
90, 256
91, 257
91, 259
92, 260
92, 261
93, 262
93, 263
94, 264
94, 266
95, 267
95, 268
97, 270
97, 271
98, 272
98, 273
99, 274
99, 275
101, 277
101, 279
100, 280
96, 276
96, 275
94, 273
93, 273
90, 270
89, 270
88, 269
87, 269
86, 268
85, 268
84, 267
82, 267
81, 266
79, 266
78, 265
72, 265
71, 264
62, 264
61, 265
54, 265
53, 266
48, 266
47, 267
43, 267
42, 268
38, 268
37, 269
27, 269
24, 266
24, 265
23, 264
23, 261
22, 260
22, 256
21, 255
21, 249
20, 248
20, 237
19, 236
19, 191
20, 190
20, 181
21, 180
21, 174
22, 173
22, 169
23, 168
23, 165
24, 164
24, 162
25, 161
25, 160
26, 159
26, 158
30, 154
31, 154
32, 153
33, 154
35, 154
37, 156
38, 156
41, 159
42, 159
43, 158
43, 157
40, 154
39, 154
37, 152
36, 152
35, 151
29, 151
24, 156
24, 157
23, 158
23, 159
22, 160
22, 162
21, 163
21, 165
20, 166
20, 170
19, 171
19, 175
18, 176
18, 183
17, 184
17, 197
16, 198
16, 227
17, 228
17, 243
18, 244
18, 252
19, 253
19, 259
20, 260
20, 263
21, 264
21, 266
22, 267
22, 268
25, 271
26, 271
27, 272
35, 272
36, 271
40, 271
41, 270
45, 270
46, 269
51, 269
52, 268
57, 268
58, 267
74, 267
75, 268
79, 268
80, 269
82, 269
83, 270
85, 270
86, 271
87, 271
90, 274
91, 274
95, 278
95, 279
100, 284
100, 285
102, 287
102, 288
103, 289
103, 290
104, 291
104, 294
105, 295
105, 299
106, 300
106, 303
107, 304
107, 307
108, 308
108, 311
109, 312
109, 315
110, 316
110, 319
111, 320
111, 322
112, 323
112, 326
113, 327
113, 329
114, 330
114, 332
115, 333
115, 334
116, 335
116, 337
118, 339
118, 340
119, 341
121, 341
122, 340
122, 332
121, 331
121, 327
120, 326
120, 323
119, 322
119, 319
118, 318
118, 316
117, 315
117, 313
116, 312
116, 310
115, 309
115, 307
114, 306
114, 305
113, 304
113, 302
112, 301
112, 300
111, 299
111, 298
110, 297
110, 296
109, 295
109, 294
108, 293
108, 292
107, 291
107, 290
106, 289
106, 287
105, 286
105, 282
106, 281
107, 282
109, 282
110, 283
114, 283
115, 282
117, 282
118, 281
119, 281
122, 278
123, 278
124, 277
124, 276
126, 274
126, 273
127, 272
126, 271
125, 271
122, 274
122, 275
121, 276
120, 276
117, 279
116, 279
115, 280
109, 280
108, 279
107, 279
103, 275
103, 273
102, 272
102, 268
101, 267
101, 263
100, 262
100, 257
99, 256
99, 252
98, 251
98, 246
97, 245
97, 240
96, 239
96, 233
95, 232
95, 227
94, 226
94, 220
93, 219
93, 213
92, 212
92, 205
91, 204
91, 197
90, 196
90, 189
89, 188
89, 181
88, 180
88, 172
87, 171
87, 164
86, 163
86, 154
85, 153
85, 145
84, 144
84, 137
83, 136
83, 129
82, 128
82, 121
81, 120
81, 115
80, 114
80, 110
79, 109
79, 105
78, 104
78, 101
77, 100
77, 98
76, 97
76, 95
75, 94
75, 92
74, 91
74, 90
73, 89
73, 88
71, 86
71, 85
70, 85
69, 84
68, 84
119, 330
117, 331
111, 310
112, 309
113, 310
113, 311
114, 312
114, 314
115, 315
115, 317
116, 318
116, 321
117, 322
117, 324
118, 325
116, 329
116, 327
115, 326
115, 324
114, 323
114, 321
113, 320
113, 317
112, 316
112, 313
111, 312
67, 86
71, 90
71, 91
72, 92
72, 93
73, 94
73, 96
74, 97
74, 99
75, 100
75, 103
76, 104
76, 107
77, 108
77, 112
78, 113
78, 118
79, 119
79, 124
80, 125
80, 132
81, 133
81, 141
82, 142
82, 149
83, 150
83, 159
84, 160
84, 168
85, 169
85, 176
86, 177
86, 185
87, 186
87, 193
88, 194
88, 201
89, 202
89, 208
90, 209
90, 216
91, 217
91, 223
92, 224
92, 229
93, 230
93, 236
94, 237
94, 242
95, 243
95, 248
96, 249
96, 254
97, 255
97, 260
98, 261
98, 263
97, 264
96, 263
96, 262
95, 261
95, 260
94, 259
94, 258
93, 257
93, 255
92, 254
92, 252
91, 251
91, 250
90, 249
90, 247
89, 246
89, 243
88, 242
88, 240
87, 239
87, 237
86, 236
86, 234
85, 233
85, 230
84, 229
84, 226
83, 225
83, 223
82, 222
82, 219
81, 218
81, 215
80, 214
80, 211
79, 210
79, 207
78, 206
78, 202
77, 201
77, 198
76, 197
76, 193
75, 192
75, 188
74, 187
74, 183
73, 182
73, 178
72, 177
72, 173
71, 172
71, 167
70, 166
70, 162
69, 161
69, 156
68, 155
68, 149
67, 148
67, 142
66, 141
66, 134
65, 133
65, 125
64, 124
64, 107
63, 106
63, 100
64, 99
64, 92
65, 91
65, 88
151, 16
150, 17
150, 18
149, 19
149, 33
150, 34
150, 44
151, 45
151, 51
152, 52
152, 58
153, 59
153, 64
154, 65
154, 70
155, 71
155, 76
156, 77
156, 81
157, 82
157, 86
158, 87
158, 91
159, 92
159, 96
160, 97
160, 100
161, 101
161, 105
162, 106
162, 109
163, 110
163, 113
164, 114
164, 117
165, 118
165, 121
166, 122
166, 125
167, 126
167, 129
168, 130
168, 133
169, 134
169, 137
170, 138
170, 141
171, 142
171, 144
172, 145
172, 148
173, 149
173, 151
174, 152
174, 155
175, 156
175, 158
176, 159
176, 161
177, 162
177, 164
178, 165
178, 167
179, 168
179, 170
180, 171
180, 172
182, 174
182, 175
185, 175
187, 173
187, 170
188, 169
188, 162
189, 161
189, 157
190, 156
191, 156
192, 157
192, 159
193, 160
193, 163
194, 164
194, 167
195, 168
195, 170
196, 171
196, 174
197, 175
197, 178
198, 179
198, 181
199, 182
199, 185
200, 186
200, 188
201, 189
201, 192
202, 193
202, 195
203, 196
203, 199
204, 200
204, 202
205, 203
205, 205
206, 206
206, 209
207, 210
207, 212
208, 213
208, 215
209, 216
209, 219
210, 220
210, 222
211, 223
211, 225
212, 226
212, 228
213, 229
213, 231
214, 232
214, 234
215, 235
215, 237
216, 238
216, 240
217, 241
217, 244
218, 245
215, 246
215, 245
211, 241
211, 240
199, 228
199, 227
198, 226
198, 225
196, 223
196, 222
195, 221
195, 220
192, 217
192, 216
189, 213
189, 212
179, 202
178, 202
175, 199
175, 198
173, 196
173, 195
171, 193
171, 192
167, 188
167, 187
164, 184
163, 184
161, 182
160, 182
159, 181
156, 181
155, 182
154, 182
151, 185
141, 175
140, 175
137, 172
136, 172
135, 171
129, 171
127, 173
126, 173
122, 169
122, 168
115, 161
114, 161
112, 159
111, 159
109, 157
107, 157
106, 156
99, 156
98, 157
97, 157
96, 158
95, 158
94, 159
94, 160
93, 161
93, 163
92, 164
92, 173
93, 174
93, 178
94, 179
94, 180
95, 181
96, 181
97, 180
97, 177
96, 176
96, 170
95, 169
95, 167
96, 166
96, 163
99, 160
100, 160
101, 159
104, 159
105, 160
107, 160
108, 161
109, 161
112, 164
113, 164
118, 169
118, 170
123, 175
123, 176
126, 179
126, 181
127, 182
127, 186
128, 187
128, 189
129, 190
129, 191
130, 192
130, 194
132, 196
132, 197
133, 198
133, 199
137, 203
141, 203
141, 199
140, 198
140, 197
139, 196
139, 194
138, 193
138, 192
137, 191
137, 190
136, 189
136, 188
135, 187
135, 186
133, 184
133, 183
131, 181
131, 180
130, 179
130, 176
132, 174
133, 174
134, 175
135, 175
138, 178
139, 178
148, 187
148, 188
152, 192
152, 193
153, 194
153, 196
154, 197
154, 199
155, 200
155, 201
156, 202
156, 203
158, 205
158, 206
161, 209
164, 209
165, 208
165, 204
164, 203
164, 202
162, 200
162, 199
159, 196
159, 195
156, 192
156, 191
155, 190
155, 186
156, 185
159, 185
168, 194
168, 195
170, 197
170, 198
172, 200
172, 201
173, 202
173, 204
172, 205
172, 210
173, 211
173, 214
174, 215
174, 216
175, 217
175, 218
179, 222
181, 222
182, 221
182, 214
181, 213
181, 211
182, 210
187, 215
187, 216
190, 219
190, 220
192, 222
192, 223
194, 225
194, 226
195, 227
195, 228
196, 229
195, 230
195, 232
194, 233
194, 234
195, 235
195, 238
196, 239
196, 241
197, 242
197, 243
200, 246
202, 246
203, 245
203, 244
204, 243
204, 240
205, 239
208, 242
208, 243
212, 247
212, 248
215, 251
215, 252
219, 256
219, 257
222, 260
222, 261
224, 263
224, 265
225, 266
225, 267
226, 268
226, 270
227, 271
227, 273
228, 274
228, 276
229, 277
229, 279
230, 280
230, 282
231, 283
231, 285
232, 286
232, 287
233, 288
233, 290
234, 291
234, 293
235, 294
235, 295
236, 296
236, 298
237, 299
237, 301
238, 302
238, 303
239, 304
239, 306
240, 307
240, 309
241, 310
241, 311
242, 312
242, 314
243, 315
243, 316
244, 317
244, 318
245, 319
245, 321
246, 322
246, 323
247, 324
247, 326
248, 327
248, 328
249, 329
249, 331
250, 332
250, 333
251, 334
251, 335
252, 336
252, 337
253, 338
253, 339
254, 340
254, 342
256, 344
256, 345
257, 346
257, 347
258, 348
258, 349
259, 350
259, 351
262, 354
265, 354
265, 352
266, 351
265, 350
265, 346
264, 345
264, 342
263, 341
263, 338
262, 337
262, 335
261, 334
261, 332
260, 331
260, 329
259, 328
259, 326
258, 325
258, 324
257, 323
257, 321
256, 320
256, 319
255, 318
255, 316
254, 315
254, 313
253, 312
253, 311
252, 310
252, 308
251, 307
251, 306
250, 305
250, 304
249, 303
249, 301
248, 300
248, 299
247, 298
247, 297
246, 296
246, 295
245, 294
245, 293
244, 292
244, 291
243, 290
243, 289
242, 288
242, 287
241, 286
241, 285
240, 284
240, 283
239, 282
239, 281
238, 280
238, 279
236, 277
236, 276
235, 275
235, 274
234, 273
234, 272
232, 270
232, 269
230, 267
230, 266
229, 265
229, 264
227, 262
227, 260
226, 259
226, 258
225, 257
225, 255
224, 254
224, 252
223, 251
223, 249
222, 248
222, 246
221, 245
221, 243
220, 242
220, 240
219, 239
219, 237
218, 236
218, 233
217, 232
217, 230
216, 229
216, 227
215, 226
215, 224
214, 223
214, 221
213, 220
213, 218
212, 217
212, 214
211, 213
211, 211
210, 210
210, 208
209, 207
209, 204
208, 203
208, 201
207, 200
207, 198
206, 197
206, 194
205, 193
205, 191
204, 190
204, 187
203, 186
203, 184
202, 183
202, 180
201, 179
201, 177
200, 176
200, 173
199, 172
199, 170
198, 169
198, 166
197, 165
197, 162
196, 161
196, 158
195, 157
195, 154
196, 153
203, 160
203, 161
207, 165
207, 166
211, 170
211, 171
214, 174
214, 175
217, 178
217, 179
220, 182
220, 183
223, 186
223, 187
225, 189
225, 190
228, 193
228, 194
230, 196
230, 197
233, 200
233, 201
235, 203
235, 204
238, 207
238, 208
241, 211
241, 212
245, 216
245, 217
249, 221
250, 221
252, 223
253, 223
254, 224
256, 224
257, 223
257, 222
258, 221
258, 217
259, 216
259, 214
261, 212
262, 212
263, 211
265, 211
266, 210
271, 210
272, 209
276, 209
277, 208
277, 207
276, 206
269, 206
268, 207
264, 207
263, 208
261, 208
260, 209
259, 209
256, 212
256, 214
255, 215
255, 218
254, 219
253, 219
244, 210
244, 209
241, 206
241, 205
238, 202
238, 201
236, 199
236, 198
233, 195
233, 194
231, 192
231, 191
228, 188
228, 187
226, 185
226, 184
223, 181
223, 180
220, 177
220, 176
217, 173
217, 172
214, 169
214, 168
210, 164
210, 163
206, 159
206, 158
198, 150
197, 150
195, 148
194, 148
192, 146
192, 143
191, 142
191, 139
190, 138
190, 136
189, 135
189, 132
188, 131
188, 128
187, 127
187, 124
186, 123
186, 120
185, 119
185, 116
184, 115
184, 112
183, 111
183, 109
182, 108
182, 105
181, 104
181, 101
180, 100
180, 97
179, 96
179, 93
178, 92
178, 89
177, 88
177, 85
176, 84
176, 82
175, 81
175, 78
174, 77
174, 74
173, 73
173, 71
172, 70
172, 67
171, 66
171, 63
170, 62
170, 60
169, 59
169, 56
168, 55
168, 53
167, 52
167, 49
166, 48
166, 46
165, 45
165, 43
164, 42
164, 39
163, 38
163, 36
162, 35
162, 33
161, 32
161, 30
160, 29
160, 27
159, 26
159, 25
158, 24
158, 22
157, 21
157, 20
156, 19
156, 18
154, 16
239, 289
239, 290
240, 291
240, 292
241, 293
241, 294
242, 295
242, 296
243, 297
243, 298
244, 299
244, 300
245, 301
245, 302
246, 303
246, 305
247, 306
247, 307
248, 308
248, 309
249, 310
249, 312
250, 313
250, 314
251, 315
251, 317
252, 318
252, 319
253, 320
253, 322
254, 323
254, 325
255, 326
255, 327
256, 328
256, 330
257, 331
257, 333
258, 334
258, 336
259, 337
257, 340
257, 339
256, 338
256, 336
255, 335
255, 334
254, 333
254, 332
253, 331
253, 330
252, 329
252, 327
251, 326
251, 325
250, 324
250, 323
249, 322
249, 320
248, 319
248, 318
247, 317
247, 315
246, 314
246, 313
245, 312
245, 310
244, 309
244, 308
243, 307
243, 305
242, 304
242, 302
241, 301
241, 300
240, 299
240, 297
239, 296
239, 294
238, 293
238, 292
237, 291
238, 287
236, 288
152, 23
153, 22
155, 24
155, 26
156, 27
156, 28
157, 29
157, 31
158, 32
158, 34
159, 35
159, 37
160, 38
160, 40
161, 41
161, 44
162, 45
162, 47
163, 48
163, 50
164, 51
164, 54
165, 55
165, 57
166, 58
166, 61
167, 62
167, 64
168, 65
168, 68
169, 69
169, 72
170, 73
170, 75
171, 76
171, 79
172, 80
172, 83
173, 84
173, 87
174, 88
174, 90
175, 91
175, 94
176, 95
176, 98
177, 99
177, 102
178, 103
178, 106
179, 107
179, 110
180, 111
180, 113
181, 114
181, 117
182, 118
182, 121
183, 122
183, 125
184, 126
184, 129
185, 130
185, 133
186, 134
186, 137
187, 138
187, 141
188, 142
188, 144
189, 145
189, 149
188, 150
188, 151
187, 152
187, 154
186, 155
186, 158
185, 159
185, 166
183, 168
182, 167
182, 166
181, 165
181, 163
180, 162
180, 160
179, 159
179, 157
178, 156
178, 154
177, 153
177, 150
176, 149
176, 147
175, 146
175, 143
174, 142
174, 140
173, 139
173, 136
172, 135
172, 132
171, 131
171, 128
170, 127
170, 124
169, 123
169, 120
168, 119
168, 116
167, 115
167, 112
166, 111
166, 108
165, 107
165, 103
164, 102
164, 99
163, 98
163, 94
162, 93
162, 90
161, 89
161, 85
160, 84
160, 79
159, 78
159, 74
158, 73
158, 68
157, 67
157, 63
156, 62
156, 56
155, 55
155, 49
154, 48
154, 41
153, 40
153, 29
152, 28
