276, 2
278, 367
4, 369
2, 4
185, 15
181, 19
181, 21
180, 22
180, 24
179, 25
179, 28
178, 29
178, 34
177, 35
177, 41
176, 42
176, 52
175, 53
175, 76
174, 77
174, 91
175, 92
175, 114
176, 115
176, 126
177, 127
177, 135
178, 136
178, 142
179, 143
179, 147
180, 148
180, 153
181, 154
181, 158
182, 159
182, 162
183, 163
183, 166
184, 167
184, 170
185, 171
185, 173
186, 174
186, 176
187, 177
187, 178
189, 180
189, 181
190, 182
191, 182
192, 183
194, 183
195, 184
198, 184
199, 185
199, 201
200, 202
200, 228
199, 229
198, 228
198, 226
197, 225
197, 223
196, 222
196, 220
195, 219
195, 217
194, 216
194, 214
193, 213
193, 212
192, 211
192, 209
191, 208
191, 206
190, 205
190, 204
189, 203
189, 202
188, 201
188, 200
184, 196
184, 195
183, 194
183, 191
182, 190
182, 187
181, 186
181, 184
180, 183
180, 181
179, 180
179, 179
178, 178
178, 177
175, 174
174, 174
173, 173
172, 173
171, 174
170, 174
168, 172
168, 171
167, 170
167, 169
166, 168
166, 167
161, 162
160, 162
159, 161
154, 161
153, 160
153, 158
152, 157
152, 156
151, 155
151, 154
150, 153
150, 152
149, 151
149, 150
147, 148
147, 147
140, 140
139, 140
138, 139
137, 139
136, 138
136, 136
135, 135
135, 133
134, 132
134, 130
133, 129
133, 128
132, 127
132, 125
131, 124
131, 123
129, 121
129, 120
124, 115
123, 115
122, 114
119, 114
118, 113
117, 114
113, 114
112, 115
111, 115
108, 118
107, 118
105, 120
104, 119
104, 116
105, 115
105, 107
106, 106
106, 96
107, 95
107, 65
106, 64
106, 60
105, 59
105, 57
104, 56
104, 55
103, 55
102, 54
100, 54
98, 56
98, 57
97, 58
97, 59
96, 60
96, 63
95, 64
95, 67
94, 68
94, 72
93, 73
93, 77
92, 78
92, 85
91, 86
91, 93
90, 94
90, 103
89, 104
89, 116
88, 117
88, 136
87, 137
87, 185
88, 186
88, 201
89, 202
89, 217
88, 218
88, 227
87, 228
87, 237
86, 238
86, 249
85, 250
85, 261
84, 262
84, 270
83, 271
82, 270
82, 269
81, 268
81, 267
80, 266
80, 265
79, 264
79, 263
78, 262
78, 261
77, 260
77, 259
75, 257
75, 256
74, 255
74, 254
72, 252
72, 251
69, 248
69, 247
64, 242
64, 241
63, 240
62, 240
59, 237
58, 237
56, 235
55, 235
54, 234
52, 234
51, 233
50, 233
49, 232
47, 232
46, 231
43, 231
42, 230
41, 230
40, 229
38, 229
37, 228
36, 228
35, 227
34, 227
33, 226
32, 226
30, 224
29, 224
22, 217
22, 216
20, 214
20, 213
19, 212
19, 211
18, 210
18, 208
17, 207
17, 204
16, 203
16, 199
15, 198
15, 175
16, 174
16, 168
17, 167
17, 163
18, 162
18, 159
19, 158
19, 156
20, 155
20, 153
21, 152
21, 150
22, 149
22, 148
23, 147
23, 146
24, 145
24, 144
31, 137
36, 137
40, 141
40, 142
41, 143
41, 144
42, 145
42, 147
43, 148
43, 152
44, 153
44, 157
45, 158
45, 163
46, 164
46, 165
48, 165
49, 164
49, 160
48, 159
48, 155
47, 154
47, 150
46, 149
46, 146
45, 145
45, 143
44, 142
44, 141
43, 140
43, 139
38, 134
37, 134
36, 133
31, 133
30, 134
29, 134
28, 135
27, 135
23, 139
23, 140
21, 142
21, 143
20, 144
20, 145
19, 146
19, 147
18, 148
18, 149
17, 150
17, 152
16, 153
16, 156
15, 157
15, 159
14, 160
14, 164
13, 165
13, 170
12, 171
12, 179
11, 180
11, 194
12, 195
12, 202
13, 203
13, 206
14, 207
14, 209
15, 210
15, 212
16, 213
16, 214
17, 215
17, 216
19, 218
19, 219
27, 227
28, 227
30, 229
31, 229
32, 230
33, 230
34, 231
35, 231
36, 232
37, 232
38, 233
40, 233
41, 234
43, 234
44, 235
46, 235
47, 236
49, 236
50, 237
52, 237
53, 238
54, 238
56, 240
57, 240
65, 248
65, 249
68, 252
68, 253
71, 256
71, 257
72, 258
72, 259
74, 261
74, 262
75, 263
75, 264
76, 265
76, 266
77, 267
77, 268
78, 269
78, 271
79, 272
79, 273
80, 274
80, 275
81, 276
81, 278
82, 279
82, 281
83, 282
83, 291
82, 292
82, 330
83, 331
83, 336
84, 337
84, 339
86, 341
88, 341
90, 339
90, 337
91, 336
91, 332
92, 331
92, 306
91, 305
91, 299
90, 298
90, 294
89, 293
89, 290
88, 289
88, 286
87, 285
87, 269
88, 268
88, 256
89, 255
89, 244
90, 243
90, 234
91, 233
91, 231
92, 230
93, 231
93, 233
94, 234
94, 237
95, 238
95, 240
96, 241
96, 242
97, 243
97, 245
98, 246
98, 247
99, 248
99, 249
100, 250
100, 251
102, 253
102, 254
104, 256
104, 257
105, 258
106, 258
109, 261
111, 261
112, 262
114, 262
115, 261
117, 261
118, 260
119, 260
120, 259
121, 259
126, 254
126, 253
129, 250
129, 249
130, 248
130, 247
129, 246
127, 246
125, 248
125, 249
122, 252
122, 253
121, 254
120, 254
117, 257
116, 257
115, 258
111, 258
105, 252
105, 251
103, 249
103, 248
102, 247
102, 246
101, 245
101, 244
100, 243
100, 241
99, 240
99, 238
98, 237
98, 235
97, 234
97, 232
96, 231
96, 227
95, 226
95, 222
94, 221
94, 216
93, 215
93, 204
94, 203
94, 195
95, 194
95, 187
96, 186
96, 178
97, 177
97, 170
98, 169
98, 162
99, 161
99, 155
100, 154
100, 151
101, 150
100, 149
100, 147
101, 146
101, 139
102, 138
102, 135
103, 134
103, 132
104, 131
104, 130
105, 129
105, 128
107, 126
107, 125
113, 119
114, 119
115, 118
120, 118
121, 119
122, 119
125, 122
125, 123
127, 125
127, 126
128, 127
128, 129
129, 130
129, 131
130, 132
130, 134
131, 135
131, 137
132, 138
132, 140
129, 143
129, 145
128, 146
128, 160
129, 161
129, 166
130, 167
130, 170
131, 171
131, 173
132, 174
132, 176
133, 177
133, 178
134, 179
134, 180
135, 181
135, 182
136, 183
137, 183
138, 184
140, 184
142, 182
142, 181
143, 180
143, 168
142, 167
142, 161
141, 160
141, 155
140, 154
140, 151
139, 150
139, 147
140, 146
142, 148
142, 149
145, 152
145, 153
146, 154
146, 155
147, 156
147, 157
148, 158
148, 159
149, 160
149, 162
150, 163
150, 165
151, 166
151, 168
150, 169
150, 184
151, 185
151, 188
152, 189
152, 190
153, 191
153, 192
155, 194
157, 194
158, 193
159, 193
159, 189
160, 188
160, 187
159, 186
159, 179
158, 178
158, 175
157, 174
157, 171
156, 170
156, 167
157, 166
159, 166
162, 169
162, 170
163, 171
163, 172
164, 173
164, 174
165, 175
165, 176
166, 177
166, 179
167, 180
167, 191
168, 192
168, 194
169, 195
169, 196
170, 197
174, 197
174, 195
175, 194
174, 193
174, 188
173, 187
173, 184
172, 183
172, 180
173, 179
175, 181
175, 182
176, 183
176, 185
177, 186
177, 188
178, 189
178, 191
179, 192
179, 196
180, 197
179, 198
179, 199
178, 200
178, 202
177, 203
177, 213
178, 214
178, 216
180, 218
183, 218
184, 217
184, 216
185, 215
185, 209
186, 208
187, 209
187, 210
188, 211
188, 212
189, 213
189, 215
190, 216
190, 218
191, 219
191, 221
192, 222
192, 224
193, 225
193, 227
194, 228
194, 231
195, 232
195, 234
196, 235
196, 237
197, 238
197, 240
198, 241
198, 244
199, 245
199, 248
200, 249
200, 252
201, 253
201, 273
202, 274
202, 296
203, 297
203, 313
204, 314
204, 326
205, 327
205, 335
206, 336
206, 343
207, 344
207, 348
208, 349
208, 351
209, 352
209, 353
211, 355
212, 355
214, 353
214, 350
215, 349
215, 319
214, 318
214, 305
213, 304
213, 295
212, 294
212, 287
211, 286
211, 280
210, 279
210, 274
209, 273
209, 269
208, 268
208, 264
207, 263
207, 259
206, 258
206, 255
205, 254
205, 232
204, 231
204, 188
203, 187
203, 185
205, 183
209, 187
209, 188
210, 189
210, 190
211, 191
211, 192
212, 193
212, 195
213, 196
213, 198
214, 199
214, 201
215, 202
215, 204
216, 205
216, 207
217, 208
217, 210
218, 211
218, 213
219, 214
219, 216
220, 217
220, 220
221, 221
221, 223
222, 224
222, 226
223, 227
223, 229
224, 230
224, 232
225, 233
225, 236
226, 237
226, 239
227, 240
227, 242
228, 243
228, 246
229, 247
229, 249
230, 250
230, 253
231, 254
231, 257
232, 258
232, 261
233, 262
233, 266
234, 267
234, 269
235, 270
235, 271
238, 271
239, 270
239, 267
238, 266
238, 263
237, 262
237, 259
236, 258
236, 254
235, 253
235, 248
234, 247
234, 238
233, 237
233, 223
234, 222
236, 224
236, 226
237, 227
237, 229
238, 230
238, 231
239, 232
239, 235
240, 236
240, 238
241, 239
241, 241
242, 242
242, 243
243, 244
243, 246
244, 247
244, 249
245, 250
245, 251
246, 252
246, 253
247, 254
247, 255
248, 256
248, 257
251, 260
252, 260
253, 261
254, 261
255, 262
257, 262
258, 263
259, 263
261, 265
262, 265
265, 268
267, 268
268, 267
268, 265
264, 261
263, 261
261, 259
260, 259
259, 258
257, 258
256, 257
255, 257
254, 256
253, 256
252, 255
252, 254
251, 253
251, 252
250, 251
250, 250
249, 249
249, 248
248, 247
248, 245
247, 244
247, 243
246, 242
246, 240
245, 239
245, 237
244, 236
244, 234
243, 233
243, 231
242, 230
242, 228
241, 227
241, 225
240, 224
240, 222
239, 221
239, 220
238, 219
238, 218
235, 215
232, 215
230, 217
230, 219
229, 220
229, 226
228, 227
227, 226
227, 225
226, 224
226, 222
225, 221
225, 219
224, 218
224, 215
223, 214
223, 212
222, 211
222, 209
221, 208
221, 206
220, 205
220, 203
219, 202
219, 200
218, 199
218, 197
217, 196
217, 194
216, 193
216, 191
215, 190
215, 189
214, 188
214, 187
213, 186
213, 185
211, 183
211, 182
210, 181
209, 181
207, 179
205, 179
203, 177
203, 139
202, 138
202, 104
201, 103
201, 83
200, 82
200, 68
199, 67
199, 56
198, 55
198, 47
197, 46
197, 41
196, 40
196, 35
195, 34
195, 30
194, 29
194, 26
193, 25
193, 23
192, 22
192, 20
191, 19
191, 18
189, 16
188, 16
187, 15
208, 309
209, 308
210, 309
210, 321
209, 322
208, 321
86, 303
87, 302
88, 303
88, 310
89, 311
89, 326
88, 327
88, 331
87, 332
86, 331
86, 323
85, 322
85, 306
86, 305
207, 300
208, 299
209, 300
209, 307
208, 308
207, 307
132, 148
133, 147
135, 149
135, 152
136, 153
136, 156
137, 157
137, 162
138, 163
138, 170
139, 171
139, 175
138, 176
136, 174
136, 172
135, 171
135, 169
134, 168
134, 165
133, 164
133, 158
132, 157
100, 61
101, 60
103, 62
103, 69
104, 70
104, 87
103, 88
103, 101
102, 102
102, 110
101, 111
101, 119
100, 120
100, 127
99, 128
99, 131
98, 132
98, 134
97, 135
97, 137
96, 138
96, 142
95, 143
95, 147
96, 148
96, 157
95, 158
95, 165
94, 166
94, 173
93, 174
93, 180
92, 181
91, 180
91, 126
92, 125
92, 111
93, 110
93, 99
94, 98
94, 90
95, 89
95, 82
96, 81
96, 76
97, 75
97, 71
98, 70
98, 66
99, 65
99, 63
100, 62
185, 22
186, 21
187, 21
188, 22
188, 23
189, 24
189, 27
190, 28
190, 31
191, 32
191, 36
192, 37
192, 42
193, 43
193, 49
194, 50
194, 58
195, 59
195, 71
196, 72
196, 87
197, 88
197, 111
198, 112
198, 151
199, 152
199, 178
198, 179
194, 179
191, 176
191, 175
190, 174
190, 172
189, 171
189, 169
188, 168
188, 165
187, 164
187, 161
186, 160
186, 156
185, 155
185, 152
184, 151
184, 146
183, 145
183, 140
182, 139
182, 133
181, 132
181, 124
180, 123
180, 111
179, 110
179, 58
180, 57
180, 45
181, 44
181, 37
182, 36
182, 31
183, 30
183, 27
184, 26
184, 24
185, 23
