362, 2
364, 367
4, 369
2, 4
51, 15
50, 16
47, 16
46, 17
45, 17
44, 18
43, 18
38, 23
38, 24
35, 27
35, 28
34, 29
34, 30
32, 32
32, 34
31, 35
31, 36
30, 37
30, 38
29, 39
29, 41
28, 42
28, 44
27, 45
27, 47
26, 48
26, 50
25, 51
25, 54
24, 55
24, 58
23, 59
23, 62
22, 63
22, 67
21, 68
21, 72
20, 73
20, 78
19, 79
19, 85
18, 86
18, 94
17, 95
17, 102
16, 103
16, 117
15, 118
15, 147
16, 148
16, 168
17, 169
17, 189
18, 190
18, 212
19, 213
19, 224
20, 225
20, 230
21, 231
21, 235
22, 236
22, 238
23, 239
23, 241
24, 242
24, 243
25, 244
25, 245
27, 247
27, 248
29, 250
30, 250
32, 252
33, 252
34, 253
45, 253
46, 252
48, 252
49, 251
51, 251
52, 250
53, 250
54, 249
55, 249
56, 248
57, 248
59, 246
60, 246
61, 245
62, 245
65, 242
66, 242
74, 234
75, 234
97, 212
99, 214
99, 216
100, 217
100, 218
101, 219
101, 220
102, 221
102, 222
103, 223
103, 224
105, 226
105, 227
107, 229
107, 230
116, 239
117, 239
119, 241
120, 241
121, 242
122, 242
123, 243
124, 243
125, 244
127, 244
128, 245
131, 245
132, 246
137, 246
138, 247
144, 247
145, 246
150, 246
151, 245
154, 245
155, 244
157, 244
158, 243
160, 243
161, 242
162, 242
163, 241
164, 241
165, 240
166, 240
168, 238
169, 238
170, 237
171, 237
174, 234
175, 234
178, 231
179, 231
182, 228
183, 228
186, 225
187, 225
200, 212
200, 211
204, 207
204, 206
208, 202
208, 201
211, 198
211, 197
212, 196
212, 195
214, 193
214, 192
215, 191
215, 190
216, 189
216, 188
217, 187
217, 186
218, 185
218, 184
219, 183
219, 182
220, 181
220, 180
221, 179
221, 178
222, 177
222, 175
223, 174
223, 172
224, 171
224, 170
225, 169
225, 168
226, 167
227, 168
227, 205
226, 206
226, 228
225, 229
225, 244
224, 245
224, 261
223, 262
223, 273
222, 274
222, 286
221, 287
221, 299
220, 300
220, 311
219, 312
219, 321
218, 322
218, 329
217, 330
217, 337
216, 338
216, 347
215, 348
215, 352
216, 353
216, 354
218, 354
219, 353
219, 350
220, 349
220, 339
221, 338
221, 330
222, 329
222, 320
223, 319
223, 314
224, 313
224, 309
225, 308
225, 304
226, 303
226, 299
227, 298
227, 294
228, 293
228, 289
229, 288
229, 285
230, 284
230, 280
231, 279
231, 276
232, 275
232, 271
233, 270
233, 267
234, 266
234, 263
235, 262
235, 259
236, 258
236, 254
237, 253
237, 250
238, 249
238, 247
239, 246
239, 243
240, 242
240, 240
241, 239
241, 236
242, 235
242, 232
243, 231
243, 229
244, 228
244, 225
245, 224
245, 223
246, 222
246, 220
247, 219
247, 217
248, 216
248, 214
249, 213
249, 211
250, 210
250, 208
251, 207
251, 205
252, 204
252, 202
253, 201
253, 200
254, 199
254, 197
255, 196
255, 195
256, 194
256, 193
257, 192
257, 190
258, 189
258, 188
259, 187
259, 186
260, 185
260, 183
261, 182
261, 181
262, 180
262, 179
263, 178
263, 177
264, 176
264, 175
265, 174
265, 173
266, 172
266, 171
267, 170
267, 169
268, 168
268, 167
269, 166
269, 165
270, 164
270, 163
271, 162
271, 161
273, 159
273, 158
274, 157
274, 156
276, 154
276, 153
277, 152
277, 151
279, 149
279, 148
284, 143
285, 143
286, 144
286, 152
285, 153
285, 161
284, 162
284, 166
283, 167
283, 172
282, 173
282, 179
281, 180
281, 186
280, 187
280, 217
281, 218
281, 222
282, 223
282, 227
283, 228
283, 230
284, 231
284, 233
285, 234
285, 235
286, 236
286, 238
287, 239
287, 240
288, 241
288, 242
291, 245
291, 246
292, 246
294, 248
296, 248
297, 249
299, 249
300, 250
301, 250
302, 249
307, 249
308, 248
310, 248
311, 247
313, 247
315, 245
316, 245
317, 244
318, 244
320, 242
321, 242
322, 241
323, 241
325, 239
326, 239
339, 226
339, 225
343, 221
344, 221
349, 216
349, 213
347, 213
344, 216
343, 216
333, 226
333, 227
324, 236
323, 236
321, 238
320, 238
319, 239
318, 239
316, 241
315, 241
314, 242
313, 242
311, 244
309, 244
308, 245
305, 245
304, 246
299, 246
298, 245
296, 245
291, 240
291, 239
290, 238
290, 237
289, 236
289, 234
288, 233
288, 232
287, 231
287, 229
286, 228
286, 225
285, 224
285, 220
284, 219
284, 213
283, 212
283, 193
284, 192
284, 183
285, 182
285, 177
286, 176
286, 170
287, 169
287, 165
288, 164
288, 158
289, 157
289, 149
290, 148
290, 145
289, 144
289, 141
286, 138
284, 138
283, 139
282, 139
279, 142
279, 143
276, 146
276, 147
274, 149
274, 150
272, 152
272, 153
271, 154
271, 155
270, 156
270, 157
268, 159
268, 160
267, 161
267, 162
266, 163
266, 164
265, 165
265, 166
264, 167
264, 168
263, 169
263, 170
262, 171
262, 172
261, 173
261, 174
260, 175
260, 176
259, 177
259, 178
258, 179
258, 180
257, 181
257, 182
256, 183
256, 185
255, 186
255, 187
254, 188
254, 189
253, 190
253, 192
252, 193
252, 194
251, 195
251, 197
250, 198
250, 199
249, 200
249, 201
248, 202
248, 204
247, 205
247, 207
246, 208
246, 210
245, 211
245, 213
244, 214
244, 216
243, 217
243, 219
242, 220
242, 222
241, 223
241, 225
240, 226
240, 229
239, 230
239, 232
238, 233
238, 236
237, 237
237, 240
236, 241
236, 243
235, 244
235, 247
234, 248
234, 251
233, 252
233, 255
232, 256
232, 259
231, 260
231, 263
230, 264
230, 268
229, 269
229, 272
228, 273
228, 275
227, 276
226, 275
226, 268
227, 267
227, 254
228, 253
228, 237
229, 236
229, 219
230, 218
230, 182
231, 181
231, 148
232, 147
232, 143
233, 142
233, 139
234, 138
234, 134
235, 133
235, 129
236, 128
236, 124
237, 123
237, 119
238, 118
238, 114
239, 113
239, 107
240, 106
240, 97
239, 96
238, 96
234, 100
234, 102
233, 103
233, 105
232, 106
232, 110
231, 111
231, 115
230, 116
230, 122
229, 123
229, 131
228, 132
228, 147
227, 148
227, 151
226, 152
226, 154
225, 155
225, 158
224, 159
224, 161
223, 162
223, 164
222, 165
222, 167
221, 168
221, 169
220, 170
220, 172
219, 173
219, 174
218, 175
218, 177
217, 178
217, 179
216, 180
216, 181
215, 182
215, 183
214, 184
214, 185
213, 186
213, 187
212, 188
212, 189
211, 190
211, 191
209, 193
209, 194
207, 196
207, 197
204, 200
204, 201
201, 204
201, 205
194, 212
194, 213
187, 220
186, 220
182, 224
181, 224
177, 228
176, 228
173, 231
172, 231
170, 233
169, 233
167, 235
166, 235
165, 236
164, 236
162, 238
161, 238
160, 239
158, 239
157, 240
156, 240
155, 241
153, 241
152, 242
148, 242
147, 243
135, 243
134, 242
131, 242
130, 241
127, 241
126, 240
125, 240
124, 239
123, 239
122, 238
121, 238
119, 236
118, 236
111, 229
111, 228
108, 225
108, 224
106, 222
106, 221
105, 220
105, 219
104, 218
104, 217
103, 216
103, 215
102, 214
102, 212
101, 211
101, 208
111, 198
111, 197
118, 190
118, 189
123, 184
123, 183
126, 180
126, 179
129, 176
129, 175
131, 173
131, 172
132, 171
132, 170
134, 168
134, 167
135, 166
135, 164
136, 163
136, 162
137, 161
137, 160
138, 159
138, 157
139, 156
139, 154
140, 153
140, 150
141, 149
141, 145
142, 144
142, 126
141, 125
141, 123
139, 121
138, 121
137, 120
132, 120
131, 121
129, 121
128, 122
127, 122
126, 123
125, 123
124, 124
123, 124
120, 127
119, 127
109, 137
109, 138
107, 140
107, 141
105, 143
105, 144
104, 145
104, 146
103, 147
103, 148
102, 149
102, 150
101, 151
101, 153
100, 154
100, 156
99, 157
99, 159
98, 160
98, 162
97, 163
97, 167
96, 168
96, 173
95, 174
95, 187
94, 188
94, 195
95, 196
95, 202
96, 203
96, 207
66, 237
65, 237
60, 242
59, 242
58, 243
57, 243
56, 244
55, 244
53, 246
52, 246
51, 247
50, 247
49, 248
47, 248
46, 249
41, 249
40, 250
38, 250
37, 249
34, 249
28, 243
28, 242
27, 241
27, 240
26, 239
26, 237
25, 236
25, 233
24, 232
24, 228
23, 227
23, 219
22, 218
22, 203
21, 202
21, 180
20, 179
20, 158
19, 157
19, 110
20, 109
20, 99
21, 98
21, 91
22, 90
22, 83
23, 82
23, 77
24, 76
24, 71
25, 70
25, 66
26, 65
26, 62
27, 61
27, 57
28, 56
28, 53
29, 52
29, 50
30, 49
30, 47
31, 46
31, 44
32, 43
32, 41
33, 40
33, 39
34, 38
34, 37
35, 36
35, 35
36, 34
36, 33
37, 32
37, 31
38, 30
38, 29
42, 25
42, 24
44, 22
45, 22
47, 20
49, 20
50, 19
57, 19
58, 20
59, 20
64, 25
64, 26
66, 28
66, 29
67, 30
67, 32
68, 33
68, 35
69, 36
69, 40
70, 41
70, 44
71, 45
71, 49
72, 50
72, 54
73, 55
73, 57
74, 58
75, 58
76, 57
76, 52
75, 51
75, 47
74, 46
74, 42
73, 41
73, 38
72, 37
72, 34
71, 33
71, 31
70, 30
70, 28
69, 27
69, 26
68, 25
68, 24
61, 17
60, 17
59, 16
57, 16
56, 15
130, 125
131, 124
136, 124
138, 126
138, 128
139, 129
139, 140
138, 141
138, 146
137, 147
137, 150
136, 151
136, 154
135, 155
135, 156
134, 157
134, 159
133, 160
133, 161
132, 162
132, 164
131, 165
131, 166
129, 168
129, 169
128, 170
128, 171
126, 173
126, 174
122, 178
122, 179
118, 183
118, 184
114, 188
114, 189
100, 203
99, 202
99, 200
98, 199
98, 179
99, 178
99, 171
100, 170
100, 166
101, 165
101, 162
102, 161
102, 159
103, 158
103, 156
104, 155
104, 153
105, 152
105, 151
106, 150
106, 149
107, 148
107, 147
108, 146
108, 145
110, 143
110, 142
114, 138
114, 137
120, 131
121, 131
125, 127
126, 127
127, 126
128, 126
129, 125
