272, 2
274, 367
4, 369
2, 4
249, 15
248, 16
247, 16
242, 21
242, 22
240, 24
240, 25
239, 26
239, 27
238, 28
238, 30
237, 31
237, 32
236, 33
236, 35
235, 36
235, 38
234, 39
234, 41
233, 42
233, 44
232, 45
232, 48
231, 49
231, 52
230, 53
230, 57
229, 58
229, 62
228, 63
228, 67
227, 68
227, 72
226, 73
226, 78
225, 79
225, 84
224, 85
224, 90
223, 91
223, 96
222, 97
222, 103
221, 104
221, 111
220, 112
220, 120
219, 121
219, 129
218, 130
218, 138
217, 139
217, 150
216, 151
216, 162
215, 163
215, 172
214, 173
214, 177
213, 178
213, 179
212, 180
212, 181
211, 182
211, 183
209, 185
209, 186
207, 188
207, 189
206, 190
206, 191
204, 193
204, 194
202, 196
202, 197
200, 199
200, 200
198, 202
198, 203
196, 205
196, 206
194, 208
194, 209
192, 211
192, 212
189, 215
189, 216
187, 218
187, 219
184, 222
184, 223
181, 226
181, 227
178, 230
178, 231
173, 236
173, 237
169, 241
168, 241
167, 240
166, 240
163, 243
163, 244
162, 245
162, 246
161, 247
161, 248
159, 250
159, 251
157, 253
157, 254
150, 261
149, 261
148, 262
147, 262
146, 263
145, 263
144, 264
142, 264
141, 265
129, 265
128, 264
126, 264
125, 263
124, 263
123, 262
122, 262
118, 258
118, 256
119, 255
120, 255
122, 253
122, 252
126, 248
126, 247
128, 245
128, 244
129, 243
129, 242
130, 241
130, 240
131, 239
131, 238
132, 237
132, 236
133, 235
133, 234
134, 233
134, 232
135, 231
135, 229
136, 228
136, 226
137, 225
137, 223
138, 222
138, 220
139, 219
139, 217
140, 216
140, 212
141, 211
141, 205
142, 204
142, 197
141, 196
141, 192
140, 191
140, 190
139, 189
139, 188
138, 187
137, 187
136, 186
131, 186
130, 187
129, 187
128, 188
127, 188
118, 197
118, 198
116, 200
116, 201
114, 203
114, 204
113, 205
113, 206
112, 207
112, 208
111, 209
111, 210
110, 211
110, 212
109, 213
109, 215
108, 216
108, 217
107, 218
107, 220
106, 221
106, 224
105, 225
105, 244
106, 245
106, 248
107, 249
107, 251
108, 252
108, 253
109, 254
109, 255
110, 256
110, 257
109, 258
108, 258
107, 259
106, 259
105, 260
104, 260
103, 261
102, 261
101, 262
97, 262
96, 263
88, 263
87, 262
84, 262
83, 261
82, 261
81, 260
80, 260
78, 258
77, 258
73, 254
73, 253
71, 251
71, 250
69, 248
69, 247
68, 246
68, 244
67, 243
67, 242
66, 241
66, 238
65, 237
65, 234
64, 233
64, 228
63, 227
63, 204
64, 203
64, 196
65, 195
65, 190
66, 189
66, 185
67, 184
67, 181
68, 180
68, 177
69, 176
69, 173
70, 172
70, 170
71, 169
71, 167
72, 166
72, 163
73, 162
73, 160
74, 159
74, 158
75, 157
75, 155
76, 154
76, 152
77, 151
77, 149
78, 148
78, 147
79, 146
79, 144
80, 143
80, 142
81, 141
81, 139
82, 138
82, 136
83, 135
83, 134
84, 133
84, 132
85, 131
85, 129
86, 128
86, 127
87, 126
87, 125
88, 124
88, 123
89, 122
89, 120
90, 119
90, 118
91, 117
91, 116
92, 115
92, 114
93, 113
93, 112
94, 111
94, 109
95, 108
95, 107
96, 106
96, 105
97, 104
97, 103
98, 102
98, 101
99, 100
99, 99
100, 98
100, 97
101, 96
101, 95
103, 93
114, 93
115, 92
117, 92
118, 91
119, 91
120, 90
121, 90
124, 87
124, 86
125, 85
125, 84
126, 83
126, 71
125, 70
125, 69
122, 66
118, 66
117, 67
116, 67
114, 69
113, 69
111, 71
111, 72
108, 75
108, 76
106, 78
106, 79
104, 81
104, 82
102, 84
102, 85
101, 86
101, 87
100, 88
97, 88
96, 87
95, 87
94, 86
92, 86
91, 85
90, 85
88, 83
87, 83
85, 81
84, 81
71, 68
71, 67
68, 64
68, 63
66, 61
66, 60
65, 59
65, 58
64, 57
64, 56
63, 55
63, 53
62, 52
62, 50
61, 49
61, 47
60, 46
60, 41
59, 40
59, 24
60, 23
60, 20
59, 19
57, 19
55, 21
55, 28
54, 29
54, 32
53, 33
53, 36
52, 37
52, 40
51, 41
51, 44
50, 45
50, 47
49, 48
49, 50
48, 51
48, 54
47, 55
47, 57
46, 58
46, 60
45, 61
45, 63
44, 64
44, 66
43, 67
43, 69
42, 70
42, 72
41, 73
41, 75
40, 76
40, 78
39, 79
39, 81
38, 82
38, 84
37, 85
37, 87
36, 88
36, 89
35, 90
35, 92
34, 93
34, 94
33, 95
33, 97
32, 98
32, 99
31, 100
31, 101
30, 102
30, 103
29, 104
29, 106
28, 107
28, 108
26, 110
26, 111
25, 112
25, 113
24, 114
24, 115
21, 118
20, 118
18, 120
18, 121
16, 123
16, 124
15, 125
15, 126
14, 127
14, 128
12, 130
12, 134
13, 135
14, 135
15, 134
16, 134
16, 133
20, 129
20, 128
23, 125
23, 124
24, 123
24, 122
26, 120
26, 119
27, 118
27, 117
29, 115
29, 114
30, 113
30, 112
31, 111
31, 110
32, 109
32, 108
33, 107
33, 106
34, 105
34, 104
35, 103
35, 102
36, 101
36, 99
37, 98
37, 97
38, 96
38, 94
39, 93
39, 92
40, 91
40, 89
41, 88
41, 86
42, 85
42, 83
43, 82
43, 80
44, 79
44, 77
45, 76
45, 74
46, 73
46, 71
47, 70
47, 68
48, 67
48, 65
49, 64
49, 62
50, 61
50, 59
51, 58
51, 56
52, 55
52, 53
53, 52
53, 49
54, 48
54, 47
55, 46
57, 48
57, 51
58, 52
58, 54
59, 55
59, 56
60, 57
60, 58
61, 59
61, 60
62, 61
62, 62
63, 63
63, 64
64, 65
64, 66
67, 69
67, 70
72, 75
72, 76
76, 80
77, 80
82, 85
83, 85
85, 87
86, 87
87, 88
88, 88
89, 89
90, 89
91, 90
92, 90
93, 91
95, 91
97, 93
97, 95
96, 96
96, 97
95, 98
95, 99
94, 100
94, 101
93, 102
93, 103
92, 104
92, 105
91, 106
91, 107
90, 108
90, 109
89, 110
89, 111
88, 112
88, 113
87, 114
87, 116
86, 117
86, 118
85, 119
85, 120
84, 121
84, 122
83, 123
83, 125
82, 126
82, 127
81, 128
81, 129
80, 130
80, 132
79, 133
79, 134
78, 135
78, 137
77, 138
77, 139
76, 140
76, 142
75, 143
75, 144
74, 145
74, 147
73, 148
73, 150
72, 151
72, 153
71, 154
71, 155
70, 156
70, 158
69, 159
69, 161
68, 162
68, 164
67, 165
67, 168
66, 169
66, 171
65, 172
65, 175
64, 176
64, 179
63, 180
63, 183
62, 184
62, 188
61, 189
61, 194
60, 195
60, 201
59, 202
59, 228
60, 229
60, 235
61, 236
61, 239
62, 240
62, 242
63, 243
63, 245
64, 246
64, 247
65, 248
65, 249
66, 250
66, 251
67, 252
67, 253
69, 255
69, 256
75, 262
76, 262
77, 263
78, 263
80, 265
82, 265
83, 266
86, 266
87, 267
98, 267
99, 266
102, 266
103, 265
105, 265
106, 264
107, 264
108, 263
109, 263
111, 261
114, 261
116, 263
117, 263
119, 265
120, 265
121, 266
122, 266
123, 267
124, 267
125, 268
127, 268
128, 269
142, 269
143, 268
144, 268
145, 269
141, 273
141, 274
133, 282
133, 283
126, 290
126, 291
120, 297
120, 298
114, 304
114, 305
107, 312
107, 313
101, 319
101, 320
95, 326
95, 327
91, 331
91, 332
88, 335
88, 336
84, 340
84, 341
81, 344
81, 345
80, 346
80, 347
78, 349
78, 350
76, 352
76, 353
77, 354
77, 355
79, 355
81, 353
81, 352
83, 350
83, 349
85, 347
85, 346
88, 343
88, 342
91, 339
91, 338
95, 334
95, 333
99, 329
99, 328
105, 322
105, 321
112, 314
112, 313
118, 307
118, 306
124, 300
124, 299
131, 292
131, 291
138, 284
138, 283
147, 274
147, 273
156, 264
156, 263
164, 255
165, 256
165, 257
166, 258
166, 261
168, 263
168, 264
170, 266
171, 266
172, 267
179, 267
180, 266
181, 266
182, 265
183, 265
185, 263
186, 263
190, 259
190, 258
195, 253
198, 256
198, 257
201, 260
202, 260
203, 261
204, 261
205, 262
213, 262
214, 261
215, 261
216, 260
217, 260
221, 256
221, 255
222, 254
222, 244
221, 243
221, 239
220, 238
220, 237
217, 234
216, 234
215, 233
212, 233
211, 234
210, 233
210, 229
211, 228
211, 224
212, 223
212, 218
213, 217
213, 212
214, 211
214, 206
215, 205
215, 199
216, 198
216, 192
217, 191
217, 184
218, 183
218, 179
219, 178
219, 177
220, 176
220, 175
222, 173
222, 172
223, 171
223, 170
224, 169
224, 168
225, 167
225, 166
227, 164
227, 163
228, 162
228, 161
229, 160
229, 159
230, 158
230, 157
231, 156
231, 155
232, 154
232, 153
233, 152
233, 151
234, 150
234, 149
235, 148
235, 147
236, 146
236, 145
237, 144
237, 143
238, 142
238, 141
239, 140
239, 139
240, 138
240, 137
241, 136
241, 135
242, 134
242, 133
243, 132
243, 130
244, 129
244, 128
245, 127
245, 125
246, 124
246, 123
247, 122
247, 120
248, 119
248, 117
249, 116
249, 115
250, 114
250, 112
251, 111
251, 109
252, 108
252, 106
253, 105
253, 103
254, 102
254, 100
255, 99
255, 97
256, 96
256, 94
257, 93
257, 89
258, 88
258, 85
259, 84
259, 81
260, 80
260, 76
261, 75
261, 70
262, 69
262, 64
263, 63
263, 53
264, 52
264, 38
263, 37
263, 31
262, 30
262, 27
261, 26
261, 24
260, 23
260, 22
259, 21
259, 20
257, 18
257, 17
256, 17
254, 15
211, 191
212, 192
212, 197
211, 198
211, 204
210, 205
210, 210
209, 211
209, 216
208, 217
208, 222
207, 223
207, 227
206, 228
206, 233
205, 234
205, 240
206, 240
207, 241
208, 240
209, 240
211, 238
215, 238
217, 240
217, 244
218, 245
218, 252
217, 253
217, 254
214, 257
212, 257
211, 258
206, 258
205, 257
204, 257
201, 254
201, 253
200, 252
200, 250
199, 249
199, 243
198, 242
196, 242
195, 243
195, 244
194, 245
194, 246
193, 247
193, 248
190, 251
190, 252
180, 262
179, 262
178, 263
174, 263
173, 262
172, 262
171, 261
171, 260
170, 259
170, 257
169, 256
169, 249
170, 248
170, 247
173, 244
173, 243
177, 239
177, 238
181, 234
181, 233
185, 229
185, 228
188, 225
188, 224
190, 222
190, 221
193, 218
193, 217
195, 215
195, 214
198, 211
198, 210
200, 208
200, 207
202, 205
202, 204
204, 202
204, 201
205, 200
205, 199
207, 197
207, 196
209, 194
209, 193
131, 191
132, 190
134, 190
137, 193
137, 198
138, 199
138, 202
137, 203
137, 210
136, 211
136, 214
135, 215
135, 218
134, 219
134, 221
133, 222
133, 224
132, 225
132, 227
131, 228
131, 229
130, 230
130, 232
129, 233
129, 234
128, 235
128, 236
127, 237
127, 238
126, 239
126, 240
124, 242
124, 243
122, 245
122, 246
115, 253
114, 253
112, 251
112, 250
111, 249
111, 247
110, 246
110, 244
109, 243
109, 227
110, 226
110, 223
111, 222
111, 219
112, 218
112, 217
113, 216
113, 214
114, 213
114, 212
115, 211
115, 210
116, 209
116, 208
118, 206
118, 205
119, 204
119, 203
122, 200
122, 199
130, 191
119, 71
120, 70
122, 72
122, 81
121, 82
121, 83
120, 84
120, 85
119, 86
118, 86
116, 88
114, 88
113, 89
106, 89
105, 88
106, 87
106, 86
108, 84
108, 83
109, 82
109, 81
112, 78
112, 77
118, 71
250, 20
251, 19
252, 19
256, 23
256, 24
257, 25
257, 27
258, 28
258, 31
259, 32
259, 40
260, 41
260, 50
259, 51
259, 62
258, 63
258, 68
257, 69
257, 74
256, 75
256, 79
255, 80
255, 83
254, 84
254, 87
253, 88
253, 91
252, 92
252, 94
251, 95
251, 98
250, 99
250, 101
249, 102
249, 104
248, 105
248, 107
247, 108
247, 110
246, 111
246, 112
245, 113
245, 115
244, 116
244, 118
243, 119
243, 120
242, 121
242, 123
241, 124
241, 126
240, 127
240, 128
239, 129
239, 130
238, 131
238, 132
237, 133
237, 134
236, 135
236, 136
235, 137
235, 139
234, 140
234, 141
233, 142
233, 143
232, 144
232, 145
231, 146
231, 147
230, 148
230, 149
229, 150
229, 151
228, 152
228, 153
226, 155
226, 156
225, 157
225, 158
224, 159
224, 160
223, 161
223, 162
222, 163
222, 164
221, 165
220, 164
220, 153
221, 152
221, 141
222, 140
222, 131
223, 130
223, 122
224, 121
224, 114
225, 113
225, 106
226, 105
226, 99
227, 98
227, 92
228, 91
228, 86
229, 85
229, 80
230, 79
230, 74
231, 73
231, 69
232, 68
232, 64
233, 63
233, 59
234, 58
234, 55
235, 54
235, 50
236, 49
236, 47
237, 46
237, 43
238, 42
238, 40
239, 39
239, 37
240, 36
240, 35
241, 34
241, 32
242, 31
242, 30
243, 29
243, 28
244, 27
244, 26
245, 25
245, 24
249, 20
