262, 2
264, 367
4, 369
2, 4
47, 15
45, 17
44, 17
44, 18
43, 19
43, 20
42, 21
42, 23
41, 24
41, 31
40, 32
40, 42
39, 43
39, 44
38, 45
38, 46
37, 47
37, 48
35, 50
35, 51
34, 52
34, 53
32, 55
32, 56
31, 57
31, 58
29, 60
29, 61
28, 62
28, 63
26, 65
26, 66
25, 67
25, 68
24, 69
24, 70
22, 72
22, 73
21, 74
21, 75
20, 76
20, 77
19, 78
19, 79
18, 80
18, 81
17, 82
17, 83
16, 84
16, 86
15, 87
15, 88
14, 89
14, 90
13, 91
13, 93
12, 94
12, 96
11, 97
11, 104
12, 105
15, 105
15, 98
16, 97
16, 95
17, 94
17, 92
18, 91
18, 90
19, 89
19, 88
20, 87
20, 86
21, 85
21, 83
22, 82
22, 81
23, 80
23, 79
24, 78
24, 77
26, 75
26, 74
27, 73
27, 72
28, 71
28, 70
29, 69
29, 68
31, 66
31, 65
32, 64
32, 63
34, 61
34, 60
35, 59
35, 58
37, 56
37, 55
38, 54
39, 55
39, 81
40, 82
40, 84
41, 85
41, 86
42, 87
42, 88
43, 89
45, 89
46, 90
49, 90
50, 89
52, 89
54, 87
55, 87
64, 78
64, 77
68, 73
68, 72
70, 70
70, 69
73, 66
73, 65
75, 63
75, 62
77, 60
77, 59
78, 58
78, 57
80, 55
81, 56
81, 59
80, 60
80, 64
79, 65
79, 68
78, 69
78, 73
77, 74
77, 79
76, 80
76, 85
75, 86
75, 91
74, 92
74, 99
73, 100
73, 110
72, 111
72, 126
71, 127
71, 147
70, 148
70, 194
71, 195
71, 206
72, 207
72, 215
73, 216
73, 221
74, 222
74, 227
75, 228
75, 233
76, 234
76, 238
77, 239
77, 240
79, 242
80, 242
81, 243
82, 243
83, 242
85, 242
86, 241
87, 241
90, 238
91, 238
94, 235
95, 235
102, 228
102, 227
106, 223
106, 222
109, 219
110, 220
110, 237
111, 238
111, 241
114, 244
115, 244
116, 245
128, 245
129, 244
135, 244
136, 243
139, 243
140, 242
141, 243
141, 245
140, 246
140, 247
139, 248
139, 250
138, 251
138, 253
137, 254
137, 255
136, 256
136, 258
135, 259
135, 261
134, 262
134, 263
133, 264
133, 266
132, 267
132, 269
131, 270
131, 271
130, 272
130, 274
129, 275
129, 277
128, 278
128, 279
127, 280
127, 282
126, 283
126, 285
125, 286
125, 287
124, 288
124, 290
123, 291
123, 293
122, 294
122, 296
121, 297
121, 299
120, 300
120, 302
119, 303
119, 305
118, 306
118, 308
117, 309
117, 311
116, 312
116, 314
115, 315
115, 317
114, 318
114, 320
113, 321
113, 324
112, 325
112, 328
111, 329
111, 334
110, 335
110, 351
111, 352
111, 354
112, 355
114, 355
115, 354
115, 351
114, 350
114, 336
115, 335
115, 330
116, 329
116, 326
117, 325
117, 322
118, 321
118, 319
119, 318
119, 316
120, 315
120, 313
121, 312
121, 310
122, 309
122, 307
123, 306
123, 304
124, 303
124, 301
125, 300
125, 298
126, 297
126, 295
127, 294
127, 292
128, 291
128, 290
129, 289
129, 287
130, 286
130, 284
131, 283
131, 281
132, 280
132, 279
133, 278
133, 276
134, 275
134, 273
135, 272
135, 271
136, 270
136, 268
137, 267
137, 265
138, 264
138, 263
139, 262
139, 260
140, 259
140, 257
141, 256
141, 255
142, 254
142, 252
143, 251
143, 249
144, 248
144, 247
145, 246
145, 244
146, 243
146, 242
147, 241
147, 239
148, 238
148, 237
149, 236
149, 234
151, 232
151, 231
154, 228
154, 227
156, 225
156, 224
159, 221
159, 220
160, 219
161, 220
161, 225
160, 226
160, 231
161, 232
161, 234
162, 235
162, 236
163, 237
164, 237
165, 238
166, 238
167, 239
171, 239
172, 238
175, 238
176, 237
177, 237
178, 236
179, 236
181, 234
182, 234
184, 232
185, 232
187, 230
188, 230
192, 226
193, 226
197, 222
197, 221
211, 207
211, 205
210, 204
208, 204
207, 205
206, 205
205, 206
203, 206
201, 208
201, 209
200, 210
199, 209
199, 207
200, 206
200, 204
201, 203
201, 201
202, 200
202, 198
203, 197
203, 193
204, 192
204, 190
205, 189
205, 187
207, 185
207, 184
209, 182
209, 181
213, 177
213, 176
217, 172
217, 171
219, 169
219, 168
221, 166
221, 165
222, 164
222, 163
223, 162
223, 161
224, 160
224, 159
225, 158
225, 157
226, 156
226, 155
227, 154
227, 153
228, 152
228, 151
229, 150
229, 149
230, 148
230, 147
231, 146
231, 144
232, 143
232, 140
233, 139
233, 132
234, 131
234, 123
235, 122
235, 116
236, 115
236, 108
237, 107
237, 84
239, 82
239, 81
241, 79
241, 78
243, 76
243, 75
245, 73
245, 72
247, 70
247, 69
248, 68
248, 67
249, 66
249, 65
250, 64
250, 63
251, 62
251, 61
252, 60
252, 59
253, 58
253, 56
254, 55
254, 42
253, 41
253, 39
252, 38
252, 36
251, 35
251, 34
250, 33
250, 32
248, 30
248, 29
246, 27
245, 27
243, 25
242, 25
241, 24
239, 24
238, 23
225, 23
224, 24
223, 24
220, 27
220, 28
219, 29
219, 30
218, 31
218, 32
217, 33
217, 36
216, 37
216, 43
215, 44
215, 48
216, 49
216, 54
217, 55
217, 58
218, 59
218, 65
222, 65
223, 64
224, 64
225, 63
227, 63
228, 64
228, 65
229, 66
229, 67
230, 68
230, 70
231, 71
231, 75
232, 76
232, 84
227, 89
227, 90
215, 102
215, 103
203, 115
203, 116
198, 121
198, 122
194, 126
194, 127
192, 129
192, 130
190, 132
190, 133
188, 135
188, 136
187, 137
187, 138
185, 140
185, 141
184, 142
184, 143
183, 144
183, 145
182, 146
182, 147
181, 148
181, 149
180, 150
180, 151
179, 152
179, 153
178, 154
178, 155
177, 156
177, 157
176, 158
176, 159
175, 160
175, 162
174, 163
174, 164
173, 165
173, 166
172, 167
172, 169
171, 170
171, 171
170, 172
170, 173
169, 174
169, 176
168, 177
168, 178
167, 179
167, 181
166, 182
166, 183
165, 184
165, 185
164, 186
163, 186
162, 187
162, 193
161, 194
161, 196
160, 197
160, 198
159, 199
159, 201
158, 202
158, 203
157, 204
157, 205
156, 206
156, 208
155, 209
155, 210
154, 211
154, 213
153, 214
153, 215
152, 216
152, 218
151, 219
151, 220
150, 221
150, 222
149, 223
149, 225
148, 226
148, 227
147, 228
147, 229
146, 230
146, 231
145, 232
145, 233
140, 238
139, 238
138, 239
135, 239
134, 240
129, 240
128, 241
117, 241
115, 239
115, 238
114, 237
114, 216
113, 215
113, 207
114, 206
114, 205
115, 204
115, 203
116, 202
116, 201
118, 199
118, 198
122, 194
122, 193
131, 184
132, 184
133, 183
133, 180
132, 179
132, 177
133, 176
133, 171
132, 170
132, 169
131, 169
130, 168
123, 168
122, 169
121, 169
119, 171
119, 172
117, 174
117, 175
115, 177
115, 178
114, 179
114, 180
113, 181
113, 182
112, 183
112, 185
111, 186
111, 187
110, 188
110, 191
109, 192
109, 196
108, 197
108, 209
107, 210
107, 212
106, 213
106, 215
105, 216
105, 217
103, 219
103, 220
99, 224
99, 225
92, 232
91, 232
88, 235
87, 235
85, 237
84, 237
83, 238
81, 238
80, 237
80, 234
79, 233
79, 228
78, 227
78, 221
77, 220
77, 215
76, 214
76, 207
75, 206
75, 195
74, 194
74, 149
75, 148
75, 127
76, 126
76, 112
77, 111
77, 101
78, 100
78, 93
79, 92
79, 86
80, 85
80, 81
81, 80
81, 75
82, 74
82, 70
83, 69
83, 65
84, 64
84, 60
85, 59
85, 47
84, 46
84, 43
85, 42
85, 40
86, 39
86, 37
87, 36
87, 33
88, 32
88, 29
89, 28
88, 27
88, 26
87, 25
84, 25
83, 26
82, 26
81, 27
81, 28
80, 29
81, 30
81, 32
80, 33
80, 34
79, 35
79, 47
78, 48
78, 49
77, 50
77, 51
76, 52
76, 53
75, 54
75, 55
74, 56
74, 57
72, 59
72, 60
70, 62
70, 63
67, 66
67, 67
64, 70
64, 71
60, 75
60, 76
52, 84
51, 84
50, 85
49, 85
48, 86
47, 86
44, 83
44, 81
43, 80
43, 52
44, 51
44, 43
45, 42
45, 41
46, 40
46, 39
47, 38
47, 37
48, 36
48, 35
49, 34
49, 33
50, 32
50, 31
51, 30
51, 28
52, 27
52, 25
53, 24
53, 18
52, 17
52, 16
51, 16
50, 15
124, 173
125, 172
129, 173
129, 175
128, 176
118, 191
118, 192
113, 195
113, 193
114, 192
114, 189
115, 188
115, 187
116, 186
116, 184
117, 183
119, 180
119, 179
120, 178
120, 177
122, 175
122, 174
123, 173
232, 91
233, 92
233, 107
232, 108
232, 114
231, 115
231, 121
230, 122
230, 131
229, 132
229, 138
228, 139
228, 142
227, 143
227, 145
226, 146
226, 147
225, 148
225, 149
224, 150
224, 151
223, 152
223, 153
222, 154
222, 155
221, 156
221, 157
220, 158
220, 159
219, 160
219, 161
218, 162
218, 163
216, 165
216, 166
214, 168
214, 169
209, 174
209, 175
206, 178
206, 179
204, 181
204, 182
202, 184
202, 185
201, 186
201, 188
200, 189
200, 191
199, 192
199, 196
198, 197
198, 199
197, 200
197, 202
196, 203
196, 205
195, 206
195, 208
194, 209
194, 213
196, 215
196, 216
193, 219
193, 220
190, 223
189, 223
185, 227
184, 227
182, 229
181, 229
179, 231
178, 231
177, 232
176, 232
175, 233
174, 233
173, 234
171, 234
170, 235
168, 235
165, 232
165, 231
164, 230
164, 226
165, 225
165, 221
166, 220
166, 215
167, 214
167, 198
166, 197
166, 193
167, 192
167, 190
168, 189
168, 188
169, 187
169, 185
170, 184
170, 183
171, 182
171, 181
172, 180
172, 178
173, 177
173, 176
174, 175
174, 173
175, 172
175, 171
176, 170
176, 169
177, 168
177, 166
178, 165
178, 164
179, 163
179, 162
180, 161
180, 159
181, 158
181, 157
182, 156
182, 155
183, 154
183, 153
184, 152
184, 151
185, 150
185, 149
186, 148
186, 147
187, 146
187, 145
188, 144
188, 143
190, 141
190, 140
191, 139
191, 138
193, 136
193, 135
195, 133
195, 132
198, 129
198, 128
201, 125
201, 124
207, 118
207, 117
220, 104
220, 103
226, 28
237, 27
238, 28
239, 28
240, 29
241, 29
242, 30
243, 30
245, 32
245, 33
247, 35
247, 36
248, 37
248, 39
249, 40
249, 42
250, 54
249, 55
249, 57
248, 58
248, 59
247, 60
247, 61
246, 62
246, 63
245, 64
245, 65
243, 67
243, 68
242, 69
242, 70
240, 72
240, 73
236, 76
235, 75
235, 71
234, 70
234, 67
233, 66
233, 64
232, 63
232, 62
230, 60
230, 59
229, 59
228, 58
226, 58
225, 59
223, 59
221, 57
221, 54
220, 49
219, 48
219, 44
220, 43
220, 38
221, 37
221, 34
222, 33
222, 32
223, 31
223, 30
225, 28
49, 21
48, 24
48, 26
47, 27
47, 28
45, 28
46, 24
46, 22
