4, 23
2, 25
0, 25
0, 27
2, 27
4, 29
4, 80
2, 82
0, 82
0, 84
2, 84
4, 86
4, 137
2, 139
0, 139
0, 141
2, 141
4, 143
4, 194
2, 196
0, 196
0, 198
2, 198
4, 200
4, 251
2, 253
0, 253
0, 255
2, 255
4, 257
4, 308
2, 310
0, 310
0, 312
2, 312
4, 314
4, 365
2, 367
0, 367
2, 369
4, 371
236, 2
238, 367
8, 369
6, 4
196, 16
187, 25
187, 26
185, 28
185, 29
183, 31
183, 32
182, 33
182, 34
181, 35
181, 36
180, 37
180, 38
179, 39
179, 40
178, 41
178, 42
177, 43
177, 45
176, 46
176, 47
175, 48
175, 50
174, 51
174, 53
173, 54
173, 56
172, 57
172, 59
171, 60
171, 62
170, 63
170, 66
169, 67
169, 70
168, 71
168, 75
167, 76
167, 82
166, 83
166, 109
167, 110
167, 116
168, 117
168, 122
169, 123
169, 127
170, 128
170, 130
169, 131
169, 134
168, 135
168, 137
167, 138
167, 140
166, 141
166, 143
165, 144
165, 146
164, 147
164, 149
163, 150
163, 152
162, 153
162, 155
161, 156
161, 158
160, 159
160, 161
159, 162
159, 164
158, 165
158, 167
157, 168
157, 170
156, 171
156, 173
155, 174
155, 176
154, 177
154, 179
153, 180
153, 181
152, 182
152, 184
151, 185
151, 187
150, 188
150, 190
149, 191
149, 193
148, 194
148, 196
147, 197
147, 198
146, 199
146, 201
145, 202
145, 204
144, 205
144, 207
143, 208
143, 209
142, 210
142, 212
141, 213
141, 214
140, 215
137, 215
136, 216
136, 217
135, 218
135, 219
134, 220
134, 222
133, 223
133, 224
132, 225
132, 226
131, 227
131, 228
130, 229
130, 230
129, 231
129, 232
128, 233
128, 234
127, 235
127, 236
126, 237
126, 239
125, 240
125, 241
124, 242
124, 244
123, 245
123, 246
122, 247
122, 249
121, 250
121, 251
120, 252
120, 253
119, 254
119, 255
118, 256
118, 257
117, 258
117, 259
116, 260
116, 261
115, 262
115, 263
114, 264
114, 265
112, 267
112, 268
110, 270
110, 271
107, 274
107, 275
102, 280
101, 280
99, 282
98, 282
97, 283
91, 283
87, 279
87, 277
86, 276
86, 275
85, 274
85, 270
84, 269
84, 236
85, 235
85, 226
86, 225
86, 218
87, 217
87, 210
88, 209
88, 203
89, 202
89, 196
90, 195
90, 189
91, 188
91, 183
92, 182
92, 177
93, 176
93, 171
94, 170
94, 166
95, 165
95, 160
96, 159
96, 154
97, 153
97, 147
98, 146
98, 141
99, 140
99, 133
100, 132
100, 126
101, 125
101, 108
100, 107
100, 104
99, 103
99, 102
98, 102
97, 101
95, 101
94, 102
94, 103
92, 105
92, 106
91, 107
91, 108
90, 109
90, 110
89, 111
89, 112
87, 114
87, 115
85, 117
85, 118
73, 130
72, 130
63, 139
62, 139
61, 140
60, 140
59, 141
57, 141
56, 140
55, 140
54, 139
54, 138
53, 137
53, 136
52, 135
52, 132
51, 131
51, 126
50, 125
50, 100
51, 99
51, 88
52, 87
52, 85
51, 84
51, 83
49, 83
48, 84
48, 86
47, 87
47, 88
46, 89
46, 91
45, 92
45, 93
44, 94
44, 96
43, 97
43, 98
42, 99
42, 101
41, 102
41, 103
40, 104
40, 105
39, 106
39, 108
38, 109
38, 110
37, 111
37, 113
36, 114
36, 115
35, 116
35, 118
34, 119
34, 120
33, 121
33, 122
32, 123
32, 124
31, 125
31, 127
30, 128
30, 129
29, 130
29, 131
28, 132
28, 133
27, 134
27, 135
26, 136
26, 137
25, 138
25, 139
24, 140
24, 142
23, 143
23, 144
22, 145
22, 146
21, 147
21, 148
20, 149
20, 151
19, 152
19, 153
18, 154
18, 156
17, 157
17, 159
16, 160
16, 161
15, 162
15, 164
14, 165
14, 168
17, 168
17, 167
18, 166
18, 164
19, 163
19, 162
20, 161
20, 159
21, 158
21, 156
22, 155
22, 154
23, 153
23, 151
24, 150
24, 149
25, 148
25, 147
26, 146
26, 145
27, 144
27, 142
28, 141
28, 140
29, 139
29, 138
30, 137
30, 136
31, 135
31, 134
32, 133
32, 131
33, 130
33, 129
34, 128
34, 127
35, 126
35, 125
36, 124
36, 123
37, 122
37, 120
38, 119
38, 118
39, 117
39, 116
40, 115
40, 113
41, 112
41, 111
42, 110
42, 108
43, 107
43, 106
44, 105
44, 103
46, 101
47, 102
47, 128
48, 129
48, 133
49, 134
49, 137
50, 138
50, 139
51, 140
51, 141
53, 143
54, 143
55, 144
61, 144
62, 143
63, 143
65, 141
66, 141
74, 133
75, 133
87, 121
87, 120
90, 117
90, 116
92, 114
92, 113
93, 112
93, 111
94, 110
94, 109
96, 107
97, 108
97, 109
98, 110
98, 120
97, 121
97, 130
96, 131
96, 137
95, 138
95, 144
94, 145
94, 150
93, 151
93, 156
92, 157
92, 162
91, 163
91, 168
90, 169
90, 174
89, 175
89, 180
88, 181
88, 186
87, 187
87, 192
86, 193
86, 199
85, 200
85, 206
84, 207
84, 214
83, 215
83, 222
82, 223
82, 231
81, 232
81, 246
80, 247
80, 264
81, 265
81, 271
82, 272
82, 275
83, 276
83, 278
84, 279
84, 280
85, 281
85, 282
89, 286
91, 286
92, 287
96, 287
97, 286
99, 286
100, 285
101, 285
103, 283
104, 283
110, 277
110, 276
113, 273
113, 272
115, 270
115, 269
116, 268
116, 267
118, 265
118, 264
119, 263
119, 262
120, 261
120, 260
121, 259
121, 258
122, 257
122, 256
123, 255
123, 254
125, 256
124, 257
124, 258
123, 259
123, 261
122, 262
122, 263
121, 264
121, 266
120, 267
120, 268
119, 269
119, 271
118, 272
118, 273
117, 274
117, 276
116, 277
116, 278
115, 279
115, 281
114, 282
114, 283
113, 284
113, 286
112, 287
112, 288
111, 289
111, 291
110, 292
110, 294
109, 295
109, 296
108, 297
108, 299
107, 300
107, 301
106, 302
106, 304
105, 305
105, 307
104, 308
104, 310
103, 311
103, 312
102, 313
102, 315
101, 316
101, 318
100, 319
100, 321
99, 322
99, 324
98, 325
98, 328
97, 329
97, 331
96, 332
96, 335
95, 336
95, 339
94, 340
94, 343
93, 344
93, 352
95, 354
98, 354
101, 351
101, 350
102, 349
102, 347
99, 347
99, 348
98, 349
97, 349
96, 348
96, 347
97, 346
97, 342
98, 341
98, 338
99, 337
99, 334
100, 333
100, 330
101, 329
101, 327
102, 326
102, 324
103, 323
103, 321
104, 320
104, 318
105, 317
105, 315
106, 314
106, 312
107, 311
107, 310
108, 309
108, 307
109, 306
109, 304
110, 303
110, 302
111, 301
111, 299
112, 298
112, 296
113, 295
113, 294
114, 293
114, 291
115, 290
115, 289
116, 288
116, 286
117, 285
117, 284
118, 283
118, 281
119, 280
119, 279
120, 278
120, 276
121, 275
121, 274
122, 273
122, 271
123, 270
123, 269
124, 268
124, 266
125, 265
125, 264
126, 263
126, 261
127, 260
127, 258
128, 257
128, 256
129, 255
129, 253
131, 251
132, 252
132, 255
131, 256
131, 262
132, 263
132, 272
133, 273
133, 276
134, 277
134, 278
135, 279
135, 280
136, 281
136, 282
138, 284
142, 284
143, 283
144, 283
147, 280
147, 279
148, 278
148, 277
149, 276
149, 275
150, 274
150, 273
151, 272
151, 271
152, 270
152, 269
153, 268
153, 267
154, 266
154, 264
155, 263
155, 262
156, 261
156, 260
157, 259
157, 257
159, 255
160, 256
160, 259
161, 260
161, 262
162, 263
162, 264
163, 265
163, 266
164, 267
165, 267
166, 268
171, 268
172, 267
174, 267
175, 266
176, 266
177, 265
178, 265
180, 263
185, 263
187, 261
187, 260
188, 259
188, 251
185, 251
184, 250
184, 245
185, 244
185, 238
186, 237
186, 233
187, 232
187, 229
188, 228
188, 226
189, 225
189, 222
190, 221
190, 219
191, 218
191, 216
192, 215
192, 214
193, 213
194, 214
194, 215
195, 216
195, 219
196, 220
196, 226
197, 227
197, 229
198, 230
198, 232
199, 233
199, 234
201, 236
201, 237
203, 239
203, 240
206, 243
206, 244
207, 245
207, 246
209, 248
209, 249
210, 250
210, 251
211, 252
211, 253
212, 254
212, 256
213, 257
213, 258
214, 259
214, 260
215, 261
215, 263
216, 264
216, 265
217, 266
217, 267
218, 268
218, 270
220, 272
220, 273
222, 275
224, 275
227, 272
227, 271
228, 270
228, 269
229, 268
229, 256
228, 255
228, 254
227, 253
227, 252
226, 251
226, 250
225, 249
225, 248
219, 242
218, 242
207, 231
207, 230
205, 228
205, 227
203, 225
203, 224
202, 223
202, 222
201, 221
201, 220
200, 219
200, 218
199, 217
199, 215
198, 214
198, 210
197, 209
197, 207
193, 203
193, 201
192, 200
192, 198
191, 197
191, 195
190, 194
190, 192
189, 191
189, 189
188, 188
188, 186
187, 185
187, 182
186, 181
186, 179
185, 178
185, 176
184, 175
184, 172
183, 171
183, 168
182, 167
182, 165
181, 164
181, 161
180, 160
180, 157
179, 156
179, 153
178, 152
178, 149
177, 148
177, 145
176, 144
176, 140
175, 139
175, 135
174, 134
174, 127
175, 126
175, 123
176, 122
176, 120
177, 119
177, 117
178, 116
178, 114
179, 113
179, 110
180, 109
180, 107
181, 106
181, 104
182, 103
182, 101
183, 100
183, 97
184, 96
184, 94
185, 93
185, 90
186, 89
186, 87
187, 86
187, 84
188, 83
188, 80
189, 79
189, 77
190, 76
190, 73
191, 72
191, 70
192, 69
192, 66
193, 65
193, 62
194, 61
194, 59
195, 58
195, 55
196, 54
196, 51
197, 50
197, 47
198, 46
198, 43
199, 42
199, 39
200, 38
200, 35
201, 34
201, 30
202, 29
202, 22
203, 21
202, 20
202, 18
200, 16
124, 251
126, 253
128, 247
127, 245
130, 242
210, 240
211, 240
216, 245
217, 245
222, 250
222, 251
224, 253
224, 254
225, 255
225, 258
226, 259
226, 265
225, 266
225, 268
223, 270
221, 268
221, 267
220, 266
220, 264
219, 263
219, 262
218, 261
218, 259
217, 258
217, 257
216, 256
216, 255
215, 254
215, 253
214, 252
214, 251
213, 250
213, 248
211, 246
211, 245
210, 244
210, 243
208, 241
131, 239
129, 240
156, 197
159, 197
161, 199
161, 200
162, 201
162, 216
161, 217
161, 224
160, 225
160, 229
159, 230
159, 235
158, 236
158, 240
157, 241
157, 244
156, 245
156, 248
155, 249
155, 252
154, 253
154, 255
153, 256
153, 258
152, 259
152, 260
151, 261
151, 263
150, 264
150, 265
149, 266
149, 267
148, 268
148, 269
147, 270
147, 271
146, 272
146, 273
145, 274
145, 275
141, 279
140, 279
138, 277
138, 274
137, 273
137, 262
138, 261
138, 254
139, 253
139, 247
140, 246
140, 242
141, 241
141, 238
142, 237
142, 234
143, 233
143, 230
144, 229
144, 226
145, 225
145, 223
146, 222
146, 219
147, 218
147, 216
148, 215
148, 213
149, 212
149, 210
150, 209
150, 207
151, 206
151, 204
152, 203
152, 202
153, 201
153, 200
170, 140
171, 139
172, 140
172, 141
173, 142
173, 146
174, 147
174, 150
175, 151
175, 154
176, 155
176, 158
177, 159
177, 162
178, 163
178, 166
179, 167
179, 169
180, 170
180, 173
181, 174
181, 177
182, 178
182, 180
183, 181
183, 183
184, 184
184, 187
185, 188
185, 190
186, 191
186, 193
187, 194
187, 196
188, 197
188, 199
189, 200
189, 202
190, 203
190, 204
191, 205
191, 208
190, 209
190, 211
189, 212
189, 213
188, 214
188, 216
187, 217
187, 219
186, 220
186, 223
185, 224
185, 226
184, 227
184, 230
183, 231
183, 235
182, 236
182, 240
181, 241
181, 250
180, 251
180, 258
176, 262
175, 262
174, 263
173, 263
172, 264
169, 264
168, 265
167, 264
166, 264
165, 263
165, 262
164, 261
164, 257
163, 256
163, 246
164, 245
164, 238
165, 237
165, 234
166, 233
166, 229
167, 228
167, 226
168, 225
168, 222
169, 221
169, 218
170, 217
170, 214
171, 213
171, 211
172, 210
172, 207
173, 206
173, 203
170, 203
169, 204
169, 206
168, 207
168, 209
166, 211
165, 210
165, 199
164, 198
164, 197
161, 194
160, 194
159, 193
157, 193
156, 194
155, 194
154, 195
153, 195
152, 194
152, 193
153, 192
153, 190
154, 189
154, 187
155, 186
155, 184
156, 183
156, 181
157, 180
157, 178
158, 177
158, 176
159, 175
159, 173
160, 172
160, 170
161, 169
161, 167
162, 166
162, 164
163, 163
163, 161
164, 160
164, 158
165, 157
165, 155
166, 154
166, 152
167, 151
167, 149
168, 148
168, 146
169, 145
169, 143
170, 142
197, 20
198, 20
199, 21
199, 26
198, 27
198, 32
197, 33
197, 36
196, 37
196, 40
195, 41
195, 44
194, 45
194, 48
193, 49
193, 52
192, 53
192, 56
191, 57
191, 59
190, 60
190, 63
189, 64
189, 67
188, 68
188, 70
187, 71
187, 74
186, 75
186, 77
185, 78
185, 81
184, 82
184, 84
183, 85
183, 88
182, 89
182, 91
181, 92
181, 94
180, 95
180, 98
179, 99
179, 101
178, 102
178, 104
177, 105
177, 108
176, 109
176, 111
175, 112
175, 114
174, 115
174, 117
173, 118
173, 119
172, 120
171, 119
171, 114
170, 113
170, 107
169, 106
169, 87
170, 86
170, 79
171, 78
171, 73
172, 72
172, 69
173, 68
173, 65
174, 64
174, 62
175, 61
175, 59
176, 58
176, 56
177, 55
177, 53
178, 52
178, 50
179, 49
179, 48
180, 47
180, 45
181, 44
181, 43
182, 42
182, 40
184, 38
184, 37
185, 36
185, 35
186, 34
186, 33
188, 31
188, 30
190, 28
190, 27
