236, 2
238, 367
4, 369
2, 4
213, 15
212, 16
209, 16
208, 17
207, 17
206, 18
205, 18
203, 20
202, 20
198, 24
198, 25
195, 28
195, 29
193, 31
193, 32
192, 33
192, 34
190, 36
190, 37
189, 38
189, 39
188, 40
188, 42
187, 43
187, 44
186, 45
186, 46
185, 47
185, 49
184, 50
184, 52
183, 53
183, 56
182, 57
182, 61
181, 62
181, 68
180, 69
180, 88
181, 89
181, 101
182, 102
182, 111
181, 112
181, 113
180, 114
180, 115
179, 116
179, 117
178, 118
178, 119
177, 120
177, 121
175, 123
175, 124
174, 125
174, 126
173, 127
173, 128
171, 130
171, 131
170, 132
170, 133
169, 134
169, 135
167, 137
167, 138
166, 139
166, 140
165, 141
165, 142
164, 143
164, 144
163, 145
163, 146
162, 147
162, 148
161, 149
161, 150
160, 151
160, 152
159, 153
159, 154
158, 155
158, 156
157, 157
157, 158
156, 159
156, 160
155, 161
155, 163
154, 164
154, 165
153, 166
153, 167
152, 168
152, 169
151, 170
151, 172
150, 173
150, 174
149, 175
149, 176
148, 177
148, 179
147, 180
147, 181
146, 182
146, 184
145, 185
145, 186
144, 187
144, 189
143, 190
143, 191
142, 192
142, 194
141, 195
141, 196
140, 197
140, 199
139, 200
139, 201
138, 202
138, 204
137, 205
137, 207
136, 208
136, 209
135, 210
135, 212
134, 213
134, 215
133, 216
133, 218
132, 219
132, 220
131, 221
131, 223
130, 224
130, 226
129, 227
129, 229
128, 230
128, 232
127, 233
127, 235
126, 236
126, 238
125, 239
125, 240
124, 241
117, 241
116, 242
114, 242
113, 243
112, 243
111, 244
110, 244
109, 245
108, 245
107, 246
106, 246
105, 247
100, 247
98, 245
98, 244
97, 243
97, 240
96, 239
96, 226
98, 224
99, 224
102, 221
103, 221
108, 216
108, 215
111, 212
111, 211
115, 207
115, 206
117, 204
117, 203
119, 201
119, 200
121, 198
121, 197
123, 195
123, 194
125, 192
125, 191
127, 189
127, 188
128, 187
128, 186
129, 185
129, 184
130, 183
130, 178
129, 177
129, 176
128, 176
127, 175
121, 175
120, 176
119, 176
118, 177
117, 177
115, 179
114, 179
107, 186
107, 187
104, 190
104, 191
102, 193
102, 194
101, 195
101, 196
100, 197
100, 198
99, 199
99, 200
98, 201
98, 202
97, 203
97, 205
96, 206
96, 209
95, 210
95, 213
94, 214
94, 219
93, 220
93, 223
92, 224
91, 224
89, 226
88, 226
87, 227
86, 227
85, 228
84, 228
83, 229
82, 229
80, 231
79, 231
78, 232
77, 232
75, 234
74, 234
73, 235
72, 235
72, 236
70, 238
69, 238
68, 237
68, 234
67, 233
67, 227
66, 226
66, 192
67, 191
67, 184
68, 183
68, 177
69, 176
69, 172
70, 171
70, 166
71, 165
71, 161
72, 160
72, 157
73, 156
73, 152
74, 151
74, 147
75, 146
75, 143
76, 142
76, 139
77, 138
77, 135
78, 134
78, 130
79, 129
79, 126
80, 125
80, 122
81, 121
81, 117
82, 116
82, 113
83, 112
83, 109
84, 108
84, 105
85, 104
85, 101
86, 100
86, 97
87, 96
87, 93
88, 92
88, 89
89, 88
89, 85
90, 84
90, 82
92, 80
92, 79
94, 77
94, 76
95, 75
95, 74
97, 72
97, 71
98, 70
98, 69
99, 68
99, 67
100, 66
100, 65
101, 64
101, 63
102, 62
102, 61
103, 60
103, 58
104, 57
104, 53
105, 52
105, 50
104, 49
104, 46
102, 44
101, 44
97, 48
97, 49
96, 50
96, 52
95, 53
95, 55
94, 56
94, 58
93, 59
93, 61
92, 62
92, 65
91, 66
91, 68
90, 69
90, 72
89, 73
89, 76
88, 77
88, 79
87, 80
87, 81
84, 84
84, 85
71, 98
70, 98
67, 101
66, 101
64, 103
63, 103
62, 104
61, 104
60, 105
58, 105
57, 106
52, 106
51, 105
50, 105
48, 103
48, 102
47, 101
47, 100
46, 99
46, 79
47, 78
47, 74
48, 73
48, 71
49, 70
49, 69
51, 67
51, 66
52, 65
52, 64
53, 63
53, 62
54, 61
54, 60
55, 59
55, 58
56, 57
56, 56
57, 55
57, 54
58, 53
58, 52
59, 51
59, 50
60, 49
60, 48
61, 47
61, 46
62, 45
62, 44
63, 43
63, 41
64, 40
64, 38
63, 37
60, 37
59, 38
58, 38
54, 42
54, 43
52, 45
52, 46
51, 47
51, 49
50, 50
50, 51
49, 52
49, 55
48, 56
48, 59
47, 60
47, 63
46, 64
46, 67
45, 68
45, 70
44, 71
44, 72
42, 74
42, 75
40, 77
40, 78
38, 80
38, 81
36, 83
36, 84
33, 87
33, 88
30, 91
30, 92
27, 95
27, 96
24, 99
24, 100
21, 103
21, 104
17, 108
17, 109
11, 115
11, 116
10, 117
10, 119
13, 119
14, 118
14, 117
19, 112
19, 111
22, 108
22, 107
25, 104
25, 103
28, 100
28, 99
31, 96
31, 95
34, 92
34, 91
37, 88
37, 87
40, 84
40, 83
41, 82
42, 82
43, 83
43, 85
42, 86
42, 95
43, 96
43, 100
44, 101
44, 102
45, 103
45, 104
46, 105
46, 106
47, 107
48, 107
49, 108
50, 108
51, 109
59, 109
60, 108
61, 108
62, 107
63, 107
64, 106
65, 106
66, 105
67, 105
69, 103
70, 103
73, 100
74, 100
83, 91
84, 92
84, 95
83, 96
83, 99
82, 100
82, 103
81, 104
81, 107
80, 108
80, 111
79, 112
79, 115
78, 116
78, 119
77, 120
77, 124
76, 125
76, 128
75, 129
75, 132
74, 133
74, 136
73, 137
73, 141
72, 142
72, 145
71, 146
71, 150
70, 151
70, 154
69, 155
69, 159
68, 160
68, 164
67, 165
67, 169
66, 170
66, 175
65, 176
65, 181
64, 182
64, 189
63, 190
63, 200
62, 201
62, 217
63, 218
63, 228
64, 229
64, 235
65, 236
65, 239
66, 240
66, 243
67, 244
68, 244
70, 242
71, 242
77, 236
78, 236
80, 234
81, 234
82, 233
83, 233
85, 231
86, 231
87, 230
88, 230
89, 229
90, 229
91, 228
92, 228
93, 229
93, 241
94, 242
94, 244
95, 245
95, 246
96, 247
96, 248
98, 250
100, 250
101, 251
102, 251
103, 250
106, 250
107, 249
108, 249
109, 248
110, 248
111, 247
112, 247
113, 246
114, 246
115, 245
118, 245
119, 244
122, 244
123, 245
123, 247
122, 248
122, 250
121, 251
121, 253
120, 254
120, 256
119, 257
119, 259
118, 260
118, 262
117, 263
117, 265
116, 266
116, 268
115, 269
115, 270
114, 271
114, 273
113, 274
113, 276
112, 277
112, 279
111, 280
111, 282
110, 283
110, 285
109, 286
109, 289
108, 290
108, 292
107, 293
107, 295
106, 296
106, 298
105, 299
105, 302
104, 303
104, 305
103, 306
103, 309
102, 310
102, 312
101, 313
101, 316
100, 317
100, 319
99, 320
99, 323
98, 324
98, 327
97, 328
97, 331
96, 332
96, 336
95, 337
95, 341
94, 342
94, 346
93, 347
93, 354
95, 354
95, 353
96, 352
96, 348
97, 347
97, 343
98, 342
98, 339
99, 338
99, 334
100, 333
100, 329
101, 328
101, 325
102, 324
102, 322
103, 321
103, 318
104, 317
104, 314
105, 313
105, 311
106, 310
106, 307
107, 306
107, 304
108, 303
108, 301
109, 300
109, 297
110, 296
110, 294
111, 293
111, 291
112, 290
112, 288
113, 287
113, 285
114, 284
114, 282
115, 281
115, 278
116, 277
116, 276
117, 275
117, 273
118, 272
118, 270
119, 269
119, 267
120, 266
120, 264
121, 263
121, 261
122, 260
122, 258
123, 257
123, 255
124, 254
124, 252
125, 251
125, 249
126, 248
126, 246
127, 245
127, 244
129, 242
130, 242
133, 239
134, 239
138, 235
139, 235
143, 231
144, 231
145, 232
145, 233
144, 234
144, 236
143, 237
143, 238
142, 239
142, 241
141, 242
141, 244
140, 245
140, 247
139, 248
139, 251
138, 252
138, 260
140, 262
143, 262
144, 261
145, 261
148, 258
149, 258
153, 254
154, 254
156, 252
157, 252
160, 249
161, 249
163, 247
164, 247
166, 245
167, 245
169, 243
170, 243
171, 242
172, 242
174, 240
175, 240
190, 225
190, 224
194, 220
194, 217
191, 217
189, 219
189, 220
186, 223
185, 223
184, 224
183, 223
183, 220
184, 219
184, 217
185, 216
185, 213
184, 212
184, 207
185, 206
185, 195
186, 194
186, 187
187, 186
187, 138
186, 137
186, 110
188, 108
188, 107
189, 106
189, 105
190, 104
190, 103
191, 102
191, 101
192, 100
192, 99
193, 98
193, 97
194, 96
194, 95
196, 93
196, 92
197, 91
197, 90
198, 89
198, 88
199, 87
199, 86
200, 85
200, 84
201, 83
201, 82
202, 81
202, 80
203, 79
203, 78
204, 77
204, 76
206, 74
206, 73
207, 72
207, 71
208, 70
208, 69
209, 68
209, 67
210, 66
210, 65
212, 63
212, 62
213, 61
213, 60
214, 59
214, 58
215, 57
215, 56
216, 55
216, 54
218, 52
218, 51
219, 50
219, 49
220, 48
220, 47
221, 46
221, 45
223, 43
223, 42
224, 41
224, 40
225, 39
225, 38
226, 37
226, 36
227, 35
227, 33
228, 32
228, 31
229, 30
229, 26
230, 25
230, 24
229, 23
229, 21
228, 20
228, 19
227, 18
226, 18
225, 17
223, 17
222, 16
219, 16
218, 15
121, 179
122, 178
125, 178
127, 180
127, 182
126, 183
126, 184
125, 185
125, 186
123, 188
123, 189
121, 191
121, 192
119, 194
119, 195
117, 197
117, 198
115, 200
115, 201
113, 203
113, 204
109, 208
109, 209
106, 212
106, 213
100, 219
99, 219
98, 220
97, 219
97, 215
98, 214
98, 211
99, 210
99, 207
100, 206
100, 205
101, 204
101, 202
102, 201
102, 200
103, 199
103, 198
104, 197
104, 196
106, 194
106, 193
109, 190
109, 189
117, 181
118, 181
120, 179
182, 119
183, 120
183, 146
184, 147
184, 184
183, 185
183, 192
182, 193
182, 204
181, 205
181, 218
180, 219
180, 221
179, 222
179, 227
181, 229
172, 238
171, 238
170, 239
169, 239
167, 241
166, 241
164, 243
163, 243
161, 245
160, 245
158, 247
157, 247
155, 249
154, 249
151, 252
150, 252
146, 256
145, 256
143, 258
142, 258
141, 257
141, 253
142, 252
142, 249
143, 248
143, 246
144, 245
144, 243
145, 242
145, 241
146, 240
146, 238
147, 237
147, 235
148, 234
148, 232
149, 231
149, 224
150, 223
150, 220
151, 219
151, 218
155, 214
156, 214
157, 213
157, 209
156, 208
156, 207
159, 204
159, 201
158, 200
156, 200
153, 203
153, 204
152, 205
152, 207
151, 208
151, 210
150, 211
150, 212
149, 213
149, 215
147, 217
147, 219
146, 220
146, 222
145, 223
145, 224
143, 226
143, 227
142, 228
141, 228
136, 233
135, 233
131, 237
130, 236
130, 234
131, 233
131, 231
132, 230
132, 228
133, 227
133, 225
134, 224
134, 223
135, 222
135, 220
136, 219
136, 217
137, 216
137, 214
138, 213
138, 212
139, 211
139, 209
140, 208
140, 206
141, 205
141, 204
142, 203
142, 201
143, 200
143, 199
144, 198
144, 196
145, 195
145, 194
146, 193
146, 191
147, 190
147, 188
148, 187
148, 186
149, 185
149, 184
150, 183
150, 181
151, 180
151, 179
152, 178
152, 176
153, 175
153, 174
154, 173
154, 172
155, 171
155, 169
156, 168
156, 167
157, 166
157, 165
158, 164
158, 163
159, 162
159, 161
160, 160
160, 158
161, 157
161, 156
162, 155
162, 154
163, 153
163, 152
164, 151
164, 150
165, 149
165, 148
166, 147
166, 146
168, 144
168, 143
169, 142
169, 141
170, 140
170, 139
171, 138
171, 137
172, 136
172, 135
174, 133
174, 132
175, 131
175, 130
176, 129
176, 128
178, 126
178, 125
179, 124
179, 123
180, 122
180, 121
99, 52
100, 51
101, 52
101, 55
100, 56
100, 58
99, 59
99, 61
98, 62
98, 63
96, 60
97, 59
97, 57
98, 56
98, 54
99, 53
57, 47
209, 20
210, 19
221, 19
222, 20
223, 20
224, 21
225, 21
226, 22
226, 28
225, 29
225, 31
224, 32
224, 33
223, 34
223, 36
222, 37
222, 38
220, 40
220, 41
219, 42
219, 43
218, 44
218, 45
217, 46
217, 47
215, 49
215, 50
214, 51
214, 52
213, 53
213, 54
212, 55
212, 56
210, 58
210, 59
209, 60
209, 61
208, 62
208, 63
207, 64
207, 65
206, 66
206, 67
204, 69
204, 70
203, 71
203, 72
202, 73
202, 74
201, 75
201, 76
200, 77
200, 78
199, 79
199, 80
198, 81
198, 82
197, 83
197, 84
195, 86
195, 87
194, 88
194, 89
193, 90
193, 91
192, 92
192, 93
191, 94
191, 95
190, 96
190, 97
189, 98
189, 99
188, 100
188, 101
186, 103
185, 102
185, 99
184, 98
184, 86
183, 85
183, 71
184, 70
184, 63
185, 62
185, 58
186, 57
186, 54
187, 53
187, 51
188, 50
188, 49
189, 48
189, 46
190, 45
190, 44
191, 43
191, 42
192, 41
192, 40
193, 39
193, 38
194, 37
194, 36
195, 35
195, 34
197, 32
197, 31
200, 28
200, 27
205, 22
206, 22
208, 20
