8, 256
9, 255
10, 256
10, 261
11, 262
11, 271
12, 272
12, 277
13, 278
13, 283
14, 284
13, 285
12, 285
11, 284
11, 283
10, 282
10, 281
9, 280
9, 278
8, 277
8, 273
7, 272
7, 260
8, 259
56, 196
57, 195
60, 196
60, 239
59, 240
59, 252
58, 253
58, 260
57, 261
57, 266
56, 267
56, 270
55, 271
55, 274
54, 275
53, 279
53, 281
52, 282
52, 283
51, 284
51, 285
50, 286
50, 287
49, 288
49, 289
47, 291
47, 292
43, 296
42, 296
40, 298
38, 298
37, 299
27, 298
26, 298
25, 297
24, 297
23, 296
22, 296
17, 291
17, 290
16, 289
16, 285
15, 284
15, 279
14, 278
14, 273
13, 272
13, 264
12, 263
12, 255
11, 254
12, 246
12, 244
13, 243
13, 242
14, 241
14, 240
15, 239
15, 238
16, 237
16, 236
17, 235
17, 234
19, 232
19, 231
20, 230
20, 229
22, 227
22, 226
24, 224
24, 223
27, 220
27, 219
40, 206
41, 206
44, 203
45, 203
47, 201
48, 201
50, 199
51, 199
53, 197
54, 197
55, 196
70, 190
71, 189
83, 190
84, 190
85, 191
86, 191
90, 195
90, 196
92, 198
92, 199
93, 200
93, 201
94, 202
94, 203
95, 204
95, 205
96, 206
96, 208
97, 209
97, 212
98, 213
98, 215
99, 216
99, 220
100, 221
100, 225
101, 226
101, 235
102, 236
102, 258
101, 259
101, 267
100, 268
100, 274
99, 275
99, 279
98, 280
97, 285
97, 288
96, 289
96, 292
95, 293
95, 296
94, 297
94, 299
93, 300
93, 302
92, 303
92, 305
91, 306
91, 308
90, 309
90, 310
89, 311
89, 312
88, 313
88, 315
87, 316
87, 317
86, 318
86, 319
85, 320
85, 321
83, 323
83, 324
82, 325
82, 326
80, 328
80, 329
78, 331
78, 332
74, 336
74, 337
66, 345
65, 345
62, 348
61, 348
60, 349
59, 349
58, 350
57, 350
56, 351
53, 351
52, 352
48, 351
45, 351
44, 350
43, 350
41, 348
40, 348
37, 345
37, 344
33, 340
33, 339
32, 338
32, 337
31, 336
31, 335
30, 334
30, 333
29, 332
29, 331
28, 330
28, 329
27, 328
27, 326
26, 325
26, 323
25, 322
25, 320
24, 319
24, 318
23, 317
23, 315
22, 314
22, 311
21, 310
21, 307
20, 306
20, 303
19, 302
19, 299
18, 298
19, 296
20, 297
21, 297
22, 298
23, 298
24, 299
25, 299
26, 300
28, 300
29, 301
37, 301
38, 300
40, 300
41, 299
42, 299
45, 296
46, 296
46, 295
49, 292
49, 291
51, 289
51, 288
52, 287
52, 286
53, 285
53, 284
54, 283
54, 281
55, 280
55, 278
56, 277
56, 275
57, 274
57, 271
58, 270
58, 266
59, 265
59, 259
60, 258
60, 251
61, 250
61, 236
62, 235
62, 198
61, 197
61, 195
62, 194
62, 193
63, 192
64, 192
65, 191
66, 191
67, 190
5, 2
105, 2
107, 4
107, 367
105, 369
5, 369
3, 367
3, 272
4, 271
5, 271
6, 272
6, 276
7, 277
7, 279
8, 280
8, 282
9, 283
9, 284
11, 286
11, 287
12, 288
12, 289
14, 291
14, 292
15, 293
15, 294
16, 295
16, 298
17, 299
17, 301
18, 302
18, 305
19, 306
19, 309
20, 310
20, 313
21, 314
21, 316
22, 317
22, 319
23, 320
23, 322
24, 323
24, 325
25, 326
25, 328
26, 329
26, 330
27, 331
27, 332
28, 333
28, 334
29, 335
29, 336
30, 337
30, 338
31, 339
31, 340
34, 343
34, 344
40, 350
41, 350
43, 352
44, 352
45, 353
49, 353
50, 354
51, 354
52, 353
55, 353
56, 352
58, 352
59, 351
60, 351
61, 350
62, 350
64, 348
65, 348
78, 335
78, 334
80, 332
80, 331
82, 329
82, 328
84, 326
84, 325
85, 324
85, 323
86, 322
86, 321
88, 319
88, 318
89, 317
89, 315
90, 314
90, 313
91, 312
91, 311
92, 310
92, 308
93, 307
93, 305
94, 304
94, 302
95, 301
95, 299
96, 298
96, 296
97, 295
97, 292
98, 291
98, 288
99, 287
99, 284
100, 283
100, 279
101, 278
101, 274
102, 273
102, 267
103, 266
103, 255
104, 254
104, 240
103, 239
103, 228
102, 227
102, 222
101, 221
101, 217
100, 216
100, 213
99, 212
99, 210
98, 209
98, 207
97, 206
97, 204
96, 203
96, 202
95, 201
95, 200
94, 199
94, 198
92, 196
92, 195
86, 189
85, 189
84, 188
82, 188
81, 187
71, 187
70, 188
68, 188
67, 189
65, 189
64, 190
62, 190
61, 189
61, 173
60, 172
60, 154
59, 153
59, 128
58, 127
58, 101
57, 100
57, 85
56, 84
56, 81
55, 81
55, 97
56, 98
56, 122
57, 123
57, 149
58, 150
58, 169
59, 170
59, 191
56, 194
55, 194
54, 195
53, 195
51, 197
50, 197
49, 198
48, 198
46, 200
45, 200
42, 203
41, 203
37, 207
36, 207
27, 216
27, 217
24, 220
24, 221
21, 224
21, 225
20, 226
20, 227
18, 229
18, 230
17, 231
17, 232
15, 234
15, 235
14, 236
14, 237
12, 239
11, 238
11, 231
10, 230
10, 225
11, 224
11, 205
12, 204
12, 195
13, 194
13, 187
14, 186
14, 178
15, 177
15, 172
16, 171
16, 167
17, 166
17, 161
18, 160
18, 155
19, 154
19, 150
20, 149
20, 146
21, 145
21, 142
22, 141
22, 138
23, 137
23, 134
24, 133
24, 131
25, 130
25, 128
26, 127
26, 124
27, 123
27, 121
28, 120
28, 118
29, 117
29, 115
30, 114
30, 113
31, 112
31, 110
32, 109
32, 107
33, 106
33, 105
34, 104
34, 102
35, 101
35, 100
36, 99
36, 97
37, 96
37, 95
38, 94
38, 92
39, 91
39, 90
40, 89
40, 88
41, 87
41, 86
42, 85
42, 84
43, 83
43, 82
44, 81
44, 80
45, 79
45, 77
46, 76
46, 75
47, 74
47, 73
48, 72
48, 71
49, 70
49, 69
50, 68
50, 67
51, 66
51, 65
52, 64
52, 63
53, 62
53, 61
54, 60
54, 59
55, 58
55, 57
56, 56
56, 55
58, 53
58, 52
59, 51
59, 50
61, 48
61, 47
62, 46
62, 45
64, 43
64, 42
65, 41
65, 40
67, 38
67, 37
69, 35
69, 34
71, 32
71, 31
73, 29
73, 28
75, 26
75, 25
77, 23
77, 22
79, 20
79, 19
80, 18
80, 17
79, 17
77, 19
77, 20
75, 22
75, 23
72, 26
72, 27
70, 29
70, 30
68, 32
68, 33
66, 35
66, 36
65, 37
65, 38
63, 40
63, 41
62, 42
62, 43
60, 45
60, 46
59, 47
59, 48
57, 50
57, 51
56, 52
56, 53
54, 55
54, 56
53, 57
53, 58
52, 59
52, 60
51, 61
51, 62
50, 63
50, 64
49, 65
49, 66
48, 67
48, 68
47, 69
47, 70
46, 71
46, 73
45, 74
45, 75
44, 76
44, 77
43, 78
43, 79
42, 80
42, 81
41, 82
41, 83
40, 84
40, 85
39, 86
39, 87
38, 88
38, 89
37, 90
37, 92
36, 93
36, 94
35, 95
35, 97
34, 98
34, 99
33, 100
33, 102
32, 103
32, 104
31, 105
31, 107
30, 108
30, 109
29, 110
29, 112
28, 113
28, 115
27, 116
27, 118
26, 119
26, 121
25, 122
25, 124
24, 125
24, 127
23, 128
23, 131
22, 132
22, 134
21, 135
21, 138
20, 139
20, 142
19, 143
19, 146
18, 147
18, 150
17, 151
17, 155
16, 156
16, 161
15, 162
15, 167
14, 168
14, 172
13, 173
13, 179
12, 180
12, 187
11, 188
11, 196
10, 197
10, 208
9, 209
9, 247
8, 248
8, 251
7, 252
7, 254
6, 255
6, 260
5, 261
4, 261
3, 260
3, 4
