20, 371
22, 373
22, 375
24, 375
24, 373
26, 371
83, 371
85, 373
85, 375
87, 375
87, 373
89, 371
146, 371
148, 373
148, 375
150, 375
150, 373
152, 371
209, 371
211, 373
211, 375
213, 375
213, 373
215, 371
273, 371
275, 373
275, 375
277, 375
277, 373
279, 371
336, 371
338, 373
338, 375
340, 373
342, 371
344, 371
340, 2
342, 367
4, 369
2, 4
309, 206
307, 208
307, 210
308, 211
308, 212
315, 219
316, 219
317, 220
318, 220
319, 221
320, 221
321, 222
323, 222
324, 223
325, 223
326, 222
327, 222
328, 221
328, 220
329, 219
329, 218
328, 217
325, 217
324, 218
323, 218
322, 217
321, 217
320, 216
319, 216
316, 213
315, 213
313, 211
313, 208
312, 207
312, 206
47, 16
46, 17
45, 17
44, 18
43, 18
40, 21
40, 22
39, 23
39, 24
38, 25
38, 27
37, 28
37, 32
36, 33
36, 39
35, 40
35, 48
34, 49
34, 60
33, 61
33, 93
34, 94
34, 104
35, 105
35, 111
36, 112
36, 118
37, 119
37, 123
38, 124
38, 128
39, 129
39, 132
40, 133
40, 136
41, 137
41, 141
42, 142
42, 144
43, 145
43, 148
44, 149
44, 152
45, 153
45, 155
46, 156
46, 158
47, 159
47, 162
48, 163
48, 165
49, 166
49, 169
50, 170
50, 172
51, 173
51, 176
52, 177
52, 179
53, 180
53, 181
54, 182
54, 184
55, 185
55, 187
56, 188
56, 189
57, 190
57, 192
58, 193
58, 194
59, 195
59, 197
60, 198
60, 199
61, 200
61, 202
62, 203
62, 204
63, 205
63, 207
64, 208
64, 209
65, 210
65, 212
66, 213
66, 214
67, 215
67, 216
68, 217
68, 218
69, 219
69, 220
70, 221
70, 223
71, 224
68, 224
68, 223
66, 221
66, 220
65, 219
65, 218
62, 215
62, 214
57, 209
57, 208
55, 206
54, 206
49, 201
48, 201
47, 200
45, 200
44, 199
43, 199
42, 200
41, 200
40, 201
39, 201
39, 202
37, 204
37, 205
36, 206
36, 208
35, 209
35, 213
34, 214
34, 228
33, 229
33, 236
32, 237
32, 240
28, 244
27, 244
25, 242
25, 241
23, 239
23, 238
22, 237
22, 236
21, 235
21, 233
20, 232
20, 231
19, 230
19, 229
20, 228
20, 226
19, 225
19, 224
18, 223
18, 222
16, 222
16, 226
17, 227
17, 229
18, 230
18, 232
19, 233
19, 234
20, 235
20, 236
21, 237
21, 239
22, 240
22, 241
27, 246
28, 246
29, 245
30, 245
32, 243
32, 242
33, 241
33, 240
34, 239
34, 236
35, 235
35, 225
36, 224
36, 213
37, 212
37, 208
38, 207
38, 206
39, 205
39, 204
42, 201
45, 201
46, 202
47, 202
49, 204
50, 204
59, 213
59, 214
62, 217
62, 218
64, 220
64, 221
66, 223
66, 224
68, 226
68, 227
69, 228
69, 229
71, 231
71, 232
72, 233
72, 234
74, 236
74, 237
75, 238
75, 239
76, 240
76, 241
77, 242
77, 243
78, 244
78, 245
79, 246
79, 247
80, 248
80, 249
81, 250
81, 252
82, 253
82, 254
83, 255
83, 256
84, 257
84, 258
85, 259
85, 260
86, 261
86, 263
87, 264
87, 268
88, 269
88, 275
89, 276
89, 281
90, 282
90, 287
91, 288
91, 293
92, 294
92, 299
93, 300
93, 305
94, 306
94, 311
95, 312
95, 316
96, 317
96, 321
97, 322
97, 325
98, 326
98, 329
99, 330
99, 333
100, 334
100, 336
101, 337
101, 340
102, 341
102, 343
103, 344
103, 346
104, 347
104, 348
105, 349
105, 350
106, 351
106, 352
107, 353
110, 353
111, 352
111, 350
112, 349
112, 337
111, 336
111, 330
110, 329
110, 324
109, 323
109, 320
108, 319
108, 316
107, 315
107, 313
106, 312
106, 310
105, 309
105, 307
104, 306
104, 304
103, 303
103, 301
102, 300
102, 298
101, 297
101, 295
100, 294
100, 292
99, 291
99, 289
98, 288
98, 286
97, 285
97, 283
96, 282
96, 280
95, 279
95, 277
94, 276
94, 275
93, 274
93, 273
92, 272
92, 270
91, 269
91, 268
90, 267
90, 265
89, 264
89, 262
88, 261
88, 254
87, 253
87, 241
88, 240
90, 240
91, 239
92, 239
97, 234
97, 233
96, 232
95, 232
94, 231
94, 230
95, 229
95, 226
96, 225
96, 204
95, 203
95, 198
94, 197
94, 194
93, 193
93, 190
92, 189
92, 186
91, 185
91, 182
90, 181
90, 178
89, 177
89, 174
88, 173
90, 169
90, 170
91, 171
91, 172
93, 174
93, 175
94, 176
94, 178
95, 179
95, 180
96, 181
96, 182
97, 183
97, 184
98, 185
98, 186
99, 187
99, 189
100, 190
100, 191
101, 192
101, 193
102, 194
102, 195
103, 196
103, 198
104, 199
104, 201
105, 202
105, 204
106, 205
106, 206
107, 207
107, 209
108, 210
108, 212
109, 213
109, 214
110, 215
110, 217
111, 218
111, 219
112, 220
112, 221
113, 222
113, 223
114, 224
114, 225
116, 227
116, 228
118, 230
118, 231
122, 235
123, 235
124, 236
133, 236
134, 237
136, 237
137, 236
136, 235
136, 231
135, 230
135, 224
134, 223
134, 213
133, 212
133, 199
132, 198
132, 185
131, 184
131, 169
132, 168
134, 170
134, 173
135, 174
135, 176
136, 177
136, 179
137, 180
137, 182
138, 183
138, 184
139, 185
139, 187
140, 188
140, 190
141, 191
141, 192
142, 193
142, 194
143, 195
143, 197
144, 198
144, 199
145, 200
145, 201
146, 202
146, 203
147, 204
147, 205
148, 206
148, 207
149, 208
149, 209
151, 211
151, 212
152, 213
152, 214
153, 215
153, 216
154, 217
154, 218
155, 219
155, 220
159, 224
160, 224
161, 225
162, 225
163, 226
164, 226
166, 228
167, 228
170, 231
171, 231
172, 232
174, 232
175, 231
175, 229
174, 229
173, 228
171, 228
170, 227
170, 226
168, 224
168, 222
167, 221
167, 220
166, 219
166, 217
165, 216
165, 215
164, 214
164, 212
163, 211
163, 208
162, 207
162, 203
161, 202
161, 195
160, 194
160, 188
161, 187
161, 177
162, 176
162, 174
163, 173
163, 172
164, 171
164, 170
166, 168
167, 168
169, 166
171, 166
172, 165
178, 165
179, 166
182, 166
183, 167
184, 167
185, 168
186, 168
189, 171
189, 172
192, 175
192, 176
193, 177
193, 178
195, 180
195, 181
196, 182
196, 183
197, 184
197, 186
198, 187
198, 193
199, 194
199, 200
198, 201
198, 206
197, 207
197, 210
196, 211
196, 213
195, 214
195, 216
196, 217
198, 215
198, 213
199, 212
199, 210
200, 209
200, 206
201, 205
201, 190
202, 189
202, 183
203, 182
203, 181
204, 180
205, 180
212, 187
212, 188
216, 192
216, 193
218, 195
218, 196
221, 199
221, 200
224, 203
224, 204
226, 206
226, 207
227, 208
227, 209
229, 211
229, 212
230, 213
230, 214
231, 215
231, 216
232, 217
232, 219
233, 220
233, 221
234, 222
234, 223
235, 224
235, 226
236, 227
236, 231
237, 232
237, 244
238, 245
238, 256
239, 257
239, 269
240, 270
240, 280
241, 281
241, 289
242, 290
242, 295
243, 296
243, 301
244, 302
244, 306
245, 307
245, 309
246, 310
246, 313
247, 314
247, 316
248, 317
248, 320
249, 321
249, 322
250, 323
250, 325
251, 326
251, 328
252, 329
252, 330
253, 331
253, 332
254, 333
254, 334
255, 335
255, 336
257, 338
260, 338
261, 337
261, 336
262, 335
262, 318
261, 317
261, 310
260, 309
260, 302
259, 301
259, 295
258, 294
258, 288
257, 287
257, 283
256, 282
256, 279
255, 278
255, 275
254, 274
254, 271
253, 270
253, 268
252, 267
252, 265
251, 264
251, 262
250, 261
250, 259
249, 258
249, 257
248, 256
248, 254
247, 253
247, 251
246, 250
246, 248
245, 247
245, 245
244, 244
244, 242
243, 241
243, 239
242, 238
242, 237
241, 236
241, 234
240, 233
240, 232
239, 231
239, 229
238, 228
238, 221
237, 220
237, 204
236, 203
236, 202
237, 201
238, 201
242, 205
242, 206
244, 206
244, 197
245, 196
245, 194
244, 193
244, 188
245, 187
245, 185
246, 184
246, 182
247, 181
247, 178
248, 177
248, 175
249, 174
249, 172
250, 171
250, 168
251, 167
251, 163
252, 162
252, 160
253, 159
254, 160
254, 161
255, 162
255, 184
254, 185
254, 190
253, 191
253, 194
252, 195
252, 198
251, 199
251, 202
250, 203
250, 206
249, 207
249, 208
248, 209
248, 210
246, 212
246, 214
247, 215
247, 216
248, 217
248, 218
251, 221
251, 222
256, 227
257, 227
262, 232
263, 232
273, 242
273, 243
277, 247
278, 247
280, 249
282, 249
284, 247
284, 246
285, 245
285, 244
284, 243
283, 244
283, 245
281, 247
280, 247
273, 240
273, 239
266, 232
265, 232
262, 229
261, 229
250, 218
250, 217
249, 216
249, 215
248, 214
248, 212
250, 210
250, 209
251, 208
251, 206
252, 205
252, 202
253, 201
253, 198
254, 197
254, 194
255, 193
255, 190
256, 189
256, 183
257, 182
257, 164
256, 163
256, 156
255, 155
255, 154
253, 154
251, 156
251, 159
250, 160
250, 164
249, 165
249, 168
248, 169
248, 172
247, 173
247, 175
246, 176
246, 178
245, 179
245, 181
244, 182
244, 185
243, 186
243, 188
242, 189
242, 200
241, 201
238, 198
238, 197
237, 196
237, 195
236, 194
236, 188
235, 187
235, 176
234, 175
234, 165
233, 164
233, 155
232, 154
232, 145
231, 144
231, 134
230, 133
230, 123
229, 122
229, 112
228, 111
228, 104
227, 103
227, 98
226, 97
226, 93
225, 92
225, 87
224, 86
224, 83
223, 82
223, 79
222, 78
222, 76
221, 75
221, 72
220, 71
220, 69
219, 68
219, 67
218, 66
217, 66
216, 67
215, 67
214, 68
214, 69
213, 70
213, 71
212, 72
212, 73
211, 74
211, 75
210, 76
210, 78
209, 79
209, 82
208, 83
208, 87
207, 88
207, 96
206, 97
206, 117
207, 118
207, 127
208, 128
208, 131
209, 132
209, 136
210, 137
210, 139
211, 140
211, 142
212, 143
212, 145
213, 146
213, 147
214, 148
214, 150
215, 151
215, 152
216, 153
216, 155
217, 156
217, 157
218, 158
218, 160
219, 161
219, 163
220, 164
220, 166
221, 167
221, 168
222, 169
222, 170
223, 171
223, 173
224, 174
224, 175
225, 176
225, 178
226, 179
226, 180
227, 181
227, 182
228, 183
228, 184
229, 185
229, 186
230, 187
230, 188
231, 189
231, 190
232, 191
232, 192
233, 193
233, 194
234, 195
234, 199
235, 200
235, 216
234, 217
232, 215
232, 214
231, 213
231, 212
230, 211
230, 210
229, 209
229, 208
228, 207
228, 206
226, 204
226, 203
225, 202
225, 201
220, 196
220, 195
218, 193
218, 192
216, 190
216, 189
210, 183
210, 182
207, 179
206, 179
205, 178
203, 178
202, 179
202, 180
201, 181
201, 183
200, 184
199, 184
197, 182
197, 180
195, 178
195, 177
194, 176
194, 175
191, 172
191, 171
186, 166
185, 166
184, 165
182, 165
181, 164
178, 164
177, 163
172, 163
171, 164
170, 164
169, 165
168, 165
167, 166
166, 166
162, 170
162, 171
161, 172
161, 173
160, 174
160, 177
159, 178
159, 201
160, 202
160, 206
161, 207
161, 210
162, 211
162, 213
163, 214
163, 216
164, 217
164, 218
165, 219
165, 221
166, 222
166, 224
165, 225
164, 224
163, 224
162, 223
161, 223
160, 222
159, 222
157, 220
157, 219
156, 218
156, 217
155, 216
155, 215
153, 213
153, 212
152, 211
152, 210
151, 209
151, 208
150, 207
150, 206
148, 204
148, 203
147, 202
147, 201
146, 200
146, 198
145, 197
145, 196
144, 195
144, 194
143, 193
143, 191
142, 190
142, 189
141, 188
141, 186
140, 185
140, 183
139, 182
139, 181
138, 180
138, 178
137, 177
137, 174
136, 173
136, 171
135, 170
135, 168
134, 167
134, 166
133, 165
133, 163
132, 162
132, 159
131, 158
130, 158
129, 159
129, 182
130, 183
130, 195
131, 196
131, 209
132, 210
132, 222
133, 223
133, 229
134, 230
134, 233
133, 234
124, 234
123, 233
122, 233
120, 231
120, 230
118, 228
118, 227
116, 225
116, 224
115, 223
115, 222
114, 221
114, 220
113, 219
113, 218
112, 217
112, 216
111, 215
111, 213
110, 212
110, 211
109, 210
109, 208
108, 207
108, 205
107, 204
107, 203
106, 202
106, 200
105, 199
105, 197
104, 196
104, 195
103, 194
103, 192
102, 191
102, 190
101, 189
101, 188
100, 187
100, 186
99, 185
99, 183
98, 182
98, 181
97, 180
97, 179
96, 178
96, 177
95, 176
95, 175
94, 174
94, 173
93, 172
93, 171
92, 170
92, 169
91, 168
91, 167
90, 166
90, 165
89, 164
89, 163
88, 162
88, 161
87, 160
87, 159
86, 158
86, 157
85, 156
84, 156
83, 157
83, 160
84, 161
84, 164
85, 165
85, 168
86, 169
86, 172
87, 173
87, 176
88, 177
88, 180
89, 181
89, 184
90, 185
90, 188
91, 189
91, 192
92, 193
92, 196
93, 197
93, 201
94, 202
94, 227
93, 228
93, 230
89, 234
90, 235
91, 235
92, 236
92, 237
91, 238
87, 238
86, 237
86, 227
85, 226
85, 213
84, 212
84, 203
83, 202
83, 194
82, 193
82, 186
81, 185
81, 177
80, 176
80, 168
79, 167
79, 160
78, 159
78, 153
77, 152
77, 145
76, 144
76, 138
75, 137
75, 131
74, 130
74, 123
73, 122
73, 116
72, 115
72, 109
71, 108
71, 102
70, 101
70, 95
69, 94
69, 88
68, 87
68, 81
67, 80
67, 73
66, 72
66, 67
65, 66
65, 61
64, 60
64, 55
63, 54
63, 50
62, 49
62, 45
61, 44
61, 40
60, 39
60, 36
59, 35
59, 32
58, 31
58, 29
57, 28
57, 26
56, 25
56, 23
55, 22
55, 21
53, 19
53, 18
52, 18
50, 16
91, 277
92, 276
93, 277
93, 278
94, 279
94, 281
95, 282
95, 284
96, 285
96, 287
97, 288
97, 290
98, 291
98, 293
99, 294
99, 296
100, 297
100, 299
101, 300
101, 302
102, 303
102, 305
103, 306
103, 308
104, 309
104, 311
105, 312
105, 314
106, 315
106, 318
107, 319
107, 322
108, 323
108, 327
109, 328
109, 334
110, 335
110, 350
109, 351
108, 351
107, 350
107, 349
106, 348
106, 347
105, 346
105, 345
104, 344
104, 342
103, 341
103, 338
102, 337
102, 335
101, 334
101, 331
100, 330
100, 327
99, 326
99, 323
98, 322
98, 318
97, 317
97, 313
96, 312
96, 307
95, 306
95, 301
94, 300
94, 295
93, 294
93, 290
92, 289
92, 284
91, 283
239, 240
240, 239
242, 241
242, 243
243, 244
243, 246
244, 247
244, 249
245, 250
245, 252
246, 253
246, 255
247, 256
247, 258
248, 259
248, 261
249, 262
249, 264
250, 265
250, 267
251, 268
251, 270
252, 271
252, 273
253, 274
253, 277
254, 278
254, 281
255, 282
255, 286
256, 287
256, 292
257, 293
257, 299
258, 300
258, 307
259, 308
259, 315
260, 316
260, 325
261, 326
261, 332
260, 333
260, 335
259, 336
258, 336
255, 333
255, 332
254, 331
254, 329
253, 328
253, 327
252, 326
252, 324
251, 323
251, 321
250, 320
250, 318
249, 317
249, 315
248, 314
248, 311
247, 310
247, 308
246, 307
246, 303
245, 302
245, 298
244, 297
244, 291
243, 290
243, 283
242, 282
242, 273
241, 272
241, 260
240, 259
240, 247
239, 246
81, 238
82, 238
85, 241
85, 252
84, 253
83, 252
83, 251
82, 250
82, 249
81, 248
81, 247
80, 246
80, 244
79, 243
79, 242
78, 241
78, 240
77, 239
77, 238
75, 236
75, 235
74, 234
75, 231
73, 232
72, 226
70, 227
216, 69
217, 69
219, 71
219, 74
220, 75
220, 77
221, 78
221, 81
222, 82
222, 85
223, 86
223, 90
224, 91
224, 96
225, 97
225, 102
226, 103
226, 109
227, 110
227, 120
228, 121
228, 131
229, 132
229, 142
230, 143
230, 152
231, 153
231, 162
232, 163
232, 173
233, 174
233, 185
234, 186
234, 187
233, 188
230, 185
230, 184
229, 183
229, 182
228, 181
228, 179
227, 178
227, 177
226, 176
226, 174
225, 173
225, 172
224, 171
224, 170
223, 169
223, 167
222, 166
222, 165
221, 164
221, 162
220, 161
220, 159
219, 158
219, 156
218, 155
218, 154
217, 153
217, 151
216, 150
216, 149
215, 148
215, 147
214, 146
214, 144
213, 143
213, 141
212, 140
212, 138
211, 137
211, 133
210, 132
210, 129
209, 128
209, 120
208, 119
208, 94
209, 93
209, 87
210, 86
210, 82
211, 81
211, 78
212, 77
212, 76
213, 75
213, 73
214, 72
214, 71
45, 19
46, 18
50, 18
53, 21
53, 22
54, 23
54, 24
55, 25
55, 27
56, 28
56, 30
57, 31
57, 34
58, 35
58, 38
59, 39
59, 43
60, 44
60, 47
61, 48
61, 53
62, 54
62, 58
63, 59
63, 65
64, 66
64, 71
65, 72
65, 78
66, 79
66, 85
67, 86
67, 92
68, 93
68, 99
69, 100
69, 106
70, 107
70, 113
71, 114
71, 120
72, 121
72, 128
73, 129
73, 136
74, 137
74, 143
75, 144
75, 150
76, 151
76, 158
77, 159
77, 166
78, 167
78, 174
79, 175
79, 183
80, 184
80, 192
81, 193
81, 200
82, 201
82, 210
83, 211
83, 222
84, 223
84, 236
83, 237
76, 230
76, 229
74, 227
74, 226
73, 225
73, 224
72, 223
72, 222
71, 221
71, 220
70, 219
70, 217
69, 216
69, 215
68, 214
68, 213
67, 212
67, 211
66, 210
66, 208
65, 207
65, 206
64, 205
64, 203
63, 202
63, 201
62, 200
62, 198
61, 197
61, 196
60, 195
60, 193
59, 192
59, 191
58, 190
58, 188
57, 187
57, 186
56, 185
56, 183
55, 182
55, 180
54, 179
54, 177
53, 176
53, 174
52, 173
52, 171
51, 170
51, 167
50, 166
50, 164
49, 163
49, 160
48, 159
48, 157
47, 156
47, 153
46, 152
46, 150
45, 149
45, 146
44, 145
44, 143
43, 142
43, 139
42, 138
42, 134
41, 133
41, 130
40, 129
40, 125
39, 124
39, 120
38, 119
38, 113
37, 112
37, 106
36, 105
36, 97
35, 96
35, 58
36, 57
36, 47
37, 46
37, 39
38, 38
38, 32
39, 31
39, 27
40, 26
40, 25
41, 24
41, 23
42, 22
42, 21
44, 19
