254, 2
256, 367
4, 369
2, 4
220, 248
219, 249
218, 249
218, 251
219, 252
219, 253
220, 254
220, 255
229, 264
230, 264
231, 265
232, 265
233, 266
234, 266
235, 267
236, 267
237, 268
239, 268
240, 269
246, 269
247, 268
247, 265
242, 265
241, 264
239, 264
238, 263
236, 263
235, 262
234, 262
232, 260
231, 260
224, 253
224, 252
222, 250
222, 249
221, 248
96, 15
95, 16
94, 16
92, 18
92, 19
91, 20
91, 22
90, 23
90, 28
89, 29
89, 59
90, 60
90, 71
91, 72
91, 81
92, 82
92, 88
93, 89
93, 96
94, 97
94, 103
95, 104
95, 108
96, 109
96, 114
97, 115
97, 119
98, 120
98, 124
99, 125
99, 129
100, 130
100, 133
101, 134
101, 137
102, 138
102, 141
103, 142
103, 145
104, 146
104, 148
105, 149
105, 152
106, 153
106, 155
107, 156
107, 158
108, 159
108, 161
109, 162
109, 164
110, 165
110, 166
111, 167
111, 169
112, 170
112, 172
113, 173
113, 174
114, 175
114, 177
115, 178
115, 179
116, 180
116, 182
117, 183
117, 184
118, 185
118, 186
119, 187
119, 188
120, 189
120, 190
121, 191
121, 192
122, 193
122, 195
123, 196
123, 197
124, 198
124, 199
126, 201
126, 202
127, 203
127, 204
128, 205
128, 206
129, 207
129, 208
131, 210
131, 211
132, 212
132, 213
136, 217
138, 217
139, 216
139, 204
138, 203
138, 201
139, 200
139, 199
140, 198
141, 199
141, 200
142, 201
142, 205
143, 206
143, 209
144, 210
144, 214
145, 215
145, 218
146, 219
146, 222
147, 223
147, 226
148, 227
148, 231
149, 232
149, 235
150, 236
150, 239
151, 240
151, 243
152, 244
152, 247
153, 248
153, 251
154, 252
154, 254
153, 255
152, 254
152, 253
151, 252
151, 251
150, 250
150, 249
149, 248
149, 247
147, 245
147, 244
146, 243
146, 242
145, 241
145, 240
143, 238
143, 237
142, 236
142, 235
140, 233
140, 232
139, 231
139, 230
137, 228
137, 227
133, 223
129, 223
125, 219
125, 218
122, 215
121, 215
120, 214
119, 214
118, 213
117, 213
116, 214
115, 214
114, 215
112, 215
105, 208
105, 207
104, 207
103, 206
103, 205
102, 204
102, 203
101, 202
101, 198
100, 197
100, 192
99, 191
99, 187
98, 186
98, 182
97, 181
97, 176
96, 175
96, 171
95, 170
95, 167
94, 166
94, 162
93, 161
93, 157
92, 156
92, 153
91, 152
91, 149
90, 148
90, 145
89, 144
89, 141
88, 140
88, 137
87, 136
87, 133
86, 132
86, 129
85, 128
85, 126
84, 125
84, 122
83, 121
83, 119
82, 118
82, 116
81, 115
81, 112
80, 111
80, 109
79, 108
79, 106
78, 105
78, 103
77, 102
77, 101
76, 100
76, 98
75, 97
75, 95
74, 94
74, 92
73, 91
73, 90
72, 89
72, 87
71, 86
71, 84
70, 83
70, 82
69, 81
69, 80
68, 79
68, 77
67, 76
67, 75
66, 74
66, 73
65, 72
65, 71
64, 70
64, 68
63, 67
63, 66
62, 65
62, 64
61, 63
61, 62
60, 61
60, 60
59, 59
59, 58
57, 56
57, 55
56, 54
56, 53
55, 52
55, 51
53, 49
53, 48
51, 46
51, 45
49, 43
49, 42
45, 38
45, 37
40, 32
39, 32
37, 30
36, 30
34, 28
32, 28
31, 27
23, 27
22, 28
21, 28
20, 29
19, 29
16, 32
16, 33
14, 35
14, 36
13, 37
13, 39
12, 40
12, 43
11, 44
11, 50
10, 51
10, 63
11, 64
11, 74
12, 75
12, 82
13, 83
13, 87
14, 88
14, 92
15, 93
15, 97
16, 98
16, 102
17, 103
17, 106
18, 107
18, 110
19, 111
19, 114
20, 115
20, 117
21, 118
21, 121
22, 122
22, 124
23, 125
23, 127
24, 128
24, 130
25, 131
25, 134
26, 135
26, 137
27, 138
27, 140
28, 141
28, 143
29, 144
29, 146
30, 147
30, 149
31, 150
31, 151
32, 152
32, 154
33, 155
33, 157
34, 158
34, 159
35, 160
35, 162
36, 163
36, 164
37, 165
37, 167
38, 168
38, 169
39, 170
39, 171
40, 172
40, 173
41, 174
41, 176
42, 177
42, 178
43, 179
43, 180
44, 181
44, 182
45, 183
45, 184
46, 185
46, 186
47, 187
47, 188
48, 189
48, 190
49, 191
49, 192
50, 193
50, 194
51, 195
51, 196
53, 198
53, 199
54, 200
54, 201
55, 202
55, 203
56, 204
56, 205
58, 207
58, 208
59, 209
59, 210
60, 211
60, 212
61, 213
61, 214
63, 216
63, 217
64, 218
64, 219
66, 221
66, 222
67, 223
67, 224
69, 226
69, 227
70, 228
70, 229
72, 231
72, 232
74, 234
74, 235
76, 237
76, 238
78, 240
78, 241
80, 243
80, 244
82, 246
82, 247
84, 249
84, 250
87, 253
87, 254
89, 256
89, 257
92, 260
92, 261
95, 261
95, 252
94, 251
94, 247
93, 246
93, 242
92, 241
92, 237
91, 236
91, 230
90, 229
90, 208
91, 207
91, 206
93, 204
96, 204
99, 207
99, 210
100, 211
100, 216
101, 217
101, 222
102, 223
102, 229
103, 230
103, 236
104, 237
104, 243
105, 244
105, 250
106, 251
106, 259
107, 260
107, 267
108, 268
108, 276
109, 277
109, 283
108, 284
107, 283
107, 282
106, 281
106, 280
104, 278
104, 277
102, 275
102, 274
100, 272
100, 271
93, 264
92, 264
91, 263
90, 263
89, 262
86, 262
85, 263
84, 263
82, 261
82, 260
80, 258
80, 257
77, 254
77, 253
74, 250
73, 250
72, 249
70, 249
68, 251
68, 257
67, 258
66, 258
65, 257
65, 256
63, 254
63, 253
62, 252
62, 251
60, 249
60, 248
59, 247
59, 246
58, 245
58, 243
57, 242
57, 241
58, 240
58, 238
55, 238
54, 239
54, 244
55, 245
55, 246
56, 247
56, 248
57, 249
57, 250
58, 251
58, 252
59, 253
59, 254
61, 256
61, 257
63, 259
63, 260
65, 262
65, 263
66, 264
66, 265
68, 267
68, 268
69, 269
69, 270
70, 271
72, 271
73, 270
73, 269
72, 268
72, 266
71, 265
71, 255
72, 254
73, 254
75, 256
75, 257
78, 260
78, 261
80, 263
80, 264
81, 265
81, 266
82, 267
82, 269
83, 270
83, 271
84, 272
85, 272
86, 271
86, 267
87, 266
89, 266
90, 267
91, 267
98, 274
98, 275
100, 277
100, 278
102, 280
102, 281
103, 282
103, 283
105, 285
105, 286
106, 287
106, 288
107, 289
107, 290
108, 291
108, 292
109, 293
109, 294
110, 295
110, 297
111, 298
111, 303
112, 304
112, 312
113, 313
113, 319
114, 320
114, 325
115, 326
115, 330
116, 331
116, 333
117, 334
117, 335
118, 336
118, 337
119, 338
120, 338
121, 339
122, 338
123, 338
123, 327
122, 326
122, 322
121, 321
121, 317
120, 316
120, 313
119, 312
119, 310
118, 309
118, 307
117, 306
117, 304
116, 303
116, 301
115, 300
115, 298
114, 297
114, 293
113, 292
113, 284
112, 283
112, 275
111, 274
111, 266
110, 265
110, 258
109, 257
109, 249
108, 248
108, 242
107, 241
107, 235
106, 234
106, 228
105, 227
105, 222
104, 221
104, 215
103, 214
103, 213
104, 212
111, 219
111, 220
112, 221
112, 224
113, 225
113, 230
114, 231
114, 233
115, 234
115, 236
116, 237
116, 238
117, 239
117, 240
118, 241
118, 242
119, 243
119, 244
123, 248
124, 248
125, 249
126, 249
128, 247
128, 244
127, 243
127, 240
126, 239
126, 238
125, 237
125, 235
124, 234
124, 233
123, 232
123, 231
122, 230
122, 229
121, 228
121, 227
119, 225
119, 224
117, 222
117, 221
116, 220
116, 218
117, 217
119, 217
123, 221
123, 222
126, 225
126, 226
127, 227
127, 228
128, 229
128, 232
129, 233
129, 234
131, 236
133, 236
134, 235
134, 233
133, 232
133, 231
132, 230
132, 229
133, 228
135, 230
135, 231
137, 233
137, 234
138, 235
138, 236
140, 238
140, 239
141, 240
141, 241
142, 242
142, 243
144, 245
144, 246
145, 247
145, 248
146, 249
146, 250
147, 251
147, 252
149, 254
149, 256
150, 257
150, 258
151, 259
151, 260
152, 261
152, 263
153, 264
153, 265
154, 266
154, 268
155, 269
155, 271
156, 272
156, 274
157, 275
157, 277
158, 278
158, 279
159, 280
159, 282
160, 283
160, 285
161, 286
161, 288
162, 289
162, 291
163, 292
163, 294
164, 295
164, 297
165, 298
165, 300
166, 301
166, 304
167, 305
167, 307
168, 308
168, 311
169, 312
169, 315
170, 316
170, 319
171, 320
171, 324
172, 325
172, 328
173, 329
173, 332
174, 333
174, 336
175, 337
175, 340
176, 341
176, 343
177, 344
177, 346
178, 347
178, 349
179, 350
179, 351
180, 352
180, 353
181, 354
184, 354
184, 347
183, 346
183, 344
182, 343
182, 341
181, 340
181, 338
180, 337
180, 335
179, 334
179, 331
178, 330
178, 328
177, 327
177, 325
176, 324
176, 322
175, 321
175, 319
174, 318
174, 316
173, 315
173, 312
172, 311
172, 309
171, 308
171, 306
170, 305
170, 302
169, 301
169, 298
168, 297
168, 294
167, 293
167, 290
166, 289
166, 286
165, 285
165, 282
164, 281
164, 278
163, 277
163, 274
162, 273
162, 270
161, 269
161, 266
160, 265
160, 262
159, 261
159, 258
158, 257
158, 254
157, 253
157, 250
156, 249
156, 246
155, 245
155, 242
154, 241
154, 238
153, 237
153, 234
152, 233
152, 230
151, 229
151, 226
150, 225
150, 222
149, 221
149, 217
148, 216
148, 213
147, 212
147, 209
146, 208
146, 204
145, 203
145, 202
146, 201
155, 210
155, 211
157, 213
157, 214
158, 215
158, 216
159, 217
158, 218
158, 221
159, 222
159, 227
160, 228
160, 230
161, 231
161, 232
162, 233
166, 233
166, 232
167, 231
167, 227
166, 226
166, 223
165, 222
165, 221
164, 220
164, 218
163, 217
163, 216
164, 215
165, 215
167, 217
167, 218
169, 220
169, 221
170, 222
170, 226
172, 228
174, 228
174, 223
175, 222
182, 222
182, 220
181, 219
178, 219
177, 218
176, 218
175, 219
172, 219
171, 218
171, 217
169, 215
169, 214
167, 212
166, 212
165, 211
162, 211
161, 212
157, 208
157, 207
147, 197
146, 197
143, 194
143, 190
142, 189
142, 186
141, 185
141, 181
140, 180
140, 176
139, 175
139, 171
138, 170
138, 166
137, 165
137, 162
136, 161
136, 157
135, 156
135, 152
134, 151
134, 147
133, 146
133, 142
132, 141
132, 138
131, 137
131, 133
130, 132
130, 129
129, 128
129, 124
128, 123
128, 119
127, 118
127, 115
126, 114
126, 111
125, 110
125, 106
124, 105
124, 102
123, 101
123, 98
122, 97
122, 93
121, 92
121, 89
120, 88
120, 85
119, 84
119, 81
118, 80
118, 77
117, 76
117, 73
116, 72
116, 69
115, 68
115, 65
114, 64
114, 61
113, 60
113, 57
112, 56
112, 53
111, 52
111, 50
110, 49
110, 46
109, 45
109, 43
108, 42
108, 39
107, 38
107, 36
106, 35
106, 33
105, 32
105, 30
104, 29
104, 27
103, 26
103, 25
102, 24
102, 22
101, 21
101, 20
99, 18
99, 17
98, 16
97, 16
121, 235
121, 236
122, 237
122, 238
123, 240
120, 239
120, 238
120, 233
118, 234
119, 231
117, 232
23, 31
24, 30
30, 30
31, 31
32, 31
33, 32
34, 32
36, 34
37, 34
44, 41
44, 42
47, 45
47, 46
49, 48
49, 49
51, 51
51, 52
52, 53
52, 54
54, 56
54, 57
55, 58
55, 59
56, 60
56, 61
57, 62
57, 63
58, 64
58, 65
59, 66
59, 67
60, 68
60, 69
61, 70
61, 71
62, 72
62, 73
63, 74
63, 75
64, 76
64, 78
65, 79
65, 80
66, 81
66, 82
67, 83
67, 85
68, 86
68, 87
69, 88
69, 90
70, 91
70, 93
71, 94
71, 95
72, 96
72, 98
73, 99
73, 101
74, 102
74, 104
75, 105
75, 107
76, 108
76, 110
77, 111
77, 113
78, 114
78, 116
79, 117
79, 119
80, 120
80, 123
81, 124
81, 126
82, 127
82, 130
83, 131
83, 133
84, 134
84, 137
85, 138
85, 141
86, 142
86, 145
87, 146
87, 149
88, 150
88, 154
89, 155
89, 158
90, 159
90, 163
91, 164
91, 167
92, 168
92, 172
93, 173
93, 177
94, 178
94, 182
95, 183
95, 187
96, 188
96, 193
97, 194
97, 198
98, 199
98, 200
97, 201
96, 201
95, 200
92, 200
88, 204
88, 206
87, 207
87, 215
86, 216
86, 219
87, 220
87, 231
88, 232
88, 238
89, 239
89, 243
90, 244
90, 248
91, 249
91, 250
90, 251
86, 247
86, 246
84, 244
84, 243
82, 241
82, 240
80, 238
80, 237
78, 235
78, 234
76, 232
76, 231
74, 229
74, 228
73, 227
73, 226
71, 224
71, 223
69, 221
69, 220
68, 219
68, 218
67, 217
67, 216
65, 214
65, 213
64, 212
64, 211
62, 209
62, 208
61, 207
61, 206
60, 205
60, 204
59, 203
59, 202
57, 200
57, 199
56, 198
56, 197
55, 196
55, 195
54, 194
54, 193
53, 192
53, 191
51, 189
51, 188
50, 187
50, 186
49, 185
49, 184
48, 183
48, 182
47, 181
47, 180
46, 179
46, 177
45, 176
45, 175
44, 174
44, 173
43, 172
43, 171
42, 170
42, 168
41, 167
41, 166
40, 165
40, 164
39, 163
39, 161
38, 160
38, 159
37, 158
37, 156
36, 155
36, 154
35, 153
35, 151
34, 150
34, 148
33, 147
33, 145
32, 144
32, 143
31, 142
31, 140
30, 139
30, 137
29, 136
29, 133
28, 132
28, 130
27, 129
27, 127
26, 126
26, 124
25, 123
25, 120
24, 119
24, 117
23, 116
23, 113
22, 112
22, 109
21, 108
21, 105
20, 104
20, 101
19, 100
19, 97
18, 96
18, 92
17, 91
17, 87
16, 86
16, 81
15, 80
15, 73
14, 72
14, 59
13, 58
13, 54
14, 53
14, 45
15, 44
15, 41
16, 40
16, 39
17, 38
17, 37
18, 36
18, 35
22, 31
94, 21
95, 20
96, 20
98, 22
98, 23
99, 24
99, 25
100, 26
100, 28
101, 29
101, 30
102, 31
102, 33
103, 34
103, 36
104, 37
104, 40
105, 41
105, 43
106, 44
106, 47
107, 48
107, 50
108, 51
108, 54
109, 55
109, 57
110, 58
110, 61
111, 62
111, 65
112, 66
112, 69
113, 70
113, 73
114, 74
114, 77
115, 78
115, 81
116, 82
116, 85
117, 86
117, 90
118, 91
118, 94
119, 95
119, 98
120, 99
120, 102
121, 103
121, 107
122, 108
122, 111
123, 112
123, 115
124, 116
124, 120
125, 121
125, 124
126, 125
126, 129
127, 130
127, 134
128, 135
128, 138
129, 139
129, 143
130, 144
130, 148
131, 149
131, 152
132, 153
132, 157
133, 158
133, 162
134, 163
134, 167
135, 168
135, 172
136, 173
136, 177
137, 178
137, 181
138, 182
138, 186
139, 187
139, 191
140, 192
140, 193
138, 195
137, 195
137, 196
136, 197
136, 198
135, 199
135, 205
136, 206
136, 209
135, 210
133, 208
133, 207
131, 205
131, 204
130, 203
130, 202
129, 201
129, 200
128, 199
128, 198
127, 197
127, 196
126, 195
126, 194
125, 193
125, 192
124, 191
124, 190
123, 189
123, 188
122, 187
122, 185
121, 184
121, 183
120, 182
120, 181
119, 180
119, 179
118, 178
118, 176
117, 175
117, 174
116, 173
116, 171
115, 170
115, 169
114, 168
114, 166
113, 165
113, 163
112, 162
112, 161
111, 160
111, 158
110, 157
110, 155
109, 154
109, 151
108, 150
108, 148
107, 147
107, 145
106, 144
106, 141
105, 140
105, 137
104, 136
104, 133
103, 132
103, 129
102, 128
102, 124
101, 123
101, 119
100, 118
100, 114
99, 113
99, 108
98, 107
98, 102
97, 101
97, 95
96, 94
96, 88
95, 87
95, 80
94, 79
94, 70
93, 69
93, 56
92, 55
92, 31
93, 30
93, 24
94, 23
