280, 2
282, 367
4, 369
2, 4
254, 266
253, 267
252, 267
252, 268
251, 269
251, 271
253, 273
254, 273
263, 282
264, 282
267, 285
268, 285
269, 286
272, 286
272, 285
273, 284
273, 281
272, 281
269, 278
268, 278
258, 268
257, 268
256, 267
255, 267
120, 15
119, 16
117, 16
113, 20
113, 21
112, 22
112, 23
111, 24
111, 25
110, 26
110, 27
109, 28
109, 30
108, 31
108, 34
107, 35
107, 39
106, 40
106, 46
105, 47
105, 81
106, 82
106, 87
107, 88
107, 93
108, 94
108, 98
109, 99
109, 102
110, 103
110, 106
111, 107
111, 110
112, 111
112, 114
113, 115
113, 118
114, 119
114, 122
115, 123
115, 126
116, 127
116, 131
117, 132
117, 135
118, 136
118, 138
119, 139
119, 142
120, 143
120, 146
121, 147
121, 149
122, 150
122, 153
123, 154
123, 156
124, 157
124, 160
125, 161
125, 163
126, 164
126, 167
127, 168
127, 170
128, 171
128, 174
129, 175
129, 177
130, 178
130, 180
131, 181
131, 184
132, 185
132, 187
133, 188
133, 190
134, 191
134, 192
135, 193
135, 195
136, 196
136, 198
137, 199
137, 201
138, 202
138, 204
139, 205
139, 206
140, 207
140, 209
141, 210
141, 212
142, 213
142, 214
143, 215
143, 217
144, 218
144, 219
145, 220
145, 221
146, 222
146, 223
147, 224
147, 247
146, 248
144, 246
144, 245
143, 244
143, 243
142, 242
142, 241
141, 240
141, 239
140, 238
140, 237
139, 236
139, 234
138, 233
138, 232
137, 231
137, 230
136, 229
136, 227
135, 226
135, 225
134, 224
134, 222
133, 221
133, 219
132, 218
132, 216
131, 215
131, 213
130, 212
130, 211
129, 210
129, 209
128, 208
128, 207
127, 206
126, 206
125, 205
123, 207
123, 208
122, 209
121, 208
121, 207
120, 206
120, 205
119, 204
119, 203
118, 202
118, 200
117, 199
117, 198
116, 197
116, 196
114, 194
114, 193
112, 191
109, 191
108, 192
108, 222
109, 223
109, 243
108, 244
108, 248
107, 249
107, 254
105, 256
104, 256
103, 255
102, 255
101, 254
100, 254
99, 253
98, 253
93, 248
93, 221
92, 220
92, 197
91, 196
91, 180
90, 179
90, 166
89, 165
89, 154
88, 153
88, 144
87, 143
87, 135
86, 134
86, 126
85, 125
85, 118
84, 117
84, 110
83, 109
83, 103
82, 102
82, 95
81, 94
81, 87
80, 86
80, 80
79, 79
79, 74
78, 73
78, 67
77, 66
77, 62
76, 61
76, 57
75, 56
75, 53
74, 52
74, 50
73, 49
73, 46
72, 45
72, 43
71, 42
71, 40
70, 39
70, 38
69, 37
69, 35
68, 34
68, 33
67, 32
67, 31
65, 29
65, 28
60, 23
59, 23
58, 22
56, 22
55, 21
49, 21
48, 22
44, 22
43, 23
41, 23
40, 24
39, 24
38, 25
37, 25
36, 26
35, 26
34, 27
33, 27
29, 31
28, 31
26, 33
26, 34
23, 37
23, 38
21, 40
21, 41
20, 42
20, 43
19, 44
19, 45
18, 46
18, 48
17, 49
17, 51
16, 52
16, 54
15, 55
15, 58
14, 59
14, 63
13, 64
13, 69
12, 70
12, 82
11, 83
11, 96
12, 97
12, 107
13, 108
13, 113
14, 114
14, 118
15, 119
15, 123
16, 124
16, 127
17, 128
17, 131
18, 132
18, 134
19, 135
19, 137
20, 138
20, 140
21, 141
21, 143
22, 144
22, 146
23, 147
23, 148
24, 149
24, 151
25, 152
25, 153
26, 154
26, 156
27, 157
27, 158
28, 159
28, 161
29, 162
29, 163
30, 164
30, 165
31, 166
31, 168
32, 169
32, 170
33, 171
33, 172
34, 173
34, 174
35, 175
35, 176
36, 177
36, 178
37, 179
37, 180
38, 181
38, 182
39, 183
39, 184
40, 185
40, 186
42, 188
42, 189
43, 190
43, 191
45, 193
45, 194
47, 196
47, 197
48, 198
48, 199
50, 201
50, 202
52, 204
52, 205
54, 207
54, 208
57, 211
57, 212
59, 214
59, 215
61, 217
61, 218
64, 221
64, 222
66, 224
66, 225
69, 228
69, 229
76, 236
76, 237
90, 251
90, 261
89, 262
88, 261
88, 260
87, 259
87, 258
86, 257
86, 256
85, 255
85, 254
84, 253
84, 252
82, 250
82, 249
81, 248
81, 247
79, 245
79, 244
77, 242
77, 241
74, 238
74, 237
68, 231
67, 231
65, 229
64, 229
63, 228
61, 228
60, 229
59, 229
58, 230
58, 232
57, 233
57, 239
56, 240
55, 239
55, 238
54, 237
54, 236
53, 235
53, 233
52, 232
52, 230
51, 229
51, 227
50, 226
50, 225
49, 224
49, 222
48, 221
48, 220
47, 219
47, 217
46, 216
46, 215
45, 214
45, 213
44, 212
44, 210
43, 209
43, 208
42, 207
42, 205
41, 204
41, 202
40, 201
40, 200
39, 199
38, 199
37, 200
37, 203
38, 204
38, 205
39, 206
39, 208
40, 209
40, 210
41, 211
41, 213
42, 214
42, 215
43, 216
43, 218
44, 219
44, 220
45, 221
45, 223
46, 224
46, 225
47, 226
47, 228
48, 229
48, 230
49, 231
49, 233
50, 234
50, 236
51, 237
51, 239
52, 240
52, 241
53, 242
53, 244
54, 245
54, 247
55, 248
55, 251
56, 252
56, 254
57, 255
57, 258
58, 259
58, 262
59, 263
62, 263
62, 260
61, 259
61, 256
60, 255
60, 234
62, 232
63, 232
64, 233
65, 233
72, 240
72, 241
75, 244
75, 245
77, 247
77, 248
79, 250
79, 251
80, 252
80, 253
81, 254
81, 255
82, 256
82, 257
83, 258
83, 259
84, 260
84, 261
85, 262
85, 263
86, 264
86, 265
87, 266
87, 267
88, 268
88, 269
89, 270
89, 271
90, 272
90, 273
91, 274
91, 282
92, 283
92, 293
93, 294
93, 301
94, 302
94, 308
95, 309
95, 315
96, 316
96, 320
97, 321
97, 325
98, 326
98, 330
99, 331
99, 334
100, 335
100, 338
101, 339
101, 341
102, 342
102, 343
103, 344
103, 345
108, 350
112, 350
115, 347
115, 336
114, 335
114, 331
113, 330
113, 327
112, 326
112, 323
111, 322
111, 319
110, 318
110, 316
109, 315
109, 313
108, 312
108, 310
107, 309
107, 306
106, 305
106, 303
105, 302
105, 300
104, 299
104, 298
103, 297
103, 295
102, 294
102, 292
101, 291
101, 289
100, 288
100, 287
99, 286
99, 284
98, 283
98, 282
97, 281
97, 279
96, 278
96, 277
95, 276
95, 275
94, 274
94, 261
93, 260
93, 256
94, 255
96, 255
97, 256
98, 256
100, 258
102, 258
103, 259
108, 259
109, 258
109, 257
110, 256
110, 251
111, 250
111, 245
112, 244
112, 238
113, 237
113, 233
112, 232
112, 220
111, 219
111, 198
112, 197
113, 198
113, 199
114, 200
114, 201
115, 202
115, 203
116, 204
116, 205
117, 206
117, 208
118, 209
118, 210
119, 211
119, 212
120, 213
120, 214
121, 215
121, 217
122, 218
122, 220
125, 220
126, 219
126, 215
127, 214
128, 215
128, 216
129, 217
129, 220
130, 221
130, 222
131, 223
131, 225
132, 226
132, 228
133, 229
133, 230
134, 231
134, 232
135, 233
135, 235
136, 236
136, 237
137, 238
137, 239
138, 240
138, 241
139, 242
139, 243
140, 244
140, 245
141, 246
141, 247
142, 248
142, 249
146, 253
148, 253
150, 251
150, 246
151, 245
151, 242
150, 241
150, 236
151, 235
153, 237
153, 238
154, 239
154, 240
155, 241
155, 242
156, 243
156, 244
157, 245
157, 247
158, 248
158, 254
159, 255
159, 263
160, 264
160, 273
161, 274
161, 283
162, 284
162, 293
163, 294
163, 302
164, 303
164, 310
165, 311
165, 318
166, 319
166, 326
167, 327
167, 332
168, 333
168, 337
169, 338
169, 341
170, 342
170, 344
171, 345
171, 346
172, 347
172, 348
173, 349
173, 350
176, 353
177, 353
178, 354
183, 354
185, 352
185, 351
186, 350
186, 348
187, 347
187, 322
186, 321
186, 312
185, 311
185, 305
184, 304
184, 299
183, 298
183, 295
182, 294
182, 290
181, 289
181, 286
180, 285
180, 283
179, 282
179, 279
178, 278
178, 276
177, 275
177, 273
176, 272
176, 271
178, 269
179, 269
180, 268
181, 268
181, 267
182, 266
182, 240
181, 239
181, 232
180, 231
180, 223
179, 222
179, 212
180, 211
182, 213
182, 214
183, 215
183, 216
184, 217
184, 219
185, 220
185, 223
186, 224
186, 226
187, 227
187, 229
188, 230
188, 232
189, 233
189, 234
190, 235
193, 235
193, 229
194, 228
196, 230
196, 232
197, 233
197, 235
198, 236
198, 238
199, 239
199, 241
200, 242
200, 243
201, 244
201, 246
202, 247
202, 248
203, 249
203, 250
204, 251
204, 252
205, 253
205, 254
206, 255
206, 256
212, 262
216, 262
219, 259
219, 258
220, 257
220, 256
222, 254
225, 254
226, 255
227, 255
228, 256
229, 256
231, 258
232, 258
233, 259
234, 259
235, 258
235, 257
232, 254
231, 254
229, 252
228, 252
227, 251
225, 251
224, 250
222, 250
221, 251
220, 251
218, 253
218, 254
216, 256
216, 257
214, 259
213, 258
212, 258
210, 256
210, 255
208, 253
208, 252
207, 251
207, 250
206, 249
206, 248
205, 247
205, 246
204, 245
204, 243
203, 242
203, 240
202, 239
202, 237
201, 236
201, 234
200, 233
200, 231
199, 230
199, 229
198, 228
198, 226
197, 225
197, 224
196, 223
196, 222
194, 220
192, 220
191, 221
191, 222
190, 223
188, 221
188, 219
187, 218
187, 216
186, 215
186, 214
185, 213
185, 212
184, 211
184, 210
183, 209
183, 208
180, 205
177, 205
176, 206
176, 209
175, 210
175, 215
176, 216
176, 224
177, 225
177, 233
178, 234
178, 241
179, 242
179, 264
177, 266
175, 266
174, 265
174, 264
173, 263
173, 262
172, 261
172, 259
171, 258
171, 256
170, 255
170, 253
169, 252
169, 250
168, 249
168, 247
167, 246
167, 245
166, 244
166, 242
165, 241
165, 240
164, 239
164, 237
162, 235
162, 234
161, 233
161, 232
160, 231
160, 230
159, 229
159, 228
158, 227
158, 221
157, 220
157, 212
156, 211
156, 203
155, 202
155, 194
154, 193
154, 186
153, 185
153, 177
152, 176
152, 168
151, 167
151, 160
150, 159
150, 152
149, 151
149, 144
148, 143
148, 135
147, 134
147, 127
146, 126
146, 118
145, 117
145, 110
144, 109
144, 102
143, 101
143, 95
142, 94
142, 87
141, 86
141, 80
140, 79
140, 74
139, 73
139, 68
138, 67
138, 63
137, 62
137, 58
136, 57
136, 53
135, 52
135, 48
134, 47
134, 44
133, 43
133, 39
132, 38
132, 35
131, 34
131, 32
130, 31
130, 28
129, 27
129, 25
128, 24
128, 23
127, 22
127, 21
126, 20
126, 19
123, 16
121, 16
98, 291
98, 292
99, 293
99, 295
100, 296
100, 298
101, 299
101, 301
102, 302
102, 304
103, 305
103, 307
104, 308
104, 310
105, 311
105, 313
106, 314
106, 316
107, 317
107, 320
108, 321
108, 323
109, 324
109, 327
110, 328
110, 331
111, 332
111, 336
112, 337
112, 345
110, 347
109, 346
108, 346
107, 345
107, 344
105, 342
105, 340
104, 339
104, 338
103, 337
103, 334
102, 333
102, 330
101, 329
101, 325
100, 324
100, 320
99, 319
99, 314
98, 313
98, 308
97, 307
97, 300
96, 299
97, 289
95, 290
162, 258
163, 257
165, 259
165, 260
167, 262
167, 263
171, 267
171, 268
172, 269
172, 271
173, 272
173, 273
174, 274
174, 276
175, 277
175, 280
176, 281
176, 283
177, 284
177, 287
178, 288
178, 291
179, 292
179, 295
180, 296
180, 300
181, 301
181, 306
182, 307
182, 313
183, 314
183, 323
184, 324
184, 346
183, 347
183, 349
181, 351
179, 351
175, 347
175, 346
174, 345
174, 344
173, 343
173, 341
172, 340
172, 337
171, 336
171, 331
170, 330
170, 325
169, 324
169, 318
168, 317
168, 310
167, 309
167, 301
166, 300
166, 292
165, 291
165, 282
164, 281
164, 272
163, 271
163, 262
162, 261
160, 242
163, 243
163, 245
162, 248
162, 247
161, 246
161, 244
50, 25
51, 24
53, 24
54, 25
57, 25
63, 31
63, 32
64, 33
64, 34
65, 35
65, 36
66, 37
66, 38
67, 39
67, 40
68, 41
68, 43
69, 44
69, 46
70, 47
70, 50
71, 51
71, 54
72, 55
72, 58
73, 59
73, 62
74, 63
74, 68
75, 69
75, 74
76, 75
76, 81
77, 82
77, 88
78, 89
78, 95
79, 96
79, 103
80, 104
80, 111
81, 112
81, 119
82, 120
82, 127
83, 128
83, 135
84, 136
84, 145
85, 146
85, 156
86, 157
86, 168
87, 169
87, 182
88, 183
88, 199
89, 200
89, 228
90, 229
90, 243
89, 244
88, 244
78, 234
78, 233
71, 226
71, 225
68, 222
68, 221
66, 219
66, 218
63, 215
63, 214
61, 212
61, 211
59, 209
59, 208
56, 205
56, 204
54, 202
54, 201
52, 199
52, 198
50, 196
50, 195
49, 194
49, 193
47, 191
47, 190
45, 188
45, 187
44, 186
44, 185
43, 184
43, 183
41, 181
41, 180
40, 179
40, 178
39, 177
39, 176
38, 175
38, 174
37, 173
37, 172
36, 171
36, 170
35, 169
35, 167
34, 166
34, 165
33, 164
33, 163
32, 162
32, 160
31, 159
31, 158
30, 157
30, 155
29, 154
29, 153
28, 152
28, 150
27, 149
27, 148
26, 147
26, 145
25, 144
25, 143
24, 142
24, 140
23, 139
23, 137
22, 136
22, 134
21, 133
21, 130
20, 129
20, 126
19, 125
19, 123
18, 122
18, 118
17, 117
17, 113
16, 112
16, 106
15, 105
15, 72
16, 71
16, 65
17, 64
17, 60
18, 59
18, 56
19, 55
19, 53
20, 52
20, 50
21, 49
21, 48
22, 47
22, 45
23, 44
23, 43
25, 41
25, 40
27, 38
27, 37
32, 32
33, 32
36, 29
37, 29
38, 28
39, 28
40, 27
42, 27
43, 26
45, 26
46, 25
119, 19
121, 19
124, 22
124, 23
125, 24
125, 26
126, 27
126, 29
127, 30
127, 32
128, 33
128, 36
129, 37
129, 39
130, 40
130, 44
131, 45
131, 49
132, 50
132, 54
133, 55
133, 59
134, 60
134, 64
135, 65
135, 68
136, 69
136, 74
137, 75
137, 80
138, 81
138, 88
139, 89
139, 95
140, 96
140, 103
141, 104
141, 111
142, 112
142, 119
143, 120
143, 128
144, 129
144, 136
145, 137
145, 145
146, 146
146, 153
147, 154
147, 161
148, 162
148, 169
149, 170
149, 178
150, 179
150, 186
151, 187
151, 195
152, 196
152, 204
153, 205
153, 213
154, 214
154, 221
155, 222
153, 224
152, 223
151, 223
148, 220
148, 219
147, 218
147, 216
146, 215
146, 214
145, 213
145, 211
144, 210
144, 209
143, 208
143, 206
142, 205
142, 203
141, 202
141, 201
140, 200
140, 198
139, 197
139, 195
138, 194
138, 192
137, 191
137, 189
136, 188
136, 186
135, 185
135, 183
134, 182
134, 180
133, 179
133, 177
132, 176
132, 174
131, 173
131, 170
130, 169
130, 167
129, 166
129, 163
128, 162
128, 159
127, 158
127, 156
126, 155
126, 152
125, 151
125, 149
124, 148
124, 145
123, 144
123, 142
122, 141
122, 138
121, 137
121, 134
120, 133
120, 130
119, 129
119, 126
118, 125
118, 122
117, 121
117, 118
116, 117
116, 114
115, 113
115, 110
114, 109
114, 106
113, 105
113, 102
112, 101
112, 97
111, 96
111, 93
110, 92
110, 87
109, 86
109, 80
108, 79
108, 49
109, 48
109, 41
110, 40
110, 36
111, 35
111, 32
112, 31
112, 29
113, 28
113, 27
114, 26
114, 25
115, 24
115, 23
