4, 2
496, 4
494, 321
2, 319
248, 14
246, 16
246, 17
243, 20
243, 21
240, 24
240, 25
238, 27
238, 28
236, 30
236, 31
234, 33
234, 34
232, 36
232, 37
230, 39
230, 40
228, 42
228, 43
227, 44
227, 45
225, 47
225, 48
224, 49
224, 50
222, 52
222, 53
220, 55
220, 56
219, 57
219, 58
217, 60
217, 61
215, 63
215, 64
214, 65
214, 66
212, 68
212, 69
210, 71
210, 72
209, 73
209, 74
207, 76
207, 77
205, 79
205, 80
204, 81
204, 82
202, 84
202, 85
200, 87
200, 88
199, 89
199, 90
197, 92
197, 93
196, 94
196, 95
194, 97
194, 98
192, 100
192, 101
191, 102
191, 103
189, 105
189, 106
187, 108
187, 109
185, 111
185, 112
183, 114
183, 115
181, 117
181, 118
179, 120
179, 121
177, 123
177, 124
175, 126
175, 127
173, 129
173, 130
170, 133
170, 134
168, 136
168, 137
165, 140
165, 141
163, 143
163, 144
160, 147
160, 148
157, 151
157, 152
154, 155
154, 156
150, 160
150, 161
147, 164
147, 165
141, 171
141, 172
135, 178
135, 179
115, 199
114, 199
110, 203
109, 203
108, 204
107, 204
105, 206
103, 206
102, 207
98, 207
95, 204
95, 202
94, 201
94, 190
95, 189
95, 183
96, 182
96, 179
97, 178
97, 175
98, 174
98, 171
99, 170
99, 168
100, 167
100, 165
101, 164
101, 163
104, 160
104, 159
109, 154
109, 153
113, 149
113, 148
117, 144
117, 143
120, 140
120, 139
123, 136
123, 135
126, 132
126, 131
128, 129
128, 128
130, 126
130, 125
132, 123
132, 122
134, 120
134, 119
136, 117
136, 116
138, 114
138, 113
140, 111
140, 110
141, 109
141, 108
143, 106
143, 105
144, 104
144, 103
146, 101
146, 100
147, 99
147, 98
149, 96
149, 95
150, 94
150, 93
152, 91
152, 90
153, 89
153, 88
154, 87
154, 86
155, 85
155, 84
157, 82
157, 81
158, 80
158, 79
159, 78
159, 77
160, 76
160, 75
162, 73
162, 72
163, 71
163, 70
164, 69
164, 68
165, 67
165, 66
166, 65
166, 64
167, 63
167, 62
168, 61
168, 60
169, 59
169, 58
170, 57
170, 56
171, 55
171, 54
172, 53
172, 52
173, 51
173, 50
174, 49
174, 48
175, 47
175, 46
176, 45
176, 44
177, 43
177, 41
178, 40
178, 39
179, 38
179, 37
180, 36
180, 35
181, 34
181, 32
182, 31
182, 30
183, 29
183, 27
184, 26
184, 24
185, 23
185, 19
182, 19
181, 20
180, 20
171, 29
171, 30
167, 34
167, 35
164, 38
164, 39
162, 41
162, 42
159, 45
159, 46
157, 48
157, 49
155, 51
155, 52
153, 54
153, 55
151, 57
151, 58
150, 59
150, 60
148, 62
148, 63
146, 65
146, 66
145, 67
145, 68
143, 70
143, 71
142, 72
142, 73
140, 75
140, 76
138, 78
138, 79
137, 80
137, 81
136, 82
136, 83
134, 85
134, 86
133, 87
133, 88
132, 89
132, 90
130, 92
130, 93
129, 94
129, 95
128, 96
128, 97
127, 98
127, 99
126, 100
126, 101
124, 103
124, 104
123, 105
123, 106
122, 107
122, 108
121, 109
121, 110
120, 111
120, 112
119, 113
119, 114
118, 115
118, 116
117, 117
117, 118
116, 119
116, 120
115, 121
115, 122
114, 123
114, 124
113, 125
113, 126
112, 127
112, 128
111, 129
111, 130
110, 131
110, 133
109, 134
109, 135
108, 136
108, 137
107, 138
107, 139
106, 140
106, 142
105, 143
105, 144
104, 145
104, 147
103, 148
103, 149
102, 150
102, 152
101, 153
101, 154
100, 155
100, 157
99, 158
99, 160
97, 162
97, 163
87, 173
87, 174
65, 196
64, 196
57, 203
56, 203
52, 207
51, 207
48, 210
47, 210
45, 212
44, 212
42, 214
41, 214
40, 215
39, 215
38, 216
36, 216
35, 217
32, 217
31, 216
30, 216
27, 213
27, 212
26, 211
26, 208
25, 207
25, 187
26, 186
26, 180
27, 179
27, 174
28, 173
28, 169
29, 168
29, 165
30, 164
30, 161
31, 160
31, 157
32, 156
32, 153
33, 152
33, 149
34, 148
34, 146
35, 145
35, 142
36, 141
36, 139
37, 138
37, 136
38, 135
38, 133
39, 132
39, 130
40, 129
40, 127
41, 126
41, 125
42, 124
42, 122
43, 121
43, 120
44, 119
44, 117
45, 116
45, 114
46, 113
46, 112
47, 111
47, 109
48, 108
48, 107
49, 106
49, 105
50, 104
50, 102
51, 101
51, 100
52, 99
52, 98
53, 97
53, 95
54, 94
54, 93
55, 92
55, 91
57, 89
57, 88
60, 85
60, 84
65, 79
65, 78
69, 74
69, 73
73, 69
73, 68
77, 64
77, 63
82, 58
82, 57
86, 53
86, 52
90, 48
90, 47
93, 44
93, 43
95, 41
95, 40
98, 37
98, 36
100, 34
100, 33
102, 31
102, 30
103, 29
103, 28
104, 27
104, 26
105, 25
105, 21
103, 19
100, 19
99, 20
98, 20
87, 31
87, 32
83, 36
83, 37
81, 39
81, 40
79, 42
79, 43
76, 46
76, 47
74, 49
74, 50
73, 51
73, 52
71, 54
71, 55
69, 57
69, 58
68, 59
68, 60
67, 61
67, 62
65, 64
65, 65
64, 66
64, 67
63, 68
63, 69
61, 71
61, 72
60, 73
60, 74
59, 75
59, 76
58, 77
58, 78
57, 79
57, 80
56, 81
56, 82
55, 83
55, 85
53, 87
53, 88
52, 89
52, 90
49, 93
49, 94
45, 98
45, 99
42, 102
42, 103
40, 105
40, 106
37, 109
37, 110
35, 112
35, 113
33, 115
33, 116
30, 119
30, 120
28, 122
28, 123
29, 124
30, 124
34, 120
34, 119
37, 116
37, 115
39, 113
39, 112
42, 109
43, 112
42, 113
42, 115
41, 116
41, 117
40, 118
40, 120
39, 121
39, 123
38, 124
38, 125
37, 126
37, 128
36, 129
36, 131
35, 132
35, 134
34, 135
34, 137
33, 138
33, 140
32, 141
32, 144
31, 145
31, 147
30, 148
30, 151
29, 152
29, 154
28, 155
28, 159
27, 160
27, 163
26, 164
26, 167
25, 168
25, 172
24, 173
24, 178
23, 179
23, 185
22, 186
22, 208
23, 209
23, 212
24, 213
24, 214
25, 215
25, 216
28, 219
29, 219
30, 220
36, 220
37, 219
39, 219
40, 218
41, 218
42, 217
43, 217
44, 216
45, 216
47, 214
48, 214
51, 211
52, 211
55, 208
56, 208
60, 204
61, 204
70, 195
71, 195
87, 179
87, 178
93, 172
94, 172
95, 173
94, 174
94, 177
93, 178
93, 181
92, 182
92, 187
91, 188
91, 202
92, 203
92, 205
93, 206
93, 207
96, 210
103, 210
104, 209
106, 209
107, 208
108, 208
110, 206
111, 206
112, 205
113, 205
118, 200
119, 200
136, 183
136, 182
142, 176
142, 175
148, 169
148, 168
152, 164
152, 163
155, 160
155, 159
159, 155
159, 154
162, 151
162, 150
164, 148
164, 147
168, 146
167, 147
167, 148
166, 149
166, 150
165, 151
165, 152
164, 153
164, 154
163, 155
163, 157
162, 158
162, 159
161, 160
161, 162
160, 163
160, 164
159, 165
159, 167
158, 168
158, 170
157, 171
157, 173
156, 174
156, 177
155, 178
155, 181
154, 182
154, 193
155, 194
155, 195
157, 197
164, 197
165, 196
166, 196
167, 195
168, 195
169, 194
170, 194
172, 192
173, 192
176, 189
177, 189
182, 184
183, 184
201, 169
200, 170
200, 171
199, 172
199, 173
198, 174
198, 175
197, 176
197, 177
196, 178
196, 179
195, 180
195, 181
194, 182
194, 184
193, 185
193, 186
192, 187
192, 188
191, 189
191, 190
190, 191
190, 192
189, 193
189, 194
188, 195
188, 196
187, 197
187, 198
184, 201
184, 202
182, 204
182, 205
180, 207
180, 208
178, 210
178, 211
176, 213
176, 214
175, 215
175, 216
173, 218
173, 219
171, 221
171, 222
170, 223
170, 224
168, 226
168, 227
166, 229
166, 230
164, 232
164, 233
163, 234
163, 235
161, 237
161, 238
160, 239
160, 240
159, 241
159, 242
158, 243
158, 244
156, 246
156, 247
155, 248
155, 249
154, 250
154, 251
152, 253
152, 254
151, 255
151, 256
150, 257
150, 258
149, 259
149, 260
148, 261
148, 262
147, 263
147, 264
146, 265
146, 266
145, 267
145, 268
144, 269
144, 270
143, 271
143, 272
142, 273
142, 274
141, 275
141, 276
140, 277
140, 278
139, 279
139, 280
138, 281
138, 283
137, 284
137, 286
136, 287
136, 288
135, 289
135, 291
134, 292
134, 293
133, 294
133, 298
132, 299
132, 306
134, 308
138, 308
139, 307
140, 307
145, 302
145, 301
147, 299
147, 298
149, 296
149, 295
151, 293
151, 292
152, 291
152, 290
153, 289
153, 288
155, 286
155, 285
156, 284
156, 283
157, 282
157, 280
158, 279
158, 278
159, 277
159, 276
160, 275
160, 274
161, 273
161, 271
162, 270
162, 269
163, 268
163, 266
164, 265
164, 264
165, 263
165, 261
166, 260
166, 259
167, 258
167, 256
168, 255
168, 254
169, 253
169, 251
170, 250
170, 248
171, 247
171, 246
172, 245
172, 243
173, 242
173, 241
174, 240
174, 238
175, 237
175, 236
176, 235
176, 233
177, 232
177, 231
178, 230
178, 228
179, 227
179, 226
180, 225
180, 223
181, 222
181, 221
182, 220
182, 218
183, 217
183, 216
184, 215
184, 214
185, 213
185, 211
186, 210
186, 209
187, 208
187, 207
188, 206
188, 204
189, 203
189, 202
190, 201
190, 200
191, 199
191, 198
192, 197
192, 196
193, 195
193, 194
196, 191
196, 190
198, 188
198, 187
200, 185
200, 184
205, 179
205, 178
209, 174
209, 173
214, 168
214, 167
228, 153
228, 152
233, 147
234, 147
241, 140
242, 140
247, 135
248, 135
251, 132
252, 132
255, 129
256, 129
258, 127
259, 127
261, 125
262, 125
264, 123
265, 123
267, 121
268, 121
269, 120
270, 120
271, 119
272, 119
273, 118
274, 118
275, 117
276, 117
277, 116
278, 116
279, 115
283, 115
285, 117
285, 124
284, 125
284, 129
283, 130
283, 133
282, 134
282, 137
281, 138
281, 140
280, 141
280, 144
279, 145
279, 147
278, 148
278, 150
277, 151
277, 153
276, 154
276, 156
275, 157
275, 158
274, 159
274, 162
273, 163
273, 165
272, 166
272, 168
271, 169
271, 171
270, 172
270, 179
271, 180
272, 180
273, 181
274, 181
275, 180
277, 180
278, 179
279, 179
280, 178
281, 178
282, 177
283, 177
284, 176
285, 176
287, 174
288, 174
289, 173
290, 173
291, 172
292, 172
294, 170
295, 170
296, 169
297, 169
299, 167
300, 167
301, 166
302, 166
303, 165
304, 165
305, 164
306, 164
307, 163
308, 163
309, 162
310, 162
311, 161
312, 161
313, 160
314, 160
315, 159
317, 159
318, 158
319, 158
320, 157
322, 157
323, 156
325, 156
326, 155
328, 155
329, 154
331, 154
332, 153
334, 153
335, 152
337, 152
338, 151
340, 151
341, 150
344, 150
345, 149
348, 149
349, 148
352, 148
353, 147
356, 147
357, 146
362, 146
363, 145
371, 145
372, 144
378, 144
379, 145
386, 145
387, 144
390, 144
391, 143
394, 143
395, 142
397, 142
398, 141
401, 141
402, 140
404, 140
405, 139
408, 139
409, 138
412, 138
413, 137
415, 137
416, 136
419, 136
420, 135
422, 135
423, 134
426, 134
427, 133
430, 133
431, 132
434, 132
435, 131
438, 131
439, 130
442, 130
443, 129
445, 129
446, 128
449, 128
450, 127
453, 127
454, 126
457, 126
458, 125
461, 125
462, 124
465, 124
466, 123
469, 123
470, 122
473, 122
474, 121
475, 121
475, 119
474, 118
473, 118
472, 119
469, 119
468, 120
464, 120
463, 121
461, 121
460, 122
457, 122
456, 123
453, 123
452, 124
449, 124
448, 125
445, 125
444, 126
442, 126
441, 127
438, 127
437, 128
434, 128
433, 129
430, 129
429, 130
426, 130
425, 131
422, 131
421, 132
419, 132
418, 133
415, 133
414, 134
412, 134
411, 135
408, 135
407, 136
404, 136
403, 137
401, 137
400, 138
397, 138
396, 139
393, 139
392, 140
390, 140
389, 141
386, 141
385, 142
380, 142
379, 141
371, 141
370, 142
362, 142
361, 143
356, 143
355, 144
352, 144
351, 145
348, 145
347, 146
344, 146
343, 147
340, 147
339, 148
337, 148
336, 149
333, 149
332, 150
330, 150
329, 151
327, 151
326, 152
325, 152
324, 153
322, 153
321, 154
319, 154
318, 155
317, 155
316, 156
314, 156
313, 157
312, 157
311, 158
310, 158
309, 159
308, 159
307, 160
306, 160
305, 161
304, 161
303, 162
302, 162
301, 163
300, 163
299, 164
298, 164
297, 165
296, 165
294, 167
293, 167
292, 168
291, 168
290, 169
289, 169
287, 171
286, 171
285, 172
284, 172
282, 174
281, 174
280, 175
279, 175
278, 176
277, 176
276, 177
274, 177
273, 176
273, 174
274, 173
274, 170
275, 169
275, 167
276, 166
276, 164
277, 163
277, 161
278, 160
278, 158
279, 157
279, 155
280, 154
280, 152
281, 151
281, 149
282, 148
282, 146
283, 145
283, 142
284, 141
284, 139
285, 138
285, 135
286, 134
286, 131
287, 130
287, 127
288, 126
288, 115
287, 114
287, 113
286, 113
285, 112
284, 112
283, 111
282, 111
281, 112
278, 112
277, 113
276, 113
275, 114
273, 114
272, 115
271, 115
269, 117
268, 117
267, 118
266, 118
265, 119
264, 119
262, 121
261, 121
259, 123
258, 123
256, 125
255, 125
252, 128
251, 128
249, 130
248, 130
245, 133
244, 133
238, 139
237, 139
212, 164
212, 165
208, 169
208, 170
203, 172
204, 171
204, 170
205, 169
205, 168
206, 167
206, 166
207, 165
207, 164
208, 163
208, 162
209, 161
209, 160
211, 158
211, 157
212, 156
212, 155
213, 154
213, 153
216, 150
216, 149
221, 144
221, 143
225, 139
225, 138
230, 133
230, 132
233, 129
233, 128
235, 126
235, 125
238, 122
238, 121
241, 118
241, 117
244, 114
244, 113
246, 111
246, 110
249, 107
249, 106
251, 104
251, 103
253, 101
253, 100
256, 97
256, 96
258, 94
258, 93
260, 91
260, 90
262, 88
262, 87
264, 85
264, 84
266, 82
266, 81
268, 79
268, 78
270, 76
270, 75
272, 73
272, 72
274, 70
274, 69
276, 67
276, 66
278, 64
278, 63
280, 61
280, 60
281, 59
281, 57
280, 56
278, 56
276, 58
276, 59
269, 66
269, 67
265, 71
265, 72
261, 76
261, 77
258, 80
258, 81
255, 84
255, 85
252, 88
252, 89
249, 92
249, 93
247, 95
247, 96
244, 99
244, 100
241, 103
241, 104
239, 106
239, 107
237, 109
237, 110
235, 112
235, 113
232, 116
232, 117
230, 119
230, 120
228, 122
228, 123
226, 125
226, 126
225, 127
225, 128
223, 130
223, 131
222, 132
222, 133
220, 135
220, 136
218, 138
218, 139
217, 140
217, 141
215, 143
215, 144
214, 145
214, 146
212, 148
212, 149
207, 154
207, 155
179, 183
178, 183
173, 188
172, 188
169, 191
168, 191
167, 192
166, 192
165, 193
164, 193
163, 194
159, 194
158, 193
158, 192
157, 191
157, 183
158, 182
158, 179
159, 178
159, 175
160, 174
160, 172
161, 171
161, 169
162, 168
162, 166
163, 165
163, 164
164, 163
164, 161
165, 160
165, 159
166, 158
166, 157
167, 156
167, 155
168, 154
168, 152
169, 151
169, 150
170, 149
170, 148
171, 147
171, 146
172, 145
172, 144
173, 143
173, 142
175, 140
175, 139
176, 138
176, 137
177, 136
177, 135
178, 134
178, 133
179, 132
179, 131
180, 130
180, 129
182, 127
182, 126
183, 125
183, 124
184, 123
184, 122
185, 121
185, 120
187, 118
187, 117
188, 116
188, 115
189, 114
189, 113
191, 111
191, 110
192, 109
192, 108
194, 106
194, 105
195, 104
195, 103
196, 102
196, 101
198, 99
198, 98
199, 97
199, 96
201, 94
201, 93
203, 91
203, 90
204, 89
204, 88
206, 86
206, 85
207, 84
207, 83
209, 81
209, 80
211, 78
211, 77
212, 76
212, 75
214, 73
214, 72
216, 70
216, 69
217, 68
217, 67
219, 65
219, 64
221, 62
221, 61
223, 59
223, 58
225, 56
225, 55
227, 53
227, 52
228, 51
228, 50
230, 48
230, 47
232, 45
232, 44
234, 42
234, 41
236, 39
236, 38
238, 36
238, 35
240, 33
240, 32
242, 30
242, 29
244, 27
244, 26
246, 24
246, 23
248, 21
248, 20
250, 18
250, 17
251, 16
251, 14
177, 219
178, 220
178, 221
177, 222
177, 224
176, 225
176, 226
175, 227
175, 229
174, 230
174, 231
173, 232
173, 234
172, 235
172, 236
171, 237
171, 239
170, 240
170, 241
169, 242
169, 244
168, 245
168, 246
167, 247
167, 249
166, 250
166, 251
165, 252
165, 254
164, 255
164, 256
163, 257
163, 259
162, 260
162, 262
161, 263
161, 264
160, 265
160, 267
159, 268
159, 269
158, 270
158, 272
157, 273
157, 274
156, 275
156, 276
155, 277
155, 278
154, 279
154, 280
153, 281
153, 282
152, 283
152, 284
151, 285
151, 286
150, 287
150, 288
149, 289
149, 290
147, 292
147, 293
146, 294
146, 295
143, 298
143, 299
137, 305
136, 305
135, 304
135, 300
136, 299
136, 296
137, 295
137, 293
138, 292
138, 290
139, 289
139, 288
140, 287
140, 285
141, 284
141, 283
142, 282
142, 280
143, 279
143, 278
144, 277
144, 276
145, 275
145, 274
146, 273
146, 272
147, 271
147, 270
148, 269
148, 268
149, 267
149, 266
150, 265
150, 264
151, 263
151, 262
152, 261
152, 260
153, 259
153, 258
155, 256
155, 255
156, 254
156, 253
157, 252
157, 251
158, 250
158, 249
160, 247
160, 246
161, 245
161, 244
162, 243
162, 242
163, 241
163, 240
165, 238
165, 237
166, 236
166, 235
168, 233
168, 232
170, 230
170, 229
172, 227
172, 226
173, 225
173, 224
175, 222
175, 221
44, 108
42, 109
179, 26
180, 27
180, 28
179, 29
179, 30
178, 31
178, 32
177, 33
177, 35
176, 36
176, 37
175, 38
175, 39
174, 40
174, 41
173, 42
173, 44
172, 45
172, 46
171, 47
171, 48
170, 49
170, 50
169, 51
169, 52
168, 53
168, 54
167, 55
167, 56
166, 57
166, 58
165, 59
165, 60
164, 61
164, 62
163, 63
163, 64
162, 65
162, 66
161, 67
161, 68
159, 70
159, 71
158, 72
158, 73
157, 74
157, 75
156, 76
156, 77
155, 78
155, 79
153, 81
153, 82
152, 83
152, 84
151, 85
151, 86
149, 88
149, 89
148, 90
148, 91
147, 92
147, 93
145, 95
145, 96
144, 97
144, 98
142, 100
142, 101
141, 102
141, 103
139, 105
139, 106
138, 107
138, 108
136, 110
136, 111
134, 113
134, 114
132, 116
132, 117
130, 119
130, 120
128, 122
128, 123
126, 125
126, 126
124, 128
124, 129
121, 132
121, 133
118, 136
118, 137
116, 139
116, 140
112, 144
112, 145
107, 146
108, 145
108, 144
109, 143
109, 142
110, 141
110, 139
111, 138
111, 137
112, 136
112, 135
113, 134
113, 133
114, 132
114, 130
115, 129
115, 128
116, 127
116, 126
117, 125
117, 124
118, 123
118, 122
119, 121
119, 120
120, 119
120, 118
121, 117
121, 116
122, 115
122, 114
123, 113
123, 112
124, 111
124, 110
125, 109
125, 108
127, 106
127, 105
128, 104
128, 103
129, 102
129, 101
130, 100
130, 99
131, 98
131, 97
132, 96
132, 95
134, 93
134, 92
135, 91
135, 90
137, 88
137, 87
138, 86
138, 85
139, 84
139, 83
141, 81
141, 80
142, 79
142, 78
144, 76
144, 75
145, 74
145, 73
147, 71
147, 70
148, 69
148, 68
150, 66
150, 65
151, 64
151, 63
153, 61
153, 60
155, 58
155, 57
157, 55
157, 54
159, 52
159, 51
161, 49
161, 48
164, 45
164, 44
166, 42
166, 41
169, 38
169, 37
173, 33
173, 32
100, 23
101, 24
101, 26
100, 27
100, 28
98, 30
98, 31
96, 33
96, 34
94, 36
94, 37
91, 40
91, 41
88, 44
88, 45
84, 49
84, 50
80, 54
80, 55
76, 59
76, 60
72, 64
72, 65
67, 67
69, 65
69, 64
70, 63
70, 62
71, 61
71, 60
73, 58
73, 57
75, 55
75, 54
76, 53
76, 52
78, 50
78, 49
80, 47
80, 46
83, 43
83, 42
85, 40
85, 39
89, 35
89, 34
94, 29
94, 28
97, 25
98, 25
