318, 2
320, 367
4, 369
2, 4
291, 16
290, 17
289, 17
288, 18
287, 18
286, 19
285, 19
275, 29
275, 30
272, 33
272, 34
269, 37
269, 38
267, 40
267, 41
265, 43
265, 44
264, 45
264, 46
262, 48
262, 49
261, 50
261, 51
259, 53
259, 54
258, 55
258, 56
257, 57
257, 58
256, 59
256, 60
255, 61
255, 62
253, 64
253, 65
252, 66
252, 67
251, 68
251, 69
250, 70
250, 71
249, 72
249, 73
248, 74
248, 75
247, 76
247, 78
246, 79
246, 80
245, 81
245, 82
244, 83
244, 85
243, 86
243, 87
242, 88
242, 90
241, 91
241, 92
240, 93
240, 95
239, 96
239, 98
238, 99
238, 102
237, 103
237, 105
236, 106
236, 108
235, 109
235, 111
234, 112
234, 115
233, 116
233, 118
232, 119
232, 122
231, 123
231, 126
230, 127
230, 131
229, 132
229, 136
228, 137
228, 141
227, 142
227, 147
226, 148
226, 152
221, 157
220, 157
216, 161
215, 161
210, 166
209, 166
205, 170
204, 170
201, 173
200, 173
196, 177
195, 177
192, 180
191, 180
188, 183
187, 183
184, 186
183, 186
179, 190
178, 190
175, 193
174, 193
170, 197
169, 197
164, 202
163, 202
158, 207
157, 206
157, 198
158, 197
158, 187
159, 186
159, 175
160, 174
160, 161
161, 160
161, 145
162, 144
162, 73
163, 72
163, 64
164, 63
164, 44
163, 43
161, 43
160, 44
160, 46
159, 47
159, 78
158, 79
158, 84
157, 85
157, 88
156, 89
156, 92
155, 93
155, 95
154, 96
154, 98
153, 99
153, 101
152, 102
152, 104
151, 105
151, 106
150, 107
150, 108
148, 110
148, 111
147, 112
147, 113
145, 115
145, 116
143, 118
143, 119
136, 126
135, 126
134, 127
133, 127
132, 128
127, 128
126, 127
125, 127
123, 125
122, 125
120, 123
120, 122
117, 119
117, 118
115, 116
115, 115
114, 114
114, 113
113, 112
113, 111
112, 110
112, 109
111, 108
111, 107
110, 106
110, 105
109, 104
109, 102
108, 101
108, 100
107, 99
107, 97
106, 96
106, 94
105, 93
105, 92
104, 91
104, 89
103, 88
103, 86
102, 85
102, 83
101, 82
101, 80
100, 79
100, 77
99, 76
99, 74
98, 73
98, 71
97, 70
97, 68
96, 67
96, 66
95, 65
95, 63
94, 62
94, 60
93, 59
93, 58
92, 57
92, 55
91, 54
91, 53
90, 52
90, 51
89, 50
89, 49
88, 48
88, 47
87, 46
87, 45
85, 43
85, 42
83, 40
83, 39
75, 31
74, 31
73, 30
72, 30
70, 28
68, 28
67, 27
64, 27
63, 26
60, 26
59, 27
54, 27
53, 28
51, 28
50, 29
49, 29
48, 30
47, 30
45, 32
44, 32
37, 39
37, 40
34, 43
34, 44
32, 46
32, 47
31, 48
31, 49
30, 50
30, 51
28, 53
28, 54
27, 55
27, 56
26, 57
26, 59
25, 60
25, 61
24, 62
24, 64
23, 65
23, 67
22, 68
22, 69
21, 70
21, 72
20, 73
20, 75
19, 76
19, 79
18, 80
18, 82
17, 83
17, 86
16, 87
16, 90
15, 91
15, 96
14, 97
14, 103
13, 104
13, 113
14, 114
14, 117
15, 118
15, 119
22, 126
25, 126
25, 124
23, 122
22, 122
18, 118
18, 117
17, 116
17, 113
16, 112
16, 105
17, 104
17, 97
18, 96
18, 92
19, 91
19, 88
20, 87
20, 84
21, 83
21, 80
22, 79
22, 77
23, 76
23, 74
24, 73
24, 71
25, 70
25, 68
26, 67
26, 66
27, 65
27, 63
28, 62
28, 61
29, 60
29, 58
30, 57
30, 56
31, 55
31, 54
33, 52
33, 51
34, 50
34, 49
36, 47
36, 46
38, 44
38, 43
47, 34
48, 34
50, 32
51, 32
52, 31
54, 31
55, 30
60, 30
61, 29
62, 29
63, 30
66, 30
67, 31
68, 31
69, 32
70, 32
71, 33
72, 33
75, 36
76, 36
79, 39
79, 40
82, 43
82, 44
83, 45
83, 46
85, 48
85, 49
86, 50
86, 51
87, 52
87, 53
88, 54
88, 55
89, 56
89, 58
90, 59
90, 60
91, 61
91, 63
92, 64
92, 65
93, 66
93, 68
94, 69
94, 71
95, 72
95, 74
96, 75
96, 77
97, 78
97, 80
98, 81
98, 83
99, 84
99, 86
100, 87
100, 88
101, 89
101, 91
102, 92
102, 94
103, 95
103, 97
104, 98
104, 100
105, 101
105, 102
106, 103
106, 105
107, 106
107, 107
108, 108
108, 109
109, 110
109, 111
110, 112
110, 113
111, 114
111, 115
112, 116
112, 117
113, 118
113, 119
115, 121
115, 122
122, 129
123, 129
124, 130
125, 130
126, 131
133, 131
134, 130
135, 130
136, 129
137, 129
139, 127
140, 127
144, 123
144, 122
147, 119
147, 118
149, 116
149, 115
150, 114
150, 113
152, 111
152, 110
153, 109
153, 108
154, 107
154, 105
155, 104
155, 103
156, 102
156, 100
157, 99
157, 98
158, 97
159, 98
159, 143
158, 144
158, 160
157, 161
157, 173
156, 174
156, 186
155, 187
155, 196
154, 197
154, 205
153, 206
153, 211
145, 219
145, 220
139, 226
139, 227
135, 231
135, 232
133, 234
133, 235
130, 238
130, 239
128, 241
128, 242
127, 243
127, 244
125, 246
125, 247
124, 248
124, 249
123, 250
123, 251
122, 252
122, 253
121, 254
121, 255
120, 256
120, 258
119, 259
119, 260
118, 261
118, 262
117, 263
117, 265
116, 266
116, 268
115, 269
115, 271
114, 272
114, 274
113, 275
113, 278
112, 279
112, 282
111, 283
111, 286
110, 287
110, 290
109, 291
109, 296
108, 297
108, 303
107, 304
107, 313
106, 314
106, 338
107, 339
107, 345
108, 346
108, 348
109, 349
109, 351
112, 354
115, 354
116, 353
117, 353
121, 349
121, 348
122, 347
122, 346
124, 344
124, 343
125, 342
125, 341
126, 340
126, 339
127, 338
127, 336
128, 335
128, 334
129, 333
129, 332
130, 331
130, 329
131, 328
131, 326
132, 325
132, 323
133, 322
133, 320
134, 319
134, 317
135, 316
135, 314
136, 313
136, 310
137, 309
137, 307
138, 306
138, 303
139, 302
139, 299
140, 298
140, 295
141, 294
141, 291
142, 290
142, 287
143, 286
143, 283
144, 282
144, 278
145, 277
145, 274
146, 273
146, 269
147, 268
147, 265
148, 264
148, 259
149, 258
149, 254
150, 253
150, 248
151, 247
151, 242
152, 241
152, 236
153, 235
153, 229
154, 228
154, 222
155, 221
155, 215
156, 214
156, 213
160, 209
161, 209
167, 203
168, 203
173, 198
174, 198
178, 194
179, 194
182, 191
183, 191
187, 187
188, 187
191, 184
192, 184
195, 181
196, 181
199, 178
200, 178
204, 174
205, 174
209, 170
210, 170
214, 166
215, 166
219, 162
220, 162
223, 159
224, 160
224, 168
223, 169
223, 179
222, 180
222, 224
223, 225
223, 232
224, 233
224, 239
225, 240
225, 243
226, 244
226, 247
227, 248
227, 251
228, 252
228, 254
229, 255
229, 257
230, 258
230, 259
231, 260
231, 261
232, 262
232, 263
233, 264
233, 265
234, 266
234, 267
236, 269
236, 270
245, 279
246, 279
248, 281
249, 281
250, 282
251, 282
253, 284
255, 284
256, 285
259, 285
260, 286
263, 286
264, 287
281, 287
282, 286
285, 286
286, 285
288, 285
289, 284
291, 284
292, 283
294, 283
296, 281
297, 281
298, 280
299, 280
301, 278
302, 278
303, 277
304, 277
307, 274
307, 273
304, 273
303, 274
302, 274
301, 275
300, 275
298, 277
297, 277
296, 278
295, 278
293, 280
291, 280
290, 281
288, 281
287, 282
285, 282
284, 283
282, 283
281, 284
265, 284
264, 283
261, 283
260, 282
257, 282
256, 281
254, 281
252, 279
251, 279
249, 277
248, 277
246, 275
245, 275
243, 273
243, 272
237, 266
237, 265
236, 264
236, 263
235, 262
235, 261
234, 260
234, 259
233, 258
233, 257
232, 256
232, 255
231, 254
231, 251
230, 250
230, 247
229, 246
229, 244
228, 243
228, 240
227, 239
227, 232
226, 231
226, 224
225, 223
225, 180
226, 179
226, 169
227, 168
227, 161
228, 160
228, 156
229, 155
229, 154
231, 152
232, 152
242, 142
243, 142
267, 118
267, 117
273, 111
273, 110
278, 105
278, 104
281, 101
281, 100
284, 97
284, 96
286, 94
286, 93
288, 91
288, 90
290, 88
290, 87
292, 85
292, 84
293, 83
293, 82
295, 80
295, 79
296, 78
296, 77
297, 76
297, 75
298, 74
298, 73
299, 72
299, 71
300, 70
300, 69
301, 68
301, 67
302, 66
302, 64
303, 63
303, 61
304, 60
304, 58
305, 57
305, 55
306, 54
306, 51
307, 50
307, 44
308, 43
308, 32
307, 31
307, 27
306, 26
306, 24
305, 23
305, 22
303, 20
303, 19
302, 18
301, 18
299, 16
150, 219
151, 219
152, 220
152, 221
151, 222
151, 228
150, 229
150, 235
149, 236
149, 241
148, 242
148, 247
147, 248
147, 252
146, 253
146, 258
145, 259
145, 263
144, 264
144, 267
143, 268
143, 272
142, 273
142, 277
141, 278
141, 281
140, 282
140, 285
139, 286
139, 289
138, 290
138, 293
137, 294
137, 298
136, 299
136, 301
135, 302
135, 305
134, 306
134, 308
133, 309
133, 312
132, 313
132, 315
131, 316
131, 318
130, 319
130, 321
129, 322
129, 324
128, 325
128, 327
127, 328
127, 330
126, 331
126, 332
125, 333
125, 334
124, 335
124, 337
123, 338
123, 339
122, 340
122, 341
121, 342
121, 343
119, 345
119, 346
114, 351
112, 349
112, 348
111, 347
111, 345
110, 344
110, 339
109, 338
109, 315
110, 314
110, 304
111, 303
111, 298
112, 297
112, 292
113, 291
113, 287
114, 286
114, 283
115, 282
115, 279
116, 278
116, 276
117, 275
117, 273
118, 272
118, 270
119, 269
119, 267
120, 266
120, 264
121, 263
121, 262
122, 261
122, 260
123, 259
123, 257
124, 256
124, 255
125, 254
125, 253
126, 252
126, 251
127, 250
127, 249
129, 247
129, 246
130, 245
130, 244
131, 243
131, 242
134, 239
134, 238
136, 236
136, 235
140, 231
140, 230
145, 225
145, 224
291, 20
292, 19
298, 19
302, 23
302, 24
303, 25
303, 27
304, 28
304, 32
305, 33
305, 43
304, 44
304, 49
303, 50
303, 53
302, 54
302, 57
301, 58
301, 59
300, 60
300, 62
299, 63
299, 65
298, 66
298, 67
297, 68
297, 69
296, 70
296, 71
295, 72
295, 73
294, 74
294, 75
293, 76
293, 77
292, 78
292, 79
290, 81
290, 82
289, 83
289, 84
287, 86
287, 87
285, 89
285, 90
283, 92
283, 93
280, 96
280, 97
277, 100
277, 101
273, 105
273, 106
267, 112
267, 113
236, 144
235, 144
231, 148
230, 147
230, 143
231, 142
231, 137
232, 136
232, 132
233, 131
233, 127
234, 126
234, 123
235, 122
235, 120
236, 119
236, 116
237, 115
237, 113
238, 112
238, 109
239, 108
239, 106
240, 105
240, 103
241, 102
241, 100
242, 99
242, 97
243, 96
243, 94
244, 93
244, 92
245, 91
245, 89
246, 88
246, 87
247, 86
247, 84
248, 83
248, 82
249, 81
249, 79
250, 78
250, 77
251, 76
251, 75
252, 74
252, 73
253, 72
253, 71
254, 70
254, 69
255, 68
255, 67
256, 66
256, 65
258, 63
258, 62
259, 61
259, 60
260, 59
260, 58
261, 57
261, 56
263, 54
263, 53
264, 52
264, 51
265, 50
265, 49
267, 47
267, 46
268, 45
268, 44
271, 41
271, 40
273, 38
273, 37
276, 34
276, 33
280, 29
280, 28
283, 25
284, 25
288, 21
289, 21
290, 20
