170, 2
172, 367
4, 369
2, 4
21, 15
20, 16
19, 16
19, 17
18, 18
18, 19
17, 20
17, 21
16, 22
16, 23
15, 24
15, 27
14, 28
14, 30
13, 31
13, 33
12, 34
12, 36
11, 37
11, 40
10, 41
10, 45
9, 46
9, 50
8, 51
8, 56
7, 57
7, 83
8, 84
8, 88
9, 89
9, 91
10, 92
10, 93
11, 94
11, 95
14, 98
19, 98
20, 97
20, 96
18, 94
16, 94
14, 92
14, 91
13, 90
13, 89
12, 88
12, 84
11, 83
11, 75
10, 74
10, 67
11, 66
11, 56
12, 55
12, 51
13, 50
13, 46
14, 45
14, 41
15, 40
15, 37
16, 36
16, 34
17, 33
17, 31
18, 30
18, 28
19, 27
19, 25
20, 24
21, 24
22, 25
22, 43
23, 44
23, 50
22, 51
22, 120
23, 121
23, 130
24, 131
24, 137
25, 138
25, 142
26, 143
26, 146
27, 147
27, 149
28, 150
28, 152
29, 153
29, 154
30, 155
30, 156
34, 160
35, 160
36, 161
39, 161
40, 160
41, 160
42, 159
43, 159
47, 155
47, 154
49, 152
49, 151
51, 149
51, 148
52, 147
52, 146
53, 145
53, 144
54, 143
54, 142
55, 141
55, 140
56, 139
56, 138
57, 137
57, 136
58, 135
58, 134
59, 133
59, 131
60, 130
60, 129
61, 128
61, 127
62, 126
62, 124
63, 123
63, 122
64, 121
64, 119
65, 118
65, 116
66, 115
66, 114
67, 113
67, 111
68, 110
68, 108
69, 107
69, 105
70, 104
70, 102
71, 101
71, 100
72, 99
72, 97
73, 96
73, 93
74, 92
74, 90
75, 89
75, 87
76, 86
76, 83
77, 82
77, 80
78, 79
78, 76
79, 75
79, 73
80, 72
80, 69
81, 68
81, 65
82, 64
82, 63
83, 62
84, 63
84, 66
83, 67
83, 79
82, 80
82, 92
81, 93
81, 106
80, 107
80, 120
79, 121
79, 134
78, 135
78, 149
77, 150
77, 162
76, 163
76, 175
75, 176
75, 182
73, 184
73, 185
69, 189
69, 190
66, 193
66, 194
64, 196
64, 197
62, 199
62, 200
60, 202
60, 203
59, 204
59, 205
58, 206
58, 207
57, 208
57, 209
56, 210
56, 211
55, 212
55, 213
54, 214
54, 215
53, 216
53, 217
52, 218
52, 219
51, 220
51, 221
50, 222
50, 223
49, 224
49, 226
48, 227
48, 228
47, 229
47, 230
46, 231
46, 233
45, 234
45, 235
44, 236
44, 237
43, 238
43, 240
42, 241
42, 242
41, 243
41, 245
40, 246
40, 247
39, 248
39, 250
38, 251
38, 252
37, 253
37, 255
36, 256
36, 258
35, 259
35, 260
34, 261
34, 263
33, 264
33, 265
32, 266
32, 268
31, 269
31, 271
30, 272
30, 274
29, 275
29, 277
28, 278
28, 280
27, 281
27, 283
26, 284
26, 287
25, 288
25, 290
24, 291
24, 293
23, 294
23, 296
22, 297
22, 300
21, 301
21, 303
20, 304
20, 307
19, 308
19, 311
18, 312
18, 316
17, 317
17, 321
16, 322
16, 328
15, 329
15, 338
16, 339
16, 344
17, 345
17, 347
19, 349
19, 350
22, 353
23, 353
24, 354
26, 354
27, 355
32, 355
33, 354
35, 354
36, 353
37, 353
39, 351
40, 351
47, 344
47, 343
49, 341
49, 340
50, 339
50, 338
51, 337
51, 336
52, 335
52, 334
53, 333
53, 332
54, 331
54, 329
55, 328
55, 327
56, 326
56, 324
57, 323
57, 321
58, 320
58, 318
59, 317
59, 315
60, 314
60, 311
61, 310
61, 308
62, 307
62, 304
63, 303
63, 300
64, 299
64, 295
65, 294
65, 291
66, 290
66, 285
67, 284
67, 280
68, 279
68, 274
69, 273
69, 268
70, 267
70, 261
71, 260
71, 254
72, 253
72, 246
73, 245
73, 238
74, 237
74, 229
75, 228
75, 220
76, 219
76, 209
77, 208
77, 198
78, 197
78, 186
79, 185
79, 183
84, 178
84, 177
88, 173
88, 172
92, 168
92, 167
97, 162
97, 161
101, 157
101, 156
103, 154
104, 154
105, 155
104, 156
104, 161
103, 162
103, 167
102, 168
102, 173
101, 174
101, 180
100, 181
100, 186
99, 187
99, 194
98, 195
98, 204
97, 205
97, 216
96, 217
96, 260
97, 261
97, 269
98, 270
98, 275
99, 276
99, 281
100, 282
100, 284
101, 285
101, 288
102, 289
102, 291
103, 292
103, 293
104, 294
104, 295
105, 296
105, 297
107, 299
107, 300
108, 301
109, 301
111, 303
112, 303
113, 304
115, 304
116, 305
119, 305
120, 304
123, 304
124, 303
125, 303
126, 302
127, 302
128, 301
129, 301
131, 299
132, 299
135, 296
136, 296
138, 294
138, 293
143, 288
143, 287
149, 281
149, 280
156, 273
156, 272
162, 266
162, 264
161, 263
159, 263
155, 267
155, 268
147, 276
147, 277
142, 282
142, 283
136, 289
136, 290
132, 294
131, 294
129, 296
128, 296
126, 298
125, 298
124, 299
123, 299
122, 300
121, 300
120, 301
116, 301
115, 300
114, 300
113, 299
112, 299
110, 297
110, 296
108, 294
108, 293
107, 292
107, 291
106, 290
106, 288
105, 287
105, 285
104, 284
104, 281
103, 280
103, 277
102, 276
102, 271
101, 270
101, 262
100, 261
100, 244
99, 243
99, 239
100, 238
100, 215
101, 214
101, 204
102, 203
102, 194
103, 193
103, 187
104, 186
104, 180
105, 179
105, 173
106, 172
106, 168
107, 167
107, 162
108, 161
108, 156
109, 155
109, 151
110, 150
110, 147
111, 146
111, 145
112, 144
112, 143
117, 138
117, 137
122, 132
122, 131
127, 126
127, 125
131, 121
131, 120
134, 117
134, 116
137, 113
137, 112
140, 109
140, 108
142, 106
142, 105
144, 103
144, 102
146, 100
146, 99
147, 98
147, 97
149, 95
149, 94
150, 93
150, 92
152, 90
152, 89
153, 88
153, 87
154, 86
154, 85
155, 84
155, 83
156, 82
156, 81
157, 80
157, 79
158, 78
158, 77
159, 76
159, 75
160, 74
160, 73
161, 72
161, 70
162, 69
162, 68
163, 67
163, 65
164, 64
164, 62
165, 61
165, 58
166, 57
166, 41
165, 40
165, 37
164, 36
164, 35
163, 34
163, 33
162, 32
162, 31
157, 26
150, 26
148, 28
147, 28
145, 30
145, 31
142, 34
142, 35
140, 37
140, 38
139, 39
139, 40
138, 41
138, 42
137, 43
137, 44
136, 45
136, 46
135, 47
135, 48
134, 49
134, 51
133, 52
133, 53
132, 54
132, 55
131, 56
131, 58
130, 59
130, 61
129, 62
129, 63
128, 64
128, 66
127, 67
127, 69
126, 70
126, 72
125, 73
125, 75
124, 76
124, 78
123, 79
123, 81
122, 82
122, 84
121, 85
121, 88
120, 89
120, 91
119, 92
119, 95
118, 96
118, 98
117, 99
117, 102
116, 103
116, 106
115, 107
115, 110
114, 111
114, 113
113, 114
113, 117
112, 118
112, 122
111, 123
111, 127
110, 128
110, 131
109, 132
109, 136
108, 137
108, 140
107, 141
107, 143
104, 146
104, 147
99, 152
99, 153
95, 157
95, 158
90, 163
90, 164
86, 168
86, 169
81, 174
80, 173
80, 161
81, 160
81, 148
82, 147
82, 133
83, 132
83, 119
84, 118
84, 105
85, 104
85, 91
86, 90
86, 78
87, 77
87, 65
88, 64
88, 54
89, 53
89, 43
90, 42
90, 34
91, 33
91, 26
92, 25
92, 20
93, 19
93, 17
92, 16
89, 16
89, 18
88, 19
88, 24
87, 25
87, 29
86, 30
86, 33
85, 34
85, 37
84, 38
84, 41
83, 42
83, 45
82, 46
82, 49
81, 50
81, 53
80, 54
80, 57
79, 58
79, 60
78, 61
78, 64
77, 65
77, 68
76, 69
76, 71
75, 72
75, 75
74, 76
74, 79
73, 80
73, 82
72, 83
72, 85
71, 86
71, 89
70, 90
70, 92
69, 93
69, 95
68, 96
68, 98
67, 99
67, 101
66, 102
66, 104
65, 105
65, 107
64, 108
64, 109
63, 110
63, 112
62, 113
62, 115
61, 116
61, 117
60, 118
60, 120
59, 121
59, 123
58, 124
58, 125
57, 126
57, 127
56, 128
56, 130
55, 131
55, 132
54, 133
54, 134
53, 135
53, 136
52, 137
52, 138
51, 139
51, 140
50, 141
50, 142
49, 143
49, 144
48, 145
48, 146
47, 147
47, 148
45, 150
45, 151
39, 157
37, 157
33, 153
33, 152
32, 151
32, 150
31, 149
31, 147
30, 146
30, 143
29, 142
29, 138
28, 137
28, 132
27, 131
27, 123
26, 122
26, 26
25, 25
25, 20
24, 19
24, 18
23, 17
23, 16
22, 16
73, 191
74, 192
74, 199
73, 200
73, 210
72, 211
72, 220
71, 221
71, 229
70, 230
70, 238
69, 239
69, 246
68, 247
68, 254
67, 255
67, 261
66, 262
66, 267
65, 268
65, 274
64, 275
64, 279
63, 280
63, 285
62, 286
62, 290
61, 291
61, 294
60, 295
60, 299
59, 300
59, 303
58, 304
58, 307
57, 308
57, 310
56, 311
56, 314
55, 315
55, 317
54, 318
54, 320
53, 321
53, 323
52, 324
52, 325
51, 326
51, 328
50, 329
50, 330
49, 331
49, 332
48, 333
48, 334
47, 335
47, 336
46, 337
46, 338
44, 340
44, 341
36, 349
35, 349
34, 350
33, 350
32, 351
27, 351
26, 350
25, 350
21, 346
21, 345
20, 344
20, 341
19, 340
19, 328
20, 327
20, 322
21, 321
21, 317
22, 316
22, 312
23, 311
23, 308
24, 307
24, 304
25, 303
25, 301
26, 300
26, 298
27, 297
27, 294
28, 293
28, 291
29, 290
29, 288
30, 287
30, 285
31, 284
31, 282
32, 281
32, 278
33, 277
33, 276
34, 275
34, 273
35, 272
35, 270
36, 269
36, 267
37, 266
37, 264
38, 263
38, 262
39, 261
39, 259
40, 258
40, 256
41, 255
41, 254
42, 253
42, 251
43, 250
43, 249
44, 248
44, 246
45, 245
45, 244
46, 243
46, 241
47, 240
47, 239
48, 238
48, 237
49, 236
49, 234
50, 233
50, 232
51, 231
51, 230
52, 229
52, 227
53, 226
53, 225
54, 224
54, 223
55, 222
55, 221
56, 220
56, 219
57, 218
57, 217
58, 216
58, 214
59, 213
59, 212
61, 210
61, 209
62, 208
62, 207
63, 206
63, 205
65, 203
65, 202
66, 201
66, 200
68, 198
68, 197
71, 194
71, 193
151, 30
155, 30
159, 34
159, 35
160, 36
160, 37
161, 38
161, 40
162, 41
162, 45
163, 46
163, 51
162, 52
162, 57
161, 58
161, 61
160, 62
160, 64
159, 65
159, 66
158, 67
158, 69
157, 70
157, 71
156, 72
156, 73
155, 74
155, 75
154, 76
154, 77
153, 78
153, 79
152, 80
152, 81
151, 82
151, 83
150, 84
150, 85
149, 86
149, 87
148, 88
148, 89
146, 91
146, 92
145, 93
145, 94
143, 96
143, 97
141, 99
141, 100
139, 102
139, 103
137, 105
137, 106
135, 108
135, 109
132, 112
132, 113
129, 116
129, 117
125, 121
125, 122
120, 127
120, 128
116, 132
116, 133
115, 134
114, 134
113, 133
113, 132
114, 131
114, 127
115, 126
115, 123
116, 122
116, 118
117, 117
117, 114
118, 113
118, 111
119, 110
119, 107
120, 106
120, 103
121, 102
121, 99
122, 98
122, 96
123, 95
123, 92
124, 91
124, 89
125, 88
125, 85
126, 84
126, 82
127, 81
127, 79
128, 78
128, 76
129, 75
129, 73
130, 72
130, 71
131, 70
131, 68
132, 67
132, 65
133, 64
133, 62
134, 61
134, 59
135, 58
135, 57
136, 56
136, 55
137, 54
137, 52
138, 51
138, 50
139, 49
139, 48
140, 47
140, 46
141, 45
141, 44
142, 43
142, 42
143, 41
143, 40
145, 38
145, 37
146, 36
146, 35
