4, 2
380, 4
378, 369
2, 367
125, 151
123, 153
123, 159
124, 160
124, 162
125, 163
125, 164
126, 165
126, 166
127, 167
127, 168
129, 170
129, 171
130, 172
130, 173
131, 174
131, 175
132, 176
132, 177
133, 178
133, 179
134, 180
134, 181
135, 182
135, 184
136, 185
136, 186
137, 187
137, 189
138, 190
138, 192
139, 193
139, 195
140, 196
140, 198
141, 199
141, 201
142, 202
142, 203
143, 204
143, 206
144, 207
144, 209
145, 210
145, 211
146, 212
146, 213
147, 214
147, 215
148, 216
148, 218
149, 219
149, 220
150, 221
150, 222
151, 223
151, 224
152, 225
152, 226
153, 227
153, 228
154, 229
154, 230
156, 232
156, 233
157, 234
157, 235
158, 236
158, 237
159, 238
159, 239
160, 240
160, 241
161, 242
161, 243
162, 244
162, 245
163, 246
163, 248
165, 250
165, 251
166, 252
166, 253
167, 254
167, 255
168, 256
168, 257
169, 258
169, 259
170, 260
170, 261
171, 262
171, 263
173, 265
173, 266
175, 268
178, 268
178, 267
179, 266
179, 265
178, 264
178, 262
177, 261
177, 260
176, 259
176, 258
175, 257
175, 253
174, 252
174, 251
173, 250
173, 249
171, 247
170, 247
170, 251
171, 252
169, 254
169, 253
168, 252
168, 251
167, 250
167, 249
166, 248
166, 247
165, 246
165, 245
164, 244
164, 243
163, 242
163, 241
162, 240
162, 239
161, 238
161, 237
160, 236
160, 235
159, 234
159, 233
158, 232
158, 231
157, 230
157, 229
155, 227
155, 226
154, 225
154, 224
153, 223
153, 222
152, 221
152, 220
151, 219
151, 217
150, 216
150, 215
149, 214
149, 213
148, 212
148, 211
147, 210
147, 208
146, 207
146, 206
145, 205
145, 203
144, 202
144, 200
143, 199
143, 198
142, 197
142, 195
141, 194
141, 192
140, 191
140, 189
139, 188
139, 186
138, 185
138, 183
137, 182
137, 181
136, 180
136, 179
135, 178
135, 177
134, 176
134, 175
133, 174
133, 173
132, 172
132, 171
131, 170
131, 169
129, 167
129, 166
128, 165
128, 164
127, 163
127, 162
126, 161
126, 158
125, 157
125, 155
126, 154
127, 154
128, 155
129, 155
130, 156
131, 156
135, 160
137, 160
137, 158
136, 158
132, 154
131, 154
130, 153
129, 153
128, 152
127, 152
126, 151
148, 141
147, 142
146, 142
146, 143
145, 144
146, 145
146, 148
147, 149
147, 151
148, 152
148, 154
149, 155
149, 157
150, 158
150, 160
151, 161
151, 163
152, 164
152, 166
153, 167
153, 168
154, 169
154, 170
155, 171
155, 173
156, 174
156, 175
157, 176
157, 177
158, 178
158, 179
159, 180
159, 181
161, 183
161, 184
162, 185
162, 186
163, 187
163, 188
164, 189
164, 190
165, 191
165, 192
166, 193
166, 194
167, 195
167, 196
168, 197
168, 198
169, 199
169, 200
170, 201
170, 202
171, 203
171, 204
172, 205
172, 206
173, 207
173, 208
174, 209
174, 210
175, 211
175, 212
176, 213
176, 214
177, 215
177, 216
178, 217
178, 218
179, 219
179, 220
180, 221
180, 222
181, 223
181, 224
183, 226
183, 227
184, 228
184, 229
187, 232
187, 233
188, 234
189, 234
191, 236
193, 236
195, 234
195, 232
194, 231
194, 230
193, 229
189, 229
186, 226
186, 225
185, 224
185, 223
183, 221
183, 220
182, 219
182, 218
181, 217
181, 216
180, 215
180, 214
179, 213
179, 212
178, 211
178, 210
177, 209
177, 208
176, 207
176, 206
175, 205
175, 204
174, 203
174, 202
173, 201
173, 199
172, 198
172, 197
171, 196
171, 195
170, 194
170, 193
169, 192
169, 191
168, 190
168, 189
166, 187
166, 186
165, 185
165, 184
164, 183
164, 182
163, 181
163, 180
162, 179
162, 178
161, 177
161, 176
160, 175
160, 174
159, 173
159, 172
158, 171
158, 170
157, 169
157, 168
156, 167
156, 165
155, 164
155, 163
154, 162
154, 160
153, 159
153, 157
152, 156
152, 154
151, 153
151, 151
150, 150
150, 148
149, 147
149, 146
150, 145
151, 145
152, 146
154, 146
155, 147
156, 147
157, 148
158, 148
159, 149
160, 149
161, 150
162, 150
164, 152
165, 152
166, 153
170, 153
170, 151
169, 150
167, 150
165, 148
164, 148
163, 147
162, 147
161, 146
160, 146
159, 145
158, 145
157, 144
156, 144
155, 143
154, 143
153, 142
151, 142
150, 141
356, 99
355, 100
354, 103
353, 104
353, 105
354, 106
357, 111
362, 110
363, 109
363, 107
362, 106
362, 105
361, 104
360, 100
358, 100
357, 99
33, 38
32, 39
29, 39
28, 40
23, 40
22, 41
21, 41
20, 42
20, 43
19, 44
19, 45
18, 46
18, 47
17, 48
17, 60
18, 61
18, 65
19, 66
19, 69
20, 70
20, 73
21, 74
21, 77
22, 78
22, 81
23, 82
23, 85
24, 86
24, 88
25, 89
25, 92
26, 93
26, 96
27, 97
27, 99
28, 100
28, 103
29, 104
29, 107
30, 108
30, 110
31, 111
31, 113
32, 114
32, 115
33, 116
33, 118
34, 119
34, 121
35, 122
35, 123
36, 124
36, 126
37, 127
37, 128
38, 129
38, 131
39, 132
39, 134
40, 135
40, 137
41, 138
41, 140
42, 141
42, 143
43, 144
43, 146
44, 147
44, 149
45, 150
45, 151
46, 152
46, 153
47, 154
47, 155
48, 156
48, 157
49, 158
49, 159
50, 160
50, 161
52, 163
52, 164
54, 166
54, 167
58, 171
58, 172
63, 177
64, 177
65, 178
69, 178
70, 177
70, 176
71, 175
71, 161
70, 160
70, 158
69, 157
69, 155
68, 154
68, 153
67, 152
67, 150
66, 149
66, 148
65, 147
65, 146
64, 145
64, 144
63, 143
63, 142
62, 141
62, 140
61, 139
61, 137
60, 136
60, 135
59, 134
59, 133
58, 132
58, 131
57, 130
57, 128
56, 127
56, 126
55, 125
55, 123
54, 122
54, 121
53, 120
53, 118
52, 117
52, 116
51, 115
51, 113
50, 112
50, 111
49, 110
49, 108
48, 107
48, 106
47, 105
47, 103
46, 102
46, 100
45, 99
45, 97
44, 96
44, 94
43, 93
43, 91
42, 90
42, 87
41, 86
41, 82
40, 81
40, 72
41, 71
41, 66
40, 67
39, 67
39, 70
38, 71
38, 82
39, 83
39, 87
40, 88
40, 91
41, 92
41, 94
42, 95
42, 97
43, 98
43, 100
44, 101
44, 103
45, 104
45, 106
46, 107
46, 109
47, 110
47, 111
48, 112
48, 114
49, 115
49, 116
50, 117
50, 118
51, 119
51, 121
52, 122
52, 123
53, 124
53, 126
54, 127
54, 128
55, 129
55, 131
56, 132
56, 133
57, 134
57, 135
58, 136
58, 138
59, 139
59, 140
60, 141
60, 142
61, 143
61, 144
62, 145
62, 146
63, 147
63, 148
64, 149
64, 150
65, 151
65, 153
66, 154
66, 155
67, 156
67, 158
68, 159
68, 161
69, 162
69, 174
67, 176
66, 176
64, 174
63, 174
62, 173
62, 172
57, 167
57, 166
54, 163
54, 162
52, 160
52, 159
51, 158
51, 157
50, 156
50, 155
49, 154
49, 153
48, 152
48, 151
47, 150
47, 149
46, 148
46, 146
45, 145
45, 143
44, 142
44, 140
43, 139
43, 137
42, 136
42, 134
41, 133
41, 131
40, 130
40, 128
39, 127
39, 126
38, 125
38, 123
37, 122
37, 120
36, 119
36, 118
35, 117
35, 115
34, 114
34, 112
33, 111
33, 110
32, 109
32, 107
31, 106
31, 103
30, 102
30, 99
29, 98
29, 96
28, 95
28, 92
27, 91
27, 88
26, 87
26, 85
25, 84
25, 81
24, 80
24, 77
23, 76
23, 73
22, 72
22, 69
21, 68
21, 65
20, 64
20, 60
19, 59
19, 49
20, 48
20, 47
21, 46
21, 45
24, 42
29, 42
30, 41
36, 41
39, 44
39, 45
42, 48
42, 49
44, 51
44, 52
46, 54
46, 55
48, 57
48, 58
49, 59
49, 60
51, 62
51, 63
52, 64
52, 65
53, 66
53, 67
54, 68
54, 69
55, 70
55, 72
56, 73
56, 74
57, 75
57, 76
58, 77
58, 78
59, 79
59, 80
61, 82
61, 83
62, 84
62, 85
63, 86
63, 87
64, 88
64, 89
66, 91
66, 92
67, 93
67, 94
68, 95
68, 96
69, 97
69, 98
70, 99
70, 100
71, 101
71, 103
72, 104
72, 105
73, 106
73, 107
74, 108
74, 109
75, 110
75, 111
76, 112
76, 113
77, 114
77, 115
78, 116
78, 117
79, 118
79, 119
80, 120
80, 121
82, 123
82, 124
83, 125
83, 126
84, 127
84, 128
85, 129
85, 130
86, 131
86, 132
87, 133
87, 135
88, 136
88, 137
89, 138
89, 140
90, 141
90, 142
91, 143
91, 145
92, 146
92, 147
93, 148
93, 150
94, 151
94, 152
95, 153
95, 154
96, 155
96, 157
97, 158
97, 159
98, 160
98, 161
99, 162
99, 163
100, 164
100, 166
101, 167
101, 168
102, 169
102, 170
103, 171
103, 173
104, 174
104, 176
105, 177
105, 179
106, 180
106, 182
107, 183
107, 185
108, 186
108, 188
109, 189
109, 191
110, 192
110, 194
111, 195
111, 197
112, 198
112, 199
113, 200
113, 201
114, 202
114, 204
115, 205
115, 206
116, 207
116, 209
117, 210
117, 211
118, 212
118, 214
119, 215
119, 217
120, 218
120, 220
121, 221
121, 223
122, 224
122, 226
123, 227
123, 229
124, 230
124, 232
125, 233
125, 235
126, 236
126, 238
127, 239
127, 240
128, 241
128, 243
129, 244
129, 246
130, 247
130, 248
131, 249
131, 251
132, 252
132, 253
133, 254
133, 256
134, 257
134, 259
135, 260
135, 261
136, 262
136, 264
137, 265
137, 267
138, 268
138, 270
139, 271
139, 272
138, 273
137, 273
136, 272
135, 272
134, 271
133, 271
132, 270
131, 270
129, 268
128, 268
127, 267
126, 267
124, 265
123, 265
120, 262
119, 262
116, 259
115, 259
113, 257
112, 257
111, 256
110, 256
108, 254
107, 254
105, 252
104, 252
103, 251
102, 251
100, 249
99, 249
97, 247
96, 247
94, 245
93, 245
91, 243
90, 243
88, 241
87, 241
85, 239
84, 239
81, 236
80, 236
75, 231
75, 230
64, 219
64, 218
63, 217
63, 215
62, 214
62, 207
63, 206
63, 204
64, 203
64, 202
68, 198
68, 197
64, 197
62, 199
62, 200
61, 201
61, 202
60, 203
60, 207
59, 208
59, 214
60, 215
60, 217
61, 218
61, 219
62, 220
62, 221
70, 229
70, 230
80, 240
81, 240
83, 242
84, 242
86, 244
87, 244
89, 246
90, 246
92, 248
93, 248
95, 250
96, 250
98, 252
99, 252
100, 253
101, 253
103, 255
104, 255
106, 257
107, 257
109, 259
110, 259
111, 260
112, 260
115, 263
116, 263
119, 266
120, 266
122, 268
123, 268
125, 270
126, 270
127, 271
128, 271
129, 272
130, 272
131, 273
132, 273
134, 275
135, 275
136, 276
137, 276
138, 277
139, 277
141, 279
141, 280
142, 281
142, 284
143, 285
143, 287
144, 288
144, 290
145, 291
145, 294
146, 295
146, 296
147, 297
147, 299
148, 300
148, 301
149, 302
149, 304
150, 305
150, 306
151, 307
151, 308
152, 309
152, 310
153, 311
153, 312
154, 313
154, 315
155, 316
155, 317
156, 318
156, 320
157, 321
157, 323
158, 324
158, 327
159, 328
159, 329
160, 330
160, 332
161, 333
161, 334
162, 335
162, 337
163, 338
163, 339
164, 340
164, 342
165, 343
165, 345
166, 346
166, 347
167, 348
167, 349
168, 350
168, 351
170, 353
171, 353
172, 354
174, 354
175, 353
175, 352
176, 351
176, 339
175, 338
175, 333
174, 332
174, 329
173, 328
173, 326
172, 325
172, 324
171, 323
170, 323
170, 327
171, 328
171, 329
172, 330
172, 333
173, 334
173, 339
174, 340
174, 349
172, 351
169, 348
169, 347
168, 346
168, 345
167, 344
167, 342
166, 341
166, 339
165, 338
165, 337
164, 336
164, 334
163, 333
163, 332
162, 331
162, 329
161, 328
161, 326
160, 325
160, 323
159, 322
159, 320
158, 319
158, 317
157, 316
157, 314
156, 313
156, 312
155, 311
155, 310
154, 309
154, 308
153, 307
153, 306
152, 305
152, 303
151, 302
151, 301
150, 300
150, 299
149, 298
149, 296
148, 295
148, 294
147, 293
147, 290
146, 289
146, 287
145, 286
145, 284
144, 283
144, 282
145, 281
147, 281
148, 282
149, 282
150, 283
151, 283
152, 284
154, 284
155, 285
156, 285
157, 286
158, 286
159, 287
161, 287
162, 288
163, 288
164, 289
166, 289
167, 290
168, 290
169, 291
170, 291
171, 292
172, 292
173, 293
174, 293
175, 294
177, 294
178, 295
179, 295
180, 296
182, 296
183, 297
184, 297
185, 298
187, 298
188, 299
190, 299
191, 300
192, 300
193, 301
195, 301
196, 302
198, 302
199, 303
200, 303
201, 304
203, 304
204, 305
206, 305
207, 306
208, 306
209, 307
211, 307
212, 308
213, 308
214, 309
216, 309
217, 310
219, 310
220, 311
222, 311
223, 312
225, 312
226, 313
230, 313
231, 314
239, 314
240, 313
240, 312
229, 301
228, 301
221, 294
221, 293
217, 289
217, 288
215, 286
215, 285
214, 284
214, 283
213, 282
213, 281
212, 280
212, 275
211, 274
210, 274
209, 275
209, 280
210, 281
210, 283
211, 284
211, 285
212, 286
212, 287
214, 289
214, 290
217, 293
217, 294
231, 308
232, 308
233, 309
233, 310
232, 311
231, 311
230, 310
226, 310
225, 309
223, 309
222, 308
220, 308
219, 307
218, 307
217, 306
215, 306
214, 305
212, 305
211, 304
210, 304
209, 303
207, 303
206, 302
204, 302
203, 301
202, 301
201, 300
199, 300
198, 299
196, 299
195, 298
194, 298
193, 297
191, 297
190, 296
189, 296
188, 295
186, 295
185, 294
183, 294
182, 293
181, 293
180, 292
178, 292
177, 291
176, 291
175, 290
174, 290
173, 289
172, 289
171, 288
169, 288
168, 287
167, 287
166, 286
165, 286
164, 285
162, 285
161, 284
160, 284
159, 283
157, 283
156, 282
155, 282
154, 281
153, 281
152, 280
151, 280
150, 279
149, 279
148, 278
147, 278
146, 277
145, 277
144, 276
143, 276
142, 275
142, 273
141, 272
141, 270
140, 269
140, 267
139, 266
139, 264
138, 263
138, 261
137, 260
137, 259
136, 258
136, 256
135, 255
135, 253
134, 252
134, 251
133, 250
133, 248
132, 247
132, 245
131, 244
131, 243
130, 242
130, 240
129, 239
129, 237
128, 236
128, 235
127, 234
127, 232
126, 231
126, 229
125, 228
125, 226
124, 225
124, 223
123, 222
123, 220
122, 219
122, 217
121, 216
121, 214
120, 213
120, 211
119, 210
119, 209
118, 208
118, 206
117, 205
117, 204
116, 203
116, 201
115, 200
115, 199
114, 198
114, 196
113, 195
113, 194
112, 193
112, 191
111, 190
111, 188
110, 187
110, 185
109, 184
109, 182
108, 181
108, 178
107, 177
107, 176
106, 175
106, 173
105, 172
105, 170
104, 169
104, 168
103, 167
103, 165
102, 164
102, 163
101, 162
101, 161
100, 160
100, 159
99, 158
99, 157
98, 156
98, 154
97, 153
97, 152
96, 151
96, 150
95, 149
95, 147
94, 146
94, 145
93, 144
93, 142
92, 141
92, 140
91, 139
91, 137
90, 136
90, 135
89, 134
89, 132
88, 131
88, 130
87, 129
87, 128
86, 127
86, 126
85, 125
85, 124
84, 123
84, 122
82, 120
82, 119
81, 118
81, 117
80, 116
80, 115
79, 114
79, 113
78, 112
78, 111
77, 110
77, 109
76, 108
76, 107
75, 106
75, 105
74, 104
74, 102
73, 101
73, 100
72, 99
72, 98
71, 97
71, 96
70, 95
70, 94
69, 93
69, 92
68, 91
68, 90
66, 88
66, 87
65, 86
65, 85
64, 84
64, 83
63, 82
63, 81
62, 80
62, 79
60, 77
60, 76
59, 75
59, 74
58, 73
58, 71
57, 70
57, 69
56, 68
56, 67
55, 66
55, 65
54, 64
54, 63
53, 62
53, 61
52, 60
52, 59
50, 57
50, 56
49, 55
49, 54
47, 52
47, 51
44, 48
44, 47
41, 44
41, 43
37, 39
36, 39
35, 38
286, 16
285, 17
284, 17
282, 19
282, 20
281, 21
281, 24
280, 25
280, 34
281, 35
281, 45
282, 46
282, 50
283, 51
283, 55
284, 56
284, 58
285, 59
285, 60
286, 61
286, 62
287, 63
287, 64
289, 66
289, 67
291, 69
291, 70
294, 73
294, 74
299, 79
299, 80
306, 87
307, 87
311, 91
312, 91
316, 95
316, 96
317, 97
317, 99
318, 100
318, 103
319, 104
319, 107
320, 108
320, 111
321, 112
321, 115
322, 116
322, 119
323, 120
323, 123
324, 124
324, 127
325, 128
325, 130
324, 131
314, 121
314, 120
311, 117
310, 117
302, 109
301, 109
296, 104
295, 104
292, 101
291, 101
290, 100
289, 100
288, 99
287, 99
286, 100
285, 100
283, 102
283, 109
284, 110
284, 112
285, 113
285, 114
286, 115
286, 116
287, 117
287, 118
288, 119
288, 121
289, 122
289, 123
288, 124
284, 120
283, 120
280, 117
279, 117
278, 116
277, 116
275, 114
274, 114
273, 113
272, 113
270, 111
269, 111
268, 110
263, 110
261, 112
261, 119
260, 120
259, 120
254, 115
254, 114
251, 111
250, 111
242, 103
241, 103
238, 100
237, 100
236, 99
232, 99
230, 101
230, 114
231, 115
231, 118
232, 119
232, 122
233, 123
233, 126
232, 127
224, 119
223, 119
218, 114
217, 114
215, 112
211, 112
210, 113
210, 114
209, 115
209, 116
208, 117
208, 125
207, 126
205, 124
204, 124
202, 122
201, 122
200, 121
199, 121
198, 120
197, 120
196, 119
195, 119
194, 118
193, 118
192, 117
190, 117
189, 116
188, 116
187, 115
186, 115
185, 114
183, 114
182, 113
180, 113
179, 114
178, 114
176, 116
176, 118
175, 119
175, 128
176, 129
176, 132
177, 133
177, 135
178, 136
178, 138
179, 139
179, 140
180, 141
180, 143
181, 144
181, 145
182, 146
182, 147
183, 148
183, 149
184, 150
184, 151
185, 152
185, 153
187, 155
187, 156
188, 157
188, 158
190, 160
190, 161
191, 162
191, 163
193, 165
193, 166
196, 169
196, 170
203, 177
204, 177
206, 179
208, 179
209, 180
213, 180
214, 179
215, 179
216, 178
216, 177
217, 176
217, 171
216, 170
216, 169
215, 168
215, 167
214, 166
214, 165
213, 164
213, 163
211, 161
211, 160
209, 158
209, 157
207, 155
207, 154
204, 151
204, 150
200, 146
200, 145
189, 134
188, 134
187, 133
186, 133
185, 132
184, 133
183, 133
183, 137
184, 138
184, 140
185, 141
185, 142
186, 143
186, 145
187, 146
187, 147
188, 148
186, 150
186, 149
185, 148
185, 147
184, 146
184, 145
183, 144
183, 143
182, 142
182, 141
181, 140
181, 138
180, 137
180, 136
179, 135
179, 132
178, 131
178, 129
177, 128
177, 119
178, 118
178, 117
180, 115
182, 115
183, 116
185, 116
186, 117
187, 117
188, 118
189, 118
190, 119
191, 119
192, 120
194, 120
195, 121
196, 121
197, 122
198, 122
199, 123
200, 123
202, 125
203, 125
205, 127
206, 127
211, 132
211, 133
212, 134
212, 135
213, 136
213, 137
214, 138
214, 139
216, 141
216, 142
217, 143
217, 144
218, 145
218, 146
220, 148
220, 149
222, 151
222, 152
226, 156
228, 156
229, 155
229, 154
227, 152
227, 151
226, 150
226, 149
225, 148
225, 147
223, 145
223, 144
222, 143
222, 142
220, 140
220, 139
218, 137
218, 136
214, 132
214, 131
212, 129
212, 128
211, 127
211, 125
210, 124
210, 117
211, 116
211, 115
212, 114
214, 114
215, 115
216, 115
221, 120
222, 120
235, 133
235, 134
238, 137
238, 138
239, 139
239, 140
241, 142
241, 143
243, 145
243, 146
244, 147
244, 148
247, 151
247, 152
250, 155
250, 156
252, 158
252, 159
254, 161
254, 162
257, 165
257, 166
259, 168
260, 168
261, 169
262, 168
262, 165
260, 163
260, 162
259, 161
259, 160
258, 159
258, 158
256, 156
256, 155
253, 152
253, 151
249, 147
249, 146
244, 141
244, 140
240, 136
240, 135
238, 133
238, 132
237, 131
237, 129
236, 128
236, 126
235, 125
235, 123
234, 122
234, 119
233, 118
233, 115
232, 114
232, 102
233, 101
235, 101
236, 102
237, 102
239, 104
240, 104
248, 112
249, 112
254, 117
254, 118
263, 127
263, 128
265, 130
265, 131
266, 132
266, 133
267, 134
267, 135
268, 136
268, 137
269, 138
269, 139
270, 140
270, 141
271, 142
271, 143
273, 145
273, 146
274, 147
274, 148
276, 150
276, 151
278, 153
278, 154
279, 155
279, 156
282, 159
282, 160
283, 161
284, 161
286, 163
287, 163
288, 162
288, 160
287, 159
287, 158
286, 157
286, 155
285, 154
285, 153
283, 151
283, 150
282, 149
282, 148
281, 147
281, 146
279, 144
279, 143
276, 140
276, 139
271, 134
271, 133
267, 129
267, 128
266, 127
266, 126
265, 125
265, 124
264, 123
264, 121
263, 120
263, 113
264, 112
267, 112
268, 113
269, 113
270, 114
271, 114
272, 115
273, 115
275, 117
276, 117
277, 118
278, 118
281, 121
282, 121
294, 133
294, 134
296, 136
296, 137
298, 139
298, 140
300, 142
300, 143
301, 144
301, 145
304, 148
304, 149
308, 153
310, 153
310, 149
309, 148
309, 147
307, 145
307, 144
301, 138
301, 137
297, 133
297, 132
295, 130
295, 129
294, 128
294, 127
293, 126
293, 125
292, 124
292, 123
291, 122
291, 121
290, 120
290, 119
289, 118
289, 117
288, 116
288, 115
287, 114
287, 112
286, 111
286, 110
285, 109
285, 103
287, 101
288, 101
289, 102
290, 102
293, 105
294, 105
299, 110
300, 110
308, 118
309, 118
313, 122
313, 123
325, 135
325, 136
327, 138
327, 140
328, 141
328, 143
329, 144
329, 146
330, 147
330, 149
331, 150
331, 152
332, 153
332, 155
333, 156
333, 158
334, 159
334, 160
335, 161
335, 162
336, 163
336, 165
338, 167
338, 168
339, 169
339, 170
340, 171
340, 172
342, 174
342, 175
343, 176
343, 177
346, 180
346, 181
348, 183
348, 184
350, 186
350, 187
354, 191
354, 192
355, 193
356, 193
358, 195
362, 195
364, 193
364, 191
363, 190
363, 188
362, 187
362, 185
361, 184
361, 183
360, 182
360, 180
359, 179
359, 178
358, 177
358, 175
357, 174
357, 173
356, 172
356, 171
355, 170
355, 169
353, 167
353, 166
352, 165
352, 164
349, 161
349, 160
346, 157
346, 156
342, 152
342, 151
337, 146
337, 145
330, 138
330, 137
328, 135
328, 133
327, 132
327, 128
326, 127
326, 124
325, 123
325, 120
324, 119
324, 116
323, 115
323, 112
322, 111
322, 108
321, 107
321, 104
320, 103
320, 99
321, 98
322, 99
323, 99
324, 100
325, 100
326, 101
327, 101
328, 102
330, 102
331, 103
338, 103
339, 102
340, 102
340, 101
341, 100
338, 100
337, 101
331, 101
330, 100
328, 100
327, 99
326, 99
325, 98
324, 98
322, 96
321, 96
318, 93
318, 92
317, 91
317, 88
316, 87
316, 84
315, 83
315, 80
314, 79
314, 75
313, 74
313, 70
312, 69
312, 65
311, 64
311, 61
310, 60
310, 57
309, 56
309, 54
308, 53
308, 50
307, 49
307, 47
306, 46
306, 44
305, 43
305, 42
304, 41
304, 40
303, 39
303, 37
302, 36
302, 35
301, 34
301, 33
300, 32
300, 31
299, 30
299, 29
298, 28
298, 27
296, 25
296, 24
294, 22
294, 21
291, 18
290, 18
288, 16
283, 154
281, 155
189, 151
187, 152
331, 144
332, 143
336, 147
336, 148
341, 153
341, 154
344, 157
344, 158
348, 162
348, 163
350, 165
350, 166
352, 168
352, 169
353, 170
353, 171
354, 172
354, 173
355, 174
355, 175
356, 176
356, 177
357, 178
357, 179
358, 180
358, 182
359, 183
359, 185
360, 186
360, 187
361, 188
361, 190
362, 191
362, 192
361, 193
359, 193
358, 192
357, 192
355, 190
355, 189
351, 185
351, 184
349, 182
349, 181
347, 179
347, 178
345, 176
345, 175
343, 173
343, 172
341, 170
341, 169
340, 168
340, 167
339, 166
339, 165
338, 164
338, 163
337, 162
337, 161
336, 160
336, 158
335, 157
335, 156
334, 155
334, 153
333, 152
333, 150
332, 149
332, 147
331, 146
278, 145
278, 146
280, 148
280, 149
281, 150
281, 151
282, 152
279, 152
279, 151
277, 149
277, 148
276, 147
276, 146
274, 144
185, 136
186, 135
187, 135
199, 147
199, 148
203, 152
203, 153
206, 156
206, 157
208, 159
208, 160
210, 162
210, 163
211, 164
211, 165
212, 166
212, 167
214, 169
214, 170
215, 171
215, 176
213, 178
209, 178
208, 177
207, 177
206, 176
205, 176
197, 168
197, 167
194, 164
194, 163
193, 162
193, 160
194, 159
195, 159
195, 158
194, 157
194, 156
192, 154
192, 153
191, 152
191, 150
190, 149
190, 148
189, 147
189, 146
188, 145
188, 143
187, 142
187, 141
186, 140
186, 138
185, 137
286, 18
287, 18
288, 19
289, 19
293, 23
293, 24
295, 26
295, 27
296, 28
296, 29
298, 31
298, 32
299, 33
299, 34
300, 35
300, 37
301, 38
301, 39
302, 40
302, 41
303, 42
303, 44
304, 45
304, 46
305, 47
305, 49
306, 50
306, 53
307, 54
307, 56
308, 57
308, 60
309, 61
309, 64
310, 65
310, 69
311, 70
311, 74
312, 75
312, 79
313, 80
313, 83
314, 84
314, 87
315, 88
315, 89
314, 90
313, 90
309, 86
308, 86
300, 78
300, 77
295, 72
295, 71
292, 68
292, 67
290, 65
290, 64
289, 63
289, 62
288, 61
288, 60
287, 59
287, 58
286, 57
286, 55
285, 54
285, 51
284, 50
284, 46
283, 45
283, 35
282, 34
282, 25
283, 24
283, 21
