4, 2
496, 4
494, 305
2, 303
401, 115
400, 116
400, 119
401, 119
406, 124
406, 127
405, 128
405, 148
406, 149
406, 155
407, 156
407, 161
408, 162
408, 165
409, 166
409, 169
408, 170
406, 168
406, 167
402, 163
402, 162
398, 158
398, 157
395, 154
395, 153
392, 150
392, 149
389, 146
387, 146
386, 147
386, 149
387, 150
387, 151
391, 155
391, 156
394, 159
394, 160
398, 164
398, 165
402, 169
402, 170
406, 174
406, 175
411, 180
411, 181
413, 183
413, 185
414, 186
414, 188
415, 189
415, 192
416, 193
416, 195
417, 196
417, 198
418, 199
418, 201
419, 202
419, 204
420, 205
420, 207
421, 208
421, 210
422, 211
422, 213
423, 214
423, 216
424, 217
424, 219
425, 220
425, 222
426, 223
426, 225
427, 226
427, 227
428, 228
428, 230
429, 231
429, 232
430, 233
430, 235
431, 236
431, 238
432, 239
432, 240
433, 241
433, 243
434, 244
434, 245
435, 246
435, 248
436, 249
436, 250
437, 251
437, 252
438, 253
438, 254
439, 255
439, 256
440, 257
440, 259
441, 260
441, 261
442, 262
442, 263
443, 264
443, 265
445, 267
445, 268
446, 269
446, 270
448, 272
448, 273
449, 274
449, 275
452, 278
452, 279
455, 282
455, 283
462, 290
463, 290
465, 292
466, 292
467, 293
473, 293
475, 291
475, 290
476, 289
476, 283
475, 282
475, 279
474, 278
474, 275
473, 274
473, 272
472, 271
472, 269
471, 268
471, 267
470, 266
470, 265
469, 264
469, 262
468, 261
468, 260
467, 259
467, 258
466, 257
466, 256
465, 255
465, 254
464, 253
464, 252
463, 251
463, 250
462, 249
462, 248
461, 247
461, 246
460, 245
460, 244
459, 243
459, 242
457, 240
457, 239
456, 238
456, 237
454, 235
454, 234
453, 233
453, 232
451, 230
451, 229
450, 228
450, 227
448, 225
448, 224
446, 222
446, 221
445, 220
445, 219
443, 217
443, 216
441, 214
441, 213
439, 211
439, 210
437, 208
437, 207
435, 205
435, 204
433, 202
433, 201
430, 198
430, 197
428, 195
428, 194
425, 191
425, 190
421, 186
421, 185
417, 181
417, 180
416, 179
416, 177
415, 176
415, 173
414, 172
414, 169
413, 168
413, 164
412, 163
412, 160
411, 159
411, 154
410, 153
410, 146
409, 145
409, 131
411, 129
412, 130
413, 130
414, 131
415, 131
416, 132
418, 132
419, 133
422, 133
423, 132
424, 132
425, 131
425, 127
424, 126
424, 125
423, 124
423, 123
421, 121
421, 120
418, 117
417, 117
416, 116
412, 116
411, 117
410, 117
408, 119
405, 116
404, 116
403, 115
426, 199
426, 200
428, 202
428, 203
431, 206
431, 207
433, 209
433, 210
435, 212
435, 213
437, 215
437, 216
439, 218
439, 219
441, 221
441, 222
443, 224
443, 225
444, 226
444, 227
446, 229
446, 230
447, 231
447, 232
449, 234
449, 235
450, 236
450, 237
452, 239
452, 240
453, 241
453, 242
455, 244
455, 245
456, 246
456, 247
457, 248
457, 249
458, 250
458, 251
459, 252
459, 253
460, 254
460, 255
461, 256
461, 257
462, 258
462, 259
463, 260
463, 261
464, 262
464, 263
465, 264
465, 265
466, 266
466, 268
467, 269
467, 270
468, 271
468, 273
469, 274
469, 276
470, 277
470, 280
471, 281
471, 284
472, 285
472, 287
470, 289
469, 289
468, 288
467, 288
464, 285
463, 285
461, 283
461, 282
456, 277
456, 276
453, 273
453, 272
451, 270
451, 269
450, 268
450, 267
449, 266
449, 265
447, 263
447, 262
446, 261
446, 260
445, 259
445, 258
444, 257
444, 256
443, 255
443, 254
442, 253
442, 252
441, 251
441, 249
440, 248
440, 247
439, 246
439, 244
438, 243
438, 242
437, 241
437, 239
436, 238
436, 237
435, 236
435, 234
434, 233
434, 232
433, 231
433, 229
432, 228
432, 227
431, 226
431, 224
430, 223
430, 221
429, 220
429, 218
428, 217
428, 215
427, 214
427, 212
426, 211
426, 209
425, 208
425, 206
424, 205
424, 203
423, 202
423, 200
422, 199
414, 120
419, 125
419, 126
420, 127
419, 128
418, 128
417, 127
416, 127
415, 126
414, 126
411, 123
166, 13
165, 14
165, 17
166, 18
166, 21
167, 22
167, 25
168, 26
168, 29
169, 30
169, 33
170, 34
170, 36
171, 37
171, 40
172, 41
172, 44
173, 45
173, 48
174, 49
174, 51
175, 52
175, 55
176, 56
176, 58
177, 59
177, 62
178, 63
178, 65
179, 66
179, 68
180, 69
180, 72
181, 73
181, 75
182, 76
182, 79
183, 80
183, 82
184, 83
184, 85
185, 86
185, 89
186, 90
186, 92
187, 93
187, 95
188, 96
188, 98
189, 99
189, 102
190, 103
190, 105
191, 106
191, 108
192, 109
192, 111
193, 112
193, 114
194, 115
194, 117
195, 118
195, 120
196, 121
196, 123
197, 124
197, 126
198, 127
198, 129
199, 130
197, 133
197, 132
195, 130
195, 129
193, 127
193, 126
191, 124
191, 123
188, 120
188, 119
185, 116
185, 115
180, 110
180, 109
169, 98
168, 98
167, 97
166, 97
165, 96
163, 96
162, 95
161, 95
160, 96
158, 96
157, 97
156, 97
154, 99
154, 100
153, 101
153, 102
152, 103
152, 105
151, 106
151, 120
150, 121
147, 118
147, 117
144, 114
144, 113
142, 111
142, 110
133, 101
127, 101
126, 102
126, 103
125, 104
125, 113
126, 114
126, 117
127, 118
127, 119
128, 120
128, 122
129, 123
129, 124
130, 125
130, 127
131, 128
131, 129
132, 130
132, 131
133, 132
133, 133
134, 134
134, 136
135, 137
135, 138
136, 139
136, 140
137, 141
137, 142
138, 143
138, 144
139, 145
139, 146
140, 147
140, 148
141, 149
141, 150
142, 151
142, 152
143, 153
143, 154
144, 155
144, 156
145, 157
145, 158
146, 159
146, 160
145, 161
143, 159
143, 158
139, 154
139, 153
136, 150
136, 149
133, 146
133, 145
130, 142
130, 141
127, 138
127, 137
124, 134
124, 133
120, 129
120, 128
117, 125
117, 124
111, 118
111, 117
106, 112
106, 111
104, 109
103, 109
98, 104
97, 104
95, 102
94, 102
93, 101
91, 101
90, 100
82, 100
81, 101
80, 101
75, 106
75, 107
73, 109
73, 111
72, 112
72, 114
71, 115
71, 126
72, 127
72, 130
73, 131
73, 134
74, 135
74, 137
75, 138
75, 139
76, 140
76, 141
77, 142
77, 143
78, 144
78, 146
79, 147
79, 148
80, 149
76, 148
76, 147
74, 145
74, 144
72, 142
72, 141
71, 140
71, 139
69, 137
69, 136
68, 135
68, 134
66, 132
66, 131
65, 130
65, 129
63, 127
63, 126
62, 125
62, 124
61, 123
61, 122
59, 120
59, 119
58, 118
58, 117
57, 116
57, 115
56, 114
56, 113
55, 112
55, 111
53, 109
53, 108
52, 107
52, 106
51, 105
51, 104
50, 103
50, 102
49, 101
49, 100
48, 99
48, 98
47, 97
47, 96
46, 95
46, 94
45, 93
45, 92
44, 91
44, 89
43, 88
43, 86
42, 85
42, 83
41, 82
41, 80
40, 79
40, 77
39, 76
39, 74
38, 73
38, 71
37, 70
37, 68
36, 67
36, 66
35, 65
35, 63
34, 62
34, 60
32, 58
31, 58
30, 59
30, 65
31, 66
31, 69
32, 70
32, 72
33, 73
33, 75
34, 76
34, 78
35, 79
35, 81
36, 82
36, 83
37, 84
37, 86
38, 87
38, 88
39, 89
39, 90
40, 91
40, 93
41, 94
41, 96
42, 97
42, 98
43, 99
43, 102
44, 103
44, 105
45, 106
45, 108
46, 109
46, 111
47, 112
47, 114
48, 115
48, 117
49, 118
49, 120
50, 121
50, 123
51, 124
51, 127
52, 128
52, 130
53, 131
53, 134
54, 135
54, 137
55, 138
55, 141
56, 142
56, 144
57, 145
57, 148
58, 149
58, 152
59, 153
59, 155
60, 156
60, 159
61, 160
61, 163
62, 164
62, 167
63, 168
63, 170
64, 171
64, 174
65, 175
65, 178
66, 179
66, 182
67, 183
67, 185
68, 186
68, 189
69, 190
69, 193
70, 194
70, 197
71, 198
71, 201
72, 202
72, 204
73, 205
73, 208
74, 209
74, 211
75, 212
75, 215
76, 216
76, 219
77, 220
77, 222
78, 223
78, 226
79, 227
79, 229
80, 230
80, 233
81, 234
81, 236
82, 237
82, 239
83, 240
83, 243
84, 244
84, 246
85, 247
85, 249
86, 250
86, 252
87, 253
87, 256
88, 257
88, 259
89, 260
89, 262
90, 263
90, 265
91, 266
91, 268
92, 269
92, 271
93, 272
93, 275
94, 276
94, 277
93, 278
91, 276
91, 275
88, 272
88, 271
84, 267
84, 266
81, 263
81, 262
78, 259
78, 258
74, 254
74, 253
70, 249
70, 248
67, 245
67, 244
64, 241
64, 240
61, 237
61, 236
58, 233
58, 232
55, 229
55, 228
50, 223
50, 222
35, 207
34, 207
32, 205
31, 205
30, 204
24, 204
21, 207
21, 208
22, 209
25, 209
26, 208
29, 208
31, 210
32, 210
46, 224
46, 225
51, 230
51, 231
54, 234
54, 235
58, 239
58, 240
61, 243
61, 244
64, 247
64, 248
67, 251
67, 252
71, 256
71, 257
74, 260
74, 261
78, 265
78, 266
81, 269
81, 270
85, 274
85, 275
88, 278
88, 279
91, 282
91, 283
96, 288
99, 288
100, 287
100, 282
99, 281
99, 278
98, 277
98, 275
97, 274
97, 271
96, 270
96, 268
95, 267
95, 265
94, 264
94, 262
93, 261
93, 259
92, 258
92, 256
91, 255
91, 252
90, 251
90, 249
89, 248
89, 246
88, 245
88, 243
87, 242
87, 239
86, 238
86, 236
85, 235
85, 233
84, 232
84, 229
83, 228
83, 226
82, 225
82, 222
81, 221
81, 219
80, 218
80, 215
79, 214
79, 212
78, 211
78, 208
77, 207
77, 204
76, 203
76, 201
75, 200
75, 197
74, 196
74, 193
73, 192
73, 189
72, 188
72, 186
71, 185
71, 182
70, 181
70, 178
69, 177
69, 174
68, 173
68, 170
67, 169
67, 167
66, 166
66, 163
65, 162
65, 159
64, 158
64, 155
63, 154
63, 152
62, 151
62, 148
61, 147
61, 144
60, 143
60, 141
59, 140
59, 137
58, 136
58, 134
57, 133
57, 130
56, 129
56, 127
55, 126
55, 124
56, 123
57, 124
57, 125
59, 127
59, 128
60, 129
60, 130
61, 131
61, 132
63, 134
63, 135
64, 136
64, 137
66, 139
66, 140
67, 141
67, 142
69, 144
69, 145
71, 147
71, 148
73, 150
73, 151
75, 153
75, 154
77, 156
77, 157
80, 160
80, 161
82, 163
82, 164
85, 167
85, 168
88, 171
88, 172
91, 175
91, 176
94, 179
94, 180
98, 184
98, 185
103, 190
103, 191
111, 199
112, 199
115, 202
116, 202
117, 203
119, 203
120, 202
120, 199
119, 198
119, 197
118, 196
118, 195
117, 194
117, 193
109, 185
109, 184
102, 177
102, 176
99, 173
99, 172
97, 170
97, 169
95, 167
95, 166
93, 164
93, 163
92, 162
92, 161
90, 159
90, 158
89, 157
89, 156
87, 154
87, 153
86, 152
86, 151
85, 150
85, 149
84, 148
84, 147
83, 146
83, 145
82, 144
82, 143
81, 142
81, 141
80, 140
80, 139
79, 138
79, 136
78, 135
78, 134
77, 133
77, 130
76, 129
76, 126
75, 125
75, 116
76, 115
76, 113
77, 112
77, 111
78, 110
78, 109
83, 104
89, 104
90, 105
91, 105
92, 106
93, 106
94, 107
95, 107
108, 120
108, 121
113, 126
113, 127
117, 131
117, 132
120, 135
120, 136
124, 140
124, 141
127, 144
127, 145
129, 147
129, 148
133, 152
133, 153
136, 156
136, 157
139, 160
139, 161
144, 166
144, 167
148, 171
148, 172
154, 178
154, 179
158, 183
158, 184
163, 189
164, 189
166, 187
166, 186
165, 185
165, 184
164, 183
164, 182
163, 181
163, 180
162, 179
162, 178
160, 176
160, 175
158, 173
158, 172
157, 171
157, 170
155, 168
155, 167
154, 166
154, 165
153, 164
153, 163
151, 161
151, 160
150, 159
150, 158
149, 157
149, 156
148, 155
148, 154
147, 153
147, 152
146, 151
146, 150
145, 149
145, 148
144, 147
144, 146
143, 145
143, 144
142, 143
142, 142
141, 141
141, 140
140, 139
140, 137
139, 136
139, 135
138, 134
138, 133
137, 132
137, 131
136, 130
136, 129
135, 128
135, 126
134, 125
134, 124
133, 123
133, 121
132, 120
132, 119
131, 118
131, 116
130, 115
130, 113
129, 112
129, 106
130, 105
131, 105
139, 113
139, 114
141, 116
141, 117
144, 120
144, 121
146, 123
146, 124
148, 126
148, 127
150, 129
150, 130
151, 131
151, 132
153, 134
153, 135
154, 136
154, 137
155, 138
155, 140
156, 141
156, 144
157, 145
157, 147
158, 148
158, 150
159, 151
159, 154
160, 155
160, 157
161, 158
161, 159
162, 160
162, 162
163, 163
163, 164
164, 165
164, 166
165, 167
165, 168
166, 169
166, 170
167, 171
167, 172
172, 177
175, 177
176, 176
176, 173
175, 172
175, 171
174, 170
174, 168
173, 167
173, 165
172, 164
172, 163
171, 162
171, 161
170, 160
170, 158
169, 157
169, 156
168, 155
168, 154
167, 153
167, 152
166, 151
166, 150
165, 149
165, 148
164, 147
164, 146
163, 145
163, 144
162, 143
162, 142
161, 141
161, 140
160, 139
160, 138
159, 137
159, 136
158, 135
158, 133
157, 132
157, 128
156, 127
156, 123
155, 122
155, 107
156, 106
156, 104
157, 103
157, 102
159, 100
164, 100
166, 102
167, 102
176, 111
176, 112
181, 117
181, 118
185, 122
185, 123
187, 125
187, 126
190, 129
190, 130
192, 132
192, 133
194, 135
194, 136
195, 137
195, 138
197, 140
197, 141
199, 143
199, 144
201, 146
201, 147
203, 149
203, 150
205, 152
208, 152
208, 146
207, 145
207, 142
206, 141
206, 139
205, 138
205, 135
204, 134
204, 132
203, 131
203, 129
202, 128
202, 126
201, 125
201, 123
200, 122
200, 120
199, 119
199, 117
198, 116
198, 114
197, 113
197, 111
196, 110
196, 108
195, 107
195, 105
194, 104
194, 102
193, 101
193, 98
192, 97
192, 95
191, 94
191, 92
190, 91
190, 89
189, 88
189, 85
188, 84
188, 82
187, 81
187, 79
186, 78
186, 75
185, 74
187, 72
187, 73
188, 74
188, 75
189, 76
189, 78
190, 79
190, 80
191, 81
191, 82
192, 83
192, 85
193, 86
193, 87
194, 88
194, 89
195, 90
195, 91
196, 92
196, 93
197, 94
197, 95
198, 96
198, 97
199, 98
199, 99
200, 100
200, 101
201, 102
201, 103
202, 104
202, 105
203, 106
203, 107
204, 108
204, 109
205, 110
205, 111
206, 112
206, 113
208, 115
208, 116
209, 117
209, 118
210, 119
210, 120
211, 121
211, 122
213, 124
213, 125
215, 127
215, 128
217, 130
217, 131
219, 133
219, 134
222, 137
222, 138
231, 147
232, 147
234, 149
239, 149
241, 147
241, 146
242, 145
242, 143
243, 142
243, 121
242, 120
242, 110
241, 109
241, 105
242, 104
243, 104
249, 110
249, 111
253, 115
253, 116
255, 118
255, 119
257, 121
257, 122
259, 124
259, 125
261, 127
261, 128
262, 129
262, 130
264, 132
264, 133
266, 135
266, 136
268, 138
268, 139
270, 141
270, 142
272, 144
272, 145
275, 148
275, 149
279, 153
279, 154
289, 164
290, 164
291, 165
295, 165
297, 163
297, 160
298, 159
298, 155
297, 154
297, 148
296, 147
296, 144
295, 143
295, 140
294, 139
294, 136
293, 135
293, 132
292, 131
292, 128
291, 127
291, 124
290, 123
290, 120
289, 119
289, 116
288, 115
288, 112
287, 111
287, 110
288, 109
290, 111
290, 112
291, 113
291, 114
293, 116
293, 117
294, 118
294, 119
295, 120
295, 121
296, 122
296, 123
297, 124
297, 125
299, 127
299, 128
300, 129
300, 130
301, 131
301, 132
302, 133
302, 134
303, 135
303, 136
304, 137
304, 138
305, 139
305, 140
306, 141
306, 142
307, 143
307, 144
308, 145
308, 146
309, 147
309, 148
311, 150
311, 151
313, 153
313, 154
318, 159
319, 159
320, 158
321, 158
321, 156
322, 155
322, 125
323, 124
323, 123
325, 121
329, 125
329, 126
331, 128
331, 129
333, 131
333, 132
335, 134
335, 135
337, 137
337, 138
339, 140
339, 141
340, 142
340, 143
342, 145
342, 146
344, 148
344, 149
347, 152
347, 153
350, 156
350, 157
355, 162
356, 162
358, 164
362, 164
365, 161
365, 159
366, 158
366, 135
365, 134
365, 128
364, 127
364, 123
363, 122
363, 119
362, 118
362, 116
361, 115
361, 113
360, 112
360, 111
357, 108
355, 108
351, 112
351, 113
350, 114
350, 116
349, 117
349, 121
348, 122
348, 128
349, 129
349, 142
352, 142
353, 141
353, 128
352, 127
352, 124
353, 123
353, 118
354, 117
354, 115
355, 114
356, 114
357, 115
357, 116
358, 117
358, 119
359, 120
359, 123
360, 124
360, 128
361, 129
361, 135
362, 136
362, 157
360, 159
358, 159
353, 154
353, 153
350, 150
350, 149
348, 147
348, 146
346, 144
346, 143
344, 141
344, 140
342, 138
342, 137
340, 135
340, 134
338, 132
338, 131
337, 130
337, 129
335, 127
335, 126
333, 124
333, 123
328, 118
327, 118
326, 117
323, 117
322, 118
321, 118
320, 119
320, 120
319, 121
319, 123
318, 124
318, 133
317, 134
317, 142
318, 143
318, 150
317, 151
314, 148
314, 147
313, 146
313, 145
311, 143
311, 142
310, 141
310, 140
309, 139
309, 138
308, 137
308, 136
307, 135
307, 134
306, 133
306, 132
305, 131
305, 130
304, 129
304, 128
303, 127
303, 126
302, 125
302, 124
301, 123
301, 122
300, 121
300, 120
299, 119
299, 118
297, 116
297, 115
296, 114
296, 113
295, 112
295, 111
293, 109
293, 108
291, 106
291, 105
287, 101
282, 101
281, 102
281, 104
282, 105
282, 108
283, 109
283, 112
284, 113
284, 116
285, 117
285, 120
286, 121
286, 124
287, 125
287, 128
288, 129
288, 132
289, 133
289, 136
290, 137
290, 140
291, 141
291, 144
292, 145
292, 148
293, 149
293, 155
294, 156
294, 158
292, 160
291, 160
283, 152
283, 151
279, 147
279, 146
276, 143
276, 142
273, 139
273, 138
271, 136
271, 135
269, 133
269, 132
267, 130
267, 129
265, 127
265, 126
264, 125
264, 124
262, 122
262, 121
260, 119
260, 118
258, 116
258, 115
256, 113
256, 112
253, 109
253, 108
246, 101
245, 101
244, 100
242, 100
241, 99
240, 100
239, 100
237, 102
237, 110
238, 111
238, 121
239, 122
239, 141
238, 142
238, 144
237, 145
236, 145
235, 144
234, 144
226, 136
226, 135
222, 131
222, 130
220, 128
220, 127
218, 125
218, 124
216, 122
216, 121
215, 120
215, 119
213, 117
213, 116
212, 115
212, 114
211, 113
211, 112
210, 111
210, 110
208, 108
208, 107
207, 106
207, 105
206, 104
206, 103
205, 102
205, 101
204, 100
204, 99
203, 98
203, 97
202, 96
202, 95
201, 94
201, 92
200, 91
200, 90
199, 89
199, 88
198, 87
198, 86
197, 85
197, 84
196, 83
196, 82
195, 81
195, 80
194, 79
194, 77
193, 76
193, 75
192, 74
192, 73
191, 72
191, 70
190, 69
190, 68
189, 67
189, 66
188, 65
188, 64
187, 63
187, 61
186, 60
186, 59
185, 58
185, 57
184, 56
184, 54
183, 53
183, 52
182, 51
182, 49
181, 48
181, 47
180, 46
180, 44
179, 43
179, 41
178, 40
178, 39
177, 38
177, 36
176, 35
176, 33
175, 32
175, 30
174, 29
174, 28
173, 27
173, 25
172, 24
172, 22
171, 21
171, 18
170, 17
170, 15
168, 13
81, 151
79, 152
186, 70
184, 71
