0, 317
2, 317
4, 319
6, 321
6, 319
8, 317
75, 317
77, 319
77, 321
79, 321
79, 319
81, 317
147, 317
149, 319
149, 321
151, 321
151, 319
153, 317
219, 317
221, 319
221, 321
223, 321
223, 319
225, 317
291, 317
293, 319
293, 321
295, 321
295, 319
297, 317
363, 317
365, 319
365, 321
367, 321
367, 319
369, 317
436, 317
438, 319
438, 321
440, 321
440, 319
442, 317
4, 2
496, 4
494, 315
2, 313
28, 215
27, 216
28, 217
28, 220
29, 221
29, 222
30, 223
30, 224
35, 229
36, 229
37, 230
38, 230
40, 232
42, 232
43, 233
45, 233
46, 234
47, 234
48, 235
49, 235
50, 236
51, 236
52, 237
53, 237
54, 238
55, 238
55, 236
54, 235
53, 235
52, 234
51, 234
50, 233
49, 233
48, 232
47, 232
46, 231
44, 231
43, 230
41, 230
39, 228
38, 228
37, 227
36, 227
32, 223
32, 222
31, 221
31, 220
30, 219
30, 217
29, 216
29, 215
200, 13
199, 14
199, 19
200, 20
200, 22
201, 23
201, 25
202, 26
202, 28
203, 29
203, 31
204, 32
204, 34
205, 35
205, 37
206, 38
206, 40
207, 41
207, 43
208, 44
208, 46
209, 47
209, 49
210, 50
210, 52
211, 53
211, 55
212, 56
212, 58
213, 59
213, 60
214, 61
214, 63
215, 64
215, 66
216, 67
216, 68
217, 69
217, 71
218, 72
218, 73
219, 74
219, 76
220, 77
220, 78
221, 79
221, 81
222, 82
222, 83
223, 84
223, 86
224, 87
224, 89
225, 90
225, 92
226, 93
226, 95
227, 96
227, 98
228, 99
228, 101
229, 102
229, 104
230, 105
230, 107
231, 108
231, 110
232, 111
232, 113
233, 114
233, 115
232, 116
230, 114
230, 113
228, 111
228, 110
227, 109
227, 108
224, 105
224, 104
220, 100
220, 99
218, 97
217, 97
211, 91
210, 91
208, 89
207, 89
206, 88
205, 88
204, 87
201, 87
200, 88
199, 88
197, 90
197, 91
196, 92
196, 119
197, 120
197, 128
198, 129
198, 131
197, 132
195, 130
195, 129
193, 127
193, 126
192, 125
192, 124
190, 122
190, 121
185, 116
185, 115
173, 103
173, 102
172, 101
171, 101
167, 97
166, 97
164, 95
159, 95
157, 97
157, 114
158, 115
158, 120
159, 121
159, 125
160, 126
160, 129
161, 130
161, 132
162, 133
162, 135
163, 136
161, 138
161, 137
160, 136
160, 135
159, 134
159, 133
158, 132
158, 131
156, 129
156, 128
154, 126
154, 125
153, 124
153, 123
151, 121
151, 120
148, 117
148, 116
145, 113
145, 112
140, 107
140, 106
134, 100
134, 99
132, 97
131, 97
130, 96
129, 96
127, 94
125, 94
124, 93
121, 93
120, 94
118, 94
115, 97
115, 98
113, 100
113, 102
112, 103
112, 105
111, 106
111, 112
112, 113
112, 120
113, 121
113, 126
114, 127
114, 131
115, 132
115, 135
116, 136
116, 139
117, 140
117, 143
118, 144
118, 146
119, 147
119, 148
120, 149
120, 150
123, 153
123, 154
127, 158
127, 159
133, 165
133, 166
137, 170
137, 171
139, 173
139, 174
141, 176
141, 177
142, 178
142, 179
144, 181
144, 182
145, 183
145, 184
146, 185
146, 186
147, 187
147, 188
148, 189
148, 191
149, 192
149, 193
150, 194
150, 195
151, 196
151, 197
152, 198
152, 200
153, 201
153, 203
154, 204
154, 206
155, 207
155, 209
156, 210
156, 212
157, 213
157, 216
158, 217
158, 219
159, 220
159, 222
160, 223
160, 225
161, 226
161, 228
162, 229
162, 230
163, 231
163, 233
164, 234
164, 236
165, 237
165, 238
166, 239
166, 241
165, 242
163, 242
162, 241
160, 241
158, 239
157, 239
139, 221
139, 220
127, 208
127, 207
122, 202
122, 201
120, 199
120, 198
118, 196
118, 195
116, 193
116, 192
115, 191
115, 190
112, 187
112, 186
108, 182
108, 181
104, 177
104, 176
100, 172
100, 171
94, 165
94, 164
90, 160
90, 159
87, 156
87, 155
84, 152
84, 151
82, 149
82, 148
81, 147
81, 146
80, 145
80, 144
79, 143
79, 142
78, 141
78, 140
77, 139
77, 137
76, 136
76, 135
75, 134
75, 133
73, 131
73, 130
72, 129
72, 128
71, 127
71, 126
69, 124
69, 123
68, 122
68, 121
66, 119
66, 118
64, 116
64, 115
62, 113
62, 112
60, 110
60, 109
57, 106
57, 105
53, 101
53, 100
51, 98
50, 98
48, 96
47, 96
45, 94
44, 94
43, 93
42, 93
41, 92
40, 92
38, 90
36, 90
35, 89
34, 89
33, 88
32, 88
31, 87
27, 87
26, 88
26, 89
25, 90
25, 97
26, 98
26, 99
27, 100
27, 101
28, 102
28, 103
30, 105
30, 106
37, 113
38, 113
50, 125
50, 126
56, 132
56, 133
68, 145
69, 145
71, 147
72, 147
74, 149
75, 149
81, 155
81, 156
82, 157
82, 158
83, 159
83, 160
84, 161
84, 163
85, 164
85, 165
86, 166
86, 167
87, 168
87, 169
88, 170
88, 171
89, 172
89, 173
90, 174
90, 176
91, 177
91, 178
92, 179
92, 180
93, 181
93, 183
94, 184
94, 185
95, 186
95, 188
96, 189
96, 191
97, 192
97, 193
98, 194
98, 196
99, 197
99, 199
100, 200
100, 201
101, 202
101, 205
102, 206
102, 208
103, 209
103, 211
104, 212
104, 214
105, 215
105, 218
106, 219
106, 221
107, 222
107, 224
108, 225
108, 227
109, 228
109, 230
110, 231
110, 233
111, 234
111, 236
112, 237
112, 239
113, 240
113, 242
114, 243
114, 246
115, 247
115, 249
116, 250
116, 253
117, 254
117, 256
118, 257
118, 260
119, 261
119, 263
120, 264
120, 267
121, 268
121, 270
122, 271
122, 273
123, 274
123, 275
124, 276
124, 278
125, 279
125, 280
126, 281
126, 282
127, 283
127, 284
128, 285
128, 286
129, 287
129, 289
130, 290
130, 292
129, 293
122, 286
122, 285
116, 279
116, 278
112, 274
112, 273
105, 266
105, 265
98, 258
98, 257
88, 247
87, 247
84, 244
83, 244
81, 242
80, 242
78, 240
77, 240
76, 239
75, 239
73, 237
72, 237
71, 236
70, 236
67, 233
66, 233
64, 231
63, 231
61, 229
60, 229
57, 226
56, 226
48, 218
47, 218
31, 202
31, 201
26, 196
26, 194
27, 193
27, 191
26, 190
24, 190
22, 192
22, 193
21, 194
21, 195
22, 196
22, 197
26, 201
26, 202
31, 207
31, 208
40, 217
41, 217
49, 225
50, 225
55, 230
56, 230
59, 233
60, 233
62, 235
63, 235
65, 237
66, 237
68, 239
69, 239
71, 241
72, 241
73, 242
74, 242
76, 244
77, 244
79, 246
80, 246
82, 248
83, 248
99, 264
99, 265
106, 272
106, 273
111, 278
111, 279
117, 285
117, 286
126, 295
126, 296
132, 302
133, 302
134, 303
136, 303
137, 302
137, 299
136, 298
136, 296
135, 295
135, 293
134, 292
134, 290
133, 289
133, 287
132, 286
132, 285
131, 284
131, 283
130, 282
130, 280
129, 279
129, 278
128, 277
128, 276
127, 275
127, 274
126, 273
126, 271
125, 270
125, 268
124, 267
124, 265
123, 264
123, 261
122, 260
122, 258
121, 257
121, 254
120, 253
120, 251
119, 250
119, 248
118, 247
118, 244
117, 243
117, 241
116, 240
116, 238
115, 237
115, 235
114, 234
114, 231
113, 230
113, 228
112, 227
112, 225
111, 224
111, 222
110, 221
110, 219
109, 218
109, 216
108, 215
108, 213
107, 212
107, 209
106, 208
106, 206
105, 205
105, 203
104, 202
104, 200
103, 199
103, 197
102, 196
102, 194
101, 193
101, 192
100, 191
100, 189
99, 188
99, 187
98, 186
98, 184
97, 183
97, 181
96, 180
96, 179
95, 178
95, 177
94, 176
94, 174
93, 173
100, 177
100, 178
103, 181
103, 182
108, 187
108, 188
111, 191
111, 192
113, 194
113, 195
114, 196
114, 197
116, 199
116, 200
118, 202
118, 203
122, 207
122, 208
131, 217
131, 218
140, 227
140, 228
150, 238
151, 238
156, 243
157, 243
158, 244
159, 244
160, 245
162, 245
163, 246
170, 246
170, 240
169, 239
169, 237
168, 236
168, 234
167, 233
167, 231
166, 230
166, 229
165, 228
165, 226
164, 225
164, 223
163, 222
163, 220
162, 219
162, 217
161, 216
161, 214
160, 213
160, 211
159, 210
159, 208
158, 207
158, 204
157, 203
157, 201
156, 200
156, 198
155, 197
155, 196
154, 195
154, 194
153, 193
153, 191
152, 190
152, 189
151, 188
151, 187
150, 186
150, 185
149, 184
149, 183
148, 182
148, 181
147, 180
147, 179
146, 178
146, 177
144, 175
144, 174
142, 172
142, 171
140, 169
140, 168
138, 166
138, 165
133, 160
133, 159
127, 153
127, 152
124, 149
124, 148
122, 146
122, 144
121, 143
121, 141
120, 140
120, 138
119, 137
119, 133
118, 132
118, 129
117, 128
117, 123
116, 122
116, 116
115, 115
115, 105
116, 104
116, 103
117, 102
117, 101
121, 97
124, 97
125, 98
126, 98
127, 99
128, 99
135, 106
135, 107
140, 112
140, 113
144, 117
144, 118
147, 121
147, 122
150, 125
150, 126
151, 127
151, 128
153, 130
153, 131
154, 132
154, 133
156, 135
156, 136
157, 137
157, 139
158, 140
158, 141
159, 142
159, 143
160, 144
160, 145
162, 147
162, 148
164, 150
164, 151
167, 154
167, 155
176, 164
177, 164
180, 167
181, 167
183, 169
184, 169
185, 170
186, 170
187, 171
188, 171
189, 172
191, 172
192, 173
194, 173
195, 172
196, 172
199, 169
199, 166
200, 165
200, 161
198, 159
196, 159
194, 161
194, 162
193, 163
193, 164
190, 167
188, 167
177, 156
177, 155
174, 152
174, 151
173, 150
173, 149
171, 147
171, 146
170, 145
170, 144
169, 143
169, 142
168, 141
168, 139
167, 138
167, 136
166, 135
166, 133
165, 132
165, 130
164, 129
164, 127
163, 126
163, 123
162, 122
162, 117
161, 116
161, 110
160, 109
160, 100
161, 99
163, 99
164, 100
165, 100
174, 109
174, 110
186, 122
186, 123
188, 125
188, 126
190, 128
190, 129
192, 131
192, 132
193, 133
193, 134
194, 135
194, 136
195, 137
195, 138
196, 139
196, 140
197, 141
197, 142
198, 143
198, 144
199, 145
199, 147
201, 149
201, 150
202, 151
202, 153
203, 154
203, 156
204, 157
204, 158
207, 158
207, 152
206, 151
206, 149
205, 148
205, 145
204, 144
204, 140
203, 139
203, 135
202, 134
202, 130
201, 129
201, 124
200, 123
200, 93
202, 91
204, 91
205, 92
206, 92
209, 95
210, 95
220, 105
220, 106
223, 109
223, 110
225, 112
225, 113
227, 115
227, 116
228, 117
228, 118
229, 119
229, 120
231, 122
231, 123
232, 124
232, 125
233, 126
233, 127
234, 128
234, 129
235, 130
235, 132
236, 133
236, 134
237, 135
237, 136
238, 137
238, 138
239, 139
239, 141
240, 142
240, 143
241, 144
241, 145
242, 146
242, 148
243, 149
243, 151
244, 152
244, 153
245, 154
245, 156
246, 157
246, 158
247, 159
247, 160
248, 161
250, 161
251, 160
251, 158
250, 157
250, 155
249, 154
249, 153
248, 152
248, 151
247, 150
247, 147
246, 146
246, 144
245, 143
245, 140
244, 139
244, 137
243, 136
243, 133
242, 132
242, 130
243, 129
244, 130
244, 131
246, 133
246, 134
247, 135
247, 136
249, 138
249, 139
252, 142
252, 143
259, 150
266, 150
267, 149
268, 149
269, 148
269, 147
271, 145
271, 144
272, 143
272, 129
271, 128
271, 123
270, 122
270, 119
269, 118
269, 116
268, 115
268, 113
267, 112
267, 110
266, 109
266, 107
265, 106
265, 104
264, 103
264, 99
263, 98
263, 91
262, 90
263, 89
263, 82
264, 81
264, 80
266, 78
268, 78
269, 77
270, 78
272, 78
273, 79
274, 79
275, 80
276, 80
277, 81
278, 81
282, 85
282, 86
285, 89
285, 90
286, 91
286, 92
288, 94
288, 95
290, 97
290, 98
291, 99
291, 100
292, 101
292, 103
293, 104
293, 106
294, 107
294, 109
295, 110
295, 112
296, 113
296, 115
297, 116
297, 118
298, 119
298, 120
299, 121
299, 122
300, 123
300, 124
302, 126
302, 127
303, 128
303, 129
306, 132
306, 133
309, 136
310, 136
311, 135
311, 128
310, 127
310, 122
309, 121
309, 117
308, 116
308, 113
307, 112
307, 109
306, 108
306, 105
305, 104
305, 101
304, 100
304, 98
303, 97
303, 94
302, 93
302, 92
303, 91
305, 93
305, 94
306, 95
306, 97
307, 98
307, 99
308, 100
308, 101
309, 102
309, 103
310, 104
310, 106
311, 107
311, 108
312, 109
312, 110
313, 111
313, 112
314, 113
314, 115
315, 116
315, 117
316, 118
316, 119
317, 120
317, 121
319, 123
319, 124
320, 125
320, 126
321, 127
321, 128
323, 130
323, 131
324, 132
324, 133
326, 135
326, 136
329, 139
329, 140
330, 141
334, 141
334, 140
335, 139
335, 138
336, 137
336, 134
337, 133
337, 111
336, 110
336, 105
335, 104
335, 100
334, 99
334, 96
333, 95
333, 91
332, 90
332, 78
333, 77
333, 75
335, 73
335, 72
338, 69
339, 69
340, 68
341, 68
342, 69
344, 69
346, 71
347, 71
356, 80
356, 81
361, 86
361, 87
365, 91
365, 92
367, 94
367, 95
368, 96
368, 101
369, 102
369, 110
370, 111
370, 116
371, 117
371, 119
372, 120
372, 121
373, 122
373, 123
379, 129
379, 130
380, 131
381, 131
382, 132
384, 132
385, 133
387, 133
388, 134
389, 134
390, 133
391, 133
393, 131
394, 131
395, 130
396, 130
398, 128
399, 128
400, 127
401, 128
402, 128
403, 129
404, 129
408, 133
409, 133
424, 148
425, 148
432, 155
432, 157
433, 158
433, 161
434, 162
434, 166
435, 167
435, 169
436, 170
436, 173
437, 174
437, 176
438, 177
438, 179
439, 180
439, 181
440, 182
440, 183
441, 184
441, 185
442, 186
442, 187
443, 188
443, 189
444, 190
444, 191
446, 193
446, 194
447, 195
447, 196
448, 197
448, 198
450, 200
450, 201
451, 202
451, 203
453, 205
453, 206
454, 207
454, 208
457, 211
457, 212
461, 216
462, 216
463, 217
464, 217
465, 218
468, 218
469, 217
470, 217
473, 214
473, 213
474, 212
474, 211
475, 210
475, 205
476, 204
476, 202
475, 201
475, 197
474, 196
474, 192
473, 191
473, 189
472, 188
472, 187
471, 186
471, 185
467, 181
467, 180
458, 171
457, 171
453, 167
452, 167
449, 164
448, 164
444, 160
443, 160
435, 152
435, 149
434, 148
434, 144
433, 143
433, 138
432, 137
432, 133
431, 132
431, 127
430, 126
430, 122
429, 121
429, 116
428, 115
428, 112
429, 111
436, 111
437, 110
439, 110
441, 108
442, 108
445, 105
445, 104
446, 103
446, 102
447, 101
447, 100
448, 99
448, 97
449, 96
449, 94
450, 93
450, 90
451, 89
451, 81
452, 80
452, 75
451, 74
451, 70
450, 69
450, 67
449, 66
449, 65
448, 64
448, 63
446, 61
446, 60
443, 57
442, 57
440, 55
439, 55
438, 54
437, 54
436, 53
435, 53
434, 52
433, 52
432, 51
431, 51
430, 50
427, 50
426, 49
422, 49
421, 50
420, 50
418, 52
418, 54
417, 55
417, 65
418, 66
418, 73
419, 74
419, 80
420, 81
420, 87
421, 88
421, 94
422, 95
422, 101
423, 102
423, 105
422, 106
421, 106
420, 105
419, 105
418, 104
417, 104
416, 103
415, 103
414, 102
413, 102
411, 100
410, 100
409, 99
409, 98
408, 97
408, 95
407, 94
407, 93
406, 92
406, 91
405, 90
405, 89
403, 87
403, 86
402, 85
402, 84
400, 82
400, 81
399, 80
399, 79
400, 78
400, 77
401, 76
401, 75
403, 73
403, 70
400, 70
399, 71
399, 72
398, 73
398, 74
396, 76
394, 74
394, 73
393, 72
393, 71
389, 67
389, 66
387, 64
387, 63
381, 57
380, 57
379, 56
376, 56
375, 57
374, 57
372, 59
372, 60
370, 62
370, 64
369, 65
369, 69
368, 70
368, 85
367, 86
366, 86
361, 81
361, 80
356, 75
356, 74
352, 70
351, 70
348, 67
347, 67
346, 66
345, 66
344, 65
338, 65
337, 66
336, 66
335, 67
334, 67
334, 68
331, 71
331, 72
330, 73
330, 74
329, 75
329, 78
328, 79
328, 87
329, 88
329, 94
330, 95
330, 98
331, 99
331, 103
332, 104
332, 108
333, 109
333, 116
334, 117
334, 129
333, 130
333, 134
331, 136
330, 135
330, 134
328, 132
328, 131
326, 129
326, 128
325, 127
325, 126
324, 125
324, 124
322, 122
322, 121
321, 120
321, 119
320, 118
320, 117
319, 116
319, 115
318, 114
318, 113
317, 112
317, 111
316, 110
316, 109
315, 108
315, 106
314, 105
314, 104
313, 103
313, 102
312, 101
312, 100
311, 99
311, 98
310, 97
310, 95
309, 94
309, 93
308, 92
308, 91
307, 90
307, 89
306, 88
306, 87
305, 86
305, 85
304, 84
304, 82
303, 81
303, 80
302, 79
302, 78
301, 77
301, 75
300, 74
300, 73
299, 72
299, 70
298, 69
298, 68
297, 67
297, 65
296, 64
296, 63
295, 62
295, 61
294, 60
294, 58
293, 57
293, 56
292, 55
290, 55
289, 56
289, 59
290, 60
290, 62
291, 63
291, 66
292, 67
292, 69
293, 70
293, 73
294, 74
294, 77
295, 78
295, 81
296, 82
296, 85
297, 86
297, 89
298, 90
298, 92
299, 93
299, 96
300, 97
300, 100
301, 101
301, 103
302, 104
302, 107
303, 108
303, 111
304, 112
304, 115
305, 116
305, 119
306, 120
306, 123
305, 124
304, 123
304, 122
302, 120
302, 119
301, 118
301, 116
300, 115
300, 113
299, 112
299, 110
298, 109
298, 107
297, 106
297, 104
296, 103
296, 101
295, 100
295, 99
294, 98
294, 97
293, 96
293, 95
292, 94
292, 93
290, 91
290, 90
288, 88
288, 87
286, 85
286, 84
280, 78
279, 78
277, 76
276, 76
275, 75
273, 75
272, 74
266, 74
265, 75
264, 75
261, 78
261, 79
260, 80
260, 82
259, 83
259, 97
260, 98
260, 102
261, 103
261, 106
262, 107
262, 109
263, 110
263, 112
264, 113
264, 115
265, 116
265, 118
266, 119
266, 121
267, 122
267, 126
268, 127
268, 134
269, 135
269, 140
268, 141
268, 143
265, 146
264, 146
263, 147
262, 147
261, 146
260, 146
256, 142
256, 141
253, 138
253, 137
251, 135
251, 134
249, 132
249, 131
248, 130
248, 129
247, 128
247, 127
246, 126
246, 125
245, 124
245, 123
244, 122
244, 121
243, 120
243, 118
242, 117
242, 116
241, 115
241, 113
240, 112
240, 110
239, 109
239, 108
238, 107
238, 105
237, 104
237, 102
236, 101
236, 99
235, 98
235, 96
234, 95
234, 94
233, 93
233, 91
232, 90
232, 88
231, 87
231, 85
230, 84
230, 83
229, 82
229, 80
228, 79
228, 77
227, 76
227, 75
226, 74
226, 73
225, 72
225, 70
224, 69
224, 68
223, 67
223, 66
222, 65
222, 63
221, 62
221, 61
220, 60
220, 59
219, 58
219, 57
218, 56
218, 55
217, 54
217, 53
216, 52
216, 51
215, 50
215, 49
214, 48
214, 47
213, 46
213, 44
212, 43
212, 42
211, 41
211, 40
210, 39
210, 37
209, 36
209, 34
208, 33
208, 31
207, 30
207, 28
206, 27
206, 24
205, 23
205, 21
204, 20
204, 18
203, 17
203, 15
201, 13
437, 162
438, 161
439, 161
443, 165
444, 165
447, 168
448, 168
451, 171
452, 171
467, 186
467, 187
469, 189
469, 191
470, 192
470, 194
471, 195
471, 199
472, 200
472, 207
471, 208
471, 210
467, 214
465, 214
458, 207
458, 206
456, 204
456, 203
455, 202
455, 201
453, 199
453, 198
452, 197
452, 196
451, 195
451, 194
449, 192
449, 191
448, 190
448, 189
446, 187
446, 186
445, 185
445, 184
444, 183
444, 182
443, 181
443, 180
442, 179
442, 177
441, 176
441, 175
440, 174
440, 171
439, 170
439, 167
438, 166
438, 163
164, 139
162, 140
376, 113
376, 114
377, 115
377, 117
378, 118
378, 119
379, 120
379, 121
378, 122
375, 119
375, 117
374, 116
408, 105
410, 104
411, 105
412, 105
413, 106
414, 106
415, 107
416, 107
417, 108
418, 108
419, 109
421, 109
422, 110
423, 110
424, 113
425, 114
425, 119
426, 120
426, 125
427, 126
427, 130
428, 131
428, 136
429, 137
429, 141
430, 142
430, 146
415, 133
414, 133
410, 129
409, 129
406, 126
405, 126
403, 123
405, 121
405, 119
406, 118
406, 116
407, 115
407, 112
408, 111
28, 92
29, 91
31, 91
32, 92
33, 92
34, 93
35, 93
36, 94
37, 94
38, 95
39, 95
40, 96
41, 96
43, 98
44, 98
46, 100
47, 100
53, 106
53, 107
56, 110
56, 111
58, 113
58, 114
61, 117
61, 118
63, 120
63, 121
64, 122
64, 123
66, 125
66, 126
67, 127
67, 128
69, 130
69, 131
70, 132
70, 133
71, 134
71, 135
72, 136
72, 137
73, 138
73, 139
74, 140
74, 141
75, 142
75, 143
74, 144
73, 144
70, 141
69, 141
61, 133
61, 132
56, 127
56, 126
32, 102
32, 101
30, 99
30, 98
29, 97
29, 94
28, 93
377, 60
379, 60
383, 64
383, 65
385, 67
385, 68
389, 72
389, 73
391, 75
391, 76
392, 77
392, 78
394, 80
394, 81
395, 82
394, 83
394, 84
395, 85
395, 87
396, 88
396, 89
398, 91
398, 92
399, 93
399, 94
404, 99
404, 100
405, 101
405, 107
404, 108
404, 112
403, 113
403, 116
402, 117
402, 118
401, 119
401, 120
399, 122
390, 122
389, 123
388, 123
385, 126
384, 126
383, 125
383, 120
382, 119
382, 118
381, 117
381, 115
380, 114
380, 113
379, 112
379, 111
378, 110
378, 108
377, 107
377, 105
376, 104
376, 103
375, 102
375, 101
374, 100
374, 99
373, 98
373, 96
372, 95
372, 93
371, 92
371, 75
372, 74
372, 68
373, 67
373, 65
374, 64
374, 63
423, 53
427, 53
428, 54
430, 54
431, 55
432, 55
433, 56
434, 56
435, 57
436, 57
437, 58
438, 58
445, 65
445, 66
446, 67
446, 69
447, 70
447, 72
448, 73
448, 84
447, 85
447, 90
446, 91
446, 94
445, 95
445, 97
444, 98
444, 99
443, 100
443, 101
438, 106
437, 106
436, 107
434, 107
433, 108
429, 108
427, 106
427, 104
426, 103
426, 97
425, 96
425, 91
424, 90
424, 84
423, 83
423, 76
422, 75
422, 69
421, 68
421, 55
