541, 385
539, 387
539, 388
537, 390
537, 393
536, 394
535, 393
534, 393
533, 394
533, 395
534, 396
535, 396
536, 395
536, 394
537, 393
538, 393
539, 394
540, 394
542, 396
543, 396
544, 395
544, 394
545, 393
545, 391
544, 390
544, 386
543, 385
525, 385
524, 386
524, 387
525, 388
527, 388
528, 389
527, 390
527, 391
524, 394
524, 395
525, 396
531, 396
531, 394
530, 393
530, 392
531, 391
531, 386
530, 385
475, 385
474, 386
474, 387
475, 388
477, 388
478, 389
478, 390
474, 394
473, 394
472, 393
471, 393
470, 394
470, 395
471, 396
472, 396
473, 395
474, 395
475, 396
481, 396
481, 394
480, 393
480, 392
481, 391
481, 390
482, 389
482, 388
481, 387
481, 386
480, 385
462, 385
461, 386
461, 387
462, 388
464, 388
465, 389
464, 390
464, 391
461, 394
461, 395
462, 396
468, 396
468, 394
467, 393
467, 392
468, 391
468, 386
467, 385
413, 385
411, 387
411, 393
410, 394
409, 393
408, 393
407, 394
407, 395
408, 396
409, 396
411, 394
413, 396
417, 396
419, 394
419, 387
417, 385
414, 389
415, 388
416, 389
416, 392
415, 393
414, 392
399, 385
398, 386
398, 387
399, 388
401, 388
402, 389
401, 390
401, 391
398, 394
398, 395
399, 396
405, 396
405, 394
404, 393
404, 392
405, 391
405, 386
404, 385
336, 385
336, 387
338, 389
338, 392
336, 394
336, 396
345, 396
347, 394
349, 396
353, 396
354, 395
355, 395
355, 387
353, 385
349, 385
347, 387
347, 389
348, 390
347, 391
347, 393
346, 394
345, 393
344, 393
343, 394
342, 394
341, 393
341, 386
340, 385
273, 385
273, 387
275, 389
275, 392
273, 394
273, 396
282, 396
284, 394
286, 396
290, 396
292, 394
292, 390
291, 389
291, 385
287, 385
284, 388
284, 393
283, 394
282, 393
281, 393
280, 394
279, 394
278, 393
278, 386
277, 385
210, 385
210, 387
212, 389
212, 392
210, 394
210, 396
219, 396
220, 395
220, 394
221, 393
222, 393
223, 394
224, 394
226, 396
227, 396
228, 395
228, 394
229, 393
229, 391
228, 390
228, 386
227, 385
225, 385
223, 387
223, 388
221, 390
221, 393
220, 394
219, 393
218, 393
217, 394
216, 394
215, 393
215, 386
214, 385
147, 385
147, 387
149, 389
149, 392
147, 394
147, 396
156, 396
157, 395
158, 395
159, 396
165, 396
165, 394
164, 393
164, 392
165, 391
165, 390
166, 389
166, 387
164, 385
159, 385
159, 388
161, 388
162, 389
162, 390
158, 394
157, 394
156, 393
155, 393
154, 394
153, 394
152, 393
152, 386
151, 385
84, 385
84, 387
86, 389
86, 392
84, 394
84, 396
93, 396
95, 394
97, 396
101, 396
103, 394
103, 387
101, 385
97, 385
95, 387
95, 393
94, 394
93, 393
92, 393
91, 394
90, 394
89, 393
89, 386
88, 385
98, 389
99, 388
100, 389
100, 392
99, 393
98, 392
50, 357
50, 359
52, 361
52, 364
50, 366
50, 368
59, 368
60, 367
61, 367
62, 368
67, 368
69, 366
69, 362
67, 360
68, 359
68, 358
67, 357
62, 357
62, 358
61, 359
61, 361
63, 363
65, 363
66, 364
65, 365
63, 365
62, 366
60, 366
59, 365
58, 365
57, 366
56, 366
55, 365
55, 358
54, 357
50, 325
50, 327
52, 329
52, 332
50, 334
50, 336
59, 336
60, 335
60, 334
61, 333
62, 333
63, 334
64, 334
66, 336
67, 336
68, 335
68, 334
69, 333
69, 331
68, 330
68, 326
67, 325
65, 325
63, 327
63, 328
61, 330
61, 333
60, 334
59, 333
58, 333
57, 334
56, 334
55, 333
55, 326
54, 325
50, 294
50, 296
52, 298
52, 301
50, 303
50, 305
59, 305
60, 304
61, 304
62, 305
67, 305
69, 303
69, 296
67, 294
63, 294
62, 295
62, 296
64, 298
63, 299
65, 301
64, 302
63, 302
62, 303
60, 303
59, 302
58, 302
57, 303
56, 303
55, 302
55, 295
54, 294
50, 262
50, 264
52, 266
52, 269
50, 271
50, 273
59, 273
60, 272
61, 272
62, 273
68, 273
68, 271
67, 270
67, 269
68, 268
68, 267
69, 266
69, 264
67, 262
62, 262
62, 265
64, 265
65, 266
65, 267
61, 271
60, 271
59, 270
58, 270
57, 271
56, 271
55, 270
55, 263
54, 262
63, 231
62, 232
62, 233
64, 235
64, 238
62, 240
62, 241
63, 242
68, 242
69, 241
68, 240
68, 239
67, 238
67, 232
66, 231
50, 231
50, 233
52, 235
52, 238
50, 240
50, 242
59, 242
60, 241
60, 240
59, 239
58, 239
57, 240
56, 240
55, 239
55, 232
54, 231
50, 199
50, 201
52, 203
52, 206
50, 208
50, 210
59, 210
61, 208
63, 210
67, 210
69, 208
69, 201
67, 199
63, 199
61, 201
61, 207
60, 208
59, 207
58, 207
57, 208
56, 208
55, 207
55, 200
54, 199
64, 203
65, 202
66, 203
66, 206
65, 207
64, 206
63, 168
61, 170
61, 173
62, 174
62, 175
63, 176
62, 177
62, 179
67, 179
68, 178
68, 177
69, 176
69, 170
67, 168
51, 168
49, 170
49, 177
51, 179
55, 179
56, 178
57, 178
58, 179
59, 179
60, 178
60, 177
59, 176
58, 176
57, 175
57, 171
56, 170
56, 169
55, 168
52, 172
53, 171
54, 172
54, 175
53, 176
52, 175
51, 136
49, 138
49, 145
51, 147
55, 147
56, 146
57, 146
58, 147
59, 147
60, 146
62, 146
63, 147
67, 147
69, 145
69, 138
67, 136
63, 136
61, 138
61, 144
60, 145
59, 144
58, 144
57, 143
57, 139
56, 138
56, 137
55, 136
52, 140
53, 139
54, 140
54, 143
53, 144
52, 143
78, 108
77, 109
75, 109
75, 111
77, 111
79, 113
79, 139
77, 141
75, 141
75, 143
77, 143
79, 145
79, 170
77, 172
75, 172
75, 174
77, 174
79, 176
79, 202
77, 204
75, 204
75, 206
77, 206
79, 208
79, 233
77, 235
75, 235
75, 237
77, 237
79, 239
79, 265
77, 267
75, 267
75, 269
77, 269
79, 271
79, 296
77, 298
75, 298
75, 300
77, 300
79, 302
79, 328
77, 330
75, 330
75, 332
77, 332
79, 334
79, 359
77, 361
75, 361
75, 363
77, 363
79, 365
79, 376
90, 376
92, 378
92, 380
94, 380
94, 378
96, 376
153, 376
155, 378
155, 380
157, 380
157, 378
159, 376
216, 376
218, 378
218, 380
220, 380
220, 378
222, 376
279, 376
281, 378
281, 380
283, 380
283, 378
285, 376
342, 376
344, 378
344, 380
346, 380
346, 378
348, 376
405, 376
407, 378
407, 380
409, 380
409, 378
411, 376
469, 376
471, 378
471, 380
473, 380
473, 378
475, 376
532, 376
534, 378
534, 380
536, 380
536, 378
538, 376
577, 376
577, 108
83, 110
573, 110
575, 112
575, 372
573, 374
83, 374
81, 372
81, 112
62, 105
61, 106
62, 107
63, 107
65, 109
64, 110
64, 112
63, 113
63, 115
64, 116
65, 116
66, 115
66, 114
67, 113
67, 111
68, 110
68, 108
69, 107
69, 106
68, 105
51, 105
49, 107
49, 114
51, 116
55, 116
56, 115
57, 115
58, 116
59, 116
60, 115
60, 114
59, 113
58, 113
57, 112
57, 108
56, 107
56, 106
55, 105
52, 109
53, 108
54, 109
54, 112
53, 113
52, 112
