4, 2
400, 4
398, 369
2, 367
269, 16
268, 17
267, 17
266, 18
264, 18
263, 19
262, 19
261, 20
259, 20
258, 21
257, 21
256, 22
254, 22
253, 23
251, 23
250, 24
249, 24
248, 25
246, 25
245, 26
244, 26
243, 27
241, 27
240, 28
239, 28
238, 29
236, 29
235, 30
234, 30
233, 31
231, 31
230, 32
229, 32
228, 33
227, 33
226, 34
224, 34
223, 35
222, 35
221, 36
219, 36
218, 37
217, 37
216, 38
215, 38
214, 39
212, 39
211, 40
210, 40
209, 41
208, 41
207, 42
206, 42
205, 43
204, 43
203, 44
202, 44
201, 45
200, 45
199, 46
197, 46
196, 47
195, 47
194, 48
193, 48
192, 49
191, 49
190, 50
189, 50
188, 51
187, 51
186, 52
185, 52
184, 53
183, 53
182, 54
180, 54
179, 55
178, 55
177, 56
175, 56
174, 57
173, 57
172, 58
171, 58
170, 59
168, 59
167, 60
166, 60
165, 61
163, 61
162, 62
161, 62
160, 63
159, 63
158, 64
156, 64
155, 65
154, 65
153, 66
152, 66
151, 67
149, 67
148, 66
148, 63
147, 62
147, 60
146, 59
146, 58
143, 55
141, 55
140, 54
138, 54
137, 55
135, 55
134, 56
133, 56
132, 57
131, 57
130, 58
129, 58
128, 59
127, 59
126, 60
125, 60
123, 62
122, 62
121, 63
120, 63
118, 65
117, 65
114, 68
113, 68
109, 72
108, 72
104, 76
103, 76
98, 81
97, 81
92, 86
91, 86
85, 92
84, 92
77, 99
77, 100
73, 104
72, 103
72, 99
73, 98
73, 93
74, 92
74, 87
75, 86
75, 81
76, 80
76, 74
77, 73
77, 67
78, 66
78, 60
79, 59
79, 54
80, 53
80, 49
81, 48
81, 44
82, 43
82, 38
83, 37
83, 33
84, 32
84, 29
85, 28
87, 28
88, 27
88, 26
87, 25
87, 23
86, 22
86, 21
85, 20
84, 20
83, 21
83, 22
82, 23
82, 26
81, 27
81, 32
80, 33
80, 37
79, 38
79, 42
78, 43
78, 47
77, 48
77, 53
76, 54
76, 59
75, 60
75, 66
74, 67
74, 73
73, 74
73, 79
72, 80
72, 86
71, 87
71, 92
70, 93
70, 98
69, 99
69, 104
68, 105
68, 108
65, 111
64, 111
63, 112
62, 112
60, 114
59, 114
58, 115
57, 115
56, 116
55, 116
53, 118
52, 118
51, 119
50, 119
48, 121
47, 121
45, 123
44, 123
42, 125
41, 125
39, 127
38, 127
36, 129
35, 129
31, 133
30, 133
21, 142
21, 143
19, 145
19, 146
18, 147
18, 150
17, 151
17, 152
18, 153
18, 154
19, 155
19, 156
20, 157
21, 157
22, 158
24, 158
25, 159
31, 159
32, 160
38, 160
39, 161
43, 161
45, 163
45, 164
44, 165
44, 169
43, 170
43, 190
44, 191
44, 193
45, 194
45, 195
46, 196
49, 196
51, 194
52, 194
58, 188
58, 186
59, 185
59, 183
60, 182
60, 180
61, 179
61, 176
62, 175
62, 172
63, 171
63, 169
64, 168
65, 168
66, 169
67, 169
68, 170
69, 170
70, 171
71, 171
73, 173
74, 173
76, 175
77, 175
79, 177
80, 177
82, 179
83, 179
85, 181
86, 181
88, 183
89, 183
90, 184
91, 184
93, 186
94, 186
95, 187
96, 187
97, 188
98, 188
99, 189
100, 189
101, 190
102, 190
103, 191
104, 191
105, 192
107, 192
108, 193
110, 193
111, 194
114, 194
115, 195
119, 195
120, 196
125, 196
126, 197
130, 197
131, 198
128, 201
127, 201
125, 203
124, 203
122, 205
121, 205
118, 208
118, 209
115, 212
115, 213
114, 214
114, 215
113, 216
113, 220
112, 221
112, 223
113, 224
113, 225
116, 228
117, 228
118, 229
123, 229
124, 230
127, 230
128, 231
130, 231
131, 232
138, 232
142, 228
142, 227
144, 225
144, 224
146, 222
146, 221
147, 220
147, 218
148, 217
148, 216
149, 215
149, 214
150, 213
150, 211
151, 210
151, 208
152, 207
152, 203
153, 202
153, 200
154, 199
159, 199
160, 200
164, 200
166, 202
166, 203
167, 204
167, 205
171, 209
173, 209
174, 210
186, 210
187, 209
189, 209
190, 208
192, 208
193, 207
194, 207
195, 206
197, 206
198, 205
200, 205
201, 206
224, 206
225, 207
225, 210
226, 211
226, 213
227, 214
227, 216
228, 217
228, 218
230, 220
230, 221
232, 223
233, 223
234, 224
235, 224
236, 225
241, 225
242, 224
245, 224
246, 223
247, 223
248, 222
249, 222
250, 221
251, 221
252, 220
253, 220
254, 219
255, 219
256, 218
257, 218
258, 217
259, 217
260, 216
261, 216
263, 214
264, 214
265, 213
266, 213
267, 212
268, 212
269, 211
270, 211
272, 209
273, 209
274, 208
275, 208
276, 207
277, 208
280, 208
281, 209
283, 209
284, 210
286, 210
287, 211
289, 211
290, 212
293, 212
294, 213
299, 213
300, 214
304, 214
305, 215
305, 219
304, 220
304, 223
303, 224
303, 227
302, 228
302, 231
301, 232
301, 236
300, 237
300, 240
299, 241
299, 247
298, 248
298, 261
299, 262
299, 265
300, 266
300, 268
302, 270
302, 271
303, 272
303, 273
304, 274
304, 275
305, 276
305, 277
306, 278
306, 279
307, 280
307, 282
308, 283
308, 284
307, 285
307, 288
306, 289
306, 293
305, 294
305, 297
304, 298
304, 302
303, 303
303, 307
302, 308
302, 311
301, 312
301, 317
300, 318
300, 325
299, 326
299, 334
300, 335
300, 343
299, 344
299, 352
300, 353
300, 354
302, 354
304, 352
304, 351
305, 350
305, 349
306, 348
306, 347
307, 346
307, 345
308, 344
308, 343
309, 342
309, 341
311, 339
311, 338
313, 336
313, 335
315, 333
315, 332
316, 331
316, 330
317, 329
317, 328
318, 327
318, 326
319, 325
319, 323
320, 322
320, 313
319, 312
319, 308
318, 307
318, 302
317, 301
317, 298
316, 297
316, 294
315, 293
315, 291
314, 290
314, 288
313, 287
313, 286
312, 285
312, 283
311, 282
311, 281
312, 280
312, 276
313, 275
313, 270
314, 269
314, 264
315, 263
315, 257
316, 256
316, 249
317, 248
317, 238
318, 237
318, 230
319, 229
319, 224
320, 223
320, 218
321, 217
321, 215
322, 214
334, 214
335, 215
340, 215
341, 216
344, 216
345, 217
348, 217
349, 218
351, 218
352, 219
353, 219
354, 220
353, 221
352, 221
351, 222
349, 222
348, 223
347, 223
346, 224
345, 224
343, 226
342, 226
340, 228
339, 228
337, 230
337, 232
339, 234
346, 234
347, 233
349, 233
350, 232
352, 232
353, 231
357, 231
358, 230
360, 230
361, 229
362, 229
365, 226
366, 226
367, 225
367, 224
370, 221
376, 221
377, 222
380, 222
381, 223
383, 223
383, 222
384, 221
382, 219
380, 219
379, 218
377, 218
376, 217
374, 217
373, 216
373, 214
374, 213
374, 211
375, 210
375, 207
376, 206
376, 193
375, 192
375, 189
374, 188
374, 187
373, 186
373, 185
370, 182
369, 182
368, 181
366, 181
365, 180
360, 180
359, 181
352, 181
351, 182
346, 182
345, 183
339, 183
338, 184
336, 184
335, 185
333, 185
332, 186
331, 186
330, 187
328, 187
327, 188
326, 187
326, 182
327, 181
327, 175
328, 174
328, 168
329, 167
329, 160
330, 159
330, 155
329, 154
329, 153
326, 153
322, 157
322, 158
320, 160
320, 161
316, 165
316, 166
313, 169
313, 170
309, 174
309, 175
294, 190
293, 190
289, 194
288, 194
285, 197
284, 197
281, 200
280, 200
279, 201
278, 201
276, 203
270, 203
269, 202
262, 202
261, 201
238, 201
237, 202
229, 202
228, 201
228, 195
229, 194
229, 193
231, 191
232, 191
234, 189
235, 189
238, 186
239, 186
241, 184
242, 184
245, 181
246, 181
249, 178
250, 178
252, 176
253, 176
256, 173
257, 173
264, 166
264, 165
265, 164
265, 163
266, 162
266, 161
267, 160
267, 154
266, 153
266, 152
263, 149
256, 149
255, 150
254, 150
253, 151
252, 151
250, 153
249, 153
240, 162
240, 163
238, 165
238, 166
236, 168
236, 169
235, 170
235, 171
234, 172
234, 173
233, 174
233, 175
232, 176
232, 177
231, 178
231, 179
230, 180
230, 181
229, 182
229, 184
228, 185
228, 186
227, 187
227, 189
224, 192
223, 192
222, 193
221, 193
220, 194
218, 194
217, 195
216, 195
215, 196
213, 196
212, 197
210, 197
209, 198
207, 198
206, 199
205, 199
204, 200
202, 200
201, 201
199, 201
198, 202
194, 202
193, 201
187, 201
186, 200
181, 200
180, 199
174, 199
173, 198
169, 198
167, 196
167, 184
171, 180
172, 180
173, 179
174, 179
176, 177
177, 177
178, 176
179, 176
181, 174
182, 174
184, 172
185, 172
186, 171
187, 171
189, 169
190, 169
192, 167
193, 167
195, 165
196, 165
199, 162
200, 162
208, 154
208, 153
210, 151
210, 150
211, 149
211, 147
212, 146
212, 143
211, 142
211, 141
210, 140
210, 139
209, 139
208, 138
207, 138
206, 137
204, 137
203, 138
199, 138
198, 139
197, 139
196, 140
195, 140
193, 142
192, 142
181, 153
181, 154
176, 159
176, 160
172, 164
172, 165
169, 168
169, 169
168, 170
168, 171
167, 172
167, 173
166, 174
166, 175
165, 176
165, 179
161, 183
160, 183
159, 184
158, 184
157, 185
156, 185
155, 186
154, 185
154, 183
153, 182
153, 176
152, 175
152, 172
151, 171
151, 168
150, 167
150, 165
149, 164
149, 162
148, 161
148, 160
147, 159
147, 158
146, 157
146, 156
145, 155
145, 154
144, 153
144, 152
143, 151
143, 150
140, 147
140, 146
138, 144
137, 144
134, 141
133, 141
132, 140
131, 140
129, 138
129, 137
130, 136
130, 135
131, 134
131, 133
132, 132
132, 131
133, 130
133, 129
134, 128
134, 127
135, 126
135, 125
136, 124
136, 122
137, 121
137, 119
138, 118
138, 116
139, 115
139, 113
140, 112
140, 110
141, 109
141, 107
142, 106
142, 104
143, 103
143, 100
144, 99
144, 96
145, 95
145, 92
146, 91
146, 87
147, 86
147, 82
148, 81
148, 73
151, 70
152, 70
153, 69
154, 69
155, 68
156, 68
157, 67
159, 67
160, 66
161, 66
162, 65
163, 65
164, 64
166, 64
167, 63
168, 63
169, 62
171, 62
172, 61
173, 61
174, 60
175, 60
176, 59
178, 59
179, 58
180, 58
181, 57
182, 57
183, 56
185, 56
186, 55
187, 55
188, 54
189, 54
190, 53
191, 53
192, 52
193, 52
194, 51
195, 51
196, 50
198, 50
199, 49
200, 49
201, 48
202, 48
203, 47
204, 47
205, 46
206, 46
207, 45
208, 45
209, 44
210, 44
211, 43
212, 43
213, 42
215, 42
216, 41
217, 41
218, 40
219, 40
220, 39
222, 39
223, 38
224, 38
225, 37
227, 37
228, 36
229, 36
230, 35
231, 35
232, 34
234, 34
235, 33
236, 33
237, 32
239, 32
240, 31
241, 31
242, 30
244, 30
245, 29
246, 29
247, 28
249, 28
250, 27
251, 27
252, 26
254, 26
255, 25
256, 25
257, 24
259, 24
260, 23
262, 23
263, 22
264, 22
265, 21
267, 21
268, 20
269, 20
270, 19
272, 19
273, 18
273, 16
309, 291
310, 290
312, 292
312, 294
313, 295
313, 298
314, 299
314, 302
315, 303
315, 307
316, 308
316, 313
317, 314
317, 322
316, 323
316, 324
315, 325
315, 326
314, 327
314, 328
313, 329
313, 330
312, 331
312, 332
309, 335
309, 336
308, 337
308, 338
306, 340
306, 341
304, 343
303, 342
303, 333
302, 332
302, 329
303, 328
303, 318
304, 317
304, 313
305, 312
305, 309
306, 308
306, 304
307, 303
307, 299
308, 298
308, 294
309, 293
361, 222
362, 221
363, 221
364, 222
364, 223
362, 225
361, 225
359, 227
357, 227
356, 228
353, 228
352, 229
349, 229
348, 230
346, 230
345, 231
344, 231
343, 230
346, 227
347, 227
348, 226
349, 226
350, 225
352, 225
353, 224
356, 224
357, 223
359, 223
360, 222
309, 215
310, 214
316, 214
318, 216
317, 217
317, 222
316, 223
316, 229
315, 230
315, 236
314, 237
314, 247
313, 248
313, 255
312, 256
312, 262
311, 263
311, 269
310, 270
310, 274
309, 275
308, 275
307, 274
307, 273
306, 272
306, 271
305, 270
305, 269
303, 267
303, 265
302, 264
302, 262
301, 261
301, 248
302, 247
302, 242
303, 241
303, 238
304, 237
304, 233
305, 232
305, 229
306, 228
306, 225
307, 224
307, 221
308, 220
308, 217
309, 216
238, 205
239, 204
261, 204
262, 205
268, 205
269, 206
269, 207
267, 209
266, 209
265, 210
264, 210
263, 211
262, 211
260, 213
259, 213
258, 214
257, 214
256, 215
255, 215
254, 216
253, 216
252, 217
251, 217
250, 218
249, 218
248, 219
247, 219
246, 220
245, 220
244, 221
242, 221
241, 222
237, 222
236, 221
235, 221
231, 217
231, 216
230, 215
230, 214
229, 213
229, 210
228, 209
228, 206
229, 205
170, 202
171, 201
172, 201
173, 202
179, 202
180, 203
185, 203
186, 204
188, 204
189, 205
188, 206
186, 206
185, 207
174, 207
170, 203
137, 199
138, 198
147, 198
148, 199
149, 199
150, 202
149, 203
149, 206
148, 207
148, 209
147, 210
147, 212
146, 213
146, 214
145, 215
145, 216
144, 217
144, 219
143, 220
143, 221
141, 223
141, 224
131, 229
130, 228
129, 228
128, 227
125, 227
124, 226
119, 226
116, 222
115, 221
116, 220
116, 217
117, 216
117, 215
119, 213
119, 212
126, 206
128, 204
129, 204
130, 203
131, 203
133, 201
134, 201
136, 199
221, 197
222, 196
224, 196
225, 197
225, 201
224, 202
223, 202
222, 203
209, 203
208, 202
209, 201
210, 201
211, 200
213, 200
214, 199
216, 199
217, 198
218, 198
219, 197
319, 195
321, 195
321, 198
320, 199
320, 205
319, 206
318, 211
311, 210
311, 208
312, 207
312, 205
313, 204
313, 202
314, 201
318, 195
150, 193
148, 195
160, 187
163, 186
163, 197
160, 197
159, 196
154, 195
156, 189
157, 189
159, 187
360, 184
361, 183
364, 183
365, 184
367, 184
371, 188
371, 189
372, 193
373, 194
373, 205
372, 206
372, 209
371, 210
371, 212
370, 213
370, 215
364, 217
363, 218
360, 218
359, 217
356, 217
355, 216
353, 216
352, 215
350, 215
349, 214
346, 214
345, 213
342, 213
341, 212
336, 212
335, 211
323, 211
322, 207
323, 206
323, 200
324, 199
324, 194
327, 191
328, 191
331, 190
332, 189
333, 189
334, 188
336, 188
337, 187
339, 187
340, 186
346, 186
347, 185
352, 185
353, 184
48, 164
49, 163
52, 163
53, 164
55, 164
56, 165
58, 165
60, 167
60, 170
59, 171
59, 174
58, 175
58, 178
57, 179
57, 181
56, 182
56, 184
55, 185
55, 187
52, 190
51, 190
49, 192
48, 192
46, 190
46, 171
47, 170
47, 166
48, 165
324, 160
325, 159
326, 160
326, 166
325, 167
325, 174
324, 175
324, 180
323, 181
323, 186
322, 187
322, 189
320, 191
319, 191
318, 192
317, 192
316, 193
315, 193
312, 196
312, 197
311, 198
311, 200
310, 201
310, 203
309, 204
309, 206
308, 207
308, 209
306, 211
301, 211
300, 210
295, 210
294, 209
291, 209
290, 208
288, 208
287, 207
285, 207
284, 206
282, 206
280, 204
281, 203
282, 203
284, 201
285, 201
288, 198
289, 198
292, 195
293, 195
299, 189
300, 189
308, 181
308, 180
314, 174
314, 173
318, 169
318, 168
321, 165
321, 164
324, 161
256, 153
257, 152
262, 152
263, 153
263, 154
264, 155
264, 159
263, 160
263, 161
262, 162
262, 163
253, 172
252, 172
249, 175
248, 175
247, 176
246, 176
242, 180
241, 180
239, 182
238, 182
235, 185
234, 185
233, 186
232, 185
232, 183
233, 182
233, 181
234, 180
234, 179
235, 178
235, 177
236, 176
236, 175
237, 174
237, 173
238, 172
238, 171
239, 170
239, 169
241, 167
241, 166
253, 154
254, 154
255, 153
203, 141
204, 140
205, 140
206, 141
207, 141
208, 142
208, 143
209, 144
209, 146
208, 147
208, 148
206, 150
206, 151
196, 161
195, 161
192, 164
191, 164
189, 166
188, 166
187, 167
186, 167
184, 169
183, 169
181, 171
180, 171
179, 172
178, 172
176, 174
175, 174
174, 175
173, 175
171, 177
170, 177
169, 176
169, 175
170, 174
170, 173
171, 172
171, 171
173, 169
173, 168
176, 165
176, 164
181, 159
181, 158
196, 143
197, 143
198, 142
199, 142
200, 141
112, 141
113, 140
122, 141
122, 143
120, 145
120, 146
117, 149
116, 151
115, 151
112, 154
107, 153
107, 147
108, 146
108, 145
109, 144
111, 141
65, 122
66, 123
66, 127
65, 128
65, 135
64, 136
64, 145
63, 146
63, 153
62, 154
62, 160
61, 161
61, 162
60, 163
59, 162
57, 162
56, 161
54, 161
53, 160
51, 160
49, 158
49, 157
50, 156
50, 153
51, 152
51, 150
52, 149
52, 147
53, 146
53, 145
54, 144
54, 143
55, 142
55, 140
56, 139
56, 138
57, 137
57, 136
58, 135
58, 134
59, 133
59, 132
60, 131
60, 130
61, 129
61, 128
62, 127
62, 126
63, 125
63, 124
61, 117
62, 116
63, 116
64, 117
63, 118
63, 119
61, 121
61, 122
60, 123
60, 124
59, 125
59, 126
58, 127
58, 128
57, 129
57, 130
56, 131
56, 132
55, 133
55, 134
54, 135
54, 136
53, 137
53, 138
52, 139
52, 141
51, 142
51, 143
50, 144
50, 145
49, 146
49, 148
48, 149
48, 151
47, 152
47, 155
46, 156
46, 157
45, 158
39, 158
38, 157
32, 157
31, 156
26, 156
25, 155
23, 155
21, 153
21, 148
22, 147
22, 146
25, 143
25, 142
29, 138
30, 138
34, 134
35, 134
38, 131
39, 131
41, 129
42, 129
45, 126
46, 126
47, 125
48, 125
50, 123
51, 123
53, 121
54, 121
56, 119
57, 119
58, 118
59, 118
60, 117
142, 75
143, 74
144, 74
145, 75
145, 80
144, 81
144, 86
143, 87
143, 90
142, 91
142, 95
141, 96
141, 98
140, 99
140, 102
139, 103
139, 105
138, 106
138, 108
137, 109
137, 111
136, 112
136, 114
135, 115
135, 117
134, 118
134, 120
133, 121
133, 123
132, 124
132, 125
131, 126
131, 127
130, 128
130, 129
129, 130
129, 131
128, 132
128, 133
126, 135
126, 136
125, 137
112, 137
111, 138
110, 138
105, 143
105, 145
104, 146
104, 154
105, 155
105, 156
106, 156
107, 157
113, 157
114, 156
115, 156
122, 149
122, 148
124, 146
124, 145
127, 142
129, 142
130, 143
131, 143
133, 145
134, 145
139, 150
139, 151
141, 153
141, 154
142, 155
142, 156
143, 157
143, 158
144, 159
144, 160
145, 161
145, 162
146, 163
146, 165
147, 166
147, 168
148, 169
148, 171
149, 172
149, 176
150, 177
150, 182
151, 183
151, 187
148, 190
147, 190
146, 191
145, 191
144, 192
143, 192
142, 193
141, 193
140, 194
138, 194
137, 195
135, 195
134, 194
127, 194
126, 193
121, 193
120, 192
116, 192
115, 191
112, 191
111, 190
109, 190
108, 189
106, 189
105, 188
104, 188
103, 187
102, 187
101, 186
100, 186
99, 185
98, 185
97, 184
96, 184
95, 183
94, 183
92, 181
91, 181
90, 180
89, 180
87, 178
86, 178
84, 176
83, 176
80, 173
79, 173
77, 171
76, 171
75, 170
74, 170
72, 168
71, 168
70, 167
69, 167
68, 166
67, 166
66, 165
65, 165
64, 164
64, 162
65, 161
65, 155
66, 154
66, 147
67, 146
67, 137
68, 136
68, 129
69, 128
69, 120
70, 119
70, 114
71, 113
71, 112
74, 109
75, 109
76, 108
77, 108
78, 107
79, 107
80, 106
81, 106
83, 104
84, 104
85, 103
86, 103
87, 102
88, 102
89, 101
90, 101
91, 100
92, 100
93, 99
94, 99
95, 98
96, 98
97, 97
98, 97
99, 96
100, 96
101, 95
102, 95
103, 94
104, 94
105, 93
106, 93
107, 92
108, 92
109, 91
110, 91
111, 90
112, 90
113, 89
114, 89
115, 88
116, 88
117, 87
118, 87
119, 86
120, 86
121, 85
122, 85
123, 84
124, 84
125, 83
126, 83
127, 82
128, 82
129, 81
130, 81
131, 80
132, 80
133, 79
134, 79
135, 78
136, 78
137, 77
138, 77
139, 76
140, 76
141, 75
138, 58
139, 57
140, 57
144, 61
144, 63
145, 64
145, 69
143, 71
142, 71
141, 72
140, 72
139, 73
138, 73
137, 74
136, 74
135, 75
134, 75
133, 76
132, 76
131, 77
130, 77
129, 78
128, 78
127, 79
126, 79
125, 80
124, 80
123, 81
122, 81
121, 82
120, 82
119, 83
118, 83
117, 84
116, 84
115, 85
114, 85
113, 86
112, 86
111, 87
110, 87
109, 88
108, 88
107, 89
106, 89
105, 90
104, 90
103, 91
102, 91
101, 92
100, 92
99, 93
98, 93
97, 94
96, 94
95, 95
94, 95
93, 96
92, 96
91, 97
90, 97
89, 98
88, 98
87, 99
86, 99
85, 100
84, 100
83, 101
89, 92
90, 92
96, 86
97, 86
101, 82
102, 82
107, 77
108, 77
112, 73
113, 73
117, 69
118, 69
120, 67
121, 67
123, 65
124, 65
126, 63
127, 63
128, 62
129, 62
130, 61
131, 61
132, 60
133, 60
134, 59
135, 59
136, 58
