4, 2
496, 4
494, 338
2, 336
330, 312
330, 313
331, 314
331, 315
331, 314
330, 313
347, 308
347, 309
346, 310
346, 311
345, 312
345, 313
344, 314
344, 315
343, 316
343, 317
341, 319
341, 320
338, 323
336, 323
333, 320
333, 319
332, 318
332, 317
332, 318
333, 319
333, 320
335, 322
335, 323
338, 323
342, 319
342, 318
343, 317
343, 316
344, 315
344, 314
345, 313
345, 312
346, 311
346, 310
347, 309
328, 305
328, 307
329, 308
329, 310
329, 308
328, 307
327, 301
327, 303
351, 297
351, 299
350, 300
350, 302
349, 303
349, 304
348, 305
348, 306
348, 305
349, 304
349, 303
350, 302
350, 300
351, 299
326, 295
326, 299
352, 293
352, 295
353, 289
353, 291
325, 287
325, 293
354, 284
354, 287
355, 279
355, 282
356, 272
356, 277
324, 268
324, 284
357, 263
357, 269
325, 258
325, 265
326, 253
326, 256
328, 245
328, 247
327, 248
327, 251
327, 248
328, 247
358, 240
358, 260
336, 222
336, 223
335, 224
335, 226
334, 227
334, 228
333, 229
333, 231
332, 232
332, 234
331, 235
331, 237
330, 238
330, 240
329, 241
329, 243
329, 241
330, 240
330, 238
331, 237
331, 235
332, 234
332, 232
333, 231
333, 229
334, 228
334, 227
335, 226
335, 224
336, 223
341, 210
341, 211
340, 212
340, 213
339, 214
339, 216
338, 217
338, 218
337, 219
337, 220
337, 219
338, 218
338, 217
339, 216
339, 214
340, 213
340, 212
341, 211
378, 206
381, 206
343, 205
343, 206
342, 207
342, 208
342, 207
343, 206
214, 197
218, 197
267, 193
267, 194
268, 195
268, 196
277, 205
278, 205
279, 206
283, 206
279, 206
278, 205
277, 205
268, 196
268, 195
267, 194
416, 190
415, 191
413, 191
412, 192
410, 192
409, 193
407, 193
409, 193
410, 192
412, 192
413, 191
415, 191
416, 190
417, 190
266, 190
266, 191
419, 189
350, 188
350, 189
349, 190
349, 191
348, 192
348, 194
347, 195
347, 196
346, 197
346, 199
345, 200
345, 201
344, 202
344, 203
344, 202
345, 201
345, 200
346, 199
346, 197
347, 196
347, 195
348, 194
348, 192
349, 191
349, 190
350, 189
265, 187
265, 188
383, 185
384, 186
385, 186
386, 187
387, 187
389, 189
390, 189
392, 191
393, 191
395, 193
395, 196
388, 203
387, 203
386, 204
385, 204
384, 205
383, 205
384, 205
385, 204
386, 204
387, 203
388, 203
397, 194
405, 194
399, 194
398, 193
398, 192
397, 191
398, 190
398, 188
398, 190
396, 192
394, 192
393, 191
392, 191
389, 188
388, 188
387, 187
386, 187
385, 186
384, 186
399, 184
399, 186
375, 184
374, 185
372, 185
371, 186
370, 186
369, 187
368, 187
369, 187
370, 186
371, 186
372, 185
374, 185
375, 184
381, 184
204, 184
204, 186
205, 187
205, 188
206, 189
206, 190
207, 191
207, 192
211, 196
212, 196
211, 196
207, 192
207, 191
206, 190
206, 189
205, 188
205, 187
204, 186
164, 184
164, 185
163, 186
163, 188
162, 189
162, 190
161, 191
161, 192
160, 193
160, 194
156, 198
156, 199
148, 207
147, 207
145, 209
144, 209
143, 210
138, 210
137, 209
136, 209
135, 208
135, 207
133, 205
133, 204
133, 205
134, 206
134, 207
136, 209
137, 209
138, 210
143, 210
144, 209
145, 209
146, 208
147, 208
157, 198
157, 197
160, 194
160, 193
161, 192
161, 191
162, 190
162, 189
163, 188
163, 186
164, 185
264, 181
264, 185
400, 180
400, 182
354, 179
354, 180
353, 181
353, 182
352, 183
352, 184
351, 185
351, 186
351, 185
352, 184
352, 183
353, 182
353, 181
354, 180
203, 179
203, 182
359, 178
359, 233
359, 203
361, 201
366, 206
368, 206
369, 207
375, 207
369, 207
368, 206
367, 206
366, 205
365, 205
362, 202
362, 201
361, 200
361, 197
360, 196
360, 194
361, 193
361, 192
365, 188
366, 188
365, 188
363, 190
362, 190
361, 191
359, 189
401, 175
401, 178
167, 174
167, 177
166, 178
166, 180
165, 181
165, 182
165, 181
166, 180
166, 178
167, 177
57, 172
57, 181
434, 170
434, 171
433, 172
433, 173
432, 174
432, 175
431, 176
431, 177
429, 179
429, 180
425, 184
425, 185
424, 186
423, 186
421, 188
422, 187
423, 187
426, 184
426, 183
429, 180
429, 179
431, 177
431, 176
432, 175
432, 174
433, 173
433, 172
434, 171
224, 170
230, 170
190, 170
195, 170
78, 170
78, 171
77, 172
77, 173
76, 174
76, 175
75, 176
75, 177
74, 178
74, 179
73, 180
73, 181
71, 183
71, 184
64, 191
63, 191
62, 190
61, 190
59, 188
59, 187
58, 186
58, 184
58, 186
59, 187
59, 188
62, 191
64, 191
66, 189
67, 189
69, 187
69, 186
71, 184
71, 183
73, 181
73, 180
74, 179
74, 178
75, 177
75, 176
76, 175
76, 174
77, 173
77, 172
78, 171
402, 169
402, 173
232, 169
236, 169
183, 169
187, 169
238, 168
241, 168
243, 167
247, 167
202, 167
202, 169
200, 171
198, 171
200, 171
202, 173
202, 176
202, 173
204, 171
221, 171
204, 171
202, 169
249, 166
251, 166
253, 165
255, 165
80, 165
80, 166
79, 167
79, 168
79, 167
80, 166
257, 164
259, 164
435, 163
435, 168
183, 163
184, 163
186, 162
189, 162
157, 162
158, 162
159, 163
161, 163
162, 164
164, 164
162, 164
161, 163
159, 163
158, 162
58, 162
58, 169
191, 161
193, 161
195, 160
197, 160
169, 159
169, 163
167, 165
166, 165
168, 167
164, 171
163, 171
162, 172
160, 172
159, 173
158, 173
157, 174
156, 174
155, 175
153, 175
152, 176
151, 176
150, 177
148, 177
147, 178
145, 178
144, 179
143, 179
142, 180
141, 180
140, 181
139, 181
135, 185
135, 186
134, 187
134, 188
133, 189
133, 190
132, 191
132, 202
132, 191
133, 190
133, 189
134, 188
134, 187
135, 186
135, 185
138, 182
139, 182
141, 180
142, 180
143, 179
144, 179
145, 178
147, 178
148, 177
150, 177
151, 176
152, 176
153, 175
155, 175
156, 174
157, 174
158, 173
159, 173
160, 172
162, 172
163, 171
164, 171
165, 170
166, 170
168, 172
168, 171
171, 168
174, 168
175, 167
177, 167
178, 168
181, 168
179, 168
178, 167
178, 166
180, 164
181, 164
180, 164
179, 165
176, 165
175, 166
171, 166
169, 164
146, 157
147, 158
148, 158
149, 159
150, 159
151, 160
153, 160
154, 161
155, 161
154, 161
153, 160
151, 160
150, 159
149, 159
148, 158
147, 158
378, 156
383, 156
287, 156
289, 156
83, 156
83, 158
82, 159
82, 161
81, 162
81, 163
81, 162
82, 161
82, 159
83, 158
59, 156
59, 160
372, 155
375, 155
291, 155
293, 155
413, 154
412, 155
409, 155
412, 155
413, 154
416, 154
295, 154
298, 154
429, 153
430, 153
433, 156
433, 157
434, 158
434, 160
434, 158
433, 157
433, 156
430, 153
418, 153
421, 153
300, 153
303, 153
84, 153
84, 154
424, 152
427, 152
305, 152
309, 152
268, 152
268, 154
312, 151
320, 151
60, 151
60, 154
324, 150
337, 150
85, 150
85, 151
403, 149
403, 155
401, 157
386, 157
401, 157
403, 159
403, 166
403, 159
406, 156
407, 156
406, 156
405, 155
404, 155
403, 154
269, 149
269, 150
206, 149
206, 151
61, 147
61, 149
270, 146
270, 147
86, 146
86, 148
402, 145
402, 147
207, 145
207, 147
170, 145
170, 156
401, 142
401, 143
88, 139
88, 141
87, 142
87, 144
87, 142
88, 141
63, 139
63, 141
62, 142
62, 145
62, 142
63, 141
169, 138
169, 142
210, 136
210, 137
209, 138
209, 140
208, 141
208, 143
208, 141
209, 140
209, 138
210, 137
399, 135
399, 137
400, 138
400, 140
400, 138
399, 137
64, 135
64, 137
211, 133
211, 134
398, 132
398, 133
65, 132
65, 133
276, 129
276, 130
275, 131
275, 133
274, 134
274, 136
273, 137
273, 139
272, 140
272, 142
271, 143
271, 144
271, 143
272, 142
272, 140
273, 139
273, 137
274, 136
274, 134
275, 133
275, 131
276, 130
66, 129
66, 130
234, 127
234, 128
233, 129
233, 130
231, 132
231, 133
225, 139
225, 140
220, 145
219, 145
213, 151
212, 151
209, 154
208, 154
207, 155
205, 153
205, 154
203, 156
203, 157
202, 158
201, 158
200, 159
199, 159
200, 159
201, 158
203, 160
203, 164
203, 160
205, 158
205, 157
207, 155
208, 155
211, 152
212, 152
217, 147
218, 147
227, 138
227, 137
232, 132
232, 131
233, 130
233, 129
234, 128
301, 126
301, 127
300, 128
300, 129
299, 130
299, 131
297, 133
297, 134
296, 135
296, 136
294, 138
294, 139
290, 143
290, 144
286, 148
286, 149
277, 158
276, 158
274, 160
272, 160
271, 161
268, 161
267, 160
267, 156
267, 159
263, 163
261, 163
263, 163
265, 165
265, 166
265, 165
269, 161
271, 161
272, 160
274, 162
267, 169
265, 169
264, 168
264, 170
259, 175
258, 175
256, 177
255, 177
254, 178
253, 178
252, 179
251, 179
250, 180
249, 180
248, 181
247, 181
246, 182
245, 182
244, 183
243, 183
242, 184
241, 184
239, 186
238, 186
237, 187
236, 187
234, 189
233, 189
231, 191
230, 191
229, 192
228, 192
226, 194
225, 194
224, 195
223, 195
222, 196
220, 196
222, 196
223, 195
224, 195
225, 194
226, 194
228, 192
229, 192
230, 191
231, 191
233, 189
234, 189
236, 187
237, 187
238, 186
239, 186
241, 184
242, 184
243, 183
244, 183
245, 182
246, 182
247, 181
248, 181
249, 180
250, 180
251, 179
252, 179
253, 178
254, 178
255, 177
256, 177
257, 176
258, 176
260, 174
261, 174
263, 176
263, 178
263, 175
264, 174
264, 173
266, 171
266, 170
271, 165
272, 165
277, 160
278, 160
280, 158
281, 158
282, 157
285, 157
282, 157
281, 156
281, 154
287, 148
287, 147
291, 143
291, 142
294, 139
294, 138
296, 136
296, 135
298, 133
298, 132
299, 131
299, 130
300, 129
300, 128
301, 127
67, 126
67, 127
392, 123
396, 127
396, 128
397, 129
397, 130
397, 129
396, 128
396, 127
395, 126
395, 125
394, 124
393, 124
385, 123
384, 124
383, 124
381, 126
381, 127
378, 130
378, 131
376, 133
376, 134
374, 136
374, 137
373, 138
373, 139
372, 140
372, 141
371, 142
371, 143
370, 144
370, 145
369, 146
369, 147
368, 148
368, 149
367, 150
367, 151
366, 152
365, 152
364, 153
362, 153
360, 151
360, 142
360, 150
358, 152
353, 152
357, 152
360, 163
359, 164
359, 168
358, 169
358, 170
357, 171
357, 173
356, 174
356, 175
355, 176
355, 177
355, 176
356, 175
356, 174
358, 172
359, 173
360, 172
360, 168
361, 167
361, 164
362, 163
362, 161
363, 160
363, 159
364, 157
367, 154
370, 154
368, 154
367, 153
367, 150
368, 149
368, 148
369, 147
369, 146
370, 145
370, 144
371, 143
371, 142
372, 141
372, 140
373, 139
373, 138
375, 136
375, 135
376, 134
376, 133
378, 131
378, 130
385, 123
386, 123
362, 153
364, 154
362, 160
360, 159
92, 123
92, 126
91, 127
91, 130
90, 131
90, 134
89, 135
89, 137
89, 135
90, 134
90, 131
91, 130
91, 127
92, 126
388, 122
390, 122
302, 122
302, 124
69, 121
69, 122
68, 123
68, 124
68, 123
69, 122
280, 120
280, 121
279, 122
279, 123
278, 124
278, 125
277, 126
277, 127
277, 126
278, 125
278, 124
279, 123
279, 122
280, 121
227, 115
229, 115
230, 116
231, 116
234, 119
234, 120
235, 121
235, 125
235, 121
234, 120
234, 119
231, 116
230, 116
229, 115
223, 114
222, 115
221, 115
217, 119
217, 120
216, 121
216, 122
215, 123
215, 124
214, 125
214, 126
213, 127
213, 129
212, 130
212, 131
212, 130
213, 129
213, 127
214, 126
214, 125
215, 124
215, 123
216, 122
216, 121
218, 119
218, 118
221, 115
222, 115
223, 114
225, 114
146, 112
147, 112
148, 113
149, 113
150, 114
151, 114
154, 117
155, 117
163, 125
163, 126
165, 128
165, 129
166, 130
166, 131
167, 132
167, 133
168, 134
168, 136
168, 134
167, 133
167, 132
166, 131
166, 130
165, 129
165, 128
164, 127
164, 126
154, 116
153, 116
151, 114
150, 114
148, 112
294, 108
297, 108
298, 109
299, 109
303, 113
303, 120
303, 113
302, 112
302, 111
300, 109
298, 109
297, 108
288, 108
284, 112
284, 113
283, 114
283, 115
282, 116
282, 117
281, 118
282, 117
282, 116
283, 115
283, 114
284, 113
284, 112
287, 109
288, 109
289, 108
291, 107
292, 107
96, 106
96, 108
142, 97
142, 98
141, 99
141, 100
141, 99
142, 98
98, 97
98, 100
97, 101
97, 104
97, 101
98, 100
365, 95
364, 96
364, 99
363, 100
363, 104
362, 105
362, 110
361, 111
361, 116
360, 117
360, 120
359, 121
359, 123
358, 124
358, 125
357, 126
357, 127
355, 129
355, 130
353, 132
353, 133
351, 135
351, 136
349, 138
349, 139
348, 140
348, 141
346, 143
346, 144
345, 145
345, 146
341, 150
340, 150
339, 151
340, 152
340, 154
338, 156
338, 157
335, 160
335, 161
311, 185
311, 186
301, 196
300, 196
298, 198
297, 198
295, 200
294, 200
292, 202
291, 202
290, 203
289, 203
288, 204
287, 204
286, 205
285, 205
286, 205
287, 204
288, 204
289, 203
290, 203
291, 202
292, 202
294, 200
295, 200
297, 198
298, 198
300, 196
301, 196
314, 183
314, 182
336, 160
336, 159
339, 156
339, 155
342, 152
343, 152
344, 151
350, 151
345, 151
343, 149
343, 148
345, 146
345, 145
346, 144
346, 143
348, 141
348, 140
350, 138
350, 137
351, 136
351, 135
353, 133
353, 132
355, 130
355, 129
357, 127
357, 126
359, 124
360, 124
361, 125
361, 136
361, 121
362, 120
362, 116
363, 115
363, 110
364, 109
364, 104
365, 103
365, 99
366, 98
366, 95
252, 95
265, 95
226, 95
240, 95
267, 94
274, 94
217, 94
223, 94
143, 94
143, 95
277, 93
282, 93
209, 93
214, 93
99, 93
99, 95
284, 92
289, 92
201, 92
207, 92
291, 91
295, 91
192, 91
198, 91
297, 90
301, 90
181, 90
189, 90
303, 89
307, 89
100, 89
100, 91
309, 88
312, 88
121, 88
134, 88
314, 87
316, 87
112, 87
118, 87
318, 86
321, 86
323, 85
325, 85
327, 84
329, 84
331, 83
333, 83
335, 82
337, 82
147, 82
147, 84
146, 85
146, 86
143, 89
140, 89
142, 89
144, 91
144, 92
147, 89
178, 89
148, 89
146, 87
146, 85
147, 84
339, 81
341, 81
346, 79
345, 80
343, 80
345, 80
346, 79
348, 79
350, 78
351, 78
81, 77
356, 76
355, 77
353, 77
355, 77
356, 76
358, 76
149, 76
149, 78
148, 79
148, 80
148, 79
149, 78
103, 76
103, 78
79, 76
360, 75
361, 75
366, 73
365, 74
363, 74
365, 74
366, 73
368, 73
150, 73
150, 74
370, 72
371, 72
376, 70
375, 71
373, 71
375, 71
376, 70
378, 70
380, 69
381, 69
386, 67
385, 68
383, 68
385, 68
386, 67
388, 67
390, 66
392, 66
152, 66
152, 68
151, 69
151, 71
151, 69
152, 68
394, 65
396, 65
398, 64
400, 64
402, 63
404, 63
406, 62
408, 62
153, 62
153, 64
410, 61
413, 61
415, 60
418, 60
420, 59
423, 59
425, 58
429, 58
154, 58
154, 60
432, 57
436, 57
438, 56
442, 56
445, 55
455, 55
458, 54
465, 54
467, 53
471, 53
108, 53
108, 56
36, 53
38, 53
39, 54
40, 54
41, 55
42, 55
43, 56
44, 56
45, 57
46, 57
47, 58
48, 58
49, 59
50, 59
51, 60
52, 60
54, 62
55, 62
56, 63
57, 63
59, 65
60, 65
62, 67
63, 67
64, 68
65, 68
67, 70
68, 70
69, 71
70, 71
71, 72
72, 72
73, 73
74, 73
75, 74
76, 74
77, 75
76, 74
75, 74
74, 73
73, 73
72, 72
71, 72
70, 71
69, 71
67, 69
66, 69
65, 68
64, 68
62, 66
61, 66
60, 65
59, 65
57, 63
56, 63
55, 62
54, 62
52, 60
51, 60
50, 59
49, 59
48, 58
47, 58
46, 57
45, 57
44, 56
43, 56
42, 55
41, 55
40, 54
39, 54
38, 53
156, 51
156, 53
155, 54
155, 56
155, 54
156, 53
109, 48
109, 51
157, 47
157, 49
110, 43
110, 46
158, 42
158, 45
111, 38
111, 41
159, 35
159, 40
112, 33
112, 36
152, 29
151, 30
150, 30
149, 31
148, 31
147, 32
146, 32
144, 34
143, 34
140, 37
139, 37
135, 41
134, 41
130, 45
129, 45
124, 50
123, 50
116, 57
115, 57
109, 63
108, 63
107, 62
107, 58
107, 62
106, 63
106, 64
105, 65
105, 66
103, 68
103, 69
96, 76
96, 77
92, 81
89, 81
88, 80
87, 80
86, 79
85, 79
84, 78
83, 78
84, 78
85, 79
86, 79
87, 80
88, 80
91, 83
90, 84
90, 85
88, 87
88, 88
86, 90
86, 91
85, 92
85, 93
83, 95
83, 96
81, 98
78, 98
77, 97
77, 96
65, 84
65, 83
55, 73
54, 73
44, 63
43, 63
38, 58
37, 58
33, 54
33, 53
34, 52
32, 52
31, 51
30, 51
29, 50
27, 50
26, 49
23, 49
25, 51
26, 51
27, 52
28, 52
29, 53
30, 53
31, 54
32, 54
34, 56
35, 56
38, 59
39, 59
44, 64
45, 64
75, 94
75, 95
79, 99
79, 102
78, 103
78, 104
77, 105
77, 106
75, 108
75, 109
74, 110
74, 111
73, 112
73, 113
72, 114
72, 115
71, 116
71, 117
70, 118
70, 119
70, 118
71, 117
71, 116
72, 115
72, 114
73, 113
73, 112
74, 111
74, 110
75, 109
75, 108
77, 106
77, 105
78, 104
78, 103
79, 102
82, 102
86, 106
86, 107
92, 113
92, 114
93, 115
93, 117
94, 118
93, 119
93, 121
93, 119
94, 118
97, 118
102, 123
102, 124
106, 128
107, 128
115, 136
116, 136
119, 139
119, 142
123, 142
125, 144
126, 144
129, 147
130, 147
132, 149
133, 149
135, 151
136, 151
138, 153
139, 153
140, 154
141, 154
142, 155
143, 155
144, 156
143, 155
142, 155
141, 154
140, 154
138, 152
137, 152
136, 151
135, 151
133, 149
132, 149
130, 147
129, 147
126, 144
125, 144
122, 141
122, 139
124, 137
124, 136
126, 134
126, 133
127, 132
127, 131
129, 129
129, 128
130, 127
130, 126
132, 124
132, 123
134, 121
134, 120
135, 119
135, 118
141, 112
143, 112
141, 112
139, 114
138, 114
137, 115
136, 114
136, 112
137, 111
137, 109
138, 108
138, 107
139, 106
139, 104
140, 103
140, 102
140, 103
139, 104
139, 106
138, 107
138, 108
137, 109
137, 111
136, 112
136, 113
135, 114
135, 115
134, 116
134, 117
132, 119
132, 120
131, 121
131, 122
129, 124
129, 125
128, 126
128, 127
126, 129
126, 130
123, 133
123, 134
122, 135
122, 136
120, 138
118, 138
115, 135
114, 135
95, 116
95, 110
95, 112
94, 113
92, 113
87, 108
87, 107
81, 101
81, 98
83, 96
83, 95
85, 93
85, 92
87, 90
87, 89
89, 87
89, 86
92, 83
97, 83
98, 84
99, 84
100, 85
100, 86
101, 87
103, 85
105, 85
106, 86
110, 86
106, 86
105, 85
104, 85
102, 83
102, 80
102, 82
101, 83
100, 83
99, 84
98, 84
97, 83
95, 83
94, 82
94, 79
97, 76
97, 75
102, 70
103, 70
104, 71
104, 74
104, 71
105, 70
105, 69
106, 68
106, 67
108, 65
108, 64
114, 58
115, 58
122, 51
123, 51
128, 46
129, 46
133, 42
134, 42
138, 38
139, 38
142, 35
143, 35
146, 32
147, 32
148, 31
149, 31
150, 30
151, 30
152, 29
154, 29
155, 30
156, 30
157, 31
157, 32
158, 33
158, 32
156, 30
155, 30
154, 29
113, 28
113, 31
114, 23
114, 26
114, 17
114, 19
115, 20
115, 21
115, 20
116, 19
116, 17
