4, 2
496, 4
494, 351
2, 349
120, 15
120, 16
119, 17
119, 18
118, 19
118, 21
117, 22
117, 24
116, 25
116, 26
115, 27
115, 29
114, 30
114, 31
113, 32
113, 33
112, 34
112, 35
111, 36
111, 37
110, 38
110, 39
108, 41
108, 42
107, 43
107, 44
106, 45
106, 46
108, 48
108, 49
107, 50
107, 51
103, 55
102, 55
98, 59
98, 60
92, 66
91, 65
91, 62
92, 61
92, 59
93, 58
93, 56
94, 55
94, 53
95, 52
95, 50
96, 49
96, 47
97, 46
97, 45
98, 44
98, 42
99, 41
99, 39
100, 38
100, 36
99, 35
97, 35
96, 36
96, 38
95, 39
95, 41
94, 42
94, 43
93, 44
93, 45
92, 46
92, 47
91, 48
91, 54
90, 55
90, 57
89, 58
89, 60
88, 61
88, 64
87, 65
87, 68
86, 69
86, 71
85, 72
85, 75
84, 76
84, 78
83, 79
83, 80
81, 82
81, 83
80, 84
80, 85
79, 86
79, 87
78, 88
78, 89
77, 90
77, 91
76, 92
76, 93
75, 94
75, 95
74, 96
74, 97
73, 98
73, 99
72, 100
72, 101
71, 102
71, 103
70, 104
70, 105
69, 106
69, 107
68, 108
68, 109
67, 110
67, 112
66, 113
66, 114
65, 115
65, 116
64, 117
64, 119
63, 120
63, 121
62, 122
62, 123
61, 124
61, 125
60, 126
60, 128
59, 129
59, 130
58, 131
58, 133
57, 134
57, 135
56, 136
56, 138
55, 139
55, 141
54, 142
54, 143
53, 144
53, 146
52, 147
52, 149
51, 150
51, 152
50, 153
50, 155
49, 156
49, 158
48, 159
48, 161
47, 162
47, 164
46, 165
46, 167
45, 168
45, 170
44, 171
44, 173
43, 174
43, 176
42, 177
42, 179
41, 180
41, 182
40, 183
40, 185
39, 186
39, 188
38, 189
38, 192
37, 193
37, 195
36, 196
36, 198
35, 199
35, 202
34, 203
34, 205
33, 206
33, 209
32, 210
32, 212
31, 213
31, 216
30, 217
30, 220
29, 221
29, 224
28, 225
28, 227
27, 228
27, 231
26, 232
26, 235
25, 236
25, 239
24, 240
24, 244
23, 245
23, 249
22, 250
22, 258
21, 259
21, 266
22, 267
22, 270
23, 271
23, 272
24, 273
27, 273
30, 270
30, 269
32, 267
32, 266
33, 265
33, 264
34, 263
34, 262
35, 261
35, 260
36, 259
36, 258
37, 257
37, 256
38, 255
38, 253
39, 252
39, 251
40, 250
40, 249
41, 248
41, 246
42, 245
42, 243
43, 242
43, 241
44, 240
44, 238
45, 237
45, 236
46, 235
46, 233
47, 232
47, 231
48, 230
48, 228
49, 227
49, 225
50, 224
50, 222
51, 221
51, 219
52, 218
52, 217
53, 216
53, 214
54, 213
54, 211
55, 210
55, 208
56, 207
56, 205
57, 204
57, 202
58, 201
58, 199
59, 198
59, 197
60, 196
60, 195
61, 194
62, 195
62, 197
64, 197
66, 195
67, 196
67, 197
66, 198
66, 203
67, 204
69, 204
69, 203
73, 199
73, 198
75, 196
75, 195
77, 193
77, 192
78, 191
78, 190
80, 188
80, 187
81, 186
81, 185
83, 183
83, 182
84, 181
84, 180
85, 179
85, 178
86, 177
86, 176
87, 175
87, 174
89, 172
89, 171
90, 170
90, 169
91, 168
91, 167
92, 166
92, 165
93, 164
93, 163
94, 162
94, 161
96, 159
96, 158
97, 157
97, 156
101, 152
101, 151
113, 139
114, 139
119, 134
121, 136
121, 150
120, 151
120, 157
119, 158
119, 162
118, 163
118, 167
117, 168
117, 171
116, 172
116, 174
115, 175
115, 177
114, 178
114, 180
113, 181
113, 183
112, 184
112, 186
111, 187
111, 189
110, 190
110, 191
109, 192
109, 193
108, 194
108, 196
107, 197
107, 198
105, 200
105, 202
104, 203
104, 204
102, 206
102, 207
101, 208
101, 209
77, 233
77, 234
75, 236
74, 236
72, 238
71, 238
69, 240
67, 240
66, 241
65, 241
64, 242
62, 242
61, 243
59, 243
58, 242
58, 240
60, 238
61, 238
62, 237
63, 237
63, 235
62, 234
61, 234
60, 235
58, 235
56, 237
56, 238
55, 239
55, 244
56, 245
57, 245
58, 246
62, 246
63, 245
65, 245
66, 244
67, 244
68, 245
68, 246
67, 247
67, 250
68, 251
69, 251
70, 250
71, 250
72, 249
73, 249
77, 245
78, 245
84, 239
85, 239
103, 221
103, 220
108, 215
108, 214
111, 211
111, 210
113, 208
113, 207
115, 205
115, 204
119, 200
120, 200
123, 197
124, 197
127, 194
128, 194
129, 193
130, 193
132, 191
133, 191
135, 189
136, 189
137, 188
138, 188
140, 186
141, 186
143, 184
145, 185
133, 197
133, 198
131, 200
131, 201
130, 202
130, 203
129, 204
129, 205
128, 206
128, 211
129, 212
129, 214
128, 215
128, 216
127, 217
127, 218
126, 219
126, 221
125, 222
125, 224
124, 225
124, 227
123, 228
123, 234
124, 235
124, 236
125, 237
125, 238
126, 239
127, 239
128, 240
135, 240
136, 239
138, 239
139, 238
141, 238
142, 237
143, 237
145, 235
146, 235
147, 234
148, 234
149, 233
150, 234
150, 245
151, 246
151, 249
154, 252
160, 252
161, 251
162, 251
163, 250
164, 250
165, 249
166, 249
174, 241
174, 240
178, 236
178, 235
181, 232
181, 231
183, 229
183, 228
185, 226
185, 225
187, 223
187, 222
189, 220
189, 219
191, 217
191, 216
192, 215
193, 218
192, 219
192, 220
191, 221
191, 223
190, 224
190, 225
189, 226
189, 227
188, 228
188, 230
187, 231
187, 232
186, 233
186, 235
185, 236
185, 237
184, 238
184, 240
183, 241
183, 242
182, 243
182, 245
181, 246
181, 247
180, 248
180, 250
179, 251
179, 252
178, 253
178, 254
177, 255
177, 257
176, 258
176, 259
175, 260
175, 262
174, 263
174, 264
173, 265
173, 266
172, 267
172, 269
171, 270
171, 271
170, 272
170, 274
169, 275
169, 276
168, 277
168, 278
167, 279
167, 281
166, 282
166, 283
165, 284
165, 286
164, 287
164, 288
163, 289
163, 291
162, 292
162, 293
161, 294
161, 296
160, 297
160, 299
159, 300
159, 301
158, 302
158, 304
157, 305
157, 306
156, 307
156, 308
155, 309
155, 311
154, 312
154, 313
153, 314
153, 316
152, 317
152, 318
151, 319
151, 321
150, 322
150, 323
149, 324
149, 326
148, 327
148, 328
147, 329
147, 331
146, 332
146, 333
145, 334
145, 336
146, 337
148, 337
149, 336
149, 335
150, 334
150, 333
151, 332
151, 330
152, 329
152, 328
153, 327
153, 326
154, 325
154, 323
155, 322
155, 321
156, 320
156, 319
157, 318
157, 316
158, 315
158, 314
159, 313
159, 312
160, 311
160, 309
161, 308
161, 307
162, 306
162, 305
163, 304
163, 303
164, 302
164, 300
165, 299
165, 298
166, 297
166, 296
167, 295
167, 294
168, 293
168, 292
169, 291
169, 290
170, 289
170, 287
171, 286
171, 285
172, 284
172, 283
173, 282
173, 281
174, 280
174, 279
175, 278
175, 276
176, 275
176, 274
177, 273
177, 272
178, 271
178, 270
179, 269
179, 268
180, 267
180, 266
181, 265
181, 264
182, 263
182, 262
183, 261
183, 260
184, 259
184, 258
185, 257
185, 256
186, 255
186, 254
187, 253
187, 252
188, 251
188, 250
189, 249
189, 248
190, 247
190, 246
191, 245
191, 244
192, 243
192, 242
193, 241
193, 240
194, 239
194, 238
195, 237
195, 236
196, 235
196, 234
198, 232
198, 231
199, 230
199, 229
200, 228
200, 227
201, 226
201, 225
202, 224
202, 223
204, 221
204, 220
205, 219
205, 218
206, 217
206, 216
208, 214
210, 216
210, 220
211, 221
211, 226
212, 227
212, 235
210, 237
209, 237
200, 246
200, 247
197, 250
197, 251
196, 252
196, 253
195, 254
195, 256
194, 257
194, 260
193, 261
193, 262
194, 263
194, 264
195, 264
196, 265
199, 265
200, 264
202, 264
203, 263
204, 263
206, 261
207, 261
210, 258
211, 258
213, 260
214, 260
215, 259
216, 259
216, 256
217, 255
217, 252
218, 251
218, 250
220, 248
220, 247
222, 245
222, 244
223, 243
223, 242
225, 240
225, 239
226, 238
226, 237
227, 236
227, 235
228, 234
228, 233
229, 232
229, 231
230, 230
230, 229
233, 226
234, 226
235, 225
236, 225
237, 224
238, 224
239, 223
240, 223
241, 222
242, 222
243, 221
244, 221
245, 220
246, 220
247, 219
248, 219
250, 217
251, 217
253, 215
254, 215
255, 214
256, 214
258, 212
259, 212
261, 210
262, 211
262, 212
261, 213
261, 214
260, 215
260, 217
259, 218
259, 219
258, 220
258, 221
257, 222
257, 223
256, 224
256, 225
255, 226
255, 227
254, 228
254, 230
253, 231
253, 233
252, 234
252, 236
251, 237
251, 239
250, 240
250, 242
249, 243
249, 253
250, 254
250, 255
251, 256
251, 257
254, 260
255, 260
256, 261
261, 261
262, 260
264, 260
265, 259
266, 259
267, 258
268, 258
271, 255
272, 255
281, 246
281, 245
284, 242
284, 241
287, 238
287, 237
288, 236
288, 235
289, 234
289, 233
290, 232
290, 231
291, 230
291, 229
292, 228
292, 227
293, 226
293, 225
294, 224
294, 221
295, 220
295, 218
296, 217
296, 215
299, 212
300, 212
301, 211
302, 211
304, 209
305, 209
306, 208
307, 208
310, 205
311, 205
314, 202
315, 202
317, 203
316, 204
316, 206
315, 207
315, 208
314, 209
314, 210
313, 211
313, 213
312, 214
312, 215
311, 216
311, 217
310, 218
310, 219
309, 220
309, 222
308, 223
308, 224
307, 225
307, 226
306, 227
306, 228
305, 229
305, 230
304, 231
304, 232
303, 233
303, 234
302, 235
302, 236
300, 238
300, 239
299, 240
299, 241
298, 242
298, 243
297, 244
297, 245
296, 246
296, 247
295, 248
295, 249
294, 250
294, 252
293, 253
293, 255
294, 256
296, 256
298, 254
298, 253
300, 251
300, 250
302, 248
302, 247
308, 241
309, 241
311, 239
312, 239
313, 238
314, 238
320, 232
321, 232
322, 231
323, 231
325, 229
326, 229
327, 228
328, 228
329, 229
328, 230
328, 231
327, 232
327, 234
326, 235
326, 236
325, 237
325, 239
324, 240
324, 241
323, 242
323, 244
322, 245
322, 254
323, 255
323, 256
324, 257
326, 257
327, 258
328, 258
329, 257
332, 257
333, 256
334, 256
336, 254
337, 254
338, 253
339, 253
342, 250
343, 250
350, 243
351, 243
356, 238
356, 237
362, 231
362, 230
366, 226
366, 225
369, 222
369, 221
372, 218
372, 217
374, 215
375, 216
375, 218
374, 219
374, 221
373, 222
373, 224
372, 225
372, 227
371, 228
371, 230
370, 231
370, 233
369, 234
369, 235
359, 245
358, 245
352, 251
351, 251
348, 254
347, 254
337, 264
337, 265
336, 266
336, 267
335, 268
335, 269
334, 270
334, 272
333, 273
333, 275
332, 276
332, 280
331, 281
331, 286
332, 287
332, 292
333, 293
333, 295
334, 296
334, 297
335, 298
335, 299
336, 300
336, 302
337, 303
337, 304
338, 305
338, 306
339, 307
343, 307
344, 306
345, 306
347, 304
347, 303
349, 301
349, 300
350, 299
350, 298
351, 297
351, 296
352, 295
352, 294
353, 293
353, 291
354, 290
354, 289
355, 288
355, 287
356, 286
356, 284
357, 283
357, 281
358, 280
358, 278
359, 277
359, 276
360, 275
360, 273
361, 272
361, 270
362, 269
362, 267
363, 266
363, 264
364, 263
364, 261
365, 260
365, 258
366, 257
366, 255
367, 254
367, 252
368, 251
368, 248
369, 247
369, 245
370, 244
370, 242
371, 241
371, 240
372, 239
372, 238
378, 232
379, 232
386, 225
387, 225
393, 219
394, 219
398, 215
399, 215
404, 210
405, 210
411, 204
412, 204
417, 199
418, 199
424, 193
425, 193
433, 185
434, 185
443, 176
444, 176
445, 175
451, 175
452, 176
456, 176
457, 177
462, 177
463, 178
464, 178
465, 179
472, 179
473, 178
474, 178
476, 176
476, 175
475, 174
474, 174
473, 173
470, 173
468, 175
466, 175
465, 174
464, 174
463, 173
457, 173
456, 172
452, 172
450, 170
457, 163
458, 163
458, 162
463, 157
464, 157
466, 155
466, 154
465, 153
462, 153
461, 154
460, 154
457, 157
457, 158
446, 169
445, 169
444, 170
433, 170
432, 169
421, 169
420, 168
406, 168
405, 167
405, 165
406, 164
406, 163
407, 162
407, 161
409, 159
409, 158
410, 157
410, 156
412, 154
412, 153
413, 152
413, 151
414, 150
414, 149
416, 147
416, 146
417, 145
417, 144
418, 143
418, 142
420, 140
420, 139
421, 138
421, 137
422, 136
422, 135
423, 134
423, 133
424, 132
424, 131
426, 129
426, 128
427, 127
427, 126
428, 125
428, 124
429, 123
429, 122
430, 121
430, 120
431, 119
431, 117
432, 116
432, 115
433, 114
433, 113
434, 112
434, 111
435, 110
435, 109
436, 108
436, 107
437, 106
437, 105
438, 104
438, 102
439, 101
439, 100
440, 99
440, 97
441, 96
441, 95
442, 94
442, 93
443, 92
443, 90
444, 89
444, 87
445, 86
445, 84
446, 83
446, 82
447, 81
447, 79
448, 78
448, 77
449, 76
449, 74
450, 73
450, 71
451, 70
451, 67
452, 66
452, 54
451, 53
451, 52
450, 51
444, 51
443, 52
442, 52
436, 58
436, 59
435, 60
435, 61
433, 63
433, 64
432, 65
432, 66
431, 67
431, 68
430, 69
430, 71
429, 72
429, 73
428, 74
428, 75
427, 76
427, 77
426, 78
426, 79
425, 80
425, 81
424, 82
424, 84
423, 85
423, 86
422, 87
422, 88
421, 89
421, 90
420, 91
420, 92
419, 93
419, 95
418, 96
418, 97
417, 98
417, 100
416, 101
416, 102
415, 103
415, 104
414, 105
414, 107
413, 108
413, 109
412, 110
412, 112
411, 113
411, 114
410, 115
410, 117
409, 118
409, 119
408, 120
408, 121
407, 122
407, 124
406, 125
406, 126
405, 127
405, 129
404, 130
404, 131
403, 132
403, 134
402, 135
402, 136
401, 137
401, 139
400, 140
400, 142
399, 143
399, 144
398, 145
398, 147
397, 148
397, 150
396, 151
396, 153
395, 154
395, 156
394, 157
394, 159
393, 160
393, 162
392, 163
392, 165
390, 167
305, 167
304, 168
284, 168
283, 169
264, 169
263, 170
253, 170
252, 171
237, 171
236, 172
235, 172
234, 171
234, 168
235, 167
235, 163
236, 162
236, 159
237, 158
237, 154
238, 153
238, 150
239, 149
239, 146
240, 145
240, 141
241, 140
241, 137
242, 136
242, 133
243, 132
243, 129
244, 128
244, 125
245, 124
245, 121
246, 120
246, 117
247, 116
247, 112
248, 111
248, 108
249, 107
249, 103
250, 102
250, 98
251, 97
251, 94
252, 93
252, 90
253, 89
253, 86
254, 85
254, 82
255, 81
255, 78
256, 77
256, 74
257, 73
257, 71
258, 70
258, 68
259, 67
259, 65
260, 64
260, 62
261, 61
261, 60
262, 59
262, 57
263, 56
263, 55
264, 54
264, 53
265, 52
265, 50
266, 49
266, 48
267, 47
267, 46
268, 45
268, 44
266, 42
265, 42
263, 44
263, 45
262, 46
262, 47
261, 48
261, 49
260, 50
260, 51
259, 52
259, 54
258, 55
258, 56
257, 57
257, 59
256, 60
256, 62
255, 63
255, 65
254, 66
254, 68
253, 69
253, 71
252, 72
252, 74
251, 75
251, 76
250, 77
250, 79
249, 80
249, 82
248, 83
248, 84
247, 85
247, 87
246, 88
246, 90
245, 91
245, 93
244, 94
244, 95
243, 96
243, 98
242, 99
242, 100
241, 101
241, 103
240, 104
240, 105
239, 106
239, 108
238, 109
238, 110
237, 111
237, 113
236, 114
236, 115
235, 116
235, 117
234, 118
234, 120
233, 121
233, 122
232, 123
232, 125
231, 126
231, 127
230, 128
230, 129
229, 130
229, 132
228, 133
228, 134
227, 135
227, 136
226, 137
226, 138
225, 139
225, 140
224, 141
224, 143
223, 144
223, 145
222, 146
222, 148
221, 149
221, 150
220, 151
220, 152
219, 153
219, 154
218, 155
218, 157
217, 158
217, 159
216, 160
216, 161
215, 162
215, 163
214, 164
214, 165
213, 166
213, 167
212, 168
212, 170
211, 171
211, 172
208, 175
206, 175
205, 176
199, 176
198, 177
193, 177
192, 178
187, 178
186, 179
185, 178
182, 178
181, 177
172, 177
171, 176
171, 171
169, 169
162, 169
161, 170
160, 170
159, 171
158, 171
157, 172
156, 172
155, 173
154, 173
152, 175
151, 175
150, 176
149, 176
148, 177
147, 177
145, 179
144, 179
142, 181
141, 181
140, 182
139, 182
137, 184
136, 184
134, 186
133, 186
132, 187
131, 187
129, 189
128, 189
126, 191
125, 190
125, 189
126, 188
126, 187
127, 186
127, 185
128, 184
128, 183
130, 181
130, 180
131, 179
131, 177
132, 176
132, 175
133, 174
133, 173
134, 172
134, 171
135, 170
135, 169
136, 168
136, 166
137, 165
137, 164
138, 163
138, 161
139, 160
139, 159
140, 158
140, 156
141, 155
141, 152
142, 151
142, 148
143, 147
143, 139
144, 138
143, 137
143, 131
142, 130
142, 129
141, 128
141, 127
139, 125
138, 125
137, 124
130, 124
129, 125
127, 125
126, 126
125, 126
124, 127
123, 127
122, 128
120, 128
119, 127
113, 127
112, 126
113, 125
113, 124
114, 123
114, 122
115, 121
115, 120
116, 119
116, 118
117, 117
117, 116
118, 115
118, 114
119, 113
119, 111
120, 110
120, 109
121, 108
121, 107
122, 106
122, 105
123, 104
123, 103
124, 102
124, 101
125, 100
125, 99
126, 98
126, 97
127, 96
127, 94
128, 93
128, 92
129, 91
129, 90
130, 89
130, 88
131, 87
131, 85
132, 84
132, 83
133, 82
133, 81
134, 80
134, 78
135, 77
135, 76
136, 75
136, 74
137, 73
137, 72
138, 71
138, 69
139, 68
139, 67
140, 66
140, 64
141, 63
141, 62
142, 61
142, 59
143, 58
143, 56
144, 55
144, 54
145, 53
145, 51
146, 50
146, 48
147, 47
147, 44
148, 43
148, 41
149, 40
149, 35
150, 34
150, 31
149, 30
149, 28
147, 26
142, 26
141, 27
140, 27
139, 28
138, 28
137, 29
136, 29
135, 30
134, 30
132, 32
131, 32
127, 36
126, 36
120, 42
119, 42
116, 45
115, 45
114, 44
114, 41
115, 40
115, 38
116, 37
116, 36
117, 35
117, 33
118, 32
118, 31
119, 30
119, 28
120, 27
120, 26
121, 25
121, 23
122, 22
122, 20
123, 19
123, 15
363, 246
364, 246
365, 247
365, 248
364, 249
364, 251
363, 252
363, 255
362, 256
362, 258
361, 259
361, 261
360, 262
360, 264
359, 265
359, 267
358, 268
358, 270
357, 271
357, 272
356, 273
356, 275
355, 276
355, 278
354, 279
354, 281
353, 282
353, 283
352, 284
352, 286
351, 287
351, 288
350, 289
350, 290
349, 291
349, 293
348, 294
348, 295
347, 296
347, 297
346, 298
346, 299
342, 303
341, 303
340, 302
340, 300
339, 299
339, 298
338, 297
338, 296
337, 295
337, 294
336, 293
336, 291
335, 290
335, 279
336, 278
336, 275
337, 274
337, 272
338, 271
338, 270
339, 269
339, 268
341, 266
341, 265
348, 258
349, 258
353, 254
354, 254
358, 250
359, 250
211, 241
212, 240
213, 241
213, 250
205, 258
204, 258
202, 260
201, 260
200, 261
198, 261
197, 260
197, 259
198, 258
198, 256
199, 255
199, 254
201, 252
201, 251
204, 248
204, 247
210, 241
224, 233
223, 235
223, 236
221, 238
221, 239
219, 239
220, 236
220, 235
288, 218
289, 217
291, 217
292, 218
291, 219
291, 221
290, 222
290, 224
289, 225
289, 226
288, 227
288, 228
287, 229
287, 230
286, 231
286, 232
285, 233
285, 234
283, 236
283, 237
281, 239
281, 240
267, 254
266, 254
264, 256
263, 256
262, 257
256, 257
254, 255
254, 254
253, 253
253, 250
252, 249
252, 246
253, 245
253, 242
254, 241
254, 239
255, 238
255, 236
256, 235
256, 233
257, 232
257, 231
258, 230
258, 228
259, 227
259, 226
260, 225
260, 224
261, 223
261, 222
262, 221
262, 220
263, 219
265, 221
266, 221
267, 222
276, 222
277, 221
280, 221
281, 220
283, 220
284, 219
286, 219
287, 218
194, 214
192, 215
165, 207
166, 206
167, 206
168, 207
167, 208
167, 209
166, 210
166, 211
164, 213
164, 214
161, 217
157, 217
154, 220
154, 221
153, 222
153, 224
152, 225
152, 226
151, 227
150, 227
147, 230
146, 230
144, 232
143, 232
141, 234
139, 234
138, 235
137, 235
136, 236
129, 236
127, 234
127, 227
128, 226
128, 224
129, 223
129, 222
130, 221
130, 220
131, 219
131, 218
133, 216
140, 216
141, 215
144, 215
145, 214
148, 214
149, 213
151, 213
152, 212
153, 212
154, 211
156, 211
157, 210
158, 210
159, 209
161, 209
162, 208
163, 208
164, 207
204, 202
205, 202
206, 203
206, 205
207, 206
207, 208
206, 209
206, 210
205, 211
205, 212
203, 214
203, 215
202, 216
202, 217
200, 219
200, 220
199, 221
199, 222
198, 223
198, 224
197, 225
197, 226
196, 227
196, 228
194, 230
194, 231
193, 232
193, 233
192, 234
192, 235
190, 233
191, 232
191, 231
192, 230
192, 228
193, 227
193, 226
194, 225
194, 223
195, 222
195, 221
196, 220
196, 219
197, 218
197, 216
198, 215
198, 214
199, 213
199, 211
200, 210
200, 209
201, 208
201, 207
202, 206
202, 204
280, 201
281, 200
282, 200
283, 201
283, 203
282, 204
282, 205
283, 206
285, 206
287, 204
287, 202
289, 200
292, 204
293, 205
293, 211
291, 212
290, 213
289, 213
288, 214
287, 214
286, 215
284, 215
283, 216
281, 216
280, 217
278, 217
277, 218
274, 218
273, 219
269, 219
266, 214
268, 212
268, 211
271, 208
271, 207
275, 203
276, 203
223, 190
224, 189
225, 190
225, 194
224, 195
224, 199
223, 200
223, 203
222, 204
222, 208
221, 209
221, 212
220, 213
220, 217
219, 218
219, 222
218, 223
218, 226
217, 227
215, 225
215, 221
214, 220
214, 216
213, 215
213, 212
212, 211
212, 207
213, 206
213, 205
214, 204
214, 203
216, 201
216, 200
218, 198
218, 197
220, 195
220, 194
223, 191
195, 189
196, 190
197, 190
199, 192
199, 194
198, 195
198, 196
197, 197
197, 198
196, 199
196, 200
194, 202
194, 203
193, 204
193, 205
192, 206
192, 207
190, 209
190, 210
189, 211
189, 212
188, 213
188, 214
186, 216
186, 217
184, 219
184, 220
182, 222
182, 223
180, 225
180, 226
178, 228
178, 229
175, 232
175, 233
171, 237
171, 238
163, 246
162, 246
161, 247
160, 247
159, 248
156, 248
155, 247
155, 246
154, 245
154, 234
155, 233
155, 229
163, 221
163, 220
167, 216
167, 215
169, 213
169, 212
171, 210
171, 209
172, 208
172, 207
173, 206
173, 205
174, 204
174, 203
177, 200
178, 200
180, 198
181, 198
182, 197
183, 197
185, 195
186, 195
187, 194
188, 194
190, 192
191, 192
192, 191
193, 191
201, 185
203, 186
202, 188
200, 187
65, 185
63, 186
179, 184
180, 183
186, 183
187, 184
188, 184
189, 185
190, 185
191, 186
191, 187
189, 189
188, 189
187, 190
186, 190
184, 192
183, 192
182, 193
181, 193
179, 195
178, 195
177, 196
176, 195
176, 185
177, 184
145, 185
198, 181
196, 184
160, 181
161, 180
163, 180
164, 181
164, 182
166, 184
171, 184
173, 193
172, 194
172, 198
169, 200
168, 201
167, 201
166, 202
165, 202
164, 203
163, 203
162, 204
161, 204
160, 205
159, 205
158, 206
157, 206
156, 207
155, 207
154, 208
152, 208
151, 209
149, 209
148, 210
146, 210
145, 211
143, 211
142, 212
136, 212
135, 210
137, 208
137, 207
138, 206
138, 205
140, 203
140, 202
142, 200
142, 199
143, 198
143, 197
145, 195
145, 194
147, 192
147, 191
150, 188
150, 187
154, 184
155, 183
156, 183
157, 182
158, 182
159, 181
391, 179
221, 178
222, 177
226, 177
227, 178
227, 179
225, 181
225, 182
222, 185
222, 186
219, 189
219, 190
217, 192
217, 193
215, 195
215, 196
213, 198
213, 199
210, 202
209, 201
209, 200
208, 199
208, 198
207, 197
207, 194
208, 193
208, 192
209, 191
209, 190
210, 189
210, 188
212, 186
212, 185
213, 184
213, 183
214, 182
214, 181
217, 178
235, 177
236, 176
239, 176
240, 177
240, 179
241, 180
241, 184
240, 185
240, 190
239, 191
239, 194
238, 195
238, 198
237, 199
237, 201
236, 202
236, 204
235, 205
235, 207
234, 208
234, 210
233, 211
233, 213
232, 214
232, 215
231, 216
231, 218
230, 219
230, 220
229, 221
229, 223
226, 226
225, 226
224, 227
223, 227
222, 226
222, 223
223, 222
223, 218
224, 217
224, 214
225, 213
225, 209
226, 208
226, 204
227, 203
227, 200
228, 199
228, 195
229, 194
229, 191
230, 190
230, 186
231, 185
231, 182
232, 181
232, 179
234, 177
402, 172
420, 172
421, 173
432, 173
433, 174
438, 174
439, 175
435, 179
434, 179
426, 187
425, 187
418, 194
417, 194
412, 199
411, 199
405, 205
404, 205
399, 210
398, 210
393, 215
392, 215
387, 220
386, 220
379, 227
378, 227
376, 229
375, 228
375, 227
376, 226
376, 224
377, 223
377, 221
378, 220
378, 218
379, 217
379, 215
380, 214
380, 212
381, 211
381, 209
382, 208
382, 206
383, 205
383, 203
384, 202
384, 201
385, 200
385, 199
386, 198
386, 197
388, 195
388, 194
390, 192
390, 191
391, 190
391, 189
392, 188
392, 187
394, 185
394, 184
395, 183
395, 182
397, 180
397, 179
398, 178
398, 177
399, 176
399, 175
393, 172
394, 171
396, 172
395, 175
395, 176
393, 173
303, 172
304, 171
388, 171
389, 172
389, 174
388, 175
388, 177
387, 178
387, 180
386, 181
386, 183
385, 184
385, 187
384, 188
384, 190
383, 191
383, 193
382, 194
382, 196
381, 197
381, 198
380, 199
380, 200
379, 201
379, 202
376, 205
376, 206
374, 208
374, 209
371, 212
371, 213
368, 216
368, 217
365, 220
365, 221
362, 224
362, 225
358, 229
358, 230
342, 246
341, 246
338, 249
337, 249
335, 251
334, 251
332, 253
330, 253
329, 254
327, 254
326, 253
326, 252
325, 251
325, 248
326, 247
326, 245
327, 244
327, 242
328, 241
328, 239
329, 238
329, 237
330, 236
330, 235
331, 234
331, 232
332, 231
332, 230
333, 229
333, 228
334, 227
334, 225
340, 219
340, 218
343, 215
343, 214
344, 213
344, 212
346, 210
346, 209
347, 208
347, 206
348, 205
348, 203
349, 202
349, 200
350, 199
350, 197
351, 196
351, 191
350, 190
349, 190
345, 194
345, 195
344, 196
344, 197
342, 199
342, 200
341, 201
341, 202
340, 203
340, 204
339, 205
339, 206
338, 207
338, 208
337, 209
337, 211
336, 212
336, 213
335, 214
335, 215
334, 216
334, 217
333, 218
333, 219
329, 223
328, 223
326, 225
325, 225
324, 226
323, 226
322, 227
321, 227
319, 229
318, 229
312, 235
311, 235
310, 236
309, 236
307, 238
306, 238
305, 237
306, 236
306, 235
307, 234
307, 233
308, 232
308, 231
309, 230
309, 229
310, 228
310, 227
311, 226
311, 225
312, 224
312, 223
313, 222
313, 220
314, 219
314, 218
315, 217
315, 216
316, 215
316, 214
317, 213
317, 211
318, 210
318, 209
319, 208
319, 207
320, 206
320, 204
321, 203
321, 202
322, 201
322, 200
323, 199
323, 198
324, 197
324, 196
325, 195
325, 194
326, 193
326, 192
327, 191
327, 190
328, 189
328, 188
329, 187
329, 186
331, 184
331, 183
332, 182
332, 179
331, 178
330, 178
328, 180
328, 181
326, 183
326, 184
324, 186
324, 187
309, 202
308, 202
306, 204
305, 204
303, 206
302, 206
300, 208
299, 208
298, 209
297, 208
297, 207
296, 206
296, 202
294, 200
294, 199
293, 198
292, 198
290, 196
290, 193
291, 192
291, 189
290, 188
289, 188
288, 187
287, 187
286, 186
282, 186
281, 187
280, 187
273, 194
273, 195
270, 198
270, 199
267, 202
266, 202
264, 204
263, 204
261, 206
260, 206
258, 208
257, 208
254, 211
253, 211
252, 212
251, 212
249, 214
248, 214
247, 215
246, 215
244, 217
243, 217
242, 218
241, 218
240, 219
239, 219
238, 220
237, 220
236, 221
235, 221
234, 220
234, 219
235, 218
235, 216
236, 215
236, 213
237, 212
237, 210
238, 209
238, 207
239, 206
239, 204
240, 203
240, 201
241, 200
241, 198
242, 197
242, 194
243, 193
243, 189
244, 188
244, 176
245, 175
251, 175
252, 174
262, 174
263, 173
282, 173
283, 172
83, 167
98, 147
97, 148
97, 149
96, 150
96, 151
93, 154
93, 155
89, 159
89, 160
86, 163
86, 164
83, 167
82, 164
83, 163
83, 162
84, 161
84, 160
86, 158
86, 157
88, 155
88, 154
114, 131
116, 131
114, 134
113, 134
107, 138
107, 137
108, 136
110, 133
111, 133
113, 131
132, 128
133, 127
135, 127
136, 128
137, 128
138, 129
138, 130
139, 131
139, 133
140, 134
140, 144
139, 145
139, 149
138, 150
138, 152
137, 153
137, 155
136, 156
136, 158
135, 159
135, 160
134, 161
134, 163
133, 164
133, 165
132, 166
132, 168
131, 169
131, 170
130, 171
130, 172
129, 173
129, 174
128, 175
128, 176
127, 177
127, 178
126, 179
126, 180
125, 181
125, 182
124, 183
124, 184
123, 185
123, 186
121, 188
121, 189
119, 191
119, 192
118, 193
118, 194
116, 196
116, 197
111, 202
109, 200
110, 199
110, 198
111, 197
111, 196
112, 195
112, 193
113, 192
113, 191
114, 190
114, 188
115, 187
115, 185
116, 184
116, 183
117, 182
117, 179
118, 178
118, 176
119, 175
119, 173
120, 172
120, 169
121, 168
121, 164
122, 163
122, 159
123, 158
123, 152
124, 151
124, 134
123, 133
123, 132
125, 130
126, 130
127, 129
128, 129
129, 128
70, 118
71, 117
72, 121
71, 122
71, 124
70, 125
70, 127
69, 128
69, 130
68, 131
68, 134
67, 135
67, 137
66, 138
66, 140
65, 141
65, 143
64, 144
64, 146
63, 147
63, 149
62, 150
62, 152
61, 153
61, 156
60, 157
60, 159
59, 160
59, 162
58, 163
58, 165
57, 166
57, 169
56, 170
56, 172
55, 173
55, 176
54, 177
54, 179
53, 180
53, 183
52, 184
52, 186
51, 187
51, 189
50, 190
50, 193
49, 194
49, 196
48, 197
48, 199
47, 200
47, 202
46, 203
46, 206
45, 207
45, 209
44, 210
44, 212
43, 213
43, 215
42, 216
42, 218
41, 219
41, 221
40, 222
40, 224
39, 225
39, 227
38, 228
38, 229
37, 230
37, 232
35, 234
34, 233
34, 231
35, 230
35, 222
36, 221
36, 217
37, 216
37, 212
38, 211
38, 207
39, 206
39, 203
40, 202
40, 199
41, 198
41, 195
42, 194
42, 191
43, 190
43, 187
44, 186
44, 183
45, 182
45, 180
46, 179
46, 177
47, 176
47, 174
48, 173
48, 171
49, 170
49, 168
50, 167
50, 165
51, 164
51, 162
52, 161
52, 160
53, 159
53, 157
54, 156
54, 154
55, 153
55, 151
56, 150
56, 149
57, 148
57, 147
58, 146
58, 144
59, 143
59, 142
60, 141
60, 140
61, 139
61, 137
62, 136
62, 135
63, 134
63, 133
64, 132
64, 130
65, 129
65, 128
66, 127
66, 126
67, 125
67, 124
68, 123
68, 122
69, 121
69, 120
70, 119
73, 116
71, 117
241, 112
242, 111
243, 112
243, 115
242, 116
242, 119
241, 120
241, 123
240, 124
240, 127
239, 128
239, 132
238, 133
238, 136
237, 137
237, 140
236, 141
236, 144
235, 145
235, 149
234, 150
234, 153
233, 154
233, 157
232, 158
232, 162
231, 163
231, 166
230, 167
230, 171
228, 173
223, 173
222, 174
221, 174
220, 173
220, 172
221, 171
221, 170
222, 169
222, 168
224, 166
224, 164
223, 163
221, 163
220, 162
220, 161
221, 160
221, 159
222, 158
222, 156
223, 155
223, 154
224, 153
224, 152
225, 151
225, 149
226, 148
226, 147
227, 146
227, 145
228, 144
228, 142
229, 141
229, 140
230, 139
230, 138
231, 137
231, 136
232, 135
232, 134
233, 133
233, 131
234, 130
234, 129
235, 128
235, 127
236, 126
236, 124
237, 123
237, 122
238, 121
238, 119
239, 118
239, 117
240, 116
240, 114
241, 113
99, 76
98, 77
98, 79
97, 80
97, 82
96, 83
96, 85
95, 86
95, 87
94, 88
94, 90
93, 91
93, 93
92, 94
92, 95
91, 96
91, 98
90, 99
90, 100
89, 101
89, 103
88, 104
88, 105
87, 106
87, 108
86, 109
86, 110
85, 111
85, 113
84, 114
84, 116
83, 117
83, 118
82, 119
82, 121
81, 122
81, 124
80, 125
80, 126
79, 127
79, 129
78, 130
78, 132
77, 133
77, 135
76, 136
76, 138
75, 139
75, 140
74, 141
74, 143
73, 144
73, 146
72, 147
72, 149
71, 150
71, 152
70, 153
70, 155
69, 156
69, 158
68, 159
68, 161
67, 162
67, 164
66, 165
66, 167
65, 168
65, 170
64, 171
64, 173
63, 174
63, 176
62, 177
62, 179
61, 180
61, 181
60, 182
60, 184
59, 185
59, 187
58, 188
58, 190
57, 191
57, 193
56, 194
56, 196
55, 197
55, 199
54, 200
54, 202
53, 203
53, 205
52, 206
52, 208
51, 209
51, 210
50, 211
50, 213
49, 214
49, 216
48, 217
48, 219
47, 220
47, 222
46, 223
46, 224
45, 225
45, 227
44, 228
44, 230
43, 231
43, 232
42, 233
42, 235
41, 236
41, 238
40, 239
40, 240
39, 241
39, 243
38, 244
38, 245
37, 246
37, 248
36, 249
36, 250
35, 251
35, 253
34, 254
34, 255
33, 256
33, 257
32, 258
32, 259
31, 260
31, 261
30, 262
30, 263
29, 264
29, 265
26, 268
25, 267
25, 255
26, 254
26, 248
27, 247
27, 243
28, 242
28, 239
29, 238
29, 236
30, 235
31, 236
31, 237
32, 238
32, 240
33, 241
33, 242
35, 242
37, 240
37, 239
38, 238
38, 237
39, 236
39, 234
40, 233
40, 232
41, 231
41, 229
42, 228
42, 226
43, 225
43, 223
44, 222
44, 220
45, 219
45, 217
46, 216
46, 214
47, 213
47, 211
48, 210
48, 208
49, 207
49, 204
50, 203
50, 201
51, 200
51, 198
52, 197
52, 195
53, 194
53, 191
54, 190
54, 188
55, 187
55, 185
56, 184
56, 181
57, 180
57, 178
58, 177
58, 174
59, 173
59, 171
60, 170
60, 167
61, 166
61, 164
62, 163
62, 161
63, 160
63, 158
64, 157
64, 155
65, 154
65, 151
66, 150
66, 148
67, 147
67, 145
68, 144
68, 142
69, 141
69, 139
70, 138
70, 136
71, 135
71, 133
72, 132
72, 129
73, 128
73, 126
74, 125
74, 123
75, 122
75, 119
76, 118
76, 116
77, 115
77, 113
78, 112
78, 109
79, 108
79, 106
80, 105
80, 103
81, 102
81, 99
82, 98
82, 96
83, 95
83, 94
85, 92
85, 91
86, 90
86, 89
88, 87
88, 86
90, 84
90, 83
92, 81
92, 80
95, 77
95, 76
446, 55
447, 54
448, 55
448, 56
449, 57
449, 63
448, 64
448, 67
447, 68
447, 70
446, 71
446, 73
445, 74
445, 76
444, 77
444, 79
443, 80
443, 81
442, 82
442, 84
441, 85
441, 87
440, 88
440, 89
439, 90
439, 92
438, 93
438, 94
437, 95
437, 97
436, 98
436, 99
435, 100
435, 101
434, 102
434, 104
433, 105
433, 106
432, 107
432, 108
431, 109
431, 110
430, 111
430, 112
429, 113
429, 114
428, 115
428, 116
427, 117
427, 118
426, 119
426, 121
424, 123
424, 124
423, 125
423, 126
422, 127
422, 128
421, 129
421, 130
420, 131
420, 132
419, 133
419, 134
418, 135
418, 136
416, 138
416, 139
415, 140
415, 141
414, 142
414, 143
412, 145
412, 146
411, 147
411, 148
410, 149
410, 150
408, 152
408, 153
407, 154
407, 155
406, 156
406, 157
404, 159
404, 160
403, 161
403, 162
401, 164
401, 165
399, 167
396, 167
395, 166
395, 165
396, 164
396, 162
397, 161
397, 159
398, 158
398, 156
399, 155
399, 153
400, 152
400, 151
401, 150
401, 148
402, 147
402, 145
403, 144
403, 142
404, 141
404, 140
405, 139
405, 137
406, 136
406, 135
407, 134
407, 132
408, 131
408, 130
409, 129
409, 127
410, 126
410, 125
411, 124
411, 122
412, 121
412, 120
413, 119
413, 117
414, 116
414, 115
415, 114
415, 112
416, 111
416, 110
417, 109
417, 108
418, 107
418, 105
419, 104
419, 103
420, 102
420, 100
421, 99
421, 98
422, 97
422, 96
423, 95
423, 93
424, 92
424, 91
425, 90
425, 89
426, 88
426, 87
427, 86
427, 85
428, 84
428, 83
429, 82
429, 80
430, 79
430, 78
431, 77
431, 76
432, 75
432, 74
433, 73
433, 72
434, 71
434, 69
435, 68
435, 67
437, 65
437, 64
438, 63
438, 62
440, 60
440, 59
443, 56
444, 56
445, 55
122, 45
124, 45
126, 47
126, 52
125, 53
125, 57
124, 58
124, 60
123, 61
123, 64
122, 65
122, 67
121, 68
121, 69
120, 70
120, 72
119, 73
119, 75
118, 76
118, 77
117, 78
117, 80
116, 81
116, 82
115, 83
115, 85
114, 86
114, 88
113, 89
113, 90
112, 91
112, 93
111, 94
111, 95
110, 96
110, 97
109, 98
109, 100
108, 101
108, 102
107, 103
107, 105
106, 106
106, 107
105, 108
105, 109
104, 110
104, 111
103, 112
103, 114
102, 115
102, 116
101, 117
101, 118
100, 119
100, 120
99, 121
99, 123
98, 124
98, 125
97, 126
97, 127
96, 128
96, 129
95, 130
95, 131
94, 132
94, 133
93, 134
93, 135
92, 136
92, 137
91, 138
91, 139
90, 140
90, 141
89, 142
89, 144
88, 145
88, 146
87, 147
87, 148
86, 149
86, 150
85, 151
85, 152
84, 153
84, 154
82, 156
82, 157
80, 159
80, 160
78, 162
78, 163
76, 165
76, 166
74, 168
74, 169
73, 170
73, 171
71, 173
71, 174
70, 175
70, 176
69, 177
69, 178
68, 179
68, 180
67, 181
67, 182
66, 183
66, 184
65, 185
64, 182
65, 181
65, 179
66, 178
66, 176
67, 175
67, 173
68, 172
68, 170
69, 169
69, 167
70, 166
70, 164
71, 163
71, 161
72, 160
72, 158
73, 157
73, 155
74, 154
74, 152
75, 151
75, 150
76, 149
76, 147
77, 146
77, 144
78, 143
78, 141
79, 140
79, 138
80, 137
80, 135
81, 134
81, 133
82, 132
82, 130
83, 129
83, 127
84, 126
84, 124
85, 123
85, 121
86, 120
86, 119
87, 118
87, 116
88, 115
88, 114
89, 113
89, 111
90, 110
90, 109
91, 108
91, 106
92, 105
92, 104
93, 103
93, 101
94, 100
94, 99
95, 98
95, 96
96, 95
96, 93
97, 92
97, 91
98, 90
98, 88
99, 87
99, 85
100, 84
100, 83
101, 82
101, 80
102, 79
102, 77
103, 76
103, 74
104, 73
104, 71
105, 70
105, 68
106, 67
106, 65
107, 64
107, 62
108, 61
108, 60
112, 56
112, 55
141, 31
142, 30
145, 30
146, 31
146, 37
145, 38
145, 41
144, 42
144, 44
143, 45
143, 47
142, 48
142, 50
141, 51
141, 53
140, 54
140, 56
139, 57
139, 58
138, 59
138, 61
137, 62
137, 64
136, 65
136, 66
135, 67
135, 68
134, 69
134, 71
133, 72
133, 73
132, 74
132, 75
131, 76
131, 77
130, 78
130, 80
129, 81
129, 82
128, 83
128, 84
127, 85
127, 87
126, 88
126, 89
125, 90
125, 91
124, 92
124, 93
123, 94
123, 95
122, 96
122, 98
121, 99
121, 100
120, 101
120, 102
119, 103
119, 104
118, 105
118, 106
117, 107
117, 108
116, 109
116, 110
115, 111
115, 113
114, 114
114, 115
113, 116
113, 117
112, 118
112, 119
111, 120
111, 121
110, 122
110, 123
109, 124
109, 125
108, 126
108, 127
107, 128
107, 129
106, 130
106, 131
105, 132
105, 133
103, 135
102, 135
95, 142
94, 141
94, 140
95, 139
95, 137
96, 136
96, 135
97, 134
97, 133
98, 132
98, 131
99, 130
99, 129
100, 128
100, 127
101, 126
101, 125
102, 124
102, 123
103, 122
103, 120
104, 119
104, 118
105, 117
105, 116
106, 115
106, 114
107, 113
107, 111
108, 110
108, 109
109, 108
109, 107
110, 106
110, 104
111, 103
111, 102
112, 101
112, 100
113, 99
113, 97
114, 96
114, 95
115, 94
115, 92
116, 91
116, 90
117, 89
117, 87
118, 86
118, 85
119, 84
119, 82
120, 81
120, 79
121, 78
121, 77
122, 76
122, 74
123, 73
123, 72
124, 71
124, 69
125, 68
125, 66
126, 65
126, 63
127, 62
127, 59
128, 58
128, 54
129, 53
129, 46
128, 45
128, 44
126, 42
126, 41
127, 40
128, 40
132, 36
133, 36
136, 33
137, 33
138, 32
139, 32
140, 31
