4, 2
496, 4
494, 339
2, 337
151, 15
150, 16
148, 16
147, 17
145, 17
143, 19
142, 19
140, 21
139, 21
135, 25
134, 25
128, 31
125, 31
125, 32
124, 33
124, 34
123, 35
123, 36
122, 37
122, 38
117, 43
117, 44
112, 49
111, 49
110, 48
110, 46
109, 45
108, 45
107, 44
104, 44
103, 45
102, 45
101, 46
100, 46
98, 48
97, 48
91, 54
90, 53
90, 52
91, 51
91, 48
92, 47
92, 44
93, 43
93, 40
94, 39
94, 35
95, 34
95, 27
94, 26
93, 26
92, 27
92, 28
91, 29
91, 36
90, 37
90, 40
89, 41
89, 44
88, 45
88, 48
87, 49
87, 51
86, 52
86, 55
85, 56
85, 58
84, 59
84, 61
83, 62
83, 64
82, 65
82, 66
81, 67
81, 68
78, 71
78, 72
77, 73
77, 74
75, 76
75, 77
74, 78
74, 79
73, 80
73, 81
72, 82
72, 83
70, 85
70, 86
69, 87
69, 88
68, 89
68, 90
67, 91
67, 92
66, 93
66, 94
65, 95
65, 96
64, 97
64, 98
63, 99
63, 100
62, 101
62, 102
61, 103
61, 105
60, 106
60, 107
59, 108
59, 109
58, 110
58, 111
57, 112
57, 114
56, 115
56, 116
55, 117
55, 119
54, 120
54, 121
53, 122
53, 124
52, 125
52, 126
51, 127
51, 129
50, 130
50, 131
49, 132
49, 134
48, 135
48, 137
47, 138
47, 139
46, 140
46, 142
45, 143
45, 145
44, 146
44, 148
43, 149
43, 151
42, 152
42, 154
41, 155
41, 158
40, 159
40, 161
39, 162
39, 165
38, 166
38, 168
37, 169
37, 171
36, 172
36, 175
35, 176
35, 178
34, 179
34, 182
33, 183
33, 185
32, 186
32, 189
31, 190
31, 192
30, 193
30, 195
29, 196
29, 199
28, 200
28, 202
27, 203
27, 206
26, 207
26, 210
25, 211
25, 214
24, 215
24, 219
23, 220
23, 225
22, 226
22, 232
21, 233
21, 240
22, 241
22, 243
23, 244
24, 244
25, 245
26, 244
27, 244
29, 242
29, 241
31, 239
31, 238
32, 237
32, 236
33, 235
33, 234
34, 233
34, 232
35, 231
35, 230
36, 229
37, 230
37, 233
36, 234
36, 240
35, 241
35, 248
34, 249
34, 263
35, 264
35, 267
36, 268
36, 269
37, 269
38, 270
40, 270
44, 266
44, 265
46, 263
46, 262
48, 260
48, 259
49, 258
49, 257
50, 256
50, 255
51, 254
51, 252
52, 251
52, 250
53, 249
53, 248
54, 247
54, 245
55, 244
55, 243
56, 242
56, 241
57, 240
57, 238
58, 237
58, 236
59, 235
59, 233
60, 232
60, 230
61, 229
61, 228
62, 227
62, 225
63, 224
63, 222
64, 221
64, 220
67, 217
68, 217
69, 216
70, 216
71, 215
72, 215
74, 213
75, 213
79, 209
80, 209
83, 206
83, 205
89, 199
89, 198
91, 196
91, 195
93, 193
93, 192
95, 190
95, 189
96, 188
96, 187
97, 186
97, 185
98, 184
98, 183
99, 182
99, 180
100, 179
100, 178
101, 177
101, 176
102, 175
102, 173
103, 172
103, 170
104, 169
104, 167
105, 166
105, 164
106, 163
106, 161
107, 160
107, 157
108, 156
108, 154
109, 153
109, 151
110, 150
110, 149
111, 148
111, 147
112, 146
112, 145
113, 144
113, 143
114, 142
114, 141
115, 140
115, 139
116, 138
116, 137
117, 136
117, 135
118, 134
118, 133
123, 128
124, 128
126, 126
127, 126
129, 124
130, 124
131, 123
132, 123
134, 121
135, 121
136, 120
137, 120
138, 119
140, 119
141, 118
143, 118
144, 119
146, 119
147, 120
148, 120
151, 123
151, 124
152, 125
152, 129
153, 130
153, 134
152, 135
152, 142
151, 143
151, 146
150, 147
150, 150
149, 151
149, 153
148, 154
148, 157
147, 158
147, 159
146, 160
146, 162
145, 163
145, 165
144, 166
144, 167
143, 168
143, 169
141, 171
141, 172
139, 174
139, 175
138, 176
138, 178
137, 179
137, 181
133, 185
132, 185
128, 189
127, 189
123, 193
122, 193
117, 198
116, 198
110, 204
109, 204
96, 217
96, 218
95, 219
95, 220
94, 221
94, 223
98, 223
99, 222
100, 222
102, 220
103, 220
104, 219
105, 219
106, 218
107, 218
109, 216
110, 216
112, 214
113, 214
115, 212
116, 212
120, 208
121, 208
123, 206
124, 207
124, 209
123, 210
123, 212
122, 213
122, 215
121, 216
121, 219
120, 220
120, 225
119, 226
119, 231
120, 232
120, 235
121, 236
121, 237
123, 239
124, 239
125, 240
128, 240
129, 239
131, 239
132, 238
133, 238
134, 237
135, 237
136, 236
137, 236
140, 233
141, 233
155, 219
156, 220
156, 225
155, 226
155, 237
157, 239
159, 239
161, 237
162, 237
164, 235
164, 234
168, 230
169, 231
169, 232
168, 233
168, 235
167, 236
167, 238
166, 239
166, 241
165, 242
165, 244
164, 245
164, 247
163, 248
163, 250
162, 251
162, 253
161, 254
161, 256
160, 257
160, 260
159, 261
159, 263
158, 264
158, 267
157, 268
157, 270
156, 271
156, 273
155, 274
155, 277
154, 278
154, 281
153, 282
153, 285
152, 286
152, 289
151, 290
151, 293
150, 294
150, 297
149, 298
149, 301
148, 302
148, 305
147, 306
147, 310
146, 311
146, 314
145, 315
145, 320
144, 321
144, 324
147, 324
147, 322
148, 321
148, 318
149, 317
149, 314
150, 313
150, 310
151, 309
151, 307
152, 306
152, 303
153, 302
153, 299
154, 298
154, 295
155, 294
155, 291
156, 290
156, 287
157, 286
157, 284
158, 283
158, 280
159, 279
159, 276
160, 275
160, 273
161, 272
161, 269
162, 268
162, 265
163, 264
163, 262
164, 261
164, 258
165, 257
165, 255
166, 254
166, 251
167, 250
167, 248
168, 247
168, 245
169, 244
169, 241
170, 240
170, 238
171, 237
171, 235
172, 234
172, 232
173, 231
173, 229
174, 228
174, 226
175, 225
175, 223
176, 222
176, 220
177, 219
177, 218
178, 217
178, 215
179, 214
179, 213
180, 212
180, 210
181, 209
181, 208
182, 207
182, 206
183, 205
183, 204
184, 203
184, 202
186, 200
187, 201
187, 203
188, 204
188, 206
189, 207
189, 210
190, 211
190, 214
191, 215
191, 219
192, 220
192, 224
193, 225
193, 230
192, 231
192, 232
189, 235
189, 236
187, 238
187, 239
185, 241
185, 242
183, 244
183, 245
182, 246
182, 248
181, 249
181, 252
180, 253
180, 255
181, 256
183, 256
184, 255
185, 255
196, 244
197, 245
197, 246
198, 247
198, 248
199, 249
199, 250
201, 252
202, 252
203, 253
204, 252
205, 252
205, 251
206, 250
206, 247
207, 246
207, 242
208, 241
208, 237
209, 236
209, 230
210, 229
210, 224
211, 223
211, 220
212, 219
212, 218
213, 217
213, 216
214, 215
214, 214
215, 213
215, 212
217, 210
217, 209
218, 208
219, 208
226, 201
227, 201
234, 194
235, 194
242, 187
243, 187
244, 188
243, 189
243, 190
242, 191
242, 192
241, 193
241, 194
240, 195
240, 196
239, 197
239, 198
238, 199
238, 200
237, 201
237, 202
236, 203
236, 205
235, 206
235, 207
234, 208
234, 210
233, 211
233, 213
232, 214
232, 216
231, 217
231, 220
230, 221
230, 234
231, 235
231, 236
234, 239
237, 239
238, 240
240, 240
241, 239
245, 239
246, 238
248, 238
249, 237
250, 237
252, 235
253, 235
255, 233
256, 233
259, 230
260, 230
272, 218
272, 217
275, 214
275, 213
277, 211
277, 210
279, 208
279, 207
280, 206
280, 205
284, 201
285, 201
286, 200
287, 200
289, 198
290, 198
292, 196
293, 196
295, 194
296, 194
297, 195
297, 197
296, 198
296, 200
295, 201
295, 203
294, 204
294, 206
293, 207
293, 209
292, 210
292, 212
291, 213
291, 215
290, 216
290, 217
289, 218
289, 220
288, 221
288, 222
287, 223
287, 225
286, 226
286, 228
285, 229
285, 232
284, 233
284, 236
285, 237
286, 237
287, 236
287, 234
288, 233
288, 231
289, 230
289, 228
290, 227
290, 225
291, 224
291, 222
292, 221
292, 219
293, 218
293, 217
294, 216
294, 214
296, 212
296, 211
297, 210
297, 209
303, 203
304, 203
305, 202
309, 202
310, 203
314, 203
315, 204
320, 204
321, 203
322, 203
324, 205
323, 206
323, 210
322, 211
322, 216
321, 217
321, 233
322, 234
322, 236
324, 238
328, 238
329, 237
330, 237
331, 236
332, 236
335, 233
335, 232
340, 227
340, 226
343, 223
343, 222
346, 219
346, 218
348, 216
348, 215
350, 213
350, 212
353, 209
353, 208
355, 206
355, 205
357, 203
357, 202
359, 200
359, 199
360, 198
360, 197
362, 195
362, 194
363, 193
363, 192
365, 190
365, 189
366, 188
366, 187
367, 186
372, 186
373, 185
383, 185
384, 186
384, 188
383, 189
383, 197
382, 198
382, 206
380, 208
379, 208
377, 210
376, 210
375, 211
374, 211
372, 213
371, 213
369, 215
368, 215
366, 217
365, 217
363, 219
362, 219
360, 221
359, 221
357, 223
356, 223
352, 227
352, 228
351, 229
351, 230
350, 231
350, 241
351, 242
351, 245
352, 246
352, 248
353, 249
353, 252
354, 253
354, 255
355, 256
355, 259
356, 260
356, 262
357, 263
357, 265
358, 266
358, 268
359, 269
359, 272
360, 273
360, 275
361, 276
361, 279
362, 280
362, 283
363, 284
363, 285
364, 286
364, 287
367, 290
368, 290
369, 289
370, 289
371, 288
371, 287
372, 286
372, 285
373, 284
373, 283
374, 282
374, 281
375, 280
375, 279
376, 278
376, 276
377, 275
377, 273
378, 272
378, 269
379, 268
379, 265
380, 264
380, 261
381, 260
381, 255
382, 254
382, 246
383, 245
383, 223
384, 222
384, 209
386, 207
387, 207
389, 205
390, 205
391, 204
392, 204
394, 202
395, 202
396, 201
397, 201
399, 199
400, 199
401, 198
402, 198
404, 196
405, 196
406, 195
407, 195
409, 193
410, 193
412, 191
413, 191
414, 190
415, 190
417, 188
418, 188
420, 186
421, 186
422, 185
423, 185
424, 184
440, 184
441, 185
452, 185
453, 186
463, 186
463, 185
464, 184
462, 182
451, 182
450, 181
433, 181
432, 180
432, 179
434, 177
435, 177
436, 176
437, 176
439, 174
440, 174
442, 172
443, 172
444, 171
445, 171
447, 169
448, 169
450, 167
451, 167
452, 166
453, 166
454, 165
455, 165
458, 162
459, 162
461, 160
462, 160
463, 159
464, 159
465, 158
466, 158
467, 157
468, 157
469, 156
470, 156
472, 154
473, 154
474, 153
474, 152
475, 151
474, 150
473, 150
470, 153
469, 153
468, 154
467, 154
465, 156
464, 156
463, 157
462, 157
461, 158
460, 158
459, 159
458, 159
456, 161
455, 161
453, 163
452, 163
451, 164
450, 164
448, 166
447, 166
446, 167
445, 167
443, 169
442, 169
440, 171
439, 171
438, 172
437, 172
435, 174
434, 174
432, 176
431, 176
429, 178
428, 178
427, 179
426, 179
425, 180
424, 180
423, 181
388, 181
387, 180
387, 179
388, 178
388, 173
389, 172
389, 168
390, 167
390, 162
391, 161
391, 157
392, 156
392, 153
393, 152
393, 148
394, 147
394, 144
395, 143
395, 140
396, 139
396, 136
397, 135
397, 134
398, 133
398, 132
400, 130
400, 129
401, 128
401, 127
403, 125
403, 124
404, 123
404, 122
405, 121
405, 120
407, 118
407, 117
408, 116
408, 115
410, 113
410, 112
411, 111
411, 110
412, 109
412, 108
413, 107
413, 106
414, 105
414, 104
415, 103
415, 102
416, 101
416, 100
417, 99
417, 98
418, 97
418, 96
419, 95
419, 94
420, 93
420, 92
421, 91
421, 90
422, 89
422, 87
423, 86
423, 85
424, 84
424, 83
425, 82
425, 80
426, 79
426, 78
427, 77
427, 75
428, 74
428, 73
429, 72
429, 70
430, 69
430, 67
431, 66
431, 64
432, 63
432, 60
433, 59
433, 57
434, 56
434, 53
435, 52
435, 50
436, 49
436, 46
437, 45
437, 38
436, 37
436, 36
432, 36
426, 42
426, 43
425, 44
425, 45
423, 47
423, 48
422, 49
422, 50
421, 51
421, 52
420, 53
420, 54
419, 55
419, 56
418, 57
418, 58
417, 59
417, 61
416, 62
416, 64
415, 65
415, 66
414, 67
414, 69
413, 70
413, 72
412, 73
412, 74
411, 75
411, 77
410, 78
410, 80
409, 81
409, 83
408, 84
408, 86
407, 87
407, 89
406, 90
406, 92
405, 93
405, 95
404, 96
404, 99
403, 100
403, 102
402, 103
402, 106
401, 107
401, 109
400, 110
400, 113
399, 114
399, 116
398, 117
398, 120
397, 121
397, 124
396, 125
396, 127
395, 128
395, 131
394, 132
394, 134
393, 135
393, 136
392, 137
392, 138
391, 139
391, 140
389, 142
389, 143
388, 144
388, 145
386, 147
386, 148
385, 149
385, 150
383, 152
383, 153
381, 155
381, 156
380, 157
380, 158
379, 159
379, 160
377, 162
377, 163
375, 165
375, 166
374, 167
374, 168
373, 169
373, 170
372, 171
372, 172
371, 173
371, 174
369, 176
369, 177
368, 178
368, 179
365, 182
343, 182
342, 181
343, 180
343, 179
344, 178
344, 177
345, 176
345, 174
346, 173
346, 172
347, 171
347, 168
348, 167
348, 160
347, 159
347, 156
345, 154
341, 154
337, 158
337, 159
336, 160
336, 161
335, 162
335, 164
334, 165
334, 166
333, 167
333, 169
332, 170
332, 172
331, 173
331, 176
330, 177
330, 179
329, 180
329, 181
327, 183
320, 183
319, 182
310, 182
309, 181
312, 178
312, 177
314, 175
314, 174
316, 172
316, 171
318, 169
318, 168
319, 167
319, 166
320, 165
320, 163
321, 162
321, 157
319, 155
317, 155
312, 160
312, 161
310, 163
310, 164
309, 165
309, 166
308, 167
308, 168
307, 169
307, 170
306, 171
306, 172
305, 173
305, 175
304, 176
304, 177
303, 178
303, 180
301, 182
298, 182
297, 181
289, 181
287, 179
287, 176
286, 175
286, 173
285, 172
285, 171
281, 167
279, 167
278, 166
276, 166
275, 165
275, 157
274, 157
273, 156
270, 156
269, 157
268, 157
267, 158
266, 158
258, 166
258, 167
254, 171
254, 172
249, 177
228, 177
227, 176
227, 173
228, 172
228, 167
229, 166
229, 160
230, 159
230, 149
229, 148
229, 145
228, 144
228, 143
224, 139
224, 138
225, 137
225, 133
226, 132
226, 128
227, 127
227, 123
228, 122
228, 119
229, 118
229, 114
230, 113
230, 110
231, 109
231, 106
232, 105
232, 101
233, 100
233, 97
234, 96
234, 93
235, 92
235, 88
236, 87
236, 84
237, 83
237, 81
238, 80
238, 77
239, 76
239, 73
240, 72
240, 69
241, 68
241, 65
242, 64
242, 62
243, 61
243, 58
244, 57
244, 55
245, 54
245, 52
246, 51
246, 49
247, 48
247, 46
248, 45
248, 43
249, 42
249, 40
250, 39
250, 37
251, 36
251, 33
252, 32
252, 30
253, 29
253, 26
254, 25
254, 22
253, 22
252, 21
251, 22
250, 22
250, 24
249, 25
249, 28
248, 29
248, 31
247, 32
247, 34
246, 35
246, 38
245, 39
245, 41
244, 42
244, 44
243, 45
243, 47
242, 48
242, 50
241, 51
241, 53
240, 54
240, 55
239, 56
239, 58
238, 59
238, 61
237, 62
237, 63
236, 64
236, 66
235, 67
235, 69
234, 70
234, 71
233, 72
233, 74
232, 75
232, 76
231, 77
231, 79
230, 80
230, 82
229, 83
229, 84
228, 85
228, 87
227, 88
227, 89
226, 90
226, 92
225, 93
225, 95
224, 96
224, 97
223, 98
223, 100
222, 101
222, 102
221, 103
221, 105
220, 106
220, 107
219, 108
219, 110
218, 111
218, 113
217, 114
217, 115
216, 116
216, 118
215, 119
215, 120
214, 121
214, 123
213, 124
213, 125
212, 126
212, 128
211, 129
211, 130
210, 131
210, 133
209, 134
209, 135
208, 136
208, 137
207, 138
207, 140
206, 141
206, 142
205, 143
205, 144
204, 145
204, 147
203, 148
203, 149
202, 150
202, 152
201, 153
201, 154
200, 155
200, 156
199, 157
199, 159
197, 161
197, 162
189, 170
188, 170
184, 174
183, 174
182, 175
181, 175
180, 174
180, 169
181, 168
181, 167
180, 166
180, 161
179, 160
179, 159
175, 155
175, 153
172, 153
171, 154
168, 154
167, 153
167, 151
166, 150
166, 149
165, 149
164, 148
162, 148
161, 149
160, 149
151, 153
152, 152
152, 150
153, 149
153, 146
154, 145
154, 140
155, 139
155, 126
154, 125
154, 123
152, 121
152, 120
150, 118
149, 118
148, 117
147, 117
146, 116
139, 116
138, 117
136, 117
135, 118
134, 118
132, 120
131, 120
130, 121
129, 121
127, 123
126, 123
125, 124
124, 123
124, 121
125, 120
125, 119
126, 118
126, 117
127, 116
127, 115
128, 114
128, 113
129, 112
129, 111
130, 110
130, 109
131, 108
131, 107
132, 106
132, 105
133, 104
133, 103
134, 102
134, 101
135, 100
135, 99
136, 98
136, 97
137, 96
137, 95
138, 94
138, 93
139, 92
139, 91
140, 90
140, 88
141, 87
141, 86
142, 85
142, 84
143, 83
143, 81
144, 80
144, 79
145, 78
145, 77
146, 76
146, 74
147, 73
147, 72
148, 71
148, 69
149, 68
149, 67
150, 66
150, 64
151, 63
151, 62
152, 61
152, 59
153, 58
153, 57
154, 56
154, 54
155, 53
155, 51
156, 50
156, 49
157, 48
157, 46
158, 45
158, 43
159, 42
159, 39
160, 38
160, 35
161, 34
161, 29
162, 28
162, 23
161, 22
161, 19
160, 18
160, 17
159, 16
158, 16
157, 15
193, 235
194, 235
195, 236
195, 241
189, 247
189, 248
187, 250
186, 250
185, 251
184, 250
184, 248
185, 247
185, 246
186, 245
186, 244
188, 242
188, 241
190, 239
190, 238
203, 234
204, 233
205, 234
205, 238
204, 239
204, 243
203, 244
203, 245
202, 246
201, 245
201, 244
200, 243
200, 238
203, 235
206, 220
207, 221
207, 223
206, 224
206, 225
204, 227
204, 228
203, 229
203, 230
201, 232
201, 233
200, 234
199, 234
198, 233
198, 231
197, 230
198, 229
198, 228
379, 211
380, 211
381, 212
381, 239
380, 240
380, 250
379, 251
379, 257
378, 258
378, 262
377, 263
377, 266
376, 267
376, 270
375, 271
375, 273
374, 274
374, 276
373, 277
373, 278
372, 279
372, 280
371, 281
371, 282
370, 283
370, 284
368, 286
367, 286
365, 284
365, 282
364, 281
364, 278
363, 277
363, 274
362, 273
362, 270
361, 269
361, 267
360, 266
360, 264
359, 263
359, 261
358, 260
358, 258
357, 257
357, 254
356, 253
356, 251
355, 250
355, 247
354, 246
354, 244
353, 243
353, 240
352, 239
352, 234
353, 233
353, 231
354, 230
354, 229
358, 225
359, 225
362, 222
363, 222
365, 220
366, 220
368, 218
369, 218
371, 216
372, 216
374, 214
375, 214
376, 213
377, 213
63, 210
66, 207
129, 191
130, 191
131, 192
129, 194
129, 195
126, 198
126, 199
118, 207
117, 207
113, 211
112, 211
110, 213
109, 213
107, 215
106, 215
105, 216
104, 216
103, 217
112, 205
113, 205
119, 199
120, 199
125, 194
126, 194
247, 189
248, 190
248, 196
249, 197
249, 199
250, 200
250, 201
253, 204
254, 204
255, 205
256, 205
257, 206
263, 206
264, 207
266, 207
267, 206
272, 206
273, 205
276, 205
277, 206
276, 207
276, 208
274, 210
274, 211
271, 214
271, 215
257, 229
256, 229
253, 232
252, 232
250, 234
249, 234
248, 235
247, 235
246, 236
244, 236
243, 237
236, 237
233, 234
233, 232
232, 231
232, 224
233, 223
233, 219
234, 218
234, 216
235, 215
235, 213
236, 212
236, 210
237, 209
237, 208
238, 207
238, 205
239, 204
239, 203
240, 202
240, 201
241, 200
241, 199
242, 198
242, 197
243, 196
243, 195
244, 194
244, 193
245, 192
245, 191
138, 187
140, 189
140, 190
141, 191
142, 191
144, 193
146, 193
147, 194
152, 194
153, 193
156, 193
157, 192
159, 192
160, 191
162, 191
163, 190
164, 190
165, 191
164, 192
164, 193
163, 194
163, 196
162, 197
162, 198
161, 199
161, 201
160, 202
160, 205
159, 206
159, 209
158, 210
158, 211
157, 212
157, 213
148, 222
148, 223
145, 226
144, 226
138, 232
137, 232
135, 234
134, 234
132, 236
130, 236
129, 237
125, 237
123, 235
123, 234
122, 233
122, 222
123, 221
123, 218
124, 217
124, 215
125, 214
125, 212
126, 211
126, 209
127, 208
127, 207
128, 206
128, 204
129, 203
129, 202
130, 201
130, 200
131, 199
131, 198
132, 197
132, 196
133, 195
133, 194
135, 192
135, 191
136, 190
136, 189
340, 186
362, 186
363, 187
363, 188
362, 189
362, 190
360, 192
360, 193
359, 194
359, 195
357, 197
357, 198
355, 200
355, 201
353, 203
353, 204
351, 206
351, 207
349, 209
349, 210
347, 212
347, 213
344, 216
344, 217
342, 219
342, 220
339, 223
339, 224
335, 228
335, 229
330, 234
329, 234
328, 235
325, 235
324, 234
324, 232
323, 231
323, 222
324, 221
324, 214
325, 213
325, 209
326, 208
326, 204
327, 203
327, 201
335, 193
335, 192
338, 189
338, 188
332, 186
335, 187
334, 189
334, 190
329, 193
330, 189
330, 188
326, 186
327, 191
326, 192
326, 195
325, 196
325, 198
313, 201
312, 200
303, 200
302, 201
301, 201
299, 203
298, 200
299, 199
299, 197
300, 196
300, 194
301, 193
301, 191
302, 190
302, 189
170, 187
172, 187
171, 189
171, 190
170, 191
169, 187
177, 185
180, 188
180, 189
182, 191
182, 192
183, 193
183, 194
182, 195
182, 197
181, 198
181, 199
180, 200
180, 201
179, 202
179, 203
178, 204
178, 205
177, 206
177, 207
176, 208
176, 209
175, 210
175, 211
173, 213
173, 214
172, 215
172, 216
171, 217
171, 218
169, 220
169, 221
167, 223
167, 224
166, 225
166, 226
163, 229
163, 230
160, 233
159, 233
158, 232
158, 231
159, 230
159, 225
160, 224
160, 219
161, 218
161, 215
162, 214
162, 211
163, 210
163, 209
164, 208
164, 207
166, 205
166, 204
168, 202
168, 201
169, 200
169, 199
170, 198
170, 197
171, 196
171, 195
172, 194
172, 193
173, 192
173, 191
174, 190
174, 189
175, 188
175, 187
403, 185
404, 184
415, 184
416, 185
413, 188
412, 188
410, 190
409, 190
407, 192
406, 192
405, 193
404, 193
402, 195
401, 195
400, 196
399, 196
397, 198
396, 198
395, 199
394, 199
392, 201
391, 201
390, 202
389, 202
387, 204
386, 204
385, 203
385, 193
386, 192
386, 187
388, 185
287, 185
288, 184
290, 184
291, 185
299, 185
300, 186
294, 192
293, 192
290, 195
289, 195
287, 197
285, 197
284, 196
285, 195
285, 192
286, 191
286, 188
287, 187
255, 182
263, 182
264, 183
264, 184
263, 185
263, 188
264, 189
267, 186
267, 185
270, 182
271, 183
280, 183
281, 184
283, 184
284, 189
283, 190
283, 193
282, 194
282, 196
281, 197
281, 198
278, 201
277, 201
276, 202
275, 202
274, 203
271, 203
259, 204
258, 203
252, 199
252, 198
251, 197
251, 193
250, 192
251, 191
252, 187
252, 186
253, 185
253, 184
227, 180
232, 180
233, 181
243, 181
244, 182
240, 186
239, 186
232, 193
231, 193
224, 200
223, 200
221, 202
220, 201
220, 199
221, 198
221, 196
222, 195
222, 193
223, 192
223, 189
224, 188
224, 186
225, 185
225, 182
217, 181
218, 180
221, 180
223, 182
222, 183
222, 186
221, 187
221, 189
220, 190
220, 193
219, 194
219, 196
218, 197
218, 199
217, 200
217, 202
216, 203
216, 204
214, 206
213, 205
213, 204
214, 203
214, 198
215, 197
215, 191
216, 190
216, 185
217, 184
196, 179
197, 179
198, 180
212, 180
213, 181
213, 186
212, 187
212, 192
211, 193
211, 199
210, 200
210, 205
209, 206
209, 212
208, 213
208, 214
197, 225
196, 224
196, 221
195, 220
195, 217
194, 216
194, 212
193, 211
193, 208
192, 207
192, 204
191, 203
191, 201
190, 200
190, 198
189, 197
189, 196
188, 195
188, 193
189, 192
189, 191
190, 190
190, 189
191, 188
191, 187
192, 186
192, 184
193, 183
193, 182
188, 179
188, 181
188, 183
187, 184
187, 185
186, 186
186, 187
179, 181
147, 177
149, 176
150, 177
157, 177
158, 178
163, 178
164, 179
167, 179
168, 180
169, 180
171, 183
170, 184
169, 184
168, 185
167, 185
166, 186
165, 186
164, 187
163, 187
162, 188
161, 188
160, 189
158, 189
157, 190
155, 190
146, 191
145, 190
144, 190
141, 187
141, 186
140, 183
146, 177
97, 173
98, 174
98, 175
97, 176
97, 177
96, 178
96, 179
95, 180
95, 181
94, 182
94, 184
92, 186
92, 187
91, 188
91, 189
90, 190
90, 191
88, 193
88, 194
85, 197
85, 198
75, 208
75, 205
75, 204
79, 200
79, 199
81, 197
81, 196
84, 193
84, 192
86, 190
86, 189
88, 187
88, 186
90, 184
90, 183
92, 181
92, 180
94, 178
94, 177
95, 176
95, 175
191, 172
192, 174
189, 175
267, 170
268, 170
269, 171
269, 173
268, 174
268, 175
267, 176
267, 177
266, 178
260, 178
259, 177
259, 176
262, 173
263, 173
264, 172
265, 172
274, 169
283, 173
283, 174
284, 175
283, 180
278, 180
277, 179
270, 178
271, 177
271, 175
272, 174
272, 172
273, 171
161, 165
162, 164
163, 165
163, 166
162, 167
162, 172
160, 174
157, 174
156, 173
154, 173
153, 172
153, 171
154, 170
155, 170
160, 165
271, 161
272, 163
271, 164
271, 165
268, 167
267, 168
266, 168
265, 169
264, 169
263, 170
158, 161
159, 160
158, 164
157, 164
152, 169
151, 169
148, 172
147, 171
147, 169
151, 165
152, 165
155, 162
156, 162
157, 161
317, 159
318, 159
319, 160
318, 161
318, 163
317, 164
317, 165
316, 166
316, 167
315, 168
315, 169
313, 171
313, 172
310, 175
310, 176
307, 175
308, 174
308, 173
309, 172
309, 171
310, 170
310, 169
311, 168
311, 167
312, 166
312, 165
313, 164
313, 163
175, 159
177, 161
177, 162
178, 163
178, 171
177, 172
177, 174
176, 175
171, 175
170, 174
167, 174
166, 173
167, 172
167, 171
170, 168
170, 167
171, 166
171, 165
172, 164
172, 163
173, 162
173, 161
169, 159
171, 159
169, 163
169, 164
168, 165
168, 166
165, 167
165, 165
166, 164
167, 161
167, 160
168, 159
342, 157
343, 156
345, 158
345, 169
344, 170
344, 172
343, 173
343, 174
342, 175
342, 176
341, 177
341, 178
340, 179
340, 180
338, 182
337, 182
336, 183
333, 183
332, 182
332, 179
333, 178
333, 176
334, 175
334, 172
335, 171
335, 169
336, 168
336, 166
337, 165
337, 164
338, 163
338, 162
339, 161
339, 160
340, 159
340, 158
341, 157
163, 151
165, 154
161, 156
160, 157
159, 157
158, 158
157, 158
157, 156
157, 155
159, 153
160, 153
390, 147
391, 148
391, 149
390, 150
390, 154
389, 155
389, 159
388, 160
388, 164
387, 165
387, 169
386, 170
386, 175
385, 176
385, 180
384, 181
382, 181
381, 182
371, 182
370, 181
370, 180
371, 179
371, 178
372, 177
372, 176
373, 175
373, 174
375, 172
375, 171
376, 170
376, 169
377, 168
377, 167
379, 165
379, 164
380, 163
380, 162
382, 160
382, 159
383, 158
383, 157
384, 156
384, 155
386, 153
386, 152
388, 150
388, 149
218, 145
219, 146
219, 149
218, 150
218, 155
217, 156
217, 161
216, 162
216, 167
215, 168
215, 173
214, 174
214, 175
213, 176
198, 176
197, 175
197, 174
198, 173
198, 172
199, 171
199, 170
201, 168
201, 167
202, 166
202, 165
203, 164
203, 163
205, 161
205, 160
208, 157
208, 156
211, 153
211, 152
223, 145
224, 144
225, 144
226, 145
226, 146
227, 147
227, 163
226, 164
226, 169
225, 170
225, 174
224, 175
224, 176
223, 177
220, 177
218, 175
218, 172
219, 171
219, 166
220, 165
220, 160
221, 159
221, 154
222, 153
222, 149
223, 148
104, 145
105, 144
106, 144
107, 145
107, 146
106, 147
106, 150
105, 151
105, 153
104, 154
104, 155
103, 156
103, 157
102, 158
102, 159
100, 161
100, 162
99, 163
99, 164
97, 166
97, 167
96, 168
96, 169
95, 170
95, 171
93, 173
93, 174
92, 175
92, 176
90, 178
90, 179
88, 181
88, 182
87, 183
87, 184
85, 186
85, 187
82, 190
82, 191
80, 193
80, 194
77, 197
77, 198
74, 201
74, 202
71, 205
70, 204
70, 203
71, 202
71, 200
72, 199
72, 196
73, 195
73, 193
74, 192
74, 190
75, 189
75, 187
76, 186
76, 184
77, 183
77, 182
79, 180
79, 179
80, 178
80, 177
82, 175
82, 174
84, 172
84, 171
86, 169
86, 168
88, 166
88, 165
91, 162
91, 161
95, 157
95, 156
99, 152
99, 151
104, 146
70, 124
68, 125
107, 112
108, 111
109, 111
111, 113
111, 127
110, 128
110, 133
109, 134
109, 136
107, 138
107, 139
98, 148
98, 149
94, 153
94, 154
90, 158
90, 159
87, 162
87, 163
85, 165
85, 166
83, 168
82, 167
82, 165
83, 164
83, 161
84, 160
84, 158
85, 157
85, 155
86, 154
86, 152
87, 151
87, 148
88, 147
88, 145
89, 144
89, 142
90, 141
90, 139
91, 138
91, 136
92, 135
92, 132
93, 131
93, 129
94, 128
94, 126
95, 125
95, 123
96, 122
96, 121
97, 120
97, 119
100, 116
101, 116
104, 113
105, 113
106, 112
227, 99
228, 98
229, 99
229, 101
228, 102
228, 106
227, 107
227, 110
226, 111
226, 114
225, 115
225, 119
224, 120
224, 123
223, 124
223, 128
222, 129
222, 133
221, 134
221, 138
220, 139
220, 140
218, 142
217, 142
216, 143
211, 143
210, 142
210, 141
211, 140
211, 139
212, 138
212, 136
213, 135
213, 134
214, 133
214, 131
215, 130
215, 129
216, 128
216, 126
217, 125
217, 124
218, 123
218, 121
219, 120
219, 119
220, 118
220, 116
221, 115
221, 114
222, 113
222, 111
223, 110
223, 109
224, 108
224, 106
225, 105
225, 104
226, 103
226, 101
227, 100
99, 96
101, 99
100, 100
100, 102
99, 103
99, 105
98, 106
98, 108
97, 109
97, 111
96, 112
96, 114
95, 115
95, 116
92, 119
91, 118
91, 116
92, 115
92, 114
93, 113
93, 111
94, 110
94, 109
95, 108
95, 106
96, 105
96, 104
97, 103
97, 101
98, 100
98, 98
99, 97
100, 93
102, 95
101, 90
103, 92
73, 88
74, 87
75, 91
74, 92
74, 94
73, 95
73, 97
72, 98
72, 100
71, 101
71, 104
70, 105
70, 107
69, 108
69, 110
68, 111
68, 113
67, 114
67, 117
66, 118
66, 120
65, 121
65, 123
64, 124
64, 126
63, 127
63, 130
62, 131
62, 133
61, 134
61, 136
60, 137
60, 139
59, 140
59, 143
58, 144
58, 146
57, 147
57, 150
56, 151
56, 153
55, 154
55, 157
54, 158
54, 160
53, 161
53, 164
52, 165
52, 167
51, 168
51, 171
50, 172
50, 175
49, 176
49, 178
48, 179
48, 182
47, 183
47, 185
46, 186
46, 188
45, 189
45, 192
44, 193
44, 195
43, 196
43, 198
42, 199
42, 202
41, 203
41, 205
40, 206
40, 208
39, 209
39, 211
38, 212
38, 214
37, 215
37, 216
36, 217
36, 219
35, 220
35, 221
34, 222
34, 224
33, 225
33, 226
32, 227
32, 229
31, 230
31, 231
30, 232
30, 233
29, 234
29, 235
26, 238
25, 237
25, 230
26, 229
26, 224
27, 223
27, 219
28, 218
28, 214
29, 213
29, 210
30, 209
30, 206
31, 205
31, 203
32, 202
32, 199
33, 198
33, 196
34, 195
34, 192
35, 191
35, 189
36, 188
36, 186
37, 185
37, 182
38, 181
38, 179
39, 178
39, 175
40, 174
40, 172
41, 171
41, 168
42, 167
42, 165
43, 164
43, 161
44, 160
44, 158
45, 157
45, 155
46, 154
46, 152
47, 151
47, 149
48, 148
48, 146
49, 145
49, 143
50, 142
50, 140
51, 139
51, 137
52, 136
52, 135
53, 134
53, 132
54, 131
54, 129
55, 128
55, 127
56, 126
56, 125
57, 124
57, 122
58, 121
58, 120
59, 119
59, 117
60, 116
60, 115
61, 114
61, 113
62, 112
62, 110
63, 109
63, 108
64, 107
64, 106
65, 105
65, 104
66, 103
66, 102
67, 101
67, 99
68, 98
68, 97
69, 96
69, 95
70, 94
70, 93
71, 92
71, 91
73, 89
102, 87
104, 89
76, 86
74, 87
103, 84
105, 86
104, 81
106, 83
105, 78
107, 80
106, 75
108, 77
103, 68
104, 69
104, 71
103, 72
103, 74
102, 75
102, 77
101, 78
101, 80
100, 81
100, 83
99, 84
99, 86
98, 87
98, 89
97, 90
97, 92
96, 93
96, 95
95, 96
95, 97
94, 98
94, 100
93, 101
93, 103
92, 104
92, 105
91, 106
91, 108
90, 109
90, 110
89, 111
89, 113
88, 114
88, 115
87, 116
87, 117
86, 118
86, 119
85, 120
85, 122
84, 123
84, 124
83, 125
83, 126
82, 127
82, 128
81, 129
81, 130
80, 131
80, 132
78, 134
78, 135
77, 136
77, 137
74, 140
74, 141
72, 143
72, 144
70, 146
70, 147
69, 148
69, 149
67, 151
67, 152
66, 153
66, 154
65, 155
65, 157
64, 158
64, 159
65, 160
67, 160
70, 157
70, 156
72, 154
72, 153
74, 151
74, 150
75, 149
75, 148
76, 147
76, 146
77, 145
77, 144
79, 142
79, 141
80, 140
80, 139
82, 137
82, 136
84, 134
84, 133
90, 127
91, 128
91, 129
90, 130
90, 133
89, 134
89, 136
88, 137
88, 139
87, 140
87, 142
86, 143
86, 145
85, 146
85, 149
84, 150
84, 152
83, 153
83, 155
82, 156
82, 158
81, 159
81, 162
80, 163
80, 165
79, 166
79, 168
78, 169
78, 171
77, 172
77, 174
76, 175
76, 177
75, 178
75, 180
74, 181
74, 182
73, 183
73, 184
72, 185
72, 186
71, 187
71, 188
70, 189
70, 190
68, 192
68, 193
67, 194
67, 195
66, 196
66, 197
65, 198
65, 199
64, 200
64, 201
63, 202
63, 203
62, 204
62, 206
61, 207
61, 210
60, 211
60, 215
58, 217
52, 217
51, 216
51, 213
55, 209
55, 208
56, 207
56, 206
57, 205
55, 203
54, 204
53, 204
53, 205
49, 209
49, 210
48, 211
48, 213
47, 214
47, 217
48, 218
48, 219
49, 220
50, 220
51, 221
57, 221
58, 220
60, 220
61, 221
61, 222
60, 223
60, 225
59, 226
59, 227
58, 228
58, 230
57, 231
57, 233
56, 234
56, 235
55, 236
55, 238
54, 239
54, 240
53, 241
53, 243
52, 244
52, 245
51, 246
51, 247
50, 248
50, 249
49, 250
49, 252
48, 253
48, 254
47, 255
47, 256
46, 257
46, 258
45, 259
45, 260
43, 262
43, 263
39, 267
37, 265
37, 244
38, 243
38, 238
39, 237
39, 232
40, 231
40, 227
41, 226
41, 222
42, 221
42, 218
43, 217
43, 214
44, 213
44, 210
45, 209
45, 206
46, 205
46, 202
47, 201
47, 198
48, 197
48, 195
49, 194
49, 191
50, 190
50, 188
51, 187
51, 184
52, 183
52, 181
53, 180
53, 178
54, 177
54, 175
55, 174
55, 171
56, 170
56, 168
57, 167
57, 165
58, 164
58, 162
59, 161
59, 160
60, 159
60, 157
61, 156
61, 154
62, 153
62, 151
63, 150
63, 148
64, 147
64, 146
65, 145
65, 143
66, 142
66, 141
67, 140
67, 138
68, 137
68, 136
69, 135
69, 133
70, 132
70, 131
71, 130
71, 128
72, 127
72, 126
73, 125
73, 123
74, 122
74, 121
75, 120
75, 119
76, 118
76, 117
77, 116
77, 114
78, 113
78, 112
79, 111
79, 110
80, 109
80, 108
81, 107
81, 106
82, 105
82, 104
83, 103
83, 102
84, 101
84, 100
85, 99
85, 98
86, 97
86, 96
87, 95
87, 94
88, 93
88, 92
89, 91
89, 90
90, 89
90, 88
92, 86
92, 85
93, 84
93, 83
95, 81
95, 80
96, 79
96, 78
98, 76
98, 75
99, 74
99, 73
101, 71
101, 70
118, 51
117, 52
117, 53
116, 54
116, 56
115, 57
115, 58
114, 59
114, 61
113, 62
113, 64
112, 65
112, 66
111, 67
111, 69
110, 70
110, 72
109, 73
109, 74
107, 72
108, 71
108, 68
109, 67
109, 64
110, 63
110, 59
111, 58
111, 56
112, 55
112, 54
114, 52
114, 51
103, 49
104, 48
106, 48
107, 49
107, 57
105, 59
105, 60
103, 62
103, 63
101, 65
101, 66
99, 68
99, 69
98, 70
98, 71
96, 73
96, 74
95, 75
95, 76
93, 78
93, 79
92, 80
92, 81
90, 83
90, 84
89, 85
89, 86
87, 88
87, 89
86, 90
86, 91
85, 92
85, 93
84, 94
84, 95
83, 96
83, 97
82, 98
82, 99
81, 100
81, 101
80, 102
80, 103
79, 104
79, 105
78, 106
78, 107
77, 108
77, 109
76, 110
76, 111
75, 112
75, 114
74, 115
74, 116
73, 117
73, 118
72, 119
72, 121
71, 122
71, 123
70, 124
69, 120
70, 119
70, 117
71, 116
71, 114
72, 113
72, 111
73, 110
73, 107
74, 106
74, 104
75, 103
75, 101
76, 100
76, 98
77, 97
77, 94
78, 93
78, 91
79, 90
79, 88
80, 87
80, 85
81, 84
81, 81
82, 80
82, 78
83, 77
83, 75
84, 74
84, 72
85, 71
85, 69
86, 68
86, 67
87, 66
87, 65
90, 62
90, 61
102, 49
432, 39
433, 39
435, 41
435, 42
434, 43
434, 46
433, 47
433, 50
432, 51
432, 54
431, 55
431, 57
430, 58
430, 60
429, 61
429, 64
428, 65
428, 67
427, 68
427, 70
426, 71
426, 72
425, 73
425, 75
424, 76
424, 77
423, 78
423, 80
422, 81
422, 82
421, 83
421, 85
420, 86
420, 87
419, 88
419, 89
418, 90
418, 91
417, 92
417, 94
416, 95
416, 96
415, 97
415, 98
414, 99
414, 100
413, 101
413, 102
412, 103
412, 104
410, 106
410, 107
409, 108
409, 109
408, 110
408, 111
407, 112
407, 113
405, 115
405, 116
404, 117
404, 118
401, 116
402, 115
402, 112
403, 111
403, 109
404, 108
404, 105
405, 104
405, 102
406, 101
406, 99
407, 98
407, 95
408, 94
408, 92
409, 91
409, 89
410, 88
410, 86
411, 85
411, 83
412, 82
412, 80
413, 79
413, 77
414, 76
414, 75
415, 74
415, 72
416, 71
416, 69
417, 68
417, 66
418, 65
418, 64
419, 63
419, 61
420, 60
420, 59
421, 58
421, 57
422, 56
422, 55
423, 54
423, 53
424, 52
424, 51
425, 50
425, 49
426, 48
426, 47
428, 45
428, 44
430, 42
430, 41
153, 18
154, 17
155, 18
157, 18
158, 19
158, 20
159, 21
159, 31
158, 32
158, 36
157, 37
157, 40
156, 41
156, 43
155, 44
155, 46
154, 47
154, 48
153, 49
153, 51
152, 52
152, 54
151, 55
151, 57
150, 58
150, 59
149, 60
149, 61
148, 62
148, 64
147, 65
147, 67
146, 68
146, 69
145, 70
145, 72
144, 73
144, 74
143, 75
143, 76
142, 77
142, 79
141, 80
141, 81
140, 82
140, 83
139, 84
139, 85
138, 86
138, 88
137, 89
137, 90
136, 91
136, 92
135, 93
135, 94
134, 95
134, 96
133, 97
133, 98
132, 99
132, 101
131, 102
131, 103
130, 104
130, 105
129, 106
129, 107
128, 108
128, 109
127, 110
127, 111
126, 112
126, 113
125, 114
125, 115
124, 116
124, 117
123, 118
123, 119
122, 120
122, 121
121, 122
121, 123
119, 125
119, 126
118, 127
118, 128
115, 131
114, 130
114, 126
115, 125
115, 114
114, 113
114, 110
112, 108
106, 108
105, 109
104, 109
103, 110
102, 110
101, 111
100, 110
100, 108
101, 107
101, 105
102, 104
102, 102
103, 101
103, 99
104, 98
104, 95
105, 94
105, 92
106, 91
106, 89
107, 88
107, 86
108, 85
108, 83
109, 82
109, 80
110, 79
110, 77
111, 76
111, 75
112, 74
112, 72
113, 71
113, 69
114, 68
114, 67
117, 64
117, 63
118, 62
118, 61
119, 60
119, 57
120, 56
120, 54
121, 53
121, 51
122, 50
122, 48
123, 47
123, 45
124, 44
124, 42
125, 41
125, 39
127, 37
127, 36
138, 25
139, 25
142, 22
143, 22
145, 20
146, 20
147, 19
149, 19
150, 18
