0, 371
2, 373
4, 375
4, 373
6, 371
80, 371
82, 373
82, 375
84, 375
84, 373
86, 371
160, 371
162, 373
162, 375
164, 375
164, 373
166, 371
241, 371
243, 373
243, 375
245, 375
245, 373
247, 371
321, 371
323, 373
323, 375
325, 375
325, 373
327, 371
401, 371
403, 373
403, 375
405, 375
405, 373
407, 371
481, 371
483, 373
483, 375
4, 2
484, 4
482, 369
2, 367
179, 15
178, 16
176, 16
175, 17
174, 17
173, 18
172, 18
170, 20
169, 20
168, 21
167, 21
164, 24
163, 24
159, 28
158, 28
147, 39
146, 39
137, 48
137, 49
125, 61
125, 62
117, 70
116, 69
116, 68
117, 67
117, 63
118, 62
118, 57
119, 56
119, 48
118, 47
118, 46
117, 45
115, 45
112, 48
112, 50
111, 51
111, 52
110, 53
110, 58
113, 58
114, 59
114, 60
113, 61
113, 65
112, 66
112, 69
111, 70
111, 73
110, 74
110, 77
109, 78
109, 80
108, 81
108, 82
105, 85
104, 84
104, 83
105, 82
105, 79
104, 78
102, 78
102, 80
101, 81
101, 86
100, 87
100, 90
99, 91
99, 93
96, 96
96, 97
93, 100
93, 101
91, 103
91, 104
88, 107
88, 108
86, 110
86, 111
84, 113
84, 114
82, 116
82, 117
80, 119
80, 120
79, 121
79, 122
77, 124
77, 125
76, 126
76, 127
74, 129
74, 130
73, 131
73, 132
72, 133
72, 134
70, 136
70, 137
69, 138
69, 139
68, 140
68, 141
67, 142
67, 143
66, 144
66, 145
65, 146
65, 147
64, 148
64, 149
63, 150
63, 151
62, 152
62, 153
61, 154
61, 156
60, 157
60, 158
59, 159
59, 160
58, 161
58, 162
57, 163
57, 165
56, 166
56, 167
55, 168
55, 170
54, 171
54, 172
53, 173
53, 175
52, 176
52, 178
51, 179
51, 180
50, 181
50, 183
49, 184
49, 186
48, 187
48, 189
47, 190
47, 192
46, 193
46, 195
45, 196
45, 198
44, 199
44, 201
43, 202
43, 204
42, 205
42, 207
41, 208
41, 211
40, 212
40, 214
39, 215
39, 217
38, 218
38, 221
37, 222
37, 224
36, 225
36, 228
35, 229
35, 232
34, 233
34, 236
33, 237
33, 240
32, 241
32, 244
31, 245
31, 248
30, 249
30, 252
29, 253
29, 257
28, 258
28, 262
27, 263
27, 267
26, 268
26, 273
25, 274
25, 279
24, 280
24, 286
23, 287
23, 295
22, 296
22, 305
21, 306
21, 340
22, 341
22, 346
23, 347
23, 349
24, 350
24, 351
25, 352
25, 353
26, 354
27, 354
28, 355
30, 355
31, 354
32, 354
35, 351
35, 350
36, 349
36, 348
38, 346
38, 345
39, 344
39, 343
40, 342
40, 340
41, 339
41, 338
42, 337
42, 336
43, 335
43, 333
44, 332
44, 331
45, 330
45, 328
46, 327
46, 326
47, 325
47, 323
48, 322
48, 320
49, 319
49, 317
50, 316
50, 314
51, 313
51, 311
52, 310
52, 308
53, 307
53, 305
54, 304
54, 302
55, 301
55, 299
56, 298
56, 296
57, 295
57, 293
58, 292
58, 289
59, 288
59, 286
60, 285
60, 282
61, 281
61, 279
62, 278
62, 276
63, 275
63, 272
64, 271
64, 269
65, 268
65, 265
66, 264
66, 263
67, 262
69, 264
71, 264
72, 263
73, 263
77, 259
78, 259
97, 240
97, 239
101, 235
101, 234
105, 230
105, 229
107, 227
107, 226
109, 224
109, 223
111, 221
111, 220
112, 219
112, 218
114, 216
114, 215
115, 214
115, 213
116, 212
116, 211
117, 210
117, 209
118, 208
118, 207
119, 206
119, 205
120, 204
120, 203
121, 202
121, 200
122, 199
122, 197
123, 196
123, 194
124, 193
124, 191
125, 190
125, 187
126, 186
126, 183
127, 182
127, 179
128, 178
128, 173
129, 172
129, 165
130, 164
130, 158
131, 157
131, 156
132, 155
132, 154
133, 153
133, 152
134, 151
134, 150
135, 149
135, 148
136, 147
136, 146
137, 145
137, 144
138, 143
138, 142
139, 141
139, 140
140, 139
140, 138
141, 137
141, 136
142, 135
142, 134
143, 133
143, 132
144, 131
144, 130
145, 129
145, 128
146, 127
146, 126
147, 125
147, 124
148, 123
148, 122
150, 120
150, 119
151, 118
151, 117
152, 116
152, 115
156, 111
157, 111
159, 109
160, 109
162, 107
163, 107
164, 106
165, 106
166, 105
167, 105
168, 104
169, 104
170, 103
173, 103
174, 102
179, 102
182, 105
182, 106
183, 107
183, 111
182, 112
182, 117
181, 118
181, 121
180, 122
180, 125
179, 126
179, 128
178, 129
178, 132
177, 133
177, 135
176, 136
176, 138
175, 139
175, 141
174, 142
174, 143
173, 144
173, 146
172, 147
172, 149
171, 150
171, 151
170, 152
170, 154
169, 155
169, 157
168, 158
168, 159
167, 160
167, 161
166, 162
166, 164
165, 165
165, 166
164, 167
164, 169
163, 170
163, 171
162, 172
162, 173
161, 174
161, 175
160, 176
160, 178
159, 179
159, 180
158, 181
158, 182
157, 183
157, 184
156, 185
156, 186
155, 187
155, 189
154, 190
154, 191
153, 192
153, 193
152, 194
152, 195
151, 196
151, 197
150, 198
150, 199
149, 200
149, 201
144, 206
143, 206
141, 208
140, 208
137, 211
136, 211
133, 214
132, 214
127, 219
126, 219
118, 227
117, 227
105, 239
105, 240
97, 248
97, 249
94, 252
94, 253
91, 256
91, 257
88, 260
88, 261
86, 263
86, 264
85, 265
85, 266
84, 267
84, 268
83, 269
83, 270
82, 271
82, 272
81, 273
81, 275
80, 276
80, 279
79, 280
79, 289
80, 290
80, 291
84, 295
89, 295
90, 294
92, 294
94, 292
95, 292
97, 290
98, 290
110, 278
110, 277
114, 273
114, 272
117, 269
117, 268
120, 265
120, 264
122, 262
122, 261
123, 260
123, 259
125, 257
125, 256
126, 255
126, 254
128, 252
128, 251
129, 250
129, 249
131, 247
132, 248
132, 252
131, 253
131, 262
132, 263
132, 268
133, 269
133, 271
134, 272
134, 274
136, 276
136, 277
138, 279
139, 279
140, 280
141, 280
142, 281
149, 281
150, 280
151, 280
152, 279
153, 279
154, 278
160, 278
165, 273
165, 272
167, 270
167, 269
169, 267
169, 266
171, 264
171, 263
174, 260
174, 259
177, 256
177, 255
179, 253
179, 252
182, 249
182, 248
184, 246
184, 245
185, 244
185, 243
187, 241
187, 240
188, 239
188, 238
189, 237
189, 236
190, 235
190, 234
191, 233
191, 232
192, 231
192, 230
193, 229
193, 228
195, 226
196, 226
197, 227
197, 228
196, 229
196, 230
195, 231
195, 233
194, 234
194, 236
193, 237
193, 238
192, 239
192, 241
191, 242
191, 244
190, 245
190, 247
189, 248
189, 250
188, 251
188, 252
187, 253
187, 255
186, 256
186, 258
185, 259
185, 261
184, 262
184, 264
183, 265
183, 267
182, 268
182, 270
181, 271
181, 274
180, 275
180, 277
179, 278
179, 280
178, 281
178, 284
177, 285
177, 287
176, 288
176, 290
175, 291
175, 294
174, 295
174, 297
173, 298
173, 301
172, 302
172, 305
171, 306
171, 308
170, 309
170, 312
169, 313
169, 315
168, 316
168, 319
167, 320
167, 322
166, 323
166, 326
165, 327
165, 329
164, 330
164, 333
163, 334
163, 337
162, 338
162, 341
161, 342
161, 345
160, 346
160, 350
159, 351
160, 352
160, 353
163, 353
164, 352
164, 350
165, 349
165, 346
166, 345
166, 343
167, 342
167, 340
168, 339
168, 337
169, 336
169, 334
170, 333
170, 331
171, 330
171, 328
172, 327
172, 324
173, 323
173, 321
174, 320
174, 318
175, 317
175, 315
176, 314
176, 312
177, 311
177, 309
178, 308
178, 306
179, 305
179, 303
180, 302
180, 300
181, 299
181, 297
182, 296
182, 294
183, 293
183, 292
184, 291
184, 289
185, 288
185, 286
186, 285
186, 283
187, 282
187, 280
188, 279
188, 277
189, 276
190, 276
192, 278
195, 278
196, 277
198, 277
199, 276
201, 276
202, 275
203, 275
204, 274
205, 274
206, 273
207, 273
209, 271
210, 271
213, 268
214, 268
220, 262
221, 262
225, 258
225, 257
231, 251
231, 250
234, 247
234, 246
236, 244
236, 243
238, 241
238, 240
239, 239
239, 238
240, 237
240, 235
241, 234
241, 233
242, 232
242, 230
243, 229
243, 228
244, 227
244, 224
248, 220
249, 220
253, 216
254, 216
256, 214
257, 215
257, 217
256, 218
256, 219
255, 220
255, 221
254, 222
254, 223
253, 224
253, 225
252, 226
252, 227
251, 228
251, 229
250, 230
250, 231
249, 232
249, 234
248, 235
248, 236
247, 237
247, 238
246, 239
246, 241
245, 242
245, 244
244, 245
244, 246
243, 247
243, 249
242, 250
242, 253
241, 254
241, 256
240, 257
240, 263
239, 264
239, 266
240, 267
240, 270
242, 272
243, 272
244, 273
247, 273
248, 272
249, 272
250, 271
251, 271
253, 269
254, 269
258, 265
259, 265
266, 258
267, 258
274, 251
274, 250
280, 244
280, 243
282, 241
282, 240
284, 238
284, 237
286, 235
286, 234
288, 232
289, 232
290, 231
291, 231
292, 230
293, 230
294, 229
295, 229
297, 227
298, 227
300, 225
301, 225
302, 224
303, 225
303, 227
302, 228
302, 230
301, 231
301, 233
300, 234
300, 236
299, 237
299, 239
298, 240
298, 241
297, 242
297, 244
296, 245
296, 246
295, 247
295, 248
294, 249
294, 250
293, 251
293, 252
292, 253
292, 254
291, 255
291, 257
290, 258
290, 260
289, 261
289, 263
288, 264
288, 267
287, 268
287, 271
288, 272
290, 272
292, 270
292, 269
293, 268
293, 266
294, 265
294, 264
295, 263
295, 261
296, 260
296, 259
297, 258
297, 256
298, 255
298, 253
299, 252
299, 250
300, 249
300, 248
301, 247
301, 245
302, 244
302, 243
303, 242
303, 241
304, 240
304, 239
305, 238
307, 238
308, 239
309, 239
310, 240
311, 240
312, 241
318, 241
319, 240
321, 240
322, 239
323, 239
324, 238
325, 238
326, 237
327, 237
328, 238
327, 239
327, 242
326, 243
326, 246
325, 247
325, 250
324, 251
324, 253
323, 254
323, 257
322, 258
322, 261
321, 262
321, 266
320, 267
320, 274
319, 275
320, 276
320, 279
321, 280
321, 281
322, 282
323, 282
324, 283
327, 283
328, 282
329, 282
331, 280
332, 280
333, 279
334, 279
335, 280
335, 283
336, 284
336, 286
337, 287
337, 290
338, 291
338, 293
339, 294
339, 296
340, 297
340, 299
341, 300
341, 302
342, 303
342, 305
343, 306
343, 307
344, 308
344, 310
345, 311
345, 312
346, 313
346, 314
349, 317
350, 317
351, 318
353, 318
354, 317
355, 317
358, 314
358, 313
359, 312
359, 311
360, 310
360, 308
361, 307
361, 304
362, 303
362, 300
363, 299
363, 295
364, 294
364, 290
365, 289
365, 284
366, 283
366, 279
367, 278
367, 275
368, 274
368, 270
369, 269
369, 266
370, 265
370, 261
371, 260
371, 257
372, 256
372, 252
373, 251
373, 247
374, 246
374, 245
375, 244
376, 244
377, 243
379, 243
380, 242
381, 242
382, 241
383, 241
384, 240
385, 240
386, 239
388, 239
389, 238
390, 238
391, 237
392, 237
393, 236
394, 236
396, 234
397, 234
398, 233
399, 233
400, 232
401, 232
402, 231
403, 231
405, 229
406, 229
407, 228
408, 228
409, 227
410, 227
412, 225
413, 225
414, 224
415, 224
417, 222
418, 222
420, 220
421, 220
423, 218
424, 218
425, 217
426, 217
427, 218
430, 218
431, 217
431, 216
433, 214
433, 213
441, 205
442, 205
446, 201
447, 201
450, 198
451, 198
455, 194
456, 194
458, 192
459, 192
464, 187
464, 185
463, 184
459, 184
458, 185
457, 185
455, 187
454, 187
451, 190
450, 190
445, 195
444, 195
432, 207
431, 207
428, 210
427, 210
424, 213
423, 213
421, 215
420, 215
418, 217
417, 217
416, 218
415, 218
413, 220
412, 220
410, 222
409, 222
408, 223
407, 223
406, 224
405, 224
403, 226
402, 226
401, 227
400, 227
399, 228
398, 228
396, 230
395, 230
394, 231
393, 231
392, 232
391, 232
390, 233
389, 233
388, 234
387, 234
386, 235
385, 235
384, 236
383, 236
382, 237
380, 237
379, 238
378, 238
377, 239
376, 238
376, 233
377, 232
377, 228
378, 227
378, 222
379, 221
379, 217
380, 216
380, 212
381, 211
381, 208
382, 207
382, 203
383, 202
383, 199
384, 198
384, 196
385, 195
385, 194
386, 193
400, 193
401, 192
409, 192
409, 189
395, 189
394, 190
391, 190
389, 188
389, 186
391, 184
391, 183
392, 182
392, 181
393, 180
393, 179
394, 178
394, 177
395, 176
395, 175
397, 173
397, 172
398, 171
398, 170
399, 169
399, 168
400, 167
400, 166
401, 165
401, 164
403, 162
403, 161
404, 160
404, 159
405, 158
405, 157
407, 155
407, 154
408, 153
408, 152
409, 151
409, 150
410, 149
410, 148
412, 146
412, 145
413, 144
413, 143
414, 142
414, 141
415, 140
415, 139
416, 138
416, 137
417, 136
417, 135
418, 134
418, 132
419, 131
419, 130
420, 129
420, 127
421, 126
421, 122
422, 121
422, 116
421, 115
421, 109
420, 108
420, 104
419, 103
419, 102
416, 102
415, 103
415, 104
414, 105
414, 107
413, 108
413, 110
412, 111
412, 112
411, 113
411, 114
410, 115
410, 117
409, 118
409, 119
408, 120
408, 121
407, 122
407, 124
406, 125
406, 126
405, 127
405, 129
404, 130
404, 131
403, 132
403, 133
402, 134
402, 136
401, 137
401, 138
400, 139
400, 140
399, 141
399, 143
398, 144
398, 145
397, 146
397, 148
396, 149
396, 150
395, 151
395, 153
394, 154
394, 156
393, 157
393, 158
392, 159
392, 161
391, 162
391, 164
390, 165
390, 167
389, 168
389, 170
388, 171
388, 172
387, 173
387, 175
386, 176
386, 178
385, 179
385, 181
384, 182
384, 184
383, 185
383, 186
381, 188
377, 188
376, 187
355, 187
353, 185
348, 185
344, 189
341, 189
340, 190
334, 190
333, 191
331, 191
330, 190
330, 186
331, 185
331, 182
330, 181
330, 179
329, 179
328, 178
327, 178
326, 179
324, 179
321, 182
321, 183
319, 185
319, 186
317, 188
317, 189
316, 190
316, 191
314, 193
308, 193
307, 194
297, 194
294, 191
292, 191
291, 190
289, 190
288, 189
288, 186
287, 185
287, 184
286, 183
285, 183
284, 182
283, 182
282, 183
280, 183
271, 192
271, 193
267, 197
265, 197
264, 198
254, 198
253, 199
248, 199
247, 198
247, 193
246, 192
246, 189
245, 188
245, 186
244, 185
244, 184
243, 183
243, 182
239, 178
238, 178
237, 177
232, 177
231, 178
229, 178
228, 179
227, 179
223, 183
222, 183
221, 182
221, 180
222, 179
222, 174
223, 173
223, 168
224, 167
224, 163
225, 162
225, 157
226, 156
226, 152
227, 151
227, 147
228, 146
228, 142
229, 141
229, 138
230, 137
230, 133
231, 132
231, 129
232, 128
232, 125
233, 124
233, 122
234, 121
234, 119
235, 118
235, 117
236, 116
236, 114
237, 113
237, 112
238, 111
238, 109
239, 108
239, 107
240, 106
240, 104
241, 103
241, 101
242, 100
242, 99
243, 98
243, 96
244, 95
244, 94
245, 93
245, 91
246, 90
246, 88
247, 87
247, 86
248, 85
248, 83
249, 82
249, 80
250, 79
250, 77
251, 76
251, 74
252, 73
252, 71
253, 70
253, 69
254, 68
254, 66
255, 65
255, 62
256, 61
256, 59
257, 58
257, 55
256, 54
254, 54
252, 56
252, 57
250, 59
250, 60
249, 61
249, 62
248, 63
248, 65
247, 66
247, 67
246, 68
246, 70
245, 71
245, 73
244, 74
244, 75
243, 76
243, 78
242, 79
242, 81
241, 82
241, 84
240, 85
240, 86
239, 87
239, 89
238, 90
238, 92
237, 93
237, 95
236, 96
236, 98
235, 99
235, 102
234, 103
234, 105
233, 106
233, 109
232, 110
232, 112
231, 113
231, 116
230, 117
230, 120
229, 121
229, 123
228, 124
228, 126
227, 127
227, 128
226, 129
226, 131
225, 132
225, 133
224, 134
224, 135
223, 136
223, 138
222, 139
222, 140
221, 141
221, 143
220, 144
220, 145
219, 146
219, 148
218, 149
218, 150
217, 151
217, 153
216, 154
216, 155
215, 156
215, 158
214, 159
214, 160
213, 161
213, 162
212, 163
212, 165
211, 166
211, 167
210, 168
210, 170
209, 171
209, 172
208, 173
208, 174
207, 175
207, 177
206, 178
206, 179
205, 180
205, 181
204, 182
204, 184
203, 185
203, 186
202, 187
202, 188
201, 189
201, 191
200, 192
200, 193
199, 194
199, 196
198, 197
198, 198
197, 199
196, 199
193, 196
192, 196
191, 195
189, 195
188, 194
187, 194
184, 191
183, 191
182, 190
182, 189
181, 188
181, 181
180, 180
180, 179
178, 177
172, 177
171, 178
170, 178
167, 181
166, 181
163, 184
162, 183
162, 182
163, 181
163, 180
164, 179
164, 178
165, 177
165, 176
166, 175
166, 173
167, 172
167, 171
168, 170
168, 169
169, 168
169, 166
170, 165
170, 164
171, 163
171, 162
172, 161
172, 159
173, 158
173, 157
174, 156
174, 154
175, 153
175, 151
176, 150
176, 149
177, 148
177, 146
178, 145
178, 143
179, 142
179, 140
180, 139
180, 137
181, 136
181, 134
182, 133
182, 131
183, 130
183, 127
184, 126
184, 124
185, 123
185, 119
186, 118
186, 114
187, 113
187, 106
186, 105
186, 103
185, 102
185, 101
183, 99
182, 99
181, 98
172, 98
171, 99
169, 99
168, 100
167, 100
166, 101
164, 101
163, 102
162, 102
160, 104
159, 104
158, 103
158, 102
159, 101
159, 100
160, 99
160, 98
161, 97
161, 96
162, 95
162, 94
163, 93
163, 91
164, 90
164, 89
165, 88
165, 87
166, 86
166, 85
167, 84
167, 82
168, 81
168, 80
169, 79
169, 78
170, 77
170, 75
171, 74
171, 73
172, 72
172, 70
173, 69
173, 68
174, 67
174, 65
175, 64
175, 62
176, 61
176, 60
177, 59
177, 57
178, 56
178, 54
179, 53
179, 52
180, 51
180, 49
181, 48
181, 47
182, 46
182, 44
183, 43
183, 41
184, 40
184, 39
185, 38
185, 36
186, 35
186, 33
187, 32
187, 29
188, 28
188, 25
189, 24
189, 20
188, 19
188, 17
187, 16
186, 16
185, 15
205, 257
206, 258
206, 259
207, 260
207, 263
208, 264
209, 264
210, 265
208, 267
207, 267
205, 269
204, 269
203, 270
202, 270
201, 271
200, 271
199, 272
198, 272
197, 273
195, 273
194, 272
195, 271
195, 270
196, 269
196, 268
197, 267
197, 266
201, 262
201, 261
342, 255
343, 254
345, 254
346, 255
345, 256
345, 257
343, 259
343, 260
341, 262
341, 263
338, 266
337, 265
337, 259
338, 258
338, 257
339, 256
340, 256
341, 255
366, 248
367, 247
368, 247
369, 248
369, 250
368, 251
368, 254
367, 255
367, 259
366, 260
366, 263
365, 264
365, 268
364, 269
364, 272
363, 273
363, 277
362, 278
362, 282
361, 283
361, 287
360, 288
360, 293
359, 294
359, 298
358, 299
358, 302
357, 303
357, 306
356, 307
356, 308
355, 309
355, 311
353, 313
351, 313
350, 312
350, 311
349, 310
349, 309
348, 308
348, 307
347, 306
347, 304
346, 303
346, 301
345, 300
345, 299
344, 298
344, 296
343, 295
343, 293
342, 292
342, 290
341, 289
341, 286
340, 285
340, 282
339, 281
339, 278
338, 277
338, 273
342, 269
342, 268
344, 266
344, 265
347, 262
347, 261
349, 259
349, 258
351, 256
351, 255
355, 251
357, 251
358, 250
360, 250
361, 249
363, 249
364, 248
202, 245
203, 246
203, 247
204, 248
204, 251
202, 253
202, 254
197, 259
196, 258
196, 257
197, 256
197, 254
198, 253
198, 252
199, 251
199, 250
200, 249
200, 247
196, 242
197, 238
199, 240
200, 236
178, 236
179, 235
180, 235
181, 236
181, 237
180, 238
180, 239
179, 240
179, 241
178, 242
178, 243
177, 244
177, 245
176, 246
176, 247
175, 248
175, 249
174, 250
174, 251
173, 252
173, 253
171, 255
171, 256
169, 258
169, 259
157, 271
155, 269
155, 263
156, 262
156, 247
157, 246
157, 240
158, 239
158, 237
159, 236
160, 236
161, 237
164, 237
165, 238
171, 238
172, 237
176, 237
177, 236
236, 230
237, 229
238, 230
238, 231
237, 232
237, 233
236, 234
236, 235
235, 236
235, 237
234, 238
234, 239
233, 240
233, 241
231, 243
231, 244
228, 247
228, 248
213, 263
212, 263
211, 262
211, 253
212, 252
212, 250
213, 249
213, 248
214, 247
215, 247
221, 241
222, 241
227, 236
228, 236
231, 233
232, 233
235, 230
210, 227
211, 228
211, 231
210, 232
210, 238
209, 239
209, 245
208, 246
206, 244
206, 241
205, 240
205, 236
206, 235
206, 233
207, 232
207, 231
208, 230
208, 229
260, 221
261, 222
261, 226
262, 227
262, 229
263, 230
263, 231
266, 234
267, 234
268, 235
271, 235
272, 236
276, 236
277, 235
278, 235
279, 236
279, 238
276, 241
276, 242
257, 261
256, 261
252, 265
251, 265
249, 267
248, 267
247, 268
245, 268
244, 267
244, 259
245, 258
245, 255
246, 254
246, 252
247, 251
247, 249
248, 248
248, 246
249, 245
249, 243
250, 242
250, 241
251, 240
251, 238
252, 237
252, 236
253, 235
253, 234
254, 233
254, 232
255, 231
255, 229
256, 228
256, 227
257, 226
257, 225
258, 224
258, 223
373, 218
374, 217
375, 218
375, 220
374, 221
374, 225
373, 226
373, 230
372, 231
372, 235
371, 236
371, 240
369, 242
368, 242
367, 243
365, 243
364, 244
362, 244
361, 245
360, 245
359, 244
360, 243
360, 242
361, 241
361, 240
363, 238
363, 237
364, 236
364, 235
365, 234
365, 233
366, 232
366, 231
367, 230
367, 229
368, 228
368, 227
369, 226
369, 225
371, 223
371, 222
372, 221
372, 220
373, 219
209, 214
210, 215
210, 216
209, 217
209, 218
208, 219
208, 220
207, 221
207, 222
206, 223
206, 224
205, 225
205, 227
204, 228
203, 228
202, 227
202, 225
203, 224
203, 223
204, 222
204, 221
205, 220
205, 219
206, 218
206, 217
141, 213
142, 213
143, 214
142, 215
142, 216
141, 217
141, 218
140, 219
140, 220
139, 221
139, 222
138, 223
138, 224
137, 225
137, 226
136, 227
136, 228
135, 229
135, 230
134, 231
134, 232
133, 233
133, 234
132, 235
132, 236
130, 238
130, 239
129, 240
129, 241
128, 242
128, 243
127, 244
127, 245
125, 247
125, 248
124, 249
124, 250
123, 251
123, 252
121, 254
121, 255
120, 256
120, 257
118, 259
118, 260
116, 262
116, 263
113, 266
113, 267
110, 270
110, 271
106, 275
106, 276
96, 286
95, 286
92, 289
91, 289
90, 290
89, 290
88, 291
86, 291
84, 289
84, 288
83, 287
83, 282
84, 281
84, 278
85, 277
85, 274
86, 273
86, 272
87, 271
87, 270
89, 268
89, 267
90, 266
90, 265
92, 263
92, 262
94, 260
94, 259
98, 255
98, 254
102, 250
102, 249
127, 224
128, 224
134, 218
135, 218
138, 215
139, 215
198, 207
199, 206
205, 206
206, 207
206, 208
205, 209
205, 210
204, 211
204, 212
202, 214
202, 215
201, 216
200, 216
198, 214
198, 212
197, 211
197, 209
198, 208
170, 206
171, 207
171, 212
170, 213
170, 216
169, 217
169, 221
168, 222
168, 223
170, 225
171, 225
173, 223
173, 222
174, 221
174, 220
175, 219
175, 217
176, 216
176, 214
177, 213
177, 210
178, 209
178, 207
179, 206
190, 206
192, 208
192, 212
191, 213
191, 214
190, 215
190, 217
189, 218
189, 219
188, 220
188, 221
187, 222
187, 224
186, 225
186, 226
183, 229
182, 229
181, 230
180, 230
179, 231
178, 231
177, 232
175, 232
174, 233
171, 233
170, 234
166, 234
165, 233
163, 233
162, 232
161, 232
158, 229
158, 228
157, 227
157, 224
158, 223
158, 221
159, 220
159, 219
160, 218
160, 217
163, 214
163, 213
238, 204
239, 203
243, 204
243, 212
242, 213
242, 218
241, 219
239, 222
238, 222
234, 226
233, 226
230, 229
229, 229
226, 232
225, 232
220, 237
219, 237
215, 241
213, 240
213, 236
214, 235
214, 229
215, 228
215, 222
216, 221
216, 214
217, 213
217, 211
218, 210
218, 209
220, 207
221, 205
224, 205
225, 204
158, 203
159, 202
160, 202
161, 203
163, 203
164, 204
164, 206
159, 211
159, 212
157, 214
157, 215
156, 216
156, 217
155, 218
155, 219
154, 220
154, 222
153, 223
153, 228
154, 229
154, 231
155, 232
155, 233
154, 234
154, 241
153, 242
153, 251
152, 252
152, 274
150, 276
149, 276
148, 277
143, 277
138, 272
138, 271
137, 270
137, 268
136, 267
136, 261
135, 260
135, 255
136, 254
136, 248
137, 247
137, 243
138, 242
138, 240
139, 239
139, 236
140, 235
140, 234
141, 233
141, 231
142, 230
142, 229
143, 228
143, 226
144, 225
144, 224
145, 223
145, 221
146, 220
146, 219
147, 218
147, 217
148, 216
148, 215
149, 214
149, 213
150, 212
150, 211
151, 210
151, 209
152, 208
152, 207
155, 204
156, 204
157, 203
260, 202
261, 201
263, 201
264, 202
260, 206
259, 206
256, 209
255, 209
251, 213
250, 213
248, 215
247, 214
247, 204
248, 203
249, 203
250, 202
286, 199
294, 199
295, 200
295, 203
294, 204
294, 208
293, 209
293, 211
292, 212
292, 214
291, 215
291, 216
290, 217
290, 219
289, 220
289, 221
288, 222
288, 223
287, 224
287, 225
286, 226
286, 227
283, 230
281, 230
280, 231
270, 231
266, 227
266, 225
265, 224
265, 221
266, 220
266, 217
267, 216
267, 214
268, 213
268, 212
269, 211
269, 210
270, 209
270, 208
272, 206
272, 205
277, 200
278, 200
279, 201
279, 205
278, 206
278, 208
277, 209
277, 210
276, 211
276, 213
275, 214
275, 217
274, 218
274, 219
276, 221
277, 220
278, 220
279, 219
279, 218
280, 217
280, 215
281, 214
281, 212
282, 211
282, 209
283, 208
283, 205
284, 204
284, 201
184, 199
188, 201
187, 203
182, 202
181, 202
180, 201
181, 199
304, 198
305, 197
312, 197
313, 198
312, 199
312, 201
311, 202
311, 204
310, 205
310, 207
309, 208
309, 209
308, 210
308, 212
307, 213
307, 214
305, 216
304, 216
299, 221
298, 221
295, 224
294, 224
293, 225
292, 224
292, 223
293, 222
293, 221
294, 220
294, 219
295, 218
295, 216
296, 215
296, 213
297, 212
297, 210
298, 209
298, 205
299, 204
299, 199
300, 198
319, 196
320, 198
320, 199
337, 194
338, 193
340, 193
341, 194
341, 195
340, 196
340, 197
339, 198
339, 200
338, 201
338, 203
337, 204
337, 206
336, 207
336, 209
335, 210
335, 212
334, 213
334, 216
333, 217
333, 219
332, 220
332, 223
331, 224
331, 227
325, 233
324, 233
322, 235
321, 235
320, 236
317, 236
316, 237
313, 237
312, 236
311, 236
309, 234
308, 234
306, 232
306, 229
307, 228
307, 226
308, 225
308, 223
309, 222
309, 221
310, 220
310, 218
311, 217
311, 216
318, 209
318, 208
322, 204
322, 203
324, 201
324, 200
325, 199
325, 198
328, 195
331, 195
332, 194
348, 192
349, 192
350, 193
350, 195
349, 196
349, 198
348, 199
348, 200
347, 201
347, 202
346, 203
346, 204
345, 205
345, 206
344, 207
344, 208
343, 209
343, 210
342, 211
342, 212
340, 214
339, 213
339, 211
340, 210
340, 208
341, 207
341, 205
342, 204
342, 202
343, 201
343, 200
344, 199
344, 197
345, 196
345, 195
166, 192
175, 191
177, 195
172, 197
171, 196
163, 196
162, 197
161, 197
160, 195
163, 192
364, 191
365, 190
368, 190
369, 191
378, 191
379, 192
380, 192
381, 193
380, 194
380, 195
379, 196
379, 197
378, 198
378, 199
377, 200
377, 201
376, 202
376, 203
375, 204
375, 205
374, 206
374, 207
373, 208
373, 209
372, 210
372, 211
371, 212
371, 213
370, 214
370, 215
369, 216
369, 217
368, 218
368, 219
367, 220
367, 221
366, 222
366, 223
365, 224
365, 225
364, 226
364, 227
363, 228
363, 229
362, 230
362, 231
360, 233
360, 234
359, 235
359, 236
358, 237
358, 238
356, 240
356, 241
354, 243
354, 244
349, 249
346, 249
345, 250
342, 250
341, 251
339, 251
338, 252
337, 252
334, 255
334, 256
333, 257
333, 272
327, 278
325, 278
324, 277
324, 268
325, 267
325, 263
326, 262
326, 259
327, 258
327, 256
328, 255
328, 252
329, 251
329, 248
330, 247
330, 245
331, 244
331, 241
332, 240
332, 237
333, 236
333, 233
334, 232
334, 231
335, 230
335, 229
338, 226
338, 225
341, 222
341, 221
343, 219
343, 218
344, 217
344, 216
346, 214
346, 213
347, 212
347, 211
348, 210
348, 209
349, 208
349, 207
350, 206
350, 205
351, 204
351, 202
352, 201
352, 200
353, 199
353, 197
354, 196
354, 194
355, 193
355, 192
356, 191
282, 187
283, 187
284, 188
284, 190
282, 192
281, 192
280, 193
279, 193
278, 194
277, 194
276, 193
326, 186
325, 189
325, 190
323, 192
321, 191
322, 189
322, 188
233, 182
234, 181
235, 181
236, 182
237, 182
240, 185
240, 187
241, 188
241, 189
242, 190
242, 194
243, 195
243, 198
241, 200
231, 200
230, 201
225, 201
224, 200
226, 198
226, 197
230, 193
230, 192
231, 191
231, 190
230, 189
227, 189
222, 194
222, 195
220, 197
219, 196
219, 194
221, 192
221, 191
229, 183
230, 183
231, 182
173, 182
175, 181
177, 187
175, 188
174, 187
169, 187
172, 182
83, 179
81, 180
84, 175
82, 176
85, 171
83, 172
125, 168
126, 169
126, 171
125, 172
125, 177
124, 178
124, 182
123, 183
123, 185
122, 186
122, 189
121, 190
121, 192
120, 193
120, 195
119, 196
119, 198
118, 199
118, 201
117, 202
117, 203
116, 204
116, 205
115, 206
115, 207
114, 208
114, 209
113, 210
113, 211
112, 212
112, 213
111, 214
111, 215
109, 217
109, 218
108, 219
108, 220
105, 223
105, 224
103, 226
103, 227
101, 229
101, 230
96, 235
96, 236
73, 259
72, 259
71, 258
71, 257
72, 256
72, 251
71, 250
78, 243
78, 242
83, 237
83, 236
87, 232
87, 231
89, 229
89, 228
91, 226
91, 225
93, 223
93, 222
95, 220
95, 219
97, 217
97, 216
98, 215
98, 214
100, 212
100, 211
101, 210
101, 209
103, 207
103, 206
104, 205
104, 204
106, 202
106, 201
107, 200
107, 199
109, 197
109, 196
110, 195
110, 194
111, 193
111, 192
112, 191
112, 190
114, 188
114, 187
115, 186
115, 185
116, 184
116, 183
117, 182
117, 181
119, 179
119, 178
120, 177
120, 176
121, 175
121, 174
122, 173
122, 172
123, 171
123, 170
86, 167
84, 168
85, 162
87, 164
86, 158
88, 161
220, 154
221, 153
222, 158
221, 159
221, 163
220, 164
220, 169
219, 170
219, 175
218, 176
218, 181
217, 182
217, 188
216, 189
216, 191
215, 192
215, 193
213, 195
213, 196
211, 198
211, 199
208, 202
203, 202
202, 203
200, 201
201, 200
201, 199
202, 198
202, 197
203, 196
203, 194
204, 193
204, 192
205, 191
205, 189
206, 188
206, 187
207, 186
207, 185
208, 184
208, 182
209, 181
209, 180
210, 179
210, 178
211, 177
211, 175
212, 174
212, 173
213, 172
213, 171
214, 170
214, 168
215, 167
215, 166
216, 165
216, 163
217, 162
217, 161
218, 160
218, 158
219, 157
219, 156
220, 155
87, 154
89, 157
223, 152
221, 153
67, 152
68, 151
69, 154
68, 155
68, 156
67, 157
67, 158
66, 159
66, 161
65, 162
65, 164
64, 165
64, 166
63, 167
63, 169
62, 170
62, 172
61, 173
61, 174
60, 175
60, 177
59, 178
59, 180
58, 181
58, 182
57, 183
57, 185
56, 186
56, 188
55, 189
55, 191
54, 192
54, 195
53, 196
53, 200
52, 201
52, 206
51, 207
51, 216
50, 217
50, 229
49, 230
49, 246
48, 247
48, 257
49, 258
49, 263
50, 264
50, 265
52, 267
53, 267
54, 266
55, 266
56, 265
56, 264
57, 263
57, 262
59, 260
59, 259
60, 258
60, 257
61, 256
62, 256
63, 257
63, 259
62, 260
62, 263
61, 264
61, 266
60, 267
60, 270
59, 271
59, 273
58, 274
58, 277
57, 278
57, 280
56, 281
56, 283
55, 284
55, 287
54, 288
54, 290
53, 291
53, 293
52, 294
52, 297
51, 298
51, 300
50, 301
50, 303
49, 304
49, 306
48, 307
48, 309
47, 310
47, 312
46, 313
46, 315
45, 316
45, 318
44, 319
44, 320
43, 321
43, 323
42, 324
42, 326
41, 327
41, 328
40, 329
40, 331
39, 332
39, 333
38, 334
38, 336
37, 337
37, 338
36, 339
36, 340
35, 341
35, 342
34, 343
34, 344
33, 345
33, 346
31, 348
31, 349
30, 350
29, 350
27, 348
27, 346
26, 345
26, 340
25, 339
25, 308
26, 307
26, 298
27, 297
27, 288
28, 287
28, 282
29, 281
29, 275
30, 274
30, 269
31, 268
31, 264
32, 263
32, 259
33, 258
33, 254
34, 253
34, 250
35, 249
35, 246
36, 245
36, 242
37, 241
37, 238
38, 237
38, 234
39, 233
39, 230
40, 229
40, 226
41, 225
41, 223
42, 222
42, 220
43, 219
43, 216
44, 215
44, 213
45, 212
45, 210
46, 209
46, 206
47, 205
47, 203
48, 202
48, 200
49, 199
49, 197
50, 196
50, 194
51, 193
51, 191
52, 190
52, 188
53, 187
53, 185
54, 184
54, 183
55, 182
55, 180
56, 179
56, 177
57, 176
57, 175
58, 174
58, 172
59, 171
59, 170
60, 169
60, 167
61, 166
61, 165
62, 164
62, 163
63, 162
63, 160
64, 159
64, 158
65, 157
65, 156
66, 155
66, 154
67, 153
88, 150
90, 153
70, 150
68, 151
89, 146
91, 149
123, 144
126, 147
126, 150
127, 151
127, 155
126, 156
126, 157
125, 158
125, 159
123, 161
123, 162
122, 163
122, 164
121, 165
121, 166
120, 167
120, 168
119, 169
119, 170
117, 172
117, 173
116, 174
116, 175
115, 176
115, 177
114, 178
114, 179
113, 180
113, 181
111, 183
111, 184
110, 185
110, 186
109, 187
109, 188
108, 189
108, 190
106, 192
106, 193
105, 194
105, 195
104, 196
104, 197
102, 199
102, 200
101, 201
101, 202
99, 204
99, 205
98, 206
98, 207
96, 209
96, 210
95, 211
95, 212
93, 214
93, 215
91, 217
91, 218
90, 219
90, 220
88, 222
88, 223
86, 225
86, 226
83, 229
83, 230
79, 234
79, 235
73, 241
72, 240
72, 239
73, 238
73, 235
74, 234
74, 231
75, 230
75, 227
76, 226
76, 223
77, 222
77, 219
78, 218
78, 215
79, 214
79, 211
80, 210
80, 209
81, 208
81, 207
82, 206
82, 205
83, 204
83, 203
85, 201
85, 200
86, 199
86, 198
87, 197
87, 196
89, 194
89, 193
90, 192
90, 191
92, 189
92, 188
93, 187
93, 186
94, 185
94, 184
96, 182
96, 181
98, 179
98, 178
100, 176
100, 175
102, 173
102, 172
104, 170
104, 169
106, 167
106, 166
108, 164
108, 163
110, 161
110, 160
113, 157
113, 156
116, 153
116, 152
118, 150
118, 149
90, 142
92, 145
91, 138
93, 141
92, 134
94, 137
141, 124
142, 125
142, 126
141, 127
141, 128
140, 129
140, 130
139, 131
139, 132
138, 133
138, 134
137, 135
137, 136
136, 137
136, 138
135, 139
135, 140
134, 141
134, 142
133, 143
133, 144
132, 145
132, 146
130, 148
129, 147
129, 146
128, 145
128, 144
126, 142
126, 140
128, 138
128, 137
92, 116
93, 117
93, 119
92, 120
92, 124
91, 125
91, 128
90, 129
90, 132
89, 133
89, 136
88, 137
88, 140
87, 141
87, 144
86, 145
86, 148
85, 149
85, 152
84, 153
84, 156
83, 157
83, 160
82, 161
82, 165
81, 166
81, 169
80, 170
80, 173
79, 174
79, 177
78, 178
78, 181
77, 182
77, 185
76, 186
76, 189
75, 190
75, 194
74, 195
74, 198
73, 199
73, 202
72, 203
72, 206
71, 207
71, 210
70, 211
70, 214
69, 215
69, 219
68, 220
68, 222
67, 223
67, 225
66, 226
66, 227
65, 228
65, 229
64, 230
64, 231
63, 232
63, 234
62, 235
62, 236
61, 237
61, 238
60, 239
60, 241
59, 242
59, 244
58, 245
58, 249
57, 250
57, 252
58, 253
58, 255
57, 256
57, 257
56, 258
56, 259
53, 262
52, 261
52, 258
51, 257
51, 247
52, 246
52, 230
53, 229
53, 217
54, 216
54, 208
55, 207
55, 201
56, 200
56, 197
57, 196
57, 193
58, 192
58, 190
59, 189
59, 187
60, 186
60, 184
61, 183
61, 181
62, 180
62, 179
63, 178
63, 176
64, 175
64, 173
65, 172
65, 171
66, 170
66, 168
67, 167
67, 165
68, 164
68, 163
69, 162
69, 160
70, 159
70, 158
71, 157
71, 155
72, 154
72, 153
73, 152
73, 151
74, 150
74, 148
75, 147
75, 146
76, 145
76, 144
77, 143
77, 142
78, 141
78, 140
79, 139
79, 138
80, 137
80, 136
81, 135
81, 134
82, 133
82, 132
83, 131
83, 130
84, 129
84, 128
86, 126
86, 125
87, 124
87, 123
88, 122
88, 121
90, 119
90, 118
415, 115
416, 114
417, 115
417, 124
416, 125
416, 127
415, 128
415, 130
414, 131
414, 132
413, 133
413, 134
412, 135
412, 136
411, 137
411, 138
410, 139
410, 140
409, 141
409, 142
408, 143
408, 144
407, 145
407, 146
405, 148
405, 149
404, 150
404, 151
403, 152
403, 153
402, 154
402, 155
400, 157
400, 158
399, 159
399, 160
397, 158
398, 157
398, 155
399, 154
399, 153
400, 152
400, 150
401, 149
401, 148
402, 147
402, 145
403, 144
403, 143
404, 142
404, 140
405, 139
405, 138
406, 137
406, 136
407, 135
407, 133
408, 132
408, 131
409, 130
409, 129
410, 128
410, 126
411, 125
411, 124
412, 123
412, 121
413, 120
413, 119
414, 118
414, 117
415, 116
102, 101
103, 102
103, 103
102, 104
102, 107
101, 108
101, 110
100, 111
100, 114
99, 115
99, 118
98, 119
98, 122
97, 123
97, 126
96, 127
96, 129
95, 130
95, 133
93, 129
94, 128
94, 125
95, 124
95, 121
96, 120
96, 117
97, 116
97, 112
98, 111
98, 108
99, 107
99, 105
100, 104
100, 103
119, 84
121, 84
123, 86
123, 98
122, 99
122, 103
121, 104
121, 107
120, 108
120, 111
119, 112
119, 115
118, 116
118, 119
117, 120
117, 122
116, 123
116, 125
115, 126
115, 128
114, 129
114, 131
113, 132
113, 133
112, 134
112, 136
111, 137
111, 138
110, 139
110, 140
109, 141
109, 143
108, 144
108, 145
107, 146
107, 147
106, 148
106, 149
105, 150
105, 151
103, 153
103, 154
102, 155
102, 156
101, 157
101, 158
99, 160
99, 161
98, 162
98, 163
97, 164
97, 165
95, 167
95, 168
93, 170
93, 171
92, 172
92, 173
90, 175
89, 174
89, 171
90, 170
90, 167
91, 166
91, 163
92, 162
92, 159
93, 158
93, 155
94, 154
94, 151
95, 150
95, 147
96, 146
96, 143
97, 142
97, 139
98, 138
98, 135
99, 134
99, 132
100, 131
100, 128
101, 127
101, 124
102, 123
102, 120
103, 119
103, 117
104, 116
104, 113
105, 112
105, 109
106, 108
106, 105
107, 104
107, 102
108, 101
108, 98
109, 97
109, 94
110, 93
110, 92
111, 91
111, 90
113, 88
114, 88
116, 86
117, 86
179, 20
180, 19
183, 19
185, 21
185, 22
184, 23
184, 27
183, 28
183, 30
182, 31
182, 33
181, 34
181, 36
180, 37
180, 39
179, 40
179, 42
178, 43
178, 44
177, 45
177, 47
176, 48
176, 49
175, 50
175, 52
174, 53
174, 55
173, 56
173, 58
172, 59
172, 60
171, 61
171, 63
170, 64
170, 65
169, 66
169, 68
168, 69
168, 70
167, 71
167, 73
166, 74
166, 75
165, 76
165, 78
164, 79
164, 80
163, 81
163, 82
162, 83
162, 84
161, 85
161, 87
160, 88
160, 89
159, 90
159, 91
158, 92
158, 93
157, 94
157, 95
156, 96
156, 97
155, 98
155, 99
154, 100
154, 102
153, 103
153, 104
152, 105
152, 106
151, 107
151, 108
150, 109
150, 110
147, 113
146, 113
123, 136
123, 137
117, 143
116, 143
114, 145
114, 146
110, 147
111, 146
111, 144
112, 143
112, 142
113, 141
113, 140
114, 139
114, 138
115, 137
115, 135
116, 134
116, 132
117, 131
117, 130
118, 129
118, 126
119, 125
119, 123
120, 122
120, 120
121, 119
121, 117
122, 116
122, 113
123, 112
123, 109
124, 108
124, 105
125, 104
125, 99
126, 98
126, 85
125, 84
125, 83
124, 82
123, 82
122, 81
119, 81
118, 82
116, 82
115, 83
114, 83
113, 82
117, 78
117, 77
123, 71
123, 70
130, 63
130, 62
160, 32
161, 32
165, 28
166, 28
169, 25
170, 25
172, 23
173, 23
174, 22
175, 22
176, 21
177, 21
178, 20
