4, 2
496, 4
494, 285
2, 283
78, 13
77, 14
76, 14
69, 21
69, 22
67, 24
67, 25
65, 27
65, 28
63, 30
63, 31
62, 32
62, 33
60, 35
60, 36
59, 37
59, 38
58, 39
58, 40
56, 42
56, 43
55, 44
55, 45
54, 46
54, 47
53, 48
53, 49
52, 50
52, 51
50, 53
50, 54
49, 55
49, 56
48, 57
48, 58
47, 59
47, 60
46, 61
46, 62
45, 63
45, 65
44, 66
44, 67
43, 68
43, 69
42, 70
42, 72
41, 73
41, 74
40, 75
40, 77
39, 78
39, 80
38, 81
38, 83
37, 84
37, 87
36, 88
36, 90
35, 91
35, 94
34, 95
34, 98
33, 99
33, 102
32, 103
32, 106
31, 107
31, 111
30, 112
30, 116
29, 117
29, 122
28, 123
28, 129
27, 130
27, 137
26, 138
26, 149
25, 150
25, 171
24, 172
24, 186
23, 187
23, 208
22, 209
22, 234
23, 235
23, 240
24, 241
24, 243
25, 244
25, 246
26, 247
26, 248
29, 251
30, 251
31, 252
32, 252
33, 253
36, 253
37, 254
40, 254
41, 253
45, 253
46, 252
47, 252
48, 251
49, 251
50, 250
51, 250
52, 249
53, 249
56, 246
57, 246
71, 232
72, 233
72, 236
73, 237
73, 242
74, 243
74, 245
75, 246
75, 248
76, 249
76, 250
83, 257
84, 257
85, 258
87, 258
88, 259
90, 259
91, 258
94, 258
95, 257
97, 257
98, 256
100, 256
101, 255
102, 255
104, 253
105, 253
114, 244
115, 245
115, 249
116, 250
116, 253
117, 254
117, 256
118, 257
118, 258
119, 259
119, 260
120, 261
121, 261
123, 263
125, 263
126, 264
129, 264
130, 263
132, 263
133, 262
135, 262
136, 261
137, 261
148, 250
148, 249
151, 246
151, 245
154, 242
154, 241
155, 240
155, 239
157, 237
157, 236
158, 235
158, 234
161, 231
162, 232
162, 237
163, 238
163, 242
164, 243
164, 244
165, 245
165, 247
166, 248
166, 249
170, 253
176, 253
177, 252
178, 252
179, 251
180, 251
184, 247
185, 247
185, 246
189, 242
189, 241
193, 237
193, 236
196, 233
196, 232
198, 230
198, 229
199, 228
199, 227
200, 226
200, 225
201, 224
201, 223
202, 222
202, 221
203, 220
203, 219
204, 218
204, 217
206, 215
207, 216
207, 219
206, 220
206, 246
207, 247
207, 250
208, 251
208, 252
209, 253
209, 254
212, 257
222, 257
223, 256
225, 256
226, 255
227, 255
230, 252
231, 252
235, 248
236, 248
243, 241
243, 240
245, 238
245, 237
247, 235
247, 234
249, 232
249, 231
250, 230
251, 230
252, 231
252, 244
253, 245
253, 248
254, 249
254, 251
255, 252
255, 253
256, 254
256, 255
258, 257
259, 257
260, 258
261, 258
262, 259
266, 259
267, 258
268, 258
269, 257
270, 257
271, 256
272, 256
273, 255
274, 255
276, 253
277, 253
282, 248
282, 247
285, 244
285, 243
288, 240
288, 239
290, 237
290, 236
291, 235
291, 234
292, 233
292, 232
293, 231
293, 230
294, 229
294, 228
296, 226
297, 227
297, 242
298, 243
298, 248
299, 249
299, 251
300, 252
300, 254
301, 255
301, 257
302, 258
302, 259
303, 260
303, 261
307, 265
308, 265
309, 264
310, 264
311, 263
312, 263
313, 262
314, 262
316, 260
316, 259
320, 255
320, 254
322, 252
322, 251
323, 250
323, 249
324, 248
324, 247
326, 245
328, 247
328, 252
329, 253
329, 256
330, 257
330, 259
332, 261
332, 262
333, 262
334, 263
340, 263
341, 262
342, 262
344, 260
345, 260
347, 258
347, 257
355, 249
355, 248
358, 245
359, 246
359, 249
360, 250
360, 254
361, 255
361, 257
364, 260
365, 260
366, 261
368, 261
369, 260
370, 260
371, 259
372, 259
377, 254
377, 253
379, 251
379, 250
381, 248
381, 247
383, 245
383, 244
385, 242
385, 241
393, 233
393, 232
398, 227
398, 226
401, 223
401, 222
403, 220
403, 219
405, 217
405, 216
406, 215
406, 214
408, 212
408, 211
409, 210
409, 209
410, 208
410, 207
411, 206
411, 205
412, 204
412, 203
413, 202
413, 201
414, 200
414, 199
415, 198
415, 197
417, 195
417, 194
418, 193
418, 192
420, 190
420, 189
422, 187
423, 187
424, 188
423, 189
423, 193
422, 194
422, 199
421, 200
421, 204
420, 205
420, 210
419, 211
419, 216
418, 217
418, 220
417, 221
417, 232
416, 233
416, 248
417, 249
417, 256
418, 257
418, 261
419, 262
419, 264
420, 265
420, 266
421, 267
421, 268
425, 272
426, 272
427, 273
432, 273
433, 272
435, 272
436, 271
437, 271
439, 269
440, 269
441, 268
441, 267
444, 264
444, 263
445, 262
445, 261
447, 259
447, 258
448, 257
448, 256
449, 255
449, 254
451, 252
451, 251
453, 249
453, 248
455, 246
455, 245
456, 244
456, 243
457, 242
457, 240
458, 239
458, 237
459, 236
459, 230
460, 229
460, 222
461, 221
461, 209
460, 208
460, 205
459, 204
459, 203
458, 202
458, 201
457, 200
457, 199
453, 195
452, 195
451, 194
447, 194
446, 195
442, 195
441, 196
440, 196
439, 197
438, 197
426, 209
426, 210
424, 212
424, 213
423, 214
423, 215
421, 217
420, 216
420, 214
421, 213
421, 208
422, 207
422, 202
423, 201
423, 197
424, 196
424, 192
425, 191
425, 187
426, 186
426, 183
427, 182
427, 181
428, 180
428, 179
429, 178
429, 177
433, 173
433, 172
437, 168
437, 167
440, 164
440, 163
442, 161
442, 160
444, 158
444, 157
445, 156
445, 155
447, 153
447, 152
448, 151
448, 150
449, 149
449, 148
451, 146
451, 145
452, 144
452, 143
453, 142
453, 141
454, 140
454, 139
455, 138
455, 137
456, 136
456, 135
457, 134
457, 133
458, 132
458, 131
459, 130
459, 129
460, 128
460, 127
461, 126
461, 124
462, 123
462, 122
463, 121
463, 119
464, 118
464, 117
465, 116
465, 114
466, 113
466, 111
467, 110
467, 108
468, 107
468, 104
469, 103
469, 100
470, 99
470, 96
471, 95
471, 91
472, 90
472, 85
473, 84
473, 79
474, 78
474, 72
475, 71
475, 66
474, 65
474, 64
473, 63
473, 62
472, 62
471, 61
469, 61
468, 62
467, 62
466, 63
465, 63
460, 68
460, 69
458, 71
458, 72
457, 73
457, 74
456, 75
456, 76
455, 77
455, 78
454, 79
454, 80
453, 81
453, 82
452, 83
452, 85
451, 86
451, 87
450, 88
450, 89
449, 90
449, 92
448, 93
448, 95
447, 96
447, 98
446, 99
446, 101
445, 102
445, 105
444, 106
444, 108
443, 109
443, 112
442, 113
442, 115
441, 116
441, 119
440, 120
440, 122
439, 123
439, 126
438, 127
438, 129
437, 130
437, 133
436, 134
436, 137
435, 138
435, 140
434, 141
434, 144
433, 145
433, 148
432, 149
432, 152
431, 153
431, 156
430, 157
430, 161
429, 162
429, 165
428, 166
428, 169
427, 170
427, 174
426, 175
426, 177
425, 178
425, 180
424, 181
424, 182
421, 185
421, 186
419, 188
419, 189
417, 191
417, 192
416, 193
416, 194
414, 196
414, 197
413, 198
413, 199
412, 200
412, 201
411, 202
411, 203
410, 204
410, 205
409, 206
409, 207
408, 208
408, 209
407, 210
407, 211
405, 213
405, 214
404, 215
404, 216
402, 218
402, 219
400, 221
400, 222
396, 226
396, 227
394, 229
393, 228
393, 227
394, 226
394, 224
395, 223
395, 222
396, 221
396, 220
397, 219
397, 218
398, 217
398, 215
399, 214
399, 212
400, 211
400, 209
401, 208
401, 205
402, 204
402, 200
403, 199
403, 195
404, 194
404, 189
405, 188
405, 182
406, 181
406, 169
407, 168
407, 163
406, 162
406, 155
405, 154
405, 151
404, 150
404, 147
403, 146
403, 144
402, 143
402, 141
401, 140
401, 139
400, 138
400, 137
399, 136
399, 135
397, 133
396, 133
395, 132
393, 132
392, 133
391, 133
390, 134
389, 134
382, 141
382, 142
380, 144
380, 145
379, 146
379, 147
378, 148
378, 149
377, 150
377, 151
376, 152
376, 154
375, 155
375, 157
374, 158
374, 159
373, 160
373, 162
372, 163
372, 165
371, 166
371, 168
370, 169
370, 172
369, 173
369, 174
368, 175
368, 177
367, 178
367, 180
366, 181
366, 183
365, 184
365, 187
364, 188
364, 191
363, 192
363, 195
362, 196
362, 200
361, 201
361, 205
360, 206
360, 221
359, 222
359, 241
358, 242
358, 243
352, 249
352, 250
341, 261
339, 261
338, 262
335, 262
332, 259
332, 258
331, 257
331, 255
330, 254
330, 249
329, 248
329, 236
330, 235
330, 233
331, 232
331, 230
332, 229
332, 227
333, 226
333, 225
334, 224
334, 222
335, 221
335, 219
336, 218
336, 215
337, 214
337, 212
338, 211
338, 209
339, 208
339, 205
340, 204
340, 202
341, 201
341, 197
342, 196
342, 191
343, 190
343, 185
344, 184
344, 178
345, 177
345, 164
346, 163
346, 155
345, 154
345, 151
343, 149
342, 149
340, 151
339, 151
339, 152
338, 153
338, 154
337, 155
337, 157
336, 158
336, 161
335, 162
335, 165
334, 166
334, 169
333, 170
333, 175
332, 176
332, 180
331, 181
331, 185
330, 186
330, 192
329, 193
329, 199
328, 200
328, 207
327, 208
327, 229
326, 230
326, 241
325, 242
325, 244
323, 246
323, 247
322, 248
322, 249
321, 250
321, 251
318, 254
318, 255
311, 262
310, 262
309, 263
307, 263
304, 260
304, 259
303, 258
303, 257
302, 256
302, 254
301, 253
301, 251
300, 250
300, 247
299, 246
299, 220
300, 219
300, 217
301, 216
301, 214
302, 213
302, 212
303, 211
303, 210
304, 209
304, 207
305, 206
305, 204
306, 203
306, 201
307, 200
307, 197
308, 196
308, 193
309, 192
309, 189
310, 188
310, 185
311, 184
311, 181
312, 180
312, 177
313, 176
313, 172
314, 171
314, 164
315, 163
315, 158
316, 157
316, 151
317, 150
317, 142
316, 141
314, 141
311, 144
311, 145
309, 147
309, 148
308, 149
308, 151
307, 152
307, 154
306, 155
306, 158
305, 159
305, 162
304, 163
304, 167
303, 168
303, 172
302, 173
302, 177
301, 178
301, 182
300, 183
300, 190
299, 191
299, 202
298, 203
298, 216
297, 217
297, 220
296, 221
296, 222
295, 223
295, 224
294, 225
294, 226
293, 227
293, 228
292, 229
292, 230
291, 231
291, 232
290, 233
290, 234
289, 235
289, 236
287, 238
287, 239
284, 242
284, 243
281, 246
281, 247
276, 252
275, 252
273, 254
272, 254
271, 255
270, 255
269, 256
268, 256
267, 257
261, 257
260, 256
259, 256
257, 254
257, 253
256, 252
256, 251
255, 250
255, 247
254, 246
254, 234
253, 233
253, 227
254, 226
254, 222
255, 221
255, 220
256, 219
256, 218
257, 217
257, 216
258, 215
258, 213
259, 212
259, 211
260, 210
260, 209
261, 208
261, 207
262, 206
262, 205
263, 204
263, 203
264, 202
264, 200
265, 199
265, 198
266, 197
266, 196
267, 195
267, 193
268, 192
268, 191
269, 190
269, 188
270, 187
270, 186
271, 185
271, 183
272, 182
272, 180
273, 179
273, 177
274, 176
274, 174
275, 173
275, 170
276, 169
276, 165
277, 164
277, 160
278, 159
278, 154
279, 153
279, 148
278, 147
278, 145
277, 144
277, 143
276, 142
276, 141
274, 139
272, 139
267, 144
267, 145
266, 146
266, 147
265, 148
265, 150
264, 151
264, 153
263, 154
263, 156
262, 157
262, 159
261, 160
261, 162
260, 163
260, 165
259, 166
259, 168
258, 169
258, 173
257, 174
257, 178
256, 179
256, 183
255, 184
255, 190
254, 191
254, 197
253, 198
253, 205
252, 206
252, 222
251, 223
251, 225
250, 226
250, 227
249, 228
249, 229
248, 230
248, 231
246, 233
246, 234
244, 236
244, 237
242, 239
242, 240
235, 247
234, 247
230, 251
229, 251
226, 254
225, 254
224, 255
220, 255
219, 256
213, 256
210, 253
210, 252
209, 251
209, 249
208, 248
208, 242
207, 241
207, 226
208, 225
208, 217
209, 216
209, 210
210, 209
210, 208
212, 206
212, 205
215, 202
215, 201
217, 199
217, 198
220, 195
220, 194
221, 193
221, 192
222, 191
222, 190
223, 189
223, 188
224, 187
224, 186
225, 185
225, 184
226, 183
226, 182
227, 181
227, 179
228, 178
228, 177
229, 176
229, 173
230, 172
230, 170
231, 169
231, 166
232, 165
232, 162
233, 161
233, 156
234, 155
234, 139
233, 138
233, 133
230, 133
229, 134
228, 134
227, 135
227, 136
226, 137
226, 138
225, 139
225, 141
224, 142
224, 144
223, 145
223, 147
222, 148
222, 150
221, 151
221, 153
220, 154
220, 156
219, 157
219, 159
218, 160
218, 162
217, 163
217, 166
216, 167
216, 169
215, 170
215, 173
214, 174
214, 176
213, 177
213, 180
212, 181
212, 185
211, 186
211, 190
210, 191
210, 196
209, 197
209, 202
208, 203
208, 208
207, 209
207, 210
206, 211
206, 212
204, 214
204, 215
203, 216
203, 217
202, 218
202, 219
201, 220
201, 221
200, 222
200, 223
199, 224
199, 225
198, 226
198, 227
197, 228
197, 229
195, 231
195, 232
192, 235
192, 236
188, 240
188, 241
179, 250
178, 250
177, 251
176, 251
175, 252
171, 252
167, 248
167, 247
166, 246
166, 244
165, 243
165, 241
164, 240
164, 232
163, 231
163, 226
164, 225
164, 223
165, 222
165, 221
166, 220
166, 219
167, 218
167, 217
168, 216
168, 215
169, 214
169, 213
170, 212
170, 211
172, 209
172, 208
173, 207
173, 205
174, 204
174, 203
175, 202
175, 200
176, 199
176, 198
177, 197
177, 195
178, 194
178, 192
179, 191
179, 189
180, 188
180, 187
181, 186
181, 184
182, 183
182, 181
183, 180
183, 178
184, 177
184, 176
185, 175
185, 173
186, 172
186, 170
187, 169
187, 167
188, 166
188, 162
189, 161
189, 156
190, 155
190, 149
191, 148
191, 131
190, 130
190, 129
189, 128
188, 128
187, 129
186, 129
184, 131
184, 132
182, 134
182, 135
181, 136
181, 137
180, 138
180, 140
179, 141
179, 143
178, 144
178, 145
177, 146
177, 149
176, 150
176, 152
175, 153
175, 156
174, 157
174, 160
173, 161
173, 164
172, 165
172, 167
171, 168
171, 171
170, 172
170, 174
169, 175
169, 178
168, 179
168, 182
167, 183
167, 186
166, 187
166, 190
165, 191
165, 194
164, 195
164, 200
163, 201
163, 208
162, 209
162, 222
161, 223
161, 226
160, 227
160, 229
159, 230
159, 231
157, 233
157, 234
156, 235
156, 236
154, 238
154, 239
152, 241
152, 242
150, 244
150, 245
147, 248
147, 249
136, 260
135, 260
134, 261
132, 261
131, 262
124, 262
119, 257
119, 256
118, 255
118, 253
117, 252
117, 240
118, 239
118, 238
119, 237
119, 236
122, 233
122, 232
124, 230
124, 229
126, 227
126, 226
127, 225
127, 224
129, 222
129, 221
130, 220
130, 219
131, 218
131, 217
132, 216
132, 214
133, 213
133, 211
134, 210
134, 206
135, 205
135, 201
134, 200
134, 198
133, 197
133, 195
132, 194
130, 194
128, 196
128, 197
126, 199
126, 200
125, 201
125, 202
123, 204
123, 205
122, 206
122, 207
121, 208
121, 209
120, 210
120, 212
119, 213
119, 216
118, 217
118, 220
117, 221
117, 227
116, 228
116, 236
115, 237
115, 239
114, 240
114, 241
111, 244
111, 245
105, 251
104, 251
101, 254
100, 254
99, 255
97, 255
96, 256
93, 256
92, 257
86, 257
85, 256
84, 256
77, 249
77, 248
76, 247
76, 245
75, 244
75, 241
74, 240
74, 228
75, 227
75, 226
77, 224
77, 223
79, 221
79, 220
81, 218
81, 217
83, 215
83, 214
84, 213
84, 212
85, 211
85, 210
86, 209
86, 208
87, 207
87, 206
88, 205
88, 204
89, 203
89, 202
90, 201
90, 199
91, 198
91, 196
92, 195
92, 192
93, 191
93, 189
94, 188
94, 186
95, 185
95, 182
96, 181
96, 179
97, 178
97, 175
98, 174
98, 170
99, 169
99, 162
100, 161
100, 155
101, 154
101, 146
102, 145
102, 141
101, 140
101, 136
100, 135
100, 134
96, 130
94, 130
93, 131
92, 131
89, 134
89, 135
88, 136
88, 137
86, 139
86, 140
85, 141
85, 143
84, 144
84, 145
83, 146
83, 147
82, 148
82, 150
81, 151
81, 153
80, 154
80, 156
79, 157
79, 159
78, 160
78, 163
77, 164
77, 168
76, 169
76, 174
75, 175
75, 184
74, 185
74, 194
73, 195
73, 206
72, 207
72, 227
71, 228
71, 229
67, 233
67, 234
56, 245
55, 245
52, 248
51, 248
50, 249
49, 249
48, 250
47, 250
46, 251
44, 251
43, 252
35, 252
34, 251
32, 251
30, 249
29, 249
27, 247
27, 246
26, 245
26, 243
25, 242
25, 239
24, 238
24, 202
25, 201
25, 183
26, 182
26, 165
27, 164
27, 145
28, 144
28, 135
29, 134
29, 128
30, 127
30, 121
31, 120
31, 115
32, 114
32, 110
33, 109
33, 105
34, 104
34, 101
35, 100
35, 96
36, 95
36, 93
37, 92
37, 89
38, 88
38, 86
39, 85
39, 83
40, 82
40, 80
41, 79
41, 77
42, 76
42, 74
43, 73
43, 71
44, 70
44, 69
45, 68
45, 67
46, 66
46, 64
47, 63
47, 62
48, 61
48, 60
49, 59
49, 58
50, 57
50, 56
51, 55
51, 54
53, 52
53, 51
54, 50
54, 49
55, 48
55, 47
56, 46
56, 45
57, 44
57, 43
59, 41
59, 40
60, 39
60, 38
61, 37
61, 36
63, 34
63, 33
64, 32
64, 31
66, 29
66, 28
68, 26
68, 25
70, 23
70, 22
77, 15
80, 15
82, 17
82, 28
81, 29
81, 33
80, 34
80, 38
79, 39
79, 42
78, 43
78, 46
77, 47
77, 49
76, 50
76, 52
75, 53
75, 56
74, 57
74, 59
73, 60
73, 63
72, 64
72, 66
71, 67
71, 69
70, 70
70, 72
69, 73
69, 75
68, 76
68, 77
67, 78
67, 80
68, 80
69, 79
69, 77
70, 76
70, 74
71, 73
71, 71
72, 70
72, 68
73, 67
73, 65
74, 64
74, 62
75, 61
75, 58
76, 57
76, 55
77, 54
77, 51
78, 50
78, 48
79, 47
79, 45
80, 44
80, 41
81, 40
81, 37
82, 36
82, 32
83, 31
83, 26
84, 25
84, 19
83, 18
83, 16
80, 13
362, 239
363, 238
364, 238
365, 239
365, 240
366, 241
366, 245
367, 246
367, 247
368, 248
369, 248
370, 249
371, 249
372, 248
374, 248
375, 247
376, 247
377, 246
378, 246
379, 245
380, 246
380, 247
378, 249
378, 250
375, 253
375, 254
371, 258
370, 258
369, 259
365, 259
362, 256
362, 253
361, 252
361, 241
362, 240
361, 232
363, 234
365, 199
363, 200
443, 197
444, 196
456, 200
456, 201
457, 202
457, 203
458, 204
458, 206
459, 207
459, 211
460, 212
460, 217
459, 218
459, 224
458, 225
458, 232
457, 233
457, 238
456, 239
455, 242
455, 243
454, 244
454, 245
452, 247
452, 248
450, 250
450, 251
448, 253
448, 254
447, 255
447, 256
446, 257
446, 258
444, 260
444, 261
443, 262
443, 263
436, 270
435, 270
434, 271
422, 267
422, 266
421, 265
421, 264
420, 263
420, 260
419, 259
419, 253
418, 252
418, 229
419, 228
420, 222
420, 221
423, 218
423, 217
424, 216
424, 215
425, 214
425, 213
427, 211
427, 210
439, 198
440, 198
441, 197
131, 196
132, 197
132, 198
133, 199
133, 208
132, 209
132, 212
131, 213
131, 215
130, 216
130, 217
129, 218
129, 219
128, 220
128, 221
126, 223
126, 224
125, 225
125, 226
123, 228
123, 229
121, 231
121, 232
119, 234
118, 233
118, 225
119, 224
119, 219
120, 218
120, 214
121, 213
121, 211
122, 210
122, 209
123, 208
123, 207
124, 206
124, 205
126, 203
126, 202
127, 201
127, 200
369, 194
370, 193
372, 193
373, 194
373, 195
374, 196
374, 207
373, 208
373, 217
372, 218
372, 219
371, 220
371, 221
370, 222
370, 223
369, 224
369, 225
367, 227
367, 228
365, 230
363, 228
363, 226
362, 225
362, 217
363, 216
363, 211
364, 210
364, 207
365, 206
365, 203
366, 202
366, 201
367, 200
367, 198
368, 197
368, 196
369, 195
342, 151
344, 153
344, 170
343, 171
343, 180
342, 181
342, 187
341, 188
341, 193
340, 194
340, 199
339, 200
339, 203
338, 204
338, 207
337, 208
337, 210
336, 211
336, 213
335, 214
335, 216
334, 217
334, 220
333, 221
333, 222
332, 223
332, 225
331, 226
331, 228
329, 230
328, 229
328, 220
329, 219
329, 204
330, 203
330, 197
331, 196
331, 190
332, 189
332, 184
333, 183
333, 178
334, 177
334, 173
335, 172
335, 168
336, 167
336, 164
337, 163
337, 160
338, 159
338, 156
339, 155
339, 154
314, 143
316, 145
316, 146
315, 147
315, 153
314, 154
314, 159
313, 160
313, 167
312, 168
312, 174
311, 175
311, 178
310, 179
310, 182
309, 183
309, 186
308, 187
308, 190
307, 191
307, 195
306, 196
306, 198
305, 199
305, 202
304, 203
304, 205
303, 206
303, 208
301, 210
300, 209
300, 199
301, 198
301, 188
302, 187
302, 181
303, 180
303, 175
304, 174
304, 170
305, 169
305, 166
306, 165
306, 161
307, 160
307, 157
308, 156
308, 153
309, 152
309, 150
310, 149
310, 148
312, 146
312, 145
272, 141
273, 141
276, 144
276, 145
277, 146
277, 156
276, 157
276, 161
275, 162
275, 166
274, 167
274, 171
273, 172
273, 175
272, 176
272, 178
271, 179
271, 181
270, 182
270, 184
269, 185
269, 186
268, 187
268, 189
267, 190
267, 191
266, 192
266, 193
265, 194
265, 196
264, 197
264, 198
263, 199
263, 201
262, 202
262, 203
261, 204
261, 205
260, 206
260, 207
259, 208
259, 209
258, 210
258, 211
257, 212
257, 214
255, 216
254, 215
254, 202
255, 201
255, 195
256, 194
256, 188
257, 187
257, 181
258, 180
258, 176
259, 175
259, 172
260, 171
260, 167
261, 166
261, 164
262, 163
262, 161
263, 160
263, 158
264, 157
264, 155
265, 154
265, 152
266, 151
266, 149
267, 148
267, 147
268, 146
268, 145
230, 135
231, 135
232, 136
232, 158
231, 159
231, 163
230, 164
230, 168
229, 169
229, 171
228, 172
228, 174
227, 175
227, 177
226, 178
226, 180
225, 181
225, 182
224, 183
224, 184
223, 185
223, 186
222, 187
222, 188
221, 189
221, 190
220, 191
220, 192
218, 194
218, 195
216, 197
216, 198
214, 200
214, 201
211, 204
210, 203
210, 201
211, 200
211, 194
212, 193
212, 188
213, 187
213, 183
214, 182
214, 179
215, 178
215, 175
216, 174
216, 172
217, 171
217, 168
218, 167
218, 165
219, 164
219, 161
220, 160
220, 158
221, 157
221, 155
222, 154
222, 152
223, 151
223, 149
224, 148
224, 146
225, 145
225, 143
226, 142
226, 141
227, 140
227, 138
392, 134
396, 134
398, 136
398, 137
399, 138
399, 139
400, 140
400, 142
401, 143
401, 144
402, 145
402, 148
403, 149
403, 152
404, 153
404, 157
405, 158
405, 175
404, 176
404, 184
403, 185
403, 191
402, 192
402, 197
401, 198
401, 202
400, 203
400, 206
399, 207
399, 210
398, 211
398, 213
397, 214
397, 215
396, 216
396, 218
395, 219
395, 220
394, 221
394, 222
393, 223
393, 224
392, 225
392, 226
391, 227
391, 228
390, 229
390, 230
389, 231
389, 232
387, 234
387, 235
385, 237
385, 238
381, 242
380, 242
378, 244
377, 244
375, 246
374, 246
373, 247
370, 247
368, 245
368, 242
367, 241
367, 240
366, 239
366, 236
365, 235
366, 234
366, 232
367, 231
367, 230
368, 229
368, 228
370, 226
370, 225
371, 224
371, 223
372, 222
372, 221
373, 220
373, 219
374, 218
374, 216
375, 215
375, 204
376, 203
376, 198
375, 197
375, 195
374, 194
374, 193
373, 192
373, 191
370, 191
368, 193
368, 194
367, 195
367, 196
366, 197
366, 198
365, 199
364, 194
365, 193
365, 190
366, 189
366, 186
367, 185
367, 183
368, 182
368, 180
369, 179
369, 177
370, 176
370, 174
371, 173
371, 171
372, 170
372, 168
373, 167
373, 165
374, 164
374, 162
375, 161
375, 159
376, 158
376, 156
377, 155
377, 153
378, 152
378, 151
379, 150
379, 149
380, 148
380, 147
381, 146
381, 145
383, 143
383, 142
389, 136
390, 136
93, 132
96, 132
99, 135
99, 137
100, 138
100, 149
99, 150
99, 157
98, 158
98, 165
97, 166
97, 172
96, 173
96, 176
95, 177
95, 180
94, 181
94, 183
93, 184
93, 187
92, 188
92, 190
91, 191
91, 193
90, 194
90, 196
89, 197
89, 199
88, 200
88, 202
87, 203
87, 204
86, 205
86, 206
85, 207
85, 208
84, 209
84, 210
83, 211
83, 212
82, 213
82, 214
80, 216
80, 217
78, 219
78, 220
75, 223
74, 222
74, 202
75, 201
75, 192
76, 191
76, 181
77, 180
77, 172
78, 171
78, 166
79, 165
79, 162
80, 161
80, 158
81, 157
81, 155
82, 154
82, 152
83, 151
83, 149
84, 148
84, 147
85, 146
85, 145
86, 144
86, 142
87, 141
87, 140
89, 138
89, 137
90, 136
90, 135
187, 131
188, 130
189, 131
189, 132
190, 133
190, 142
189, 143
189, 151
188, 152
188, 157
187, 158
187, 163
186, 164
186, 168
185, 169
185, 171
184, 172
184, 174
183, 175
183, 176
182, 177
182, 179
181, 180
181, 182
180, 183
180, 184
179, 185
179, 187
178, 188
178, 190
177, 191
177, 193
176, 194
176, 195
175, 196
175, 198
174, 199
174, 201
173, 202
173, 203
172, 204
172, 206
171, 207
171, 208
169, 210
169, 211
168, 212
168, 213
167, 214
167, 215
165, 217
164, 216
164, 205
165, 204
165, 198
166, 197
166, 193
167, 192
167, 189
168, 188
168, 184
169, 183
169, 181
170, 180
170, 177
171, 176
171, 173
172, 172
172, 170
173, 169
173, 166
174, 165
174, 163
175, 162
175, 159
176, 158
176, 155
177, 154
177, 151
178, 150
178, 148
179, 147
179, 145
180, 144
180, 142
181, 141
181, 139
182, 138
182, 137
183, 136
183, 135
185, 133
185, 132
186, 131
467, 64
468, 63
471, 63
473, 65
473, 74
472, 75
472, 81
471, 82
471, 87
470, 88
470, 92
469, 93
469, 97
468, 98
468, 101
467, 102
467, 105
466, 106
466, 109
465, 110
465, 112
464, 113
464, 115
463, 116
463, 117
462, 118
462, 120
461, 121
461, 122
460, 123
460, 125
459, 126
459, 127
458, 128
458, 129
457, 130
457, 131
456, 132
456, 133
455, 134
455, 135
454, 136
454, 137
453, 138
453, 139
452, 140
452, 141
451, 142
451, 143
450, 144
450, 145
448, 147
448, 148
447, 149
447, 150
446, 151
446, 152
444, 154
444, 155
443, 156
443, 157
441, 159
441, 160
439, 162
439, 163
436, 166
436, 167
432, 171
432, 172
430, 174
429, 173
429, 168
430, 167
430, 164
431, 163
431, 159
432, 158
432, 155
433, 154
433, 151
434, 150
434, 147
435, 146
435, 143
436, 142
436, 139
437, 138
437, 136
438, 135
438, 132
439, 131
439, 128
440, 127
440, 125
441, 124
441, 121
442, 120
442, 118
443, 117
443, 114
444, 113
444, 111
445, 110
445, 107
446, 106
446, 104
447, 103
447, 100
448, 99
448, 97
449, 96
449, 94
450, 93
450, 91
451, 90
451, 89
452, 88
452, 87
453, 86
453, 84
454, 83
454, 82
455, 81
455, 80
456, 79
456, 78
457, 77
457, 76
458, 75
458, 74
459, 73
459, 72
461, 70
461, 69
466, 64
