332, 2
334, 367
4, 369
2, 4
224, 15
223, 16
222, 16
221, 17
220, 17
217, 20
217, 21
215, 23
215, 24
214, 25
214, 27
213, 28
213, 29
212, 30
212, 33
211, 34
211, 49
212, 50
212, 53
213, 54
213, 56
214, 57
214, 59
215, 60
215, 62
216, 63
216, 65
217, 66
217, 67
218, 68
218, 70
219, 71
219, 72
220, 73
220, 74
221, 75
221, 76
222, 77
222, 78
223, 79
223, 81
224, 82
224, 83
225, 84
225, 85
226, 86
226, 87
227, 88
227, 89
229, 91
229, 93
230, 94
230, 95
231, 96
231, 97
232, 98
232, 99
233, 100
233, 102
234, 103
234, 104
235, 105
235, 107
236, 108
236, 109
237, 110
237, 112
238, 113
238, 114
239, 115
239, 116
240, 117
240, 118
241, 119
241, 120
243, 122
243, 123
245, 125
245, 126
247, 128
247, 129
249, 131
249, 132
251, 134
251, 164
250, 165
250, 172
249, 173
249, 181
248, 182
247, 182
246, 181
246, 180
243, 177
243, 176
241, 174
241, 173
238, 170
238, 169
236, 167
236, 166
233, 163
233, 162
231, 160
231, 159
228, 156
228, 155
225, 152
225, 151
222, 148
222, 147
219, 144
219, 143
215, 139
215, 138
211, 134
211, 133
206, 128
206, 127
199, 120
199, 119
187, 107
186, 107
184, 105
183, 105
182, 104
181, 104
180, 103
179, 103
178, 102
176, 102
175, 101
172, 101
171, 100
170, 100
169, 101
166, 101
165, 102
164, 102
163, 103
162, 103
158, 107
158, 108
156, 110
156, 111
155, 112
153, 112
152, 111
145, 111
144, 112
143, 112
140, 115
140, 116
138, 118
138, 119
137, 120
137, 121
136, 122
136, 123
135, 124
135, 125
134, 126
134, 128
133, 129
132, 129
129, 126
129, 125
123, 119
123, 118
117, 112
117, 111
109, 103
108, 103
103, 98
102, 98
100, 96
99, 96
98, 95
97, 95
96, 94
91, 94
88, 97
88, 99
87, 100
87, 106
86, 107
86, 115
85, 116
85, 149
84, 150
84, 167
83, 168
83, 171
82, 172
82, 173
79, 176
78, 176
77, 177
76, 177
75, 178
68, 178
66, 176
65, 176
56, 167
56, 166
54, 164
54, 163
52, 161
52, 160
51, 159
51, 158
50, 157
50, 156
49, 155
49, 153
48, 152
48, 150
47, 149
47, 144
48, 143
48, 142
49, 141
49, 140
47, 138
46, 138
45, 137
45, 131
44, 130
44, 124
43, 123
43, 117
42, 116
42, 113
41, 112
41, 108
40, 107
40, 104
39, 103
39, 100
38, 99
38, 95
37, 94
37, 92
36, 91
36, 89
35, 88
35, 86
34, 85
34, 84
33, 83
33, 82
32, 81
32, 79
31, 78
31, 77
29, 75
29, 74
28, 73
28, 72
27, 71
27, 70
26, 69
26, 68
23, 65
22, 65
21, 64
18, 64
17, 65
16, 65
16, 66
14, 68
14, 82
15, 83
15, 88
16, 89
16, 93
17, 94
17, 98
18, 99
18, 102
19, 103
19, 106
20, 107
20, 109
21, 110
21, 113
22, 114
22, 116
23, 117
23, 119
24, 120
24, 122
25, 123
25, 125
26, 126
26, 128
27, 129
27, 130
28, 131
28, 133
29, 134
29, 136
30, 137
30, 138
31, 139
31, 141
32, 142
32, 143
33, 144
33, 146
34, 147
34, 148
35, 149
35, 151
36, 152
36, 154
37, 155
37, 157
38, 158
38, 160
39, 161
39, 162
40, 163
40, 164
41, 165
41, 167
42, 168
42, 169
43, 170
43, 172
44, 173
44, 174
45, 175
45, 179
46, 180
46, 185
47, 186
47, 191
48, 192
48, 197
49, 198
49, 202
50, 203
50, 208
51, 209
51, 214
52, 215
52, 219
53, 220
53, 224
54, 225
54, 228
55, 229
55, 232
56, 233
56, 236
57, 237
57, 240
58, 241
58, 244
59, 245
59, 249
60, 250
60, 253
61, 254
61, 259
62, 260
62, 266
63, 267
63, 272
64, 273
64, 278
65, 279
65, 284
66, 285
66, 292
67, 293
67, 300
68, 301
68, 310
69, 311
69, 318
68, 319
66, 317
66, 316
64, 314
64, 313
63, 312
63, 311
61, 309
61, 308
57, 304
57, 303
46, 292
46, 291
38, 283
38, 282
35, 279
35, 278
34, 277
34, 275
31, 275
30, 276
30, 277
31, 278
31, 279
32, 280
32, 281
33, 282
33, 283
38, 288
38, 289
49, 300
49, 301
56, 308
56, 309
59, 312
59, 313
61, 315
61, 316
62, 317
62, 318
64, 320
64, 321
65, 322
65, 323
66, 324
66, 326
67, 327
67, 328
68, 329
68, 330
69, 331
69, 333
70, 334
70, 335
71, 336
71, 338
72, 339
72, 343
73, 344
73, 349
74, 350
74, 352
76, 354
79, 354
79, 348
78, 347
78, 345
77, 344
77, 342
76, 341
76, 338
75, 337
75, 330
74, 329
74, 322
73, 321
73, 313
72, 312
72, 304
71, 303
71, 295
70, 294
70, 287
69, 286
69, 281
68, 280
68, 275
67, 274
67, 269
66, 268
66, 262
65, 261
65, 256
64, 255
64, 251
63, 250
63, 246
62, 245
62, 242
61, 241
61, 238
60, 237
60, 234
59, 233
59, 230
58, 229
58, 226
57, 225
57, 221
56, 220
56, 216
55, 215
55, 211
54, 210
54, 205
53, 204
53, 199
54, 198
55, 199
55, 201
56, 202
56, 203
57, 204
57, 205
58, 206
58, 208
59, 209
59, 210
60, 211
60, 213
61, 214
61, 215
62, 216
62, 218
63, 219
63, 220
64, 221
64, 222
65, 223
65, 224
66, 225
66, 226
67, 227
67, 229
68, 230
68, 231
69, 232
69, 233
70, 234
70, 235
71, 236
71, 238
72, 239
72, 240
73, 241
73, 243
74, 244
74, 245
75, 246
75, 248
76, 249
76, 250
77, 251
77, 253
78, 254
78, 255
79, 256
79, 258
80, 259
80, 260
81, 261
81, 263
82, 264
82, 265
83, 266
83, 267
84, 268
84, 270
85, 271
85, 272
86, 273
86, 274
87, 275
87, 277
88, 278
88, 279
89, 280
89, 281
90, 282
90, 283
91, 284
91, 286
92, 287
92, 288
93, 289
93, 290
94, 291
94, 292
95, 293
95, 294
96, 295
96, 297
97, 298
97, 299
98, 300
98, 301
99, 302
99, 303
100, 304
100, 305
101, 306
101, 307
102, 308
102, 309
103, 310
103, 312
104, 313
104, 314
105, 315
105, 317
106, 318
106, 320
107, 321
107, 322
108, 323
108, 324
109, 325
109, 327
110, 328
110, 329
111, 330
111, 331
112, 332
112, 333
113, 334
113, 336
114, 337
114, 338
115, 339
115, 340
116, 341
116, 342
117, 343
118, 343
119, 344
120, 343
121, 343
124, 340
124, 338
125, 337
125, 336
126, 335
126, 334
127, 333
127, 332
128, 331
128, 329
129, 328
129, 324
130, 323
130, 312
131, 311
131, 293
132, 292
132, 282
133, 281
133, 273
134, 272
134, 246
133, 245
133, 244
134, 243
134, 238
133, 237
132, 237
131, 238
131, 239
130, 240
130, 275
129, 276
129, 284
128, 285
128, 297
127, 298
127, 316
126, 317
126, 325
125, 326
125, 328
124, 329
124, 331
123, 332
123, 333
122, 334
122, 335
121, 336
121, 337
120, 338
119, 338
118, 337
118, 336
117, 335
117, 334
116, 333
116, 332
115, 331
115, 330
114, 329
114, 327
113, 326
113, 325
112, 324
112, 323
111, 322
111, 320
110, 319
110, 318
109, 317
109, 315
108, 314
108, 313
107, 312
107, 310
106, 309
106, 308
105, 307
105, 306
104, 305
104, 304
103, 303
103, 301
102, 300
102, 299
101, 298
101, 297
100, 296
100, 295
99, 294
99, 293
98, 292
98, 291
97, 290
97, 288
96, 287
96, 286
95, 285
95, 284
94, 283
94, 282
93, 281
93, 279
92, 278
92, 277
91, 276
91, 275
90, 274
90, 273
89, 272
89, 270
88, 269
88, 268
87, 267
87, 266
86, 265
86, 263
85, 262
85, 261
84, 260
84, 259
83, 258
83, 256
82, 255
82, 254
81, 253
81, 251
80, 250
80, 249
79, 248
79, 246
78, 245
78, 243
77, 242
77, 241
76, 240
76, 238
75, 237
75, 236
74, 235
74, 234
73, 233
73, 231
72, 230
72, 229
71, 228
71, 227
70, 226
70, 225
69, 224
69, 223
68, 222
68, 220
67, 219
67, 218
66, 217
66, 216
65, 215
65, 214
64, 213
64, 211
63, 210
63, 209
62, 208
62, 206
61, 205
61, 204
60, 203
60, 201
59, 200
59, 199
58, 198
58, 196
57, 195
57, 194
56, 193
56, 192
55, 191
55, 189
54, 188
54, 186
53, 185
53, 184
52, 183
52, 181
51, 180
51, 179
50, 178
50, 177
49, 176
49, 174
48, 173
48, 170
47, 169
47, 164
48, 163
49, 164
49, 165
51, 167
51, 168
54, 171
54, 172
60, 178
61, 178
64, 181
65, 181
66, 182
68, 182
69, 183
73, 183
74, 182
77, 182
78, 181
79, 181
80, 180
81, 180
86, 175
86, 174
87, 173
87, 171
88, 170
88, 164
89, 163
89, 124
90, 123
90, 110
91, 109
91, 103
92, 102
92, 100
93, 99
96, 99
97, 100
98, 100
101, 103
102, 103
116, 117
116, 118
121, 123
121, 124
127, 130
127, 131
131, 135
131, 136
132, 137
132, 140
131, 141
131, 162
132, 163
132, 166
133, 167
133, 169
134, 170
134, 171
135, 172
135, 173
136, 174
136, 175
137, 176
137, 178
138, 179
138, 180
139, 181
139, 182
140, 183
140, 184
141, 185
141, 186
143, 188
143, 189
144, 190
144, 191
146, 193
146, 194
149, 197
149, 198
153, 202
154, 202
155, 203
156, 203
157, 204
163, 204
164, 203
165, 203
168, 200
168, 199
169, 198
169, 194
170, 193
171, 193
177, 199
178, 199
181, 202
182, 202
185, 205
186, 205
189, 208
190, 208
192, 210
193, 210
194, 211
195, 211
196, 212
197, 212
198, 213
199, 213
200, 214
204, 214
205, 215
206, 215
207, 214
209, 214
213, 210
213, 208
214, 207
214, 205
215, 204
215, 187
214, 186
214, 184
213, 183
213, 182
212, 181
212, 179
211, 178
211, 177
210, 176
210, 174
209, 173
209, 172
207, 170
207, 169
206, 168
206, 167
205, 166
205, 165
203, 163
203, 162
201, 160
201, 159
198, 156
198, 155
195, 152
195, 151
193, 149
193, 148
191, 146
191, 145
187, 141
187, 140
174, 127
174, 126
167, 119
166, 119
164, 117
163, 117
162, 116
161, 116
160, 115
160, 113
161, 112
161, 111
166, 106
167, 106
168, 105
173, 105
174, 106
176, 106
177, 107
178, 107
179, 108
180, 108
182, 110
183, 110
185, 112
186, 112
192, 118
192, 119
198, 125
198, 126
205, 133
205, 134
209, 138
209, 139
213, 143
213, 144
217, 148
217, 149
220, 152
220, 153
223, 156
223, 157
225, 159
225, 160
228, 163
228, 164
231, 167
231, 168
233, 170
233, 171
236, 174
236, 175
238, 177
238, 178
241, 181
241, 182
244, 185
244, 186
248, 190
248, 191
249, 192
249, 197
250, 198
250, 224
251, 225
251, 235
252, 236
252, 239
253, 240
253, 242
254, 243
254, 245
255, 246
255, 248
256, 249
256, 250
257, 251
257, 253
258, 254
258, 255
259, 256
259, 258
260, 259
260, 260
261, 261
261, 262
262, 263
262, 265
263, 266
263, 267
264, 268
264, 269
265, 270
265, 271
266, 272
266, 273
267, 274
267, 275
268, 276
268, 277
269, 278
269, 279
271, 281
271, 282
272, 283
272, 284
275, 287
275, 288
280, 293
281, 293
285, 297
286, 297
288, 299
291, 299
292, 300
293, 300
294, 299
295, 299
296, 298
296, 297
297, 296
297, 295
298, 294
298, 290
299, 289
299, 280
298, 279
298, 273
297, 272
297, 269
296, 268
296, 265
295, 264
295, 262
294, 261
294, 258
293, 257
293, 255
292, 254
292, 253
291, 252
291, 250
290, 249
290, 248
289, 247
289, 246
288, 245
288, 244
287, 243
287, 242
286, 241
286, 239
284, 237
284, 236
283, 235
283, 234
281, 232
281, 231
280, 230
280, 229
278, 227
278, 226
276, 224
276, 223
275, 222
275, 221
273, 219
273, 218
271, 216
271, 215
269, 213
269, 212
267, 210
267, 209
265, 207
265, 206
263, 204
263, 203
261, 201
261, 200
259, 198
259, 197
256, 194
256, 193
254, 191
254, 190
253, 189
253, 177
254, 176
254, 169
255, 168
255, 157
256, 156
256, 143
257, 142
259, 144
259, 145
263, 149
263, 150
268, 155
268, 156
277, 165
277, 166
285, 174
285, 175
293, 183
293, 184
307, 198
307, 199
316, 208
318, 208
319, 209
320, 209
322, 207
322, 206
320, 204
319, 204
305, 190
305, 189
293, 177
293, 176
286, 169
286, 168
277, 159
277, 158
269, 150
269, 149
265, 145
265, 144
261, 140
261, 139
257, 135
257, 134
255, 132
255, 116
254, 115
254, 79
253, 78
253, 71
252, 70
252, 65
251, 64
251, 60
250, 59
250, 54
249, 53
249, 46
248, 45
248, 38
247, 37
247, 33
246, 32
246, 30
245, 29
245, 28
244, 27
244, 26
243, 25
243, 24
236, 17
235, 17
234, 16
233, 16
232, 15
254, 202
255, 201
256, 201
257, 202
257, 203
259, 205
259, 206
261, 208
261, 209
263, 211
263, 212
265, 214
265, 215
267, 217
267, 218
268, 219
268, 220
270, 222
270, 223
272, 225
272, 226
273, 227
273, 228
275, 230
275, 231
277, 233
277, 234
278, 235
278, 236
280, 238
280, 239
281, 240
281, 241
282, 242
282, 243
283, 244
283, 245
284, 246
284, 247
285, 248
285, 249
286, 250
286, 251
287, 252
287, 254
288, 255
288, 257
289, 258
289, 260
290, 261
290, 263
291, 264
291, 266
292, 267
292, 271
293, 272
293, 275
294, 276
294, 291
293, 292
293, 294
292, 295
291, 295
290, 294
289, 294
286, 291
285, 291
277, 283
277, 282
275, 280
275, 279
274, 278
274, 277
272, 275
272, 274
271, 273
271, 272
270, 271
270, 270
269, 269
269, 268
268, 267
268, 266
267, 265
267, 264
266, 263
266, 261
265, 260
265, 259
264, 258
264, 256
263, 255
263, 254
262, 253
262, 251
261, 250
261, 249
260, 248
260, 247
259, 246
259, 244
258, 243
258, 241
257, 240
257, 238
256, 237
256, 232
255, 231
255, 208
254, 207
136, 144
137, 143
141, 147
141, 148
146, 153
146, 154
148, 156
148, 157
150, 159
150, 160
152, 162
152, 163
155, 166
155, 167
158, 170
158, 171
159, 172
159, 173
160, 174
160, 175
161, 176
161, 177
162, 178
162, 179
163, 180
163, 181
164, 182
164, 188
165, 189
165, 196
162, 199
161, 199
160, 200
159, 199
157, 199
151, 193
151, 192
149, 190
149, 189
147, 187
147, 186
146, 185
146, 184
144, 182
144, 181
143, 180
143, 179
142, 178
142, 176
141, 175
141, 174
140, 173
140, 172
139, 171
139, 170
138, 169
138, 168
137, 167
137, 164
136, 163
136, 159
135, 158
135, 146
136, 145
157, 121
158, 120
160, 120
161, 121
162, 121
172, 131
172, 132
185, 145
185, 146
188, 149
188, 150
190, 152
190, 153
193, 156
193, 157
195, 159
195, 160
198, 163
198, 164
200, 166
200, 167
202, 169
202, 170
203, 171
203, 172
204, 173
204, 174
205, 175
205, 176
206, 177
206, 178
207, 179
207, 180
208, 181
208, 183
209, 184
209, 185
210, 186
210, 189
211, 190
211, 201
210, 202
210, 205
209, 206
209, 207
206, 210
202, 210
201, 209
200, 209
199, 208
198, 208
197, 207
196, 207
194, 205
193, 205
190, 202
189, 202
186, 199
185, 199
183, 197
182, 197
178, 193
177, 193
174, 190
174, 189
172, 187
172, 186
171, 185
171, 184
169, 182
169, 181
168, 180
168, 178
167, 177
167, 176
166, 175
166, 174
164, 172
164, 171
163, 170
163, 168
162, 167
162, 165
161, 164
161, 162
160, 161
160, 159
159, 158
159, 157
158, 156
158, 155
157, 154
157, 152
156, 151
156, 148
155, 147
155, 129
156, 128
156, 124
157, 123
147, 115
150, 115
151, 116
152, 116
153, 117
153, 121
152, 122
152, 125
151, 126
151, 133
150, 134
150, 143
151, 144
151, 150
150, 151
148, 149
148, 148
141, 141
141, 140
137, 136
137, 131
138, 130
138, 128
139, 127
139, 126
140, 125
140, 124
141, 123
141, 122
143, 120
143, 119
18, 69
19, 68
20, 68
24, 72
24, 73
25, 74
25, 75
26, 76
26, 77
27, 78
27, 79
28, 80
28, 81
29, 82
29, 83
30, 84
30, 85
31, 86
31, 88
32, 89
32, 91
33, 92
33, 94
34, 95
34, 98
35, 99
35, 102
36, 103
36, 107
37, 108
37, 111
38, 112
38, 115
39, 116
39, 121
40, 122
40, 128
41, 129
41, 140
42, 141
42, 153
41, 154
40, 153
40, 152
39, 151
39, 149
38, 148
38, 147
37, 146
37, 144
36, 143
36, 142
35, 141
35, 139
34, 138
34, 137
33, 136
33, 134
32, 133
32, 131
31, 130
31, 129
30, 128
30, 126
29, 125
29, 123
28, 122
28, 120
27, 119
27, 117
26, 116
26, 114
25, 113
25, 111
24, 110
24, 107
23, 106
23, 103
22, 102
22, 99
21, 98
21, 95
20, 94
20, 90
19, 89
19, 85
18, 84
18, 77
17, 76
17, 71
18, 70
226, 20
227, 19
229, 19
230, 20
232, 20
240, 28
240, 29
241, 30
241, 31
242, 32
242, 35
243, 36
243, 41
244, 42
244, 49
245, 50
245, 56
246, 57
246, 62
247, 63
247, 67
248, 68
248, 74
249, 75
249, 84
250, 85
250, 122
249, 123
248, 122
248, 121
246, 119
246, 118
245, 117
245, 116
244, 115
244, 114
243, 113
243, 112
242, 111
242, 110
241, 109
241, 108
240, 107
240, 106
239, 105
239, 103
238, 102
238, 101
237, 100
237, 98
236, 97
236, 96
235, 95
235, 93
234, 92
234, 91
233, 90
233, 89
232, 88
232, 87
231, 86
231, 85
229, 83
229, 82
228, 81
228, 79
227, 78
227, 77
226, 76
226, 75
225, 74
225, 73
224, 72
224, 71
223, 70
223, 68
222, 67
222, 66
221, 65
221, 63
220, 62
220, 61
219, 60
219, 58
218, 57
218, 55
217, 54
217, 52
216, 51
216, 48
215, 47
215, 37
216, 36
216, 33
217, 32
217, 30
218, 29
218, 27
220, 25
220, 24
224, 20
