188, 2
190, 367
4, 369
2, 4
11, 14
7, 18
7, 21
6, 22
6, 25
7, 26
7, 32
8, 33
8, 35
9, 36
9, 38
10, 39
10, 42
11, 43
11, 44
12, 45
12, 47
13, 48
13, 50
14, 51
14, 52
15, 53
15, 55
16, 56
16, 57
17, 58
17, 59
18, 60
18, 62
19, 63
19, 64
20, 65
20, 66
21, 67
21, 68
22, 69
22, 70
23, 71
23, 72
24, 73
24, 74
25, 75
25, 76
26, 77
26, 78
27, 79
27, 80
28, 81
28, 82
29, 83
29, 84
31, 86
31, 87
32, 88
32, 89
33, 90
33, 91
34, 92
34, 93
35, 94
35, 95
37, 97
37, 98
38, 99
38, 100
39, 101
39, 102
41, 104
41, 105
42, 106
42, 107
43, 108
43, 109
45, 111
45, 112
46, 113
46, 114
48, 116
48, 117
49, 118
49, 119
50, 120
50, 121
52, 123
52, 124
53, 125
53, 137
54, 138
54, 241
53, 242
53, 247
54, 248
59, 248
59, 242
60, 241
60, 141
61, 140
62, 141
62, 142
63, 143
63, 144
64, 145
64, 146
66, 148
66, 149
67, 150
67, 151
68, 152
68, 153
69, 154
69, 155
71, 157
71, 158
72, 159
72, 160
73, 161
73, 162
74, 163
74, 213
75, 214
75, 228
76, 229
76, 240
77, 241
77, 248
78, 249
78, 255
79, 256
79, 261
80, 262
80, 267
81, 268
81, 272
82, 273
82, 277
83, 278
83, 281
84, 282
84, 285
85, 286
85, 288
86, 289
86, 292
87, 293
87, 295
88, 296
88, 299
89, 300
89, 302
90, 303
90, 306
91, 307
91, 309
92, 310
92, 313
93, 314
93, 316
94, 317
94, 320
95, 321
95, 324
96, 325
96, 328
97, 329
97, 332
98, 333
98, 336
99, 337
99, 339
102, 342
108, 342
109, 343
112, 343
113, 344
114, 344
116, 346
117, 346
120, 349
121, 349
124, 352
125, 352
126, 353
127, 353
128, 354
129, 354
130, 355
137, 355
138, 354
139, 354
140, 353
141, 353
145, 349
145, 348
147, 346
147, 344
148, 343
148, 342
149, 341
149, 339
150, 338
150, 336
151, 335
151, 332
152, 331
152, 327
153, 326
153, 321
154, 320
154, 312
155, 311
155, 301
156, 300
156, 244
155, 243
155, 229
154, 228
154, 219
153, 218
153, 210
152, 209
152, 203
151, 202
151, 196
150, 195
150, 191
149, 190
149, 189
150, 188
151, 188
152, 189
152, 190
155, 193
155, 194
158, 197
158, 198
162, 202
162, 203
166, 207
166, 208
170, 212
170, 213
174, 217
174, 218
177, 221
177, 222
181, 226
182, 226
184, 224
184, 223
183, 222
183, 221
180, 218
180, 217
177, 214
177, 213
173, 209
173, 208
169, 204
169, 203
165, 199
165, 198
161, 194
161, 193
158, 190
158, 189
155, 186
155, 185
152, 182
152, 181
149, 178
149, 177
147, 175
147, 174
145, 172
145, 171
144, 170
144, 168
143, 167
143, 164
142, 163
142, 161
141, 160
141, 158
140, 157
140, 155
139, 154
139, 152
138, 151
138, 149
144, 143
144, 142
145, 141
145, 140
146, 139
146, 120
145, 119
145, 114
144, 113
144, 109
143, 108
143, 105
142, 104
142, 102
141, 101
141, 98
140, 97
140, 95
139, 94
139, 92
138, 91
138, 90
137, 89
137, 88
136, 87
136, 86
135, 85
135, 84
131, 80
130, 80
129, 79
125, 79
124, 80
123, 80
122, 81
121, 81
115, 87
115, 88
113, 90
113, 91
112, 92
110, 90
110, 89
109, 88
109, 87
108, 86
108, 85
107, 84
107, 83
105, 81
105, 80
103, 78
102, 78
101, 77
98, 77
97, 78
96, 78
96, 79
94, 81
94, 83
93, 84
93, 87
92, 88
92, 96
91, 97
89, 97
88, 96
83, 96
82, 97
81, 97
80, 96
80, 79
79, 78
76, 78
76, 79
75, 80
75, 115
74, 116
74, 127
73, 128
72, 128
71, 127
71, 126
70, 125
70, 124
69, 123
69, 121
68, 120
68, 117
66, 115
64, 115
63, 116
63, 119
64, 120
64, 123
65, 124
65, 125
66, 126
66, 127
67, 128
67, 129
68, 130
68, 131
69, 132
69, 133
70, 134
70, 135
72, 137
72, 138
73, 139
73, 145
72, 146
70, 144
70, 143
69, 142
69, 141
68, 140
68, 139
66, 137
66, 136
65, 135
65, 134
64, 133
64, 132
63, 131
63, 130
61, 128
61, 127
60, 126
60, 125
59, 124
59, 121
58, 120
58, 111
57, 110
57, 104
56, 103
56, 97
55, 96
55, 92
54, 91
54, 87
53, 86
53, 83
52, 82
52, 78
51, 77
51, 75
50, 74
50, 71
49, 70
49, 67
48, 66
48, 64
47, 63
47, 61
46, 60
46, 58
45, 57
45, 55
44, 54
44, 53
43, 52
43, 50
42, 49
42, 48
41, 47
41, 45
40, 44
40, 43
39, 42
39, 41
38, 40
38, 39
37, 38
37, 37
36, 36
36, 35
34, 33
34, 32
33, 31
33, 30
30, 27
30, 26
20, 16
19, 16
18, 15
17, 15
16, 14
134, 153
132, 154
119, 124
120, 123
122, 125
122, 126
123, 127
123, 128
124, 129
124, 130
125, 131
125, 132
126, 133
126, 134
127, 135
127, 137
128, 138
128, 139
129, 140
129, 141
130, 142
130, 144
131, 145
129, 147
128, 147
125, 144
125, 143
123, 141
123, 140
120, 137
120, 136
119, 135
119, 131
120, 130
120, 126
119, 125
95, 112
96, 111
100, 115
100, 116
102, 118
102, 119
104, 121
104, 122
106, 124
106, 125
109, 128
109, 129
110, 130
110, 132
111, 133
111, 136
112, 137
112, 139
113, 140
113, 142
114, 143
114, 144
116, 146
116, 147
119, 150
120, 150
121, 151
123, 151
124, 152
125, 152
126, 153
126, 154
129, 157
129, 158
131, 160
131, 161
133, 163
133, 164
136, 167
136, 168
138, 170
138, 171
140, 173
140, 174
141, 175
141, 176
142, 177
142, 180
143, 181
143, 184
144, 185
144, 188
145, 189
145, 193
146, 194
146, 199
147, 200
147, 206
148, 207
148, 214
149, 215
149, 224
150, 225
150, 236
151, 237
151, 257
152, 258
152, 287
151, 288
151, 305
150, 306
150, 315
149, 316
149, 322
148, 323
148, 328
147, 329
147, 332
146, 333
146, 336
145, 337
145, 338
144, 339
144, 341
143, 342
143, 343
142, 344
142, 345
137, 350
130, 350
129, 349
128, 349
125, 346
124, 346
120, 342
119, 342
118, 341
117, 341
116, 340
115, 340
114, 339
112, 339
111, 338
105, 338
103, 336
103, 334
102, 333
102, 330
101, 329
101, 326
100, 325
100, 322
99, 321
99, 318
98, 317
98, 314
97, 313
97, 311
96, 310
96, 307
95, 306
95, 304
94, 303
94, 300
93, 299
93, 297
92, 296
92, 293
91, 292
91, 290
90, 289
90, 286
89, 285
89, 283
88, 282
88, 279
87, 278
87, 274
86, 273
86, 270
85, 269
85, 264
84, 263
84, 258
83, 257
83, 252
82, 251
82, 244
81, 243
81, 234
80, 233
80, 222
79, 221
79, 197
78, 196
78, 195
79, 194
79, 193
81, 191
81, 185
80, 184
80, 178
81, 177
82, 178
82, 179
84, 181
84, 182
85, 183
85, 184
86, 185
86, 186
87, 187
87, 188
88, 189
88, 190
89, 191
89, 192
90, 193
90, 195
91, 196
91, 197
92, 198
92, 199
93, 200
93, 201
94, 202
94, 203
95, 204
95, 205
96, 206
96, 208
97, 209
97, 210
98, 211
98, 212
99, 213
99, 215
100, 216
100, 217
101, 218
101, 220
102, 221
102, 222
103, 223
103, 224
104, 225
104, 227
105, 228
105, 229
106, 230
106, 232
107, 233
107, 234
108, 235
108, 237
109, 238
109, 239
110, 240
110, 241
111, 242
111, 244
112, 245
112, 246
113, 247
113, 249
114, 250
114, 251
115, 252
115, 253
116, 254
116, 255
117, 256
117, 257
118, 258
118, 259
119, 260
119, 261
120, 262
120, 263
121, 264
121, 265
123, 267
123, 268
127, 272
129, 272
130, 271
131, 271
131, 270
132, 269
132, 263
131, 262
131, 258
130, 257
130, 254
129, 253
129, 250
128, 249
128, 245
127, 244
127, 241
126, 240
126, 237
125, 236
125, 233
124, 232
124, 229
123, 228
123, 224
122, 223
122, 220
121, 219
121, 215
120, 214
120, 210
119, 209
119, 203
118, 202
118, 186
119, 185
119, 182
118, 181
117, 181
116, 180
115, 180
113, 182
113, 184
112, 185
112, 202
113, 203
113, 210
114, 211
114, 215
115, 216
115, 220
116, 221
116, 224
117, 225
117, 228
118, 229
118, 233
119, 234
119, 237
120, 238
120, 241
121, 242
121, 245
122, 246
122, 249
121, 250
120, 249
120, 248
119, 247
119, 246
118, 245
118, 243
117, 242
117, 241
116, 240
116, 239
115, 238
115, 236
114, 235
114, 234
113, 233
113, 231
112, 230
112, 229
111, 228
111, 226
110, 225
110, 224
109, 223
109, 222
108, 221
108, 219
107, 218
107, 217
106, 216
106, 214
105, 213
105, 212
104, 211
104, 209
103, 208
103, 207
102, 206
102, 205
101, 204
101, 203
100, 202
100, 200
99, 199
99, 198
98, 197
98, 196
97, 195
97, 194
96, 193
96, 192
95, 191
95, 190
94, 189
94, 188
93, 187
93, 186
92, 185
92, 184
91, 183
91, 182
90, 181
90, 180
89, 179
89, 178
88, 177
88, 176
87, 175
87, 174
86, 173
86, 172
85, 171
85, 170
84, 169
84, 168
82, 166
82, 165
81, 164
81, 163
80, 162
80, 161
79, 160
79, 150
80, 149
81, 149
82, 150
83, 150
84, 151
85, 151
86, 152
89, 152
90, 151
91, 151
93, 149
93, 148
94, 147
94, 145
95, 144
85, 101
87, 101
88, 102
89, 102
91, 104
91, 139
90, 140
90, 145
88, 147
86, 147
80, 141
80, 140
79, 139
79, 125
80, 124
80, 109
81, 108
81, 106
82, 105
82, 104
125, 84
128, 84
132, 88
132, 89
133, 90
133, 91
134, 92
134, 94
135, 95
135, 97
136, 98
136, 100
137, 101
137, 104
138, 105
138, 107
139, 108
139, 112
140, 113
140, 117
141, 118
141, 125
142, 126
142, 135
141, 136
141, 139
136, 144
135, 143
135, 142
134, 141
134, 140
133, 139
133, 137
132, 136
132, 135
131, 134
131, 133
130, 132
130, 130
129, 129
129, 128
128, 127
128, 126
127, 125
127, 124
125, 122
125, 121
124, 120
124, 119
123, 118
123, 117
120, 114
120, 113
117, 110
117, 109
116, 108
116, 105
115, 104
115, 102
114, 101
114, 100
115, 99
115, 97
116, 96
116, 95
117, 94
117, 93
118, 92
118, 91
100, 82
102, 84
102, 85
103, 86
103, 87
105, 89
105, 90
106, 91
106, 93
107, 94
107, 95
108, 96
108, 98
109, 99
109, 104
108, 105
108, 115
107, 116
106, 116
105, 115
105, 114
103, 112
103, 111
100, 108
100, 107
97, 104
97, 103
96, 102
96, 93
97, 92
97, 87
98, 86
98, 84
13, 21
14, 20
15, 21
16, 21
19, 24
20, 24
21, 25
21, 26
26, 31
26, 32
28, 34
28, 35
30, 37
30, 38
31, 39
31, 40
32, 41
32, 42
33, 43
33, 44
34, 45
34, 46
35, 47
35, 48
36, 49
36, 51
37, 52
37, 53
38, 54
38, 56
39, 57
39, 58
40, 59
40, 61
41, 62
41, 64
42, 65
42, 68
43, 69
43, 71
44, 72
44, 75
45, 76
45, 78
46, 79
46, 83
47, 84
47, 87
48, 88
48, 92
49, 93
49, 97
50, 98
50, 103
51, 104
51, 106
50, 107
48, 105
48, 104
47, 103
47, 102
45, 100
45, 99
44, 98
44, 97
43, 96
43, 95
41, 93
41, 92
40, 91
40, 90
39, 89
39, 88
37, 86
37, 85
36, 84
36, 83
35, 82
35, 81
34, 80
34, 79
33, 78
33, 77
32, 76
32, 75
31, 74
31, 73
30, 72
30, 71
29, 70
29, 69
28, 68
28, 67
27, 66
27, 65
26, 64
26, 63
25, 62
25, 61
24, 60
24, 59
23, 58
23, 56
22, 55
22, 54
21, 53
21, 52
20, 51
20, 49
19, 48
19, 47
18, 46
18, 44
17, 43
17, 41
16, 40
16, 38
15, 37
15, 35
14, 34
14, 32
13, 31
13, 25
12, 24
12, 23
13, 22
