144, 2
146, 367
4, 369
2, 4
51, 15
49, 17
49, 18
47, 20
47, 22
46, 23
46, 24
45, 25
45, 27
44, 28
44, 29
43, 30
43, 32
42, 33
42, 34
41, 35
41, 37
40, 38
40, 39
39, 40
39, 42
38, 43
38, 44
37, 45
37, 47
36, 48
36, 50
35, 51
35, 53
34, 54
34, 57
33, 58
33, 60
32, 61
32, 63
31, 64
31, 66
30, 67
30, 69
29, 70
29, 72
28, 73
28, 76
27, 77
27, 79
26, 80
26, 83
25, 84
25, 86
24, 87
24, 90
23, 91
23, 94
22, 95
22, 98
21, 99
21, 103
20, 104
20, 108
19, 109
19, 113
18, 114
18, 120
17, 121
17, 126
16, 127
16, 130
13, 133
13, 135
14, 136
16, 136
17, 135
18, 135
19, 134
19, 132
20, 131
20, 128
21, 127
21, 122
22, 121
22, 115
23, 114
23, 110
24, 109
24, 105
25, 104
25, 100
26, 99
26, 96
27, 95
27, 92
28, 91
28, 89
29, 88
29, 85
30, 84
30, 81
31, 80
31, 78
32, 77
32, 74
33, 73
33, 71
34, 70
34, 68
35, 67
35, 65
36, 64
36, 62
37, 61
37, 59
38, 58
38, 56
39, 55
39, 52
40, 51
40, 49
41, 48
41, 46
42, 45
42, 44
43, 43
43, 41
44, 40
44, 39
45, 38
45, 36
46, 35
46, 34
47, 33
47, 31
48, 30
48, 29
49, 28
49, 27
50, 26
50, 24
51, 23
51, 22
53, 20
55, 22
55, 23
56, 24
56, 25
57, 26
57, 27
58, 28
58, 29
59, 30
59, 32
60, 33
60, 35
61, 36
61, 38
62, 39
62, 41
63, 42
63, 45
64, 46
64, 48
65, 49
65, 52
66, 53
66, 57
67, 58
67, 62
68, 63
68, 68
69, 69
69, 74
70, 75
70, 80
71, 81
71, 88
72, 89
72, 96
73, 97
73, 103
74, 104
74, 109
75, 110
75, 115
76, 116
76, 119
77, 120
77, 122
78, 123
78, 125
79, 126
79, 127
80, 128
80, 129
82, 131
82, 132
84, 134
85, 134
86, 135
87, 135
88, 136
93, 136
94, 135
95, 135
97, 133
97, 132
99, 130
99, 128
100, 127
100, 126
101, 125
101, 123
102, 122
102, 119
103, 118
103, 115
104, 114
104, 111
105, 110
105, 106
106, 105
106, 101
107, 100
107, 97
108, 96
108, 92
109, 91
109, 87
110, 86
110, 81
111, 80
111, 75
112, 74
112, 71
113, 70
113, 69
114, 68
114, 67
115, 66
116, 66
118, 68
118, 69
119, 70
119, 75
120, 76
120, 81
121, 82
121, 89
122, 90
122, 97
123, 98
123, 105
124, 106
124, 112
125, 113
125, 117
126, 118
126, 121
127, 122
127, 124
128, 125
128, 128
129, 129
129, 131
130, 132
130, 135
131, 136
131, 138
132, 139
132, 142
133, 143
133, 146
134, 147
134, 150
135, 151
135, 153
136, 154
136, 157
137, 158
137, 163
138, 164
138, 170
137, 171
137, 172
136, 173
133, 173
132, 174
131, 174
130, 173
124, 173
123, 172
121, 172
120, 171
117, 171
116, 170
114, 170
113, 169
109, 169
108, 168
106, 168
105, 167
101, 167
100, 166
98, 166
97, 165
94, 165
93, 164
91, 164
90, 163
87, 163
86, 162
84, 162
83, 161
81, 161
80, 160
79, 160
78, 159
76, 159
75, 158
73, 158
72, 157
71, 157
70, 156
68, 156
67, 155
65, 155
64, 154
63, 154
62, 153
60, 153
59, 152
57, 152
56, 151
54, 151
53, 150
50, 150
49, 149
46, 149
45, 148
41, 148
40, 147
36, 147
35, 146
24, 146
23, 147
21, 147
18, 150
16, 150
14, 152
14, 154
15, 154
16, 155
17, 154
19, 154
20, 153
21, 153
23, 151
24, 151
25, 150
34, 150
35, 151
39, 151
40, 152
44, 152
45, 153
48, 153
49, 154
49, 155
48, 156
47, 156
45, 158
44, 158
39, 163
39, 164
36, 167
36, 168
35, 169
35, 170
33, 172
33, 173
32, 174
32, 175
31, 176
31, 177
30, 178
30, 179
29, 180
29, 181
28, 182
28, 183
27, 184
27, 185
26, 186
26, 188
25, 189
25, 190
24, 191
24, 193
23, 194
23, 195
22, 196
22, 197
21, 198
21, 200
20, 201
20, 203
19, 204
19, 206
18, 207
18, 209
17, 210
17, 212
16, 213
16, 215
15, 216
15, 218
14, 219
14, 221
13, 222
13, 224
12, 225
12, 228
11, 229
11, 231
10, 232
10, 235
9, 236
9, 240
8, 241
8, 247
7, 248
7, 260
6, 261
6, 306
7, 307
7, 314
8, 315
8, 319
9, 320
9, 323
10, 324
10, 326
11, 327
11, 328
12, 329
12, 330
14, 332
14, 333
16, 335
17, 335
20, 338
21, 338
22, 339
23, 339
24, 340
25, 340
27, 342
28, 342
30, 344
31, 344
33, 346
34, 346
35, 347
36, 347
37, 348
38, 348
39, 349
40, 349
41, 350
43, 350
44, 351
46, 351
47, 352
49, 352
50, 353
53, 353
54, 354
71, 354
72, 353
75, 353
76, 352
78, 352
79, 351
82, 351
83, 350
85, 350
86, 349
88, 349
89, 348
91, 348
92, 347
93, 347
94, 346
95, 346
96, 345
97, 345
99, 343
100, 343
103, 340
104, 340
109, 335
109, 334
112, 331
112, 330
114, 328
114, 327
115, 326
115, 325
117, 323
117, 322
118, 321
118, 320
119, 319
119, 318
120, 317
120, 316
121, 315
121, 313
122, 312
122, 311
123, 310
123, 308
124, 307
124, 305
125, 304
125, 302
126, 301
126, 298
127, 297
127, 294
128, 293
128, 290
129, 289
129, 285
130, 284
130, 281
131, 280
131, 274
132, 273
132, 267
133, 266
133, 261
134, 260
134, 255
135, 254
135, 249
136, 248
136, 238
137, 237
137, 229
136, 228
136, 220
135, 219
135, 216
134, 215
134, 212
133, 211
133, 210
132, 209
132, 207
131, 206
131, 204
130, 203
130, 202
129, 201
129, 200
128, 199
128, 198
119, 189
118, 189
116, 187
115, 187
113, 185
112, 185
111, 184
110, 184
109, 183
108, 183
107, 182
105, 182
104, 181
102, 181
101, 180
99, 180
98, 179
96, 179
95, 178
92, 178
91, 177
88, 177
87, 176
86, 176
85, 175
85, 169
84, 168
84, 167
85, 166
86, 167
89, 167
90, 168
92, 168
93, 169
96, 169
97, 170
99, 170
100, 171
104, 171
105, 172
107, 172
108, 173
112, 173
113, 174
115, 174
116, 175
119, 175
120, 176
122, 176
123, 177
128, 177
129, 178
134, 178
135, 177
137, 177
138, 176
139, 176
141, 174
141, 173
142, 172
142, 163
141, 162
141, 157
140, 156
140, 153
139, 152
139, 150
138, 149
138, 146
137, 145
137, 142
136, 141
136, 138
135, 137
135, 135
134, 134
134, 131
133, 130
133, 128
132, 127
132, 124
131, 123
131, 121
130, 120
130, 117
129, 116
129, 112
128, 111
128, 105
127, 104
127, 97
126, 96
126, 89
125, 88
125, 82
124, 81
124, 75
123, 74
123, 69
122, 68
122, 66
121, 65
121, 64
118, 61
114, 61
110, 65
110, 66
109, 67
109, 69
108, 70
108, 73
107, 74
107, 79
106, 80
106, 85
105, 86
105, 90
104, 91
104, 95
103, 96
103, 99
102, 100
102, 104
101, 105
101, 109
100, 110
100, 113
99, 114
99, 117
98, 118
98, 121
97, 122
97, 124
96, 125
96, 126
95, 127
95, 128
94, 129
94, 130
93, 131
92, 131
91, 132
89, 132
87, 130
86, 130
85, 129
85, 128
83, 126
83, 124
82, 123
82, 122
81, 121
81, 119
80, 118
80, 115
79, 114
79, 110
78, 109
78, 103
77, 102
77, 96
76, 95
76, 88
75, 87
75, 80
74, 79
74, 74
73, 73
73, 68
72, 67
72, 62
71, 61
71, 57
70, 56
70, 52
69, 51
69, 48
68, 47
68, 45
67, 44
67, 41
66, 40
66, 38
65, 37
65, 34
64, 33
64, 31
63, 30
63, 29
62, 28
62, 27
61, 26
61, 24
60, 23
60, 22
59, 21
59, 20
55, 16
54, 16
53, 15
52, 158
58, 157
59, 158
62, 158
63, 159
65, 159
66, 160
68, 160
69, 161
71, 161
72, 162
74, 162
75, 163
76, 163
77, 164
78, 164
81, 167
81, 168
82, 169
82, 174
81, 175
79, 175
78, 174
76, 174
75, 173
73, 173
72, 172
71, 172
70, 171
69, 171
68, 170
67, 170
63, 166
62, 166
61, 165
59, 165
59, 167
62, 170
63, 170
66, 173
67, 173
68, 174
69, 174
70, 175
72, 175
73, 176
74, 176
75, 177
78, 177
79, 178
82, 178
83, 179
87, 179
88, 180
91, 180
92, 181
94, 181
95, 182
98, 182
99, 183
101, 183
102, 184
104, 184
105, 185
106, 185
107, 186
108, 186
109, 187
110, 187
111, 188
112, 188
114, 190
115, 190
117, 192
118, 192
125, 199
125, 200
126, 201
126, 202
127, 203
127, 204
128, 205
128, 206
129, 207
129, 209
130, 210
130, 212
131, 213
131, 215
132, 216
132, 219
133, 220
133, 227
134, 238
133, 239
133, 248
132, 249
132, 254
131, 255
131, 260
130, 261
130, 266
129, 267
129, 274
128, 275
128, 280
127, 281
127, 284
126, 285
126, 289
125, 290
125, 293
124, 294
124, 296
123, 297
123, 300
122, 301
122, 303
121, 304
121, 306
120, 307
120, 309
119, 310
119, 312
118, 313
118, 314
117, 315
117, 316
116, 317
116, 318
115, 319
115, 320
114, 321
114, 322
113, 323
113, 324
111, 326
111, 327
109, 329
109, 330
99, 340
98, 340
96, 342
95, 342
94, 343
93, 343
92, 344
91, 344
90, 345
89, 345
88, 346
86, 346
85, 347
83, 347
82, 348
79, 348
78, 349
76, 349
75, 350
72, 350
54, 351
53, 350
50, 350
49, 349
47, 349
46, 348
44, 348
43, 347
42, 347
41, 346
40, 346
39, 345
38, 345
37, 344
36, 344
35, 343
34, 343
32, 341
31, 341
29, 339
28, 339
27, 338
26, 338
24, 336
23, 336
22, 335
21, 335
15, 329
15, 328
14, 327
14, 326
13, 325
13, 324
12, 323
12, 320
11, 319
11, 315
10, 314
10, 308
9, 289
8, 288
8, 283
9, 282
9, 260
10, 259
10, 248
11, 247
11, 241
12, 240
12, 236
13, 235
13, 232
14, 231
14, 229
15, 228
15, 225
16, 224
16, 222
17, 221
17, 219
18, 218
18, 216
19, 215
19, 213
20, 212
20, 210
21, 209
21, 207
22, 206
22, 204
23, 203
23, 202
24, 201
24, 199
25, 198
25, 197
26, 196
26, 194
27, 193
27, 192
28, 191
28, 189
29, 188
29, 187
30, 186
30, 185
31, 184
31, 183
32, 182
32, 181
33, 180
33, 179
34, 178
34, 177
35, 176
35, 175
36, 174
36, 173
37, 172
37, 171
39, 169
39, 168
48, 159
49, 159
50, 158
67, 290
64, 293
63, 293
56, 300
55, 300
54, 301
49, 301
47, 299
45, 299
44, 300
44, 301
47, 304
48, 304
49, 305
54, 305
55, 304
56, 304
57, 303
58, 303
63, 298
64, 298
69, 293
70, 293
70, 290
78, 235
78, 247
77, 248
77, 258
76, 259
76, 263
75, 264
76, 265
78, 265
79, 264
79, 262
80, 261
80, 251
81, 250
81, 235
43, 212
42, 213
42, 214
41, 215
41, 216
40, 217
40, 218
43, 221
43, 225
44, 226
44, 228
45, 229
45, 231
46, 232
46, 233
47, 234
47, 235
49, 237
49, 238
55, 244
56, 244
57, 245
58, 245
59, 246
62, 246
62, 245
63, 244
63, 243
61, 241
60, 241
59, 240
58, 240
53, 235
53, 234
51, 232
51, 231
50, 230
50, 229
49, 228
49, 226
48, 225
48, 220
47, 219
47, 213
46, 212
