288, 2
290, 367
4, 369
2, 4
226, 178
224, 180
224, 181
225, 182
225, 184
228, 187
231, 187
237, 193
237, 195
238, 196
238, 197
242, 201
243, 201
249, 207
250, 207
265, 222
266, 222
273, 229
274, 229
275, 228
276, 228
276, 227
277, 226
277, 225
274, 222
274, 221
272, 219
271, 219
263, 211
262, 211
247, 196
247, 195
242, 190
242, 189
235, 182
234, 182
231, 179
230, 179
229, 178
17, 62
16, 63
15, 63
14, 64
14, 65
13, 66
13, 68
12, 69
12, 82
13, 83
13, 89
14, 90
14, 91
16, 91
17, 90
17, 84
16, 83
16, 69
17, 68
17, 67
18, 66
20, 66
26, 72
26, 73
27, 74
27, 75
29, 77
29, 78
30, 79
30, 80
31, 81
31, 82
32, 83
32, 84
33, 85
33, 86
34, 87
34, 88
35, 89
35, 90
36, 91
36, 92
37, 93
37, 94
38, 95
38, 97
39, 98
39, 99
40, 100
40, 101
41, 102
41, 103
42, 104
42, 106
43, 107
43, 108
44, 109
44, 110
45, 111
45, 112
46, 113
46, 114
47, 115
47, 117
48, 118
48, 119
49, 120
49, 121
50, 122
50, 124
51, 125
51, 126
52, 127
52, 128
53, 129
53, 130
54, 131
54, 133
55, 134
55, 135
56, 136
56, 138
57, 139
57, 140
58, 141
58, 142
59, 143
59, 145
60, 146
60, 147
61, 148
61, 149
62, 150
62, 152
63, 153
63, 154
64, 155
64, 157
65, 158
65, 159
66, 160
66, 161
67, 162
67, 163
68, 164
68, 166
69, 167
69, 168
70, 169
70, 171
71, 172
71, 173
72, 174
72, 176
73, 177
73, 178
74, 179
74, 181
75, 182
75, 184
76, 185
76, 186
77, 187
77, 189
78, 190
78, 192
79, 193
79, 195
80, 196
80, 197
81, 198
81, 200
82, 201
82, 203
83, 204
83, 206
84, 207
84, 209
85, 210
85, 212
86, 213
86, 215
87, 216
87, 219
88, 220
88, 222
89, 223
89, 225
90, 226
90, 228
91, 229
91, 232
92, 233
92, 235
93, 236
93, 239
94, 240
94, 242
95, 243
95, 246
96, 247
96, 249
97, 250
97, 253
98, 254
98, 256
99, 257
99, 260
100, 261
100, 263
101, 264
101, 267
102, 268
102, 271
101, 272
97, 268
97, 267
91, 261
91, 260
85, 254
85, 253
81, 249
81, 248
77, 244
77, 243
73, 239
73, 238
70, 235
70, 234
66, 230
66, 229
62, 225
62, 224
61, 223
61, 222
62, 221
62, 220
60, 218
59, 218
58, 219
57, 219
56, 220
56, 223
57, 224
57, 226
59, 228
59, 229
62, 232
62, 233
67, 238
67, 239
70, 242
70, 243
74, 247
74, 248
78, 252
78, 253
82, 257
82, 258
88, 264
88, 265
94, 271
94, 272
104, 282
104, 283
107, 286
107, 288
108, 289
108, 292
109, 293
109, 296
110, 297
110, 299
112, 301
113, 300
114, 300
114, 299
115, 298
115, 296
116, 295
125, 304
126, 304
139, 317
140, 317
147, 324
148, 324
155, 331
156, 331
162, 337
163, 337
166, 340
167, 340
169, 342
170, 342
174, 346
175, 346
180, 351
181, 351
183, 353
184, 353
186, 355
189, 355
189, 354
190, 353
189, 352
189, 351
188, 350
187, 350
184, 347
183, 347
179, 343
178, 343
174, 339
173, 339
171, 337
170, 337
167, 334
166, 334
160, 328
159, 328
152, 321
151, 321
144, 314
143, 314
131, 302
130, 302
110, 282
110, 281
109, 280
109, 278
108, 277
108, 274
107, 273
107, 271
106, 270
106, 267
105, 266
105, 264
104, 263
104, 260
103, 259
103, 257
102, 256
102, 253
101, 252
101, 250
100, 249
100, 246
99, 245
99, 243
98, 242
98, 239
97, 238
97, 236
96, 235
96, 232
95, 231
95, 229
94, 228
94, 226
93, 225
93, 222
92, 221
92, 219
91, 218
91, 216
90, 215
90, 213
89, 212
89, 210
88, 209
88, 207
87, 206
87, 204
86, 203
86, 201
85, 200
85, 198
84, 197
84, 195
85, 194
86, 195
86, 196
88, 198
88, 199
89, 200
89, 201
92, 204
92, 205
95, 208
95, 209
99, 213
99, 214
102, 217
102, 218
105, 221
105, 222
107, 224
107, 225
109, 227
109, 228
110, 228
111, 229
113, 227
113, 226
112, 225
112, 224
111, 223
111, 221
110, 220
110, 219
109, 218
109, 217
108, 216
108, 215
107, 214
107, 212
106, 211
106, 210
105, 209
105, 208
104, 207
104, 205
103, 204
103, 203
102, 202
102, 201
101, 200
101, 198
100, 197
100, 196
99, 195
99, 194
98, 193
98, 191
97, 190
97, 188
96, 187
96, 185
94, 183
93, 183
92, 184
92, 188
93, 189
93, 191
94, 192
94, 193
95, 194
95, 196
96, 197
96, 198
97, 199
97, 201
98, 202
95, 202
95, 201
92, 198
92, 197
91, 196
91, 195
89, 193
89, 192
88, 191
88, 189
87, 188
87, 187
84, 187
82, 189
81, 188
81, 187
80, 186
80, 184
79, 183
79, 181
78, 180
78, 179
77, 178
77, 176
76, 175
76, 174
75, 173
75, 171
74, 170
74, 169
73, 168
73, 166
72, 165
72, 164
71, 163
71, 161
70, 160
70, 159
69, 158
69, 157
68, 156
68, 154
67, 153
67, 152
66, 151
66, 149
65, 148
65, 147
64, 146
64, 145
63, 144
63, 142
62, 141
62, 140
61, 139
61, 138
60, 137
60, 135
59, 134
59, 133
58, 132
58, 131
57, 130
57, 128
56, 127
56, 126
55, 125
55, 124
54, 123
54, 121
53, 120
53, 119
52, 118
52, 117
51, 116
51, 115
50, 114
50, 112
49, 111
49, 110
48, 109
48, 108
47, 107
47, 106
46, 105
46, 103
45, 102
45, 101
44, 100
44, 99
43, 98
43, 97
42, 96
42, 95
41, 94
41, 92
40, 91
40, 90
39, 89
39, 88
38, 87
38, 86
37, 85
37, 84
36, 83
36, 82
35, 81
35, 80
34, 79
34, 78
33, 77
33, 76
32, 75
32, 74
30, 72
30, 71
28, 69
28, 68
23, 63
22, 63
21, 62
35, 28
32, 31
32, 40
33, 41
33, 44
34, 45
34, 47
35, 48
35, 49
36, 50
36, 52
37, 53
37, 54
38, 55
38, 56
39, 57
39, 58
40, 59
40, 60
41, 61
41, 62
42, 63
42, 64
44, 66
44, 67
45, 68
45, 69
46, 70
46, 71
48, 73
48, 74
49, 75
49, 76
51, 78
51, 79
52, 80
52, 81
54, 83
54, 84
55, 85
55, 86
57, 88
57, 89
59, 91
59, 92
61, 94
61, 95
63, 97
63, 98
65, 100
65, 101
67, 103
67, 104
69, 106
69, 107
70, 108
70, 109
72, 111
72, 112
74, 114
74, 115
76, 117
76, 118
78, 120
78, 121
80, 123
80, 124
82, 126
82, 127
85, 130
85, 131
87, 133
87, 134
89, 136
89, 137
92, 140
92, 141
94, 143
94, 144
97, 147
97, 148
99, 150
99, 151
100, 152
100, 153
101, 154
101, 155
102, 156
102, 158
103, 159
103, 161
104, 162
104, 164
105, 165
105, 167
106, 168
106, 170
107, 171
107, 172
108, 173
108, 175
109, 176
109, 177
110, 178
110, 179
111, 180
111, 182
112, 183
112, 184
113, 185
113, 186
112, 187
111, 187
110, 186
110, 185
109, 184
108, 184
105, 181
104, 181
103, 180
99, 180
97, 182
97, 183
98, 184
98, 186
100, 188
100, 189
101, 190
101, 191
102, 192
102, 193
104, 195
104, 196
105, 197
105, 198
106, 199
106, 200
107, 201
107, 202
109, 204
109, 205
110, 206
110, 207
111, 208
111, 209
112, 210
112, 212
113, 213
113, 214
114, 215
114, 216
115, 217
115, 219
116, 220
116, 223
117, 224
117, 225
119, 225
120, 224
120, 219
119, 218
119, 216
118, 215
118, 213
117, 212
117, 211
116, 210
116, 209
115, 208
115, 207
114, 206
114, 205
113, 204
113, 203
112, 202
112, 201
111, 200
111, 199
110, 198
110, 197
108, 195
108, 194
107, 193
107, 192
106, 191
119, 201
119, 202
120, 203
120, 204
121, 205
121, 206
122, 207
122, 209
123, 210
123, 211
124, 212
124, 213
125, 214
125, 215
126, 216
126, 218
127, 219
127, 220
128, 221
128, 223
130, 225
130, 226
131, 227
131, 228
132, 229
132, 230
133, 231
134, 231
135, 232
136, 231
137, 231
137, 227
136, 226
136, 224
135, 223
135, 221
134, 220
134, 218
133, 217
133, 216
132, 215
132, 213
131, 212
131, 211
129, 209
129, 208
128, 207
128, 206
126, 204
126, 203
124, 201
124, 200
123, 199
123, 198
122, 197
122, 196
121, 195
121, 194
120, 193
120, 191
119, 190
119, 189
118, 188
118, 186
117, 185
117, 184
116, 183
116, 181
115, 180
115, 179
114, 178
114, 177
113, 176
113, 174
112, 173
112, 172
111, 171
111, 169
112, 168
113, 169
113, 170
116, 173
116, 174
119, 177
119, 178
122, 181
122, 182
125, 185
125, 186
128, 189
128, 190
132, 194
132, 195
134, 197
134, 198
137, 201
137, 202
139, 204
139, 205
142, 208
142, 209
143, 210
143, 212
144, 213
144, 215
145, 216
145, 217
146, 218
147, 218
148, 219
149, 219
150, 218
151, 218
152, 217
153, 218
153, 219
155, 221
155, 222
157, 224
157, 225
159, 227
159, 228
161, 230
161, 231
163, 233
166, 233
167, 232
167, 231
168, 230
168, 227
167, 226
167, 221
166, 220
166, 217
165, 216
165, 213
164, 212
164, 210
163, 209
163, 207
162, 206
162, 205
161, 204
161, 202
160, 201
160, 200
159, 199
159, 198
158, 197
158, 196
157, 195
157, 194
156, 193
156, 192
155, 191
155, 190
154, 189
154, 187
153, 186
153, 184
152, 184
151, 183
149, 185
149, 188
150, 189
150, 191
152, 193
152, 194
153, 195
153, 196
154, 197
154, 198
155, 199
155, 201
156, 202
156, 203
157, 204
157, 205
158, 206
158, 208
159, 209
159, 211
160, 212
160, 214
161, 215
161, 217
162, 218
162, 221
163, 222
163, 223
162, 224
160, 222
160, 221
158, 219
158, 218
157, 217
157, 216
155, 214
155, 213
153, 211
153, 210
152, 209
152, 208
150, 206
150, 205
149, 204
149, 203
147, 201
147, 200
146, 199
146, 198
145, 197
145, 196
143, 194
143, 193
142, 192
142, 191
141, 190
141, 189
140, 188
140, 186
139, 185
139, 183
138, 182
138, 180
137, 179
137, 178
136, 177
136, 175
135, 174
135, 173
134, 172
134, 171
133, 170
133, 168
132, 167
132, 166
131, 165
131, 164
130, 163
130, 162
129, 161
129, 160
128, 159
128, 158
127, 157
127, 156
126, 155
126, 154
125, 153
125, 151
124, 150
124, 149
123, 148
123, 147
122, 146
122, 145
121, 144
121, 143
120, 142
120, 141
118, 139
118, 138
117, 137
117, 136
116, 135
116, 134
115, 133
115, 132
114, 131
114, 130
113, 129
113, 128
112, 127
112, 126
111, 125
111, 123
110, 122
110, 121
109, 120
109, 119
108, 118
108, 117
107, 116
107, 115
106, 115
105, 114
104, 114
103, 115
103, 119
104, 120
104, 121
105, 122
105, 123
106, 124
106, 125
107, 126
107, 127
108, 128
108, 129
109, 130
109, 132
110, 133
110, 134
111, 135
111, 137
112, 138
112, 140
113, 141
113, 142
114, 143
114, 145
115, 146
115, 147
116, 148
116, 149
117, 150
117, 152
118, 153
118, 154
119, 155
119, 156
120, 157
120, 158
121, 159
121, 161
122, 162
122, 163
123, 164
123, 165
124, 166
124, 167
125, 168
125, 169
126, 170
126, 171
127, 172
127, 173
128, 174
128, 175
129, 176
129, 177
131, 179
131, 180
132, 181
132, 182
133, 183
133, 184
134, 185
134, 186
135, 187
135, 188
136, 189
132, 188
132, 187
129, 184
129, 183
126, 180
126, 179
122, 175
122, 174
119, 171
119, 170
117, 168
117, 167
113, 163
113, 162
111, 160
111, 159
108, 156
108, 155
106, 153
106, 152
104, 150
104, 149
103, 148
103, 146
102, 145
102, 144
101, 143
101, 141
100, 140
100, 138
99, 137
99, 135
98, 134
98, 132
97, 131
97, 129
96, 128
96, 126
95, 125
95, 123
94, 122
94, 120
93, 119
93, 117
92, 116
92, 114
91, 113
91, 111
90, 110
90, 108
89, 107
89, 106
88, 105
88, 103
87, 102
87, 100
86, 99
86, 98
85, 97
85, 95
84, 94
84, 92
83, 91
83, 90
82, 89
82, 87
81, 86
81, 85
80, 84
80, 83
79, 82
79, 80
78, 79
78, 78
77, 77
77, 76
76, 75
76, 74
75, 73
75, 72
74, 71
74, 70
73, 69
73, 68
72, 67
72, 66
71, 65
71, 64
70, 63
70, 62
69, 61
69, 60
67, 58
67, 57
66, 56
66, 55
64, 53
64, 52
62, 50
62, 49
60, 47
60, 46
57, 43
57, 42
47, 32
46, 32
44, 30
43, 30
42, 29
41, 29
40, 28
38, 32
39, 33
41, 33
43, 35
44, 35
53, 44
53, 45
56, 48
56, 49
59, 52
59, 53
61, 55
61, 56
62, 57
62, 58
64, 60
64, 61
65, 62
65, 63
66, 64
66, 65
68, 67
68, 68
69, 69
69, 70
70, 71
70, 72
71, 73
71, 74
72, 75
72, 76
73, 77
73, 79
74, 80
74, 81
75, 82
75, 83
76, 84
76, 85
77, 86
77, 88
78, 89
78, 90
79, 91
79, 93
80, 94
80, 95
81, 96
81, 98
82, 99
82, 101
83, 102
83, 103
84, 104
84, 106
85, 107
85, 109
86, 110
86, 112
87, 113
87, 114
88, 115
88, 117
89, 118
89, 120
90, 121
90, 123
91, 124
91, 126
92, 127
92, 129
93, 130
93, 132
92, 133
91, 132
91, 131
88, 128
88, 127
86, 125
86, 124
84, 122
84, 121
82, 119
82, 118
79, 115
79, 114
78, 113
78, 112
76, 110
76, 109
74, 107
74, 106
72, 104
72, 103
70, 101
70, 100
68, 98
68, 97
66, 95
66, 94
64, 92
64, 91
63, 90
63, 89
61, 87
61, 86
59, 84
59, 83
57, 81
57, 80
56, 79
56, 78
54, 76
54, 75
53, 74
53, 73
51, 71
51, 70
50, 69
50, 68
48, 66
48, 65
47, 64
47, 63
46, 62
46, 61
45, 60
45, 59
44, 58
44, 57
43, 56
43, 55
42, 54
42, 53
41, 52
41, 51
40, 50
40, 49
39, 48
39, 46
38, 45
38, 44
37, 43
37, 40
36, 39
36, 34
127, 14
126, 15
124, 15
123, 16
123, 17
122, 18
122, 19
121, 20
121, 30
122, 31
122, 35
123, 36
123, 38
124, 39
124, 41
125, 42
125, 44
126, 45
126, 47
127, 48
127, 50
128, 51
128, 53
129, 54
129, 55
130, 56
130, 57
131, 58
131, 59
132, 60
132, 61
133, 62
133, 64
134, 65
134, 66
135, 67
135, 68
136, 69
136, 70
137, 71
137, 72
138, 73
138, 74
139, 75
139, 76
140, 77
140, 78
141, 79
141, 80
142, 81
142, 82
143, 83
143, 84
145, 86
145, 87
146, 88
146, 89
147, 90
147, 91
148, 92
148, 93
149, 94
149, 95
150, 96
150, 97
152, 99
152, 100
153, 101
153, 102
154, 103
154, 104
156, 106
156, 107
157, 108
157, 109
159, 111
159, 112
160, 113
160, 114
162, 116
162, 117
163, 118
163, 119
165, 121
165, 122
166, 123
166, 124
168, 126
168, 127
169, 128
169, 129
171, 131
171, 132
172, 133
172, 134
174, 136
174, 137
176, 139
176, 140
178, 142
178, 143
181, 146
181, 147
182, 148
182, 149
184, 151
184, 152
185, 153
185, 154
187, 156
187, 157
188, 158
188, 159
189, 160
189, 161
190, 162
190, 163
191, 164
191, 165
193, 167
193, 168
195, 170
198, 170
199, 169
199, 167
198, 166
198, 165
196, 163
196, 162
195, 161
195, 160
194, 159
194, 158
193, 157
193, 156
192, 155
192, 154
190, 152
190, 151
189, 150
189, 149
187, 147
187, 146
186, 145
186, 144
184, 142
184, 141
182, 139
182, 138
179, 135
179, 134
177, 132
177, 131
176, 130
176, 129
174, 127
174, 126
173, 125
173, 124
171, 122
171, 121
170, 120
170, 119
168, 117
168, 116
167, 115
167, 114
165, 112
165, 111
164, 110
164, 109
162, 107
162, 106
161, 105
161, 104
159, 102
159, 101
158, 100
158, 99
157, 98
157, 97
155, 95
155, 94
154, 93
154, 92
153, 91
153, 90
152, 89
152, 88
151, 87
151, 86
149, 84
149, 83
148, 82
148, 81
147, 80
147, 79
146, 78
146, 77
145, 76
145, 75
144, 74
144, 73
143, 72
143, 71
142, 70
142, 69
141, 68
141, 67
140, 66
140, 65
139, 64
139, 63
138, 62
138, 61
137, 60
137, 59
136, 58
136, 56
135, 55
135, 54
134, 53
134, 52
133, 51
133, 49
132, 48
132, 47
131, 46
131, 44
130, 43
130, 41
129, 40
129, 38
128, 37
128, 34
127, 33
127, 30
126, 29
126, 22
128, 20
129, 20
130, 21
131, 21
138, 28
138, 29
141, 32
141, 33
144, 36
144, 37
145, 38
145, 39
147, 41
147, 42
148, 43
148, 44
150, 46
150, 47
151, 48
151, 49
152, 50
152, 51
153, 52
153, 53
154, 54
154, 55
155, 56
155, 57
156, 58
156, 59
157, 60
157, 61
158, 62
158, 63
159, 64
159, 65
160, 66
160, 67
161, 68
161, 69
162, 70
162, 71
163, 72
163, 73
164, 74
164, 75
165, 76
165, 77
166, 78
166, 79
167, 80
167, 82
168, 83
168, 84
169, 85
169, 86
170, 87
170, 88
171, 89
171, 90
172, 91
172, 93
173, 94
173, 95
174, 96
174, 97
175, 98
175, 99
176, 100
176, 101
177, 102
177, 103
178, 104
178, 106
179, 107
179, 108
180, 109
180, 110
181, 111
181, 112
182, 113
182, 114
183, 115
183, 117
184, 118
184, 119
185, 120
185, 121
186, 122
186, 123
187, 124
187, 125
188, 126
188, 127
189, 128
189, 129
190, 130
190, 132
191, 133
191, 134
192, 135
192, 136
193, 137
193, 138
194, 139
194, 140
195, 141
195, 142
196, 143
196, 144
197, 145
197, 147
198, 148
198, 149
199, 150
199, 151
200, 152
200, 153
201, 154
201, 155
202, 156
202, 157
203, 158
203, 160
204, 161
204, 162
205, 163
205, 164
206, 165
206, 166
207, 167
207, 168
208, 169
208, 170
209, 171
209, 172
210, 173
210, 174
211, 175
211, 176
212, 177
212, 178
213, 179
213, 181
214, 182
214, 183
215, 184
215, 185
216, 186
216, 187
217, 188
217, 189
218, 190
218, 192
219, 193
219, 194
220, 195
220, 196
221, 197
221, 198
222, 199
222, 201
223, 202
223, 203
224, 204
224, 205
225, 206
225, 208
226, 209
226, 210
227, 211
227, 212
228, 213
228, 215
229, 216
229, 217
230, 218
230, 219
231, 220
231, 222
232, 223
232, 224
233, 225
233, 226
234, 227
234, 229
235, 230
235, 231
236, 232
236, 234
237, 235
237, 236
238, 237
238, 238
239, 239
239, 241
240, 242
240, 243
241, 244
239, 246
239, 245
238, 244
238, 243
237, 242
237, 241
235, 239
235, 238
234, 237
234, 236
232, 234
232, 233
230, 231
230, 230
229, 229
229, 228
227, 226
227, 225
225, 223
225, 222
224, 221
224, 220
222, 218
222, 217
220, 215
220, 214
219, 213
219, 212
217, 210
217, 209
215, 207
215, 206
213, 204
213, 203
211, 201
211, 200
209, 198
209, 197
206, 194
206, 193
200, 187
199, 187
198, 186
197, 186
196, 185
191, 185
190, 186
186, 186
183, 189
183, 191
182, 192
179, 189
178, 189
176, 187
175, 187
174, 186
171, 186
170, 187
169, 187
168, 188
165, 185
162, 185
161, 186
161, 189
162, 190
162, 191
164, 193
164, 194
165, 195
165, 196
166, 197
166, 198
167, 199
167, 200
168, 201
168, 202
169, 203
169, 205
170, 206
170, 207
171, 208
171, 210
172, 211
172, 213
173, 214
173, 217
174, 218
174, 220
175, 221
175, 224
176, 225
176, 227
177, 228
177, 230
179, 232
179, 233
180, 233
181, 234
182, 234
184, 232
184, 230
183, 229
183, 228
182, 227
182, 226
181, 225
181, 223
182, 222
185, 222
186, 221
186, 219
185, 218
185, 216
184, 215
184, 214
183, 213
183, 212
182, 211
182, 210
181, 209
181, 208
180, 207
180, 206
179, 205
179, 204
178, 203
178, 201
177, 200
177, 199
176, 198
176, 196
177, 195
181, 199
181, 200
185, 204
185, 205
187, 207
187, 208
188, 209
188, 210
189, 211
189, 212
190, 213
190, 214
192, 216
192, 217
194, 219
199, 219
200, 220
201, 220
202, 221
207, 221
208, 220
209, 220
214, 215
215, 216
215, 217
217, 219
217, 220
218, 221
218, 222
220, 224
220, 225
222, 227
222, 228
224, 230
224, 231
225, 232
225, 233
227, 235
227, 236
228, 237
228, 238
230, 240
230, 241
232, 243
232, 244
233, 245
233, 246
234, 247
234, 248
235, 249
235, 250
236, 251
236, 252
238, 254
238, 255
239, 256
239, 257
240, 258
240, 259
241, 260
241, 261
242, 262
242, 263
243, 264
243, 265
244, 266
244, 267
245, 268
245, 269
246, 270
246, 272
247, 273
247, 274
248, 275
248, 276
249, 277
249, 278
250, 279
250, 280
251, 281
251, 282
252, 283
252, 284
253, 285
253, 286
254, 287
254, 288
255, 289
255, 290
256, 291
256, 293
257, 294
257, 295
258, 296
258, 297
259, 298
259, 299
260, 300
260, 301
261, 302
261, 303
262, 304
262, 305
263, 306
263, 307
264, 308
264, 310
265, 311
265, 312
266, 313
266, 314
267, 315
267, 317
268, 318
268, 319
269, 320
269, 322
270, 323
270, 325
271, 326
271, 327
272, 328
272, 330
273, 331
273, 332
274, 333
274, 334
275, 335
275, 336
279, 336
279, 335
280, 334
279, 333
279, 330
278, 329
278, 328
277, 327
277, 325
276, 324
276, 322
275, 321
275, 320
274, 319
274, 317
273, 316
273, 315
272, 314
272, 312
271, 311
271, 310
270, 309
270, 307
269, 306
269, 304
268, 303
268, 301
267, 300
267, 298
266, 297
266, 296
265, 295
265, 293
264, 292
264, 290
263, 289
263, 287
262, 286
262, 284
261, 283
261, 281
260, 280
260, 279
259, 278
259, 276
258, 275
258, 273
257, 272
257, 271
256, 270
256, 268
255, 267
255, 265
254, 264
254, 262
253, 261
253, 260
252, 259
252, 257
251, 256
251, 255
250, 254
250, 252
249, 251
249, 250
248, 249
248, 248
247, 247
247, 245
246, 244
246, 243
245, 242
245, 240
244, 239
244, 238
243, 237
243, 235
242, 234
242, 233
241, 232
241, 230
240, 229
240, 228
239, 227
239, 226
238, 225
238, 223
237, 222
237, 221
236, 220
236, 219
235, 218
235, 216
234, 215
234, 214
233, 213
233, 211
232, 210
232, 209
231, 208
231, 207
230, 206
230, 204
229, 203
229, 202
228, 201
228, 200
227, 199
227, 198
226, 197
226, 195
225, 194
225, 193
224, 192
224, 191
223, 190
223, 189
222, 188
222, 186
221, 185
221, 184
220, 183
220, 182
219, 181
219, 180
218, 179
218, 178
217, 177
217, 176
216, 175
216, 173
215, 172
215, 171
214, 170
214, 169
213, 168
213, 167
212, 166
212, 165
211, 164
211, 163
210, 162
210, 161
209, 160
209, 159
208, 158
208, 157
207, 156
207, 154
206, 153
206, 152
205, 151
205, 150
204, 149
204, 148
203, 147
203, 146
202, 145
202, 144
201, 143
201, 142
200, 141
200, 139
199, 138
199, 137
198, 136
198, 135
197, 134
197, 133
196, 132
196, 131
195, 130
195, 129
194, 128
194, 126
193, 125
193, 124
192, 123
192, 122
191, 121
191, 120
190, 119
190, 118
189, 117
189, 116
188, 115
188, 114
187, 113
187, 111
186, 110
186, 109
185, 108
185, 107
184, 106
184, 105
183, 104
183, 103
182, 102
182, 100
181, 99
181, 98
180, 97
180, 96
179, 95
179, 94
178, 93
178, 92
177, 91
177, 90
176, 89
176, 87
175, 86
175, 85
174, 84
174, 83
173, 82
173, 81
172, 80
172, 79
171, 78
171, 76
170, 75
170, 74
169, 73
169, 72
168, 71
168, 70
167, 69
167, 68
166, 67
166, 66
165, 65
165, 64
164, 63
164, 62
163, 61
163, 60
162, 59
162, 58
161, 57
161, 56
160, 55
160, 54
159, 53
159, 52
158, 51
158, 50
157, 49
157, 48
156, 47
156, 46
155, 45
155, 44
153, 42
153, 41
152, 40
152, 39
150, 37
150, 36
149, 35
149, 34
147, 32
147, 31
144, 28
144, 27
140, 23
140, 22
136, 18
135, 18
133, 16
132, 16
131, 15
129, 15
128, 14
194, 194
195, 193
198, 196
199, 196
206, 203
206, 204
208, 206
208, 207
209, 208
209, 212
205, 216
204, 216
201, 213
201, 212
199, 210
199, 209
198, 208
198, 207
197, 206
197, 205
196, 204
196, 202
195, 201
195, 199
194, 198
