0, 3
2, 3
4, 5
4, 40
2, 42
0, 42
0, 44
2, 44
4, 46
4, 82
2, 84
0, 84
0, 86
2, 86
4, 88
4, 123
2, 125
0, 125
0, 127
2, 127
4, 129
4, 165
2, 167
0, 167
0, 169
2, 169
4, 171
4, 206
2, 208
0, 208
0, 210
2, 210
4, 212
4, 248
2, 250
0, 250
0, 252
2, 252
4, 254
4, 289
2, 291
0, 291
0, 293
2, 293
4, 295
4, 331
2, 333
0, 333
0, 335
2, 335
4, 337
8, 2
386, 4
384, 369
6, 367
305, 166
303, 168
303, 169
304, 170
304, 171
305, 172
305, 173
309, 177
309, 178
316, 185
318, 185
319, 184
320, 184
321, 183
326, 188
327, 188
352, 213
352, 214
362, 224
362, 228
363, 229
363, 230
364, 231
365, 231
366, 232
368, 232
369, 231
370, 231
372, 229
372, 228
371, 227
371, 226
369, 224
369, 223
360, 214
360, 213
331, 184
330, 184
321, 175
320, 175
315, 170
314, 170
312, 168
311, 168
310, 167
309, 167
308, 166
34, 145
33, 146
30, 146
29, 147
28, 147
26, 149
26, 154
27, 155
29, 155
30, 154
30, 152
32, 150
42, 150
43, 151
45, 151
46, 152
47, 152
48, 153
49, 153
51, 155
52, 155
58, 161
58, 162
62, 166
62, 167
64, 169
64, 170
67, 173
67, 174
68, 175
68, 176
70, 178
70, 179
72, 181
72, 182
73, 183
73, 184
75, 186
75, 187
77, 189
77, 190
78, 191
78, 192
79, 193
79, 194
80, 195
80, 196
81, 197
81, 198
82, 199
82, 200
83, 201
83, 202
84, 203
84, 204
85, 205
85, 206
86, 207
86, 208
87, 209
87, 210
88, 211
88, 212
89, 213
89, 214
90, 215
90, 217
91, 218
91, 219
92, 220
92, 221
93, 222
93, 224
94, 225
94, 226
95, 227
95, 228
96, 229
96, 230
97, 231
97, 233
98, 234
98, 235
99, 236
99, 238
100, 239
100, 240
101, 241
101, 243
102, 244
102, 246
103, 247
103, 248
104, 249
104, 251
105, 252
105, 253
106, 254
106, 256
107, 257
107, 258
108, 259
108, 261
109, 262
109, 264
110, 265
110, 266
111, 267
111, 269
112, 270
112, 272
113, 273
113, 275
114, 276
114, 277
115, 278
115, 280
116, 281
116, 283
117, 284
117, 286
118, 287
118, 289
119, 290
119, 292
120, 293
120, 296
121, 297
121, 299
122, 300
121, 301
120, 301
119, 300
118, 300
116, 298
115, 298
113, 296
112, 296
110, 294
109, 294
107, 292
106, 292
104, 290
103, 290
100, 287
99, 287
97, 285
96, 285
92, 281
91, 281
87, 277
86, 277
74, 265
74, 264
71, 261
71, 259
70, 258
67, 258
66, 259
66, 263
67, 264
67, 265
70, 268
70, 269
81, 280
82, 280
87, 285
88, 285
91, 288
92, 288
95, 291
96, 291
99, 294
100, 294
102, 296
103, 296
105, 298
106, 298
108, 300
109, 300
111, 302
112, 302
114, 304
115, 304
117, 306
118, 306
119, 307
120, 307
122, 309
123, 309
125, 311
125, 312
126, 313
126, 315
128, 317
130, 317
132, 315
133, 315
135, 317
136, 317
137, 318
138, 318
139, 319
140, 319
141, 320
142, 320
144, 322
145, 322
146, 323
147, 323
148, 324
149, 324
150, 325
151, 325
153, 327
154, 327
155, 328
156, 328
157, 329
158, 329
159, 330
160, 330
162, 332
163, 332
164, 333
165, 333
166, 334
167, 334
168, 335
169, 335
170, 336
171, 336
172, 337
173, 337
174, 338
176, 338
177, 339
178, 339
179, 340
180, 340
181, 341
182, 341
183, 342
184, 342
185, 343
187, 343
188, 344
189, 344
190, 345
191, 345
192, 346
194, 346
195, 347
196, 347
197, 348
198, 348
199, 349
200, 349
201, 350
203, 350
204, 351
205, 351
206, 352
207, 352
208, 353
210, 353
211, 354
212, 354
213, 355
215, 355
216, 356
217, 355
218, 355
218, 351
217, 351
216, 350
215, 350
214, 349
213, 349
212, 348
210, 348
209, 347
208, 347
207, 346
206, 346
205, 345
203, 345
202, 344
201, 344
200, 343
199, 343
198, 342
197, 342
196, 341
194, 341
193, 340
192, 340
191, 339
190, 339
189, 338
187, 338
186, 337
185, 337
184, 336
183, 336
182, 335
181, 335
180, 334
179, 334
178, 333
176, 333
175, 332
174, 332
173, 331
172, 331
171, 330
170, 330
169, 329
168, 329
167, 328
166, 328
164, 326
163, 326
162, 325
161, 325
160, 324
159, 324
158, 323
157, 323
155, 321
154, 321
153, 320
152, 320
151, 319
150, 319
149, 318
148, 318
146, 316
145, 316
144, 315
143, 315
142, 314
141, 314
140, 313
139, 313
137, 311
136, 311
135, 310
134, 310
132, 308
131, 308
128, 305
128, 304
127, 303
127, 301
126, 300
126, 298
125, 297
125, 294
124, 293
124, 291
123, 290
123, 288
122, 287
122, 285
121, 284
121, 282
120, 281
120, 279
119, 278
119, 276
118, 275
118, 273
117, 272
117, 271
116, 270
116, 268
115, 267
115, 265
114, 264
114, 263
113, 262
113, 260
112, 259
112, 257
111, 256
111, 254
110, 253
110, 252
109, 251
109, 249
108, 248
108, 247
107, 246
107, 244
106, 243
106, 242
105, 241
105, 239
104, 238
104, 237
103, 236
103, 234
102, 233
102, 231
101, 230
101, 229
100, 228
100, 227
99, 226
99, 225
98, 224
98, 222
97, 221
97, 220
96, 219
96, 218
95, 217
95, 216
94, 215
94, 213
93, 212
93, 211
92, 210
92, 209
91, 208
91, 207
90, 206
90, 205
91, 204
93, 206
94, 206
100, 212
101, 212
108, 219
109, 219
114, 224
115, 224
119, 228
120, 228
121, 229
122, 229
123, 230
124, 229
125, 229
125, 225
124, 224
124, 223
123, 222
123, 221
121, 219
121, 218
120, 217
120, 216
118, 214
118, 213
115, 210
115, 209
113, 207
113, 206
110, 203
110, 202
108, 200
108, 199
106, 197
106, 196
104, 194
104, 193
102, 191
102, 190
100, 188
100, 187
98, 185
98, 183
97, 182
97, 181
96, 180
96, 178
94, 176
92, 176
91, 177
91, 179
92, 180
92, 181
93, 182
93, 184
94, 185
94, 186
95, 187
95, 188
96, 189
96, 190
99, 193
99, 194
101, 196
101, 197
103, 199
103, 200
105, 202
105, 203
107, 205
107, 206
109, 208
109, 209
112, 212
112, 213
114, 215
114, 216
113, 217
110, 214
109, 214
102, 207
101, 207
96, 202
95, 202
89, 196
86, 196
84, 194
84, 193
83, 192
83, 191
82, 190
82, 189
81, 188
81, 187
79, 185
79, 184
78, 183
78, 182
76, 180
76, 179
75, 178
75, 177
73, 175
73, 174
71, 172
71, 171
69, 169
69, 168
67, 166
67, 165
64, 162
64, 161
60, 157
60, 156
57, 153
56, 153
53, 150
52, 150
51, 149
50, 149
49, 148
48, 148
47, 147
45, 147
44, 146
39, 146
38, 145
25, 29
24, 30
23, 30
21, 32
21, 33
20, 34
20, 43
21, 44
21, 46
22, 47
22, 48
24, 50
24, 51
27, 54
27, 55
48, 76
49, 76
73, 100
73, 101
95, 123
95, 124
96, 125
96, 126
98, 128
98, 129
99, 130
99, 131
101, 133
101, 134
103, 136
103, 137
104, 138
104, 139
106, 141
106, 142
107, 143
107, 144
108, 145
108, 146
110, 148
110, 149
111, 150
111, 151
113, 153
113, 154
114, 155
114, 156
115, 157
115, 158
116, 159
116, 160
118, 162
118, 163
119, 164
119, 165
120, 166
120, 167
121, 168
121, 169
122, 170
122, 171
123, 172
123, 173
125, 175
125, 176
126, 177
126, 178
127, 179
127, 180
128, 181
128, 182
129, 183
129, 184
130, 185
130, 186
131, 187
130, 188
129, 188
124, 183
123, 183
121, 181
119, 181
118, 180
115, 180
114, 181
114, 185
115, 186
115, 187
116, 188
116, 189
117, 190
117, 191
118, 192
118, 193
119, 194
119, 195
120, 196
120, 197
122, 199
122, 200
123, 201
123, 202
124, 203
124, 205
125, 206
125, 207
126, 208
126, 209
127, 210
127, 211
128, 212
128, 213
129, 214
129, 215
130, 216
130, 219
131, 220
131, 221
133, 223
133, 224
134, 225
137, 225
138, 224
138, 222
137, 221
137, 220
136, 219
136, 218
135, 217
135, 216
134, 215
134, 214
133, 213
133, 212
132, 211
132, 209
131, 208
131, 207
130, 206
130, 205
129, 204
129, 203
128, 202
128, 201
127, 200
127, 199
126, 198
126, 197
125, 196
125, 195
124, 194
124, 193
123, 192
126, 192
127, 192
140, 205
140, 206
142, 208
142, 209
143, 210
143, 211
144, 212
144, 213
146, 215
146, 216
148, 218
148, 219
149, 220
150, 220
151, 221
153, 221
155, 219
155, 218
154, 217
154, 216
153, 215
153, 214
151, 212
151, 211
149, 209
149, 208
145, 204
145, 203
143, 201
143, 200
142, 199
142, 198
141, 197
141, 196
140, 195
140, 194
138, 192
138, 191
137, 190
137, 189
136, 188
136, 187
135, 186
135, 185
134, 184
134, 182
133, 181
133, 180
131, 178
131, 177
130, 176
130, 175
129, 174
129, 173
128, 172
128, 171
127, 170
127, 169
126, 168
126, 167
125, 166
125, 165
124, 164
124, 163
122, 161
122, 160
121, 159
121, 158
120, 157
120, 156
118, 154
118, 153
117, 152
117, 151
116, 150
116, 149
114, 147
114, 146
113, 145
113, 144
112, 143
143, 171
143, 172
149, 178
149, 179
152, 182
152, 183
155, 186
155, 187
158, 190
158, 191
160, 193
160, 194
163, 197
163, 198
167, 202
167, 203
171, 207
171, 208
175, 212
175, 213
180, 218
181, 218
182, 219
184, 219
185, 218
187, 212
191, 216
192, 216
194, 218
195, 218
197, 220
199, 220
200, 221
201, 221
202, 220
203, 220
204, 219
204, 215
203, 214
203, 212
201, 210
201, 209
200, 208
200, 207
198, 205
198, 204
194, 200
194, 199
187, 192
187, 191
174, 178
174, 176
172, 174
170, 174
168, 176
168, 177
167, 178
165, 176
165, 175
164, 174
164, 173
163, 172
163, 171
162, 170
162, 169
161, 168
161, 167
160, 166
160, 165
159, 164
159, 163
157, 161
157, 160
156, 159
156, 158
155, 157
155, 156
154, 155
154, 154
153, 153
153, 152
151, 150
151, 149
150, 148
150, 147
149, 146
149, 145
148, 144
148, 143
146, 141
146, 140
145, 139
145, 138
144, 137
144, 136
143, 135
143, 134
141, 132
141, 131
140, 130
140, 129
139, 128
139, 127
138, 126
138, 125
136, 123
136, 122
135, 121
135, 120
133, 118
133, 117
132, 116
132, 115
130, 113
130, 112
129, 111
129, 110
127, 108
127, 107
126, 107
125, 106
124, 106
123, 107
123, 108
122, 109
123, 110
123, 112
124, 113
124, 115
125, 116
125, 117
126, 118
126, 120
127, 121
127, 122
128, 123
128, 124
129, 125
129, 126
130, 127
130, 128
131, 129
131, 130
132, 131
132, 132
133, 133
133, 134
135, 136
135, 137
136, 138
136, 139
137, 140
137, 141
139, 143
139, 144
140, 145
140, 146
141, 147
141, 148
142, 149
142, 150
144, 152
144, 153
145, 154
145, 155
146, 156
146, 157
148, 159
148, 160
149, 161
149, 162
150, 163
150, 164
152, 166
152, 167
153, 168
153, 169
155, 171
155, 172
156, 173
156, 174
158, 176
158, 177
160, 179
160, 180
161, 181
161, 182
163, 184
163, 185
166, 188
166, 189
168, 191
168, 192
169, 193
169, 194
171, 196
171, 197
172, 198
172, 199
171, 200
169, 198
169, 197
166, 194
166, 193
163, 190
163, 189
160, 186
160, 185
158, 183
158, 182
155, 179
155, 178
151, 174
151, 173
146, 168
146, 167
97, 118
97, 117
95, 115
95, 114
93, 112
93, 111
91, 109
91, 108
90, 107
90, 106
88, 104
88, 103
87, 102
87, 101
85, 99
85, 98
83, 96
83, 95
82, 94
82, 93
80, 91
80, 90
78, 88
78, 87
76, 85
76, 84
74, 82
74, 81
72, 79
72, 78
70, 76
70, 75
68, 73
68, 72
66, 70
66, 69
64, 67
64, 66
62, 64
62, 63
60, 61
60, 60
58, 58
58, 57
56, 55
56, 54
54, 52
54, 51
51, 48
51, 47
48, 44
48, 43
42, 37
42, 36
41, 36
36, 31
35, 31
34, 30
33, 30
32, 29
168, 181
169, 180
170, 180
171, 181
171, 182
187, 198
187, 199
192, 204
192, 205
195, 208
195, 209
197, 211
195, 213
191, 209
190, 209
179, 198
179, 197
174, 192
174, 191
172, 189
172, 188
171, 187
171, 186
170, 185
170, 184
169, 183
169, 182
27, 33
30, 33
31, 34
32, 34
35, 37
36, 37
41, 42
41, 43
46, 48
46, 49
48, 51
48, 52
51, 55
51, 56
53, 58
53, 59
55, 61
55, 62
57, 64
57, 65
59, 67
59, 68
61, 70
61, 71
63, 73
63, 74
65, 76
65, 77
67, 79
67, 80
69, 82
69, 83
71, 85
71, 86
73, 88
73, 89
75, 91
75, 92
77, 94
77, 95
78, 96
78, 97
77, 98
70, 91
70, 90
59, 79
58, 79
30, 51
30, 50
27, 47
27, 46
26, 45
26, 44
25, 43
25, 42
24, 41
24, 36
142, 15
141, 16
140, 16
140, 17
139, 18
139, 20
138, 21
138, 27
139, 28
139, 32
140, 33
140, 35
141, 36
141, 37
142, 38
142, 40
143, 41
143, 42
144, 43
144, 44
145, 45
145, 46
146, 47
146, 48
147, 49
147, 50
148, 51
148, 52
149, 53
149, 54
151, 56
151, 57
153, 59
153, 60
154, 61
154, 62
157, 65
157, 66
159, 68
159, 69
162, 72
162, 73
165, 76
165, 77
169, 81
169, 82
175, 88
175, 89
202, 116
203, 116
208, 121
209, 121
212, 124
213, 124
217, 128
218, 128
221, 131
222, 131
225, 134
226, 134
228, 136
229, 136
232, 139
233, 139
236, 142
237, 142
239, 144
240, 144
241, 145
242, 145
243, 146
244, 146
249, 151
249, 152
251, 154
251, 155
253, 157
253, 158
254, 159
254, 160
256, 162
256, 163
258, 165
258, 166
260, 168
260, 169
262, 171
262, 172
264, 174
264, 175
266, 177
266, 178
268, 180
268, 181
270, 183
270, 184
272, 186
272, 187
274, 189
274, 190
275, 191
275, 192
277, 194
277, 195
279, 197
279, 198
280, 199
280, 200
282, 202
282, 203
284, 205
284, 206
286, 208
286, 209
287, 210
287, 211
289, 213
289, 214
291, 216
291, 217
292, 218
292, 219
294, 221
294, 222
296, 224
295, 225
294, 225
278, 209
278, 208
276, 206
276, 205
256, 185
255, 185
251, 181
250, 181
248, 179
247, 179
246, 178
245, 178
244, 177
238, 177
236, 179
236, 180
235, 181
235, 183
236, 184
236, 187
237, 188
237, 190
238, 191
238, 193
237, 194
236, 193
235, 193
233, 191
232, 191
230, 189
229, 189
227, 187
226, 187
224, 185
223, 185
222, 184
220, 184
219, 183
215, 183
213, 185
213, 188
214, 189
214, 191
216, 193
216, 194
217, 195
217, 196
216, 197
210, 191
210, 190
209, 190
196, 177
195, 177
194, 176
190, 176
190, 178
191, 179
191, 180
192, 181
192, 182
194, 184
194, 185
196, 187
196, 188
197, 189
197, 190
199, 192
199, 193
200, 194
200, 195
201, 196
201, 197
203, 199
203, 200
204, 201
204, 202
206, 204
206, 209
207, 210
207, 211
208, 212
208, 213
209, 214
209, 215
210, 216
210, 217
212, 219
212, 220
214, 222
214, 223
216, 225
219, 225
219, 222
218, 221
218, 220
217, 219
217, 218
216, 217
216, 216
215, 215
215, 214
214, 213
214, 212
213, 211
213, 210
212, 209
212, 208
211, 207
211, 206
210, 205
210, 204
209, 203
209, 202
207, 200
207, 199
206, 198
206, 197
205, 196
205, 195
203, 193
203, 192
202, 191
202, 190
203, 189
219, 205
219, 206
231, 218
234, 218
234, 215
232, 213
232, 212
231, 211
231, 210
229, 208
229, 207
227, 205
227, 204
225, 202
225, 201
224, 200
224, 199
222, 197
222, 196
220, 194
220, 193
219, 192
219, 191
218, 190
218, 189
217, 188
218, 187
219, 187
220, 188
222, 188
225, 191
226, 191
227, 192
228, 192
230, 194
231, 194
233, 196
234, 196
236, 198
237, 198
240, 201
241, 201
249, 209
252, 209
253, 208
254, 208
260, 214
261, 214
264, 217
265, 217
267, 219
268, 219
269, 220
270, 220
271, 221
277, 221
281, 217
298, 234
298, 235
305, 242
305, 243
309, 247
309, 248
313, 252
313, 253
315, 255
315, 256
318, 259
318, 260
321, 263
321, 264
323, 266
323, 267
325, 269
325, 270
327, 272
327, 273
329, 275
329, 276
331, 278
331, 279
333, 281
333, 282
335, 284
335, 285
337, 287
337, 288
338, 289
338, 290
340, 292
340, 293
342, 295
342, 296
346, 300
346, 301
349, 304
349, 305
357, 313
358, 313
359, 314
360, 314
361, 315
365, 315
365, 312
363, 310
363, 309
360, 306
360, 305
356, 301
356, 300
352, 296
352, 295
347, 290
347, 289
343, 285
343, 284
339, 280
339, 279
335, 275
335, 274
331, 270
331, 269
327, 265
327, 264
324, 261
324, 260
322, 258
322, 257
319, 254
319, 253
317, 251
317, 250
316, 249
316, 248
314, 246
314, 245
312, 243
312, 242
310, 240
310, 239
308, 237
308, 236
307, 235
307, 234
305, 232
305, 231
303, 229
303, 228
301, 226
301, 225
299, 223
299, 222
298, 221
298, 220
296, 218
296, 217
294, 215
294, 214
292, 212
292, 211
291, 210
291, 209
289, 207
289, 206
287, 204
287, 203
286, 202
286, 201
284, 199
284, 198
282, 196
282, 195
280, 193
280, 192
279, 191
279, 190
277, 188
277, 187
275, 185
275, 184
274, 183
274, 182
272, 180
272, 179
270, 177
270, 176
268, 174
268, 173
266, 171
266, 170
264, 168
264, 167
262, 165
262, 164
260, 162
260, 161
258, 159
258, 158
256, 156
256, 155
257, 154
258, 155
259, 155
260, 156
261, 156
263, 158
264, 158
266, 160
267, 160
268, 161
269, 161
271, 163
272, 163
273, 164
274, 164
276, 166
277, 166
278, 167
279, 167
280, 168
281, 168
282, 169
283, 169
284, 170
285, 169
286, 169
286, 167
285, 166
284, 166
283, 165
282, 165
281, 164
280, 164
278, 162
277, 162
276, 161
275, 161
274, 160
273, 160
271, 158
270, 158
268, 156
267, 156
265, 154
264, 154
263, 153
262, 153
260, 151
259, 151
257, 149
256, 149
255, 148
254, 148
253, 147
252, 147
246, 141
246, 140
244, 138
244, 137
242, 135
242, 134
240, 132
240, 131
238, 129
238, 128
236, 126
236, 125
234, 123
234, 122
232, 120
232, 119
230, 117
230, 116
228, 114
228, 113
225, 110
225, 109
223, 107
223, 106
221, 104
221, 103
219, 101
219, 100
217, 98
217, 97
214, 94
214, 93
212, 91
212, 90
210, 88
210, 87
207, 84
207, 83
205, 81
205, 80
202, 77
202, 76
200, 74
200, 73
197, 70
197, 69
194, 66
194, 65
191, 62
191, 61
188, 58
188, 57
184, 53
184, 52
179, 47
179, 46
174, 41
174, 40
165, 31
165, 30
162, 27
161, 27
154, 20
153, 20
150, 17
149, 17
148, 16
146, 16
145, 15
249, 195
250, 194
252, 194
253, 195
254, 195
256, 197
257, 197
258, 198
259, 198
263, 202
264, 202
268, 206
269, 206
276, 213
276, 216
274, 218
273, 217
271, 217
269, 215
268, 215
266, 213
265, 213
259, 207
258, 207
256, 205
256, 204
252, 200
252, 199
250, 197
250, 196
241, 180
242, 180
243, 181
244, 181
246, 183
247, 183
249, 185
250, 185
255, 190
254, 191
253, 191
252, 190
247, 190
246, 191
246, 192
245, 193
245, 194
244, 195
243, 194
243, 193
242, 192
242, 191
241, 190
241, 189
240, 188
240, 186
239, 185
239, 182
142, 20
143, 19
145, 19
146, 20
147, 20
148, 21
149, 21
152, 24
153, 24
169, 40
169, 41
175, 47
175, 48
179, 52
179, 53
184, 58
184, 59
187, 62
187, 63
190, 66
190, 67
193, 70
193, 71
196, 74
196, 75
199, 78
199, 79
201, 81
201, 82
204, 85
204, 86
206, 88
206, 89
209, 92
209, 93
211, 95
211, 96
213, 98
213, 99
215, 101
215, 102
217, 104
217, 105
220, 108
220, 109
222, 111
222, 112
224, 114
224, 115
226, 117
226, 118
229, 121
229, 122
231, 124
231, 125
233, 127
233, 128
235, 130
235, 131
237, 133
237, 134
239, 136
237, 138
234, 135
233, 135
231, 133
230, 133
227, 130
226, 130
223, 127
222, 127
219, 124
218, 124
214, 120
213, 120
210, 117
209, 117
200, 108
199, 108
181, 90
181, 89
174, 82
174, 81
169, 76
169, 75
166, 72
166, 71
163, 68
163, 67
160, 64
160, 63
158, 61
158, 60
156, 58
156, 57
154, 55
154, 54
153, 53
153, 52
151, 50
151, 49
150, 48
150, 47
149, 46
149, 45
148, 44
148, 43
147, 42
147, 41
146, 40
146, 38
145, 37
145, 36
144, 35
144, 33
143, 32
143, 30
142, 29
