4, 2
396, 4
394, 369
2, 367
265, 166
264, 167
263, 167
262, 168
261, 168
260, 169
260, 170
258, 172
258, 174
257, 175
257, 176
256, 177
256, 179
255, 180
255, 182
254, 183
254, 186
253, 187
253, 190
252, 191
252, 194
251, 195
251, 197
250, 198
250, 199
248, 201
248, 202
247, 203
247, 204
243, 208
242, 208
241, 209
239, 209
238, 208
237, 208
229, 200
228, 200
227, 199
224, 199
221, 202
221, 203
220, 204
220, 207
219, 208
219, 213
218, 214
218, 216
219, 217
219, 220
220, 220
221, 221
224, 218
224, 217
225, 216
225, 215
226, 214
226, 213
227, 212
227, 211
226, 210
224, 210
223, 209
223, 207
224, 206
224, 205
226, 203
227, 203
236, 212
238, 212
239, 213
240, 213
241, 212
244, 212
248, 208
249, 208
250, 209
250, 212
251, 213
251, 216
252, 217
252, 218
254, 220
255, 220
256, 221
257, 221
258, 222
258, 232
259, 233
259, 235
261, 237
266, 237
272, 231
272, 230
274, 228
274, 227
275, 226
275, 225
276, 224
276, 222
277, 221
277, 219
278, 218
278, 217
279, 216
279, 213
280, 212
280, 209
281, 208
281, 204
282, 203
282, 193
283, 192
283, 191
284, 190
284, 188
285, 187
285, 186
286, 185
286, 184
287, 183
287, 182
288, 181
288, 179
287, 178
285, 178
284, 179
284, 181
283, 182
282, 182
279, 179
279, 178
276, 175
275, 175
274, 174
271, 174
270, 173
270, 172
269, 171
269, 169
266, 166
275, 205
276, 204
277, 204
278, 205
277, 206
277, 210
276, 211
276, 213
275, 214
275, 216
274, 217
274, 219
273, 220
273, 222
272, 223
272, 224
271, 225
271, 226
269, 228
269, 229
265, 233
263, 233
262, 232
262, 228
261, 227
261, 226
262, 225
262, 220
264, 218
265, 218
270, 213
270, 212
273, 209
273, 208
275, 206
276, 187
277, 187
278, 188
278, 190
279, 191
278, 192
278, 193
277, 194
277, 195
276, 196
276, 197
275, 198
275, 199
274, 200
274, 201
272, 203
272, 204
269, 207
269, 208
264, 213
263, 212
263, 211
264, 210
264, 207
265, 206
265, 204
266, 203
266, 201
267, 200
267, 199
268, 198
268, 197
269, 196
269, 195
271, 193
271, 192
269, 178
274, 178
276, 180
276, 182
268, 190
268, 191
266, 193
266, 194
264, 196
264, 197
263, 198
263, 200
262, 201
262, 203
261, 204
261, 207
260, 208
260, 211
259, 212
259, 215
257, 217
255, 215
255, 214
254, 213
254, 199
255, 198
255, 197
256, 196
256, 195
257, 194
257, 193
258, 192
260, 192
262, 190
262, 189
263, 188
263, 186
264, 185
264, 184
265, 183
265, 182
264, 171
266, 172
265, 174
264, 174
262, 174
365, 163
363, 165
363, 166
362, 167
362, 168
361, 169
361, 170
360, 171
360, 172
359, 173
359, 174
358, 175
358, 177
357, 178
357, 179
356, 180
356, 182
354, 184
353, 183
353, 182
354, 181
354, 176
355, 175
355, 174
354, 173
354, 172
352, 172
351, 173
351, 176
350, 177
350, 183
349, 184
349, 188
348, 189
348, 193
347, 194
347, 197
346, 198
346, 201
345, 202
345, 206
344, 207
344, 209
343, 210
343, 215
346, 215
348, 213
348, 212
349, 211
349, 209
350, 208
350, 207
351, 206
351, 204
352, 203
352, 202
353, 201
353, 199
354, 198
354, 196
355, 195
355, 194
356, 193
356, 191
357, 190
357, 188
358, 187
358, 185
359, 184
359, 183
360, 182
360, 180
361, 179
361, 178
362, 177
362, 175
363, 174
363, 173
364, 172
364, 171
366, 169
367, 170
367, 173
368, 174
368, 178
369, 179
369, 181
370, 182
370, 183
371, 184
372, 184
373, 185
374, 185
375, 184
376, 184
378, 182
379, 182
380, 181
380, 179
376, 179
375, 180
373, 180
372, 179
372, 176
371, 175
371, 171
370, 170
370, 167
369, 166
369, 165
367, 163
233, 162
230, 165
230, 166
229, 167
229, 169
228, 170
228, 171
227, 172
227, 173
226, 174
226, 176
225, 177
225, 178
224, 179
224, 181
223, 182
223, 184
222, 185
222, 186
221, 187
221, 189
220, 190
220, 192
219, 193
219, 195
218, 196
218, 197
217, 198
217, 200
215, 202
214, 201
214, 198
215, 197
215, 193
216, 192
216, 187
217, 186
217, 183
218, 182
218, 179
219, 178
219, 177
220, 176
220, 175
219, 174
217, 174
217, 175
216, 176
216, 178
215, 179
215, 182
214, 183
214, 187
213, 188
213, 192
212, 193
212, 198
211, 199
211, 205
210, 206
210, 208
212, 210
213, 209
214, 209
217, 206
217, 205
218, 204
218, 203
219, 202
219, 201
220, 200
220, 199
221, 198
221, 196
222, 195
222, 193
223, 192
223, 190
224, 189
224, 188
225, 187
225, 185
226, 184
226, 182
227, 181
227, 180
228, 179
228, 177
229, 176
229, 174
230, 173
230, 172
231, 171
231, 170
232, 169
232, 168
233, 167
233, 166
234, 165
234, 164
235, 163
234, 162
71, 161
69, 163
68, 163
62, 169
62, 170
61, 171
61, 172
59, 174
59, 175
58, 176
58, 177
57, 178
57, 179
56, 180
56, 182
55, 183
55, 184
54, 185
54, 188
53, 189
53, 194
52, 195
52, 197
53, 198
53, 200
56, 200
56, 191
57, 190
57, 187
58, 186
58, 185
59, 184
59, 182
60, 181
60, 180
61, 179
61, 178
62, 177
62, 176
63, 175
63, 174
65, 172
65, 171
71, 165
74, 165
76, 167
76, 169
77, 170
77, 190
76, 191
76, 200
75, 201
75, 208
76, 209
76, 210
77, 211
81, 211
83, 209
84, 209
86, 207
86, 206
88, 204
88, 203
90, 201
90, 200
91, 199
91, 198
92, 197
92, 196
94, 194
95, 195
95, 201
96, 202
96, 203
99, 206
107, 206
114, 199
114, 198
115, 197
115, 196
118, 193
119, 194
119, 209
118, 210
118, 217
117, 218
117, 224
116, 225
116, 231
115, 232
115, 237
114, 238
114, 242
113, 243
113, 248
112, 249
112, 254
111, 255
111, 260
110, 261
110, 266
109, 267
109, 271
108, 272
108, 276
107, 277
107, 282
106, 283
106, 287
105, 288
105, 293
104, 294
104, 297
103, 298
103, 300
102, 301
102, 303
101, 304
101, 306
100, 307
100, 308
99, 309
99, 311
98, 312
98, 314
97, 315
97, 317
96, 318
96, 320
95, 321
95, 323
94, 324
94, 326
93, 327
93, 330
92, 331
92, 334
91, 335
91, 340
90, 341
90, 353
91, 354
93, 354
93, 353
94, 352
94, 350
95, 349
95, 347
96, 346
96, 344
97, 343
97, 341
98, 340
98, 337
99, 336
99, 333
100, 332
100, 329
101, 328
101, 325
102, 324
102, 321
103, 320
103, 316
104, 315
104, 311
105, 310
105, 306
106, 305
106, 301
107, 300
107, 298
108, 297
108, 295
109, 294
109, 293
110, 292
110, 291
111, 290
111, 288
112, 287
112, 286
113, 285
113, 283
114, 282
114, 281
115, 280
115, 279
116, 278
116, 277
117, 276
117, 275
118, 274
118, 272
119, 271
119, 270
120, 269
120, 268
121, 267
121, 266
122, 265
122, 264
123, 263
123, 262
124, 261
124, 259
125, 258
125, 257
126, 256
126, 255
127, 254
127, 253
128, 252
128, 251
129, 250
129, 249
130, 248
130, 246
131, 245
131, 244
132, 243
132, 242
133, 241
133, 240
134, 239
134, 238
135, 237
135, 236
136, 235
136, 234
137, 233
137, 232
138, 231
139, 232
139, 234
138, 235
138, 237
137, 238
137, 240
136, 241
136, 244
135, 245
135, 247
134, 248
134, 251
133, 252
133, 254
132, 255
132, 258
131, 259
131, 262
130, 263
130, 266
129, 267
129, 270
128, 271
128, 275
127, 276
127, 279
126, 280
126, 284
125, 285
125, 289
124, 290
124, 294
123, 295
123, 300
122, 301
122, 306
121, 307
121, 314
120, 315
120, 330
121, 330
122, 331
124, 329
124, 328
125, 327
125, 325
126, 324
126, 321
127, 320
127, 318
128, 317
128, 315
129, 314
129, 311
130, 310
130, 308
131, 307
131, 304
132, 303
132, 301
133, 300
133, 297
134, 296
134, 294
135, 293
135, 290
136, 289
136, 286
137, 285
137, 282
138, 281
138, 279
139, 278
139, 275
140, 274
140, 271
141, 270
141, 267
142, 266
142, 263
143, 262
143, 259
144, 258
144, 255
145, 254
145, 252
146, 251
146, 248
147, 247
147, 243
148, 242
148, 239
149, 238
149, 234
150, 233
150, 230
151, 229
151, 225
152, 224
152, 220
153, 219
153, 215
154, 214
154, 208
155, 207
155, 199
156, 198
156, 197
157, 196
157, 195
158, 194
158, 193
159, 192
159, 191
161, 189
162, 190
162, 191
163, 192
163, 196
164, 197
164, 203
165, 204
165, 210
166, 211
166, 216
167, 217
167, 221
168, 222
168, 224
169, 225
169, 226
171, 228
171, 229
175, 233
176, 233
177, 234
179, 234
180, 235
186, 235
187, 234
188, 234
189, 233
189, 230
187, 230
186, 231
178, 231
173, 226
173, 225
172, 224
172, 223
171, 222
171, 220
170, 219
170, 215
169, 214
169, 209
168, 208
168, 201
167, 200
167, 195
166, 194
166, 190
165, 189
165, 188
164, 187
164, 186
163, 185
159, 185
158, 186
158, 187
156, 189
156, 190
155, 191
155, 192
154, 193
154, 194
153, 195
153, 196
152, 197
152, 198
150, 200
150, 201
149, 202
149, 203
148, 204
148, 205
146, 207
146, 208
145, 209
145, 210
143, 212
143, 213
142, 214
142, 215
141, 216
141, 217
140, 218
140, 219
139, 220
139, 221
138, 222
138, 223
137, 224
137, 225
136, 226
136, 227
135, 228
135, 229
134, 230
134, 231
133, 232
133, 233
132, 234
132, 235
131, 236
131, 237
130, 238
130, 239
129, 240
129, 242
128, 243
128, 244
127, 245
127, 246
126, 247
126, 248
125, 249
125, 250
124, 251
124, 252
123, 253
123, 255
122, 256
122, 257
121, 258
121, 259
120, 260
120, 261
119, 262
119, 263
118, 264
118, 265
117, 266
117, 267
116, 268
116, 270
115, 271
115, 272
114, 273
114, 274
113, 275
113, 276
112, 277
111, 276
111, 274
112, 273
112, 269
113, 268
113, 263
114, 262
114, 257
115, 256
115, 252
116, 251
116, 246
117, 245
117, 240
118, 239
118, 234
119, 233
119, 228
120, 227
120, 221
121, 220
121, 214
122, 213
122, 196
123, 195
123, 194
122, 193
122, 185
121, 184
121, 183
119, 183
117, 185
117, 187
116, 188
116, 189
114, 191
114, 192
113, 193
113, 194
111, 196
111, 197
105, 203
101, 203
99, 201
99, 200
98, 199
98, 186
99, 185
99, 181
98, 180
96, 180
95, 181
95, 183
94, 184
94, 185
93, 186
93, 187
92, 188
92, 190
91, 191
91, 192
90, 193
90, 194
89, 195
89, 196
87, 198
87, 199
86, 200
86, 201
83, 204
83, 205
82, 206
81, 206
80, 207
79, 207
78, 206
78, 204
79, 203
79, 195
80, 194
80, 185
81, 184
81, 174
80, 173
80, 168
79, 167
79, 166
78, 165
78, 164
76, 162
75, 162
74, 161
147, 220
148, 219
149, 220
149, 222
148, 223
148, 227
147, 228
147, 231
146, 232
146, 236
145, 237
145, 240
144, 241
144, 245
143, 246
143, 249
142, 250
142, 252
141, 253
141, 256
140, 257
140, 260
139, 261
139, 264
138, 265
138, 268
137, 269
137, 272
136, 273
136, 276
135, 277
135, 280
134, 281
134, 283
133, 284
133, 287
132, 288
132, 291
131, 292
131, 295
130, 296
130, 298
129, 299
129, 302
128, 303
128, 305
127, 306
127, 308
126, 309
125, 308
125, 304
126, 303
126, 297
127, 296
127, 292
128, 291
128, 287
129, 286
129, 282
130, 281
130, 278
131, 277
131, 273
132, 272
132, 269
133, 268
133, 265
134, 264
134, 261
135, 260
135, 257
136, 256
136, 254
137, 253
137, 250
138, 249
138, 247
139, 246
139, 243
140, 242
140, 240
141, 239
141, 237
142, 236
142, 233
143, 232
143, 230
144, 229
144, 228
145, 227
145, 225
146, 224
146, 222
147, 221
145, 15
141, 19
141, 21
134, 28
134, 29
124, 39
123, 39
116, 46
115, 46
110, 51
109, 51
107, 53
106, 53
104, 55
103, 55
101, 57
100, 57
99, 58
98, 58
96, 60
95, 60
94, 61
93, 61
92, 62
91, 62
90, 63
89, 63
88, 64
87, 64
86, 65
85, 65
84, 66
83, 66
82, 67
81, 67
80, 68
79, 68
78, 69
77, 69
76, 70
74, 70
73, 71
71, 71
70, 72
69, 72
68, 73
65, 73
64, 72
64, 66
65, 65
65, 60
64, 59
64, 57
63, 56
61, 58
61, 59
62, 60
62, 64
61, 65
61, 73
58, 76
55, 76
54, 77
52, 77
51, 78
49, 78
48, 79
45, 79
44, 80
42, 80
41, 81
39, 81
38, 82
36, 82
35, 83
33, 83
32, 84
31, 84
30, 85
29, 85
28, 86
27, 86
20, 93
20, 94
19, 95
19, 96
18, 97
18, 98
17, 99
17, 106
19, 108
21, 108
21, 107
22, 106
21, 105
21, 100
22, 99
22, 98
23, 97
23, 96
30, 89
31, 89
32, 88
33, 88
34, 87
35, 87
36, 86
39, 86
40, 85
41, 85
42, 84
45, 84
46, 83
48, 83
49, 82
52, 82
53, 81
55, 81
56, 80
59, 80
60, 81
60, 85
59, 86
59, 96
58, 97
58, 105
57, 106
57, 114
56, 115
56, 122
55, 123
55, 130
54, 131
54, 137
53, 138
53, 143
52, 144
52, 149
51, 150
51, 155
50, 156
50, 160
49, 161
49, 164
48, 165
48, 168
47, 169
47, 172
46, 173
46, 176
45, 177
45, 179
44, 180
44, 182
43, 183
43, 185
42, 186
42, 188
41, 189
41, 191
40, 192
40, 193
39, 194
39, 196
38, 197
38, 198
37, 199
37, 200
36, 201
36, 202
34, 204
34, 205
32, 207
32, 208
28, 212
27, 212
26, 213
23, 213
21, 211
21, 202
22, 201
22, 198
21, 197
20, 197
19, 198
19, 200
18, 201
18, 212
19, 213
19, 214
21, 216
22, 216
23, 217
25, 217
26, 216
27, 216
28, 215
29, 215
31, 213
32, 213
33, 212
33, 211
36, 208
36, 207
38, 205
38, 204
39, 203
39, 202
40, 201
40, 200
41, 199
41, 198
42, 197
42, 195
43, 194
43, 193
44, 192
44, 190
45, 189
45, 187
46, 186
46, 184
47, 183
47, 181
48, 180
48, 178
49, 177
49, 174
50, 173
50, 170
51, 169
51, 166
52, 165
52, 161
53, 160
53, 156
54, 155
54, 151
55, 150
55, 145
56, 144
56, 139
57, 138
57, 131
58, 130
58, 123
59, 122
59, 116
60, 115
60, 107
61, 106
61, 98
62, 97
62, 87
63, 86
63, 80
65, 78
66, 78
67, 77
68, 77
69, 76
71, 76
72, 75
74, 75
75, 74
76, 74
77, 73
79, 73
80, 72
81, 72
82, 71
83, 71
84, 70
85, 70
86, 69
87, 69
88, 68
89, 68
90, 67
91, 67
92, 66
93, 66
94, 65
95, 65
96, 64
97, 64
98, 63
99, 63
101, 61
102, 61
103, 60
104, 60
106, 58
107, 58
109, 56
110, 56
113, 53
114, 53
119, 48
120, 48
127, 41
128, 41
137, 32
137, 31
144, 24
144, 23
145, 22
145, 21
148, 18
148, 16
147, 15
