4, 2
418, 4
416, 369
2, 367
135, 16
133, 18
133, 19
129, 23
129, 24
127, 26
127, 27
122, 32
122, 33
109, 46
108, 46
101, 53
100, 53
96, 57
95, 57
92, 60
91, 60
89, 62
88, 62
86, 64
85, 64
84, 65
83, 65
82, 66
81, 66
80, 67
79, 67
78, 68
77, 68
76, 69
73, 69
72, 70
58, 70
57, 69
55, 69
54, 68
53, 68
52, 67
51, 67
50, 66
49, 66
47, 64
46, 64
44, 62
43, 62
42, 61
40, 61
39, 60
32, 60
30, 62
29, 62
29, 63
26, 66
26, 67
25, 68
25, 69
24, 70
24, 71
23, 72
23, 73
22, 74
22, 75
21, 76
21, 78
20, 79
20, 83
19, 84
19, 91
18, 92
18, 100
19, 101
19, 104
20, 105
20, 107
21, 108
21, 109
24, 112
25, 112
26, 113
28, 113
29, 112
30, 112
31, 111
31, 109
26, 109
24, 107
24, 106
23, 105
23, 103
22, 102
22, 87
23, 86
23, 82
24, 81
24, 78
25, 77
25, 76
26, 75
26, 74
27, 73
27, 72
28, 71
28, 70
29, 69
29, 68
34, 63
37, 63
38, 64
40, 64
41, 65
42, 65
44, 67
45, 67
47, 69
48, 69
49, 70
50, 70
51, 71
52, 71
53, 72
55, 72
56, 73
60, 73
61, 74
69, 74
70, 73
74, 73
75, 72
78, 72
79, 71
80, 71
81, 70
82, 70
83, 69
84, 69
85, 68
86, 68
87, 67
88, 67
90, 65
91, 65
93, 63
94, 63
97, 60
98, 60
101, 57
102, 57
108, 51
109, 51
114, 46
115, 47
115, 48
114, 49
114, 50
113, 51
113, 52
112, 53
112, 54
111, 55
111, 57
110, 58
110, 59
109, 60
109, 61
108, 62
108, 63
107, 64
107, 65
106, 66
106, 67
105, 68
105, 70
104, 71
104, 72
103, 73
103, 74
102, 75
102, 76
101, 77
101, 78
100, 79
100, 81
99, 82
99, 83
98, 84
98, 85
97, 86
97, 88
96, 89
96, 90
95, 91
95, 92
94, 93
94, 94
93, 95
93, 97
92, 98
92, 99
91, 100
91, 102
90, 103
90, 104
89, 105
89, 106
88, 107
88, 109
87, 110
87, 111
86, 112
86, 114
85, 115
85, 116
84, 117
84, 118
83, 119
83, 121
82, 122
82, 123
81, 124
81, 126
80, 127
80, 129
79, 130
79, 131
78, 132
78, 134
77, 135
77, 137
76, 138
76, 139
75, 140
75, 142
74, 143
74, 144
73, 145
73, 147
72, 148
72, 150
71, 151
71, 152
70, 153
70, 155
69, 156
69, 158
68, 159
68, 160
67, 161
67, 163
66, 164
66, 165
65, 166
65, 168
64, 169
64, 170
63, 171
63, 173
62, 174
62, 175
61, 176
61, 178
60, 179
60, 181
59, 182
59, 183
58, 184
58, 186
57, 187
57, 188
56, 189
56, 191
55, 192
55, 194
54, 195
54, 196
53, 197
53, 199
52, 200
52, 202
51, 203
51, 204
50, 205
50, 207
49, 208
49, 210
48, 211
48, 212
47, 213
47, 215
46, 216
46, 218
45, 219
45, 220
44, 221
44, 223
43, 224
43, 226
42, 227
42, 229
41, 230
41, 231
40, 232
40, 234
39, 235
39, 237
38, 238
38, 240
37, 241
37, 249
38, 250
38, 251
39, 252
39, 253
40, 254
40, 255
41, 256
41, 257
44, 260
45, 260
46, 261
48, 261
49, 260
51, 260
52, 259
53, 259
63, 249
63, 248
68, 243
68, 242
72, 238
72, 237
74, 235
74, 234
77, 231
77, 230
80, 227
80, 226
83, 223
83, 222
85, 220
85, 219
87, 217
87, 216
90, 213
90, 212
92, 210
92, 209
95, 206
95, 205
97, 203
97, 202
99, 200
99, 199
102, 196
102, 195
104, 193
104, 192
106, 190
106, 189
108, 187
108, 186
109, 185
109, 184
111, 182
111, 181
113, 179
113, 178
116, 175
116, 174
118, 172
118, 171
120, 169
120, 168
122, 166
122, 165
124, 163
124, 162
126, 160
126, 159
129, 156
129, 155
131, 153
131, 152
133, 150
133, 149
136, 146
136, 145
138, 143
138, 142
141, 139
141, 138
143, 136
143, 135
146, 132
146, 131
149, 128
149, 127
151, 125
151, 124
154, 121
154, 120
156, 118
156, 117
159, 114
159, 113
161, 111
161, 110
164, 107
164, 106
167, 103
167, 102
170, 99
170, 98
174, 94
174, 93
178, 89
178, 88
189, 77
189, 76
191, 74
192, 74
196, 70
197, 70
198, 71
198, 72
197, 73
197, 75
196, 76
196, 77
195, 78
195, 79
194, 80
194, 81
193, 82
193, 83
192, 84
192, 85
191, 86
191, 87
190, 88
190, 89
189, 90
189, 91
187, 93
187, 94
186, 95
186, 96
185, 97
185, 98
183, 100
183, 101
182, 102
182, 103
180, 105
180, 106
179, 107
179, 108
177, 110
177, 111
176, 112
176, 113
174, 115
174, 116
173, 117
173, 118
171, 120
171, 121
170, 122
170, 123
169, 124
169, 125
167, 127
167, 128
166, 129
166, 130
164, 132
164, 133
163, 134
163, 135
162, 136
162, 137
161, 138
161, 139
160, 140
160, 141
158, 143
158, 144
157, 145
157, 146
156, 147
156, 148
155, 149
155, 150
154, 151
154, 152
153, 153
153, 154
151, 156
151, 157
150, 158
150, 159
149, 160
149, 161
148, 162
148, 163
147, 164
147, 165
145, 167
145, 168
144, 169
144, 170
143, 171
143, 172
142, 173
142, 174
141, 175
141, 176
140, 177
140, 178
139, 179
139, 180
138, 181
138, 182
137, 183
137, 184
136, 185
136, 186
135, 187
135, 189
134, 190
134, 191
133, 192
133, 193
132, 194
132, 195
131, 196
131, 197
130, 198
130, 199
129, 200
129, 201
128, 202
128, 203
127, 204
127, 205
126, 206
126, 207
125, 208
125, 210
124, 211
124, 212
123, 213
123, 214
122, 215
122, 217
121, 218
121, 219
120, 220
120, 222
119, 223
119, 225
118, 226
118, 228
117, 229
117, 231
116, 232
116, 234
115, 235
115, 238
114, 239
114, 241
112, 243
111, 243
110, 244
108, 244
107, 245
105, 245
104, 246
102, 246
101, 247
99, 247
98, 248
96, 248
95, 249
94, 249
93, 250
91, 250
90, 251
88, 251
87, 252
86, 252
85, 253
83, 253
82, 254
81, 254
80, 255
78, 255
77, 256
76, 256
75, 257
74, 257
73, 258
72, 258
69, 261
68, 261
67, 262
67, 263
65, 265
65, 269
67, 271
68, 271
69, 272
72, 272
73, 273
77, 273
78, 272
85, 272
86, 271
90, 271
91, 270
95, 270
96, 269
99, 269
100, 268
102, 268
103, 267
106, 267
107, 266
110, 266
111, 265
115, 265
116, 266
117, 266
118, 267
122, 267
123, 266
124, 266
125, 265
127, 265
129, 263
130, 263
132, 261
133, 261
135, 259
136, 259
138, 257
139, 257
142, 254
143, 254
144, 253
145, 253
146, 252
147, 252
148, 251
150, 251
151, 250
152, 250
153, 249
154, 249
155, 248
156, 248
157, 247
159, 247
160, 246
161, 246
162, 245
163, 245
164, 244
165, 244
166, 243
168, 243
169, 244
169, 246
164, 251
163, 251
159, 255
158, 255
153, 260
152, 260
146, 266
145, 266
134, 277
133, 277
118, 292
118, 293
108, 303
108, 304
104, 308
104, 309
101, 312
101, 313
98, 316
98, 317
95, 320
95, 321
93, 323
93, 324
92, 325
92, 326
91, 327
91, 328
89, 330
89, 331
88, 332
88, 333
87, 334
87, 336
86, 337
86, 340
85, 341
85, 347
86, 348
86, 350
87, 351
87, 352
88, 353
90, 353
91, 354
101, 354
102, 353
104, 353
105, 352
108, 352
109, 351
111, 351
112, 350
114, 350
115, 349
116, 349
117, 348
119, 348
120, 347
122, 347
123, 346
124, 346
125, 345
126, 345
127, 344
128, 344
129, 343
130, 343
131, 342
132, 342
133, 341
134, 341
135, 340
136, 340
137, 339
138, 339
139, 338
140, 338
141, 337
142, 337
143, 336
144, 336
145, 335
146, 335
147, 334
148, 334
149, 333
150, 333
151, 332
152, 332
153, 331
154, 331
155, 330
156, 330
158, 328
159, 328
160, 327
161, 327
162, 326
163, 326
165, 324
166, 324
167, 323
168, 323
169, 322
170, 322
172, 320
173, 320
174, 319
175, 319
177, 317
178, 317
179, 316
180, 316
182, 314
183, 314
184, 313
185, 313
186, 312
187, 312
189, 310
190, 310
191, 309
192, 309
194, 307
195, 307
197, 305
198, 305
199, 304
200, 304
202, 302
203, 302
204, 301
205, 301
207, 299
208, 299
210, 297
211, 297
212, 296
213, 296
215, 294
216, 294
217, 293
218, 293
220, 291
221, 291
223, 289
224, 289
226, 287
227, 287
229, 285
230, 285
232, 283
233, 283
235, 281
236, 281
238, 279
239, 279
240, 278
241, 278
243, 276
244, 276
246, 274
247, 274
249, 272
253, 272
254, 273
256, 273
257, 272
263, 272
264, 271
266, 271
267, 270
269, 270
270, 269
272, 269
274, 267
275, 267
276, 266
277, 266
278, 265
279, 265
280, 264
281, 264
283, 262
284, 262
285, 261
286, 261
288, 259
289, 259
292, 256
293, 256
295, 254
296, 254
300, 250
301, 250
306, 245
307, 245
319, 233
319, 232
322, 229
322, 228
323, 227
323, 225
324, 224
323, 223
323, 219
327, 215
328, 215
331, 212
332, 212
336, 208
337, 208
340, 205
341, 205
345, 201
346, 201
350, 197
351, 197
355, 193
356, 193
360, 189
361, 189
366, 184
367, 184
372, 179
373, 179
380, 172
381, 172
394, 159
394, 158
397, 155
397, 154
399, 152
399, 151
400, 150
400, 147
401, 146
401, 145
400, 144
400, 143
398, 141
397, 141
396, 140
388, 140
387, 141
381, 141
380, 142
378, 142
377, 143
374, 143
373, 144
370, 144
369, 145
367, 145
366, 146
364, 146
363, 147
361, 147
360, 148
358, 148
357, 149
356, 149
355, 150
353, 150
352, 151
350, 151
349, 152
348, 152
347, 153
345, 153
344, 154
343, 154
342, 155
340, 155
339, 156
338, 156
337, 157
335, 157
334, 158
333, 158
332, 159
331, 159
330, 160
328, 160
327, 161
326, 161
325, 162
323, 162
322, 163
321, 163
320, 164
319, 164
318, 165
317, 165
316, 166
315, 166
314, 167
312, 167
311, 168
310, 167
310, 166
316, 160
316, 159
321, 154
321, 153
325, 149
325, 148
328, 145
328, 144
331, 141
331, 140
333, 138
333, 137
336, 134
336, 133
338, 131
338, 130
340, 128
340, 127
342, 125
342, 124
344, 122
344, 121
346, 119
346, 118
347, 117
347, 116
349, 114
349, 113
350, 112
350, 109
349, 108
348, 108
347, 107
343, 107
342, 108
341, 108
340, 109
339, 109
336, 112
335, 112
332, 115
331, 115
326, 120
325, 120
308, 137
307, 137
294, 150
294, 151
280, 165
280, 166
275, 171
275, 172
271, 176
271, 177
268, 180
268, 181
266, 183
266, 184
263, 187
263, 188
261, 190
261, 191
258, 194
257, 194
256, 195
255, 195
254, 196
253, 196
252, 197
251, 197
250, 198
248, 198
247, 199
246, 199
245, 200
244, 200
243, 201
242, 201
241, 202
240, 202
239, 203
238, 203
237, 204
236, 204
233, 201
232, 201
230, 199
228, 199
227, 198
224, 198
223, 197
215, 197
214, 198
211, 198
210, 199
208, 199
207, 200
205, 200
204, 201
203, 201
202, 202
200, 200
208, 192
208, 191
212, 187
212, 185
208, 185
206, 187
205, 187
197, 195
197, 196
193, 200
193, 201
190, 204
190, 205
187, 208
187, 209
176, 220
175, 220
170, 225
169, 225
168, 226
165, 226
164, 227
162, 227
161, 228
158, 228
157, 229
155, 229
154, 230
151, 230
150, 231
148, 231
147, 232
145, 232
144, 233
142, 233
141, 234
138, 234
137, 235
135, 235
134, 236
132, 236
131, 237
129, 237
128, 238
126, 238
125, 239
123, 239
122, 240
119, 240
118, 239
118, 238
119, 237
119, 234
120, 233
120, 231
121, 230
121, 228
122, 227
122, 225
123, 224
123, 222
124, 221
124, 220
125, 219
125, 217
126, 216
126, 215
127, 214
127, 213
128, 212
128, 210
129, 209
129, 208
130, 207
130, 206
131, 205
131, 204
132, 203
132, 202
133, 201
133, 200
134, 199
134, 198
135, 197
135, 196
136, 195
136, 194
137, 193
137, 191
138, 190
138, 189
139, 188
139, 187
140, 186
140, 185
141, 184
141, 183
142, 182
142, 181
143, 180
143, 179
144, 178
144, 177
145, 176
145, 175
146, 174
146, 173
147, 172
147, 171
148, 170
148, 169
150, 167
150, 166
151, 165
151, 164
152, 163
152, 162
153, 161
153, 160
154, 159
154, 158
156, 156
156, 155
157, 154
157, 153
158, 152
158, 151
159, 150
159, 149
160, 148
160, 147
161, 146
161, 145
163, 143
163, 142
164, 141
164, 140
165, 139
165, 138
166, 137
166, 136
167, 135
167, 134
169, 132
169, 131
170, 130
170, 129
171, 128
171, 127
173, 125
173, 124
174, 123
174, 122
176, 120
176, 119
177, 118
177, 117
179, 115
179, 114
180, 113
180, 112
182, 110
182, 109
183, 108
183, 107
185, 105
185, 104
186, 103
186, 102
188, 100
188, 99
189, 98
189, 97
190, 96
190, 95
192, 93
192, 92
193, 91
193, 90
194, 89
194, 88
195, 87
195, 86
196, 85
196, 84
197, 83
197, 82
198, 81
198, 80
199, 79
199, 78
200, 77
200, 75
201, 74
201, 72
202, 71
202, 67
203, 66
203, 65
202, 64
202, 63
200, 63
199, 64
198, 64
196, 66
195, 66
191, 70
190, 70
183, 77
183, 78
175, 86
175, 87
170, 92
170, 93
167, 96
167, 97
164, 100
164, 101
161, 104
161, 105
158, 108
158, 109
155, 112
155, 113
153, 115
153, 116
150, 119
150, 120
148, 122
148, 123
146, 125
146, 126
143, 129
143, 130
140, 133
140, 134
138, 136
138, 137
135, 140
135, 141
133, 143
133, 144
130, 147
130, 148
128, 150
128, 151
125, 154
125, 155
123, 157
123, 158
121, 160
121, 161
119, 163
119, 164
117, 166
117, 167
115, 169
115, 170
113, 172
113, 173
110, 176
110, 177
108, 179
108, 180
106, 182
106, 183
104, 185
104, 186
103, 187
103, 188
101, 190
101, 191
99, 193
99, 194
96, 197
96, 198
94, 200
94, 201
91, 204
91, 205
89, 207
89, 208
87, 210
87, 211
84, 214
84, 215
82, 217
82, 218
80, 220
80, 221
77, 224
77, 225
74, 228
74, 229
71, 232
71, 233
68, 236
68, 237
64, 241
64, 242
59, 247
59, 248
51, 256
50, 256
49, 257
46, 257
44, 255
44, 254
43, 253
43, 252
42, 251
42, 250
41, 249
41, 247
40, 246
40, 244
41, 243
41, 240
42, 239
42, 237
43, 236
43, 234
44, 233
44, 232
45, 231
45, 229
46, 228
46, 226
47, 225
47, 224
48, 223
48, 221
49, 220
49, 218
50, 217
50, 215
51, 214
51, 213
52, 212
52, 210
53, 209
53, 207
54, 206
54, 205
55, 204
55, 202
56, 201
56, 199
57, 198
57, 197
58, 196
58, 194
59, 193
59, 191
60, 190
60, 189
61, 188
61, 186
62, 185
62, 184
63, 183
63, 181
64, 180
64, 179
65, 178
65, 176
66, 175
66, 173
67, 172
67, 171
68, 170
68, 168
69, 167
69, 166
70, 165
70, 163
71, 162
71, 161
72, 160
72, 158
73, 157
73, 155
74, 154
74, 153
75, 152
75, 150
76, 149
76, 147
77, 146
77, 145
78, 144
78, 142
79, 141
79, 140
80, 139
80, 137
81, 136
81, 134
82, 133
82, 132
83, 131
83, 129
84, 128
84, 126
85, 125
85, 124
86, 123
86, 121
87, 120
87, 119
88, 118
88, 117
89, 116
89, 114
90, 113
90, 112
91, 111
91, 109
92, 108
92, 107
93, 106
93, 105
94, 104
94, 102
95, 101
95, 100
96, 99
96, 97
97, 96
97, 95
98, 94
98, 93
99, 92
99, 91
100, 90
100, 88
101, 87
101, 86
102, 85
102, 84
103, 83
103, 81
104, 80
104, 79
105, 78
105, 77
106, 76
106, 75
107, 74
107, 73
108, 72
108, 70
109, 69
109, 68
110, 67
110, 66
111, 65
111, 64
112, 63
112, 62
113, 61
113, 59
114, 58
114, 57
115, 56
115, 55
116, 54
116, 53
117, 52
117, 51
118, 50
118, 49
119, 48
119, 47
120, 46
120, 45
122, 43
122, 42
123, 41
123, 40
124, 39
124, 38
125, 37
125, 36
127, 34
127, 33
130, 30
130, 29
133, 26
133, 25
136, 22
136, 21
138, 19
138, 16
109, 248
110, 247
111, 247
112, 248
112, 251
111, 252
111, 257
112, 258
112, 260
110, 262
109, 262
108, 263
105, 263
104, 264
101, 264
100, 265
97, 265
96, 266
93, 266
92, 267
89, 267
88, 268
84, 268
83, 269
71, 269
69, 267
69, 266
74, 261
75, 261
76, 260
77, 260
78, 259
79, 259
80, 258
82, 258
83, 257
84, 257
85, 256
87, 256
88, 255
89, 255
90, 254
92, 254
93, 253
95, 253
96, 252
97, 252
98, 251
100, 251
101, 250
103, 250
104, 249
106, 249
107, 248
176, 239
177, 238
176, 242
175, 239
180, 237
189, 237
192, 238
193, 238
195, 240
196, 240
197, 241
199, 241
200, 242
212, 242
213, 241
214, 241
212, 245
211, 245
209, 247
208, 247
206, 249
205, 249
204, 250
203, 250
201, 252
200, 252
199, 253
198, 253
197, 254
196, 254
195, 255
193, 255
192, 256
190, 256
179, 257
178, 256
177, 256
175, 254
175, 253
174, 252
174, 251
173, 249
176, 246
177, 246
180, 243
181, 243
184, 240
185, 240
188, 237
159, 232
160, 231
161, 231
162, 232
162, 233
158, 237
157, 237
152, 242
151, 242
147, 246
146, 246
142, 250
141, 250
140, 251
139, 251
138, 252
136, 252
135, 253
134, 253
133, 254
131, 254
130, 255
129, 255
128, 256
126, 256
125, 257
123, 257
122, 258
120, 258
119, 259
116, 259
115, 258
115, 249
116, 248
116, 246
117, 245
118, 245
119, 244
121, 244
122, 243
124, 243
125, 242
127, 242
128, 241
130, 241
131, 240
133, 240
134, 239
136, 239
137, 238
140, 238
141, 237
143, 237
144, 236
146, 236
147, 235
149, 235
150, 234
152, 234
153, 233
156, 233
157, 232
172, 229
173, 228
174, 228
175, 229
174, 230
174, 231
173, 232
173, 234
172, 235
172, 236
170, 238
169, 238
168, 239
167, 239
166, 240
164, 240
163, 241
162, 241
161, 242
171, 229
240, 227
241, 227
242, 228
242, 229
241, 230
241, 233
240, 234
240, 238
239, 239
239, 244
238, 245
238, 257
239, 258
239, 261
240, 262
240, 264
242, 266
242, 267
245, 270
242, 273
241, 273
239, 275
238, 275
237, 276
236, 276
234, 278
233, 278
231, 280
230, 280
228, 282
227, 282
225, 284
224, 284
222, 286
221, 286
219, 288
218, 288
216, 290
215, 290
214, 291
213, 291
211, 293
210, 293
209, 294
208, 294
206, 296
205, 296
203, 298
202, 298
201, 299
200, 299
198, 301
197, 301
196, 302
195, 302
193, 304
192, 304
190, 306
189, 306
188, 307
187, 307
185, 309
184, 309
183, 310
182, 310
181, 311
180, 311
178, 313
177, 313
176, 314
175, 314
173, 316
172, 316
171, 317
170, 317
168, 319
167, 319
166, 320
165, 320
164, 321
163, 321
161, 323
160, 323
159, 324
158, 324
157, 325
156, 325
154, 327
153, 327
152, 328
151, 328
150, 329
149, 329
148, 330
147, 330
146, 331
145, 331
144, 332
143, 332
142, 333
141, 333
140, 334
139, 334
138, 335
137, 335
136, 336
135, 336
134, 337
133, 337
132, 338
131, 338
130, 339
129, 339
128, 340
127, 340
126, 341
125, 341
124, 342
123, 342
122, 343
121, 343
120, 344
118, 344
117, 345
115, 345
114, 346
113, 346
112, 347
110, 347
109, 348
107, 348
106, 349
103, 349
102, 350
99, 350
98, 351
94, 351
93, 350
91, 350
89, 348
89, 346
88, 345
88, 343
89, 342
89, 339
90, 338
90, 336
91, 335
91, 334
92, 333
92, 332
94, 330
94, 329
95, 328
95, 327
96, 326
96, 325
98, 323
98, 322
101, 319
101, 318
104, 315
104, 314
107, 311
107, 310
113, 304
113, 303
123, 293
123, 292
129, 286
130, 286
146, 270
147, 270
153, 264
154, 264
159, 259
160, 259
165, 254
166, 254
168, 252
170, 252
171, 253
171, 254
172, 255
172, 256
175, 259
176, 259
177, 260
180, 260
181, 261
188, 261
189, 260
191, 260
192, 259
194, 259
195, 258
197, 258
198, 257
199, 257
200, 256
201, 256
202, 255
203, 255
205, 253
206, 253
207, 252
208, 252
210, 250
211, 250
213, 248
214, 248
217, 245
218, 245
229, 234
230, 234
231, 233
232, 233
234, 231
235, 231
237, 229
238, 229
182, 226
183, 225
186, 226
186, 227
187, 228
186, 230
185, 230
184, 231
183, 231
182, 232
181, 232
180, 233
179, 233
177, 233
177, 232
178, 231
178, 230
179, 229
181, 226
318, 222
319, 222
320, 223
320, 225
319, 226
319, 227
314, 232
314, 233
306, 241
305, 241
299, 247
298, 247
295, 250
294, 250
291, 253
290, 253
287, 256
286, 256
284, 258
283, 258
282, 259
281, 259
279, 261
278, 261
277, 262
276, 262
275, 263
274, 263
273, 264
272, 264
270, 266
268, 266
267, 267
265, 267
264, 268
261, 268
260, 269
257, 269
256, 268
259, 265
260, 265
263, 262
264, 262
266, 260
267, 260
269, 258
270, 258
272, 256
273, 256
276, 253
277, 253
279, 251
280, 251
283, 248
284, 248
286, 246
287, 246
290, 243
291, 243
293, 241
294, 241
297, 238
298, 238
301, 235
302, 235
305, 232
306, 232
309, 229
310, 229
314, 225
315, 225
195, 223
196, 222
198, 222
199, 223
198, 224
197, 224
196, 225
195, 225
194, 226
193, 226
192, 227
191, 227
190, 226
190, 224
191, 223
232, 216
233, 215
234, 215
235, 216
235, 219
234, 220
234, 221
233, 222
233, 223
231, 225
231, 226
224, 233
223, 233
221, 235
220, 235
219, 236
217, 236
216, 237
215, 237
214, 238
210, 238
209, 239
203, 239
202, 238
199, 238
198, 237
197, 237
194, 234
196, 232
197, 232
199, 230
200, 230
202, 228
203, 228
205, 226
206, 226
208, 224
209, 224
210, 223
211, 223
213, 221
214, 221
215, 220
216, 220
217, 219
218, 219
219, 218
220, 218
221, 217
226, 217
227, 216
241, 214
247, 215
247, 216
246, 217
242, 222
241, 222
239, 224
237, 222
238, 221
238, 218
239, 217
274, 212
275, 211
293, 211
294, 212
301, 212
302, 213
307, 213
308, 214
310, 214
311, 215
313, 215
315, 217
316, 217
317, 218
313, 222
312, 222
309, 225
308, 225
305, 228
304, 228
300, 232
299, 232
296, 235
295, 235
293, 237
292, 237
289, 240
288, 240
286, 242
285, 242
282, 245
281, 245
279, 247
278, 247
275, 250
274, 250
272, 252
271, 252
268, 255
267, 255
265, 257
264, 257
262, 259
261, 259
258, 262
257, 262
255, 264
254, 264
252, 266
251, 266
250, 267
247, 267
245, 265
245, 264
243, 262
243, 260
242, 259
242, 241
243, 240
243, 236
244, 235
244, 233
245, 232
245, 229
246, 228
246, 226
247, 225
247, 224
248, 223
248, 222
250, 220
251, 220
254, 217
255, 217
258, 214
259, 214
261, 212
251, 202
252, 201
253, 201
254, 202
253, 203
253, 204
252, 205
252, 206
251, 207
251, 208
249, 210
246, 210
245, 211
240, 211
238, 209
241, 206
242, 206
243, 205
244, 205
245, 204
246, 204
247, 203
249, 203
250, 202
212, 202
213, 201
225, 201
226, 202
228, 202
230, 204
231, 204
232, 205
232, 206
230, 208
229, 208
228, 209
227, 209
226, 210
225, 210
224, 211
223, 211
222, 212
221, 212
220, 213
219, 213
218, 214
217, 214
216, 215
213, 215
212, 216
208, 216
207, 217
203, 217
202, 218
198, 218
197, 219
193, 219
192, 220
191, 220
190, 219
190, 217
192, 215
192, 214
195, 211
196, 211
199, 208
200, 208
203, 205
204, 205
205, 204
206, 204
207, 203
209, 203
210, 202
277, 190
278, 189
280, 189
281, 190
277, 194
276, 194
269, 201
268, 201
263, 206
262, 206
259, 209
256, 209
255, 208
255, 207
256, 206
256, 205
257, 204
257, 203
259, 201
259, 200
260, 199
260, 198
262, 196
263, 196
264, 195
266, 195
267, 194
268, 194
269, 193
270, 193
271, 192
273, 192
274, 191
275, 191
276, 190
318, 169
317, 171
383, 145
384, 144
395, 144
397, 146
397, 148
396, 149
396, 150
394, 152
394, 153
389, 158
389, 159
380, 168
379, 168
372, 175
371, 175
366, 180
365, 180
360, 185
359, 185
354, 190
353, 190
349, 194
348, 194
345, 197
344, 197
340, 201
339, 201
335, 205
334, 205
331, 208
330, 208
326, 212
325, 212
322, 215
321, 215
320, 216
318, 214
317, 214
315, 212
313, 212
312, 211
310, 211
309, 210
305, 210
304, 209
298, 209
297, 208
268, 208
267, 207
269, 205
270, 205
277, 198
278, 198
289, 187
290, 187
294, 183
295, 183
296, 182
297, 182
298, 181
300, 181
301, 180
303, 180
304, 179
306, 179
307, 178
309, 178
310, 177
311, 177
312, 176
314, 176
315, 175
317, 175
318, 174
321, 174
322, 173
325, 173
326, 172
329, 172
330, 171
333, 171
334, 170
337, 170
338, 169
341, 169
342, 168
343, 168
344, 167
344, 166
343, 165
339, 165
338, 166
335, 166
334, 167
331, 167
330, 168
327, 168
326, 169
323, 169
322, 170
318, 169
319, 168
320, 168
321, 167
322, 167
323, 166
324, 166
325, 165
327, 165
328, 164
329, 164
330, 163
332, 163
333, 162
334, 162
335, 161
336, 161
337, 160
339, 160
340, 159
341, 159
342, 158
344, 158
345, 157
346, 157
347, 156
349, 156
350, 155
351, 155
352, 154
354, 154
355, 153
357, 153
358, 152
360, 152
361, 151
363, 151
364, 150
365, 150
366, 149
368, 149
369, 148
371, 148
372, 147
375, 147
376, 146
379, 146
380, 145
342, 112
343, 111
345, 111
346, 112
345, 113
345, 114
343, 116
343, 117
341, 119
341, 120
339, 122
339, 123
337, 125
337, 126
335, 128
335, 129
333, 131
333, 132
330, 135
330, 136
328, 138
328, 139
325, 142
325, 143
322, 146
322, 147
318, 151
318, 152
313, 157
313, 158
301, 170
301, 171
299, 173
298, 173
296, 175
295, 175
294, 176
293, 176
292, 177
291, 177
290, 178
289, 178
288, 179
287, 179
286, 180
285, 180
284, 181
283, 181
282, 182
281, 182
280, 183
279, 183
278, 184
277, 184
276, 185
275, 185
274, 186
273, 186
272, 187
271, 187
270, 188
269, 188
268, 187
269, 186
269, 185
271, 183
271, 182
275, 178
275, 177
278, 174
278, 173
285, 166
285, 165
326, 124
327, 124
332, 119
333, 119
337, 115
338, 115
341, 112
