4, 2
388, 4
386, 369
2, 367
91, 16
89, 18
89, 19
88, 20
88, 21
87, 22
87, 23
86, 24
86, 25
83, 28
83, 29
81, 31
81, 32
62, 51
62, 52
56, 58
56, 59
46, 69
45, 69
43, 71
42, 71
41, 72
34, 72
32, 70
31, 70
28, 67
27, 67
25, 65
24, 65
23, 64
20, 64
18, 66
18, 69
17, 70
17, 77
18, 78
18, 79
23, 79
24, 78
26, 78
27, 77
28, 77
29, 76
29, 74
30, 73
32, 73
33, 74
35, 74
36, 75
39, 75
40, 74
42, 74
43, 73
44, 73
45, 72
46, 72
49, 69
50, 69
57, 62
57, 61
63, 55
63, 54
74, 46
73, 47
73, 48
72, 49
72, 50
71, 51
71, 52
70, 53
70, 55
69, 56
69, 58
68, 59
68, 60
67, 61
67, 63
66, 64
66, 66
65, 67
65, 70
64, 71
64, 73
63, 74
63, 77
62, 78
62, 81
61, 82
61, 85
60, 86
60, 90
59, 91
59, 94
58, 95
58, 99
57, 100
57, 104
56, 105
56, 109
55, 110
55, 114
54, 115
54, 121
53, 122
53, 127
52, 128
52, 133
51, 134
51, 139
50, 140
50, 145
49, 146
49, 151
48, 152
48, 157
47, 158
47, 162
46, 163
46, 167
45, 168
45, 173
44, 174
44, 178
43, 179
43, 183
42, 184
42, 188
41, 189
41, 192
40, 193
40, 197
39, 198
39, 200
38, 201
38, 204
37, 205
37, 208
36, 209
36, 212
35, 213
35, 216
34, 217
34, 220
33, 221
33, 224
32, 225
32, 228
31, 229
31, 232
30, 233
30, 236
29, 237
29, 240
28, 241
28, 244
27, 245
27, 249
26, 250
26, 253
25, 254
25, 259
24, 260
24, 265
23, 266
23, 272
24, 273
24, 274
26, 276
27, 275
29, 275
31, 273
32, 273
35, 270
35, 269
38, 266
38, 265
41, 262
43, 262
44, 261
46, 261
47, 260
49, 260
50, 259
51, 259
52, 258
54, 258
55, 257
56, 257
57, 256
58, 256
59, 255
60, 255
61, 254
62, 254
63, 253
64, 253
65, 252
66, 252
67, 251
68, 251
69, 250
70, 250
72, 248
73, 248
74, 247
75, 247
76, 246
77, 246
79, 244
80, 244
81, 243
82, 243
84, 241
85, 241
86, 240
87, 240
89, 238
91, 240
91, 244
92, 245
92, 247
93, 248
93, 249
97, 253
98, 253
99, 254
104, 254
105, 253
108, 253
109, 252
111, 252
112, 251
113, 251
115, 249
116, 249
120, 245
121, 245
130, 236
130, 235
135, 230
135, 229
138, 226
139, 227
139, 228
138, 229
138, 231
137, 232
137, 235
136, 236
136, 238
135, 239
135, 242
134, 243
134, 244
129, 249
129, 250
122, 257
122, 258
118, 262
118, 263
114, 267
114, 268
111, 271
111, 272
108, 275
108, 276
105, 279
105, 280
103, 282
103, 283
101, 285
101, 286
99, 288
99, 289
97, 291
97, 292
95, 294
95, 295
93, 297
93, 298
91, 300
91, 301
90, 302
90, 303
89, 304
89, 305
87, 307
87, 308
86, 309
86, 310
85, 311
85, 312
83, 314
83, 315
82, 316
82, 317
81, 318
81, 319
80, 320
80, 321
79, 322
79, 323
78, 324
78, 325
77, 326
77, 327
76, 328
76, 330
75, 331
75, 332
74, 333
74, 335
73, 336
73, 338
72, 339
72, 341
71, 342
71, 346
70, 347
70, 349
71, 350
71, 352
73, 354
78, 354
79, 353
80, 353
81, 352
82, 352
83, 351
84, 351
86, 349
87, 349
90, 346
91, 346
94, 343
95, 343
99, 339
100, 339
107, 332
108, 332
119, 321
120, 321
138, 303
139, 303
154, 288
155, 288
168, 275
169, 275
186, 258
187, 258
196, 249
197, 250
197, 257
198, 258
198, 259
199, 260
199, 261
200, 262
201, 262
202, 263
204, 263
205, 264
207, 264
208, 263
212, 263
213, 262
215, 262
216, 261
218, 261
219, 260
220, 260
221, 259
222, 259
223, 258
225, 258
226, 259
223, 262
223, 263
220, 266
220, 267
217, 270
217, 271
214, 274
214, 275
211, 278
211, 279
208, 282
208, 283
205, 286
205, 287
203, 289
203, 290
201, 292
201, 293
199, 295
199, 296
196, 299
196, 300
195, 301
195, 302
193, 304
193, 305
191, 307
191, 308
190, 309
190, 310
188, 312
188, 313
187, 314
187, 315
186, 316
186, 317
185, 318
185, 319
184, 320
184, 321
183, 322
183, 324
182, 325
182, 330
183, 331
186, 331
187, 330
188, 330
189, 329
190, 329
201, 318
201, 317
207, 311
207, 310
212, 305
212, 304
217, 299
217, 298
221, 294
221, 293
225, 289
225, 288
229, 284
229, 283
233, 279
233, 278
236, 275
236, 274
240, 270
240, 269
243, 266
243, 265
246, 262
246, 261
248, 259
248, 258
251, 255
251, 254
254, 251
254, 250
256, 248
256, 247
259, 244
259, 243
261, 241
261, 240
263, 238
263, 237
265, 235
265, 234
267, 232
267, 231
268, 230
268, 229
270, 227
270, 226
271, 225
271, 224
273, 222
273, 221
275, 219
275, 218
279, 214
279, 213
283, 209
283, 208
285, 206
285, 205
288, 202
288, 201
289, 200
289, 199
291, 197
291, 196
292, 195
292, 194
293, 193
293, 192
295, 190
295, 189
299, 185
300, 185
308, 177
309, 177
315, 171
316, 171
322, 165
323, 165
328, 160
329, 160
333, 156
334, 156
337, 153
338, 153
341, 150
342, 150
345, 147
346, 147
349, 144
350, 144
352, 142
353, 142
355, 140
356, 140
358, 138
359, 138
361, 136
362, 136
364, 134
365, 134
367, 132
368, 132
371, 129
371, 128
368, 128
366, 130
365, 130
363, 132
362, 132
360, 134
359, 134
357, 136
356, 136
354, 138
353, 138
351, 140
350, 140
347, 143
346, 143
343, 146
342, 146
339, 149
338, 149
335, 152
334, 152
331, 155
330, 155
326, 159
325, 159
320, 164
319, 164
312, 171
311, 171
305, 177
304, 177
298, 183
297, 182
297, 179
298, 178
298, 162
297, 161
297, 159
296, 158
296, 156
295, 155
295, 154
294, 153
294, 152
300, 146
300, 145
316, 129
316, 128
323, 121
323, 120
329, 114
329, 113
333, 109
333, 108
336, 105
336, 104
339, 101
339, 100
341, 98
341, 97
342, 96
342, 95
343, 94
343, 93
345, 91
345, 89
346, 88
346, 83
344, 81
343, 81
342, 80
338, 80
337, 81
334, 81
333, 82
331, 82
330, 83
328, 83
327, 84
325, 84
324, 85
323, 85
322, 86
320, 86
319, 87
318, 87
317, 88
316, 88
315, 89
314, 89
313, 90
312, 90
311, 91
310, 91
309, 92
308, 92
307, 93
306, 93
305, 94
304, 94
303, 95
302, 95
301, 96
300, 96
299, 97
298, 97
297, 98
296, 98
294, 100
293, 100
292, 101
291, 101
290, 102
289, 102
288, 103
287, 103
285, 105
284, 105
283, 106
282, 106
280, 108
279, 108
278, 109
277, 109
275, 111
274, 111
273, 112
272, 112
270, 114
269, 114
268, 115
267, 115
265, 117
264, 117
262, 119
261, 119
260, 120
259, 120
257, 122
256, 122
254, 124
253, 124
252, 125
251, 124
251, 122
252, 121
252, 120
253, 119
253, 118
254, 117
254, 115
255, 114
255, 113
256, 112
256, 110
257, 109
257, 108
258, 107
258, 105
259, 104
259, 102
260, 101
260, 100
258, 98
256, 98
255, 99
253, 99
250, 102
249, 102
244, 107
244, 108
240, 112
240, 113
237, 116
237, 117
235, 119
235, 120
233, 122
233, 123
231, 125
231, 126
229, 128
223, 128
222, 129
215, 129
214, 130
211, 130
210, 131
206, 131
205, 132
201, 132
200, 133
198, 133
197, 134
194, 134
193, 135
191, 135
190, 136
188, 136
187, 137
185, 137
184, 138
182, 138
181, 139
179, 139
178, 140
177, 140
176, 141
174, 141
173, 142
171, 142
170, 143
169, 143
168, 144
166, 144
165, 145
164, 145
163, 146
162, 146
161, 147
160, 147
159, 148
158, 148
157, 149
156, 149
155, 150
153, 150
152, 151
151, 151
150, 152
149, 152
148, 153
147, 153
146, 154
145, 154
144, 155
143, 155
141, 157
140, 157
139, 158
138, 158
137, 159
136, 159
135, 160
134, 160
133, 161
132, 161
130, 163
129, 163
128, 164
127, 164
126, 165
125, 165
123, 167
122, 167
121, 168
120, 168
118, 170
117, 170
115, 172
114, 172
113, 173
112, 173
110, 175
109, 175
108, 176
107, 176
106, 175
106, 174
107, 173
107, 171
108, 170
108, 167
109, 166
109, 164
110, 163
110, 161
111, 160
111, 158
112, 157
112, 156
113, 155
113, 153
114, 152
114, 150
115, 149
115, 147
116, 146
116, 144
117, 143
117, 141
118, 140
118, 139
119, 138
119, 136
120, 135
120, 133
121, 132
121, 131
122, 130
122, 128
123, 127
123, 125
124, 124
124, 122
125, 121
125, 119
126, 118
126, 116
127, 115
127, 112
128, 111
128, 108
127, 107
126, 107
125, 108
125, 109
123, 111
123, 112
121, 114
121, 115
119, 117
119, 118
117, 120
117, 121
115, 123
115, 124
114, 125
114, 126
112, 128
112, 129
111, 130
111, 131
109, 133
109, 134
107, 136
107, 137
106, 138
106, 139
104, 141
104, 142
103, 143
103, 144
102, 145
102, 146
100, 148
100, 149
99, 150
99, 151
97, 153
97, 154
96, 155
96, 156
95, 157
95, 158
94, 159
94, 160
93, 161
93, 162
91, 164
91, 165
90, 166
90, 167
89, 168
89, 169
88, 170
88, 171
87, 172
87, 173
86, 174
86, 175
85, 176
85, 177
83, 179
83, 180
82, 181
82, 182
81, 183
81, 184
80, 185
80, 186
79, 187
79, 188
78, 189
78, 190
77, 191
77, 192
76, 193
76, 194
75, 195
75, 196
74, 197
74, 198
73, 199
73, 200
63, 210
62, 210
53, 219
52, 219
46, 225
46, 226
38, 234
38, 235
35, 238
35, 239
32, 242
31, 241
31, 239
32, 238
32, 235
33, 234
33, 231
34, 230
34, 227
35, 226
35, 223
36, 222
36, 219
37, 218
37, 215
38, 214
38, 211
39, 210
39, 207
40, 206
40, 204
41, 203
41, 200
42, 199
42, 195
43, 194
43, 191
44, 190
44, 186
45, 185
45, 181
46, 180
46, 176
47, 175
47, 171
48, 170
48, 166
49, 165
49, 160
50, 159
50, 154
51, 153
51, 148
52, 147
52, 142
53, 141
53, 137
54, 136
54, 131
55, 130
55, 125
56, 124
56, 118
57, 117
57, 112
58, 111
58, 107
59, 106
59, 102
60, 101
60, 98
61, 97
61, 93
62, 92
62, 88
63, 87
63, 84
64, 83
64, 80
65, 79
65, 76
66, 75
66, 73
67, 72
67, 69
68, 68
68, 66
69, 65
69, 63
70, 62
70, 60
71, 59
71, 58
72, 57
72, 55
73, 54
73, 53
74, 52
74, 51
75, 50
75, 49
76, 48
76, 47
77, 46
77, 45
78, 44
78, 43
80, 41
80, 40
82, 38
82, 37
83, 36
83, 35
84, 34
84, 33
86, 31
86, 30
87, 29
87, 28
89, 26
89, 25
90, 24
90, 23
91, 22
91, 21
92, 20
92, 19
93, 18
93, 17
92, 16
27, 262
29, 262
30, 263
35, 264
35, 265
34, 266
29, 272
26, 271
137, 251
138, 250
139, 251
139, 252
140, 253
140, 254
143, 257
144, 257
145, 258
147, 258
148, 259
148, 260
147, 261
146, 261
145, 262
140, 262
138, 260
138, 259
137, 258
262, 231
263, 232
263, 233
261, 235
261, 236
259, 238
259, 239
257, 241
257, 242
255, 244
255, 245
253, 247
253, 248
250, 251
250, 252
247, 255
247, 256
245, 258
245, 259
242, 262
242, 263
239, 266
239, 267
235, 271
235, 272
232, 275
232, 276
229, 279
229, 280
225, 284
225, 285
221, 289
221, 290
217, 294
217, 295
212, 300
212, 301
207, 306
207, 307
201, 313
201, 314
187, 328
185, 328
184, 327
185, 326
185, 324
186, 323
186, 322
187, 321
187, 320
188, 319
188, 318
189, 317
189, 316
190, 315
190, 314
191, 313
191, 312
193, 310
193, 309
194, 308
194, 307
196, 305
196, 304
198, 302
198, 301
200, 299
200, 298
202, 296
202, 295
204, 293
204, 292
207, 289
207, 288
209, 286
209, 285
212, 282
212, 281
215, 278
215, 277
218, 274
218, 273
221, 270
221, 269
224, 266
224, 265
228, 261
228, 260
233, 255
233, 254
236, 251
237, 251
240, 248
241, 248
243, 246
244, 246
247, 243
248, 243
251, 240
252, 240
257, 235
258, 235
157, 218
154, 224
153, 224
150, 224
152, 222
153, 222
201, 215
202, 216
202, 217
201, 218
201, 221
200, 222
200, 225
199, 226
199, 242
181, 260
180, 260
164, 276
163, 276
150, 289
149, 289
132, 306
131, 306
114, 323
113, 323
104, 332
103, 332
96, 339
95, 339
92, 342
91, 342
88, 345
87, 345
84, 348
83, 348
82, 349
81, 349
79, 351
77, 351
76, 352
75, 351
74, 351
73, 350
73, 344
74, 343
74, 340
75, 339
75, 338
76, 337
76, 335
77, 334
77, 332
78, 331
78, 330
79, 329
79, 328
80, 327
80, 326
81, 325
81, 324
82, 323
82, 322
83, 321
83, 320
84, 319
84, 318
85, 317
85, 316
86, 315
86, 314
87, 313
87, 312
89, 310
89, 309
90, 308
90, 307
92, 305
92, 304
93, 303
93, 302
94, 301
94, 300
96, 298
96, 297
98, 295
98, 294
100, 292
100, 291
102, 289
102, 288
104, 286
104, 285
106, 283
106, 282
109, 279
109, 278
112, 275
112, 274
115, 271
115, 270
118, 267
118, 266
122, 262
122, 261
129, 254
129, 253
133, 249
134, 250
134, 255
135, 256
135, 259
136, 260
136, 261
137, 262
137, 263
138, 263
139, 264
140, 264
141, 265
143, 265
144, 264
147, 264
148, 263
149, 263
150, 262
151, 262
153, 260
154, 260
155, 259
156, 259
157, 258
158, 258
159, 257
161, 257
162, 256
163, 256
164, 255
165, 255
168, 252
169, 252
173, 248
174, 248
178, 244
178, 243
185, 236
185, 235
190, 230
190, 229
193, 226
193, 225
195, 223
195, 222
198, 219
198, 218
233, 215
234, 214
242, 214
246, 225
245, 226
245, 227
243, 229
243, 230
239, 234
239, 235
237, 237
236, 237
232, 240
231, 241
230, 241
229, 242
227, 242
226, 243
223, 243
222, 244
218, 244
217, 245
211, 245
210, 246
209, 246
208, 245
206, 245
204, 241
210, 235
211, 235
231, 216
232, 215
169, 214
174, 216
174, 217
175, 218
175, 224
174, 225
174, 227
173, 228
173, 230
172, 231
172, 232
171, 233
171, 234
170, 235
170, 236
169, 237
167, 240
167, 241
165, 243
165, 244
163, 246
163, 247
154, 256
147, 256
146, 255
141, 251
141, 249
140, 248
140, 242
141, 241
157, 224
158, 224
163, 219
164, 219
64, 212
65, 212
66, 213
65, 214
65, 215
64, 216
64, 217
63, 218
63, 219
61, 221
61, 222
60, 223
60, 224
59, 225
59, 226
58, 227
58, 228
57, 229
57, 230
55, 232
55, 233
54, 234
54, 235
53, 236
53, 237
51, 239
51, 240
50, 241
50, 242
48, 244
48, 245
47, 246
47, 247
45, 249
45, 250
44, 251
44, 252
42, 254
42, 255
40, 257
40, 258
37, 261
32, 261
29, 258
29, 253
30, 252
30, 251
31, 250
31, 249
32, 248
32, 247
33, 246
33, 245
36, 242
36, 241
39, 238
39, 237
45, 231
45, 230
59, 216
60, 216
276, 207
277, 207
278, 208
277, 209
277, 210
276, 211
276, 212
274, 214
274, 215
268, 221
268, 222
265, 225
264, 225
254, 235
253, 235
249, 239
252, 233
252, 232
265, 219
265, 218
208, 187
209, 186
210, 187
210, 190
209, 191
209, 194
208, 195
208, 197
207, 198
207, 200
206, 201
206, 202
204, 204
204, 205
203, 206
203, 207
201, 209
201, 210
199, 212
199, 213
197, 215
197, 216
194, 219
194, 220
192, 222
192, 223
189, 226
189, 227
185, 231
185, 232
179, 238
179, 239
170, 248
169, 248
166, 251
164, 249
167, 246
167, 245
168, 244
168, 243
170, 241
170, 240
171, 239
171, 238
173, 236
173, 235
174, 234
174, 232
175, 231
175, 230
176, 229
176, 227
177, 226
177, 216
176, 215
176, 214
174, 212
174, 210
175, 209
176, 209
179, 206
180, 206
183, 203
184, 203
187, 200
188, 200
190, 198
191, 198
193, 196
194, 196
196, 194
197, 194
199, 192
200, 192
202, 190
203, 190
204, 189
205, 189
207, 187
99, 185
100, 186
100, 188
99, 189
99, 191
98, 192
98, 195
97, 196
97, 199
96, 200
96, 202
95, 203
95, 206
94, 207
94, 211
93, 212
93, 215
92, 216
92, 221
91, 222
91, 232
90, 233
90, 234
87, 237
86, 237
85, 238
84, 238
82, 240
81, 240
79, 242
78, 242
77, 243
76, 243
75, 244
74, 244
72, 246
71, 246
70, 247
69, 247
68, 248
67, 248
66, 249
65, 249
64, 250
63, 250
62, 251
61, 251
60, 252
59, 252
58, 253
57, 253
56, 254
55, 254
54, 255
53, 255
52, 256
51, 256
50, 257
48, 257
47, 258
45, 258
44, 259
43, 258
43, 257
45, 255
45, 254
47, 252
47, 251
48, 250
48, 249
50, 247
50, 246
51, 245
51, 244
53, 242
53, 241
54, 240
54, 239
56, 237
56, 236
57, 235
57, 234
58, 233
58, 232
59, 231
59, 230
61, 228
61, 227
62, 226
62, 225
63, 224
63, 223
64, 222
64, 221
65, 220
65, 219
66, 218
66, 217
68, 215
68, 214
69, 213
69, 212
70, 211
70, 210
71, 209
71, 208
72, 207
72, 206
77, 201
78, 201
81, 198
82, 198
86, 194
87, 194
90, 191
91, 191
93, 189
94, 189
96, 187
97, 187
214, 184
215, 183
216, 185
216, 186
213, 187
214, 185
280, 166
281, 166
282, 167
283, 167
287, 171
287, 172
288, 173
288, 184
287, 185
287, 188
286, 189
286, 191
285, 192
285, 193
284, 194
284, 195
275, 204
275, 205
253, 227
253, 228
243, 238
243, 239
236, 246
236, 247
233, 250
232, 250
229, 253
228, 253
227, 254
226, 254
225, 255
224, 255
223, 256
222, 256
221, 257
219, 257
218, 258
217, 258
216, 259
214, 259
213, 260
211, 260
210, 261
204, 261
203, 260
202, 260
201, 259
201, 258
200, 257
200, 256
199, 255
199, 251
200, 250
200, 248
202, 246
203, 246
204, 247
205, 247
206, 248
215, 248
216, 247
220, 247
221, 246
224, 246
225, 245
228, 245
229, 244
231, 244
232, 243
233, 243
235, 241
236, 241
244, 233
244, 232
246, 230
246, 229
247, 228
247, 227
248, 226
248, 225
249, 224
249, 218
248, 217
248, 216
244, 212
242, 212
241, 211
237, 211
236, 210
261, 166
262, 165
275, 165
276, 166
228, 214
227, 214
226, 215
225, 215
224, 216
223, 216
221, 218
220, 218
218, 220
217, 220
208, 229
208, 230
205, 233
205, 234
202, 237
201, 236
201, 229
202, 228
202, 224
203, 223
203, 220
204, 219
204, 217
205, 216
205, 213
206, 212
206, 210
207, 209
207, 207
208, 206
208, 204
209, 203
209, 202
210, 201
210, 200
211, 199
211, 198
213, 196
213, 195
214, 194
214, 193
216, 191
216, 190
217, 189
217, 188
219, 186
219, 185
220, 184
220, 183
222, 181
222, 180
224, 178
225, 178
226, 177
227, 177
228, 176
230, 176
231, 175
232, 175
233, 174
234, 174
235, 173
237, 173
238, 172
239, 172
240, 171
242, 171
243, 170
245, 170
246, 169
248, 169
249, 168
251, 168
252, 167
255, 167
256, 166
291, 155
292, 155
294, 157
294, 159
295, 160
295, 164
296, 165
296, 176
295, 177
295, 180
294, 181
294, 184
293, 185
293, 186
292, 187
292, 188
290, 190
289, 189
289, 188
290, 187
290, 182
291, 181
291, 175
290, 174
290, 171
289, 170
289, 169
285, 165
284, 165
283, 164
283, 163
216, 152
217, 151
218, 152
218, 155
217, 156
217, 159
216, 160
216, 163
215, 164
215, 168
214, 169
214, 173
213, 174
213, 177
212, 178
212, 181
210, 183
209, 183
208, 184
207, 184
205, 186
204, 186
203, 187
202, 187
200, 189
199, 189
197, 191
196, 191
194, 193
193, 193
191, 195
190, 195
189, 196
188, 196
185, 199
184, 199
181, 202
180, 202
177, 205
176, 205
173, 208
172, 208
169, 211
165, 211
164, 212
162, 212
161, 213
160, 213
158, 215
157, 215
155, 217
154, 217
145, 226
145, 227
142, 230
141, 229
141, 228
142, 227
142, 224
143, 223
143, 217
141, 217
140, 218
140, 219
137, 222
137, 223
134, 226
134, 227
130, 231
130, 232
117, 245
116, 245
113, 248
112, 248
111, 249
110, 249
109, 250
107, 250
106, 251
99, 251
95, 247
95, 246
94, 245
94, 243
93, 242
93, 236
95, 234
96, 234
97, 233
98, 233
100, 231
101, 231
103, 229
104, 229
106, 227
107, 227
109, 225
110, 225
112, 223
113, 223
115, 221
116, 221
118, 219
119, 219
121, 217
122, 217
124, 215
125, 215
127, 213
128, 213
130, 211
131, 211
134, 208
135, 208
137, 206
138, 206
140, 204
141, 204
143, 202
144, 202
146, 200
147, 200
150, 197
151, 197
153, 195
154, 195
156, 193
157, 193
160, 190
161, 190
163, 188
164, 188
166, 186
167, 186
170, 183
171, 183
173, 181
174, 181
176, 179
177, 179
179, 177
180, 177
183, 174
184, 174
186, 172
187, 172
189, 170
190, 170
192, 168
193, 168
196, 165
197, 165
199, 163
200, 163
202, 161
203, 161
206, 158
207, 158
209, 156
210, 156
212, 154
213, 154
215, 152
240, 136
241, 135
242, 136
242, 137
241, 138
241, 139
240, 140
240, 141
239, 142
239, 143
238, 144
238, 145
237, 146
237, 147
236, 148
236, 149
235, 150
235, 151
234, 152
234, 153
233, 154
233, 155
232, 156
232, 157
231, 158
231, 159
230, 160
230, 161
229, 162
229, 163
228, 164
228, 165
226, 167
226, 168
225, 169
225, 170
224, 171
224, 172
223, 173
223, 174
218, 179
216, 179
215, 178
215, 176
216, 175
216, 171
217, 170
217, 167
218, 166
218, 162
219, 161
219, 158
220, 157
220, 154
221, 153
221, 151
222, 150
222, 149
223, 148
223, 147
224, 146
225, 146
227, 144
228, 144
230, 142
231, 142
233, 140
234, 140
236, 138
237, 138
239, 136
247, 132
248, 131
254, 131
255, 132
259, 132
260, 133
262, 133
263, 134
266, 134
267, 135
268, 135
269, 136
271, 136
272, 137
273, 137
274, 138
275, 138
276, 139
277, 139
279, 141
280, 141
283, 144
284, 144
289, 149
289, 150
290, 151
290, 152
280, 162
265, 162
264, 163
259, 163
258, 164
254, 164
253, 165
251, 165
250, 166
247, 166
246, 167
244, 167
243, 168
241, 168
240, 169
238, 169
237, 170
236, 170
235, 171
234, 171
233, 172
231, 172
230, 173
229, 173
228, 174
227, 174
226, 173
227, 172
227, 171
228, 170
228, 169
229, 168
229, 167
230, 166
230, 165
231, 164
231, 163
232, 162
232, 161
234, 159
234, 158
235, 157
235, 156
236, 155
236, 154
237, 153
237, 152
238, 151
238, 150
239, 149
239, 148
240, 147
240, 146
241, 145
241, 144
242, 143
242, 142
243, 141
243, 140
244, 139
244, 138
245, 137
245, 136
246, 135
246, 134
247, 133
217, 132
218, 131
226, 131
227, 132
227, 133
226, 134
226, 135
225, 136
225, 137
224, 138
224, 139
223, 140
223, 141
222, 142
222, 143
216, 149
215, 149
213, 151
212, 151
210, 153
209, 153
207, 155
206, 155
204, 157
203, 157
200, 160
199, 160
197, 162
196, 162
194, 164
193, 164
191, 166
190, 166
187, 169
186, 169
184, 171
183, 171
181, 173
180, 173
178, 175
177, 175
174, 178
173, 178
171, 180
170, 180
168, 182
167, 182
165, 184
164, 184
161, 187
160, 187
158, 189
157, 189
154, 192
153, 192
151, 194
150, 194
148, 196
147, 196
144, 199
143, 199
141, 201
140, 201
138, 203
137, 203
135, 205
134, 205
132, 207
131, 207
129, 209
128, 209
126, 211
125, 211
123, 213
122, 213
120, 215
119, 215
117, 217
116, 217
114, 219
113, 219
110, 222
109, 222
107, 224
106, 224
104, 226
103, 226
101, 228
100, 228
98, 230
97, 230
96, 231
95, 231
94, 232
93, 231
93, 225
94, 224
94, 219
95, 218
95, 214
96, 213
96, 210
97, 209
97, 205
98, 204
98, 201
99, 200
99, 198
100, 197
100, 194
101, 193
101, 191
102, 190
102, 187
103, 186
103, 184
104, 183
104, 182
106, 180
107, 180
109, 178
110, 178
112, 176
113, 176
114, 175
115, 175
117, 173
118, 173
120, 171
121, 171
122, 170
123, 170
125, 168
126, 168
127, 167
128, 167
130, 165
131, 165
132, 164
133, 164
134, 163
135, 163
136, 162
137, 162
138, 161
139, 161
141, 159
142, 159
143, 158
144, 158
145, 157
146, 157
147, 156
148, 156
149, 155
150, 155
151, 154
152, 154
153, 153
154, 153
155, 152
156, 152
157, 151
158, 151
159, 150
160, 150
161, 149
162, 149
163, 148
164, 148
165, 147
167, 147
168, 146
170, 146
171, 145
172, 145
173, 144
175, 144
176, 143
177, 143
178, 142
180, 142
181, 141
182, 141
183, 140
186, 140
187, 139
189, 139
190, 138
192, 138
193, 137
195, 137
196, 136
198, 136
199, 135
202, 135
203, 134
207, 134
208, 133
212, 133
213, 132
232, 130
240, 130
241, 131
241, 132
240, 133
239, 133
237, 135
236, 135
234, 137
233, 137
231, 139
230, 139
229, 140
228, 140
227, 141
226, 140
226, 139
227, 138
227, 137
228, 136
228, 135
230, 133
230, 132
121, 120
122, 121
122, 122
121, 123
121, 125
120, 126
120, 128
119, 129
119, 131
118, 132
118, 133
117, 134
117, 136
116, 137
116, 139
115, 140
115, 141
114, 142
114, 144
113, 145
113, 147
112, 148
112, 150
111, 151
111, 153
110, 154
110, 156
109, 157
109, 159
108, 160
108, 162
107, 163
107, 165
106, 166
106, 168
105, 169
105, 171
104, 172
104, 174
103, 175
103, 177
102, 178
102, 179
98, 183
97, 183
95, 185
94, 185
91, 188
90, 188
88, 190
87, 190
83, 194
82, 194
80, 196
79, 196
78, 195
79, 194
79, 193
80, 192
80, 191
81, 190
81, 189
82, 188
82, 187
83, 186
83, 185
84, 184
84, 183
85, 182
85, 181
86, 180
86, 179
87, 178
87, 177
88, 176
88, 175
89, 174
89, 173
91, 171
91, 170
92, 169
92, 168
93, 167
93, 166
94, 165
94, 164
95, 163
95, 162
96, 161
96, 160
98, 158
98, 157
99, 156
99, 155
100, 154
100, 153
102, 151
102, 150
103, 149
103, 148
104, 147
104, 146
106, 144
106, 143
107, 142
107, 141
109, 139
109, 138
110, 137
110, 136
112, 134
112, 133
114, 131
114, 130
115, 129
115, 128
117, 126
117, 125
118, 124
118, 123
254, 102
255, 101
256, 102
256, 105
255, 106
255, 108
254, 109
254, 110
253, 111
253, 113
252, 114
252, 115
251, 116
251, 117
250, 118
250, 120
249, 121
249, 122
248, 123
248, 124
247, 125
247, 126
245, 128
235, 128
234, 127
234, 125
236, 123
236, 122
238, 120
238, 119
241, 116
241, 115
244, 112
244, 111
253, 102
335, 84
336, 83
342, 83
344, 85
344, 86
343, 87
343, 89
342, 90
342, 91
341, 92
341, 93
339, 95
339, 96
338, 97
338, 98
335, 101
335, 102
332, 105
332, 106
328, 110
328, 111
323, 116
323, 117
317, 123
317, 124
304, 137
304, 138
293, 149
292, 149
283, 140
282, 140
280, 138
279, 138
277, 136
275, 136
274, 135
273, 135
272, 134
271, 134
270, 133
268, 133
267, 132
265, 132
264, 131
262, 131
261, 130
258, 130
257, 129
254, 129
253, 128
256, 125
257, 125
259, 123
260, 123
261, 122
262, 122
264, 120
265, 120
267, 118
268, 118
269, 117
270, 117
272, 115
273, 115
274, 114
275, 114
277, 112
278, 112
279, 111
280, 111
282, 109
283, 109
284, 108
285, 108
287, 106
288, 106
289, 105
290, 105
291, 104
292, 104
294, 102
295, 102
296, 101
297, 101
298, 100
299, 100
300, 99
301, 99
303, 97
304, 97
305, 96
306, 96
307, 95
308, 95
309, 94
310, 94
311, 93
312, 93
313, 92
314, 92
315, 91
316, 91
317, 90
319, 90
320, 89
321, 89
322, 88
323, 88
324, 87
326, 87
327, 86
328, 86
329, 85
331, 85
332, 84
20, 68
23, 67
24, 68
25, 68
28, 72
27, 73
27, 74
21, 76
