4, 2
496, 4
494, 313
2, 311
142, 14
141, 15
140, 15
134, 21
133, 21
119, 35
118, 35
111, 42
110, 42
104, 48
103, 48
97, 54
96, 54
92, 58
91, 58
87, 62
86, 62
82, 66
81, 66
79, 68
78, 68
76, 70
75, 70
74, 71
73, 71
72, 72
71, 72
69, 74
67, 74
66, 75
65, 75
64, 76
62, 76
61, 77
58, 77
57, 78
47, 78
46, 77
44, 77
43, 76
41, 76
40, 75
38, 75
37, 74
33, 74
32, 75
31, 75
30, 76
30, 77
28, 79
28, 80
27, 81
27, 82
26, 83
26, 85
25, 86
25, 88
24, 89
24, 92
23, 93
23, 98
24, 98
25, 97
25, 94
26, 93
26, 90
27, 89
27, 86
28, 85
28, 84
29, 83
29, 82
30, 81
30, 80
34, 76
37, 76
38, 77
40, 77
41, 78
43, 78
44, 79
46, 79
47, 80
57, 80
58, 79
62, 79
63, 78
65, 78
66, 77
67, 77
68, 76
69, 76
70, 75
71, 75
72, 74
73, 74
74, 73
75, 73
76, 72
77, 72
79, 70
80, 70
82, 68
83, 68
86, 65
87, 65
92, 60
93, 60
97, 56
98, 56
103, 51
104, 51
110, 45
111, 45
118, 38
119, 38
132, 25
133, 25
140, 18
141, 18
142, 19
142, 21
141, 22
141, 23
140, 24
140, 26
139, 27
139, 28
138, 29
138, 30
137, 31
137, 32
136, 33
136, 34
135, 35
135, 37
134, 38
134, 39
133, 40
133, 41
132, 42
132, 43
131, 44
131, 45
130, 46
130, 47
129, 48
129, 49
128, 50
128, 51
127, 52
127, 53
126, 54
126, 55
125, 56
125, 57
124, 58
124, 59
123, 60
123, 61
122, 62
122, 63
121, 64
121, 65
120, 66
120, 67
119, 68
119, 69
118, 70
118, 71
117, 72
117, 73
116, 74
116, 75
115, 76
115, 77
114, 78
114, 79
113, 80
113, 81
112, 82
112, 83
111, 84
111, 85
110, 86
110, 87
109, 88
109, 89
108, 90
108, 91
107, 92
107, 93
106, 94
106, 95
105, 96
105, 98
104, 99
104, 100
103, 101
103, 102
102, 103
102, 104
101, 105
101, 106
100, 107
100, 108
99, 109
99, 110
98, 111
98, 112
97, 113
97, 114
96, 115
96, 116
95, 117
95, 118
94, 119
94, 120
93, 121
93, 122
92, 123
92, 124
91, 125
91, 126
90, 127
90, 129
89, 130
89, 131
88, 132
88, 133
87, 134
87, 135
86, 136
86, 137
85, 138
85, 139
84, 140
84, 141
83, 142
83, 143
82, 144
82, 145
81, 146
81, 147
80, 148
80, 149
79, 150
79, 151
78, 152
78, 153
77, 154
77, 155
76, 156
76, 157
75, 158
75, 159
74, 160
74, 161
73, 162
73, 163
72, 164
72, 165
71, 166
71, 168
70, 169
70, 170
69, 171
69, 172
68, 173
68, 174
67, 175
67, 176
66, 177
66, 178
65, 179
65, 180
64, 181
64, 182
63, 183
63, 184
62, 185
62, 186
61, 187
61, 188
60, 189
60, 190
59, 191
59, 192
58, 193
58, 194
56, 196
56, 197
55, 198
55, 199
54, 200
54, 201
53, 202
53, 203
52, 204
52, 205
51, 206
51, 207
50, 208
50, 209
49, 210
49, 211
48, 212
48, 213
47, 214
47, 215
46, 216
46, 217
45, 218
45, 219
44, 220
44, 221
43, 222
43, 223
42, 224
42, 225
41, 226
41, 227
40, 228
40, 229
39, 230
39, 231
38, 232
38, 233
36, 235
36, 236
35, 237
35, 238
34, 239
34, 240
33, 241
33, 242
32, 243
32, 244
31, 245
31, 246
29, 248
29, 249
28, 250
28, 251
27, 252
27, 253
26, 254
26, 255
25, 256
25, 257
23, 259
23, 260
22, 261
22, 263
24, 263
26, 261
26, 260
27, 259
27, 258
28, 257
28, 256
29, 255
29, 254
31, 252
31, 251
32, 250
32, 249
33, 248
33, 247
34, 246
34, 245
35, 244
35, 243
37, 241
37, 240
38, 239
38, 238
39, 237
39, 236
41, 234
41, 233
42, 232
42, 231
43, 230
43, 229
45, 227
45, 226
46, 225
46, 224
48, 222
48, 221
50, 219
50, 218
52, 216
52, 215
55, 212
55, 211
57, 209
57, 208
60, 205
60, 204
63, 201
63, 200
67, 196
67, 195
71, 191
71, 190
78, 183
78, 182
87, 173
87, 172
108, 151
109, 151
136, 124
137, 124
146, 115
147, 115
152, 110
153, 110
158, 105
159, 105
163, 101
164, 101
167, 98
168, 98
171, 95
172, 95
175, 92
176, 92
178, 90
179, 90
182, 87
183, 87
185, 85
186, 85
188, 83
189, 83
191, 81
192, 81
194, 79
195, 79
197, 77
198, 77
199, 76
200, 76
202, 74
203, 74
204, 73
205, 73
206, 72
207, 72
208, 71
209, 71
210, 70
211, 70
212, 69
214, 69
215, 68
217, 70
217, 71
216, 72
216, 73
215, 74
215, 75
213, 77
213, 78
211, 80
211, 81
208, 84
208, 85
205, 88
205, 89
202, 92
202, 93
198, 97
198, 98
194, 102
194, 103
189, 108
189, 109
185, 113
185, 114
180, 119
180, 120
176, 124
176, 125
173, 128
173, 129
170, 132
170, 133
166, 137
166, 138
163, 141
163, 142
161, 144
161, 145
158, 148
158, 149
155, 152
155, 153
153, 155
153, 156
150, 159
150, 160
148, 162
148, 163
145, 166
145, 167
143, 169
143, 170
141, 172
141, 173
139, 175
139, 176
137, 178
137, 179
135, 181
135, 182
133, 184
133, 185
131, 187
131, 188
130, 189
130, 190
128, 192
128, 193
126, 195
126, 196
125, 197
125, 198
124, 199
124, 200
123, 201
123, 202
122, 203
122, 204
120, 206
120, 207
119, 208
119, 209
118, 210
118, 211
117, 212
117, 213
115, 215
115, 216
113, 218
112, 218
106, 224
105, 224
86, 243
86, 244
83, 247
83, 248
81, 250
81, 255
79, 257
79, 258
77, 260
77, 261
75, 263
75, 264
74, 265
74, 266
72, 268
72, 269
71, 270
71, 271
70, 272
70, 273
69, 274
69, 276
68, 277
68, 278
67, 279
67, 281
66, 282
66, 288
65, 289
65, 291
66, 292
66, 294
67, 295
67, 296
70, 299
72, 299
73, 300
84, 300
85, 299
87, 299
88, 298
90, 298
91, 297
94, 297
95, 296
97, 296
98, 295
99, 295
100, 294
101, 294
102, 293
103, 293
104, 292
106, 292
107, 291
108, 291
109, 290
110, 290
111, 289
112, 289
113, 288
114, 288
115, 287
116, 287
117, 286
118, 286
119, 285
120, 285
121, 284
122, 284
123, 283
124, 283
125, 282
126, 282
127, 281
128, 281
129, 280
130, 280
131, 279
132, 279
134, 277
135, 277
136, 276
137, 276
138, 275
139, 275
141, 273
142, 273
143, 272
144, 272
145, 271
146, 271
147, 270
148, 270
150, 268
151, 268
152, 267
153, 267
154, 266
155, 266
157, 264
158, 264
159, 263
160, 263
162, 261
163, 261
164, 260
165, 260
167, 258
168, 258
169, 257
170, 257
171, 258
171, 262
173, 264
173, 265
174, 266
175, 266
176, 267
182, 267
183, 266
184, 266
185, 265
186, 265
187, 264
188, 264
190, 262
191, 262
204, 249
204, 248
208, 244
208, 243
211, 240
211, 239
214, 236
214, 235
220, 229
221, 229
223, 227
224, 227
227, 224
228, 224
231, 221
232, 221
235, 218
236, 218
240, 214
241, 214
246, 209
247, 209
251, 205
252, 205
255, 202
256, 202
259, 199
260, 199
261, 198
262, 199
262, 200
261, 201
261, 202
260, 203
260, 204
258, 206
258, 207
257, 208
257, 209
256, 210
256, 212
255, 213
255, 214
254, 215
254, 216
253, 217
253, 218
252, 219
252, 220
251, 221
251, 223
250, 224
250, 225
249, 226
249, 228
248, 229
248, 230
247, 231
247, 234
246, 235
246, 237
245, 238
245, 240
244, 241
244, 245
243, 246
243, 251
242, 252
242, 263
243, 264
243, 267
244, 268
244, 269
248, 273
249, 273
250, 274
255, 274
256, 273
257, 273
258, 272
259, 272
260, 271
261, 271
262, 270
263, 270
269, 264
269, 263
272, 260
272, 259
274, 257
274, 256
276, 254
276, 253
277, 252
277, 251
278, 250
278, 249
280, 247
280, 246
281, 245
281, 244
282, 243
282, 242
283, 241
284, 241
285, 240
287, 240
288, 239
289, 239
290, 238
292, 238
293, 237
294, 237
295, 236
296, 236
297, 235
298, 235
300, 233
301, 233
302, 232
303, 232
305, 230
306, 230
307, 229
308, 229
310, 227
311, 227
313, 225
314, 225
317, 222
318, 222
320, 220
321, 220
324, 217
325, 217
329, 213
330, 213
334, 209
335, 209
339, 205
340, 205
345, 200
346, 200
348, 198
349, 199
349, 200
350, 201
350, 202
352, 204
353, 204
354, 205
356, 205
357, 206
362, 206
363, 205
367, 205
368, 204
371, 204
372, 203
373, 203
374, 202
376, 202
377, 201
378, 201
379, 200
380, 200
381, 199
382, 199
383, 198
385, 198
386, 197
387, 197
389, 195
390, 195
391, 194
392, 194
394, 192
395, 192
397, 190
398, 190
400, 188
401, 188
403, 186
404, 186
407, 183
408, 183
410, 181
411, 181
415, 177
416, 177
420, 173
421, 173
426, 168
427, 168
434, 161
435, 161
460, 136
460, 135
465, 130
465, 129
467, 127
467, 126
469, 124
469, 123
471, 121
471, 120
472, 119
472, 117
473, 116
473, 115
474, 114
474, 111
475, 110
475, 105
474, 104
474, 101
473, 100
473, 99
470, 96
470, 95
469, 94
468, 94
465, 91
464, 91
462, 89
460, 89
459, 88
458, 88
457, 87
455, 87
454, 86
453, 86
452, 85
449, 85
448, 84
444, 84
443, 83
439, 83
438, 82
432, 82
431, 81
422, 81
421, 80
404, 80
403, 81
393, 81
392, 82
384, 82
383, 83
378, 83
377, 84
373, 84
372, 85
367, 85
366, 86
362, 86
361, 87
357, 87
356, 88
354, 88
353, 89
351, 89
350, 90
348, 90
347, 91
344, 91
343, 92
341, 92
340, 93
337, 93
336, 94
334, 94
333, 95
332, 95
331, 96
329, 96
328, 97
326, 97
325, 98
323, 98
322, 99
320, 99
319, 100
318, 100
317, 101
315, 101
314, 102
312, 102
311, 103
309, 103
308, 104
307, 104
306, 105
304, 105
303, 106
302, 106
301, 107
299, 107
298, 108
297, 108
296, 109
295, 109
294, 110
292, 110
291, 111
290, 111
289, 112
287, 112
286, 113
285, 113
284, 114
283, 114
282, 115
280, 115
279, 116
278, 116
277, 117
276, 117
275, 118
274, 118
273, 119
272, 119
271, 120
270, 120
269, 121
268, 121
267, 122
265, 122
264, 123
263, 123
262, 124
261, 124
260, 125
259, 125
258, 126
257, 126
256, 127
255, 127
254, 128
253, 128
252, 129
251, 129
250, 130
249, 130
248, 131
247, 131
246, 132
245, 132
244, 133
243, 133
242, 134
241, 134
240, 135
239, 135
238, 136
237, 136
236, 137
235, 137
234, 138
233, 138
232, 139
231, 139
230, 140
229, 140
227, 142
226, 142
225, 143
224, 143
223, 144
222, 144
221, 145
220, 145
219, 146
218, 146
217, 147
216, 147
214, 149
213, 149
212, 150
211, 150
209, 152
208, 152
207, 153
206, 153
205, 154
204, 154
202, 156
201, 156
200, 157
199, 157
197, 159
196, 159
195, 160
194, 160
192, 162
191, 162
190, 163
189, 163
187, 165
186, 165
184, 167
183, 167
182, 168
181, 168
179, 170
178, 170
176, 172
175, 172
174, 173
173, 173
171, 175
170, 175
168, 177
167, 177
165, 179
164, 179
162, 181
161, 181
159, 183
158, 183
155, 186
154, 186
152, 188
151, 188
148, 191
147, 191
145, 193
144, 193
141, 196
140, 196
137, 199
136, 199
133, 202
132, 202
129, 205
128, 205
125, 208
124, 208
123, 209
122, 208
122, 207
123, 206
123, 205
125, 203
125, 202
126, 201
126, 200
127, 199
127, 198
128, 197
128, 196
130, 194
130, 193
132, 191
132, 190
133, 189
133, 188
135, 186
135, 185
137, 183
137, 182
139, 180
139, 179
141, 177
141, 176
143, 174
143, 173
145, 171
145, 170
147, 168
147, 167
149, 165
149, 164
152, 161
152, 160
155, 157
155, 156
157, 154
157, 153
160, 150
160, 149
163, 146
163, 145
165, 143
165, 142
168, 139
168, 138
172, 134
172, 133
175, 130
175, 129
179, 125
179, 124
182, 121
182, 120
187, 115
187, 114
192, 109
192, 108
196, 104
196, 103
200, 99
200, 98
204, 94
204, 93
207, 90
207, 89
210, 86
210, 85
213, 82
213, 81
215, 79
215, 78
216, 77
216, 76
218, 74
218, 72
219, 71
219, 67
218, 67
217, 66
215, 66
214, 67
212, 67
211, 68
209, 68
208, 69
207, 69
206, 70
205, 70
204, 71
203, 71
201, 73
200, 73
199, 74
198, 74
196, 76
195, 76
194, 77
193, 77
191, 79
190, 79
188, 81
187, 81
185, 83
184, 83
182, 85
181, 85
178, 88
177, 88
175, 90
174, 90
171, 93
170, 93
167, 96
166, 96
163, 99
162, 99
158, 103
157, 103
153, 107
152, 107
147, 112
146, 112
137, 121
136, 121
115, 142
114, 142
83, 173
83, 174
75, 182
75, 183
68, 190
68, 191
64, 195
64, 196
61, 199
61, 200
58, 203
58, 204
55, 207
54, 206
54, 205
55, 204
55, 203
56, 202
56, 201
57, 200
57, 199
58, 198
58, 197
59, 196
59, 195
60, 194
60, 193
61, 192
61, 191
62, 190
62, 189
63, 188
63, 187
64, 186
64, 185
65, 184
65, 183
66, 182
66, 181
67, 180
67, 179
68, 178
68, 177
69, 176
69, 175
70, 174
70, 173
71, 172
71, 171
72, 170
72, 169
73, 168
73, 167
74, 166
74, 165
75, 164
75, 163
76, 162
76, 161
77, 160
77, 159
78, 158
78, 157
79, 156
79, 155
80, 154
80, 153
81, 152
81, 151
82, 150
82, 148
83, 147
83, 146
84, 145
84, 144
85, 143
85, 142
86, 141
86, 140
87, 139
87, 138
88, 137
88, 136
89, 135
89, 134
90, 133
90, 132
91, 131
91, 130
92, 129
92, 128
93, 127
93, 126
94, 125
94, 124
95, 123
95, 122
96, 121
96, 120
97, 119
97, 118
98, 117
98, 115
99, 114
99, 113
100, 112
100, 111
101, 110
101, 109
102, 108
102, 107
103, 106
103, 105
104, 104
104, 103
105, 102
105, 101
106, 100
106, 99
107, 98
107, 97
108, 96
108, 95
109, 94
109, 93
110, 92
110, 91
111, 90
111, 89
112, 88
112, 87
113, 86
113, 85
114, 84
114, 83
115, 82
115, 81
116, 80
116, 79
117, 78
117, 77
118, 76
118, 75
119, 74
119, 73
120, 72
120, 71
121, 70
121, 69
122, 68
122, 67
123, 66
123, 65
124, 64
124, 63
125, 62
125, 61
126, 60
126, 59
127, 58
127, 56
128, 55
128, 54
129, 53
129, 52
130, 51
130, 50
131, 49
131, 48
132, 47
132, 46
133, 45
133, 44
134, 43
134, 42
135, 41
135, 40
136, 39
136, 38
137, 37
137, 36
138, 35
138, 34
139, 33
139, 32
140, 31
140, 30
141, 29
141, 27
142, 26
142, 25
143, 24
143, 22
144, 21
144, 19
145, 18
145, 14
207, 237
208, 236
209, 236
210, 237
209, 238
209, 239
206, 242
206, 243
202, 247
202, 248
190, 260
189, 260
187, 262
186, 262
184, 264
182, 264
181, 265
177, 265
173, 261
173, 256
177, 252
178, 252
179, 251
180, 251
182, 249
183, 249
185, 247
186, 247
188, 245
189, 245
190, 244
191, 244
193, 242
194, 242
195, 241
197, 241
198, 240
200, 240
201, 239
203, 239
204, 238
205, 238
206, 237
179, 235
180, 234
182, 236
182, 237
185, 240
186, 240
187, 241
188, 241
189, 242
187, 244
186, 244
185, 245
184, 245
182, 247
181, 247
179, 249
178, 249
177, 250
176, 250
175, 251
174, 250
174, 247
175, 246
175, 244
176, 243
176, 242
177, 241
177, 239
178, 238
178, 237
179, 236
109, 228
110, 229
110, 233
109, 234
109, 236
106, 239
105, 239
103, 241
102, 241
100, 243
99, 243
98, 244
97, 244
95, 246
93, 246
92, 245
187, 213
188, 213
189, 214
187, 216
187, 217
186, 218
186, 219
184, 221
184, 222
183, 223
183, 224
181, 226
181, 227
180, 228
180, 229
179, 230
179, 231
178, 232
178, 233
177, 234
177, 235
176, 236
176, 238
175, 239
175, 240
174, 241
174, 243
173, 244
173, 246
172, 247
172, 250
171, 251
171, 253
169, 255
168, 255
167, 256
166, 256
164, 258
163, 258
162, 259
161, 259
159, 261
158, 261
157, 262
156, 262
154, 264
153, 264
152, 265
151, 265
149, 267
148, 267
147, 268
146, 268
145, 269
144, 269
143, 270
142, 270
140, 272
139, 272
138, 273
137, 273
136, 274
135, 274
133, 276
132, 276
131, 277
130, 277
129, 278
128, 278
127, 279
126, 279
125, 280
124, 280
123, 281
122, 281
121, 282
120, 282
119, 283
118, 283
117, 284
116, 284
115, 285
114, 285
113, 286
112, 286
111, 287
110, 287
109, 288
108, 288
107, 289
106, 289
105, 290
104, 290
103, 291
101, 291
100, 292
99, 292
98, 293
97, 293
96, 294
94, 294
93, 295
91, 295
90, 296
88, 296
87, 297
84, 297
83, 298
74, 298
73, 297
71, 297
69, 295
69, 294
68, 293
68, 291
67, 290
68, 289
68, 283
69, 282
69, 280
70, 279
70, 277
71, 276
71, 275
72, 274
72, 273
73, 272
73, 271
74, 270
74, 269
75, 268
75, 267
77, 265
77, 264
79, 262
79, 261
81, 259
81, 258
87, 252
88, 252
89, 251
90, 251
91, 250
92, 250
94, 248
95, 248
96, 247
97, 247
98, 246
99, 246
101, 244
102, 244
103, 243
104, 243
106, 241
107, 241
109, 243
109, 247
110, 248
110, 250
114, 254
115, 254
116, 255
126, 255
127, 254
129, 254
130, 253
132, 253
133, 252
134, 252
135, 251
136, 251
137, 250
138, 250
140, 248
141, 248
142, 247
143, 247
145, 245
146, 245
148, 243
149, 243
151, 241
152, 241
155, 238
156, 238
158, 236
159, 236
163, 232
164, 232
168, 228
169, 228
173, 224
174, 224
178, 220
179, 220
183, 216
184, 216
279, 206
280, 205
285, 208
285, 209
286, 210
286, 216
287, 217
287, 218
286, 219
286, 225
285, 226
285, 229
284, 230
284, 232
283, 233
282, 236
282, 237
279, 240
271, 240
270, 239
265, 236
265, 235
264, 234
264, 233
263, 232
263, 227
264, 226
265, 222
265, 221
266, 220
266, 219
267, 218
267, 217
269, 215
269, 214
275, 208
276, 208
278, 206
221, 190
222, 189
227, 189
230, 192
230, 203
229, 204
229, 206
228, 207
228, 208
227, 209
227, 211
226, 212
226, 213
225, 214
225, 215
224, 216
224, 217
222, 219
222, 220
218, 224
217, 224
215, 226
214, 226
212, 228
211, 228
209, 230
208, 230
207, 231
206, 231
204, 233
203, 233
201, 235
200, 235
198, 237
197, 237
196, 238
195, 238
194, 239
188, 239
187, 238
186, 238
184, 236
184, 235
183, 234
183, 231
184, 230
184, 228
185, 227
185, 225
187, 223
187, 222
188, 221
188, 220
190, 218
190, 217
193, 214
193, 213
198, 208
198, 207
201, 204
202, 204
210, 196
211, 196
213, 194
214, 194
216, 192
217, 192
218, 191
219, 191
220, 190
155, 188
155, 191
311, 126
312, 125
314, 125
315, 126
311, 130
311, 131
307, 135
307, 136
303, 140
303, 141
299, 145
299, 146
296, 149
296, 150
293, 153
293, 154
290, 157
290, 158
287, 161
287, 162
285, 164
285, 165
282, 168
282, 169
280, 171
280, 172
277, 175
277, 176
274, 179
274, 180
257, 197
256, 197
251, 202
250, 202
248, 204
247, 204
244, 207
243, 207
241, 209
240, 209
238, 211
237, 211
235, 213
234, 213
232, 215
231, 215
229, 217
228, 217
227, 216
227, 214
228, 213
228, 212
229, 211
229, 210
230, 209
230, 208
231, 207
231, 204
232, 203
232, 192
231, 191
231, 190
228, 187
221, 187
220, 188
219, 188
218, 189
217, 189
216, 190
215, 190
213, 192
212, 192
210, 194
209, 194
204, 199
203, 199
198, 204
194, 204
188, 210
187, 210
183, 214
182, 214
179, 217
178, 217
173, 222
172, 222
168, 226
167, 226
163, 230
162, 230
158, 234
157, 234
155, 236
154, 236
151, 239
150, 239
147, 242
146, 242
144, 244
143, 244
142, 245
141, 245
139, 247
138, 247
137, 248
136, 248
135, 249
134, 249
133, 250
132, 250
131, 251
129, 251
128, 252
126, 252
125, 253
117, 253
116, 252
115, 252
112, 249
112, 248
111, 247
111, 239
114, 236
115, 236
116, 235
117, 235
119, 233
120, 233
122, 231
123, 231
124, 230
125, 230
127, 228
128, 228
129, 227
130, 227
132, 225
133, 225
135, 223
136, 223
137, 222
138, 222
140, 220
141, 220
142, 219
143, 219
145, 217
146, 217
147, 216
148, 216
150, 214
151, 214
153, 212
154, 212
155, 211
156, 211
158, 209
159, 209
160, 208
161, 208
163, 206
164, 206
165, 205
166, 205
168, 203
169, 203
170, 202
171, 202
173, 200
174, 200
175, 199
176, 199
177, 198
178, 198
180, 196
181, 196
182, 195
183, 195
185, 193
186, 193
187, 192
188, 192
189, 191
190, 191
192, 189
193, 189
194, 188
195, 188
196, 187
197, 187
199, 185
200, 185
201, 184
202, 184
203, 183
204, 183
206, 181
207, 181
208, 180
209, 180
210, 179
211, 179
213, 177
214, 177
215, 176
216, 176
217, 175
218, 175
220, 173
221, 173
222, 172
223, 172
224, 171
225, 171
226, 170
227, 170
229, 168
230, 168
231, 167
232, 167
233, 166
234, 166
235, 165
236, 165
238, 163
239, 163
240, 162
241, 162
242, 161
243, 161
244, 160
245, 160
247, 158
248, 158
249, 157
250, 157
251, 156
252, 156
253, 155
254, 155
255, 154
256, 154
258, 152
259, 152
260, 151
261, 151
262, 150
263, 150
264, 149
265, 149
266, 148
267, 148
269, 146
270, 146
271, 145
272, 145
273, 144
274, 144
275, 143
276, 143
277, 142
278, 142
279, 141
280, 141
281, 140
282, 140
283, 139
284, 139
285, 138
286, 138
287, 137
288, 137
289, 136
290, 136
291, 135
292, 135
293, 134
294, 134
295, 133
296, 133
297, 132
298, 132
299, 131
300, 131
301, 130
302, 130
303, 129
304, 129
305, 128
306, 128
307, 127
309, 127
310, 126
307, 123
308, 122
310, 124
309, 124
308, 125
307, 125
306, 126
305, 126
304, 127
302, 127
301, 128
300, 128
299, 129
298, 129
297, 130
296, 130
295, 131
294, 131
293, 132
292, 132
291, 133
290, 133
289, 134
288, 134
287, 135
286, 135
285, 136
284, 136
283, 137
282, 137
281, 138
280, 138
279, 139
278, 139
277, 140
276, 140
275, 141
274, 141
272, 143
271, 143
270, 144
269, 144
268, 145
267, 145
266, 146
265, 146
264, 147
263, 147
262, 148
261, 148
260, 149
259, 149
257, 151
256, 151
255, 152
254, 152
253, 153
252, 153
251, 154
250, 154
249, 155
248, 155
246, 157
245, 157
244, 158
243, 158
242, 159
241, 159
240, 160
239, 160
237, 162
236, 162
235, 163
234, 163
233, 164
232, 164
231, 165
230, 165
228, 167
227, 167
226, 168
225, 168
224, 169
223, 169
222, 170
221, 170
219, 172
218, 172
217, 173
216, 173
215, 174
214, 174
212, 176
211, 176
210, 177
209, 177
208, 178
207, 178
205, 180
204, 180
203, 181
202, 181
201, 182
200, 182
198, 184
197, 184
196, 185
195, 185
194, 186
193, 186
191, 188
190, 188
189, 189
188, 189
187, 190
186, 190
184, 192
183, 192
182, 193
181, 193
180, 194
179, 194
177, 196
176, 196
175, 197
174, 197
172, 199
171, 199
170, 200
169, 200
167, 202
166, 202
165, 203
164, 203
163, 204
162, 204
160, 206
159, 206
158, 207
157, 207
155, 209
154, 209
152, 211
151, 211
150, 212
149, 212
147, 214
146, 214
145, 215
144, 215
142, 217
141, 217
139, 219
138, 219
137, 220
136, 220
134, 222
133, 222
132, 223
131, 223
129, 225
128, 225
127, 226
126, 226
124, 228
123, 228
121, 230
120, 230
119, 231
118, 231
116, 233
115, 233
114, 234
113, 234
112, 233
112, 230
113, 229
113, 227
114, 226
114, 225
115, 224
115, 223
120, 218
121, 218
125, 214
126, 214
130, 210
131, 210
133, 208
134, 208
137, 205
138, 205
140, 203
141, 203
143, 201
144, 201
147, 198
148, 198
150, 196
151, 196
153, 194
154, 194
155, 193
156, 193
158, 191
159, 191
160, 190
161, 190
163, 188
164, 188
165, 187
166, 187
168, 185
169, 185
170, 184
171, 184
173, 182
174, 182
175, 181
176, 181
177, 180
178, 180
180, 178
181, 178
182, 177
183, 177
184, 176
185, 176
186, 175
187, 175
188, 174
189, 174
190, 173
191, 173
192, 172
193, 172
194, 171
195, 171
196, 170
197, 170
199, 168
200, 168
201, 167
202, 167
203, 166
204, 166
205, 165
206, 165
207, 164
208, 164
209, 163
211, 163
212, 162
213, 162
214, 161
215, 161
216, 160
217, 160
218, 159
219, 159
220, 158
221, 158
222, 157
223, 157
224, 156
225, 156
226, 155
227, 155
228, 154
230, 154
231, 153
232, 153
233, 152
234, 152
235, 151
236, 151
237, 150
239, 150
240, 149
241, 149
242, 148
244, 148
245, 147
246, 147
247, 146
248, 146
249, 145
251, 145
252, 144
253, 144
254, 143
256, 143
257, 142
258, 142
259, 141
260, 141
261, 140
263, 140
264, 139
265, 139
266, 138
268, 138
269, 137
270, 137
271, 136
273, 136
274, 135
275, 135
276, 134
277, 134
278, 133
280, 133
281, 132
282, 132
283, 131
285, 131
286, 130
287, 130
288, 129
290, 129
291, 128
292, 128
293, 127
295, 127
296, 126
298, 126
299, 125
301, 125
302, 124
304, 124
305, 123
331, 118
332, 117
334, 117
335, 118
333, 120
333, 121
326, 128
326, 129
312, 143
312, 144
302, 154
301, 154
287, 165
289, 163
289, 162
292, 159
292, 158
295, 155
295, 154
298, 151
298, 150
301, 147
301, 146
305, 142
305, 141
309, 137
309, 136
313, 132
313, 131
318, 126
318, 125
321, 122
322, 122
324, 120
325, 120
326, 119
328, 119
329, 118
349, 113
350, 112
354, 112
355, 113
356, 113
358, 115
358, 117
357, 118
357, 119
355, 121
355, 122
338, 139
337, 139
331, 145
330, 145
327, 148
326, 148
322, 152
321, 152
317, 156
316, 156
314, 158
313, 158
310, 161
309, 161
306, 164
305, 164
302, 167
301, 167
299, 169
298, 169
295, 172
294, 172
292, 174
291, 174
288, 177
287, 177
285, 179
284, 179
281, 182
280, 182
278, 184
277, 184
276, 185
275, 184
275, 183
292, 166
293, 166
319, 140
319, 139
330, 128
330, 127
336, 121
336, 120
342, 114
344, 114
345, 113
432, 108
433, 108
434, 109
434, 110
420, 124
420, 125
409, 136
409, 137
371, 175
370, 175
360, 185
359, 185
355, 189
354, 188
354, 187
355, 186
355, 185
356, 184
356, 183
359, 180
359, 179
361, 177
361, 176
365, 172
365, 171
372, 164
372, 163
389, 146
389, 145
393, 141
394, 141
406, 129
407, 129
413, 123
414, 123
420, 117
421, 117
425, 113
426, 113
429, 110
430, 110
340, 95
341, 94
344, 94
345, 95
338, 102
337, 102
325, 114
324, 114
323, 115
322, 115
321, 116
319, 116
318, 117
316, 117
315, 118
313, 118
312, 119
310, 119
309, 120
307, 120
306, 121
304, 121
303, 122
301, 122
300, 123
298, 123
297, 124
295, 124
294, 125
292, 125
291, 126
290, 126
289, 127
287, 127
286, 128
285, 128
284, 129
283, 129
282, 130
280, 130
279, 131
278, 131
277, 132
275, 132
274, 133
273, 133
272, 134
270, 134
269, 135
268, 135
267, 136
266, 136
265, 137
263, 137
262, 138
261, 138
260, 139
258, 139
257, 140
256, 140
255, 141
253, 141
252, 142
251, 142
250, 143
249, 143
248, 144
246, 144
245, 145
244, 145
243, 146
241, 146
240, 147
239, 147
238, 148
237, 148
236, 149
234, 149
233, 150
232, 150
231, 151
230, 151
229, 152
228, 152
227, 153
226, 153
225, 154
224, 154
223, 155
221, 155
220, 156
219, 156
218, 157
217, 157
216, 158
215, 158
214, 159
213, 159
212, 160
211, 160
210, 161
209, 161
208, 162
207, 162
206, 163
204, 163
203, 164
202, 164
200, 166
199, 166
198, 167
197, 167
196, 168
195, 168
194, 169
193, 169
192, 170
191, 170
190, 171
189, 171
188, 172
187, 172
186, 173
185, 173
184, 174
183, 174
181, 176
180, 176
179, 177
178, 177
177, 178
176, 178
175, 179
174, 179
173, 180
172, 180
170, 182
169, 182
168, 183
167, 183
165, 185
164, 185
163, 186
162, 186
160, 188
159, 188
158, 189
159, 185
160, 185
162, 183
163, 183
166, 180
167, 180
168, 179
169, 179
171, 177
172, 177
174, 175
175, 175
177, 173
178, 173
179, 172
180, 172
182, 170
183, 170
185, 168
186, 168
187, 167
188, 167
190, 165
191, 165
193, 163
194, 163
195, 162
196, 162
197, 161
198, 161
200, 159
201, 159
202, 158
203, 158
205, 156
206, 156
207, 155
208, 155
210, 153
211, 153
212, 152
213, 152
214, 151
215, 151
217, 149
218, 149
219, 148
220, 148
222, 146
223, 146
224, 145
225, 145
226, 144
227, 144
228, 143
229, 143
230, 142
231, 142
232, 141
233, 141
234, 140
235, 140
236, 139
237, 139
238, 138
239, 138
240, 137
241, 137
242, 136
243, 136
244, 135
245, 135
246, 134
247, 134
248, 133
249, 133
250, 132
251, 132
252, 131
253, 131
254, 130
255, 130
256, 129
257, 129
258, 128
259, 128
260, 127
261, 127
262, 126
263, 126
264, 125
265, 125
266, 124
267, 124
268, 123
269, 123
270, 122
271, 122
272, 121
274, 121
275, 120
276, 120
277, 119
278, 119
279, 118
280, 118
281, 117
282, 117
283, 116
285, 116
286, 115
287, 115
288, 114
289, 114
290, 113
292, 113
293, 112
294, 112
295, 111
297, 111
298, 110
299, 110
300, 109
301, 109
302, 108
304, 108
305, 107
306, 107
307, 106
309, 106
310, 105
312, 105
313, 104
314, 104
315, 103
317, 103
318, 102
320, 102
321, 101
323, 101
324, 100
326, 100
327, 99
328, 99
329, 98
331, 98
332, 97
334, 97
335, 96
337, 96
338, 95
353, 92
354, 92
355, 93
355, 94
352, 97
352, 98
348, 102
348, 103
343, 108
342, 108
341, 109
339, 109
338, 110
336, 110
335, 111
334, 111
333, 110
333, 109
337, 105
338, 105
345, 98
346, 98
350, 94
351, 94
403, 83
404, 82
415, 82
416, 83
430, 83
431, 84
438, 84
439, 85
443, 85
444, 86
447, 86
448, 87
451, 87
452, 88
454, 88
455, 89
456, 89
457, 90
459, 90
460, 91
461, 91
463, 93
464, 93
471, 100
471, 101
472, 102
472, 105
473, 106
473, 109
472, 110
472, 114
471, 115
471, 116
470, 117
470, 118
469, 119
469, 120
467, 122
467, 123
465, 125
465, 126
463, 128
463, 129
458, 134
458, 135
435, 158
434, 158
427, 165
426, 165
420, 171
419, 171
415, 175
414, 175
410, 179
409, 179
406, 182
405, 182
403, 184
402, 184
400, 186
399, 186
397, 188
396, 188
394, 190
393, 190
391, 192
390, 192
388, 194
387, 194
386, 195
385, 195
384, 196
383, 196
382, 197
381, 197
380, 198
379, 198
378, 199
376, 199
375, 200
374, 200
373, 201
371, 201
370, 202
367, 202
366, 203
362, 203
361, 204
357, 204
356, 203
355, 203
354, 202
353, 202
352, 201
352, 200
351, 199
351, 196
358, 189
359, 189
370, 178
371, 178
384, 165
385, 165
399, 151
399, 150
414, 135
414, 134
423, 125
423, 124
438, 109
438, 108
441, 105
441, 104
440, 103
438, 103
437, 104
435, 104
434, 105
433, 105
431, 107
430, 107
428, 109
427, 109
425, 111
424, 111
420, 115
419, 115
414, 120
413, 120
406, 127
405, 127
397, 135
396, 135
383, 148
383, 149
368, 164
368, 165
363, 170
363, 171
359, 175
359, 176
357, 178
357, 179
355, 181
355, 182
353, 184
353, 185
352, 186
352, 187
351, 188
351, 189
350, 190
350, 192
349, 193
349, 194
345, 198
344, 198
340, 202
339, 202
334, 207
333, 207
329, 211
328, 211
324, 215
323, 215
320, 218
319, 218
317, 220
316, 220
313, 223
312, 223
310, 225
309, 225
307, 227
306, 227
304, 229
303, 229
302, 230
301, 230
299, 232
298, 232
297, 233
296, 233
295, 234
294, 234
293, 235
292, 235
291, 236
290, 236
289, 237
287, 237
286, 238
285, 237
285, 234
286, 233
286, 231
287, 230
287, 227
288, 226
288, 220
289, 219
289, 215
288, 214
288, 210
287, 209
287, 207
285, 205
285, 204
284, 204
283, 203
280, 203
279, 204
277, 204
275, 206
274, 206
267, 213
267, 214
265, 216
265, 217
264, 218
264, 219
263, 220
263, 222
262, 223
262, 225
261, 226
261, 232
262, 233
262, 235
263, 236
263, 237
266, 240
267, 240
268, 241
269, 241
270, 242
278, 242
279, 243
279, 244
278, 245
278, 246
277, 247
277, 248
275, 250
275, 251
274, 252
274, 253
272, 255
272, 256
270, 258
270, 259
266, 263
266, 264
263, 267
262, 267
259, 270
258, 270
257, 271
255, 271
254, 272
251, 272
250, 271
249, 271
246, 268
246, 267
245, 266
245, 264
244, 263
244, 252
245, 251
245, 246
246, 245
246, 242
247, 241
247, 238
248, 237
248, 235
249, 234
249, 232
250, 231
250, 229
251, 228
251, 227
252, 226
252, 224
253, 223
253, 222
254, 221
254, 220
255, 219
255, 217
256, 216
256, 215
257, 214
257, 213
258, 212
258, 211
259, 210
259, 209
260, 208
260, 207
261, 206
261, 205
263, 203
263, 202
264, 201
264, 200
265, 199
265, 198
267, 196
267, 195
272, 190
273, 190
275, 188
276, 188
278, 186
279, 186
281, 184
282, 184
285, 181
286, 181
288, 179
289, 179
292, 176
293, 176
295, 174
296, 174
299, 171
300, 171
302, 169
303, 169
306, 166
307, 166
310, 163
311, 163
314, 160
315, 160
317, 158
318, 158
322, 154
323, 154
326, 151
327, 151
331, 147
332, 147
337, 142
338, 142
357, 123
357, 122
359, 120
359, 119
360, 118
360, 113
358, 111
356, 111
355, 110
349, 110
348, 111
347, 111
346, 110
348, 108
350, 108
351, 107
352, 107
353, 106
355, 106
356, 105
358, 105
359, 104
360, 104
361, 103
363, 103
364, 102
365, 102
366, 101
368, 101
369, 100
370, 100
371, 99
373, 99
374, 98
375, 98
376, 97
377, 97
377, 95
376, 95
375, 96
373, 96
372, 97
371, 97
370, 98
368, 98
367, 99
366, 99
365, 100
363, 100
362, 101
360, 101
359, 102
358, 102
357, 103
355, 103
354, 104
353, 104
352, 105
351, 105
350, 104
351, 103
351, 102
354, 99
354, 98
357, 95
357, 94
359, 92
359, 91
361, 89
362, 89
363, 88
367, 88
368, 87
372, 87
373, 86
378, 86
379, 85
383, 85
384, 84
393, 84
394, 83
