294, 2
296, 367
4, 369
2, 4
223, 16
222, 17
221, 17
211, 27
211, 28
208, 31
208, 32
205, 35
205, 36
202, 39
202, 40
200, 42
200, 43
198, 45
198, 46
195, 49
194, 48
194, 45
195, 44
195, 38
196, 37
196, 32
194, 30
193, 30
192, 31
191, 31
189, 33
189, 34
187, 36
187, 37
186, 38
186, 39
184, 41
184, 42
183, 43
183, 44
182, 45
182, 46
180, 48
180, 49
167, 62
167, 63
164, 66
164, 67
161, 70
161, 71
159, 73
159, 74
157, 76
157, 77
156, 78
156, 79
154, 81
154, 82
153, 83
153, 84
151, 86
151, 87
150, 88
150, 89
149, 90
149, 91
148, 92
148, 93
147, 94
147, 95
146, 96
146, 97
145, 98
145, 99
144, 100
144, 101
143, 102
143, 103
142, 104
142, 105
141, 106
141, 107
140, 108
140, 109
139, 110
139, 111
138, 112
138, 113
137, 114
137, 115
136, 116
136, 117
135, 118
135, 119
134, 120
134, 121
133, 122
133, 123
132, 124
132, 125
131, 126
131, 128
130, 129
130, 130
129, 131
129, 132
128, 133
128, 135
127, 136
127, 137
126, 138
126, 139
125, 140
125, 142
124, 143
124, 144
123, 145
123, 147
122, 148
122, 149
121, 150
121, 151
119, 153
118, 152
115, 152
113, 154
112, 154
112, 155
108, 159
105, 159
104, 160
103, 160
96, 167
96, 168
94, 170
94, 171
93, 172
93, 173
91, 175
91, 176
89, 178
89, 179
88, 180
88, 181
87, 182
87, 183
85, 185
85, 186
84, 187
84, 188
83, 189
83, 190
82, 191
82, 192
81, 193
81, 194
80, 195
80, 196
79, 197
79, 198
78, 199
78, 200
77, 201
77, 202
76, 203
76, 204
75, 205
75, 206
74, 207
74, 208
73, 209
73, 210
72, 211
72, 212
71, 213
71, 214
70, 215
69, 214
69, 210
70, 209
70, 204
71, 203
71, 199
72, 198
72, 193
73, 192
73, 187
74, 186
74, 181
75, 180
75, 176
76, 175
76, 170
77, 169
77, 165
78, 164
78, 159
79, 158
79, 154
80, 153
80, 149
81, 148
81, 144
82, 143
82, 140
83, 139
83, 137
84, 136
84, 133
85, 132
85, 129
86, 128
86, 126
87, 125
87, 122
88, 121
88, 119
89, 118
89, 115
90, 114
90, 111
91, 110
91, 104
89, 104
88, 105
88, 106
87, 107
87, 108
86, 109
86, 110
84, 112
84, 113
83, 114
83, 115
82, 116
82, 117
81, 118
81, 119
80, 120
80, 121
79, 122
79, 123
78, 124
78, 125
76, 127
76, 128
75, 129
75, 130
74, 131
74, 132
73, 133
73, 134
72, 135
72, 136
71, 137
71, 138
70, 139
70, 140
69, 141
69, 142
68, 143
68, 144
67, 145
67, 146
66, 147
66, 148
65, 149
65, 150
64, 151
64, 152
62, 154
62, 155
60, 157
60, 158
59, 159
59, 160
57, 162
57, 163
56, 164
56, 165
55, 166
55, 167
54, 168
54, 169
53, 170
53, 171
52, 172
52, 173
51, 174
51, 175
50, 176
50, 177
49, 178
49, 179
48, 180
48, 181
47, 182
47, 183
46, 184
46, 185
45, 186
45, 187
44, 188
44, 189
43, 190
43, 191
42, 192
42, 193
41, 194
41, 195
40, 196
40, 197
39, 198
38, 197
38, 193
39, 192
39, 188
40, 187
40, 183
41, 182
41, 177
42, 176
42, 172
43, 171
43, 166
44, 165
44, 161
45, 160
45, 156
46, 155
46, 150
47, 149
47, 144
48, 143
48, 138
49, 137
49, 132
50, 131
50, 127
51, 126
51, 122
52, 121
52, 118
53, 117
53, 114
54, 113
54, 109
55, 108
55, 104
56, 103
56, 99
57, 98
57, 92
58, 91
58, 86
59, 85
59, 83
60, 82
60, 80
61, 79
61, 78
62, 77
62, 75
63, 74
63, 72
64, 71
64, 69
65, 68
65, 66
66, 65
66, 62
67, 61
66, 60
64, 60
64, 61
63, 62
63, 63
62, 64
62, 66
61, 67
61, 68
60, 69
60, 71
59, 72
59, 74
58, 75
58, 78
57, 79
57, 82
56, 83
56, 84
55, 85
55, 86
54, 87
54, 88
53, 89
53, 90
52, 91
52, 92
51, 93
51, 94
49, 96
49, 97
48, 98
48, 99
47, 100
47, 101
45, 103
45, 104
44, 105
44, 106
43, 107
43, 108
41, 110
41, 111
40, 112
40, 113
38, 115
38, 116
34, 120
33, 119
33, 104
34, 103
34, 84
33, 83
33, 80
32, 79
32, 78
31, 77
29, 77
27, 79
27, 80
26, 81
26, 82
25, 83
25, 84
24, 85
24, 86
23, 87
23, 89
22, 90
22, 91
21, 92
21, 94
20, 95
20, 97
19, 98
19, 100
18, 101
18, 103
17, 104
17, 106
16, 107
16, 109
15, 110
15, 113
14, 114
14, 119
13, 120
13, 121
14, 122
15, 122
15, 119
16, 118
16, 114
17, 113
17, 110
18, 109
18, 107
19, 106
19, 104
20, 103
20, 101
21, 100
21, 98
22, 97
22, 95
23, 94
23, 92
24, 91
24, 90
25, 89
25, 88
26, 87
26, 86
27, 85
27, 83
28, 82
28, 81
29, 80
30, 80
31, 81
31, 83
32, 84
32, 104
31, 105
31, 119
30, 120
30, 121
31, 122
31, 123
34, 123
39, 118
39, 117
41, 115
41, 114
43, 112
43, 111
44, 110
44, 109
45, 108
45, 107
47, 105
47, 104
48, 103
48, 102
49, 101
49, 100
51, 98
51, 97
52, 96
52, 95
54, 93
55, 94
55, 98
54, 99
54, 103
53, 104
53, 108
52, 109
52, 113
51, 114
51, 117
50, 118
50, 121
49, 122
49, 126
48, 127
48, 131
47, 132
47, 137
46, 138
46, 143
45, 144
45, 149
44, 150
44, 155
43, 156
43, 161
42, 162
42, 166
41, 167
41, 171
40, 172
40, 177
39, 178
39, 182
38, 183
38, 188
37, 189
37, 193
36, 194
36, 199
35, 200
35, 203
34, 204
34, 207
33, 208
33, 212
32, 213
32, 216
31, 217
31, 219
30, 220
30, 222
29, 223
29, 225
28, 226
28, 227
27, 228
27, 229
26, 230
26, 231
25, 232
25, 234
24, 235
24, 248
23, 249
23, 253
25, 253
25, 252
26, 251
26, 250
27, 249
27, 247
28, 246
28, 245
29, 244
29, 241
30, 240
30, 238
31, 237
31, 232
32, 231
32, 226
33, 225
33, 221
34, 220
34, 216
35, 215
35, 214
36, 213
36, 211
37, 210
37, 209
38, 208
38, 207
39, 206
39, 204
40, 203
40, 201
41, 200
41, 199
42, 198
42, 197
43, 196
43, 195
44, 194
44, 192
45, 191
45, 190
47, 188
47, 187
48, 186
48, 185
49, 184
49, 183
50, 182
50, 180
51, 179
51, 178
52, 177
52, 176
53, 175
53, 174
55, 172
55, 171
56, 170
56, 169
57, 168
57, 167
58, 166
58, 165
59, 164
59, 163
60, 162
60, 161
61, 160
61, 159
63, 157
63, 156
65, 154
65, 153
66, 152
66, 151
67, 150
67, 149
68, 148
68, 147
69, 146
69, 145
70, 144
70, 143
71, 142
71, 141
72, 140
72, 139
73, 138
73, 137
75, 135
75, 134
76, 133
76, 132
77, 131
77, 130
78, 129
78, 128
79, 127
79, 126
80, 125
80, 124
81, 123
81, 122
82, 121
82, 120
83, 119
83, 118
85, 116
85, 115
86, 114
87, 115
87, 118
86, 119
86, 121
85, 122
85, 125
84, 126
84, 128
83, 129
83, 132
82, 133
82, 136
81, 137
81, 139
80, 140
80, 143
79, 144
79, 148
78, 149
78, 153
77, 154
77, 159
76, 160
76, 164
75, 165
75, 169
74, 170
74, 175
73, 176
73, 181
72, 182
72, 186
71, 187
71, 192
70, 193
70, 198
69, 199
69, 203
68, 204
68, 209
67, 210
67, 214
66, 215
66, 219
65, 220
65, 224
64, 225
64, 228
63, 229
63, 232
62, 233
62, 236
61, 237
61, 241
62, 242
63, 241
63, 240
64, 239
64, 237
65, 236
65, 234
66, 233
66, 231
67, 230
67, 228
68, 227
68, 226
69, 225
69, 223
70, 222
70, 221
71, 220
71, 218
72, 217
72, 216
73, 215
73, 214
74, 213
74, 211
75, 210
75, 209
76, 208
76, 207
77, 206
77, 205
78, 204
78, 203
79, 202
79, 201
80, 200
80, 199
81, 198
81, 197
82, 196
82, 195
83, 194
83, 193
84, 192
84, 191
85, 190
85, 189
87, 187
87, 186
88, 185
88, 184
89, 183
89, 182
91, 180
91, 179
92, 178
92, 177
94, 175
94, 174
95, 173
95, 172
97, 170
97, 169
104, 162
105, 163
105, 164
103, 166
103, 167
102, 168
102, 169
101, 170
101, 172
100, 173
100, 174
99, 175
99, 177
98, 178
98, 179
97, 180
97, 182
96, 183
96, 185
95, 186
95, 188
94, 189
94, 191
93, 192
93, 194
92, 195
92, 198
91, 199
91, 202
90, 203
90, 207
89, 208
89, 217
90, 218
90, 219
91, 220
91, 221
93, 223
92, 224
92, 225
91, 226
91, 228
90, 229
90, 230
89, 231
89, 233
88, 234
88, 236
87, 237
87, 238
86, 239
86, 241
85, 242
85, 244
84, 245
84, 247
83, 248
83, 249
82, 250
82, 253
81, 254
81, 256
80, 257
80, 259
79, 260
79, 263
78, 264
78, 268
77, 269
77, 277
79, 279
80, 279
83, 276
83, 275
84, 274
84, 273
85, 272
85, 271
86, 270
86, 269
87, 268
87, 267
88, 266
88, 265
89, 264
89, 263
90, 262
90, 261
91, 260
91, 259
92, 258
92, 256
93, 255
93, 254
94, 253
94, 252
95, 251
95, 249
96, 248
96, 247
97, 246
97, 245
98, 244
98, 243
99, 242
99, 240
100, 239
100, 238
101, 237
101, 235
102, 234
102, 233
104, 231
108, 231
109, 230
110, 230
115, 225
115, 224
116, 223
116, 222
118, 220
118, 218
119, 217
119, 216
120, 215
120, 213
121, 212
121, 210
122, 209
122, 206
123, 205
123, 202
124, 201
124, 199
125, 198
125, 197
129, 193
129, 192
133, 188
133, 187
136, 184
136, 183
139, 180
139, 179
141, 177
141, 176
142, 175
143, 176
143, 183
142, 184
142, 192
141, 193
141, 195
140, 196
140, 198
139, 199
139, 201
140, 202
140, 203
139, 204
139, 206
138, 207
138, 208
137, 209
137, 210
136, 211
136, 212
135, 213
135, 214
134, 215
134, 216
133, 217
133, 218
132, 219
132, 220
131, 221
131, 222
130, 223
130, 224
129, 225
129, 227
128, 228
128, 229
127, 230
127, 231
126, 232
126, 233
125, 234
125, 236
124, 237
124, 238
123, 239
123, 241
122, 242
122, 243
121, 244
121, 245
120, 246
120, 248
119, 249
119, 250
118, 251
118, 253
117, 254
117, 256
116, 257
116, 258
115, 259
115, 261
114, 262
114, 264
113, 265
113, 266
112, 267
112, 269
111, 270
111, 272
110, 273
110, 275
109, 276
109, 277
108, 278
108, 280
107, 281
107, 283
106, 284
106, 286
105, 287
105, 289
104, 290
104, 292
103, 293
103, 295
102, 296
102, 298
101, 299
101, 301
100, 302
100, 304
99, 305
99, 307
98, 308
98, 310
97, 311
97, 313
96, 314
96, 316
95, 317
95, 319
94, 320
94, 322
93, 323
93, 325
92, 326
92, 328
91, 329
91, 331
90, 332
90, 334
89, 335
89, 337
88, 338
88, 340
87, 341
87, 343
86, 344
86, 347
85, 348
85, 351
84, 352
85, 353
86, 353
88, 351
88, 350
89, 349
89, 348
90, 347
90, 346
91, 345
91, 344
92, 343
92, 342
93, 341
93, 340
94, 339
94, 338
95, 337
95, 336
96, 335
96, 334
97, 333
97, 332
98, 331
98, 330
99, 329
99, 328
100, 327
100, 326
101, 325
101, 324
102, 323
102, 322
103, 321
103, 320
104, 319
104, 318
105, 317
105, 316
106, 315
106, 314
107, 313
107, 312
108, 311
108, 310
109, 309
109, 308
110, 307
110, 306
111, 305
111, 304
112, 303
112, 302
113, 301
113, 299
114, 298
114, 297
115, 296
115, 295
116, 294
116, 293
117, 292
117, 290
118, 289
118, 288
119, 287
119, 286
120, 285
120, 283
121, 282
121, 281
122, 280
122, 278
123, 277
123, 276
124, 275
124, 273
125, 272
125, 271
126, 270
126, 269
127, 268
127, 266
128, 265
128, 264
129, 263
129, 261
130, 260
130, 259
131, 258
131, 256
132, 255
132, 254
133, 253
133, 251
134, 250
134, 249
135, 248
135, 246
136, 245
136, 244
137, 243
137, 241
138, 240
138, 239
139, 238
139, 237
140, 236
140, 234
141, 233
141, 232
142, 231
143, 231
144, 232
144, 234
145, 235
145, 237
146, 238
146, 240
147, 241
147, 242
148, 243
148, 244
153, 249
156, 249
157, 248
158, 248
162, 244
162, 243
163, 242
163, 241
164, 240
164, 239
165, 238
165, 237
166, 236
166, 235
169, 232
169, 231
174, 226
174, 225
178, 221
178, 220
182, 216
182, 215
184, 213
184, 212
185, 211
185, 210
187, 208
187, 207
189, 205
189, 204
191, 202
191, 201
192, 200
192, 199
194, 197
194, 196
196, 194
196, 193
197, 192
197, 191
199, 189
199, 188
201, 186
201, 185
202, 184
202, 183
204, 181
204, 180
206, 178
207, 179
207, 183
206, 184
206, 188
205, 189
205, 193
204, 194
204, 199
203, 200
203, 204
202, 205
202, 211
201, 212
201, 225
202, 226
202, 227
204, 229
206, 229
207, 228
208, 228
213, 223
213, 222
215, 220
215, 219
217, 217
217, 216
219, 214
219, 213
220, 212
220, 211
221, 210
221, 209
222, 208
222, 207
223, 206
223, 205
224, 204
224, 203
225, 202
225, 201
226, 200
226, 198
227, 197
227, 196
228, 195
228, 194
229, 193
229, 191
230, 190
230, 189
231, 188
231, 186
232, 185
232, 184
233, 183
233, 181
234, 180
234, 178
235, 177
235, 176
236, 175
236, 173
237, 172
237, 171
238, 170
238, 169
239, 168
239, 166
241, 164
242, 165
242, 168
241, 169
241, 174
240, 175
240, 180
239, 181
239, 185
238, 186
238, 191
237, 192
237, 196
236, 197
236, 203
235, 204
235, 223
236, 224
236, 226
238, 228
241, 228
242, 227
243, 227
245, 225
246, 225
252, 219
253, 219
255, 217
256, 217
257, 216
258, 216
259, 215
260, 215
261, 214
262, 214
263, 213
265, 213
266, 212
269, 212
270, 211
273, 214
273, 215
274, 216
274, 217
275, 218
275, 219
276, 220
276, 221
277, 222
277, 223
279, 225
280, 225
281, 226
282, 226
283, 225
283, 223
282, 222
282, 220
281, 219
281, 217
280, 216
280, 215
279, 214
279, 213
276, 210
275, 210
273, 208
273, 195
272, 194
272, 187
271, 186
271, 184
270, 183
270, 181
268, 179
268, 178
266, 176
266, 175
264, 173
263, 173
260, 170
259, 170
256, 167
255, 167
253, 165
252, 165
250, 163
249, 163
248, 162
247, 162
245, 160
245, 156
244, 155
243, 155
241, 157
240, 157
239, 156
238, 156
237, 155
236, 155
234, 153
233, 153
231, 151
230, 151
229, 150
228, 150
226, 148
225, 148
224, 147
223, 147
222, 146
221, 146
219, 144
218, 144
217, 143
216, 143
214, 141
213, 141
211, 139
210, 139
208, 137
207, 137
204, 134
203, 134
197, 128
196, 128
192, 124
192, 122
193, 121
193, 120
196, 117
196, 116
200, 112
200, 111
203, 108
203, 107
207, 103
207, 102
211, 98
211, 97
215, 93
215, 92
220, 87
220, 86
225, 81
225, 80
229, 76
229, 75
233, 71
233, 70
236, 67
236, 66
239, 63
239, 62
242, 59
242, 58
244, 56
244, 55
248, 51
250, 51
250, 50
251, 49
251, 47
252, 46
252, 45
251, 44
250, 44
248, 46
248, 47
246, 49
246, 50
243, 53
243, 54
241, 56
241, 57
238, 60
238, 61
235, 64
235, 65
232, 68
232, 69
228, 73
228, 74
224, 78
224, 79
220, 83
220, 84
214, 90
214, 91
210, 95
210, 96
206, 100
206, 101
202, 105
202, 106
199, 109
199, 110
195, 114
195, 115
192, 118
192, 119
190, 121
189, 121
188, 120
188, 116
189, 115
189, 113
190, 112
190, 111
191, 110
191, 109
192, 108
192, 106
193, 105
193, 104
194, 103
194, 102
195, 101
195, 99
196, 98
196, 97
197, 96
197, 95
198, 94
198, 92
199, 91
199, 90
200, 89
200, 87
201, 86
201, 85
202, 84
202, 82
203, 81
203, 80
204, 79
204, 77
205, 76
205, 75
206, 74
206, 73
207, 72
207, 70
208, 69
208, 68
209, 67
209, 65
210, 64
210, 63
211, 62
211, 60
212, 59
212, 58
213, 57
213, 56
214, 55
214, 53
215, 52
215, 51
216, 50
216, 48
217, 47
217, 45
218, 44
218, 43
219, 42
219, 40
220, 39
220, 37
221, 36
221, 34
222, 33
222, 31
223, 30
223, 28
224, 27
224, 25
225, 24
225, 20
226, 19
225, 18
225, 17
224, 16
148, 239
149, 238
150, 238
151, 239
152, 239
153, 240
154, 240
155, 241
156, 241
157, 240
158, 240
159, 239
161, 239
162, 240
161, 241
161, 242
156, 247
154, 247
149, 242
149, 241
148, 240
27, 233
29, 233
28, 238
28, 240
26, 240
27, 234
94, 224
95, 223
97, 223
98, 224
98, 226
100, 228
100, 229
101, 230
101, 232
100, 233
100, 234
99, 235
99, 237
98, 238
98, 239
97, 240
97, 241
96, 242
96, 244
95, 245
95, 246
94, 247
94, 248
93, 249
93, 251
92, 252
92, 253
91, 254
91, 255
90, 256
90, 257
89, 258
89, 260
88, 261
88, 262
87, 263
87, 264
86, 265
86, 266
85, 267
85, 268
84, 269
84, 270
83, 271
83, 272
82, 273
82, 274
81, 275
80, 275
79, 274
79, 269
80, 268
80, 264
81, 263
81, 260
82, 259
82, 257
83, 256
83, 254
84, 253
84, 250
85, 249
85, 248
86, 247
86, 245
87, 244
87, 242
88, 241
88, 239
89, 238
89, 237
90, 236
90, 234
91, 233
91, 232
92, 231
92, 229
93, 228
93, 227
94, 226
104, 218
105, 218
106, 219
106, 220
105, 221
105, 222
104, 223
104, 225
102, 227
100, 225
100, 224
99, 223
99, 222
101, 220
102, 220
138, 213
141, 216
141, 221
142, 222
142, 225
141, 226
141, 228
140, 229
140, 230
139, 231
139, 233
138, 234
138, 235
137, 236
137, 238
136, 239
136, 240
135, 241
135, 243
134, 244
134, 245
133, 246
133, 248
132, 249
132, 250
131, 251
131, 252
130, 253
130, 255
129, 256
129, 257
128, 258
128, 260
127, 261
127, 262
126, 263
126, 265
125, 266
125, 267
124, 268
124, 270
123, 271
123, 272
122, 273
122, 275
121, 276
121, 277
120, 278
120, 280
119, 281
119, 282
118, 283
118, 285
117, 286
117, 287
116, 288
116, 289
115, 290
115, 291
114, 292
114, 294
113, 295
113, 296
112, 297
112, 298
111, 299
111, 300
110, 301
110, 303
109, 304
109, 305
108, 306
108, 307
107, 308
107, 309
106, 310
106, 311
105, 312
105, 313
104, 314
104, 315
103, 316
103, 317
102, 318
102, 319
101, 320
101, 321
100, 322
100, 323
99, 324
99, 325
98, 326
98, 327
97, 328
97, 329
96, 330
96, 331
94, 333
94, 334
93, 335
92, 334
92, 332
93, 331
93, 329
94, 328
94, 326
95, 325
95, 323
96, 322
96, 320
97, 319
97, 317
98, 316
98, 314
99, 313
99, 311
100, 310
100, 308
101, 307
101, 305
102, 304
102, 302
103, 301
103, 299
104, 298
104, 296
105, 295
105, 293
106, 292
106, 290
107, 289
107, 287
108, 286
108, 284
109, 283
109, 281
110, 280
110, 279
111, 278
111, 276
112, 275
112, 273
113, 272
113, 270
114, 269
114, 267
115, 266
115, 265
116, 264
116, 262
117, 261
117, 259
118, 258
118, 257
119, 256
119, 254
120, 253
120, 252
121, 251
121, 249
122, 248
122, 246
123, 245
123, 244
124, 243
124, 242
125, 241
125, 239
126, 238
126, 237
127, 236
127, 235
128, 234
128, 232
129, 231
129, 230
130, 229
130, 228
131, 227
131, 226
132, 225
132, 223
133, 222
133, 221
134, 220
134, 219
135, 218
135, 217
136, 216
136, 215
119, 205
120, 206
120, 209
119, 210
119, 212
118, 213
118, 215
117, 216
117, 217
116, 218
116, 219
115, 220
115, 221
114, 222
114, 223
108, 229
106, 229
105, 228
105, 226
106, 225
106, 223
107, 222
107, 221
108, 220
108, 219
109, 218
109, 216
110, 215
110, 214
94, 196
95, 195
96, 196
96, 214
95, 215
95, 218
94, 219
93, 219
91, 217
91, 208
92, 207
92, 203
93, 202
93, 199
94, 198
122, 188
123, 189
123, 194
122, 195
122, 197
121, 198
121, 199
116, 204
115, 203
115, 202
116, 201
116, 199
117, 198
117, 197
118, 196
118, 195
119, 194
119, 192
120, 191
120, 190
157, 181
158, 181
159, 182
158, 183
158, 185
157, 186
157, 188
156, 189
156, 190
155, 191
155, 193
154, 194
154, 195
153, 196
153, 198
152, 199
152, 200
151, 201
151, 203
150, 204
150, 206
149, 207
149, 208
148, 209
148, 211
147, 212
147, 213
146, 214
146, 215
145, 216
144, 216
143, 215
143, 208
144, 207
144, 206
145, 205
146, 205
148, 203
148, 202
145, 199
145, 197
146, 196
146, 195
147, 194
147, 193
148, 192
148, 191
150, 189
150, 188
165, 176
167, 176
171, 180
171, 183
172, 184
172, 191
173, 192
173, 199
172, 200
172, 207
171, 208
171, 212
170, 213
170, 217
169, 218
169, 221
168, 222
168, 224
167, 225
167, 228
166, 229
166, 230
165, 231
165, 232
160, 237
159, 237
158, 238
157, 238
156, 239
155, 238
153, 238
149, 234
149, 231
148, 230
148, 228
147, 227
147, 224
145, 222
146, 221
146, 219
147, 218
147, 217
148, 216
148, 214
149, 213
149, 212
150, 211
150, 209
151, 208
151, 207
152, 206
152, 204
153, 203
153, 202
154, 201
154, 199
155, 198
155, 196
156, 195
156, 194
157, 193
157, 191
158, 190
158, 189
159, 188
159, 186
160, 185
160, 184
161, 183
161, 181
162, 180
162, 179
244, 164
245, 163
246, 163
247, 164
248, 164
250, 166
251, 166
254, 169
255, 169
257, 171
258, 171
261, 174
262, 174
265, 177
265, 178
267, 180
267, 181
268, 182
268, 183
269, 184
269, 186
270, 187
270, 194
271, 195
271, 208
269, 210
266, 210
265, 211
263, 211
262, 212
261, 212
260, 213
258, 213
256, 215
255, 215
254, 216
253, 216
251, 218
250, 218
244, 224
243, 224
241, 226
239, 226
238, 225
238, 224
237, 223
237, 218
236, 217
236, 214
237, 213
237, 203
238, 202
238, 197
239, 196
239, 191
240, 190
240, 186
241, 185
241, 180
242, 179
242, 175
243, 174
243, 169
244, 168
166, 165
165, 166
165, 167
164, 168
164, 170
163, 171
163, 172
162, 173
162, 174
157, 179
156, 178
156, 177
157, 176
157, 175
158, 174
158, 173
159, 172
159, 171
160, 170
160, 169
162, 167
162, 166
163, 165
163, 164
121, 159
122, 160
122, 162
123, 163
123, 170
124, 171
124, 176
123, 177
123, 180
122, 181
122, 182
121, 183
121, 185
120, 186
120, 187
119, 188
119, 189
118, 190
118, 191
117, 192
117, 194
116, 195
116, 196
115, 197
115, 198
114, 199
114, 201
113, 202
113, 203
112, 204
112, 205
111, 206
111, 208
110, 209
110, 210
103, 217
102, 217
101, 218
99, 218
98, 217
98, 215
99, 214
99, 212
100, 211
100, 209
101, 208
101, 207
102, 206
102, 204
103, 203
103, 202
104, 201
104, 199
105, 198
105, 197
106, 196
106, 194
107, 193
107, 192
108, 191
108, 189
109, 188
109, 187
110, 186
110, 184
111, 183
111, 182
112, 181
112, 179
113, 178
113, 176
114, 175
114, 174
115, 173
115, 171
116, 170
116, 169
117, 168
117, 166
118, 165
118, 163
119, 162
119, 161
115, 155
116, 154
117, 154
119, 156
119, 157
118, 158
118, 160
117, 161
117, 162
116, 163
116, 165
115, 166
115, 167
114, 168
114, 170
113, 171
113, 173
112, 174
112, 175
111, 176
111, 178
110, 179
110, 180
109, 181
109, 183
108, 184
108, 185
107, 186
107, 188
106, 189
106, 190
105, 191
105, 193
104, 194
104, 195
103, 196
103, 198
102, 199
102, 200
101, 201
101, 203
100, 204
100, 205
99, 206
98, 205
98, 187
99, 186
99, 183
100, 182
100, 180
101, 179
101, 178
102, 177
102, 175
103, 174
103, 173
104, 172
104, 171
105, 170
105, 169
106, 168
106, 167
109, 164
110, 164
110, 163
111, 162
110, 161
111, 160
111, 159
112, 158
112, 157
114, 155
188, 127
189, 126
191, 126
194, 129
195, 129
200, 134
201, 134
205, 138
206, 138
208, 140
209, 140
211, 142
212, 142
214, 144
215, 144
216, 145
217, 145
219, 147
220, 147
221, 148
222, 148
224, 150
225, 150
226, 151
227, 151
228, 152
229, 152
231, 154
232, 154
234, 156
235, 156
236, 157
237, 157
240, 160
239, 161
239, 163
238, 164
238, 165
237, 166
237, 167
236, 168
236, 170
235, 171
235, 172
234, 173
234, 175
233, 176
233, 177
232, 178
232, 180
231, 181
231, 182
230, 183
230, 185
229, 186
229, 187
228, 188
228, 190
227, 191
227, 193
226, 194
226, 195
225, 196
225, 197
224, 198
224, 200
223, 201
223, 202
222, 203
222, 204
221, 205
221, 206
220, 207
220, 208
219, 209
219, 210
217, 212
217, 213
216, 214
216, 215
214, 217
214, 218
212, 220
212, 221
206, 227
205, 227
203, 225
203, 212
204, 211
204, 205
205, 204
205, 199
206, 198
206, 194
207, 193
207, 188
208, 187
208, 183
209, 182
209, 179
210, 178
210, 172
209, 171
208, 171
207, 172
207, 173
205, 175
205, 176
203, 178
203, 179
201, 181
201, 182
200, 183
200, 184
198, 186
198, 187
196, 189
196, 190
195, 191
195, 192
193, 194
193, 195
191, 197
191, 198
190, 199
190, 200
188, 202
188, 203
186, 205
186, 206
184, 208
184, 209
183, 210
183, 211
181, 213
181, 214
178, 217
178, 218
174, 222
174, 223
171, 226
170, 225
170, 222
171, 221
171, 218
172, 217
172, 213
173, 212
173, 208
174, 207
174, 199
175, 198
175, 193
174, 192
174, 184
173, 183
173, 180
172, 179
172, 178
170, 176
170, 175
169, 175
168, 174
166, 174
165, 173
165, 171
166, 170
166, 168
167, 167
167, 166
168, 165
168, 164
169, 163
169, 161
170, 160
170, 159
171, 158
171, 156
172, 155
172, 154
173, 153
173, 151
174, 150
174, 149
175, 148
175, 147
176, 146
176, 145
177, 144
177, 143
178, 142
178, 141
180, 139
180, 138
182, 136
182, 135
185, 132
185, 131
188, 128
154, 124
155, 125
155, 126
154, 127
154, 130
153, 131
153, 134
152, 135
152, 138
151, 139
151, 142
150, 143
150, 146
149, 147
149, 150
148, 151
148, 154
147, 155
147, 159
146, 160
146, 163
145, 164
145, 166
144, 167
144, 168
143, 169
143, 170
141, 172
141, 173
140, 174
140, 175
138, 177
138, 178
135, 181
135, 182
132, 185
132, 186
128, 190
128, 191
127, 192
126, 192
125, 191
125, 182
126, 181
126, 177
127, 176
127, 175
128, 174
128, 173
129, 172
129, 171
130, 170
130, 169
131, 168
131, 167
132, 166
132, 164
133, 163
133, 162
134, 161
134, 160
135, 159
135, 158
136, 157
136, 156
137, 155
137, 154
139, 152
139, 151
140, 150
140, 149
141, 148
141, 147
142, 146
142, 145
143, 144
143, 143
144, 142
144, 141
145, 140
145, 139
146, 138
146, 137
147, 136
147, 135
148, 134
148, 133
149, 132
149, 131
151, 129
151, 128
152, 127
152, 126
185, 123
186, 122
188, 123
186, 126
186, 127
184, 127
185, 124
176, 107
177, 106
178, 106
179, 107
179, 108
180, 109
180, 111
181, 112
181, 113
182, 114
182, 115
183, 116
183, 117
184, 118
184, 122
183, 123
183, 124
182, 125
182, 126
181, 127
181, 129
180, 130
180, 131
179, 132
179, 134
178, 135
178, 136
177, 137
177, 138
176, 139
176, 140
175, 141
175, 142
174, 143
174, 144
172, 146
172, 147
170, 149
170, 150
169, 151
169, 152
167, 154
167, 155
165, 157
165, 158
164, 159
164, 160
162, 162
162, 163
161, 164
161, 165
159, 167
159, 168
158, 169
158, 170
157, 171
157, 172
155, 174
155, 175
154, 176
154, 177
153, 178
153, 179
152, 180
152, 181
150, 183
150, 184
145, 189
144, 188
144, 184
145, 183
145, 177
146, 176
146, 171
147, 170
147, 167
148, 166
148, 164
149, 163
149, 162
150, 161
150, 160
151, 159
151, 158
153, 156
153, 155
154, 154
154, 153
155, 152
155, 151
156, 150
156, 149
157, 148
157, 147
158, 146
158, 145
159, 144
159, 143
160, 142
160, 141
161, 140
161, 139
162, 138
162, 137
163, 136
163, 135
164, 134
164, 133
165, 132
165, 131
166, 130
166, 129
167, 128
167, 127
168, 126
168, 125
169, 124
169, 122
170, 121
170, 120
171, 119
171, 118
172, 117
172, 116
173, 115
173, 114
174, 113
174, 111
175, 110
175, 109
176, 108
175, 87
176, 88
176, 93
177, 94
177, 100
176, 101
176, 103
175, 104
175, 106
174, 107
174, 108
173, 109
173, 110
172, 111
172, 113
171, 114
171, 115
170, 116
170, 117
169, 118
169, 119
168, 120
168, 121
167, 122
167, 123
166, 124
166, 125
165, 126
165, 127
164, 128
164, 129
163, 130
163, 131
162, 132
162, 133
161, 134
161, 135
160, 136
160, 137
159, 138
159, 139
158, 140
158, 141
157, 142
157, 143
156, 144
156, 145
155, 146
155, 147
154, 148
154, 149
153, 150
153, 151
152, 152
152, 153
151, 154
150, 153
150, 151
151, 150
151, 146
152, 145
152, 142
153, 141
153, 138
154, 137
154, 134
155, 133
155, 131
156, 130
156, 127
157, 126
157, 123
158, 122
158, 120
159, 119
159, 116
160, 115
160, 113
161, 112
161, 110
162, 109
162, 108
163, 107
163, 106
164, 105
164, 104
166, 102
166, 101
167, 100
167, 99
168, 98
168, 97
170, 95
170, 94
171, 93
171, 92
173, 90
173, 89
186, 69
187, 70
187, 72
186, 73
186, 76
185, 77
185, 79
184, 80
184, 82
183, 83
183, 85
182, 86
182, 88
181, 89
181, 90
179, 92
178, 91
178, 82
179, 81
179, 79
180, 78
180, 77
182, 75
182, 74
183, 73
183, 72
175, 57
176, 58
176, 59
175, 60
175, 61
174, 62
174, 64
173, 65
173, 67
172, 68
172, 69
171, 70
171, 72
170, 73
170, 75
169, 76
169, 78
168, 79
168, 81
167, 82
167, 84
166, 85
166, 87
165, 88
165, 91
164, 92
164, 94
163, 95
163, 97
162, 98
162, 101
161, 102
161, 104
160, 105
160, 107
159, 108
159, 109
158, 110
158, 111
157, 112
157, 114
155, 116
155, 117
154, 118
154, 119
153, 120
153, 121
152, 122
152, 123
151, 124
151, 125
149, 127
149, 128
148, 129
148, 130
147, 131
147, 132
146, 133
146, 134
145, 135
145, 136
144, 137
144, 138
143, 139
143, 140
141, 142
141, 143
140, 144
140, 145
139, 146
139, 147
138, 148
138, 149
137, 150
137, 151
136, 152
136, 153
135, 154
135, 155
134, 156
134, 157
133, 158
133, 159
132, 160
132, 161
131, 162
131, 163
130, 164
130, 165
129, 166
129, 167
128, 168
128, 169
127, 170
126, 170
125, 169
125, 163
124, 162
124, 160
123, 159
123, 157
122, 156
122, 153
123, 152
123, 150
124, 149
124, 148
125, 147
125, 145
126, 144
126, 143
127, 142
127, 140
128, 139
128, 138
129, 137
129, 136
130, 135
130, 133
131, 132
131, 131
132, 130
132, 129
133, 128
133, 127
134, 126
134, 124
135, 123
135, 122
136, 121
136, 120
137, 119
137, 118
138, 117
138, 116
139, 115
139, 114
140, 113
140, 112
141, 111
141, 110
142, 109
142, 108
143, 107
143, 106
144, 105
144, 104
145, 103
145, 102
146, 101
146, 100
147, 99
147, 98
148, 97
148, 96
149, 95
149, 94
150, 93
150, 92
152, 90
152, 89
153, 88
153, 87
154, 86
154, 85
155, 84
155, 83
157, 81
157, 80
158, 79
158, 78
160, 76
160, 75
162, 73
162, 72
165, 69
165, 68
168, 65
168, 64
183, 50
184, 51
184, 52
183, 53
183, 55
182, 56
182, 57
181, 58
181, 60
180, 61
180, 64
179, 65
179, 68
178, 69
178, 73
177, 74
177, 78
176, 79
176, 80
175, 81
175, 82
174, 83
174, 84
173, 85
173, 86
171, 88
171, 89
170, 90
170, 91
168, 93
168, 94
167, 95
166, 94
166, 91
167, 90
167, 88
168, 87
168, 85
169, 84
169, 82
170, 81
170, 79
171, 78
171, 76
172, 75
172, 73
173, 72
173, 70
174, 69
174, 68
175, 67
175, 65
176, 64
176, 62
177, 61
177, 60
178, 59
178, 58
179, 57
179, 56
180, 55
180, 54
181, 53
181, 52
191, 43
192, 43
193, 44
192, 45
192, 50
191, 51
191, 55
190, 56
190, 58
189, 59
189, 60
187, 62
187, 63
186, 64
186, 65
184, 67
184, 68
181, 71
180, 70
180, 69
181, 68
181, 65
182, 64
182, 61
183, 60
183, 58
184, 57
184, 56
185, 55
185, 53
186, 52
186, 51
187, 50
187, 49
188, 48
188, 47
189, 46
189, 45
192, 33
193, 33
194, 34
194, 37
191, 40
190, 40
189, 41
188, 41
187, 40
188, 39
188, 38
190, 36
190, 35
222, 19
223, 20
223, 24
222, 25
222, 27
221, 28
221, 30
220, 31
220, 33
219, 34
219, 36
218, 37
218, 39
217, 40
217, 42
216, 43
216, 44
215, 45
215, 47
214, 48
214, 49
213, 50
213, 52
212, 53
212, 54
211, 55
211, 57
210, 58
210, 59
209, 60
209, 62
208, 63
208, 64
207, 65
207, 67
206, 68
206, 69
205, 70
205, 71
204, 72
204, 74
203, 75
203, 76
202, 77
202, 79
201, 80
201, 81
200, 82
200, 84
199, 85
199, 86
198, 87
198, 88
197, 89
197, 91
196, 92
196, 93
195, 94
195, 96
194, 97
194, 98
193, 99
193, 100
192, 101
192, 103
191, 104
191, 105
190, 106
190, 108
189, 109
189, 110
188, 111
188, 112
187, 113
187, 114
186, 115
185, 115
183, 113
183, 112
182, 111
182, 109
181, 108
181, 106
180, 105
180, 97
181, 96
181, 94
182, 93
182, 92
183, 91
183, 89
184, 88
184, 86
185, 85
185, 83
186, 82
186, 80
187, 79
187, 77
188, 76
188, 73
189, 72
189, 69
190, 68
190, 65
191, 64
191, 62
192, 61
192, 59
193, 58
193, 57
194, 56
194, 55
195, 54
195, 53
197, 51
197, 50
199, 48
199, 47
201, 45
201, 44
203, 42
203, 41
206, 38
206, 37
208, 35
208, 34
212, 30
212, 29
