250, 2
252, 367
4, 369
2, 4
90, 16
89, 17
86, 17
85, 18
84, 18
83, 19
82, 19
81, 20
80, 20
79, 21
78, 21
75, 24
74, 24
66, 32
66, 33
63, 36
63, 37
61, 39
61, 40
59, 42
59, 43
58, 44
58, 45
56, 47
56, 48
55, 49
55, 50
54, 51
54, 52
53, 53
53, 54
52, 55
52, 56
51, 57
51, 58
50, 59
50, 61
49, 62
49, 63
48, 64
48, 65
47, 66
47, 68
46, 69
46, 70
45, 71
45, 73
44, 74
44, 76
43, 77
43, 78
42, 79
42, 81
41, 82
41, 84
40, 85
40, 87
39, 88
39, 90
38, 91
38, 93
37, 94
37, 97
36, 98
36, 101
35, 102
35, 104
34, 105
34, 108
33, 109
33, 112
32, 113
32, 116
31, 117
31, 120
30, 121
30, 124
29, 125
29, 128
28, 129
28, 132
27, 133
27, 137
26, 138
26, 142
25, 143
25, 147
24, 148
24, 152
23, 153
23, 158
22, 159
22, 166
21, 167
21, 175
20, 176
20, 190
19, 191
19, 194
18, 195
18, 198
17, 199
17, 201
16, 202
16, 205
15, 206
15, 209
14, 210
14, 212
13, 213
13, 216
12, 217
12, 219
11, 220
11, 223
14, 223
14, 222
15, 221
15, 220
16, 219
16, 218
17, 217
17, 215
19, 213
20, 214
20, 215
21, 216
21, 221
22, 222
22, 226
23, 227
23, 230
24, 231
24, 233
25, 234
25, 236
26, 237
26, 238
27, 239
27, 240
28, 241
28, 242
29, 243
29, 244
30, 245
30, 246
31, 247
31, 248
34, 251
34, 252
38, 256
38, 257
40, 259
41, 259
45, 263
46, 263
47, 264
48, 264
49, 265
50, 265
51, 266
54, 266
55, 267
65, 267
66, 266
69, 266
70, 265
71, 265
72, 264
73, 264
74, 263
75, 263
76, 262
77, 262
80, 259
81, 259
88, 252
89, 252
96, 245
97, 245
100, 242
101, 242
102, 241
103, 241
104, 240
106, 240
107, 239
113, 239
114, 238
122, 238
123, 237
127, 237
128, 236
131, 236
132, 235
134, 235
135, 234
136, 234
137, 233
138, 233
139, 232
140, 232
141, 231
142, 231
143, 230
144, 230
145, 229
146, 229
148, 227
149, 227
151, 225
152, 225
154, 223
155, 223
158, 220
159, 220
161, 222
161, 223
162, 224
162, 225
165, 228
166, 228
167, 229
171, 229
172, 230
172, 233
151, 254
151, 255
143, 263
143, 264
140, 267
140, 268
137, 271
137, 272
134, 275
134, 276
131, 279
131, 280
129, 282
129, 283
128, 284
128, 285
126, 287
126, 288
125, 289
125, 290
123, 292
123, 293
122, 294
122, 295
121, 296
121, 297
120, 298
120, 299
119, 300
119, 301
118, 302
118, 303
117, 304
117, 305
116, 306
116, 308
115, 309
115, 310
114, 311
114, 313
113, 314
113, 316
112, 317
112, 319
111, 320
111, 324
110, 325
110, 333
109, 334
109, 336
110, 337
110, 343
111, 344
111, 347
112, 348
112, 349
117, 354
123, 354
124, 353
125, 353
132, 346
132, 345
135, 342
135, 341
136, 340
136, 339
138, 337
138, 336
139, 335
139, 334
140, 333
140, 332
141, 331
141, 330
142, 329
142, 328
143, 327
143, 326
144, 325
144, 323
145, 322
145, 321
146, 320
146, 319
147, 318
147, 316
148, 315
148, 314
149, 313
149, 311
150, 310
150, 308
151, 307
151, 305
152, 304
152, 302
153, 301
153, 299
154, 298
154, 296
155, 295
155, 294
156, 293
156, 291
157, 290
157, 288
158, 287
158, 285
159, 284
159, 282
160, 281
160, 279
161, 278
161, 276
162, 275
162, 272
163, 271
163, 269
164, 268
164, 266
165, 265
165, 263
166, 262
166, 260
167, 259
167, 256
168, 255
168, 253
169, 252
169, 250
170, 249
170, 247
171, 246
171, 244
172, 243
172, 241
173, 240
173, 238
174, 237
174, 236
186, 224
187, 224
192, 219
193, 219
198, 214
199, 214
206, 207
207, 207
214, 200
215, 200
219, 196
220, 196
225, 191
226, 191
229, 188
230, 188
232, 186
233, 186
235, 184
236, 184
238, 182
239, 182
242, 179
241, 178
239, 178
237, 180
236, 180
234, 182
233, 182
231, 184
230, 184
228, 186
227, 186
225, 188
224, 188
220, 192
219, 192
214, 197
213, 197
208, 202
207, 202
200, 209
199, 209
198, 208
199, 207
199, 206
200, 205
200, 203
201, 202
201, 201
202, 200
202, 198
203, 197
203, 194
204, 193
204, 190
205, 189
205, 184
206, 183
206, 172
205, 171
205, 170
203, 168
201, 168
200, 169
199, 169
198, 170
197, 169
197, 168
196, 167
196, 165
195, 164
195, 163
194, 163
193, 162
189, 162
188, 163
186, 163
185, 164
184, 164
183, 165
182, 165
180, 167
179, 167
171, 175
171, 176
168, 179
168, 180
167, 181
167, 182
165, 184
165, 185
164, 186
164, 187
163, 188
163, 190
162, 191
162, 193
161, 194
161, 196
160, 197
160, 201
159, 202
159, 215
154, 220
153, 220
151, 222
150, 222
148, 224
147, 224
145, 226
144, 226
142, 228
141, 228
140, 229
139, 229
138, 230
137, 230
136, 231
135, 231
134, 232
132, 232
131, 233
129, 233
128, 234
124, 234
123, 235
115, 235
114, 236
108, 236
107, 237
104, 237
103, 238
101, 238
99, 240
98, 240
96, 242
95, 242
90, 247
89, 247
81, 255
80, 255
76, 259
75, 259
73, 261
72, 261
71, 262
70, 262
69, 263
66, 263
65, 264
54, 264
53, 263
52, 263
51, 262
50, 262
49, 261
48, 261
47, 260
46, 260
37, 251
37, 250
34, 247
34, 246
33, 245
33, 244
31, 242
31, 241
30, 240
30, 239
29, 238
29, 236
28, 235
28, 234
27, 233
27, 231
26, 230
26, 227
25, 226
25, 222
24, 221
24, 216
23, 215
23, 202
24, 201
24, 200
25, 199
25, 198
26, 197
26, 196
27, 195
27, 194
29, 192
29, 191
30, 190
30, 189
32, 187
32, 186
33, 185
33, 184
34, 183
34, 182
36, 180
36, 179
37, 178
37, 177
39, 175
39, 174
40, 173
40, 172
42, 170
42, 169
44, 167
44, 166
45, 165
45, 164
47, 162
47, 161
50, 158
50, 157
52, 155
52, 154
55, 151
55, 150
58, 147
58, 146
61, 143
61, 142
66, 137
66, 136
73, 132
71, 134
71, 135
69, 137
69, 138
67, 140
67, 141
65, 143
65, 144
63, 146
63, 147
61, 149
61, 150
60, 151
60, 152
59, 153
59, 154
57, 156
57, 157
56, 158
56, 159
55, 160
55, 162
54, 163
54, 164
53, 165
53, 166
52, 167
52, 169
51, 170
51, 172
50, 173
50, 175
49, 176
49, 180
48, 181
48, 197
49, 198
49, 201
50, 202
50, 204
51, 205
51, 206
52, 207
52, 209
53, 210
53, 211
54, 212
54, 213
55, 214
55, 215
56, 216
56, 217
58, 219
59, 219
60, 220
67, 220
68, 219
69, 219
70, 218
71, 218
72, 217
73, 217
74, 216
75, 216
76, 215
77, 215
78, 214
79, 214
81, 212
82, 212
84, 210
85, 210
89, 206
90, 206
96, 200
97, 200
101, 196
101, 195
109, 187
109, 186
117, 178
117, 177
124, 170
124, 169
129, 164
129, 163
133, 159
133, 158
136, 155
136, 154
138, 152
138, 151
140, 149
140, 148
142, 146
142, 145
144, 143
144, 142
145, 141
145, 140
146, 139
146, 138
147, 137
147, 136
148, 135
148, 134
149, 133
149, 132
151, 130
151, 128
152, 127
152, 126
153, 125
153, 124
154, 123
154, 122
155, 121
155, 119
156, 118
156, 117
157, 116
157, 114
158, 113
158, 111
159, 110
159, 107
160, 106
160, 102
161, 101
161, 96
162, 95
162, 70
161, 69
161, 65
160, 64
160, 61
159, 60
159, 57
158, 56
158, 55
157, 54
157, 53
156, 52
156, 51
155, 50
155, 49
154, 48
154, 47
153, 46
153, 45
151, 43
151, 42
149, 40
149, 39
139, 29
138, 29
136, 27
135, 27
133, 25
132, 25
131, 24
130, 24
129, 23
128, 23
127, 22
126, 22
125, 21
124, 21
123, 20
121, 20
120, 19
118, 19
117, 18
115, 18
114, 17
110, 17
109, 16
166, 243
167, 243
168, 244
168, 246
167, 247
167, 249
166, 250
166, 252
165, 253
165, 255
164, 256
164, 259
163, 260
163, 262
162, 263
162, 265
161, 266
161, 268
160, 269
160, 271
159, 272
159, 274
158, 275
158, 278
157, 279
157, 281
156, 282
156, 284
155, 285
155, 287
154, 288
154, 289
153, 290
153, 292
152, 293
152, 295
151, 296
151, 298
150, 299
150, 301
149, 302
149, 304
148, 305
148, 307
147, 308
147, 310
146, 311
146, 312
145, 313
145, 315
144, 316
144, 317
143, 318
143, 320
142, 321
142, 322
141, 323
141, 324
140, 325
140, 326
139, 327
139, 328
138, 329
138, 330
137, 331
137, 332
136, 333
136, 334
135, 335
135, 336
134, 337
134, 338
132, 340
132, 341
129, 344
129, 345
124, 350
123, 350
122, 351
118, 351
115, 348
115, 347
114, 346
114, 345
113, 344
113, 339
112, 338
112, 331
113, 330
113, 324
114, 323
114, 320
115, 319
115, 317
116, 316
116, 314
117, 313
117, 311
118, 310
118, 309
119, 308
119, 307
120, 306
120, 305
121, 304
121, 303
122, 302
122, 300
123, 299
123, 298
124, 297
124, 296
126, 294
126, 293
127, 292
127, 291
129, 289
129, 288
130, 287
130, 286
132, 284
132, 283
134, 281
134, 280
137, 277
137, 276
140, 273
140, 272
143, 269
143, 268
148, 263
148, 262
155, 255
155, 254
184, 197
184, 199
183, 200
183, 201
182, 202
182, 204
181, 205
181, 207
180, 208
180, 209
179, 210
179, 212
178, 213
178, 215
177, 216
177, 218
176, 219
176, 221
175, 222
173, 226
168, 226
167, 225
165, 224
165, 223
164, 222
164, 221
163, 220
164, 215
165, 215
180, 200
180, 199
201, 172
202, 172
203, 173
203, 184
202, 185
202, 189
201, 190
201, 193
200, 194
200, 197
199, 198
199, 199
198, 200
198, 202
197, 203
197, 204
196, 205
196, 206
195, 207
195, 208
193, 210
193, 211
185, 219
184, 219
181, 222
180, 222
179, 221
179, 219
180, 218
180, 216
181, 215
181, 213
182, 212
182, 211
183, 210
183, 208
184, 207
184, 205
185, 204
185, 203
186, 202
186, 200
187, 199
187, 198
188, 197
188, 195
189, 194
189, 193
190, 192
190, 191
191, 190
191, 188
192, 187
192, 186
193, 185
193, 184
194, 183
194, 182
195, 181
195, 180
196, 179
196, 178
198, 176
198, 175
188, 166
189, 165
192, 165
193, 166
193, 167
194, 168
194, 170
193, 171
193, 174
192, 175
192, 176
191, 177
191, 178
190, 179
190, 180
189, 181
189, 182
188, 183
188, 184
186, 186
186, 187
184, 189
184, 190
181, 193
181, 194
174, 201
174, 202
166, 210
165, 210
163, 212
162, 211
162, 201
163, 200
163, 197
164, 196
164, 194
165, 193
165, 191
166, 190
166, 189
167, 188
167, 187
168, 186
168, 185
169, 184
169, 183
171, 181
171, 180
175, 176
175, 175
179, 171
180, 171
183, 168
184, 168
186, 166
96, 19
97, 18
101, 18
102, 19
110, 19
111, 20
114, 20
115, 21
117, 21
118, 22
120, 22
121, 23
122, 23
123, 24
124, 24
125, 25
127, 25
128, 26
129, 26
131, 28
132, 28
133, 29
134, 29
137, 32
138, 32
146, 40
146, 41
149, 44
149, 45
150, 46
150, 47
152, 49
152, 50
153, 51
153, 52
154, 53
154, 54
155, 55
155, 57
156, 58
156, 60
157, 61
157, 63
158, 64
158, 69
159, 70
159, 80
160, 81
160, 83
159, 84
159, 96
158, 97
158, 102
157, 103
157, 106
156, 107
156, 110
155, 111
155, 113
154, 114
154, 115
153, 116
153, 118
152, 119
152, 120
151, 121
151, 123
150, 124
150, 125
149, 126
149, 127
148, 128
148, 129
147, 130
147, 131
146, 132
146, 133
145, 134
145, 135
143, 137
143, 138
142, 139
142, 140
141, 141
141, 142
139, 144
139, 145
138, 146
138, 147
135, 150
135, 151
133, 153
133, 154
129, 158
129, 159
125, 163
125, 164
119, 170
119, 171
112, 178
112, 179
105, 186
105, 187
89, 203
88, 203
85, 206
84, 206
81, 209
80, 209
78, 211
77, 211
75, 213
74, 213
73, 214
72, 214
71, 215
70, 215
69, 216
67, 216
66, 217
64, 217
63, 218
62, 217
60, 217
59, 216
59, 215
57, 213
57, 212
56, 211
56, 209
55, 208
55, 207
54, 206
54, 204
53, 203
53, 201
52, 200
52, 198
51, 197
51, 192
50, 191
50, 188
51, 187
51, 180
52, 179
52, 176
53, 175
53, 173
54, 172
54, 170
55, 169
55, 168
56, 167
56, 165
57, 164
57, 163
58, 162
58, 161
59, 160
59, 159
60, 158
60, 157
61, 156
61, 155
63, 153
63, 152
64, 151
64, 150
66, 148
66, 147
68, 145
68, 144
70, 142
70, 141
71, 140
71, 139
74, 136
74, 135
76, 133
76, 132
78, 130
78, 129
81, 126
81, 125
84, 122
84, 121
88, 117
88, 116
92, 112
92, 111
95, 108
95, 107
108, 94
109, 94
121, 82
121, 80
120, 79
119, 79
118, 80
117, 80
114, 83
113, 83
104, 92
103, 92
80, 115
80, 116
74, 122
74, 123
67, 130
67, 131
62, 136
62, 137
58, 141
58, 142
55, 145
55, 146
52, 149
52, 150
49, 153
49, 154
47, 156
47, 157
45, 159
45, 160
43, 162
43, 163
41, 165
41, 166
39, 168
39, 169
38, 170
38, 171
36, 173
36, 174
34, 176
34, 177
33, 178
33, 179
32, 180
32, 181
30, 183
30, 184
29, 185
29, 186
28, 187
28, 188
26, 190
26, 191
25, 192
25, 193
24, 194
23, 194
22, 193
23, 192
23, 189
24, 188
24, 186
25, 185
25, 182
26, 181
26, 179
27, 178
27, 176
28, 175
28, 172
29, 171
29, 169
30, 168
30, 166
31, 165
31, 162
32, 161
32, 159
33, 158
33, 156
34, 155
34, 153
35, 152
35, 149
36, 148
36, 146
37, 145
37, 143
38, 142
38, 139
39, 138
39, 136
40, 135
40, 133
41, 132
41, 130
42, 129
42, 126
43, 125
43, 123
44, 122
44, 120
45, 119
45, 116
46, 115
46, 112
47, 111
47, 108
48, 107
48, 105
49, 104
49, 101
50, 100
50, 97
51, 96
51, 93
52, 92
52, 90
53, 89
53, 86
54, 85
54, 82
55, 81
55, 79
56, 78
56, 77
57, 76
57, 75
58, 74
58, 69
59, 68
59, 61
57, 61
57, 62
56, 63
56, 69
55, 70
55, 73
52, 76
52, 78
51, 79
51, 85
50, 86
50, 89
49, 90
49, 92
48, 93
48, 96
47, 97
47, 100
46, 101
46, 104
45, 105
45, 107
44, 108
44, 111
43, 112
43, 115
42, 116
42, 119
41, 120
41, 122
40, 123
40, 125
39, 126
39, 128
38, 129
38, 132
37, 133
37, 135
36, 136
36, 138
35, 139
35, 142
34, 143
34, 145
33, 146
33, 148
32, 149
32, 152
31, 153
31, 155
30, 156
30, 158
29, 159
29, 161
28, 162
28, 165
27, 166
27, 168
26, 169
26, 171
25, 172
24, 171
24, 166
25, 165
25, 159
26, 158
26, 153
27, 152
27, 147
28, 146
28, 142
29, 141
29, 138
30, 137
30, 133
31, 132
31, 129
32, 128
32, 125
33, 124
33, 120
34, 119
34, 117
35, 116
35, 113
36, 112
36, 109
37, 108
37, 105
38, 104
38, 102
39, 101
39, 98
40, 97
40, 95
41, 94
41, 92
42, 91
42, 89
43, 88
43, 85
44, 84
44, 83
45, 82
45, 80
46, 79
46, 77
47, 76
47, 74
48, 73
48, 71
49, 70
49, 69
50, 68
50, 67
51, 66
51, 64
52, 63
52, 62
53, 61
53, 60
54, 59
54, 58
55, 57
55, 56
56, 55
56, 54
57, 53
57, 52
58, 51
58, 50
59, 49
59, 48
60, 47
60, 46
62, 44
62, 43
63, 42
63, 41
66, 38
66, 37
72, 31
72, 30
74, 28
75, 28
79, 24
80, 24
82, 22
83, 22
84, 21
85, 21
86, 20
89, 20
90, 19
