216, 2
218, 367
4, 369
2, 4
54, 353
70, 353
72, 352
77, 352
29, 316
29, 332
30, 333
30, 335
31, 336
31, 338
32, 339
32, 340
33, 341
33, 342
34, 343
34, 344
38, 348
39, 348
41, 350
43, 350
44, 351
46, 351
47, 352
52, 352
47, 352
46, 351
44, 351
43, 350
42, 350
41, 349
40, 349
33, 342
33, 341
32, 340
32, 339
31, 338
31, 336
30, 335
30, 333
29, 332
30, 312
30, 314
62, 275
61, 276
59, 276
58, 277
56, 277
55, 278
54, 278
53, 279
52, 279
40, 291
40, 292
37, 295
37, 296
36, 297
36, 298
35, 299
35, 300
34, 301
34, 302
33, 303
33, 304
32, 305
32, 307
31, 308
31, 310
31, 308
32, 307
32, 306
33, 305
33, 303
34, 302
34, 301
35, 300
35, 299
36, 298
36, 297
38, 295
38, 294
41, 291
41, 290
51, 280
52, 280
54, 278
55, 278
56, 277
58, 277
59, 276
61, 276
62, 275
77, 275
78, 276
80, 276
78, 276
77, 275
177, 257
177, 259
176, 260
176, 261
175, 262
175, 264
174, 265
174, 267
173, 268
173, 269
172, 270
172, 271
171, 272
171, 274
170, 275
170, 276
169, 277
169, 278
168, 279
168, 280
167, 281
167, 282
166, 283
166, 284
164, 286
164, 287
161, 290
161, 291
142, 310
139, 310
138, 309
137, 309
132, 304
131, 304
128, 301
127, 301
124, 298
123, 298
121, 296
120, 296
118, 294
117, 294
115, 292
114, 292
113, 291
112, 291
110, 289
109, 289
108, 288
107, 288
106, 287
104, 287
103, 286
102, 286
101, 285
100, 285
99, 284
98, 284
97, 283
96, 283
95, 282
94, 282
93, 281
92, 281
91, 280
89, 280
88, 279
87, 279
86, 278
84, 278
83, 277
82, 277
83, 277
84, 278
86, 278
87, 279
88, 279
89, 280
90, 280
91, 281
93, 281
94, 282
95, 282
96, 283
97, 283
98, 284
99, 284
100, 285
101, 285
102, 286
103, 286
104, 287
105, 287
106, 288
107, 288
108, 289
109, 289
110, 290
111, 290
112, 291
113, 291
115, 293
116, 293
118, 295
119, 295
121, 297
122, 297
124, 299
125, 299
128, 302
129, 302
133, 306
134, 306
139, 311
139, 313
138, 314
137, 314
133, 318
132, 318
129, 321
128, 321
126, 323
125, 323
122, 326
121, 326
119, 328
118, 328
116, 330
115, 330
112, 333
111, 333
109, 335
108, 335
105, 338
104, 338
101, 341
100, 341
98, 343
97, 343
95, 345
94, 345
93, 346
92, 346
91, 347
90, 347
89, 348
88, 348
87, 349
85, 349
84, 350
82, 350
81, 351
79, 351
81, 351
82, 350
84, 350
85, 349
87, 349
88, 348
89, 348
90, 347
91, 347
92, 346
93, 346
94, 345
95, 345
96, 344
97, 344
99, 342
100, 342
103, 339
104, 339
107, 336
108, 336
110, 334
111, 334
113, 332
114, 332
117, 329
118, 329
120, 327
121, 327
124, 324
125, 324
127, 322
128, 322
131, 319
132, 319
135, 316
136, 316
139, 313
142, 313
144, 315
145, 315
148, 318
149, 318
152, 321
153, 321
156, 324
157, 324
158, 325
159, 325
160, 326
161, 326
162, 327
163, 327
164, 328
167, 328
168, 329
179, 329
180, 328
183, 328
184, 327
187, 327
188, 326
191, 326
192, 325
194, 325
195, 324
198, 324
199, 323
201, 323
202, 322
204, 322
205, 321
207, 321
205, 321
204, 322
202, 322
201, 323
199, 323
198, 324
195, 324
194, 325
192, 325
191, 326
188, 326
187, 327
184, 327
183, 328
180, 328
179, 329
168, 329
167, 328
164, 328
163, 327
162, 327
161, 326
160, 326
159, 325
158, 325
156, 323
155, 323
152, 320
151, 320
148, 317
147, 317
142, 312
142, 311
143, 310
143, 309
144, 308
145, 308
152, 301
152, 300
163, 289
163, 288
165, 286
165, 285
166, 284
166, 283
167, 282
167, 281
168, 280
168, 279
169, 278
169, 277
170, 276
170, 275
171, 274
171, 273
172, 272
172, 270
173, 269
173, 268
174, 267
174, 265
175, 264
175, 263
176, 262
176, 260
177, 259
178, 253
178, 255
66, 253
76, 253
179, 247
179, 251
143, 242
143, 247
142, 230
142, 240
143, 225
143, 228
145, 216
145, 219
144, 220
144, 223
144, 220
145, 219
146, 212
146, 214
19, 207
19, 209
20, 210
20, 212
21, 213
21, 214
22, 215
22, 217
24, 219
24, 220
25, 221
25, 222
26, 223
26, 224
29, 227
29, 228
43, 242
44, 242
49, 247
50, 247
52, 249
53, 249
54, 250
56, 250
57, 251
59, 251
60, 252
64, 252
60, 252
59, 251
57, 251
56, 250
55, 250
54, 249
53, 249
52, 248
51, 248
48, 245
47, 245
39, 237
38, 237
30, 229
30, 228
27, 225
27, 224
25, 222
25, 221
24, 220
24, 219
23, 218
23, 217
22, 216
22, 215
21, 214
21, 213
20, 212
20, 210
19, 209
18, 203
18, 205
15, 188
15, 192
16, 193
16, 197
17, 198
17, 201
17, 198
16, 197
16, 193
15, 192
14, 182
14, 186
13, 173
13, 180
167, 168
166, 169
165, 169
159, 175
159, 176
154, 181
154, 182
149, 187
149, 188
146, 191
146, 192
142, 196
142, 197
139, 200
139, 201
135, 205
135, 206
131, 210
131, 211
127, 215
127, 216
123, 220
123, 221
120, 224
120, 225
113, 232
113, 233
103, 243
102, 243
98, 247
97, 247
96, 248
95, 248
93, 250
91, 250
90, 251
88, 251
87, 252
78, 252
87, 252
88, 251
90, 251
91, 250
93, 250
94, 249
95, 249
96, 248
97, 248
100, 245
101, 245
117, 229
117, 228
121, 224
121, 223
125, 219
125, 218
129, 214
129, 213
133, 209
133, 208
137, 204
137, 203
140, 200
140, 199
144, 195
144, 194
147, 191
147, 190
151, 186
151, 185
156, 180
157, 181
157, 183
156, 184
156, 186
155, 187
155, 188
154, 189
154, 190
153, 191
153, 192
152, 193
152, 195
151, 196
151, 198
150, 199
150, 200
149, 201
149, 203
148, 204
148, 206
147, 207
147, 210
147, 207
148, 206
148, 204
149, 203
149, 201
150, 200
150, 199
151, 198
151, 196
152, 195
152, 193
153, 192
153, 191
154, 190
154, 189
155, 188
155, 187
156, 186
156, 185
157, 184
157, 183
158, 182
158, 181
159, 180
159, 179
162, 176
162, 175
166, 171
167, 171
168, 170
169, 170
170, 169
171, 170
173, 170
176, 173
176, 174
177, 175
177, 176
178, 177
178, 178
179, 179
179, 182
180, 183
180, 187
181, 188
181, 192
182, 193
182, 199
183, 200
183, 210
182, 211
182, 221
181, 222
181, 226
180, 227
180, 232
179, 233
179, 235
178, 236
178, 237
177, 238
177, 239
175, 241
175, 242
173, 244
173, 245
170, 248
170, 249
167, 252
167, 253
162, 258
161, 258
160, 259
159, 259
158, 260
153, 260
152, 259
151, 259
150, 258
149, 258
146, 255
146, 254
145, 253
145, 252
144, 251
144, 249
144, 251
145, 252
145, 253
146, 254
146, 256
147, 257
148, 257
150, 259
151, 259
152, 260
159, 260
160, 259
161, 259
169, 251
169, 250
171, 248
171, 247
174, 244
174, 243
176, 241
176, 240
178, 238
179, 238
180, 239
180, 245
180, 238
181, 237
181, 233
182, 232
182, 227
183, 226
183, 222
184, 221
184, 214
185, 213
185, 207
186, 206
186, 203
187, 202
187, 193
188, 192
188, 191
187, 190
187, 189
184, 186
184, 184
183, 183
183, 181
182, 180
182, 179
181, 178
181, 177
180, 176
180, 175
178, 173
178, 172
175, 169
174, 169
173, 168
179, 179
180, 178
183, 181
183, 183
184, 184
184, 186
185, 187
185, 192
184, 193
184, 195
183, 196
182, 195
182, 193
181, 192
181, 188
180, 187
180, 183
179, 182
12, 164
12, 171
54, 161
54, 169
130, 160
130, 162
129, 163
129, 165
128, 166
128, 168
127, 169
127, 171
126, 172
126, 173
125, 174
125, 176
124, 177
124, 178
123, 179
123, 180
122, 181
122, 183
121, 184
121, 185
120, 186
120, 187
119, 188
119, 189
118, 190
118, 191
117, 192
117, 193
116, 194
116, 195
115, 196
115, 197
114, 198
114, 199
112, 201
112, 202
111, 203
111, 204
110, 205
110, 206
109, 207
109, 208
108, 209
108, 210
106, 212
106, 213
104, 215
104, 216
103, 217
103, 218
101, 220
101, 221
98, 224
98, 225
95, 228
94, 228
92, 230
91, 230
92, 230
93, 229
94, 229
100, 223
100, 222
102, 220
102, 219
103, 218
103, 217
105, 215
105, 214
107, 212
107, 211
108, 210
108, 209
109, 208
109, 207
110, 206
110, 205
112, 203
112, 202
113, 201
113, 200
114, 199
114, 198
115, 197
115, 196
117, 194
117, 192
118, 191
118, 190
119, 189
119, 188
120, 187
120, 186
121, 185
121, 184
122, 183
122, 181
123, 180
123, 179
124, 178
124, 177
125, 176
125, 174
126, 173
126, 172
127, 171
127, 169
128, 168
128, 166
129, 165
129, 163
130, 162
132, 153
132, 155
131, 156
131, 158
131, 156
132, 155
55, 151
55, 159
133, 149
133, 151
134, 145
134, 147
56, 141
56, 149
135, 140
135, 143
136, 135
136, 138
57, 129
57, 139
137, 128
137, 133
11, 122
11, 162
138, 119
138, 126
58, 115
58, 126
12, 112
12, 120
139, 107
139, 117
59, 100
59, 113
14, 98
14, 103
13, 104
13, 110
13, 104
14, 103
15, 93
15, 96
60, 88
60, 98
16, 88
16, 91
140, 87
140, 105
61, 76
61, 85
102, 73
102, 74
101, 75
101, 76
100, 77
100, 78
99, 79
99, 81
98, 82
98, 83
97, 84
97, 85
96, 86
96, 87
95, 88
95, 89
94, 90
94, 91
93, 92
93, 93
92, 94
92, 95
91, 96
91, 97
90, 98
90, 99
89, 100
89, 101
88, 102
88, 103
86, 105
86, 106
85, 107
85, 108
84, 109
84, 110
83, 111
83, 112
81, 114
81, 115
80, 116
80, 117
79, 118
79, 120
78, 121
78, 122
77, 123
77, 124
76, 125
76, 127
75, 128
75, 129
74, 130
74, 132
73, 133
73, 135
72, 136
72, 137
71, 138
71, 140
70, 141
70, 142
69, 143
69, 145
68, 146
68, 147
67, 148
67, 149
66, 150
66, 152
65, 153
65, 154
64, 155
64, 157
63, 158
63, 159
62, 160
62, 162
61, 163
61, 164
60, 165
60, 167
59, 168
59, 170
58, 171
58, 173
57, 174
57, 175
56, 176
56, 177
54, 179
53, 178
53, 171
53, 179
52, 180
52, 185
51, 186
51, 188
50, 189
50, 194
49, 195
49, 198
48, 199
48, 203
47, 204
47, 215
48, 215
48, 211
49, 210
49, 204
50, 203
50, 199
51, 198
51, 194
52, 193
52, 189
53, 188
53, 186
54, 185
54, 182
55, 181
55, 179
56, 178
56, 177
57, 176
57, 174
59, 172
60, 172
61, 173
61, 177
62, 178
62, 180
63, 181
63, 183
64, 184
64, 186
65, 187
65, 188
66, 189
66, 190
67, 191
67, 193
68, 194
68, 195
69, 196
69, 198
70, 199
70, 200
71, 201
71, 204
72, 205
72, 207
73, 208
73, 209
74, 210
74, 212
75, 213
75, 215
76, 216
76, 218
77, 219
77, 221
78, 222
78, 224
79, 225
79, 226
80, 227
80, 228
82, 230
83, 230
84, 231
89, 231
84, 231
79, 226
79, 225
78, 224
78, 222
77, 221
77, 219
76, 218
76, 216
75, 215
75, 213
74, 212
74, 210
73, 209
73, 208
72, 207
72, 205
71, 204
71, 201
70, 200
70, 199
69, 198
69, 196
68, 195
68, 194
67, 193
67, 191
66, 190
66, 189
65, 188
65, 187
64, 186
64, 184
63, 183
63, 181
62, 180
62, 178
61, 177
61, 169
62, 168
62, 166
63, 165
63, 163
64, 162
64, 161
65, 160
65, 158
66, 157
66, 156
67, 155
67, 153
68, 152
68, 151
69, 150
69, 149
70, 148
70, 146
71, 145
71, 144
72, 143
72, 142
73, 141
73, 140
74, 139
74, 138
75, 137
75, 136
76, 135
76, 134
77, 133
77, 132
78, 131
78, 130
79, 129
79, 128
81, 126
81, 125
82, 124
82, 123
83, 122
83, 121
84, 120
84, 119
85, 118
85, 117
86, 116
86, 115
87, 114
87, 113
88, 112
88, 111
89, 110
89, 109
90, 108
90, 107
91, 106
91, 105
92, 104
92, 103
93, 102
93, 100
94, 99
94, 98
95, 97
95, 96
96, 95
96, 93
97, 92
97, 91
98, 90
98, 88
99, 87
99, 85
100, 84
100, 83
101, 82
101, 80
102, 79
102, 78
103, 77
103, 76
104, 75
104, 73
96, 89
97, 90
97, 91
96, 92
96, 94
95, 95
95, 97
94, 98
94, 99
93, 100
93, 101
92, 102
92, 104
91, 105
91, 106
90, 107
90, 108
89, 109
89, 110
88, 111
88, 112
87, 113
87, 114
86, 115
86, 116
85, 117
85, 118
84, 119
84, 120
82, 122
82, 123
81, 124
81, 125
80, 126
80, 127
79, 128
79, 129
77, 131
77, 132
75, 134
74, 133
74, 131
75, 130
75, 128
76, 127
76, 126
77, 125
77, 123
78, 122
78, 121
79, 120
79, 119
80, 118
80, 116
82, 114
82, 113
83, 112
83, 111
84, 110
84, 109
85, 108
85, 107
87, 105
87, 104
88, 103
88, 102
90, 100
90, 99
91, 98
91, 97
92, 96
92, 95
93, 94
93, 93
94, 92
94, 91
20, 73
20, 75
19, 76
19, 78
18, 79
18, 82
17, 83
17, 86
17, 83
18, 82
18, 79
19, 78
19, 76
20, 75
140, 65
140, 73
62, 65
62, 74
63, 56
63, 63
64, 48
64, 54
65, 42
65, 46
66, 34
65, 35
65, 38
66, 39
66, 40
66, 39
67, 38
67, 34
107, 19
108, 19
109, 20
111, 20
112, 21
113, 21
115, 23
116, 23
117, 24
118, 24
122, 28
123, 28
128, 33
128, 34
130, 36
130, 37
132, 39
132, 40
133, 41
133, 42
134, 43
134, 44
135, 45
135, 47
136, 48
136, 50
137, 51
137, 53
138, 54
138, 57
139, 58
139, 63
139, 58
138, 57
138, 54
137, 53
137, 51
136, 50
136, 48
135, 47
135, 45
134, 44
134, 43
133, 42
133, 41
132, 40
132, 39
131, 38
131, 37
129, 35
129, 34
121, 26
120, 26
118, 24
117, 24
115, 22
114, 22
113, 21
112, 21
111, 20
110, 20
109, 19
81, 18
80, 19
77, 19
76, 20
74, 20
73, 21
70, 21
69, 22
67, 22
66, 23
63, 23
62, 24
60, 24
59, 25
57, 25
56, 26
55, 26
54, 27
52, 27
50, 29
49, 29
47, 31
46, 31
39, 38
39, 39
35, 43
35, 44
33, 46
33, 47
30, 50
30, 51
29, 52
29, 53
28, 54
28, 55
27, 56
27, 57
26, 58
26, 59
25, 60
25, 61
24, 62
24, 63
23, 64
23, 66
22, 67
22, 68
21, 69
21, 71
21, 69
22, 68
22, 67
23, 66
23, 64
24, 63
24, 62
25, 61
25, 60
26, 59
26, 58
27, 57
27, 56
28, 55
28, 54
29, 53
29, 52
31, 50
31, 49
34, 46
34, 45
36, 43
36, 42
49, 29
50, 29
51, 28
52, 28
53, 27
54, 27
55, 26
57, 26
58, 25
59, 25
60, 24
62, 24
63, 23
66, 23
67, 22
69, 22
70, 21
73, 21
74, 20
76, 20
77, 19
80, 19
81, 18
86, 18
88, 17
101, 17
102, 18
105, 18
102, 18
101, 17
