25, 371
27, 373
27, 375
29, 375
29, 373
31, 371
78, 371
80, 373
80, 375
82, 375
82, 373
84, 371
132, 371
134, 373
134, 375
136, 375
136, 373
138, 371
186, 371
188, 373
188, 375
190, 373
192, 371
194, 371
190, 2
192, 367
4, 369
2, 4
69, 16
68, 17
66, 17
65, 18
64, 18
62, 20
61, 20
57, 24
55, 24
53, 26
53, 28
52, 29
52, 30
51, 31
51, 32
48, 35
48, 36
45, 39
45, 40
43, 42
43, 43
41, 45
41, 46
40, 47
40, 48
38, 50
38, 51
37, 52
37, 53
36, 54
36, 55
35, 56
35, 57
34, 58
34, 59
33, 60
33, 61
32, 62
32, 63
31, 64
31, 66
30, 67
30, 68
29, 69
29, 71
28, 72
28, 73
27, 74
27, 76
26, 77
26, 79
25, 80
25, 82
24, 83
24, 85
23, 86
23, 88
22, 89
22, 92
21, 93
21, 95
20, 96
20, 99
19, 100
19, 103
18, 104
18, 107
17, 108
17, 111
16, 112
16, 115
15, 116
15, 120
14, 121
14, 124
13, 125
13, 130
12, 131
12, 136
11, 137
11, 143
10, 144
10, 153
9, 154
9, 194
10, 195
10, 203
11, 204
11, 209
12, 210
12, 215
13, 216
13, 220
14, 221
14, 225
15, 226
15, 228
16, 229
16, 231
17, 232
17, 234
18, 235
18, 236
19, 237
19, 238
20, 239
20, 240
21, 241
21, 242
23, 244
23, 245
29, 251
30, 251
31, 252
32, 252
33, 253
34, 253
35, 254
45, 254
46, 253
49, 253
50, 252
51, 252
52, 251
53, 251
54, 250
55, 250
57, 248
58, 248
61, 245
62, 245
112, 195
112, 194
118, 188
119, 188
120, 189
119, 190
119, 192
118, 193
118, 194
117, 195
117, 196
116, 197
116, 199
115, 200
115, 201
114, 202
114, 204
113, 205
113, 207
112, 208
112, 210
111, 211
111, 214
110, 215
110, 217
109, 218
109, 221
108, 222
108, 226
107, 227
107, 231
106, 232
106, 247
107, 248
107, 250
108, 251
108, 252
109, 253
109, 254
113, 258
115, 258
116, 259
118, 259
119, 258
121, 258
122, 257
123, 257
124, 256
125, 256
132, 249
132, 248
136, 244
136, 243
138, 241
138, 240
140, 243
139, 244
139, 246
138, 247
138, 249
137, 250
137, 252
136, 253
136, 255
135, 256
135, 257
134, 258
134, 260
133, 261
133, 263
132, 264
132, 266
131, 267
131, 268
130, 269
130, 271
129, 272
129, 273
128, 274
128, 275
127, 276
127, 278
126, 279
126, 280
125, 281
125, 283
124, 284
124, 285
123, 286
123, 288
122, 289
122, 290
120, 292
118, 292
117, 291
115, 291
114, 290
112, 290
111, 289
109, 289
108, 288
106, 288
105, 287
103, 287
102, 286
100, 286
99, 285
97, 285
96, 284
93, 284
92, 283
87, 283
86, 282
79, 282
78, 281
61, 281
60, 282
57, 282
56, 283
53, 283
52, 284
50, 284
49, 285
47, 285
46, 286
45, 286
44, 287
43, 287
42, 288
41, 288
40, 289
39, 289
37, 291
36, 291
33, 294
33, 295
31, 297
31, 298
30, 299
30, 301
29, 302
29, 305
28, 306
28, 323
29, 324
29, 328
30, 329
30, 332
31, 333
31, 335
32, 336
32, 337
33, 338
33, 339
34, 340
34, 341
35, 342
35, 343
37, 345
37, 346
40, 349
41, 349
43, 351
44, 351
45, 352
47, 352
48, 353
52, 353
53, 354
61, 354
62, 353
65, 353
66, 352
68, 352
69, 351
71, 351
72, 350
73, 350
74, 349
75, 349
76, 348
77, 348
79, 346
80, 346
83, 343
84, 343
87, 340
88, 340
104, 324
104, 323
107, 320
107, 319
109, 317
109, 316
111, 314
111, 313
113, 311
113, 310
115, 308
115, 307
116, 306
116, 305
117, 304
117, 303
119, 301
119, 300
120, 299
120, 298
122, 296
123, 296
124, 297
125, 297
126, 298
127, 298
128, 299
129, 299
131, 301
132, 301
133, 302
134, 302
135, 303
136, 303
138, 305
139, 305
140, 306
141, 306
142, 307
143, 307
144, 308
145, 308
146, 309
148, 309
149, 310
152, 310
153, 311
156, 311
157, 312
164, 312
165, 313
178, 313
179, 314
182, 314
183, 315
184, 314
182, 312
179, 312
178, 311
165, 311
164, 310
157, 310
156, 309
153, 309
152, 308
149, 308
148, 307
147, 307
146, 306
144, 306
143, 305
142, 305
140, 303
139, 303
138, 302
137, 302
136, 301
135, 301
133, 299
132, 299
131, 298
130, 298
129, 297
128, 297
127, 296
126, 296
125, 295
124, 295
123, 294
123, 291
124, 290
124, 289
125, 288
125, 287
126, 286
126, 284
127, 283
127, 281
128, 280
128, 279
129, 278
129, 277
130, 276
130, 274
131, 273
131, 272
132, 271
132, 269
133, 268
133, 267
134, 266
134, 264
135, 263
135, 261
136, 260
136, 259
137, 258
137, 256
138, 255
138, 253
139, 252
139, 250
140, 249
140, 247
141, 246
141, 244
142, 243
142, 241
143, 240
143, 237
144, 236
144, 233
145, 232
145, 229
146, 228
146, 226
147, 225
147, 223
148, 222
148, 220
149, 219
149, 217
150, 216
150, 214
151, 213
151, 210
152, 209
152, 207
151, 206
150, 206
149, 207
149, 208
148, 209
148, 212
147, 213
147, 215
146, 216
146, 219
145, 220
145, 223
144, 224
144, 225
143, 226
143, 228
142, 229
142, 230
141, 231
141, 232
139, 234
139, 235
138, 236
138, 237
136, 239
136, 240
134, 242
134, 243
131, 246
131, 247
123, 255
122, 255
121, 256
119, 256
118, 257
116, 257
115, 256
114, 256
110, 252
110, 251
109, 250
109, 248
108, 247
108, 232
109, 231
109, 226
110, 225
110, 222
111, 221
111, 218
112, 217
112, 215
113, 214
113, 211
114, 210
114, 208
115, 207
115, 205
116, 204
116, 202
117, 201
117, 200
118, 199
118, 198
119, 197
119, 195
120, 194
120, 193
121, 192
121, 191
122, 190
122, 189
123, 188
123, 187
125, 185
125, 184
130, 179
131, 180
132, 180
142, 190
142, 191
143, 192
143, 193
144, 194
144, 196
145, 197
145, 200
146, 201
146, 202
147, 203
148, 203
149, 202
149, 200
150, 199
150, 192
149, 191
149, 187
148, 186
148, 184
147, 183
147, 182
146, 181
146, 180
143, 177
143, 176
142, 176
140, 174
139, 174
138, 173
135, 173
134, 174
133, 174
132, 175
131, 175
130, 176
129, 176
128, 177
127, 177
118, 186
117, 186
112, 191
112, 192
60, 244
59, 244
56, 247
55, 247
53, 249
52, 249
51, 250
49, 250
48, 251
46, 251
45, 252
35, 252
34, 251
33, 251
31, 249
30, 249
24, 243
24, 242
22, 240
22, 239
21, 238
21, 237
20, 236
20, 235
19, 234
19, 232
18, 231
18, 229
17, 228
17, 226
16, 225
16, 221
15, 220
15, 216
14, 215
14, 210
13, 209
13, 204
12, 203
12, 195
11, 194
11, 175
10, 174
11, 173
11, 153
12, 152
12, 144
13, 143
13, 137
14, 136
14, 131
15, 130
15, 125
16, 124
16, 120
17, 119
17, 116
18, 115
18, 112
19, 111
19, 108
20, 107
20, 104
21, 103
21, 100
22, 99
22, 96
23, 95
23, 93
24, 92
24, 89
25, 88
25, 86
26, 85
26, 83
27, 82
27, 80
28, 79
28, 77
29, 76
29, 75
30, 74
30, 72
31, 71
31, 69
32, 68
32, 67
33, 66
33, 65
34, 64
34, 62
35, 61
35, 60
36, 59
36, 58
37, 57
37, 56
38, 55
38, 54
39, 53
39, 52
41, 50
41, 49
42, 48
42, 47
44, 45
44, 44
46, 42
46, 41
50, 37
51, 38
51, 40
50, 41
50, 48
49, 49
49, 58
48, 59
48, 72
47, 73
47, 86
46, 87
46, 100
45, 101
45, 114
44, 115
44, 124
43, 125
43, 134
42, 135
42, 142
41, 143
41, 149
40, 150
40, 157
39, 158
39, 164
38, 165
38, 172
37, 173
37, 178
36, 179
36, 184
35, 185
35, 190
34, 191
34, 197
33, 198
33, 203
32, 204
32, 209
31, 210
31, 215
30, 216
30, 220
29, 221
29, 223
30, 223
31, 224
32, 223
32, 222
33, 221
33, 219
34, 218
34, 215
35, 214
35, 211
36, 210
36, 207
37, 206
37, 203
38, 202
38, 199
39, 198
40, 198
41, 199
44, 199
45, 198
46, 198
47, 199
47, 205
48, 206
48, 226
49, 227
49, 228
50, 229
50, 230
52, 232
60, 232
61, 231
62, 231
63, 230
64, 230
68, 226
68, 225
70, 223
70, 222
71, 221
71, 220
73, 218
73, 217
75, 215
75, 214
77, 212
77, 211
79, 209
79, 208
81, 206
81, 205
82, 204
82, 203
83, 202
83, 201
85, 199
85, 198
86, 197
86, 196
87, 195
87, 194
88, 193
88, 192
90, 190
90, 189
91, 188
91, 187
92, 186
92, 185
93, 184
93, 183
94, 182
94, 180
95, 179
95, 178
96, 177
96, 176
97, 175
97, 173
98, 172
98, 170
99, 169
99, 168
100, 167
100, 165
101, 164
101, 161
102, 160
102, 158
103, 157
103, 154
104, 153
104, 149
105, 148
105, 142
106, 141
106, 136
107, 135
107, 129
108, 128
108, 122
109, 121
109, 115
110, 114
110, 108
111, 107
111, 96
112, 95
112, 70
111, 69
111, 59
110, 58
110, 52
109, 51
109, 47
108, 46
108, 43
107, 42
107, 40
106, 39
106, 37
105, 36
105, 35
104, 34
104, 33
103, 32
103, 31
101, 29
101, 28
99, 26
98, 26
95, 23
94, 23
93, 22
92, 22
91, 21
90, 21
89, 20
87, 20
86, 19
85, 19
84, 18
82, 18
81, 17
78, 17
77, 16
60, 284
61, 283
78, 283
79, 284
86, 284
87, 285
92, 285
93, 286
96, 286
97, 287
99, 287
100, 288
102, 288
103, 289
105, 289
106, 290
108, 290
109, 291
111, 291
112, 292
114, 292
115, 293
116, 293
117, 294
118, 294
119, 296
118, 297
118, 298
117, 299
117, 300
116, 301
116, 302
115, 303
115, 304
113, 306
113, 307
112, 308
112, 309
110, 311
110, 312
108, 314
108, 315
106, 317
106, 318
103, 321
103, 322
96, 329
96, 330
94, 332
93, 332
86, 339
85, 339
82, 342
81, 342
78, 345
77, 345
76, 346
75, 346
72, 348
71, 349
69, 349
68, 350
66, 350
65, 351
62, 351
61, 352
53, 352
52, 351
48, 351
47, 350
45, 350
43, 348
42, 348
38, 344
38, 343
36, 340
35, 339
35, 338
34, 337
34, 336
33, 335
33, 333
32, 332
32, 329
31, 328
31, 324
30, 323
30, 306
31, 305
31, 302
32, 301
32, 299
34, 297
34, 296
38, 292
39, 292
42, 290
43, 289
44, 289
45, 288
46, 288
47, 287
49, 287
50, 286
52, 286
53, 285
56, 285
57, 284
37, 186
39, 188
135, 175
138, 175
140, 177
141, 177
143, 179
143, 180
145, 182
145, 183
146, 184
146, 186
147, 187
147, 191
148, 192
148, 194
147, 195
145, 193
145, 191
143, 189
143, 188
133, 178
133, 177
68, 19
69, 18
77, 18
78, 19
81, 19
82, 20
84, 20
85, 21
86, 21
87, 22
88, 22
89, 23
90, 23
91, 24
92, 24
93, 25
94, 25
96, 27
97, 27
100, 30
100, 31
102, 33
102, 34
103, 35
103, 36
104, 37
104, 39
105, 40
105, 42
106, 43
106, 46
107, 47
107, 51
108, 52
108, 58
109, 59
109, 69
110, 70
110, 96
109, 97
109, 107
108, 108
108, 115
107, 116
107, 122
106, 123
106, 128
105, 129
105, 135
104, 136
104, 142
103, 143
103, 148
102, 149
102, 153
101, 154
101, 157
100, 158
100, 160
99, 161
99, 164
98, 165
98, 167
97, 168
97, 169
96, 170
96, 172
95, 173
95, 174
94, 175
94, 177
93, 178
93, 179
92, 180
92, 181
91, 182
91, 183
90, 184
90, 185
89, 186
89, 187
88, 188
88, 189
87, 190
87, 191
86, 192
86, 193
85, 194
85, 195
83, 197
83, 198
82, 199
82, 200
81, 201
81, 202
79, 204
79, 205
78, 206
78, 207
76, 209
76, 210
74, 212
74, 213
72, 215
72, 216
70, 218
70, 219
69, 220
69, 221
67, 223
67, 224
62, 229
61, 229
60, 230
57, 230
56, 231
55, 230
53, 230
51, 228
51, 226
50, 225
50, 207
49, 206
49, 199
48, 198
48, 196
46, 194
44, 194
42, 196
41, 195
41, 191
42, 190
42, 188
43, 187
43, 185
44, 184
44, 182
45, 181
45, 179
46, 178
46, 176
47, 175
47, 173
48, 172
48, 170
49, 169
49, 168
50, 167
50, 165
51, 164
51, 163
52, 162
52, 160
53, 159
53, 157
54, 156
54, 155
55, 154
55, 152
56, 151
56, 150
57, 149
57, 148
58, 147
58, 146
59, 145
59, 144
60, 143
60, 141
61, 140
61, 138
62, 137
62, 134
63, 133
63, 130
64, 129
64, 126
65, 125
65, 122
66, 121
66, 120
67, 119
67, 117
68, 116
68, 114
69, 113
69, 112
70, 111
70, 109
71, 108
71, 106
72, 105
72, 104
73, 103
73, 101
75, 99
75, 98
76, 97
76, 96
78, 94
78, 93
79, 92
79, 91
80, 90
80, 88
81, 87
81, 85
82, 84
82, 82
83, 81
83, 80
84, 79
84, 78
85, 77
85, 74
83, 74
82, 75
82, 76
81, 77
81, 79
80, 80
80, 82
79, 83
79, 84
78, 85
78, 86
77, 87
77, 89
76, 90
76, 91
75, 92
75, 93
74, 94
74, 95
72, 97
72, 98
70, 100
70, 101
69, 102
69, 103
68, 104
68, 106
67, 107
67, 108
66, 109
66, 111
65, 112
65, 113
64, 114
64, 116
63, 117
63, 119
62, 120
62, 122
61, 123
61, 125
60, 126
60, 127
59, 128
59, 130
58, 131
58, 132
57, 133
57, 135
56, 136
56, 137
55, 138
55, 140
54, 141
54, 142
53, 143
53, 145
52, 146
52, 148
51, 149
51, 150
50, 151
50, 153
49, 154
49, 155
48, 156
48, 158
47, 159
47, 161
46, 162
46, 164
45, 165
45, 167
44, 168
44, 170
43, 171
43, 174
42, 175
42, 177
41, 178
41, 181
40, 182
40, 184
39, 185
38, 184
38, 179
39, 178
39, 172
40, 171
40, 165
41, 164
41, 158
42, 157
42, 150
43, 149
43, 143
44, 142
44, 134
45, 133
45, 124
46, 123
46, 114
47, 113
47, 100
48, 99
48, 86
49, 85
49, 72
50, 71
50, 59
51, 58
51, 49
52, 48
52, 41
53, 40
53, 35
54, 34
54, 32
56, 30
56, 29
57, 28
57, 27
63, 21
64, 21
65, 20
66, 20
67, 19
