254, 2
256, 367
4, 369
2, 4
85, 15
84, 16
78, 16
77, 17
75, 17
74, 18
72, 18
71, 19
70, 19
69, 20
68, 20
67, 21
66, 21
64, 23
63, 23
61, 25
60, 25
58, 27
57, 27
51, 33
50, 33
45, 38
45, 39
37, 47
37, 48
32, 53
32, 54
29, 57
29, 58
27, 60
27, 61
25, 63
25, 64
24, 65
24, 66
22, 68
22, 69
21, 70
21, 72
20, 73
20, 74
19, 75
19, 77
18, 78
18, 80
17, 81
17, 83
16, 84
16, 87
15, 88
15, 91
14, 92
14, 96
13, 97
13, 101
12, 102
12, 108
11, 109
11, 144
12, 145
12, 150
13, 151
13, 155
14, 156
14, 159
15, 160
15, 162
16, 163
16, 166
17, 167
17, 169
18, 170
18, 172
19, 173
19, 174
20, 175
20, 177
21, 178
21, 179
22, 180
22, 181
23, 182
23, 184
24, 185
24, 186
25, 187
25, 188
26, 189
26, 190
27, 191
27, 192
28, 193
28, 194
30, 196
30, 197
31, 198
31, 199
39, 207
40, 207
42, 209
43, 209
45, 211
46, 211
48, 213
49, 213
50, 214
52, 214
53, 215
55, 215
56, 216
60, 216
61, 217
69, 217
70, 216
74, 216
75, 215
77, 215
78, 214
79, 214
80, 213
81, 213
82, 212
83, 212
85, 210
86, 210
89, 207
90, 207
93, 204
94, 204
97, 201
98, 201
102, 197
103, 197
110, 190
111, 190
118, 183
118, 182
127, 173
127, 172
132, 167
132, 166
135, 163
135, 162
139, 158
140, 159
140, 173
141, 174
141, 179
142, 180
142, 184
143, 185
143, 188
144, 189
144, 190
145, 191
145, 193
146, 194
146, 195
148, 197
148, 198
151, 201
152, 201
153, 202
160, 202
161, 201
162, 201
165, 198
166, 198
167, 197
167, 196
172, 191
172, 190
175, 187
175, 186
178, 183
178, 182
180, 180
180, 179
182, 177
182, 176
183, 175
183, 174
186, 171
186, 170
188, 168
188, 167
189, 166
189, 165
190, 164
190, 163
193, 160
194, 161
194, 165
193, 166
193, 183
192, 184
192, 196
190, 198
189, 198
188, 199
187, 199
186, 200
185, 200
183, 202
182, 202
180, 204
179, 204
177, 206
176, 206
174, 208
173, 208
171, 210
170, 210
168, 212
167, 212
164, 215
163, 215
160, 218
159, 218
156, 221
155, 221
151, 225
150, 225
146, 229
145, 229
140, 234
139, 234
115, 258
115, 259
109, 265
109, 266
105, 270
105, 271
101, 275
101, 276
99, 278
99, 279
97, 281
97, 282
95, 284
95, 285
94, 286
94, 287
92, 289
92, 290
91, 291
91, 292
90, 293
90, 294
89, 295
89, 296
88, 297
88, 299
87, 300
87, 302
86, 303
86, 305
85, 306
85, 308
84, 309
84, 315
83, 316
83, 321
84, 322
84, 327
85, 328
85, 329
86, 330
86, 331
87, 332
87, 333
96, 342
97, 342
99, 344
100, 344
102, 346
103, 346
104, 347
106, 347
107, 348
108, 348
109, 349
111, 349
112, 350
114, 350
115, 351
118, 351
119, 352
123, 352
124, 353
130, 353
131, 354
139, 354
140, 355
146, 355
147, 354
152, 354
153, 353
155, 353
156, 352
158, 352
159, 351
160, 351
161, 350
162, 350
164, 348
165, 348
176, 337
176, 336
178, 334
178, 333
180, 331
180, 330
181, 329
181, 327
182, 326
182, 325
183, 324
183, 322
184, 321
184, 319
185, 318
185, 316
186, 315
186, 312
187, 311
187, 307
188, 306
188, 302
189, 301
189, 295
190, 294
190, 286
191, 285
191, 277
192, 276
192, 263
193, 262
193, 247
194, 246
194, 225
195, 224
195, 200
197, 198
198, 198
200, 196
201, 196
202, 195
203, 195
204, 194
205, 194
207, 192
209, 192
210, 191
211, 191
212, 190
213, 190
214, 189
216, 189
217, 188
218, 188
219, 187
220, 187
221, 186
222, 186
223, 185
224, 185
225, 184
226, 184
227, 183
228, 183
229, 182
231, 182
232, 181
234, 181
235, 180
237, 180
238, 179
240, 179
241, 178
244, 178
245, 177
246, 177
246, 175
245, 174
243, 174
242, 175
239, 175
238, 176
236, 176
235, 177
233, 177
232, 178
230, 178
229, 179
227, 179
226, 180
225, 180
224, 181
223, 181
222, 182
221, 182
220, 183
219, 183
218, 184
217, 184
216, 185
215, 185
214, 186
213, 186
212, 187
210, 187
209, 188
208, 188
207, 189
206, 189
205, 190
204, 190
203, 191
202, 191
201, 192
200, 192
199, 193
198, 193
197, 194
196, 193
196, 173
197, 172
197, 157
198, 156
198, 147
199, 146
199, 144
200, 143
200, 141
201, 140
201, 138
202, 137
202, 134
203, 133
203, 130
204, 129
204, 126
205, 125
205, 121
206, 120
206, 118
207, 117
207, 114
208, 113
208, 110
209, 109
209, 106
210, 105
210, 101
211, 100
211, 95
212, 94
212, 84
211, 83
209, 83
206, 86
206, 87
205, 88
205, 89
204, 90
202, 88
202, 86
201, 85
201, 84
199, 82
199, 81
197, 79
197, 78
193, 74
192, 74
190, 72
189, 72
188, 71
186, 71
185, 70
176, 70
175, 71
173, 71
172, 72
171, 72
170, 73
169, 73
168, 74
167, 74
165, 76
164, 76
163, 77
162, 77
161, 78
160, 78
157, 81
157, 82
156, 83
156, 84
155, 85
155, 86
154, 87
154, 88
152, 90
152, 91
151, 92
151, 93
150, 94
150, 96
149, 97
149, 98
148, 99
148, 101
147, 102
147, 104
146, 105
146, 107
145, 108
145, 111
144, 112
144, 116
143, 117
143, 121
142, 122
142, 128
141, 129
141, 138
140, 139
140, 150
139, 151
139, 152
135, 156
135, 157
132, 160
132, 161
129, 164
129, 165
123, 171
123, 172
102, 193
101, 193
96, 198
95, 198
92, 201
91, 201
88, 204
87, 204
84, 207
83, 207
81, 209
80, 209
79, 210
78, 210
77, 211
76, 211
75, 212
73, 212
72, 213
58, 213
57, 212
55, 212
54, 211
52, 211
51, 210
50, 210
48, 208
47, 208
45, 206
44, 206
42, 204
41, 204
34, 197
34, 196
32, 194
32, 193
31, 192
31, 191
30, 190
30, 189
29, 188
29, 187
28, 186
28, 185
27, 184
27, 183
26, 182
26, 181
25, 180
25, 178
24, 177
24, 176
23, 175
23, 173
22, 172
22, 171
21, 170
21, 168
20, 167
20, 165
19, 164
19, 161
18, 160
18, 158
17, 157
17, 154
16, 153
16, 149
15, 148
15, 141
14, 140
14, 113
15, 112
15, 105
16, 104
16, 99
17, 98
17, 94
18, 93
18, 90
19, 89
19, 86
20, 85
20, 83
21, 82
21, 80
22, 79
22, 77
23, 76
23, 74
24, 73
24, 72
25, 71
25, 70
26, 69
26, 68
28, 66
28, 65
30, 63
30, 62
32, 60
32, 59
36, 55
36, 54
41, 49
41, 48
59, 30
60, 30
62, 28
63, 28
66, 25
67, 25
68, 24
69, 24
70, 23
71, 23
72, 22
73, 22
74, 21
76, 21
77, 20
80, 20
81, 19
103, 19
104, 20
105, 20
106, 21
107, 21
108, 22
109, 22
114, 27
114, 28
116, 30
116, 31
117, 32
117, 33
118, 34
118, 35
119, 36
119, 37
120, 38
120, 39
121, 40
121, 42
122, 43
122, 45
123, 46
123, 50
124, 51
124, 58
125, 59
125, 75
124, 76
124, 83
123, 84
123, 88
122, 89
122, 93
121, 94
121, 97
120, 98
120, 100
119, 101
119, 104
118, 105
118, 106
117, 107
117, 109
116, 110
116, 111
115, 112
115, 114
114, 115
114, 116
113, 117
113, 118
111, 120
111, 121
110, 122
110, 123
107, 126
107, 127
105, 129
104, 129
101, 132
100, 132
99, 133
98, 133
97, 134
95, 134
94, 135
82, 135
81, 134
79, 134
78, 133
77, 133
76, 132
75, 132
73, 130
72, 130
66, 124
66, 123
64, 121
64, 119
63, 118
63, 116
64, 115
64, 111
65, 110
65, 106
66, 105
66, 101
67, 100
67, 97
68, 96
68, 92
69, 91
69, 88
70, 87
70, 84
71, 83
71, 81
72, 80
72, 78
73, 77
73, 75
74, 74
74, 72
75, 71
75, 70
76, 69
76, 68
77, 67
77, 66
78, 65
78, 64
79, 63
79, 62
80, 61
80, 60
81, 59
81, 58
82, 57
82, 56
83, 55
83, 53
84, 52
84, 51
85, 50
85, 48
86, 47
86, 43
83, 43
82, 44
82, 45
81, 46
81, 47
80, 48
80, 49
79, 50
79, 51
78, 52
78, 53
77, 54
77, 55
76, 56
76, 58
75, 59
75, 60
74, 61
74, 63
73, 64
73, 66
72, 67
72, 68
71, 69
71, 71
70, 72
70, 73
69, 74
69, 75
68, 76
68, 77
67, 78
67, 80
66, 81
66, 82
65, 83
65, 85
64, 86
64, 87
63, 88
63, 90
62, 91
62, 93
61, 94
61, 95
60, 96
59, 95
59, 42
58, 41
56, 41
55, 42
55, 54
56, 55
56, 149
55, 150
55, 154
56, 155
59, 155
59, 144
60, 143
60, 134
61, 133
61, 127
62, 126
63, 126
70, 133
71, 133
73, 135
74, 135
75, 136
76, 136
77, 137
79, 137
80, 138
84, 138
85, 139
92, 139
93, 138
97, 138
98, 137
99, 137
100, 136
101, 136
102, 135
103, 135
106, 132
107, 132
110, 129
110, 128
113, 125
113, 124
114, 123
114, 122
115, 121
115, 120
117, 118
117, 116
118, 115
118, 114
119, 113
119, 112
120, 111
120, 109
121, 108
121, 107
122, 106
122, 103
123, 102
123, 100
124, 99
124, 96
125, 95
125, 92
126, 91
126, 87
127, 86
127, 80
128, 79
128, 55
127, 54
127, 49
126, 48
126, 44
125, 43
125, 41
124, 40
124, 38
123, 37
123, 36
122, 35
122, 34
121, 33
121, 32
120, 31
120, 30
119, 29
119, 28
117, 26
117, 25
111, 19
110, 19
109, 18
108, 18
107, 17
106, 17
105, 16
101, 16
100, 15
188, 203
189, 202
192, 203
192, 210
191, 211
191, 240
190, 241
190, 255
189, 256
189, 271
188, 272
188, 282
187, 283
187, 291
186, 292
186, 298
185, 299
185, 303
184, 304
184, 308
183, 309
183, 313
182, 314
182, 316
181, 317
181, 319
180, 320
180, 322
179, 323
179, 325
178, 326
178, 327
177, 328
175, 331
175, 332
173, 334
173, 335
164, 344
163, 344
160, 347
159, 347
158, 348
157, 348
156, 349
154, 349
153, 350
151, 350
150, 351
134, 351
133, 350
127, 350
126, 349
122, 349
121, 348
117, 348
116, 347
114, 347
113, 346
111, 346
110, 345
108, 345
107, 344
106, 344
105, 343
102, 341
101, 341
99, 339
98, 339
90, 331
90, 330
89, 329
89, 328
88, 327
88, 325
87, 324
87, 312
88, 311
88, 308
89, 307
89, 304
90, 303
90, 302
91, 301
91, 299
92, 298
92, 297
93, 296
93, 295
94, 294
94, 293
95, 292
95, 291
97, 289
97, 288
98, 287
100, 284
100, 283
102, 281
102, 280
104, 278
104, 277
108, 273
108, 272
112, 268
112, 267
118, 261
118, 260
140, 238
141, 238
147, 232
148, 232
152, 228
153, 228
157, 224
158, 224
161, 221
162, 221
165, 218
166, 218
169, 215
170, 215
172, 213
173, 213
175, 211
176, 211
178, 209
179, 209
181, 207
182, 207
184, 205
185, 205
187, 203
151, 143
151, 148
152, 149
152, 157
153, 158
153, 164
154, 165
154, 168
155, 169
155, 172
156, 173
156, 174
157, 175
157, 176
159, 178
159, 179
162, 182
163, 182
164, 183
165, 183
166, 184
171, 184
169, 188
169, 189
160, 198
159, 198
155, 199
154, 198
153, 198
151, 196
151, 195
149, 193
149, 192
148, 191
148, 190
147, 189
147, 187
146, 186
146, 183
145, 182
145, 178
144, 169
143, 168
143, 152
144, 151
144, 150
146, 148
146, 147
148, 145
148, 144
150, 105
151, 104
152, 105
152, 112
151, 113
151, 134
150, 135
150, 136
148, 138
148, 139
145, 142
144, 141
144, 133
145, 132
145, 125
146, 124
146, 119
147, 118
147, 114
148, 113
148, 110
149, 109
149, 107
150, 106
164, 81
166, 81
168, 83
168, 84
169, 85
169, 97
168, 98
168, 100
167, 101
167, 103
166, 104
166, 106
165, 107
165, 108
164, 109
164, 110
163, 111
163, 113
162, 114
162, 115
161, 116
161, 117
160, 118
160, 119
159, 120
159, 121
157, 123
157, 124
156, 125
155, 125
154, 124
154, 123
155, 122
155, 105
156, 104
156, 94
157, 93
157, 90
158, 89
158, 88
160, 86
160, 85
177, 74
178, 73
182, 73
183, 74
186, 74
187, 75
188, 75
191, 78
192, 78
193, 79
193, 80
196, 83
196, 84
198, 86
198, 87
199, 88
199, 90
200, 91
200, 92
201, 93
201, 96
202, 97
202, 100
201, 101
201, 105
200, 106
200, 110
199, 111
199, 116
198, 117
198, 122
197, 123
197, 130
196, 131
196, 138
195, 139
195, 141
194, 142
194, 144
193, 145
193, 147
192, 148
192, 149
191, 150
191, 151
190, 152
190, 154
189, 155
189, 156
188, 157
188, 158
187, 159
187, 160
186, 161
186, 162
185, 163
185, 164
184, 165
184, 166
182, 168
182, 169
181, 170
181, 171
179, 173
179, 174
175, 178
174, 178
172, 180
166, 180
165, 179
164, 179
162, 177
162, 176
160, 174
160, 173
159, 172
159, 171
158, 170
158, 167
157, 166
157, 162
156, 161
156, 155
155, 154
155, 142
154, 141
154, 136
155, 135
155, 134
156, 133
156, 132
157, 131
157, 130
159, 128
159, 127
160, 126
160, 125
161, 124
161, 123
163, 121
163, 120
164, 119
164, 118
165, 117
165, 116
166, 115
166, 113
167, 112
167, 111
168, 110
168, 109
169, 108
169, 106
170, 105
170, 103
171, 102
171, 100
172, 99
172, 94
173, 93
173, 89
172, 88
172, 83
171, 82
171, 81
169, 79
169, 78
172, 75
174, 75
175, 74
