230, 2
232, 367
4, 369
2, 4
86, 15
85, 16
78, 16
77, 17
74, 17
73, 18
71, 18
70, 19
69, 19
68, 20
67, 20
66, 21
65, 21
64, 22
63, 22
62, 23
61, 23
58, 26
57, 26
53, 30
52, 30
48, 34
48, 35
42, 41
42, 42
38, 46
38, 47
36, 49
36, 50
34, 52
34, 53
33, 54
33, 55
32, 56
32, 57
31, 58
31, 59
29, 61
29, 63
28, 64
28, 65
27, 66
27, 67
26, 68
26, 70
25, 71
25, 72
24, 73
24, 75
23, 76
23, 78
22, 79
22, 81
21, 82
21, 84
20, 85
20, 87
19, 88
19, 90
18, 91
18, 94
17, 95
17, 98
16, 99
16, 102
15, 103
15, 106
14, 107
14, 112
13, 113
13, 117
12, 118
12, 125
11, 126
11, 134
10, 135
10, 174
11, 175
11, 184
12, 185
12, 191
13, 192
13, 197
14, 198
14, 202
15, 203
15, 207
16, 208
16, 210
17, 211
17, 214
18, 215
18, 217
19, 218
19, 220
20, 221
20, 223
21, 224
21, 226
22, 227
22, 228
23, 229
23, 230
24, 231
24, 232
25, 233
25, 234
26, 235
26, 236
27, 237
27, 238
29, 240
29, 241
31, 243
31, 244
34, 247
34, 248
43, 257
44, 257
46, 259
47, 259
49, 261
50, 261
51, 262
52, 262
53, 263
54, 263
55, 264
57, 264
58, 265
60, 265
61, 266
64, 266
65, 267
71, 267
72, 268
73, 268
74, 267
81, 267
82, 266
84, 266
85, 265
87, 265
88, 264
89, 264
90, 263
91, 263
92, 262
93, 262
96, 259
97, 259
105, 251
105, 250
109, 246
109, 245
112, 242
112, 241
114, 239
114, 238
116, 236
116, 235
117, 234
117, 233
119, 231
119, 230
120, 229
120, 228
122, 226
122, 225
123, 224
123, 223
125, 221
125, 220
126, 219
126, 218
127, 217
127, 216
128, 215
128, 214
130, 212
130, 211
131, 210
131, 209
132, 208
132, 207
133, 206
133, 205
135, 203
135, 202
136, 201
136, 200
138, 198
138, 197
139, 196
139, 195
140, 194
140, 193
142, 191
142, 190
143, 189
143, 188
145, 186
146, 187
146, 188
145, 189
145, 193
144, 194
144, 198
143, 199
143, 205
142, 206
142, 217
141, 218
141, 230
142, 231
142, 241
143, 242
143, 246
144, 247
144, 249
145, 250
145, 251
150, 256
151, 256
152, 257
157, 257
158, 256
160, 256
162, 254
163, 254
164, 253
165, 254
165, 256
164, 257
164, 259
163, 260
163, 262
162, 263
162, 265
161, 266
161, 267
160, 268
160, 270
159, 271
159, 272
158, 273
158, 275
157, 276
157, 277
156, 278
156, 279
155, 280
155, 281
154, 282
154, 283
153, 284
153, 286
152, 287
152, 288
151, 289
151, 290
150, 291
150, 292
149, 293
149, 294
147, 296
146, 296
145, 295
141, 295
140, 294
137, 294
136, 293
132, 293
131, 292
126, 292
125, 291
120, 291
119, 290
113, 290
112, 289
105, 289
104, 288
94, 288
93, 287
83, 287
82, 288
72, 288
71, 289
67, 289
66, 290
63, 290
62, 291
60, 291
59, 292
58, 292
57, 293
56, 293
53, 296
52, 296
47, 301
47, 302
45, 304
45, 305
43, 307
43, 308
42, 309
42, 311
41, 312
41, 314
40, 315
40, 323
41, 324
41, 326
42, 327
42, 328
45, 331
45, 332
47, 334
48, 334
52, 338
53, 338
55, 340
56, 340
58, 342
59, 342
61, 344
62, 344
63, 345
64, 345
65, 346
66, 346
67, 347
68, 347
69, 348
70, 348
71, 349
72, 349
73, 350
75, 350
76, 351
78, 351
79, 352
81, 352
82, 353
84, 353
85, 354
102, 354
103, 353
105, 353
106, 352
108, 352
109, 351
110, 351
111, 350
112, 350
113, 349
114, 349
117, 346
118, 346
125, 339
125, 338
129, 334
129, 333
131, 331
131, 330
133, 328
133, 327
135, 325
135, 324
137, 322
137, 321
139, 319
139, 318
140, 317
140, 316
142, 314
142, 313
143, 312
143, 311
144, 310
144, 309
146, 307
146, 306
147, 305
147, 304
148, 303
148, 302
150, 300
151, 300
152, 301
154, 301
155, 302
157, 302
158, 303
159, 303
160, 304
162, 304
163, 305
164, 305
165, 306
166, 306
167, 307
168, 307
169, 308
170, 308
171, 309
172, 309
173, 310
174, 310
175, 311
176, 311
178, 313
179, 313
180, 314
181, 314
182, 315
183, 315
184, 316
185, 316
187, 318
188, 318
189, 319
190, 319
192, 321
193, 321
194, 322
195, 322
197, 324
198, 324
199, 325
200, 325
201, 326
202, 326
203, 327
205, 327
206, 328
207, 328
208, 329
211, 329
212, 330
215, 330
216, 331
223, 331
223, 329
222, 329
221, 328
217, 328
216, 327
213, 327
212, 326
209, 326
208, 325
207, 325
206, 324
205, 324
204, 323
203, 323
202, 322
201, 322
200, 321
199, 321
198, 320
197, 320
196, 319
195, 319
193, 317
192, 317
191, 316
190, 316
188, 314
187, 314
186, 313
185, 313
184, 312
183, 312
182, 311
181, 311
179, 309
178, 309
177, 308
176, 308
174, 306
173, 306
172, 305
171, 305
170, 304
169, 304
168, 303
166, 303
165, 302
164, 302
163, 301
161, 301
160, 300
159, 300
158, 299
156, 299
155, 298
153, 298
151, 296
152, 295
152, 294
153, 293
153, 292
154, 291
154, 290
155, 289
155, 288
156, 287
156, 286
157, 285
157, 283
158, 282
158, 281
159, 280
159, 279
160, 278
160, 277
161, 276
161, 274
162, 273
162, 272
163, 271
163, 270
164, 269
164, 267
165, 266
165, 264
166, 263
166, 262
167, 261
167, 258
168, 257
168, 255
169, 254
169, 252
170, 251
170, 248
171, 247
171, 246
172, 245
172, 243
173, 242
173, 241
174, 240
174, 239
175, 238
175, 237
176, 236
176, 235
177, 234
177, 232
178, 231
178, 229
179, 228
179, 226
180, 225
180, 223
181, 222
181, 219
182, 218
182, 214
183, 213
183, 209
184, 208
184, 207
185, 206
186, 206
186, 194
187, 193
187, 183
186, 182
186, 172
185, 171
185, 167
184, 166
184, 164
183, 163
183, 162
182, 161
182, 160
181, 159
181, 158
180, 157
180, 156
177, 153
175, 153
174, 152
170, 152
169, 151
168, 151
167, 152
166, 152
156, 162
156, 163
153, 166
153, 167
151, 169
151, 170
149, 172
149, 173
147, 175
147, 176
146, 177
146, 178
144, 180
144, 181
143, 182
143, 183
141, 185
141, 186
140, 187
140, 188
138, 190
138, 191
137, 192
137, 193
135, 195
135, 196
134, 197
134, 198
133, 199
133, 200
131, 202
131, 203
130, 204
130, 205
129, 206
129, 207
127, 209
127, 210
126, 211
126, 212
125, 213
125, 214
124, 215
124, 216
122, 218
122, 219
121, 220
121, 221
120, 222
120, 223
118, 225
118, 226
117, 227
117, 228
115, 230
115, 231
114, 232
114, 233
112, 235
112, 236
110, 238
110, 239
107, 242
107, 243
104, 246
104, 247
94, 257
93, 257
90, 260
89, 260
88, 261
87, 261
86, 262
84, 262
83, 263
81, 263
80, 264
66, 264
65, 263
62, 263
61, 262
59, 262
58, 261
56, 261
55, 260
54, 260
53, 259
52, 259
51, 258
50, 258
47, 255
46, 255
35, 244
35, 243
33, 241
33, 240
31, 238
31, 237
29, 235
29, 234
28, 233
28, 232
27, 231
27, 230
26, 229
26, 228
25, 227
25, 225
24, 224
24, 223
23, 222
23, 220
22, 219
22, 217
21, 216
21, 214
20, 213
20, 210
19, 209
19, 207
18, 206
18, 202
17, 201
17, 197
16, 196
16, 191
15, 190
15, 184
14, 183
14, 173
13, 172
13, 136
14, 135
14, 127
15, 126
15, 120
16, 119
16, 114
17, 113
17, 108
18, 107
18, 104
19, 103
19, 100
20, 99
20, 96
21, 95
21, 92
22, 91
22, 89
23, 88
23, 86
24, 85
24, 83
25, 82
25, 80
26, 79
26, 77
27, 76
27, 74
28, 73
28, 72
29, 71
29, 69
30, 68
30, 67
31, 66
31, 65
32, 64
32, 63
33, 62
33, 61
34, 60
34, 59
35, 58
35, 57
36, 56
36, 55
38, 53
38, 52
40, 50
40, 49
43, 46
43, 45
48, 40
48, 39
57, 30
58, 30
61, 27
62, 27
64, 25
65, 25
66, 24
67, 24
68, 23
69, 23
70, 22
71, 22
72, 21
74, 21
75, 20
78, 20
79, 19
88, 19
89, 18
93, 18
94, 19
99, 19
100, 20
103, 20
104, 21
106, 21
107, 22
108, 22
109, 23
110, 23
112, 25
113, 25
115, 27
116, 27
128, 39
128, 40
131, 43
131, 44
133, 46
133, 47
135, 49
135, 50
136, 51
136, 52
138, 54
138, 55
139, 56
139, 57
140, 58
140, 60
141, 61
141, 62
142, 63
142, 66
143, 67
143, 70
144, 71
144, 79
145, 80
145, 95
144, 96
144, 111
143, 112
143, 125
142, 126
142, 135
141, 136
141, 144
140, 145
140, 150
139, 151
139, 155
138, 156
138, 160
137, 161
137, 164
136, 165
136, 168
135, 169
135, 171
134, 172
134, 175
133, 176
133, 178
132, 179
132, 181
131, 182
131, 184
130, 185
130, 187
129, 188
129, 190
128, 191
128, 193
127, 194
127, 195
126, 196
126, 197
125, 198
125, 200
124, 201
124, 202
123, 203
123, 204
122, 205
122, 206
121, 207
121, 208
120, 209
120, 210
118, 212
118, 213
116, 215
116, 216
113, 219
113, 220
106, 227
105, 227
104, 228
100, 228
99, 227
98, 227
96, 225
95, 225
86, 216
86, 215
83, 212
83, 211
82, 210
82, 209
81, 208
81, 206
80, 205
80, 203
79, 202
79, 199
78, 198
78, 195
77, 194
77, 191
76, 190
76, 187
75, 186
75, 184
74, 183
74, 179
73, 178
73, 173
74, 172
74, 169
76, 167
76, 166
78, 164
78, 163
80, 161
80, 160
83, 157
83, 156
86, 153
86, 152
89, 149
89, 148
92, 145
92, 144
94, 142
94, 141
96, 139
96, 138
98, 136
98, 135
100, 133
100, 132
103, 129
103, 128
105, 126
105, 125
106, 124
106, 123
108, 121
108, 120
110, 118
110, 117
111, 116
111, 115
113, 113
113, 112
115, 110
115, 109
119, 105
119, 104
120, 103
120, 101
117, 101
113, 105
113, 106
110, 109
110, 110
108, 112
108, 113
106, 115
106, 116
103, 119
103, 120
101, 122
100, 122
99, 123
92, 123
91, 124
90, 124
88, 126
87, 126
82, 131
82, 132
80, 134
80, 135
78, 137
78, 138
77, 139
77, 140
75, 142
75, 143
74, 144
74, 145
73, 146
73, 147
72, 148
72, 149
71, 150
71, 151
70, 152
70, 153
69, 154
69, 155
68, 156
68, 157
67, 158
67, 159
66, 160
66, 161
65, 162
65, 163
64, 164
64, 166
62, 168
61, 167
61, 164
62, 163
62, 156
63, 155
63, 146
64, 145
64, 136
65, 135
65, 126
66, 125
66, 116
67, 115
67, 107
68, 106
68, 98
69, 97
69, 89
70, 88
70, 80
71, 79
71, 71
72, 70
72, 64
73, 63
73, 61
75, 59
75, 48
74, 47
73, 47
72, 48
72, 49
71, 50
71, 55
70, 56
70, 62
69, 63
69, 69
68, 70
68, 78
67, 79
67, 86
66, 87
66, 95
65, 96
65, 104
64, 105
64, 114
63, 115
63, 124
62, 125
62, 134
61, 135
61, 144
60, 145
60, 154
59, 155
59, 162
58, 163
58, 171
57, 172
57, 179
56, 180
56, 186
55, 187
55, 189
54, 190
54, 193
53, 194
53, 196
52, 197
52, 200
51, 201
51, 205
50, 206
50, 209
49, 210
49, 214
48, 215
48, 220
47, 221
47, 239
48, 240
48, 241
49, 242
51, 242
52, 241
52, 238
53, 237
53, 231
54, 230
54, 222
55, 221
55, 214
56, 213
56, 206
57, 205
57, 198
58, 197
58, 190
59, 189
59, 185
60, 184
60, 183
61, 182
61, 180
62, 179
62, 178
63, 177
63, 175
64, 174
64, 172
65, 171
65, 170
66, 169
66, 168
67, 167
67, 166
68, 165
68, 163
69, 162
69, 161
70, 160
70, 159
71, 158
71, 157
72, 156
72, 155
73, 154
73, 153
74, 152
74, 151
75, 150
75, 149
76, 148
76, 147
77, 146
77, 145
79, 143
79, 142
80, 141
80, 140
82, 138
82, 137
84, 135
84, 134
91, 127
92, 127
93, 126
97, 126
99, 128
99, 129
96, 132
96, 133
94, 135
94, 136
92, 138
92, 139
90, 141
90, 142
88, 144
88, 145
85, 148
85, 149
81, 153
81, 154
79, 156
79, 157
76, 160
76, 161
74, 163
74, 164
72, 166
72, 167
71, 168
71, 171
70, 172
70, 179
71, 180
71, 184
72, 185
72, 187
73, 188
73, 191
74, 192
74, 195
75, 196
75, 199
76, 200
76, 203
77, 204
77, 207
78, 208
78, 209
79, 210
79, 211
80, 212
80, 213
81, 214
81, 215
84, 218
84, 219
91, 226
92, 226
95, 229
96, 229
97, 230
98, 230
99, 231
105, 231
106, 230
107, 230
108, 229
109, 229
115, 223
115, 222
118, 219
118, 218
120, 216
120, 215
122, 213
122, 212
123, 211
123, 210
124, 209
124, 208
125, 207
125, 206
126, 205
126, 204
127, 203
127, 202
128, 201
128, 200
129, 199
129, 197
130, 196
130, 195
131, 194
131, 192
132, 191
132, 189
133, 188
133, 186
134, 185
134, 183
135, 182
135, 180
136, 179
136, 177
137, 176
137, 173
138, 172
138, 170
139, 169
139, 166
140, 165
140, 162
141, 161
141, 157
142, 156
142, 152
143, 151
143, 146
144, 145
144, 138
145, 137
145, 128
146, 127
146, 114
147, 113
147, 98
148, 97
148, 78
147, 77
147, 70
146, 69
146, 66
145, 65
145, 62
144, 61
144, 59
143, 58
143, 57
142, 56
142, 55
141, 54
141, 53
140, 52
140, 51
138, 49
138, 48
137, 47
137, 46
135, 44
135, 43
133, 41
133, 40
129, 36
129, 35
120, 26
119, 26
116, 23
115, 23
113, 21
112, 21
111, 20
110, 20
109, 19
108, 19
107, 18
105, 18
104, 17
101, 17
100, 16
96, 16
95, 15
72, 292
73, 291
103, 291
104, 292
110, 292
111, 293
118, 293
119, 294
124, 294
125, 295
130, 295
131, 296
135, 296
136, 297
139, 297
140, 298
144, 298
145, 301
145, 302
144, 303
144, 304
142, 306
142, 307
141, 308
141, 309
140, 310
140, 311
138, 313
138, 314
137, 315
137, 316
135, 318
135, 319
133, 321
133, 322
131, 324
131, 325
129, 327
129, 328
127, 330
127, 331
124, 334
124, 335
114, 345
113, 345
111, 347
110, 347
109, 348
108, 348
107, 349
105, 349
104, 350
102, 350
86, 351
85, 350
83, 350
82, 349
80, 349
79, 348
77, 348
76, 347
75, 347
74, 346
72, 346
71, 345
70, 345
69, 344
68, 344
67, 343
66, 343
65, 342
64, 342
62, 340
61, 340
59, 338
58, 338
56, 336
55, 336
52, 333
51, 333
46, 328
46, 327
44, 325
44, 323
43, 316
44, 315
44, 313
45, 312
45, 310
47, 308
47, 307
48, 306
48, 305
56, 297
57, 297
59, 295
60, 295
61, 294
63, 294
64, 293
67, 293
169, 157
170, 156
173, 158
173, 159
174, 160
174, 161
175, 162
175, 163
176, 164
176, 165
177, 166
177, 168
178, 169
178, 170
179, 171
179, 174
180, 175
180, 178
181, 179
181, 185
182, 186
181, 188
181, 191
180, 192
180, 195
179, 196
179, 201
178, 202
178, 206
177, 207
177, 210
176, 211
176, 214
175, 215
175, 218
174, 219
174, 223
173, 224
173, 227
172, 228
172, 231
171, 232
171, 235
170, 236
170, 239
169, 240
169, 242
168, 243
168, 244
166, 246
166, 247
162, 251
161, 251
160, 252
159, 252
158, 253
157, 253
156, 254
151, 252
150, 252
149, 251
149, 250
147, 248
147, 246
146, 245
146, 241
145, 240
145, 227
144, 226
144, 224
145, 223
145, 208
146, 207
146, 201
147, 200
148, 194
148, 190
149, 189
149, 187
150, 186
150, 183
151, 182
151, 180
152, 179
152, 177
153, 176
153, 174
154, 173
154, 172
156, 170
156, 169
157, 168
157, 167
165, 159
166, 159
168, 157
