4, 0
2, 2
0, 4
2, 4
4, 6
4, 64
2, 66
0, 66
0, 68
2, 68
4, 70
4, 128
2, 130
0, 130
0, 132
2, 132
4, 134
4, 192
2, 194
0, 194
0, 196
2, 196
4, 198
4, 256
2, 258
0, 258
0, 260
2, 260
4, 262
4, 320
2, 322
0, 322
0, 324
2, 324
4, 326
242, 2
244, 367
8, 369
6, 4
106, 15
105, 16
101, 16
100, 17
97, 17
96, 18
94, 18
93, 19
92, 19
91, 20
89, 20
88, 21
87, 21
86, 22
82, 22
77, 27
76, 27
74, 29
73, 29
70, 32
69, 32
57, 44
57, 45
52, 50
52, 51
49, 54
49, 55
46, 58
46, 59
44, 61
44, 62
43, 63
43, 64
41, 66
41, 67
39, 69
39, 70
37, 72
37, 73
36, 74
36, 75
34, 77
34, 78
32, 80
32, 81
31, 82
31, 83
30, 84
30, 85
29, 86
29, 87
28, 88
28, 89
27, 90
27, 91
26, 92
26, 93
25, 94
25, 96
24, 97
24, 99
23, 100
23, 101
22, 102
22, 104
21, 105
21, 107
20, 108
20, 110
19, 111
19, 114
18, 115
18, 118
17, 119
17, 123
16, 124
16, 128
15, 129
15, 137
14, 138
14, 179
15, 180
15, 189
16, 190
16, 196
17, 197
17, 201
18, 202
18, 205
19, 206
19, 208
20, 209
20, 211
21, 212
21, 213
22, 214
22, 216
23, 217
23, 218
24, 219
24, 220
26, 222
26, 223
28, 225
28, 226
37, 235
38, 235
41, 238
42, 238
45, 241
46, 241
48, 243
49, 243
52, 246
53, 246
55, 248
56, 248
57, 249
58, 249
60, 251
61, 251
62, 252
63, 252
64, 253
66, 253
67, 254
79, 254
80, 253
83, 253
84, 252
85, 252
86, 251
87, 251
88, 250
89, 250
91, 248
92, 248
94, 246
95, 246
99, 242
100, 242
121, 221
121, 220
126, 215
126, 214
131, 209
131, 208
135, 204
135, 203
137, 201
137, 200
139, 198
139, 197
141, 195
141, 194
143, 192
143, 191
146, 188
146, 187
148, 185
148, 184
151, 181
151, 180
153, 178
153, 177
155, 175
155, 174
158, 171
159, 174
158, 175
158, 176
157, 177
157, 179
156, 180
156, 182
155, 183
155, 185
154, 186
154, 189
153, 190
153, 194
152, 195
152, 198
151, 199
151, 203
150, 204
150, 209
149, 210
149, 234
150, 235
150, 239
151, 240
151, 242
152, 243
152, 245
153, 246
153, 247
154, 248
154, 249
158, 253
160, 253
161, 254
165, 254
166, 253
169, 253
170, 252
171, 252
174, 249
175, 249
178, 250
177, 251
177, 253
176, 254
176, 256
175, 257
175, 259
174, 260
174, 261
173, 262
173, 263
172, 264
172, 265
171, 266
171, 267
170, 268
170, 269
169, 270
169, 272
168, 273
168, 274
167, 275
167, 276
165, 278
165, 279
164, 280
164, 281
163, 282
163, 283
161, 285
161, 286
160, 287
156, 287
155, 286
154, 286
153, 285
150, 285
149, 284
147, 284
146, 283
144, 283
143, 282
141, 282
140, 281
137, 281
136, 280
134, 280
133, 279
131, 279
130, 278
128, 278
127, 277
124, 277
123, 276
121, 276
120, 275
118, 275
117, 274
115, 274
114, 273
112, 273
111, 272
109, 272
108, 271
106, 271
105, 270
103, 270
102, 269
100, 269
99, 268
96, 268
95, 267
92, 267
91, 266
87, 266
86, 265
74, 265
73, 266
69, 266
68, 267
65, 267
64, 268
62, 268
61, 269
60, 269
59, 270
58, 270
57, 271
56, 271
55, 272
54, 272
52, 274
51, 274
48, 277
47, 277
43, 281
42, 281
33, 290
33, 291
31, 293
31, 294
29, 296
29, 297
28, 298
28, 299
27, 300
27, 301
26, 302
26, 304
25, 305
25, 307
24, 308
24, 319
25, 320
25, 322
26, 323
26, 324
28, 326
28, 327
30, 329
30, 330
32, 332
32, 333
34, 335
34, 336
38, 340
38, 341
46, 349
47, 349
49, 351
50, 351
51, 352
52, 352
53, 353
55, 353
56, 354
61, 354
62, 355
65, 355
66, 354
72, 354
73, 353
77, 353
78, 352
81, 352
82, 351
85, 351
86, 350
89, 350
90, 349
92, 349
93, 348
95, 348
96, 347
99, 347
100, 346
102, 346
103, 345
105, 345
106, 344
108, 344
109, 343
110, 343
111, 342
113, 342
114, 341
115, 341
116, 340
118, 340
119, 339
120, 339
122, 337
123, 337
124, 336
125, 336
127, 334
128, 334
131, 331
132, 331
143, 320
143, 319
146, 316
146, 315
148, 313
148, 312
150, 310
150, 309
152, 307
152, 306
154, 304
154, 303
156, 301
156, 300
158, 298
158, 297
159, 296
159, 295
161, 293
164, 293
165, 294
166, 294
167, 295
168, 295
169, 296
171, 296
172, 297
173, 297
174, 298
175, 298
176, 299
177, 299
178, 300
179, 300
180, 301
181, 301
182, 302
184, 302
185, 303
186, 303
187, 304
188, 304
189, 305
190, 305
191, 306
192, 306
193, 307
195, 307
196, 308
198, 308
199, 309
200, 309
201, 310
204, 310
205, 311
207, 311
208, 312
210, 312
211, 313
213, 313
214, 314
216, 314
217, 315
219, 315
220, 316
221, 316
222, 317
224, 317
225, 318
228, 318
229, 319
232, 319
233, 320
234, 320
235, 319
235, 318
233, 316
231, 316
230, 315
227, 315
226, 314
224, 314
223, 313
222, 313
221, 312
219, 312
218, 311
216, 311
215, 310
213, 310
212, 309
210, 309
209, 308
206, 308
205, 307
203, 307
202, 306
200, 306
199, 305
197, 305
196, 304
195, 304
194, 303
193, 303
192, 302
191, 302
190, 301
189, 301
188, 300
186, 300
185, 299
184, 299
183, 298
182, 298
181, 297
179, 297
178, 296
177, 296
176, 295
175, 295
174, 294
173, 294
172, 293
171, 293
170, 292
169, 292
168, 291
167, 291
166, 290
165, 290
164, 289
164, 287
165, 286
165, 285
167, 283
167, 282
168, 281
168, 280
169, 279
169, 278
170, 277
170, 276
171, 275
171, 274
172, 273
172, 272
173, 271
173, 270
174, 269
174, 268
175, 267
175, 266
176, 265
176, 264
177, 263
177, 261
178, 260
178, 259
179, 258
179, 256
180, 255
180, 253
181, 252
181, 250
182, 249
182, 246
183, 245
183, 243
184, 242
184, 239
185, 238
185, 235
186, 234
186, 232
187, 231
187, 229
188, 228
188, 227
189, 226
189, 224
190, 223
190, 222
191, 221
191, 219
192, 218
192, 216
193, 215
193, 213
194, 212
194, 209
195, 208
195, 202
196, 201
196, 191
197, 190
197, 180
196, 179
196, 174
195, 173
195, 171
194, 170
194, 168
193, 167
193, 166
192, 165
192, 164
190, 162
190, 160
189, 159
189, 158
188, 157
188, 156
187, 155
187, 154
186, 153
186, 152
185, 151
185, 150
182, 147
181, 147
180, 146
176, 146
175, 147
174, 147
172, 149
171, 149
165, 155
165, 156
161, 160
161, 161
158, 164
158, 165
155, 168
155, 169
153, 171
153, 172
151, 174
151, 175
148, 178
148, 179
146, 181
146, 182
143, 185
143, 186
141, 188
141, 189
139, 191
139, 192
137, 194
137, 195
135, 197
135, 198
132, 201
132, 202
128, 206
128, 207
123, 212
123, 213
118, 218
118, 219
98, 239
97, 239
93, 243
92, 243
89, 246
88, 246
87, 247
86, 247
85, 248
84, 248
83, 249
82, 249
81, 250
79, 250
78, 251
69, 251
68, 250
66, 250
65, 249
64, 249
63, 248
62, 248
61, 247
60, 247
58, 245
57, 245
55, 243
54, 243
52, 241
51, 241
46, 236
47, 235
47, 233
48, 232
48, 229
49, 228
49, 226
50, 225
50, 221
51, 220
51, 216
52, 215
52, 210
53, 209
53, 203
54, 202
54, 197
55, 196
55, 190
56, 189
56, 183
57, 182
57, 177
58, 176
58, 174
59, 173
60, 194
61, 195
61, 201
62, 202
62, 206
63, 207
63, 211
64, 212
64, 214
65, 215
65, 217
66, 218
66, 220
67, 221
67, 222
68, 223
68, 225
69, 226
69, 227
70, 228
70, 229
71, 230
71, 231
74, 234
75, 234
76, 235
82, 235
83, 234
85, 234
87, 232
88, 232
90, 230
91, 230
94, 227
95, 227
107, 215
107, 214
111, 210
111, 209
114, 206
114, 205
117, 202
117, 201
119, 199
119, 198
121, 196
121, 195
122, 194
122, 193
124, 191
124, 190
125, 189
125, 188
126, 187
126, 186
127, 185
127, 184
128, 183
128, 182
129, 181
129, 179
130, 178
130, 177
131, 176
131, 175
132, 174
132, 173
133, 172
133, 170
134, 169
134, 168
135, 167
135, 165
136, 164
136, 162
137, 161
137, 159
138, 158
138, 156
139, 155
139, 152
140, 151
140, 149
141, 148
141, 144
142, 143
142, 140
143, 139
143, 136
144, 135
144, 132
145, 131
145, 127
146, 126
146, 123
147, 122
147, 118
148, 117
148, 114
149, 113
149, 108
150, 107
150, 99
151, 98
151, 88
150, 87
150, 76
149, 75
149, 70
148, 69
148, 65
147, 64
147, 60
146, 59
146, 56
145, 55
145, 52
144, 51
144, 49
143, 48
143, 46
142, 45
142, 44
141, 43
141, 42
140, 41
140, 40
139, 39
139, 37
138, 36
138, 35
136, 33
136, 32
135, 31
135, 30
134, 29
134, 28
132, 26
132, 25
127, 20
126, 20
124, 18
123, 18
122, 17
121, 17
120, 16
116, 16
115, 15
76, 269
77, 268
83, 268
84, 269
89, 269
90, 270
93, 270
94, 271
97, 271
98, 272
100, 272
101, 273
103, 273
104, 274
106, 274
107, 275
109, 275
110, 276
112, 276
113, 277
115, 277
116, 278
119, 278
120, 279
122, 279
123, 280
125, 280
126, 281
128, 281
129, 282
131, 282
132, 283
135, 283
136, 284
138, 284
139, 285
142, 285
143, 286
144, 286
145, 287
148, 287
149, 288
151, 288
152, 289
154, 289
155, 290
156, 290
157, 293
155, 295
155, 296
153, 298
153, 299
152, 300
152, 301
150, 303
150, 304
147, 307
147, 308
146, 309
146, 310
143, 313
143, 314
140, 317
140, 318
130, 328
129, 328
126, 331
125, 331
123, 333
122, 333
120, 335
119, 335
118, 336
117, 336
116, 337
115, 337
114, 338
112, 338
111, 339
110, 339
109, 340
107, 340
106, 341
104, 341
103, 342
101, 342
100, 343
98, 343
97, 344
94, 344
93, 345
91, 345
90, 346
88, 346
87, 347
84, 347
83, 348
80, 348
79, 349
76, 349
71, 350
70, 351
58, 351
57, 350
55, 350
54, 349
53, 349
52, 348
51, 348
49, 346
48, 346
41, 339
41, 338
37, 334
37, 333
34, 330
34, 329
32, 327
32, 326
31, 325
31, 324
29, 322
29, 321
28, 320
28, 318
27, 310
28, 309
28, 306
29, 305
29, 304
30, 303
30, 301
32, 299
32, 298
33, 297
33, 296
36, 293
36, 292
45, 283
46, 283
49, 280
50, 280
53, 277
54, 277
56, 275
57, 275
58, 274
59, 274
60, 273
61, 273
62, 272
63, 272
64, 271
66, 271
67, 270
70, 270
61, 172
59, 173
160, 170
158, 171
174, 158
183, 160
184, 160
186, 162
186, 163
188, 165
188, 166
189, 167
189, 169
190, 170
190, 172
191, 173
191, 176
192, 177
192, 180
193, 181
193, 183
192, 184
192, 187
191, 188
191, 191
190, 192
190, 196
189, 197
189, 200
188, 201
188, 205
187, 206
187, 209
186, 210
186, 214
185, 215
185, 220
184, 221
184, 226
183, 227
182, 232
182, 233
181, 234
181, 235
180, 236
180, 237
178, 239
178, 240
169, 249
168, 249
167, 250
156, 246
156, 244
155, 243
155, 242
154, 241
154, 238
153, 237
153, 232
152, 231
152, 214
153, 213
153, 206
154, 205
154, 201
155, 200
156, 195
156, 192
157, 191
157, 188
158, 187
158, 185
159, 184
159, 182
160, 181
160, 179
161, 178
161, 177
162, 176
162, 174
163, 173
163, 172
164, 171
164, 170
165, 169
165, 168
166, 167
166, 166
168, 164
168, 163
171, 160
172, 160
175, 151
176, 150
180, 150
182, 152
182, 153
183, 154
182, 155
180, 155
179, 154
176, 154
175, 155
172, 155
171, 154
174, 151
76, 32
77, 31
78, 32
78, 34
77, 35
77, 38
76, 39
76, 44
75, 45
75, 49
74, 50
74, 54
73, 55
73, 59
72, 60
72, 65
71, 66
71, 70
70, 71
70, 76
69, 77
69, 81
68, 82
68, 87
67, 88
67, 93
66, 94
66, 99
65, 100
65, 105
64, 106
64, 111
63, 112
63, 117
62, 118
62, 124
61, 125
61, 131
60, 132
60, 138
59, 139
59, 145
58, 146
58, 151
57, 152
57, 158
56, 159
56, 165
55, 166
55, 172
54, 173
54, 176
53, 177
53, 180
52, 181
52, 183
51, 184
51, 187
50, 188
50, 190
49, 191
49, 195
48, 196
48, 199
47, 200
47, 204
46, 205
46, 209
45, 210
45, 214
44, 215
44, 220
43, 221
43, 229
42, 230
42, 232
41, 233
40, 233
30, 223
30, 222
28, 220
28, 219
27, 218
27, 217
26, 216
26, 215
25, 214
25, 213
24, 212
24, 210
23, 209
23, 207
22, 206
22, 204
21, 203
21, 200
20, 199
20, 194
19, 193
19, 187
18, 186
18, 175
17, 174
17, 142
18, 141
18, 132
19, 131
19, 126
20, 125
20, 121
21, 120
21, 117
22, 116
22, 113
23, 112
23, 110
24, 109
24, 107
25, 106
25, 104
26, 103
26, 101
27, 100
27, 98
28, 97
28, 96
29, 95
29, 94
30, 93
30, 92
31, 91
31, 90
32, 89
32, 88
33, 87
33, 86
34, 85
34, 84
35, 83
35, 82
37, 80
37, 79
38, 78
38, 77
40, 75
40, 74
42, 72
42, 71
43, 70
43, 69
45, 67
45, 66
47, 64
47, 63
49, 61
49, 60
51, 58
51, 57
55, 53
55, 52
60, 47
60, 46
71, 35
72, 35
75, 32
102, 20
103, 19
118, 19
119, 20
120, 20
121, 21
122, 21
124, 23
125, 23
129, 27
129, 28
131, 30
131, 31
133, 33
133, 34
134, 35
134, 36
135, 37
135, 38
136, 39
136, 40
137, 41
137, 42
138, 43
138, 45
139, 46
139, 47
140, 48
140, 50
141, 51
141, 53
142, 54
142, 57
143, 58
143, 61
144, 62
144, 66
145, 67
145, 71
146, 72
146, 78
147, 79
147, 104
146, 105
146, 111
145, 112
145, 115
144, 116
144, 120
143, 121
143, 124
142, 125
142, 129
141, 130
141, 133
140, 134
140, 138
139, 139
139, 142
138, 143
138, 146
137, 147
137, 149
136, 150
136, 153
135, 154
135, 156
134, 157
134, 159
133, 160
133, 162
132, 163
132, 165
131, 166
131, 167
130, 168
130, 170
129, 171
129, 172
128, 173
128, 175
127, 176
127, 177
126, 178
126, 179
125, 180
125, 181
124, 182
124, 183
123, 184
123, 185
122, 186
122, 187
121, 188
121, 189
120, 190
120, 191
118, 193
118, 194
117, 195
117, 196
115, 198
115, 199
112, 202
112, 203
108, 207
108, 208
104, 212
104, 213
93, 224
92, 224
89, 227
88, 227
85, 230
84, 230
83, 231
81, 231
80, 232
77, 232
74, 229
74, 228
73, 227
73, 226
72, 225
72, 224
71, 223
71, 221
70, 220
70, 219
69, 218
69, 216
68, 215
68, 213
67, 212
67, 210
66, 209
66, 205
65, 204
65, 200
64, 199
64, 191
63, 190
63, 176
64, 175
64, 172
65, 171
65, 168
66, 167
66, 165
67, 164
67, 163
68, 162
68, 160
69, 159
69, 158
70, 157
70, 156
71, 155
71, 153
72, 152
72, 151
73, 150
73, 149
74, 148
74, 146
75, 145
75, 144
76, 143
76, 142
77, 141
77, 140
78, 139
78, 138
79, 137
79, 136
80, 135
80, 134
82, 132
82, 131
83, 130
83, 129
84, 128
84, 127
86, 125
86, 124
87, 123
87, 122
89, 120
89, 119
90, 118
90, 117
92, 115
92, 114
93, 113
93, 112
94, 111
94, 110
96, 108
96, 107
97, 106
97, 105
99, 103
99, 102
100, 101
100, 100
101, 99
101, 98
102, 97
102, 96
104, 94
104, 93
105, 92
105, 91
106, 90
106, 89
107, 88
107, 87
108, 86
108, 85
109, 84
109, 83
110, 82
110, 81
111, 80
111, 79
112, 78
112, 77
113, 76
113, 75
114, 74
114, 71
111, 71
110, 72
110, 73
109, 74
109, 75
108, 76
108, 77
106, 79
106, 80
105, 81
105, 83
104, 84
104, 85
103, 86
103, 87
102, 88
102, 89
101, 90
101, 91
100, 92
100, 93
98, 95
98, 96
97, 97
97, 98
96, 99
96, 100
95, 101
95, 102
93, 104
93, 105
92, 106
92, 107
91, 108
91, 109
89, 111
89, 112
88, 113
88, 114
86, 116
86, 117
84, 119
84, 120
83, 121
83, 122
81, 124
81, 125
79, 127
79, 128
77, 130
77, 131
76, 132
76, 133
74, 135
74, 136
72, 138
72, 139
71, 140
71, 141
69, 143
69, 144
68, 145
68, 146
66, 148
66, 149
65, 150
65, 151
64, 152
64, 153
63, 154
63, 155
61, 157
60, 156
60, 155
61, 154
61, 148
62, 147
62, 141
63, 140
63, 134
64, 133
64, 127
65, 126
65, 120
66, 119
66, 114
67, 113
67, 108
68, 107
68, 102
69, 101
69, 96
70, 95
70, 90
71, 89
71, 85
72, 84
72, 79
73, 78
73, 73
74, 72
74, 68
75, 67
75, 62
76, 61
76, 57
77, 56
77, 52
78, 51
78, 47
79, 46
79, 41
80, 40
80, 37
81, 36
81, 33
82, 32
82, 31
84, 29
84, 27
85, 26
86, 26
87, 25
88, 25
89, 24
90, 24
91, 23
92, 23
93, 22
95, 22
96, 21
98, 21
99, 20
