210, 2
212, 367
4, 369
2, 4
79, 15
78, 16
75, 16
74, 17
72, 17
71, 18
70, 18
69, 19
68, 19
66, 21
65, 21
64, 22
63, 22
62, 23
61, 23
59, 25
58, 25
57, 26
56, 26
54, 28
53, 28
50, 31
49, 31
45, 35
44, 35
40, 39
39, 39
31, 47
31, 48
28, 51
28, 52
25, 55
25, 56
24, 57
24, 58
23, 59
23, 60
22, 61
22, 62
21, 63
21, 65
20, 66
20, 68
19, 69
19, 71
18, 72
18, 74
17, 75
17, 77
16, 78
16, 81
15, 82
15, 85
14, 86
14, 90
13, 91
13, 95
12, 96
12, 101
11, 102
11, 110
10, 111
10, 127
9, 128
9, 154
8, 155
8, 170
9, 171
9, 184
10, 185
10, 194
11, 195
11, 201
12, 202
12, 207
13, 208
13, 211
14, 212
14, 216
15, 217
15, 219
16, 220
16, 222
17, 223
17, 225
18, 226
18, 228
19, 229
19, 230
20, 231
20, 232
21, 233
21, 234
22, 235
22, 236
23, 237
23, 238
24, 239
24, 240
26, 242
26, 243
29, 246
29, 247
32, 250
33, 250
36, 253
37, 253
39, 255
40, 255
41, 256
42, 256
43, 257
44, 257
45, 258
47, 258
48, 259
51, 259
52, 260
56, 260
57, 261
67, 261
68, 260
72, 260
73, 259
74, 259
75, 258
76, 258
77, 257
78, 257
79, 256
80, 256
82, 254
83, 254
84, 253
85, 253
87, 251
88, 251
89, 250
90, 250
92, 248
93, 248
95, 246
96, 246
98, 244
99, 244
101, 242
102, 242
107, 237
108, 237
110, 235
110, 234
117, 227
117, 226
123, 220
123, 219
128, 214
128, 213
131, 210
131, 209
132, 208
133, 208
143, 198
144, 199
144, 200
143, 201
143, 206
142, 207
142, 233
143, 234
143, 240
144, 241
144, 243
145, 244
145, 246
147, 248
147, 249
150, 252
157, 252
158, 251
160, 251
161, 250
162, 250
163, 251
162, 252
162, 255
161, 256
161, 259
160, 260
160, 262
159, 263
159, 264
158, 265
158, 267
157, 268
157, 269
156, 270
156, 272
155, 273
155, 274
154, 275
154, 276
153, 277
153, 279
152, 280
152, 281
151, 282
151, 283
150, 284
150, 286
149, 287
149, 288
148, 289
148, 290
147, 291
147, 292
146, 293
146, 294
145, 295
137, 295
136, 294
130, 294
129, 293
123, 293
122, 292
117, 292
116, 291
112, 291
111, 290
108, 290
107, 289
104, 289
103, 288
101, 288
100, 287
97, 287
96, 286
92, 286
91, 285
68, 285
67, 286
60, 286
59, 287
53, 287
52, 288
50, 288
49, 289
47, 289
46, 290
45, 290
44, 291
43, 291
42, 292
41, 292
40, 293
39, 293
37, 295
36, 295
28, 303
28, 304
26, 306
26, 308
25, 309
25, 311
24, 312
24, 324
25, 325
25, 327
26, 328
26, 329
27, 330
27, 331
28, 332
28, 333
30, 335
30, 336
39, 345
40, 345
42, 347
43, 347
45, 349
46, 349
47, 350
49, 350
50, 351
52, 351
53, 352
56, 352
57, 353
61, 353
62, 354
69, 354
70, 355
82, 355
83, 354
90, 354
91, 353
93, 353
94, 352
96, 352
97, 351
98, 351
99, 350
101, 350
102, 349
103, 349
105, 347
106, 347
107, 346
108, 346
110, 344
111, 344
115, 340
116, 340
131, 325
131, 324
135, 320
135, 319
137, 317
137, 316
139, 314
139, 313
141, 311
141, 310
142, 309
142, 308
144, 306
144, 305
145, 304
145, 303
146, 302
146, 301
147, 300
154, 300
155, 301
159, 301
160, 302
162, 302
163, 303
164, 303
165, 304
166, 304
167, 305
168, 305
169, 306
171, 306
172, 307
177, 307
178, 308
180, 308
181, 307
188, 307
189, 306
195, 306
196, 305
202, 305
203, 304
204, 304
204, 301
200, 301
199, 302
193, 302
192, 303
186, 303
185, 304
174, 304
173, 303
171, 303
170, 302
169, 302
168, 301
167, 301
166, 300
165, 300
164, 299
162, 299
161, 298
158, 298
157, 297
152, 297
150, 295
150, 293
151, 292
151, 291
152, 290
152, 289
153, 288
153, 286
154, 285
154, 284
155, 283
155, 282
156, 281
156, 280
157, 279
157, 277
158, 276
158, 275
159, 274
159, 272
160, 271
160, 270
161, 269
161, 268
162, 267
162, 265
163, 264
163, 262
164, 261
164, 259
165, 258
165, 255
166, 254
166, 251
167, 250
167, 247
168, 246
168, 244
170, 242
170, 241
173, 238
173, 237
175, 235
175, 234
176, 233
176, 232
177, 231
177, 229
178, 228
178, 226
179, 225
179, 221
180, 220
180, 216
181, 215
181, 209
182, 208
182, 198
181, 197
178, 197
177, 198
177, 199
175, 201
175, 202
174, 203
174, 205
173, 206
173, 208
172, 209
172, 212
171, 213
171, 215
170, 216
170, 219
169, 220
169, 225
168, 226
168, 230
167, 231
167, 235
166, 236
166, 239
165, 240
165, 241
164, 242
164, 243
162, 245
161, 245
159, 247
158, 247
157, 248
156, 248
155, 249
152, 249
150, 247
150, 246
149, 245
149, 244
148, 243
148, 242
147, 241
147, 238
146, 237
146, 228
145, 227
145, 213
146, 212
146, 204
147, 203
147, 199
148, 198
148, 195
149, 194
149, 193
150, 192
150, 190
151, 189
151, 188
152, 187
152, 186
154, 184
154, 183
163, 174
164, 174
165, 173
167, 173
168, 174
169, 174
171, 176
171, 177
173, 179
173, 180
174, 181
174, 182
176, 184
176, 185
177, 186
177, 187
178, 188
178, 189
179, 190
179, 191
181, 193
182, 193
183, 192
183, 189
182, 188
182, 185
181, 184
181, 181
180, 180
180, 177
179, 176
179, 174
178, 173
178, 172
175, 169
174, 169
173, 168
167, 168
166, 169
164, 169
163, 170
162, 170
161, 171
160, 171
151, 180
151, 181
148, 184
148, 185
145, 188
145, 189
142, 192
142, 193
139, 196
139, 197
133, 203
132, 203
127, 208
127, 209
124, 212
124, 213
119, 218
119, 219
112, 226
112, 227
101, 238
100, 238
97, 241
96, 241
94, 243
93, 243
91, 245
90, 245
89, 246
88, 246
86, 248
85, 248
83, 250
82, 250
81, 251
80, 251
78, 253
77, 253
76, 254
75, 254
74, 255
73, 255
72, 256
70, 256
69, 257
55, 257
54, 256
51, 256
50, 255
47, 255
46, 254
45, 254
44, 253
43, 253
42, 252
41, 252
39, 250
38, 250
29, 241
29, 240
27, 238
27, 237
26, 236
26, 235
25, 234
25, 233
24, 232
24, 231
23, 230
23, 229
22, 228
22, 226
21, 225
21, 224
20, 223
20, 221
19, 220
19, 218
18, 217
18, 214
17, 213
17, 210
16, 209
16, 205
15, 204
15, 198
14, 197
14, 191
13, 190
13, 180
12, 179
12, 137
13, 136
13, 117
14, 116
14, 106
15, 105
15, 100
16, 99
16, 93
17, 92
17, 89
18, 88
18, 85
19, 84
19, 81
20, 80
20, 77
21, 76
21, 74
22, 73
22, 71
23, 70
23, 68
24, 67
24, 65
25, 64
25, 63
26, 62
26, 61
27, 60
27, 59
28, 58
28, 57
31, 54
31, 53
35, 49
35, 48
40, 43
41, 43
45, 39
46, 39
50, 35
51, 35
54, 32
55, 32
57, 30
58, 30
60, 28
61, 28
63, 26
64, 26
65, 25
66, 25
67, 24
68, 24
70, 22
71, 22
72, 21
73, 21
74, 20
76, 20
77, 19
92, 19
93, 20
95, 20
96, 21
97, 21
99, 23
100, 23
103, 26
104, 26
115, 37
115, 38
117, 40
117, 41
119, 43
119, 44
120, 45
120, 46
121, 47
121, 48
122, 49
122, 50
124, 52
124, 53
125, 54
125, 56
126, 57
126, 59
127, 60
127, 63
128, 64
128, 67
129, 68
129, 72
130, 73
130, 80
131, 81
131, 111
130, 112
130, 131
129, 132
129, 143
128, 144
128, 151
127, 152
127, 158
126, 159
126, 165
125, 166
125, 170
124, 171
124, 173
123, 174
123, 176
122, 177
122, 179
121, 180
121, 181
120, 182
120, 183
119, 184
119, 186
118, 187
118, 188
117, 189
117, 190
116, 191
116, 192
115, 193
115, 194
114, 195
114, 196
113, 197
113, 198
112, 199
112, 200
110, 202
110, 203
109, 204
109, 205
107, 207
107, 208
106, 209
106, 210
104, 212
104, 213
102, 215
102, 216
96, 222
95, 222
94, 223
92, 223
91, 224
85, 224
84, 223
80, 223
79, 222
77, 222
76, 221
75, 221
71, 217
71, 216
69, 214
69, 213
68, 212
68, 210
67, 209
67, 208
66, 207
66, 206
65, 205
65, 203
64, 202
64, 200
63, 199
63, 198
62, 197
62, 195
61, 194
61, 193
60, 192
60, 190
59, 189
59, 187
58, 186
58, 184
57, 183
57, 179
56, 178
56, 168
57, 167
57, 164
58, 163
58, 161
59, 160
59, 159
60, 158
60, 156
61, 155
61, 153
62, 152
62, 151
63, 150
63, 148
64, 147
64, 146
65, 145
65, 144
66, 143
66, 142
67, 141
67, 140
68, 139
68, 138
69, 137
69, 136
70, 135
70, 134
71, 133
71, 132
72, 131
72, 130
73, 129
73, 128
74, 127
74, 126
75, 125
75, 124
76, 123
76, 122
77, 121
77, 120
79, 118
79, 117
80, 116
80, 115
82, 113
82, 112
83, 111
83, 110
85, 108
85, 107
86, 106
86, 105
87, 104
87, 103
89, 101
89, 100
90, 99
90, 98
91, 97
91, 96
93, 94
93, 93
94, 92
94, 91
95, 90
95, 86
92, 86
91, 87
91, 88
89, 90
89, 91
87, 93
87, 94
85, 96
85, 97
84, 98
84, 99
83, 100
83, 101
81, 103
81, 104
80, 105
80, 106
78, 108
78, 109
77, 110
77, 111
75, 113
75, 114
74, 115
74, 116
73, 117
73, 118
71, 120
71, 121
70, 122
70, 123
69, 124
69, 125
68, 126
68, 127
67, 128
67, 129
66, 130
66, 131
65, 132
65, 133
64, 134
64, 135
63, 136
63, 137
62, 138
62, 140
61, 141
61, 142
60, 143
60, 145
59, 146
59, 148
58, 149
58, 150
57, 151
57, 153
56, 154
56, 156
55, 157
55, 159
54, 160
54, 163
53, 164
53, 165
52, 166
51, 165
51, 158
52, 157
52, 146
53, 145
53, 136
54, 135
54, 128
55, 127
55, 120
56, 119
56, 113
57, 112
57, 106
58, 105
58, 100
59, 99
59, 93
60, 92
60, 87
61, 86
61, 81
62, 80
62, 75
63, 74
63, 69
64, 68
64, 63
65, 62
65, 57
66, 56
66, 52
67, 51
67, 46
68, 45
68, 42
69, 41
69, 37
70, 36
70, 33
71, 32
71, 30
73, 28
73, 26
69, 26
69, 27
68, 28
68, 29
67, 30
67, 33
66, 34
66, 38
65, 39
65, 42
64, 43
64, 47
63, 48
63, 53
62, 54
62, 58
61, 59
61, 65
60, 66
60, 71
59, 72
59, 77
58, 78
58, 83
57, 84
57, 89
56, 90
56, 95
55, 96
55, 102
54, 103
54, 108
53, 109
53, 115
52, 116
52, 122
51, 123
51, 131
50, 132
50, 140
49, 141
49, 151
48, 152
48, 164
47, 165
47, 180
46, 181
46, 192
45, 193
45, 197
44, 198
44, 202
43, 203
43, 211
42, 212
42, 234
45, 234
45, 233
46, 232
46, 226
47, 225
47, 216
48, 215
48, 203
49, 202
49, 192
50, 191
50, 187
51, 186
51, 184
53, 182
54, 183
54, 185
55, 186
55, 188
56, 189
56, 191
57, 192
57, 194
58, 195
58, 196
59, 197
59, 199
60, 200
60, 202
61, 203
61, 204
62, 205
62, 207
63, 208
63, 209
64, 210
64, 212
65, 213
65, 214
66, 215
66, 216
68, 218
68, 219
70, 221
70, 222
71, 223
72, 223
73, 224
74, 224
75, 225
76, 225
77, 226
81, 226
82, 227
94, 227
95, 226
97, 226
100, 223
101, 223
102, 222
102, 221
105, 218
105, 217
107, 215
107, 214
109, 212
109, 211
110, 210
110, 209
112, 207
112, 206
113, 205
113, 204
115, 202
115, 201
116, 200
116, 199
117, 198
117, 197
118, 196
118, 195
119, 194
119, 193
120, 192
120, 191
121, 190
121, 189
122, 188
122, 187
123, 186
123, 184
124, 183
124, 182
125, 181
125, 179
126, 178
126, 176
127, 175
127, 173
128, 172
128, 169
129, 168
129, 163
130, 162
130, 156
131, 155
131, 149
132, 148
132, 139
133, 138
133, 122
134, 121
134, 100
135, 99
135, 91
134, 90
134, 76
133, 75
133, 70
132, 69
132, 65
131, 64
131, 61
130, 60
130, 57
129, 56
129, 55
128, 54
128, 52
127, 51
127, 50
126, 49
126, 48
124, 46
124, 45
123, 44
123, 43
122, 42
122, 41
120, 39
120, 38
118, 36
118, 35
113, 30
113, 29
112, 29
105, 22
104, 22
101, 19
100, 19
99, 18
98, 18
97, 17
95, 17
94, 16
91, 16
90, 15
71, 289
72, 288
86, 288
87, 289
93, 289
94, 290
97, 290
98, 291
101, 291
102, 292
104, 292
105, 293
108, 293
109, 294
113, 294
114, 295
119, 295
120, 296
126, 296
127, 297
133, 297
134, 298
140, 298
141, 299
142, 299
142, 301
142, 302
141, 303
141, 304
139, 306
139, 307
138, 308
138, 309
136, 311
136, 312
134, 314
134, 315
131, 318
131, 319
126, 324
126, 325
115, 336
114, 336
109, 341
108, 341
106, 343
105, 343
104, 344
103, 344
101, 346
100, 346
99, 347
97, 347
96, 348
95, 348
94, 349
92, 349
91, 350
88, 350
65, 351
64, 350
60, 350
59, 349
55, 349
54, 348
52, 348
51, 347
50, 347
49, 346
47, 346
45, 344
44, 344
42, 342
41, 342
34, 335
34, 334
31, 331
31, 330
30, 329
30, 328
29, 327
29, 326
28, 325
28, 322
27, 314
28, 313
28, 311
29, 310
29, 309
30, 308
30, 307
31, 306
31, 305
38, 298
39, 298
41, 296
42, 296
43, 295
44, 295
45, 294
46, 294
47, 293
49, 293
50, 292
51, 292
52, 291
56, 291
64, 290
65, 289
173, 229
171, 230
175, 212
177, 217
176, 218
176, 222
175, 223
175, 226
174, 227
174, 228
173, 229
172, 223
173, 222
173, 219
174, 218
174, 215
175, 214
176, 209
178, 211
