348, 2
350, 367
4, 369
2, 4
301, 284
300, 285
300, 286
302, 288
302, 289
305, 292
306, 292
310, 296
311, 296
315, 300
316, 300
318, 302
319, 302
320, 303
321, 303
322, 304
323, 304
324, 305
325, 305
326, 306
328, 306
329, 307
330, 307
331, 308
335, 308
336, 307
336, 306
335, 305
333, 305
332, 304
330, 304
329, 303
328, 303
327, 302
326, 302
325, 301
324, 301
323, 300
322, 300
321, 299
320, 299
319, 298
318, 298
314, 294
313, 294
309, 290
308, 290
304, 286
304, 285
303, 284
162, 15
161, 16
158, 16
157, 17
156, 17
154, 19
153, 19
152, 20
152, 21
149, 24
149, 25
148, 26
148, 27
147, 28
147, 29
146, 30
146, 31
145, 32
145, 34
144, 35
144, 38
143, 39
143, 42
142, 43
142, 49
141, 50
141, 72
142, 73
142, 80
143, 81
143, 87
144, 88
144, 92
145, 93
145, 97
146, 98
146, 102
147, 103
147, 105
148, 106
148, 109
149, 110
149, 112
150, 113
150, 115
151, 116
151, 118
152, 119
152, 120
153, 121
153, 123
154, 124
154, 126
155, 127
155, 128
156, 129
156, 130
157, 131
157, 133
158, 134
158, 135
159, 136
159, 137
160, 138
160, 139
161, 140
161, 141
162, 142
162, 143
163, 144
163, 145
164, 146
164, 147
166, 149
166, 150
167, 151
167, 152
169, 154
169, 155
170, 156
170, 157
172, 159
172, 160
173, 161
173, 162
175, 164
175, 165
177, 167
177, 168
180, 171
180, 172
183, 175
183, 176
186, 179
186, 180
192, 186
192, 187
233, 228
233, 231
234, 232
234, 239
235, 240
235, 248
236, 249
236, 255
237, 256
237, 262
238, 263
238, 269
239, 270
239, 272
238, 273
235, 270
234, 270
233, 269
231, 269
228, 272
227, 272
223, 268
222, 268
215, 261
214, 261
212, 259
212, 257
211, 256
211, 253
210, 252
210, 250
209, 249
209, 248
208, 247
208, 245
207, 244
207, 243
206, 242
206, 241
205, 240
205, 239
203, 237
203, 236
202, 235
202, 234
194, 226
193, 226
191, 224
190, 224
187, 221
186, 221
183, 218
182, 218
179, 215
178, 215
177, 214
176, 214
175, 213
174, 213
173, 212
166, 212
162, 216
160, 214
160, 213
159, 212
159, 210
158, 209
158, 207
157, 206
157, 203
156, 202
156, 199
155, 198
155, 192
154, 191
154, 184
153, 183
151, 183
150, 184
150, 188
151, 189
151, 195
152, 196
152, 203
153, 204
153, 212
154, 213
154, 220
155, 221
155, 222
154, 223
153, 223
152, 222
151, 222
150, 221
149, 221
147, 219
147, 215
146, 214
146, 211
145, 210
145, 208
144, 207
144, 206
143, 205
143, 203
142, 202
142, 201
140, 199
140, 198
134, 192
133, 192
132, 191
129, 191
128, 192
127, 192
126, 193
126, 194
125, 195
124, 195
122, 193
122, 192
117, 187
116, 187
114, 185
113, 185
112, 184
106, 184
105, 185
104, 185
103, 186
103, 187
102, 188
102, 189
100, 191
98, 191
97, 190
96, 190
95, 189
94, 189
92, 187
91, 187
90, 186
89, 186
88, 185
87, 185
86, 184
85, 184
84, 183
83, 183
82, 182
82, 180
81, 179
81, 174
80, 173
80, 168
79, 167
79, 162
78, 161
78, 152
79, 151
79, 127
80, 126
80, 77
79, 76
79, 46
78, 45
78, 31
77, 30
77, 23
75, 21
74, 21
72, 23
72, 25
71, 26
71, 29
70, 30
70, 37
69, 38
69, 49
68, 50
68, 94
69, 95
69, 110
70, 111
70, 122
71, 123
71, 132
72, 133
72, 141
73, 142
73, 148
74, 149
74, 155
75, 156
75, 173
76, 174
76, 178
75, 179
74, 179
73, 178
71, 178
70, 177
69, 177
68, 176
66, 176
65, 175
64, 175
63, 174
61, 174
60, 173
59, 173
58, 172
55, 172
54, 171
52, 171
51, 170
49, 170
48, 169
44, 169
43, 168
38, 168
37, 167
30, 167
29, 168
25, 168
24, 169
23, 169
18, 174
18, 175
17, 176
17, 177
16, 178
16, 181
15, 182
15, 194
16, 195
16, 199
17, 200
17, 203
18, 204
18, 206
19, 207
19, 209
20, 210
20, 211
21, 212
21, 214
22, 215
22, 216
23, 217
23, 218
24, 219
24, 220
25, 221
25, 222
26, 223
26, 224
27, 225
27, 226
28, 227
28, 228
29, 229
29, 230
30, 231
30, 232
31, 233
31, 234
32, 235
32, 236
33, 237
33, 238
34, 239
34, 240
35, 241
35, 242
37, 244
37, 245
38, 246
38, 247
40, 249
40, 250
41, 251
41, 252
44, 255
44, 256
46, 258
46, 259
48, 261
48, 262
51, 265
51, 266
54, 269
54, 270
57, 273
57, 274
62, 279
62, 280
67, 285
67, 286
72, 291
72, 292
78, 298
78, 299
86, 307
86, 308
96, 318
97, 318
105, 326
106, 326
110, 330
111, 330
114, 333
115, 333
117, 335
118, 335
120, 337
121, 337
123, 339
124, 339
126, 341
127, 341
128, 342
129, 342
130, 343
131, 343
132, 344
133, 344
134, 345
135, 345
136, 346
137, 346
138, 347
140, 347
141, 348
143, 348
144, 349
146, 349
147, 350
149, 350
150, 351
154, 351
155, 352
159, 352
160, 353
166, 353
167, 354
176, 354
177, 355
180, 355
181, 354
190, 354
191, 353
194, 353
195, 352
197, 352
198, 351
199, 351
200, 350
201, 350
203, 348
204, 348
209, 343
209, 342
211, 340
211, 339
212, 338
212, 336
213, 335
213, 333
214, 332
214, 329
215, 328
215, 324
216, 323
216, 314
217, 313
217, 293
216, 292
216, 278
215, 277
215, 270
214, 269
214, 267
215, 266
218, 269
219, 269
227, 277
229, 277
233, 273
235, 275
235, 276
237, 278
237, 279
238, 280
238, 281
239, 282
239, 283
240, 284
240, 285
241, 286
241, 287
242, 288
242, 290
243, 291
243, 294
244, 295
244, 296
245, 297
245, 298
247, 300
249, 300
249, 299
250, 298
249, 297
249, 295
248, 294
248, 293
247, 292
247, 291
246, 290
246, 289
245, 288
245, 285
244, 284
244, 280
243, 279
243, 274
242, 273
242, 268
241, 267
241, 262
240, 261
240, 254
239, 253
239, 247
238, 246
238, 238
237, 237
237, 234
238, 233
239, 233
246, 240
246, 241
267, 262
271, 262
271, 260
270, 259
269, 259
246, 236
246, 235
244, 233
243, 233
237, 227
237, 226
236, 225
236, 220
235, 219
235, 211
234, 210
234, 202
233, 201
233, 192
232, 191
232, 183
231, 182
231, 174
230, 173
230, 164
229, 163
229, 155
228, 154
228, 146
227, 145
227, 139
226, 138
226, 132
225, 131
225, 126
224, 125
224, 120
223, 119
223, 115
222, 114
222, 111
221, 110
221, 106
220, 105
220, 102
219, 101
219, 98
218, 97
218, 94
217, 93
217, 91
216, 90
216, 87
215, 86
215, 84
214, 83
214, 81
213, 80
213, 78
212, 77
212, 75
211, 74
211, 72
210, 71
210, 70
209, 69
209, 67
208, 66
208, 65
207, 64
207, 62
206, 61
206, 60
205, 59
205, 58
204, 57
204, 56
203, 55
203, 54
202, 53
202, 52
201, 51
201, 50
200, 49
200, 48
198, 46
198, 45
196, 43
196, 42
195, 41
195, 40
192, 37
192, 36
190, 34
190, 33
185, 28
185, 27
183, 25
182, 25
177, 20
176, 20
174, 18
173, 18
172, 17
171, 17
170, 16
167, 16
166, 15
151, 226
152, 226
153, 227
154, 227
156, 234
157, 235
157, 240
158, 241
158, 246
159, 247
159, 251
157, 251
157, 250
154, 247
154, 246
151, 243
151, 242
149, 240
149, 239
147, 237
147, 236
147, 234
147, 226
158, 222
160, 222
160, 223
162, 226
160, 227
159, 226
159, 225
136, 218
137, 217
138, 218
139, 218
141, 220
142, 220
144, 222
144, 228
143, 229
140, 226
140, 225
139, 224
139, 223
138, 222
138, 221
136, 219
168, 215
172, 215
173, 216
174, 216
176, 218
177, 218
179, 220
180, 220
183, 223
184, 223
187, 226
188, 226
190, 228
191, 228
200, 237
200, 238
201, 239
201, 240
202, 241
202, 242
203, 243
203, 244
204, 245
204, 246
205, 247
205, 248
206, 249
206, 250
207, 251
207, 253
206, 254
205, 254
202, 251
201, 251
199, 249
198, 249
196, 247
195, 247
193, 245
192, 245
191, 244
190, 244
188, 242
187, 242
186, 241
185, 241
184, 240
183, 240
181, 238
180, 238
179, 237
178, 237
177, 236
176, 236
174, 234
173, 234
172, 233
172, 232
168, 228
168, 227
166, 225
166, 224
165, 223
165, 218
122, 209
123, 209
124, 210
124, 218
125, 219
125, 224
126, 225
126, 226
128, 226
129, 225
129, 223
130, 222
130, 219
131, 218
134, 221
134, 222
135, 223
135, 224
137, 226
137, 227
138, 228
138, 229
139, 230
139, 231
141, 233
141, 234
142, 235
142, 238
141, 239
141, 241
139, 243
135, 243
134, 242
133, 242
126, 235
126, 234
124, 232
124, 230
123, 229
123, 228
122, 227
122, 224
121, 223
121, 217
120, 216
120, 211
130, 194
131, 195
132, 195
138, 201
138, 202
139, 203
139, 204
140, 205
140, 206
141, 207
141, 209
142, 210
142, 212
143, 213
143, 215
142, 216
141, 216
139, 214
138, 214
137, 213
136, 213
134, 211
133, 211
132, 210
131, 210
129, 208
129, 205
128, 204
128, 202
127, 201
127, 200
128, 199
128, 196
107, 187
110, 187
111, 188
112, 188
113, 189
120, 195
120, 196
122, 198
122, 199
123, 200
123, 201
124, 202
123, 204
121, 204
120, 203
119, 203
118, 202
117, 202
115, 200
114, 200
113, 199
112, 199
111, 198
110, 198
108, 196
107, 196
106, 195
104, 194
104, 191
105, 190
83, 188
84, 187
85, 188
86, 188
87, 189
88, 189
89, 190
90, 190
91, 191
92, 191
93, 192
94, 192
95, 193
96, 193
100, 197
99, 198
99, 243
98, 244
96, 242
96, 240
95, 239
95, 237
94, 236
94, 234
93, 233
93, 231
92, 230
92, 227
91, 226
91, 223
90, 222
90, 219
89, 218
89, 215
88, 214
88, 211
87, 210
87, 206
86, 205
86, 202
85, 201
85, 197
84, 196
84, 192
83, 191
26, 172
27, 171
42, 171
43, 172
46, 172
47, 173
50, 173
51, 174
53, 174
54, 175
56, 175
57, 176
59, 176
60, 177
61, 177
62, 178
64, 178
65, 179
66, 179
67, 180
69, 180
70, 181
71, 181
72, 182
73, 182
74, 183
76, 183
77, 184
77, 185
78, 186
78, 188
79, 189
79, 236
80, 237
80, 266
79, 267
79, 271
80, 272
82, 272
82, 271
83, 270
83, 231
82, 230
82, 209
83, 208
84, 209
84, 211
85, 212
85, 216
86, 217
86, 220
87, 221
87, 224
88, 225
88, 228
89, 229
89, 231
90, 232
90, 234
91, 235
91, 238
92, 239
92, 241
93, 242
93, 243
94, 244
94, 246
95, 247
95, 248
96, 249
96, 250
97, 251
97, 252
98, 253
100, 253
101, 252
101, 250
102, 249
102, 201
103, 200
103, 199
104, 198
105, 199
106, 199
107, 200
108, 200
109, 201
110, 201
112, 203
113, 203
114, 204
115, 204
118, 207
118, 208
117, 209
117, 218
118, 219
118, 224
119, 225
119, 228
120, 229
120, 231
121, 232
121, 233
122, 234
122, 235
124, 237
124, 238
130, 244
131, 244
132, 245
133, 245
134, 246
135, 246
136, 247
139, 247
140, 246
141, 246
143, 244
143, 243
145, 241
146, 241
147, 242
147, 243
149, 245
149, 246
152, 249
152, 250
155, 253
155, 254
156, 255
156, 256
158, 258
158, 259
159, 260
159, 261
160, 262
160, 263
161, 264
161, 266
162, 267
162, 268
163, 269
163, 270
164, 271
166, 271
166, 266
165, 265
165, 261
164, 260
164, 255
163, 254
163, 250
162, 249
162, 245
161, 244
161, 239
160, 238
160, 232
161, 231
162, 232
163, 232
164, 233
165, 233
167, 235
168, 235
177, 244
179, 244
181, 242
182, 243
183, 243
185, 245
186, 245
187, 246
188, 246
189, 247
190, 247
192, 249
193, 249
195, 251
196, 251
198, 253
199, 253
202, 256
203, 256
207, 260
208, 260
209, 261
209, 262
210, 263
210, 265
211, 266
211, 271
212, 272
212, 279
213, 280
213, 300
214, 301
214, 303
213, 304
213, 321
212, 322
212, 327
211, 328
211, 331
210, 332
210, 334
209, 335
209, 336
208, 337
208, 338
207, 339
207, 340
201, 346
200, 346
198, 348
196, 348
195, 349
194, 349
193, 350
189, 350
188, 351
169, 351
168, 350
162, 350
161, 349
157, 349
156, 348
152, 348
151, 347
148, 347
147, 346
145, 346
144, 345
142, 345
141, 344
140, 344
139, 343
137, 343
136, 342
135, 342
134, 341
133, 341
132, 340
131, 340
130, 339
129, 339
127, 337
126, 337
124, 335
123, 335
121, 333
120, 333
118, 331
117, 331
114, 328
113, 328
109, 324
108, 324
101, 317
100, 317
87, 304
87, 303
79, 295
79, 294
74, 289
74, 288
69, 283
69, 282
64, 277
64, 276
59, 271
59, 270
56, 267
56, 266
53, 263
53, 262
50, 259
50, 258
48, 256
48, 255
46, 253
46, 252
44, 250
44, 249
42, 247
42, 246
41, 245
41, 244
39, 242
39, 241
38, 240
38, 239
37, 238
37, 237
35, 235
35, 234
34, 233
34, 232
33, 231
33, 230
32, 229
32, 228
31, 227
31, 226
30, 225
30, 224
29, 223
29, 222
28, 221
28, 220
27, 219
27, 218
26, 217
26, 215
25, 214
25, 213
24, 212
24, 211
23, 210
23, 208
22, 207
22, 205
21, 204
21, 202
20, 201
20, 199
19, 198
19, 193
18, 192
18, 183
19, 182
19, 179
20, 178
20, 177
22, 175
22, 174
23, 173
24, 173
25, 172
73, 36
74, 35
75, 36
75, 50
76, 51
76, 129
75, 130
74, 129
74, 121
73, 120
73, 109
72, 108
72, 88
71, 87
71, 56
72, 55
72, 40
73, 39
159, 20
160, 19
168, 19
169, 20
170, 20
171, 21
172, 21
173, 22
174, 22
178, 26
179, 26
184, 31
184, 32
188, 36
188, 37
190, 39
190, 40
192, 42
192, 43
194, 45
194, 46
196, 48
196, 49
197, 50
197, 51
198, 52
198, 53
200, 55
200, 56
201, 57
201, 59
202, 60
202, 61
203, 62
203, 63
204, 64
204, 65
205, 66
205, 68
206, 69
206, 70
207, 71
207, 73
208, 74
208, 75
209, 76
209, 78
210, 79
210, 81
211, 82
211, 84
212, 85
212, 88
213, 89
213, 91
214, 92
214, 95
215, 96
215, 98
216, 99
216, 102
217, 103
217, 107
218, 108
218, 111
219, 112
219, 116
220, 117
220, 121
221, 122
221, 127
222, 128
222, 133
223, 134
223, 139
224, 140
224, 147
225, 148
225, 156
226, 157
226, 165
227, 166
227, 175
228, 176
228, 184
229, 185
229, 194
230, 195
230, 203
231, 204
231, 212
232, 213
232, 220
231, 221
193, 183
193, 182
188, 177
188, 176
185, 173
185, 172
182, 169
182, 168
180, 166
180, 165
177, 162
177, 161
176, 160
176, 159
174, 157
174, 156
172, 154
172, 153
171, 152
171, 151
170, 150
170, 149
168, 147
168, 146
167, 145
167, 144
166, 143
166, 142
165, 141
165, 140
164, 139
164, 138
162, 136
162, 134
161, 133
161, 132
160, 131
160, 130
159, 129
159, 128
158, 127
158, 125
157, 124
157, 123
156, 122
156, 120
155, 119
155, 117
154, 116
154, 115
153, 114
153, 112
152, 111
152, 108
151, 107
151, 105
150, 104
150, 101
149, 100
149, 96
148, 95
148, 92
147, 91
147, 87
146, 86
146, 79
145, 78
145, 68
144, 67
144, 53
145, 52
145, 44
146, 43
146, 40
147, 39
147, 36
148, 35
148, 34
149, 33
149, 31
150, 30
150, 29
151, 28
151, 27
154, 24
154, 23
156, 21
157, 21
158, 20
