3, 300
3, 298
5, 296
55, 296
57, 298
57, 300
59, 300
59, 298
61, 296
111, 296
113, 298
113, 300
115, 300
115, 298
117, 296
167, 296
169, 298
169, 300
171, 300
171, 298
173, 296
224, 296
226, 298
226, 300
228, 300
228, 298
230, 296
280, 296
282, 298
282, 300
284, 300
284, 298
286, 296
336, 296
338, 298
338, 300
340, 300
340, 298
342, 296
392, 296
394, 298
394, 300
396, 300
396, 298
398, 296
448, 296
450, 298
450, 300
452, 300
452, 298
454, 296
4, 2
496, 4
494, 294
2, 292
407, 168
406, 169
405, 169
405, 170
404, 171
404, 173
403, 174
403, 176
404, 177
404, 178
405, 179
405, 180
407, 182
408, 182
410, 184
411, 184
412, 185
413, 185
414, 186
416, 186
417, 187
419, 187
420, 188
424, 188
425, 189
431, 189
432, 190
447, 190
448, 189
455, 189
456, 188
461, 188
462, 187
466, 187
467, 186
471, 186
472, 185
475, 185
476, 184
477, 184
477, 180
476, 179
470, 179
469, 180
465, 180
464, 181
460, 181
459, 182
453, 182
452, 183
444, 183
443, 184
436, 184
435, 183
427, 183
426, 182
422, 182
421, 181
419, 181
418, 180
416, 180
415, 179
414, 179
410, 175
410, 173
411, 172
411, 171
409, 169
408, 169
247, 13
245, 15
245, 25
246, 26
246, 29
247, 30
247, 32
248, 33
248, 34
249, 35
249, 37
250, 38
250, 39
251, 40
251, 41
252, 42
252, 43
253, 44
253, 45
254, 46
254, 47
255, 48
255, 49
257, 51
257, 52
258, 53
258, 54
260, 56
260, 57
262, 59
262, 60
264, 62
264, 63
266, 65
266, 66
269, 69
269, 70
271, 72
271, 73
274, 76
274, 77
278, 81
278, 82
281, 85
281, 86
285, 90
285, 91
289, 95
289, 96
294, 101
294, 102
298, 106
298, 107
303, 112
303, 113
308, 118
308, 119
310, 121
310, 122
311, 123
311, 125
312, 126
312, 128
313, 129
313, 131
314, 132
314, 134
315, 135
315, 137
316, 138
316, 140
317, 141
317, 143
318, 144
318, 148
319, 149
319, 162
318, 163
318, 165
317, 166
315, 166
312, 163
312, 161
311, 160
311, 158
310, 157
310, 156
309, 155
309, 154
308, 153
308, 152
307, 151
307, 150
306, 149
306, 148
304, 146
304, 145
302, 143
302, 142
295, 135
294, 135
292, 133
291, 133
289, 131
288, 131
287, 130
286, 130
285, 129
284, 129
283, 128
281, 128
280, 127
278, 127
277, 126
274, 126
273, 125
267, 125
266, 124
257, 124
256, 125
253, 125
252, 126
251, 126
250, 127
249, 127
247, 129
247, 130
245, 132
245, 134
244, 135
244, 138
243, 139
240, 139
239, 138
236, 138
235, 137
234, 137
233, 136
229, 136
228, 135
225, 135
224, 134
222, 134
221, 133
219, 133
218, 132
215, 132
214, 131
212, 131
211, 130
209, 130
208, 129
205, 129
204, 128
202, 128
201, 127
199, 127
198, 126
196, 126
195, 125
193, 125
192, 124
191, 124
190, 123
188, 123
187, 122
185, 122
184, 121
182, 121
181, 120
179, 120
178, 119
177, 119
176, 118
174, 118
173, 117
171, 117
170, 116
168, 116
167, 115
165, 115
164, 114
162, 114
161, 113
160, 113
159, 112
157, 112
156, 111
154, 111
153, 110
151, 110
150, 109
148, 109
147, 108
145, 108
144, 107
143, 107
142, 106
140, 106
139, 105
137, 105
136, 104
134, 104
133, 103
132, 103
131, 102
129, 102
128, 101
126, 101
125, 100
123, 100
122, 99
121, 99
120, 98
118, 98
117, 97
115, 97
114, 96
112, 96
111, 95
109, 95
108, 94
106, 94
105, 93
103, 93
102, 92
100, 92
99, 91
97, 91
96, 90
94, 90
93, 89
90, 89
89, 88
86, 88
85, 87
82, 87
81, 86
78, 86
77, 85
74, 85
73, 84
68, 84
67, 83
63, 83
61, 81
61, 80
60, 79
60, 76
59, 75
59, 72
58, 71
58, 69
57, 68
57, 66
56, 65
56, 62
55, 61
55, 59
54, 58
54, 56
53, 55
53, 53
52, 52
52, 50
51, 49
51, 47
50, 46
50, 44
49, 43
49, 42
48, 41
48, 39
47, 38
47, 37
44, 34
42, 34
40, 36
40, 37
39, 38
39, 41
38, 42
38, 58
39, 59
39, 64
40, 65
40, 69
41, 70
41, 72
42, 73
42, 76
43, 77
43, 79
44, 80
44, 83
43, 84
42, 84
41, 85
39, 85
38, 86
37, 86
34, 89
33, 89
31, 91
31, 92
29, 94
29, 95
28, 96
28, 97
27, 98
27, 99
26, 100
26, 101
25, 102
25, 104
24, 105
24, 108
23, 109
23, 114
22, 115
22, 125
21, 126
21, 127
22, 128
22, 145
23, 146
23, 154
24, 155
24, 161
25, 162
25, 166
26, 167
26, 171
27, 172
27, 174
28, 175
28, 177
29, 178
29, 180
30, 181
30, 183
31, 184
31, 185
32, 186
32, 187
33, 188
33, 189
34, 190
34, 191
35, 192
35, 193
37, 195
37, 196
39, 198
39, 199
43, 203
43, 204
58, 219
59, 219
63, 223
64, 223
67, 226
68, 226
71, 229
72, 229
74, 231
75, 231
77, 233
78, 233
80, 235
81, 235
83, 237
84, 237
85, 238
86, 238
88, 240
89, 240
90, 241
91, 241
92, 242
93, 242
94, 243
95, 243
96, 244
97, 244
98, 245
99, 245
100, 246
101, 246
102, 247
103, 247
104, 248
106, 248
107, 249
108, 249
109, 250
110, 250
111, 251
112, 251
113, 252
115, 252
116, 253
117, 253
118, 254
120, 254
121, 255
122, 255
123, 256
124, 256
125, 257
127, 257
128, 258
129, 258
130, 259
132, 259
133, 260
134, 260
135, 261
137, 261
138, 262
139, 262
140, 263
142, 263
143, 264
144, 264
145, 265
146, 265
147, 266
149, 266
150, 267
152, 267
153, 268
155, 268
156, 269
157, 269
158, 270
160, 270
161, 271
163, 271
164, 272
166, 272
167, 273
170, 273
171, 274
173, 274
174, 275
176, 275
177, 276
180, 276
181, 277
184, 277
185, 278
188, 278
189, 279
193, 279
194, 280
199, 280
200, 281
205, 281
206, 282
213, 282
214, 283
236, 283
237, 282
242, 282
243, 281
248, 281
249, 280
253, 280
254, 279
257, 279
258, 278
261, 278
262, 277
265, 277
266, 276
268, 276
269, 275
271, 275
272, 274
274, 274
275, 273
277, 273
278, 272
279, 272
280, 271
281, 271
282, 270
284, 270
286, 268
287, 268
289, 266
290, 266
299, 257
299, 256
301, 254
301, 253
302, 252
302, 251
304, 249
304, 248
305, 247
305, 246
306, 245
306, 243
307, 242
307, 241
308, 240
308, 238
309, 237
309, 235
310, 234
310, 231
311, 230
311, 227
312, 226
312, 223
313, 222
313, 218
314, 217
314, 212
315, 211
315, 204
316, 203
316, 179
315, 178
315, 173
314, 172
314, 170
315, 169
318, 169
319, 168
320, 168
320, 167
321, 166
321, 165
322, 164
322, 148
321, 147
321, 143
320, 142
320, 139
319, 138
319, 136
318, 135
318, 133
317, 132
317, 131
318, 130
320, 132
320, 133
327, 140
327, 141
336, 150
336, 151
352, 167
353, 167
359, 173
360, 173
364, 177
365, 177
368, 180
369, 180
372, 183
373, 183
375, 185
376, 185
378, 187
379, 187
380, 188
381, 188
382, 189
383, 189
384, 190
386, 190
388, 188
387, 187
387, 186
384, 183
382, 183
381, 182
380, 182
379, 181
378, 181
373, 176
371, 176
370, 177
369, 176
368, 176
364, 172
363, 172
358, 167
357, 167
336, 146
336, 145
328, 137
328, 136
321, 129
321, 128
316, 123
316, 122
312, 118
312, 116
311, 115
311, 114
310, 113
310, 111
309, 110
309, 108
308, 107
308, 105
307, 104
307, 103
306, 102
306, 100
305, 99
305, 97
304, 96
304, 94
303, 93
303, 91
302, 90
302, 89
301, 88
301, 86
300, 85
300, 83
299, 82
299, 81
298, 80
298, 78
297, 77
297, 75
296, 74
296, 73
295, 72
295, 70
294, 69
294, 68
293, 67
293, 65
292, 64
292, 63
291, 62
291, 61
290, 60
290, 59
289, 58
289, 56
288, 55
288, 54
287, 53
287, 52
286, 51
286, 50
285, 49
285, 48
283, 46
283, 45
282, 44
282, 43
280, 41
280, 40
279, 39
279, 38
276, 35
276, 34
273, 31
273, 30
262, 19
261, 19
258, 16
257, 16
256, 15
255, 15
254, 14
253, 14
252, 13
242, 169
243, 168
245, 168
248, 171
248, 172
249, 173
249, 174
250, 175
250, 176
251, 177
251, 178
252, 179
252, 180
253, 181
253, 182
254, 183
254, 184
256, 186
256, 187
257, 188
257, 189
258, 190
258, 191
259, 192
259, 193
260, 194
257, 194
257, 193
255, 191
255, 190
253, 188
253, 187
251, 185
251, 184
250, 183
250, 182
248, 180
248, 179
247, 178
247, 177
245, 175
245, 174
244, 173
244, 172
243, 171
243, 170
235, 151
233, 152
237, 142
238, 141
239, 142
241, 142
243, 144
241, 151
241, 150
240, 149
240, 148
239, 147
239, 146
238, 145
238, 144
237, 143
227, 140
228, 139
230, 139
231, 140
231, 141
232, 142
232, 144
233, 145
233, 147
234, 148
232, 150
232, 149
231, 148
231, 147
230, 146
230, 145
229, 144
229, 143
227, 141
197, 129
198, 130
200, 130
201, 131
203, 131
204, 132
207, 132
208, 133
210, 133
211, 134
213, 134
214, 135
216, 135
217, 136
220, 136
222, 138
222, 146
223, 147
223, 152
224, 153
224, 156
225, 157
225, 160
226, 161
226, 164
227, 165
227, 167
228, 168
226, 171
226, 170
224, 168
224, 167
222, 165
222, 164
220, 162
220, 161
218, 159
218, 158
216, 156
216, 155
213, 152
213, 151
211, 149
211, 148
207, 144
207, 143
175, 128
176, 129
177, 129
180, 132
181, 132
196, 147
196, 148
200, 152
200, 153
203, 156
203, 157
205, 159
205, 160
206, 161
206, 162
208, 164
208, 165
209, 166
209, 168
210, 169
210, 170
211, 171
211, 173
212, 177
213, 178
213, 189
212, 190
212, 193
211, 194
211, 196
210, 197
210, 198
209, 199
209, 200
208, 201
208, 202
200, 210
199, 210
189, 211
188, 210
187, 210
180, 203
180, 202
178, 200
178, 199
177, 198
177, 197
176, 196
176, 195
175, 194
175, 193
174, 192
174, 191
173, 190
173, 188
172, 187
172, 186
171, 185
171, 183
170, 182
170, 181
169, 177
168, 176
168, 171
167, 170
167, 162
166, 161
166, 158
165, 157
165, 154
164, 153
164, 141
165, 140
165, 137
166, 136
166, 135
167, 134
167, 133
258, 128
259, 127
264, 127
265, 128
272, 128
273, 129
276, 129
277, 130
279, 130
280, 131
282, 131
283, 132
284, 132
285, 133
286, 133
287, 134
288, 134
291, 137
292, 137
300, 145
300, 146
302, 148
302, 149
304, 151
304, 152
305, 153
305, 154
306, 155
306, 156
307, 157
307, 158
308, 159
308, 162
307, 163
305, 161
304, 161
302, 159
301, 159
299, 157
298, 157
297, 156
296, 156
295, 155
294, 155
293, 154
291, 154
290, 153
289, 153
288, 152
286, 152
285, 151
283, 151
282, 150
280, 150
279, 149
277, 149
276, 148
273, 148
272, 147
269, 147
268, 146
266, 146
265, 145
262, 145
261, 144
258, 144
257, 143
255, 143
254, 142
251, 142
250, 141
248, 141
247, 140
247, 136
248, 135
248, 134
249, 133
249, 132
252, 129
253, 129
254, 128
117, 124
118, 123
121, 123
122, 124
125, 124
126, 125
127, 125
128, 126
130, 126
131, 127
132, 127
134, 129
135, 129
136, 130
137, 130
139, 132
140, 132
143, 135
144, 135
148, 139
149, 139
156, 146
156, 147
159, 150
159, 151
160, 152
160, 153
161, 154
161, 160
162, 161
162, 166
163, 167
163, 170
164, 171
164, 174
165, 175
165, 178
166, 179
166, 181
167, 182
167, 183
168, 184
168, 186
169, 187
169, 189
170, 190
170, 191
171, 192
171, 193
172, 194
172, 195
173, 196
173, 197
174, 198
174, 199
175, 200
175, 201
176, 202
176, 203
179, 206
179, 207
184, 212
185, 212
186, 213
187, 213
188, 214
191, 214
192, 215
195, 215
196, 214
199, 214
200, 213
201, 213
202, 212
203, 212
210, 205
210, 204
211, 203
211, 202
213, 200
213, 198
214, 197
214, 195
215, 194
215, 191
216, 190
216, 177
215, 176
215, 173
214, 172
214, 170
213, 169
213, 167
212, 166
212, 165
211, 164
211, 163
210, 162
210, 161
208, 159
208, 158
207, 157
207, 156
205, 154
205, 153
202, 150
202, 149
197, 144
197, 143
185, 131
184, 131
182, 129
183, 128
184, 128
185, 129
186, 129
187, 130
188, 130
189, 131
190, 131
194, 135
195, 135
200, 140
200, 141
206, 147
206, 148
209, 151
209, 152
212, 155
212, 156
214, 158
214, 159
216, 161
216, 162
218, 164
218, 165
220, 167
220, 168
222, 170
222, 171
224, 173
224, 174
226, 176
226, 177
227, 178
227, 179
229, 181
229, 182
231, 184
231, 185
232, 186
232, 187
233, 188
233, 189
235, 191
235, 192
236, 193
236, 194
237, 195
237, 197
238, 198
238, 200
239, 201
239, 202
240, 203
240, 205
241, 206
241, 208
242, 209
242, 211
243, 212
243, 213
244, 214
244, 216
246, 218
248, 218
248, 213
247, 212
247, 210
246, 209
246, 207
245, 206
245, 205
244, 204
244, 202
243, 201
243, 200
242, 199
242, 198
241, 197
241, 196
240, 195
240, 193
239, 192
239, 191
238, 190
238, 188
237, 187
237, 185
236, 184
236, 182
235, 181
235, 179
234, 178
234, 177
233, 176
233, 174
232, 173
232, 170
231, 169
231, 167
230, 166
230, 164
229, 163
229, 160
228, 159
228, 156
227, 155
227, 152
226, 151
226, 149
227, 148
228, 149
228, 150
229, 151
229, 152
230, 153
230, 154
231, 155
231, 156
232, 157
232, 158
233, 159
233, 160
234, 161
234, 162
235, 163
235, 164
237, 166
237, 167
238, 168
238, 169
239, 170
239, 171
240, 172
240, 173
242, 175
242, 176
243, 177
243, 178
245, 180
245, 181
246, 182
246, 183
248, 185
248, 186
249, 187
249, 188
251, 190
251, 191
253, 193
253, 194
255, 196
255, 197
257, 199
257, 200
260, 203
260, 204
265, 209
267, 209
268, 208
268, 205
267, 204
267, 202
266, 201
266, 199
265, 198
265, 197
264, 196
264, 195
263, 194
263, 193
262, 192
262, 191
261, 190
261, 189
260, 188
260, 187
259, 186
259, 185
258, 184
258, 183
257, 182
257, 181
256, 180
256, 179
255, 178
255, 177
253, 175
253, 174
252, 173
252, 172
251, 171
251, 170
250, 169
250, 168
249, 167
249, 166
248, 165
248, 164
247, 163
247, 149
246, 148
246, 146
248, 144
249, 144
250, 145
253, 145
254, 146
256, 146
257, 147
260, 147
261, 148
264, 148
265, 149
267, 149
268, 150
271, 150
272, 151
275, 151
276, 152
278, 152
279, 153
281, 153
282, 154
284, 154
285, 155
287, 155
288, 156
289, 156
290, 157
291, 157
292, 158
293, 158
294, 159
295, 159
296, 160
297, 160
298, 161
299, 161
301, 163
302, 163
304, 165
305, 165
306, 166
307, 166
308, 167
309, 167
310, 168
310, 169
311, 170
311, 173
312, 174
312, 180
313, 181
313, 202
312, 203
312, 210
311, 211
311, 216
310, 217
310, 221
309, 222
309, 225
308, 226
308, 229
307, 230
307, 233
306, 234
306, 236
305, 237
305, 239
304, 240
304, 241
303, 242
303, 243
302, 244
302, 245
301, 246
301, 247
300, 248
300, 249
299, 250
299, 251
297, 253
297, 254
286, 265
285, 265
284, 266
283, 266
282, 267
281, 267
280, 268
279, 268
278, 269
277, 269
276, 270
274, 270
273, 271
271, 271
270, 272
268, 272
267, 273
265, 273
264, 274
261, 274
260, 275
257, 275
256, 276
253, 276
252, 277
248, 277
247, 278
242, 278
241, 279
235, 279
234, 280
216, 280
215, 279
207, 279
206, 278
201, 278
200, 277
195, 277
194, 276
190, 276
189, 275
186, 275
185, 274
182, 274
181, 273
178, 273
177, 272
175, 272
174, 271
172, 271
171, 270
168, 270
167, 269
165, 269
164, 268
163, 268
162, 267
160, 267
159, 266
157, 266
156, 265
154, 265
153, 264
151, 264
150, 263
149, 263
148, 262
146, 262
145, 261
144, 261
143, 260
141, 260
140, 259
139, 259
138, 258
136, 258
135, 257
134, 257
133, 256
131, 256
130, 255
129, 255
128, 254
127, 254
126, 253
124, 253
123, 252
122, 252
121, 251
119, 251
118, 250
117, 250
116, 249
115, 249
114, 248
112, 248
111, 247
110, 247
109, 246
108, 246
107, 245
106, 245
105, 244
104, 244
103, 243
101, 243
100, 242
99, 242
98, 241
97, 241
94, 238
95, 237
95, 233
94, 232
94, 229
93, 228
93, 226
92, 225
92, 223
91, 222
91, 219
90, 218
90, 214
89, 213
89, 210
88, 209
88, 205
87, 204
87, 200
86, 199
86, 195
85, 194
85, 190
84, 189
84, 185
83, 184
83, 180
82, 179
82, 175
81, 174
81, 170
80, 169
80, 164
79, 163
79, 159
78, 158
78, 154
77, 153
77, 149
76, 148
76, 145
77, 144
79, 146
79, 147
82, 150
82, 151
85, 154
85, 155
88, 158
88, 159
91, 162
91, 163
95, 167
95, 168
98, 171
98, 172
101, 175
101, 176
104, 179
104, 180
106, 182
106, 183
108, 185
108, 186
111, 189
111, 190
114, 193
114, 194
118, 198
118, 199
119, 200
119, 201
120, 202
120, 203
121, 204
121, 205
123, 207
125, 207
126, 208
128, 208
131, 205
131, 202
132, 201
132, 198
131, 197
131, 191
130, 190
130, 186
129, 185
129, 182
128, 181
128, 178
127, 177
127, 175
126, 174
126, 172
125, 171
125, 169
124, 168
124, 166
123, 165
123, 163
122, 162
122, 160
121, 159
121, 156
120, 155
120, 153
119, 152
119, 150
118, 149
118, 147
117, 146
117, 144
116, 143
116, 141
115, 140
115, 137
114, 136
114, 127
115, 126
115, 125
116, 124
42, 88
43, 87
45, 87
47, 89
47, 91
48, 92
48, 93
49, 94
49, 95
50, 96
50, 98
51, 99
51, 100
52, 101
52, 102
53, 103
53, 104
54, 105
54, 106
55, 107
55, 108
56, 109
56, 110
57, 111
57, 112
58, 113
58, 114
59, 115
59, 116
61, 118
61, 119
62, 120
62, 121
64, 123
64, 124
66, 126
66, 127
67, 128
67, 129
69, 131
69, 132
70, 133
70, 134
71, 135
71, 139
72, 140
72, 144
73, 145
73, 149
74, 150
74, 154
75, 155
75, 159
76, 160
76, 165
77, 166
77, 170
78, 171
78, 175
79, 176
79, 180
80, 181
80, 185
81, 186
81, 190
82, 191
82, 195
83, 196
83, 200
84, 201
84, 205
85, 206
85, 210
86, 211
86, 214
87, 215
87, 219
88, 220
88, 223
89, 224
89, 227
90, 228
90, 231
91, 232
91, 236
90, 237
89, 236
88, 236
87, 235
86, 235
84, 233
83, 233
81, 231
80, 231
79, 230
78, 230
75, 227
74, 227
72, 225
71, 225
68, 222
67, 222
63, 218
62, 218
44, 200
44, 199
41, 196
41, 195
39, 193
39, 192
37, 190
37, 189
36, 188
36, 187
35, 186
35, 185
34, 184
34, 183
33, 182
33, 180
32, 179
32, 177
31, 176
31, 174
30, 173
30, 171
29, 170
29, 166
28, 165
28, 161
27, 160
27, 154
26, 153
26, 144
25, 143
25, 116
26, 115
26, 111
27, 110
27, 106
28, 105
28, 103
29, 102
29, 101
30, 100
30, 99
31, 98
31, 97
33, 95
33, 94
37, 90
38, 90
39, 89
40, 89
41, 88
63, 87
64, 86
66, 86
67, 87
72, 87
73, 88
76, 88
77, 89
80, 89
81, 90
84, 90
85, 91
88, 91
89, 92
92, 92
93, 93
95, 93
96, 94
98, 94
99, 95
101, 95
102, 96
104, 96
105, 97
107, 97
108, 98
110, 98
111, 99
113, 99
114, 100
116, 100
117, 101
119, 101
120, 102
121, 102
122, 103
124, 103
125, 104
127, 104
128, 105
129, 105
130, 106
132, 106
133, 107
135, 107
136, 108
138, 108
139, 109
141, 109
142, 110
143, 110
144, 111
146, 111
147, 112
149, 112
150, 113
152, 113
153, 114
155, 114
156, 115
158, 115
159, 116
160, 116
161, 117
163, 117
164, 118
166, 118
167, 119
169, 119
170, 120
172, 120
173, 121
174, 121
175, 122
176, 122
177, 123
176, 124
171, 124
170, 123
169, 123
168, 124
166, 124
162, 128
162, 129
161, 130
161, 133
160, 134
160, 143
159, 144
158, 144
157, 143
157, 142
153, 138
152, 138
147, 133
146, 133
143, 130
142, 130
140, 128
139, 128
137, 126
136, 126
135, 125
134, 125
133, 124
132, 124
131, 123
129, 123
128, 122
127, 122
126, 121
123, 121
122, 120
117, 120
116, 121
115, 121
114, 122
113, 122
112, 123
112, 124
111, 125
111, 128
110, 129
110, 132
111, 133
111, 137
112, 138
112, 141
113, 142
113, 144
114, 145
114, 147
115, 148
115, 150
116, 151
116, 153
117, 154
117, 156
118, 157
118, 160
119, 161
119, 163
120, 164
120, 166
121, 167
121, 169
122, 170
122, 172
123, 173
123, 175
124, 176
124, 179
125, 180
125, 182
126, 183
126, 186
127, 187
127, 191
128, 192
128, 195
126, 197
123, 197
121, 195
120, 195
116, 191
116, 190
112, 186
112, 185
110, 183
110, 182
108, 180
108, 179
105, 176
105, 175
103, 173
103, 172
99, 168
99, 167
96, 164
96, 163
93, 160
93, 159
89, 155
89, 154
87, 152
87, 151
84, 148
84, 147
81, 144
81, 143
79, 141
79, 140
77, 138
77, 137
75, 135
75, 134
73, 132
73, 129
72, 128
72, 125
71, 124
71, 120
70, 119
70, 116
69, 115
69, 112
68, 111
68, 107
67, 106
67, 103
66, 102
66, 99
65, 98
65, 95
64, 94
64, 91
63, 90
50, 87
51, 86
58, 86
59, 87
59, 88
60, 89
60, 91
61, 92
61, 95
62, 96
62, 99
63, 100
63, 103
64, 104
64, 107
65, 108
65, 112
66, 113
66, 116
67, 117
67, 119
66, 120
64, 118
64, 117
63, 116
63, 115
62, 114
62, 113
60, 111
60, 110
59, 109
59, 108
58, 107
58, 106
57, 105
57, 104
56, 103
56, 102
55, 101
55, 100
54, 99
54, 98
53, 97
53, 95
52, 94
52, 93
51, 92
51, 90
50, 89
42, 40
43, 39
44, 39
45, 40
45, 42
46, 43
46, 44
47, 45
47, 47
48, 48
48, 50
49, 51
49, 53
50, 54
50, 56
51, 57
51, 59
52, 60
52, 62
53, 63
53, 66
54, 67
54, 69
55, 70
55, 73
56, 74
56, 76
57, 77
57, 80
58, 81
57, 82
52, 82
51, 83
49, 83
47, 81
47, 79
46, 78
46, 76
45, 75
45, 72
44, 71
44, 69
43, 68
43, 64
42, 63
42, 58
41, 57
41, 43
42, 42
248, 17
249, 16
251, 16
252, 17
253, 17
254, 18
255, 18
257, 20
258, 20
272, 34
272, 35
275, 38
275, 39
277, 41
277, 42
278, 43
278, 44
280, 46
280, 47
281, 48
281, 49
282, 50
282, 51
284, 53
284, 54
285, 55
285, 57
286, 58
286, 59
287, 60
287, 61
288, 62
288, 63
289, 64
289, 66
290, 67
290, 68
291, 69
291, 70
292, 71
292, 73
293, 74
293, 75
294, 76
294, 78
295, 79
295, 81
296, 82
296, 83
297, 84
297, 86
298, 87
298, 89
299, 90
299, 92
300, 93
300, 94
301, 95
301, 97
302, 98
302, 100
303, 101
303, 103
304, 104
299, 103
299, 102
295, 98
295, 97
290, 92
290, 91
286, 87
286, 86
283, 83
283, 82
279, 78
279, 77
276, 74
276, 73
273, 70
273, 69
270, 66
270, 65
268, 63
268, 62
266, 60
266, 59
264, 57
264, 56
262, 54
262, 53
260, 51
260, 50
259, 49
259, 48
257, 46
257, 45
256, 44
256, 43
255, 42
255, 41
254, 40
254, 39
253, 38
253, 37
252, 36
252, 34
251, 33
251, 32
250, 31
250, 29
249, 28
249, 25
248, 24
