4, 2
496, 4
494, 338
2, 336
418, 211
417, 212
416, 212
416, 216
417, 217
417, 218
421, 222
422, 222
423, 223
424, 223
425, 224
426, 224
427, 225
428, 225
429, 226
430, 226
431, 227
432, 227
433, 228
434, 228
435, 229
437, 229
438, 230
440, 230
441, 231
443, 231
444, 232
447, 232
448, 233
451, 233
452, 234
456, 234
457, 235
464, 235
465, 236
476, 236
477, 235
477, 231
476, 230
468, 230
467, 229
460, 229
459, 228
454, 228
453, 227
450, 227
449, 226
447, 226
446, 225
443, 225
442, 224
440, 224
439, 223
438, 223
437, 222
435, 222
434, 221
433, 221
432, 220
431, 220
430, 219
429, 219
428, 218
427, 218
425, 216
424, 216
423, 215
423, 214
422, 213
422, 212
421, 211
236, 14
233, 17
233, 20
232, 21
232, 29
233, 30
233, 39
234, 40
234, 46
235, 47
235, 50
236, 51
236, 54
237, 55
237, 58
238, 59
238, 61
239, 62
239, 63
240, 64
240, 66
241, 67
241, 68
242, 69
242, 70
243, 71
243, 72
245, 74
245, 75
246, 76
246, 77
248, 79
248, 80
250, 82
250, 83
252, 85
252, 86
254, 88
254, 89
257, 92
257, 93
261, 97
261, 98
266, 103
266, 104
271, 109
271, 110
292, 131
293, 131
298, 136
298, 138
299, 139
299, 141
300, 142
300, 145
301, 146
301, 148
302, 149
302, 150
303, 151
303, 153
304, 154
304, 155
305, 156
305, 158
306, 159
306, 160
307, 161
307, 162
308, 163
308, 164
309, 165
309, 166
310, 167
309, 168
307, 168
306, 167
304, 167
303, 166
301, 166
300, 165
298, 165
297, 164
294, 164
293, 163
291, 163
290, 162
288, 162
287, 161
284, 161
283, 160
280, 160
279, 159
277, 159
276, 158
273, 158
272, 157
271, 157
266, 152
265, 152
260, 147
259, 147
256, 144
255, 144
254, 143
253, 143
251, 141
250, 141
249, 140
247, 140
246, 139
244, 139
243, 138
238, 138
237, 139
235, 139
233, 141
233, 142
232, 143
232, 144
230, 146
228, 146
227, 145
222, 145
221, 144
216, 144
215, 143
211, 143
210, 142
195, 142
194, 141
182, 141
181, 140
180, 140
179, 139
178, 139
177, 138
176, 138
175, 137
174, 137
173, 136
171, 136
170, 135
169, 135
167, 133
166, 133
165, 132
163, 132
162, 131
160, 131
159, 130
156, 130
155, 131
152, 131
150, 133
149, 133
147, 135
147, 136
146, 137
144, 137
141, 134
140, 134
138, 132
137, 132
136, 131
135, 131
134, 130
132, 130
131, 129
122, 129
120, 131
119, 131
119, 132
117, 134
117, 135
116, 136
116, 141
115, 142
115, 145
114, 146
111, 146
110, 147
105, 147
104, 148
99, 148
98, 149
94, 149
93, 150
89, 150
88, 151
85, 151
84, 152
80, 152
79, 153
75, 153
74, 152
74, 147
73, 146
73, 142
72, 141
72, 137
71, 136
71, 133
70, 132
70, 128
69, 127
69, 124
68, 123
68, 120
67, 119
67, 117
66, 116
66, 113
65, 112
65, 109
64, 108
64, 106
63, 105
63, 102
62, 101
62, 99
61, 98
61, 96
60, 95
60, 93
59, 92
59, 90
58, 89
58, 88
57, 87
57, 85
56, 84
56, 83
53, 80
51, 80
49, 82
49, 83
48, 84
48, 94
49, 95
49, 101
50, 102
50, 107
51, 108
51, 112
52, 113
52, 117
53, 118
53, 121
54, 122
54, 125
55, 126
55, 128
56, 129
56, 131
57, 132
57, 134
58, 135
58, 137
59, 138
59, 139
60, 140
60, 142
61, 143
61, 144
62, 145
62, 146
63, 147
63, 149
64, 150
64, 151
65, 152
65, 153
66, 154
66, 156
65, 157
63, 157
62, 158
60, 158
59, 159
58, 159
57, 160
55, 160
54, 161
53, 161
52, 162
50, 162
49, 163
48, 163
47, 164
46, 164
45, 165
44, 165
43, 166
42, 166
40, 168
39, 168
36, 171
35, 171
27, 179
27, 180
25, 182
25, 183
24, 184
24, 185
23, 186
23, 188
22, 189
22, 191
21, 192
21, 197
20, 198
20, 202
21, 203
21, 210
22, 211
22, 215
23, 216
23, 218
24, 219
24, 221
25, 222
25, 223
26, 224
26, 226
28, 228
28, 229
29, 230
29, 231
30, 232
30, 233
31, 234
31, 235
34, 238
34, 239
36, 241
36, 242
39, 245
39, 246
43, 250
43, 251
64, 272
65, 272
70, 277
71, 277
74, 280
75, 280
78, 283
79, 283
82, 286
83, 286
84, 287
85, 287
87, 289
88, 289
90, 291
91, 291
92, 292
93, 292
95, 294
96, 294
97, 295
98, 295
100, 297
101, 297
102, 298
103, 298
104, 299
105, 299
106, 300
107, 300
108, 301
109, 301
110, 302
111, 302
112, 303
113, 303
114, 304
115, 304
116, 305
117, 305
118, 306
119, 306
120, 307
122, 307
123, 308
124, 308
125, 309
126, 309
127, 310
129, 310
130, 311
131, 311
132, 312
133, 312
134, 313
136, 313
137, 314
138, 314
139, 315
141, 315
142, 316
144, 316
145, 317
147, 317
148, 318
150, 318
151, 319
153, 319
154, 320
157, 320
158, 321
160, 321
161, 322
165, 322
166, 323
169, 323
170, 324
175, 324
176, 325
182, 325
183, 326
213, 326
214, 325
221, 325
222, 324
227, 324
228, 323
231, 323
232, 322
235, 322
236, 321
239, 321
240, 320
242, 320
243, 319
245, 319
246, 318
248, 318
249, 317
251, 317
252, 316
253, 316
254, 315
255, 315
256, 314
258, 314
259, 313
260, 313
262, 311
263, 311
264, 310
265, 310
266, 309
267, 309
269, 307
270, 307
272, 305
273, 305
277, 301
278, 301
287, 292
287, 291
291, 287
291, 286
293, 284
293, 283
295, 281
295, 280
296, 279
296, 278
297, 277
297, 276
298, 275
298, 274
299, 273
299, 271
300, 270
300, 268
301, 267
301, 265
302, 264
302, 261
303, 260
303, 254
304, 253
304, 231
303, 230
303, 224
302, 223
302, 219
301, 218
301, 215
300, 214
300, 211
299, 210
299, 208
298, 207
298, 205
297, 204
297, 202
296, 201
296, 199
295, 198
295, 196
294, 195
294, 194
293, 193
293, 191
292, 190
292, 189
291, 188
291, 187
290, 186
290, 185
289, 184
289, 183
288, 182
288, 181
287, 180
287, 179
286, 178
286, 177
284, 175
284, 174
283, 173
283, 172
281, 170
281, 169
279, 167
279, 166
280, 165
281, 165
282, 166
284, 166
285, 167
288, 167
289, 168
291, 168
292, 169
294, 169
295, 170
298, 170
299, 171
301, 171
302, 172
304, 172
305, 173
307, 173
308, 174
310, 174
311, 175
313, 175
314, 176
316, 176
318, 178
318, 179
319, 180
319, 181
325, 187
326, 187
329, 190
330, 190
332, 192
333, 192
334, 193
335, 193
336, 194
339, 194
341, 192
341, 190
342, 189
342, 188
341, 187
341, 186
340, 185
340, 184
337, 181
336, 181
333, 178
332, 178
331, 177
330, 177
329, 176
328, 176
327, 175
326, 175
325, 174
324, 174
323, 173
322, 173
321, 172
320, 172
319, 171
318, 171
317, 170
317, 169
314, 166
314, 165
313, 164
313, 163
312, 162
312, 161
311, 160
311, 159
310, 158
310, 157
309, 156
309, 155
308, 154
308, 153
307, 152
307, 150
306, 149
306, 147
305, 146
305, 144
304, 143
305, 142
306, 142
309, 145
310, 145
313, 148
314, 148
317, 151
318, 151
320, 153
321, 153
323, 155
324, 155
326, 157
327, 157
328, 158
329, 158
331, 160
332, 160
333, 161
334, 161
336, 163
337, 163
338, 164
339, 164
340, 165
341, 165
342, 166
343, 166
344, 167
345, 167
346, 168
347, 168
348, 169
349, 169
350, 170
351, 170
352, 171
353, 171
354, 172
356, 172
357, 173
358, 173
359, 174
360, 174
361, 175
363, 175
364, 176
365, 176
366, 177
368, 177
369, 178
370, 178
371, 179
372, 179
373, 180
374, 180
375, 181
376, 181
378, 183
380, 183
381, 184
382, 184
383, 185
386, 185
387, 186
391, 186
392, 185
392, 182
391, 182
390, 181
389, 181
388, 180
386, 180
385, 179
383, 179
382, 178
380, 178
379, 177
378, 177
377, 176
375, 176
374, 175
373, 175
371, 173
370, 173
367, 170
360, 170
359, 169
358, 169
357, 168
356, 168
355, 167
354, 167
353, 166
352, 166
351, 165
349, 165
348, 164
347, 164
346, 163
345, 163
343, 161
342, 161
341, 160
340, 160
339, 159
338, 159
337, 158
336, 158
334, 156
333, 156
332, 155
331, 155
329, 153
328, 153
327, 152
326, 152
323, 149
322, 149
320, 147
319, 147
317, 145
316, 145
313, 142
312, 142
309, 139
308, 139
301, 132
301, 131
300, 130
300, 127
299, 126
299, 123
298, 122
298, 119
297, 118
297, 115
296, 114
296, 111
295, 110
295, 107
294, 106
294, 103
293, 102
293, 99
292, 98
292, 96
291, 95
291, 92
290, 91
290, 89
289, 88
289, 86
288, 85
288, 83
287, 82
287, 80
286, 79
286, 78
285, 77
285, 75
284, 74
284, 73
283, 72
283, 70
282, 69
282, 68
281, 67
281, 66
280, 65
280, 64
279, 63
279, 62
278, 61
278, 60
277, 59
277, 58
276, 57
276, 56
274, 54
274, 53
273, 52
273, 51
271, 49
271, 48
270, 47
270, 46
268, 44
268, 43
265, 40
265, 39
262, 36
262, 35
257, 30
257, 29
248, 20
247, 20
244, 17
243, 17
241, 15
239, 15
238, 14
156, 159
157, 158
159, 160
159, 161
160, 162
160, 163
161, 164
161, 165
162, 166
162, 167
163, 168
163, 170
164, 171
164, 174
165, 175
165, 177
164, 178
164, 181
163, 182
160, 182
157, 179
157, 177
156, 176
156, 170
155, 169
155, 161
156, 160
113, 152
114, 151
115, 151
116, 152
116, 155
117, 156
117, 160
118, 161
118, 165
119, 166
119, 169
120, 170
120, 173
121, 174
121, 177
122, 178
122, 181
123, 182
123, 185
124, 186
124, 190
125, 191
125, 194
126, 195
126, 198
127, 199
127, 203
128, 204
128, 208
129, 209
129, 214
130, 215
130, 221
128, 223
126, 223
125, 222
124, 222
123, 221
122, 221
121, 220
120, 220
117, 217
116, 217
104, 205
104, 204
99, 199
99, 198
95, 194
95, 193
92, 190
92, 189
89, 186
89, 185
87, 183
87, 182
85, 180
85, 179
83, 177
83, 176
81, 174
81, 173
80, 172
80, 171
78, 169
78, 168
77, 167
77, 165
76, 164
76, 160
77, 159
78, 159
79, 158
82, 158
83, 157
86, 157
87, 156
91, 156
92, 155
96, 155
97, 154
101, 154
102, 153
107, 153
108, 152
214, 150
215, 149
218, 149
219, 150
224, 150
225, 151
229, 151
231, 153
231, 158
232, 159
232, 173
231, 174
225, 168
225, 167
223, 165
223, 164
222, 163
222, 162
220, 160
220, 159
219, 158
219, 157
218, 156
217, 156
215, 154
215, 153
214, 152
148, 149
149, 148
152, 151
152, 157
151, 158
151, 161
150, 162
149, 161
149, 158
148, 157
189, 148
190, 147
203, 147
204, 148
206, 148
207, 149
207, 152
208, 153
208, 157
209, 158
209, 162
210, 163
210, 166
211, 167
211, 170
212, 171
212, 174
213, 175
213, 178
214, 179
214, 182
215, 183
215, 186
216, 187
216, 190
217, 191
217, 194
216, 195
215, 194
215, 193
214, 192
214, 191
213, 190
213, 189
212, 188
212, 187
211, 186
211, 185
210, 184
210, 183
209, 182
209, 181
208, 180
208, 179
207, 178
207, 177
206, 176
206, 175
205, 174
205, 173
204, 172
204, 171
203, 170
203, 169
201, 167
201, 166
200, 165
200, 164
199, 163
199, 162
198, 161
198, 160
196, 158
196, 157
194, 155
194, 154
192, 152
192, 151
181, 148
182, 147
188, 153
188, 154
191, 157
191, 158
192, 159
192, 160
194, 162
194, 163
195, 164
195, 165
197, 167
197, 168
198, 169
198, 170
199, 171
199, 172
200, 173
200, 174
201, 175
201, 176
202, 177
202, 178
203, 179
203, 180
204, 181
204, 182
205, 183
205, 184
206, 185
206, 186
207, 187
207, 188
208, 189
208, 190
209, 191
209, 192
210, 193
210, 194
211, 195
211, 196
212, 197
212, 198
213, 199
213, 200
215, 202
215, 203
216, 204
216, 205
217, 206
217, 207
218, 208
218, 209
220, 211
220, 212
221, 213
221, 214
224, 217
225, 216
226, 216
226, 210
225, 209
225, 206
224, 205
224, 202
223, 201
223, 198
222, 197
222, 194
221, 193
221, 190
220, 189
220, 186
219, 185
219, 182
218, 181
218, 178
217, 177
217, 173
216, 172
216, 170
217, 169
218, 170
218, 171
219, 172
219, 173
220, 174
220, 175
221, 176
221, 177
222, 178
222, 179
223, 180
223, 181
225, 183
225, 184
226, 185
226, 186
227, 187
227, 188
228, 189
228, 190
230, 192
230, 193
231, 194
231, 195
232, 196
232, 197
234, 199
234, 200
236, 202
236, 203
238, 205
238, 206
240, 208
240, 209
244, 213
244, 214
249, 219
250, 219
253, 222
257, 222
257, 221
258, 220
258, 217
257, 216
257, 214
256, 213
256, 211
254, 209
254, 208
253, 207
253, 206
252, 205
252, 204
251, 203
251, 202
250, 201
250, 200
249, 199
249, 198
248, 197
248, 196
246, 194
246, 193
244, 191
244, 190
241, 190
240, 191
240, 192
241, 193
241, 194
242, 195
242, 196
244, 198
244, 199
245, 200
245, 201
246, 202
246, 203
247, 204
247, 205
248, 206
248, 207
249, 208
249, 209
251, 211
251, 212
250, 213
244, 207
244, 206
242, 204
242, 203
240, 201
240, 200
238, 198
238, 197
236, 195
236, 194
235, 193
235, 192
233, 190
233, 189
232, 188
232, 187
231, 186
231, 185
230, 184
230, 183
228, 181
228, 180
229, 179
234, 179
235, 178
236, 178
236, 177
237, 176
237, 174
238, 173
238, 165
237, 164
237, 155
238, 154
241, 154
242, 155
245, 155
246, 156
249, 156
250, 157
252, 157
253, 158
256, 158
257, 159
259, 159
260, 160
263, 160
264, 161
266, 161
273, 168
273, 169
276, 172
276, 173
278, 175
278, 176
280, 178
280, 179
282, 181
282, 182
283, 183
283, 184
284, 185
284, 186
285, 187
285, 188
286, 189
286, 190
287, 191
287, 193
288, 194
288, 195
289, 196
289, 198
290, 199
290, 200
291, 201
291, 203
292, 204
292, 206
293, 207
293, 209
294, 210
294, 213
295, 214
295, 216
296, 217
296, 221
297, 222
297, 226
298, 227
298, 235
299, 236
299, 249
298, 250
298, 257
297, 258
297, 262
296, 263
296, 265
295, 266
295, 268
294, 269
294, 270
293, 271
293, 273
292, 274
292, 275
290, 277
290, 278
289, 279
289, 280
287, 282
287, 283
283, 287
283, 288
275, 296
274, 296
269, 301
268, 301
266, 303
265, 303
263, 305
262, 305
261, 306
260, 306
259, 307
258, 307
257, 308
256, 308
255, 309
254, 309
253, 310
252, 310
251, 311
249, 311
248, 312
247, 312
246, 313
244, 313
243, 314
241, 314
240, 315
237, 315
236, 316
234, 316
233, 317
230, 317
229, 318
225, 318
224, 319
218, 319
217, 320
208, 320
207, 321
189, 321
188, 320
179, 320
178, 319
173, 319
172, 318
168, 318
167, 317
164, 317
163, 316
160, 316
159, 315
157, 315
156, 314
153, 314
152, 313
150, 313
149, 312
147, 312
146, 311
144, 311
143, 310
142, 310
141, 309
139, 309
138, 308
137, 308
136, 307
134, 307
133, 306
132, 306
131, 305
130, 305
129, 304
127, 304
126, 303
125, 303
124, 302
123, 302
122, 301
121, 301
120, 300
118, 300
117, 299
116, 299
115, 298
114, 298
113, 297
112, 297
111, 296
110, 296
109, 295
108, 295
106, 293
105, 293
104, 292
103, 292
102, 291
101, 291
100, 290
99, 290
97, 288
96, 288
95, 287
94, 287
92, 285
91, 285
89, 283
88, 283
86, 281
85, 281
83, 279
82, 279
79, 276
78, 276
75, 273
74, 273
68, 267
67, 267
48, 248
48, 247
43, 242
43, 241
40, 238
40, 237
38, 235
38, 234
36, 232
36, 231
34, 229
34, 228
33, 227
33, 226
32, 225
32, 224
31, 223
31, 222
30, 221
30, 219
29, 218
29, 217
28, 216
28, 213
27, 212
27, 209
26, 208
26, 195
27, 194
27, 191
28, 190
28, 189
29, 188
29, 187
30, 186
30, 185
32, 183
32, 182
39, 175
40, 175
42, 173
43, 173
45, 171
46, 171
47, 170
48, 170
49, 169
50, 169
51, 168
52, 168
53, 167
54, 167
55, 166
56, 166
57, 165
59, 165
60, 164
62, 164
63, 163
65, 163
66, 162
69, 162
71, 164
71, 165
72, 166
72, 167
73, 168
73, 174
74, 175
74, 182
75, 183
75, 190
76, 191
76, 198
77, 199
77, 207
78, 208
78, 217
79, 218
79, 226
80, 227
80, 234
81, 235
84, 235
84, 234
85, 233
85, 232
84, 231
84, 225
83, 224
83, 215
82, 214
82, 206
81, 205
81, 197
80, 196
80, 189
79, 188
79, 181
80, 180
81, 181
81, 182
83, 184
83, 185
86, 188
86, 189
88, 191
88, 192
91, 195
91, 196
94, 199
94, 200
99, 205
99, 206
114, 221
115, 221
118, 224
119, 224
120, 225
121, 225
122, 226
123, 226
124, 227
131, 227
133, 225
133, 224
134, 223
134, 213
133, 212
133, 207
132, 206
132, 202
131, 201
131, 198
130, 197
130, 193
129, 192
129, 189
128, 188
128, 185
127, 184
127, 181
126, 180
126, 176
125, 175
125, 172
124, 171
124, 168
123, 167
123, 164
122, 163
122, 159
121, 158
121, 154
120, 153
120, 152
122, 150
126, 150
127, 149
135, 149
136, 148
143, 148
144, 149
144, 158
145, 159
145, 163
146, 164
146, 167
147, 168
147, 170
148, 171
148, 172
149, 173
149, 175
150, 176
150, 177
152, 179
152, 180
153, 181
153, 182
154, 183
154, 185
155, 186
155, 188
156, 189
156, 190
157, 191
157, 193
158, 194
158, 195
159, 196
159, 197
160, 198
160, 199
161, 200
161, 201
163, 203
163, 204
165, 206
165, 207
171, 213
172, 213
174, 215
175, 215
176, 216
177, 216
178, 217
184, 217
185, 216
186, 216
187, 215
188, 215
190, 213
190, 212
191, 211
191, 210
192, 209
192, 208
193, 207
193, 204
194, 203
194, 185
193, 184
193, 179
192, 178
192, 175
191, 174
191, 171
190, 170
190, 168
189, 167
189, 165
188, 164
188, 162
187, 161
187, 160
186, 159
186, 158
185, 157
185, 155
184, 154
184, 153
183, 152
183, 151
181, 149
170, 147
171, 146
172, 146
173, 147
175, 147
176, 148
176, 149
178, 151
178, 152
179, 153
179, 154
180, 155
180, 156
181, 157
181, 158
182, 159
182, 160
183, 161
183, 163
184, 164
184, 166
185, 167
185, 168
186, 172
187, 173
187, 175
188, 176
188, 180
189, 181
189, 186
190, 187
190, 202
189, 203
189, 205
188, 206
188, 208
180, 213
179, 212
178, 212
177, 211
176, 211
174, 209
173, 209
170, 206
170, 205
167, 202
167, 201
165, 199
165, 198
164, 197
164, 196
163, 195
163, 194
162, 193
162, 192
161, 191
161, 190
160, 188
161, 187
162, 187
163, 186
165, 186
168, 183
168, 180
169, 179
169, 173
168, 172
168, 169
167, 168
167, 166
166, 165
166, 164
165, 163
165, 162
164, 161
164, 160
163, 159
163, 158
161, 156
161, 155
158, 152
158, 149
239, 144
244, 144
245, 145
246, 145
247, 146
248, 146
249, 147
250, 147
252, 149
253, 149
255, 151
254, 152
252, 152
251, 151
248, 151
247, 150
244, 150
243, 149
241, 149
240, 148
238, 148
237, 147
237, 146
161, 135
162, 137
160, 139
159, 139
151, 142
150, 139
124, 133
131, 134
132, 134
133, 135
134, 135
135, 136
136, 136
138, 138
139, 138
142, 141
141, 143
132, 143
131, 144
124, 144
123, 145
120, 144
121, 137
121, 136
53, 92
54, 91
55, 92
55, 94
56, 95
56, 96
57, 97
57, 100
58, 101
58, 103
59, 104
59, 106
60, 107
60, 110
61, 111
61, 113
62, 114
62, 117
63, 118
63, 121
64, 122
64, 125
65, 126
65, 129
66, 130
66, 133
67, 134
67, 138
68, 139
68, 142
69, 143
69, 147
68, 148
67, 147
67, 146
66, 145
66, 143
65, 142
65, 141
64, 140
64, 139
63, 138
63, 136
62, 135
62, 133
61, 132
61, 131
60, 130
60, 128
59, 127
59, 124
58, 123
58, 120
57, 119
57, 116
56, 115
56, 112
55, 111
55, 106
54, 105
54, 100
53, 99
237, 20
238, 19
239, 19
240, 20
241, 20
246, 25
247, 25
252, 30
252, 31
258, 37
258, 38
262, 42
262, 43
264, 45
264, 46
266, 48
266, 49
268, 51
268, 52
270, 54
270, 55
271, 56
271, 57
272, 58
272, 59
274, 61
274, 62
275, 63
275, 64
276, 65
276, 66
277, 67
277, 68
278, 69
278, 71
279, 72
279, 73
280, 74
280, 75
281, 76
281, 78
282, 79
282, 81
283, 82
283, 83
284, 84
284, 86
285, 87
285, 89
286, 90
286, 92
287, 93
287, 96
288, 97
288, 99
289, 100
289, 103
290, 104
290, 107
291, 108
291, 111
292, 112
292, 115
293, 116
293, 119
294, 120
294, 123
295, 124
295, 125
294, 126
293, 126
277, 110
277, 109
269, 101
269, 100
265, 96
265, 95
261, 91
261, 90
258, 87
258, 86
255, 83
255, 82
253, 80
253, 79
251, 77
251, 76
249, 74
249, 73
248, 72
248, 71
247, 70
247, 69
246, 68
246, 67
245, 66
245, 65
244, 64
244, 63
243, 62
243, 60
242, 59
242, 58
241, 57
241, 54
240, 53
240, 50
239, 49
239, 45
238, 44
238, 39
237, 38
237, 28
236, 27
236, 22
237, 21
