0, 331
3, 331
5, 333
7, 335
7, 333
9, 331
63, 331
65, 333
65, 335
67, 335
67, 333
69, 331
123, 331
125, 333
125, 335
127, 335
127, 333
129, 331
183, 331
185, 333
185, 335
187, 335
187, 333
189, 331
243, 331
245, 333
245, 335
247, 335
247, 333
249, 331
303, 331
305, 333
305, 335
307, 335
307, 333
309, 331
363, 331
365, 333
365, 335
367, 335
367, 333
369, 331
424, 331
426, 333
426, 335
428, 335
428, 333
430, 331
484, 331
486, 333
486, 335
488, 335
488, 333
490, 331
4, 2
496, 4
494, 329
2, 327
423, 138
422, 139
422, 140
421, 141
421, 143
423, 145
424, 145
426, 147
426, 148
428, 150
429, 150
430, 151
431, 151
432, 152
433, 152
435, 154
436, 154
437, 155
438, 155
439, 156
440, 156
441, 157
442, 157
443, 158
444, 158
445, 159
446, 159
448, 161
449, 161
450, 162
451, 162
452, 163
453, 163
454, 164
455, 164
456, 165
457, 165
458, 166
460, 166
461, 167
463, 167
464, 168
469, 168
470, 167
472, 167
476, 163
476, 162
477, 161
477, 160
478, 159
477, 158
477, 157
476, 157
475, 156
472, 156
471, 157
471, 158
468, 161
463, 161
462, 160
461, 160
460, 159
459, 159
458, 158
457, 158
456, 157
455, 157
454, 156
453, 156
452, 155
451, 155
449, 153
448, 153
447, 152
446, 152
445, 151
444, 151
443, 150
442, 150
441, 149
440, 149
439, 148
438, 148
436, 146
435, 146
434, 145
433, 145
430, 142
430, 141
429, 140
428, 140
427, 139
426, 139
425, 138
39, 14
38, 15
38, 16
37, 17
37, 34
38, 35
38, 40
39, 41
39, 45
40, 46
40, 49
41, 50
41, 54
42, 55
42, 58
43, 59
43, 61
44, 62
44, 65
45, 66
45, 69
46, 70
46, 72
47, 73
47, 75
48, 76
48, 78
49, 79
49, 81
50, 82
50, 84
51, 85
51, 87
52, 88
52, 89
53, 90
53, 92
54, 93
54, 95
55, 96
55, 97
56, 98
56, 100
57, 101
57, 102
58, 103
58, 104
59, 105
59, 107
60, 108
60, 109
61, 110
61, 111
62, 112
62, 114
63, 115
63, 116
64, 117
64, 118
65, 119
65, 120
66, 121
66, 123
67, 124
67, 126
68, 127
68, 133
69, 134
65, 138
64, 138
63, 139
62, 139
61, 140
60, 140
58, 142
57, 142
54, 145
53, 145
49, 149
48, 149
34, 163
34, 164
31, 167
31, 168
28, 171
28, 172
27, 173
27, 174
25, 176
25, 177
24, 178
24, 180
23, 181
23, 183
22, 184
22, 189
21, 190
21, 192
22, 193
22, 199
23, 200
23, 203
24, 204
24, 206
25, 207
25, 208
26, 209
26, 210
27, 211
27, 212
28, 213
28, 214
29, 215
29, 216
30, 217
30, 218
31, 219
31, 220
33, 222
33, 223
35, 225
35, 226
38, 229
38, 230
49, 241
50, 241
54, 245
55, 245
57, 247
58, 247
61, 250
62, 250
64, 252
65, 252
66, 253
67, 253
69, 255
70, 255
71, 256
72, 256
73, 257
74, 257
76, 259
77, 259
78, 260
79, 260
81, 262
82, 262
83, 263
84, 263
86, 265
87, 265
88, 266
89, 266
90, 267
91, 267
92, 268
93, 268
95, 270
96, 270
97, 271
98, 271
99, 272
100, 272
101, 273
102, 273
103, 274
104, 274
105, 275
106, 275
108, 277
109, 277
110, 278
111, 278
112, 279
113, 279
114, 280
116, 280
117, 281
118, 281
119, 282
120, 282
121, 283
122, 283
123, 284
124, 284
125, 285
126, 285
127, 286
129, 286
130, 287
131, 287
132, 288
134, 288
135, 289
136, 289
137, 290
138, 290
139, 291
141, 291
142, 292
143, 292
144, 293
146, 293
147, 294
148, 294
149, 295
151, 295
152, 296
154, 296
155, 297
157, 297
158, 298
160, 298
161, 299
162, 299
163, 300
165, 300
166, 301
169, 301
170, 302
172, 302
173, 303
175, 303
176, 304
178, 304
179, 305
181, 305
182, 306
185, 306
186, 307
189, 307
190, 308
192, 308
193, 309
196, 309
197, 310
200, 310
201, 311
204, 311
205, 312
208, 312
209, 313
214, 313
215, 314
220, 314
221, 315
226, 315
227, 316
252, 316
253, 315
257, 315
258, 314
261, 314
262, 313
264, 313
265, 312
266, 312
267, 311
268, 311
269, 310
270, 310
271, 309
272, 309
273, 308
274, 308
276, 306
277, 306
279, 304
280, 304
283, 301
284, 301
293, 292
293, 291
298, 286
298, 285
301, 282
301, 281
303, 279
303, 278
305, 276
305, 275
306, 274
306, 273
308, 271
308, 270
309, 269
309, 268
310, 267
310, 266
311, 265
311, 264
312, 263
312, 262
313, 261
313, 259
314, 258
314, 255
315, 254
315, 251
316, 250
316, 245
317, 244
317, 228
316, 227
316, 220
315, 219
315, 215
314, 214
314, 210
313, 209
313, 205
312, 204
312, 202
311, 201
311, 199
310, 198
310, 196
309, 195
309, 193
308, 192
308, 190
307, 189
307, 188
306, 187
306, 185
305, 184
305, 182
304, 181
304, 180
303, 179
303, 178
302, 177
302, 176
301, 175
301, 173
300, 172
300, 171
299, 170
299, 169
298, 168
298, 167
297, 166
297, 165
296, 164
296, 163
297, 162
298, 163
299, 163
300, 164
301, 164
302, 165
303, 165
305, 167
306, 167
309, 170
310, 170
312, 172
313, 172
317, 176
318, 176
323, 181
324, 181
346, 203
346, 204
353, 211
353, 212
356, 215
356, 216
359, 219
359, 220
360, 221
360, 222
361, 223
361, 224
362, 225
362, 226
363, 227
363, 229
364, 230
364, 232
365, 233
365, 236
366, 237
366, 238
368, 238
369, 237
369, 236
370, 235
370, 214
369, 213
369, 207
368, 206
368, 201
367, 200
367, 196
366, 195
366, 190
365, 189
365, 185
364, 184
364, 181
363, 180
363, 176
362, 175
362, 172
361, 171
361, 168
360, 167
360, 163
359, 162
359, 159
358, 158
358, 155
357, 154
357, 153
358, 152
359, 153
360, 153
362, 155
363, 155
365, 157
366, 157
368, 159
369, 159
370, 160
371, 160
372, 161
373, 161
374, 162
375, 162
376, 163
377, 163
378, 164
385, 164
385, 162
384, 161
380, 161
379, 160
377, 160
376, 159
375, 159
373, 157
372, 157
371, 156
370, 156
369, 155
368, 155
366, 153
365, 153
362, 150
361, 150
358, 147
357, 147
355, 145
355, 143
354, 142
354, 140
353, 139
353, 136
352, 135
352, 133
351, 132
351, 130
350, 129
350, 127
349, 126
349, 123
348, 122
348, 121
347, 120
347, 118
346, 117
346, 115
345, 114
345, 112
344, 111
344, 109
343, 108
343, 107
342, 106
342, 104
341, 103
341, 102
340, 101
340, 99
339, 98
339, 97
338, 96
338, 95
337, 94
337, 93
336, 92
336, 91
335, 90
335, 89
334, 88
334, 87
333, 86
333, 85
332, 84
332, 83
331, 82
331, 81
329, 79
329, 78
328, 77
328, 76
326, 74
326, 73
324, 71
324, 70
321, 67
321, 66
315, 60
315, 59
314, 59
310, 55
309, 55
307, 53
306, 53
305, 52
304, 52
303, 51
302, 51
301, 50
294, 50
293, 51
292, 51
291, 52
290, 52
290, 53
288, 55
288, 68
289, 69
289, 72
290, 73
290, 74
291, 75
291, 77
292, 78
292, 79
293, 80
293, 81
294, 82
294, 83
296, 85
296, 86
297, 87
297, 88
299, 90
299, 91
302, 94
302, 95
305, 98
305, 99
309, 103
309, 104
314, 109
314, 110
320, 116
320, 117
341, 138
342, 138
349, 145
350, 145
352, 147
352, 148
353, 149
353, 152
354, 153
354, 156
355, 157
355, 160
356, 161
356, 164
357, 165
357, 168
358, 169
358, 172
359, 173
359, 177
360, 178
360, 182
361, 183
361, 186
362, 187
362, 191
363, 192
363, 197
364, 198
364, 202
365, 203
365, 208
366, 209
366, 215
367, 216
367, 224
366, 225
365, 224
365, 223
364, 222
364, 221
363, 220
363, 219
361, 217
361, 216
358, 213
358, 212
355, 209
355, 208
348, 201
348, 200
327, 179
326, 179
321, 174
320, 174
316, 170
315, 170
312, 167
311, 167
309, 165
308, 165
306, 163
305, 163
304, 162
303, 162
301, 160
300, 160
299, 159
298, 159
297, 158
296, 158
295, 157
294, 157
290, 153
290, 152
289, 151
289, 150
287, 148
287, 147
286, 146
286, 145
284, 143
284, 142
282, 140
282, 139
279, 136
279, 135
276, 132
276, 131
268, 123
267, 123
265, 121
264, 121
263, 120
262, 120
261, 119
257, 119
256, 118
254, 118
253, 119
251, 119
250, 120
249, 120
245, 124
245, 125
243, 127
243, 128
242, 129
242, 131
241, 132
241, 135
239, 137
238, 137
237, 136
234, 136
233, 135
230, 135
229, 134
228, 134
226, 132
226, 130
225, 129
225, 127
224, 126
224, 125
223, 124
223, 122
222, 121
222, 120
221, 119
221, 117
220, 116
220, 115
219, 114
219, 112
218, 111
218, 110
217, 109
217, 107
216, 106
216, 105
214, 103
214, 102
212, 100
211, 100
210, 101
210, 108
211, 109
211, 112
212, 113
212, 115
213, 116
213, 117
214, 118
214, 120
215, 121
215, 122
216, 123
216, 124
217, 125
217, 126
218, 127
218, 128
219, 129
219, 130
220, 131
219, 132
216, 132
215, 131
210, 131
209, 130
204, 130
203, 129
198, 129
197, 128
191, 128
190, 127
189, 127
186, 124
186, 123
180, 117
179, 117
178, 116
173, 116
170, 119
170, 122
169, 123
169, 124
168, 125
165, 125
164, 124
147, 124
146, 123
132, 123
129, 120
129, 119
127, 117
127, 116
124, 113
124, 112
120, 108
120, 107
117, 104
116, 104
115, 103
114, 103
113, 102
110, 102
108, 104
108, 106
107, 107
107, 116
108, 117
108, 124
107, 125
103, 125
102, 126
97, 126
96, 127
92, 127
91, 128
88, 128
87, 129
85, 129
84, 130
81, 130
80, 131
79, 131
78, 132
75, 132
74, 131
74, 130
73, 129
73, 128
72, 127
72, 126
71, 125
71, 124
70, 123
70, 119
69, 118
69, 113
68, 112
68, 107
67, 106
67, 101
66, 100
66, 96
65, 95
65, 91
64, 90
64, 86
63, 85
63, 81
62, 80
62, 77
61, 76
61, 72
60, 71
60, 68
59, 67
59, 64
58, 63
58, 59
57, 58
57, 56
56, 55
56, 52
55, 51
55, 48
54, 47
54, 45
53, 44
53, 41
52, 40
52, 38
51, 37
51, 35
50, 34
50, 32
49, 31
49, 29
48, 28
48, 26
47, 25
47, 23
46, 22
46, 21
45, 20
45, 19
44, 18
44, 17
43, 16
43, 15
42, 14
229, 139
230, 138
231, 138
232, 139
235, 139
236, 140
238, 140
240, 142
240, 146
241, 147
241, 150
242, 151
242, 154
243, 155
239, 155
239, 154
237, 152
237, 151
235, 149
235, 148
233, 146
233, 145
231, 143
231, 142
229, 140
166, 135
167, 134
168, 135
168, 138
169, 139
169, 151
170, 152
170, 159
171, 160
171, 169
172, 170
172, 177
171, 178
169, 176
169, 175
168, 174
168, 172
167, 171
167, 169
166, 168
166, 166
165, 165
165, 162
164, 161
164, 153
163, 152
163, 148
164, 147
164, 141
165, 140
165, 137
166, 136
192, 132
193, 131
195, 131
196, 132
201, 132
202, 133
207, 133
208, 134
213, 134
214, 135
218, 135
219, 136
222, 136
225, 139
225, 140
226, 141
226, 143
227, 144
227, 146
228, 147
228, 149
229, 150
229, 152
230, 153
230, 156
231, 157
231, 159
232, 160
232, 162
233, 163
233, 166
234, 167
234, 169
235, 170
235, 172
236, 173
236, 175
237, 176
237, 179
238, 180
238, 182
239, 183
239, 185
240, 186
240, 189
241, 190
241, 192
242, 193
242, 196
243, 197
243, 199
244, 200
244, 202
245, 203
245, 206
246, 207
246, 209
247, 210
247, 211
246, 212
243, 209
243, 208
241, 206
241, 205
239, 203
239, 202
237, 200
237, 199
235, 197
235, 196
233, 194
233, 193
231, 191
231, 190
229, 188
229, 187
227, 185
227, 184
226, 183
226, 182
224, 180
224, 179
222, 177
222, 176
220, 174
220, 173
218, 171
218, 170
217, 169
217, 168
215, 166
215, 165
213, 163
213, 162
212, 161
212, 160
210, 158
210, 157
208, 155
208, 154
206, 152
206, 151
204, 149
204, 148
202, 146
202, 145
199, 142
199, 141
195, 137
195, 136
192, 133
175, 129
181, 129
182, 130
183, 130
184, 131
185, 131
189, 135
189, 136
191, 138
191, 139
192, 140
192, 141
193, 142
193, 143
194, 144
194, 145
195, 146
195, 147
196, 148
196, 150
197, 151
197, 152
198, 153
198, 155
199, 156
199, 157
200, 158
200, 160
201, 161
201, 162
202, 163
202, 165
203, 166
203, 168
204, 169
204, 171
205, 175
206, 176
206, 178
207, 179
207, 184
208, 185
208, 195
207, 196
207, 199
206, 200
206, 201
205, 202
205, 203
202, 206
201, 206
200, 207
198, 207
196, 207
193, 207
192, 206
191, 206
188, 203
187, 203
183, 199
183, 198
179, 194
179, 193
177, 191
177, 190
175, 188
175, 187
174, 183
175, 182
175, 166
174, 165
174, 158
173, 157
173, 149
172, 148
172, 130
104, 129
105, 128
108, 128
109, 129
109, 130
110, 131
110, 136
111, 137
111, 141
112, 142
112, 146
113, 147
113, 151
114, 152
114, 156
115, 157
115, 161
116, 162
116, 167
117, 168
117, 172
118, 173
118, 179
119, 180
119, 187
118, 188
118, 189
116, 191
115, 190
114, 190
104, 180
104, 179
100, 175
100, 174
98, 172
98, 171
95, 168
95, 167
93, 165
93, 164
91, 162
91, 161
90, 160
90, 159
88, 157
88, 156
87, 155
87, 154
85, 152
85, 151
84, 150
84, 149
83, 148
83, 147
81, 145
81, 144
80, 143
80, 142
79, 141
79, 140
78, 139
78, 138
77, 137
77, 136
78, 135
79, 135
80, 134
82, 134
83, 133
85, 133
86, 132
89, 132
90, 131
93, 131
94, 130
98, 130
99, 129
135, 128
136, 127
160, 127
161, 128
165, 128
166, 129
164, 131
164, 132
163, 133
163, 135
162, 136
162, 138
161, 139
161, 144
160, 145
160, 156
161, 157
161, 163
162, 164
158, 165
158, 164
156, 162
156, 161
154, 159
154, 158
153, 157
153, 156
151, 154
151, 153
149, 151
149, 150
147, 148
147, 147
146, 146
146, 145
144, 143
144, 142
142, 140
142, 139
141, 138
141, 137
139, 135
139, 134
138, 133
138, 132
136, 130
136, 129
115, 127
130, 127
132, 129
132, 130
133, 131
133, 132
135, 134
135, 135
137, 137
137, 138
138, 139
138, 140
140, 142
140, 143
141, 144
141, 145
143, 147
143, 148
145, 150
145, 151
147, 153
147, 154
148, 155
148, 156
150, 158
150, 159
152, 161
152, 162
154, 164
154, 165
156, 167
156, 168
158, 170
158, 171
161, 174
161, 175
164, 178
164, 179
169, 184
169, 185
171, 187
171, 188
173, 190
173, 191
175, 193
175, 194
177, 196
177, 197
181, 201
181, 202
184, 205
185, 205
188, 208
189, 208
191, 210
193, 210
194, 211
199, 211
200, 210
202, 210
203, 209
204, 209
207, 206
207, 205
209, 203
209, 202
210, 201
210, 198
211, 197
211, 183
210, 182
210, 178
209, 177
209, 174
208, 173
208, 171
207, 170
207, 168
206, 167
206, 165
205, 164
205, 162
204, 161
204, 159
203, 158
203, 157
202, 156
202, 155
203, 154
206, 157
206, 158
208, 160
208, 161
209, 162
209, 163
211, 165
211, 166
213, 168
213, 169
214, 170
214, 171
216, 173
216, 174
218, 176
218, 177
219, 178
219, 179
221, 181
221, 182
223, 184
223, 185
225, 187
225, 188
227, 190
227, 191
228, 192
228, 193
230, 195
230, 196
233, 199
233, 200
235, 202
235, 203
237, 205
237, 206
239, 208
239, 209
241, 211
241, 212
243, 214
243, 215
245, 217
245, 218
247, 220
247, 221
249, 223
249, 224
251, 226
251, 227
254, 227
254, 222
253, 221
253, 219
252, 218
252, 215
251, 214
251, 212
250, 211
250, 208
249, 207
249, 205
248, 204
248, 202
247, 201
247, 198
246, 197
246, 195
245, 194
245, 192
244, 191
244, 188
243, 187
243, 185
242, 184
242, 181
241, 180
241, 178
240, 177
240, 175
239, 174
239, 171
238, 170
238, 168
237, 167
237, 165
236, 164
236, 162
235, 161
235, 158
234, 157
234, 156
235, 155
237, 157
237, 158
240, 161
240, 162
242, 164
242, 165
245, 168
245, 169
249, 173
249, 174
252, 177
252, 178
257, 183
257, 184
262, 189
262, 190
268, 196
268, 197
275, 204
276, 204
281, 209
284, 209
285, 208
285, 207
263, 185
263, 184
260, 181
260, 180
257, 177
257, 176
256, 175
256, 174
254, 172
254, 171
253, 170
253, 169
252, 168
252, 167
251, 166
251, 165
250, 164
250, 163
249, 162
249, 161
248, 160
248, 159
247, 158
247, 156
246, 155
246, 153
245, 152
245, 150
244, 149
244, 145
243, 144
243, 143
244, 142
247, 142
248, 143
250, 143
251, 144
253, 144
254, 145
257, 145
258, 146
260, 146
261, 147
263, 147
264, 148
266, 148
267, 149
269, 149
270, 150
272, 150
273, 151
274, 151
275, 152
277, 152
278, 153
279, 153
280, 154
282, 154
283, 155
284, 155
285, 156
286, 156
287, 157
288, 157
290, 159
290, 160
291, 161
291, 162
292, 163
292, 164
294, 166
294, 167
295, 168
295, 170
296, 171
296, 172
297, 173
297, 174
298, 175
298, 176
299, 177
299, 178
300, 179
300, 180
301, 181
301, 183
302, 184
302, 185
303, 186
303, 188
304, 189
304, 191
305, 192
305, 193
306, 194
306, 196
307, 197
307, 199
308, 200
308, 202
309, 203
309, 206
310, 207
310, 211
311, 212
311, 215
312, 216
312, 221
313, 222
313, 230
314, 231
314, 240
313, 241
313, 248
312, 249
312, 253
311, 254
311, 256
310, 257
310, 259
309, 260
309, 262
308, 263
308, 264
307, 265
307, 266
305, 268
305, 269
304, 270
304, 271
302, 273
302, 274
301, 275
301, 276
298, 279
298, 280
296, 282
296, 283
291, 288
291, 289
282, 298
281, 298
277, 302
276, 302
274, 304
273, 304
271, 306
270, 306
269, 307
268, 307
267, 308
266, 308
265, 309
263, 309
262, 310
260, 310
259, 311
257, 311
256, 312
251, 312
250, 313
229, 313
228, 312
223, 312
222, 311
217, 311
216, 310
211, 310
210, 309
207, 309
206, 308
203, 308
202, 307
199, 307
198, 306
195, 306
194, 305
191, 305
190, 304
187, 304
186, 303
184, 303
183, 302
181, 302
180, 301
178, 301
177, 300
174, 300
173, 299
171, 299
170, 298
168, 298
167, 297
165, 297
164, 296
162, 296
161, 295
159, 295
158, 294
157, 294
156, 293
154, 293
153, 292
151, 292
150, 291
148, 291
147, 290
146, 290
145, 289
143, 289
142, 288
141, 288
140, 287
138, 287
137, 286
136, 286
135, 285
134, 285
133, 284
131, 284
130, 283
129, 283
128, 282
127, 282
126, 281
125, 281
124, 280
122, 280
121, 279
120, 279
119, 278
118, 278
117, 277
116, 277
115, 276
114, 276
113, 275
112, 275
111, 274
110, 274
109, 273
108, 273
107, 272
106, 272
105, 271
104, 271
103, 270
102, 270
100, 268
99, 268
98, 267
97, 267
96, 266
95, 266
94, 265
93, 265
91, 263
90, 263
89, 262
88, 262
87, 261
86, 261
84, 259
83, 259
82, 258
81, 258
79, 256
78, 256
77, 255
76, 255
75, 254
74, 254
72, 252
71, 252
70, 251
69, 251
67, 249
66, 249
64, 247
63, 247
61, 245
60, 245
57, 242
56, 242
53, 239
52, 239
40, 227
40, 226
37, 223
37, 222
35, 220
35, 219
34, 218
34, 217
33, 216
33, 215
31, 213
31, 212
30, 211
30, 210
29, 209
29, 208
28, 207
28, 205
27, 204
27, 202
26, 201
26, 199
25, 198
25, 186
26, 185
26, 182
27, 181
27, 180
28, 179
28, 178
29, 177
29, 176
31, 174
31, 173
33, 171
33, 170
36, 167
36, 166
51, 151
52, 151
56, 147
57, 147
59, 145
60, 145
62, 143
63, 143
65, 141
66, 141
67, 140
68, 140
70, 142
70, 149
71, 150
71, 157
72, 158
72, 166
73, 167
73, 175
74, 176
74, 186
75, 187
75, 197
76, 198
76, 208
77, 209
77, 218
78, 219
78, 225
79, 226
80, 226
82, 224
82, 222
81, 221
81, 216
80, 215
80, 205
79, 204
79, 195
78, 194
78, 184
77, 183
77, 173
76, 172
76, 164
75, 163
75, 155
74, 154
74, 147
73, 146
73, 140
74, 139
75, 140
75, 141
76, 142
76, 143
78, 145
78, 146
79, 147
79, 148
80, 149
80, 150
82, 152
82, 153
83, 154
83, 155
84, 156
84, 157
86, 159
86, 160
87, 161
87, 162
89, 164
89, 165
91, 167
91, 168
93, 170
93, 171
95, 173
95, 174
98, 177
98, 178
102, 182
102, 183
111, 192
112, 192
114, 194
119, 194
120, 193
120, 192
121, 191
121, 190
122, 189
122, 178
121, 177
121, 172
120, 171
120, 166
119, 165
119, 160
118, 159
118, 156
117, 155
117, 150
116, 149
116, 145
115, 144
115, 140
114, 139
114, 135
113, 134
113, 129
252, 123
253, 122
259, 122
260, 123
261, 123
262, 124
263, 124
264, 125
273, 133
273, 134
277, 138
277, 139
279, 141
279, 142
281, 144
281, 145
283, 147
283, 148
284, 151
282, 151
281, 150
279, 150
278, 149
277, 149
276, 148
274, 148
273, 147
271, 147
270, 146
269, 146
268, 145
266, 145
265, 144
262, 144
261, 143
259, 143
258, 142
256, 142
255, 141
252, 141
251, 140
249, 140
248, 139
244, 137
244, 134
245, 133
245, 131
246, 130
246, 129
247, 128
251, 123
175, 119
173, 123
111, 107
112, 106
113, 106
114, 107
115, 107
118, 110
118, 111
122, 115
122, 116
125, 119
125, 120
127, 122
125, 124
113, 124
111, 122
111, 114
110, 113
110, 110
111, 109
295, 54
296, 53
299, 53
300, 54
302, 54
303, 55
304, 55
306, 57
307, 57
318, 68
318, 69
321, 72
321, 73
324, 76
324, 77
325, 78
325, 79
327, 81
327, 82
328, 83
328, 84
330, 86
330, 87
331, 88
331, 89
332, 90
332, 91
333, 92
333, 93
334, 94
334, 95
335, 96
335, 98
336, 99
336, 100
337, 101
337, 102
338, 103
338, 105
339, 106
339, 107
340, 108
340, 110
341, 111
341, 112
342, 113
342, 115
343, 116
343, 118
344, 119
344, 121
345, 122
345, 124
346, 125
346, 127
347, 128
347, 130
348, 131
348, 134
349, 135
349, 137
350, 138
349, 139
348, 139
345, 136
344, 136
322, 114
322, 113
316, 107
316, 106
311, 101
311, 100
307, 96
307, 95
304, 92
304, 91
302, 89
302, 88
300, 86
300, 85
298, 83
298, 82
297, 81
297, 80
296, 79
296, 78
295, 77
295, 76
294, 75
294, 74
293, 73
293, 71
292, 70
292, 67
291, 66
291, 57
294, 54
40, 21
41, 20
43, 22
43, 24
44, 25
44, 26
45, 27
45, 29
46, 30
46, 32
47, 33
47, 35
48, 36
48, 39
49, 40
49, 42
50, 43
50, 45
51, 46
51, 49
52, 50
52, 53
53, 54
53, 56
54, 57
54, 60
55, 61
55, 64
56, 65
56, 68
57, 69
57, 73
58, 74
58, 77
59, 78
59, 82
60, 83
60, 86
61, 87
61, 91
62, 92
62, 97
63, 98
63, 102
64, 103
64, 104
63, 105
61, 103
61, 101
60, 100
60, 99
59, 98
59, 97
58, 96
58, 94
57, 93
57, 92
56, 91
56, 89
55, 88
55, 86
54, 85
54, 83
53, 82
53, 80
52, 79
52, 78
51, 77
51, 75
50, 74
50, 71
49, 70
49, 68
48, 67
48, 65
47, 64
47, 61
46, 60
46, 57
45, 56
45, 53
44, 52
44, 49
43, 48
43, 44
42, 43
42, 39
41, 38
41, 32
40, 31
