4, 2
496, 4
494, 321
2, 319
383, 175
382, 176
381, 176
380, 177
379, 177
377, 179
377, 182
378, 183
381, 183
382, 182
383, 182
384, 181
392, 181
393, 182
395, 182
396, 183
397, 183
398, 184
399, 184
400, 185
401, 185
402, 186
403, 186
404, 187
405, 187
407, 189
408, 189
409, 190
410, 190
411, 191
412, 191
413, 192
414, 192
415, 193
416, 193
417, 194
418, 194
420, 196
421, 196
422, 197
423, 197
424, 198
425, 198
426, 199
427, 199
428, 200
429, 200
430, 201
431, 201
433, 203
434, 203
435, 204
437, 204
438, 205
439, 205
440, 206
441, 206
442, 207
444, 207
445, 208
447, 208
448, 209
450, 209
451, 210
454, 210
455, 211
459, 211
460, 212
475, 212
477, 210
477, 208
475, 206
459, 206
458, 205
455, 205
454, 204
451, 204
450, 203
448, 203
447, 202
445, 202
444, 201
443, 201
442, 200
441, 200
440, 199
439, 199
438, 198
437, 198
436, 197
435, 197
434, 196
433, 196
432, 195
431, 195
430, 194
429, 194
428, 193
427, 193
426, 192
425, 192
424, 191
423, 191
421, 189
420, 189
419, 188
418, 188
417, 187
416, 187
415, 186
414, 186
413, 185
412, 185
411, 184
410, 184
408, 182
407, 182
406, 181
405, 181
404, 180
403, 180
402, 179
401, 179
400, 178
399, 178
398, 177
396, 177
395, 176
393, 176
392, 175
35, 14
34, 15
34, 24
35, 25
35, 33
36, 34
36, 41
37, 42
37, 47
38, 48
38, 54
39, 55
39, 61
40, 62
40, 67
41, 68
41, 73
42, 74
42, 78
43, 79
43, 83
44, 84
44, 88
45, 89
45, 93
46, 94
46, 98
47, 99
47, 103
48, 104
48, 108
49, 109
49, 116
50, 117
50, 125
51, 126
51, 135
52, 136
52, 146
53, 147
53, 158
54, 159
54, 163
53, 164
51, 164
50, 165
48, 165
47, 166
45, 166
44, 167
43, 167
42, 168
41, 168
40, 169
39, 169
35, 173
34, 173
34, 174
30, 178
30, 179
28, 181
28, 182
26, 184
26, 185
25, 186
25, 188
24, 189
24, 190
23, 191
23, 194
22, 195
22, 201
21, 202
21, 210
22, 211
22, 217
23, 218
23, 222
24, 223
24, 225
25, 226
25, 229
26, 230
26, 231
27, 232
27, 234
28, 235
28, 236
29, 237
29, 238
30, 239
30, 241
31, 242
31, 243
32, 244
32, 245
34, 247
34, 248
35, 249
35, 250
36, 251
36, 252
37, 253
37, 254
39, 256
39, 257
41, 259
41, 260
47, 266
47, 267
52, 272
53, 272
58, 277
58, 279
59, 280
59, 281
60, 282
60, 284
62, 286
63, 286
64, 285
64, 282
65, 281
66, 281
67, 282
68, 282
69, 283
70, 283
71, 284
72, 284
73, 285
74, 285
75, 286
76, 286
77, 287
78, 287
79, 288
80, 288
81, 289
82, 289
83, 290
84, 290
85, 291
87, 291
88, 292
89, 292
90, 293
91, 293
92, 294
93, 294
94, 295
96, 295
97, 296
99, 296
100, 297
101, 297
102, 298
104, 298
105, 299
107, 299
108, 300
111, 300
112, 301
114, 301
115, 302
117, 302
118, 303
121, 303
122, 304
126, 304
127, 305
131, 305
132, 306
137, 306
138, 307
145, 307
146, 308
201, 308
202, 307
214, 307
215, 306
223, 306
224, 305
230, 305
231, 304
234, 304
235, 303
238, 303
239, 302
242, 302
243, 301
245, 301
246, 300
247, 300
248, 299
249, 299
250, 298
251, 298
252, 297
253, 297
254, 296
255, 296
257, 294
258, 294
261, 291
262, 291
270, 283
270, 282
273, 279
273, 278
276, 275
276, 274
277, 273
277, 272
278, 271
278, 270
279, 269
279, 268
280, 267
280, 266
281, 265
281, 264
282, 263
282, 262
283, 261
283, 259
284, 258
284, 256
285, 255
285, 252
286, 251
286, 247
287, 246
287, 228
286, 227
286, 223
285, 222
285, 219
284, 218
284, 216
283, 215
283, 214
284, 213
285, 213
286, 214
287, 214
288, 215
289, 215
291, 217
292, 217
293, 218
294, 218
296, 220
297, 220
299, 222
300, 222
302, 224
303, 224
305, 226
306, 226
308, 228
309, 228
310, 229
311, 229
313, 231
314, 231
317, 234
318, 234
320, 236
321, 236
324, 239
325, 239
329, 243
330, 243
344, 257
345, 257
346, 256
346, 253
345, 252
345, 250
344, 249
344, 248
343, 247
343, 246
342, 245
342, 243
341, 242
341, 241
340, 240
340, 238
339, 237
339, 236
338, 235
338, 233
337, 232
337, 231
336, 230
336, 228
335, 227
335, 225
334, 224
334, 221
333, 220
333, 218
332, 217
332, 215
331, 214
331, 211
330, 210
330, 208
329, 207
329, 203
328, 202
328, 199
327, 198
327, 194
326, 193
326, 188
325, 187
325, 183
324, 182
324, 177
323, 176
323, 172
322, 171
322, 166
321, 165
321, 161
320, 160
320, 157
321, 156
324, 159
325, 159
328, 162
329, 162
331, 164
332, 164
335, 167
336, 167
339, 170
340, 170
342, 172
343, 172
347, 176
348, 176
350, 178
351, 178
355, 182
356, 182
359, 185
360, 185
361, 186
362, 186
365, 189
367, 189
367, 186
364, 183
363, 183
361, 181
360, 181
355, 176
354, 176
352, 174
351, 174
348, 171
347, 171
344, 168
343, 168
341, 166
340, 166
337, 163
336, 163
334, 161
333, 161
330, 158
329, 158
325, 154
324, 154
321, 151
320, 151
319, 150
319, 149
318, 148
318, 145
317, 144
317, 140
316, 139
316, 135
315, 134
315, 131
314, 130
314, 126
313, 125
313, 122
312, 121
312, 119
311, 118
311, 116
310, 115
310, 112
309, 111
309, 109
308, 108
308, 106
307, 105
307, 103
306, 102
306, 100
305, 99
305, 97
304, 96
304, 94
303, 93
303, 91
302, 90
302, 88
301, 87
301, 85
300, 84
300, 82
299, 81
299, 80
298, 79
298, 77
297, 76
297, 75
296, 74
296, 72
295, 71
295, 70
294, 69
294, 68
293, 67
293, 65
292, 64
292, 63
291, 62
291, 61
290, 60
290, 59
289, 58
289, 57
288, 56
288, 55
287, 54
287, 53
286, 52
286, 51
285, 50
285, 49
283, 47
283, 46
282, 45
282, 44
280, 42
280, 41
278, 39
278, 38
275, 35
275, 34
269, 28
268, 28
266, 26
265, 26
264, 25
259, 25
258, 26
257, 26
254, 29
254, 30
253, 31
253, 32
252, 33
252, 34
251, 35
251, 37
250, 38
250, 42
249, 43
249, 64
250, 65
250, 69
251, 70
251, 73
252, 74
252, 76
253, 77
253, 78
254, 79
254, 81
255, 82
255, 83
256, 84
256, 85
257, 86
257, 88
258, 89
258, 90
260, 92
260, 93
261, 94
261, 95
262, 96
262, 97
264, 99
264, 100
266, 102
266, 103
269, 106
269, 107
272, 110
272, 111
280, 119
280, 120
289, 129
290, 129
301, 140
302, 140
309, 147
310, 147
315, 152
315, 153
316, 154
316, 158
317, 159
317, 164
318, 165
318, 169
319, 170
319, 175
320, 176
320, 180
321, 181
321, 186
322, 187
322, 191
323, 192
323, 197
324, 198
324, 201
325, 202
325, 206
326, 207
326, 210
327, 211
327, 213
328, 214
328, 217
329, 218
329, 220
330, 221
330, 223
331, 224
331, 226
332, 227
332, 229
333, 230
333, 232
334, 233
334, 235
335, 236
335, 237
336, 238
336, 240
337, 241
337, 242
336, 243
335, 243
330, 238
329, 238
326, 235
325, 235
322, 232
321, 232
319, 230
318, 230
316, 228
315, 228
313, 226
312, 226
310, 224
309, 224
307, 222
306, 222
304, 220
303, 220
301, 218
300, 218
298, 216
297, 216
296, 215
295, 215
293, 213
292, 213
291, 212
290, 212
288, 210
287, 210
286, 209
285, 209
284, 208
283, 208
279, 204
279, 203
278, 202
278, 201
277, 200
277, 198
276, 197
276, 196
275, 195
275, 194
274, 193
274, 192
273, 191
273, 190
272, 189
272, 188
271, 187
271, 186
270, 185
270, 184
269, 183
269, 182
268, 181
268, 180
267, 179
267, 178
266, 177
266, 176
264, 174
264, 173
263, 172
263, 171
262, 170
262, 169
261, 168
261, 167
259, 165
259, 164
258, 163
258, 162
256, 160
256, 159
254, 157
254, 156
250, 152
249, 152
248, 151
247, 151
246, 150
243, 150
239, 154
239, 156
238, 157
238, 171
239, 172
239, 177
240, 178
240, 182
241, 183
241, 186
242, 187
241, 188
239, 188
238, 187
236, 187
231, 182
231, 181
229, 179
229, 178
227, 176
227, 175
226, 174
226, 173
224, 171
224, 170
223, 169
223, 167
222, 166
222, 164
221, 163
221, 161
220, 160
220, 159
219, 158
219, 156
218, 155
218, 154
217, 153
217, 152
216, 151
216, 150
215, 149
215, 147
214, 146
214, 145
213, 144
213, 143
211, 141
211, 140
210, 139
208, 139
207, 140
207, 142
208, 143
208, 146
209, 147
209, 149
210, 150
210, 152
211, 153
211, 154
212, 155
212, 157
213, 158
213, 159
214, 160
214, 161
215, 162
215, 163
216, 164
216, 165
218, 167
218, 168
219, 169
219, 170
220, 171
220, 172
221, 173
221, 175
222, 176
222, 178
223, 179
223, 181
222, 182
220, 182
219, 181
217, 181
216, 180
213, 180
212, 179
208, 179
207, 178
204, 178
203, 177
200, 177
199, 176
195, 176
194, 175
190, 175
189, 174
187, 174
185, 172
185, 171
184, 170
184, 169
183, 168
183, 167
182, 166
182, 165
181, 164
181, 163
180, 162
180, 161
179, 160
179, 159
178, 158
178, 157
177, 156
177, 155
176, 154
176, 153
173, 150
173, 149
170, 146
169, 146
168, 145
167, 145
166, 144
162, 144
161, 145
160, 145
157, 148
157, 149
156, 150
156, 151
155, 152
155, 154
154, 155
154, 158
153, 159
153, 163
152, 164
152, 167
151, 168
148, 168
147, 167
141, 167
140, 166
133, 166
132, 165
125, 165
123, 163
123, 162
122, 161
122, 160
120, 158
120, 157
119, 156
119, 155
117, 153
117, 152
115, 150
115, 149
112, 146
112, 145
105, 138
104, 138
103, 137
98, 137
97, 138
96, 138
94, 140
94, 141
93, 142
93, 143
92, 144
92, 146
91, 147
91, 156
90, 157
90, 161
89, 162
72, 162
71, 163
68, 163
66, 161
66, 159
65, 158
65, 156
64, 155
64, 152
63, 151
63, 149
62, 148
62, 146
61, 145
61, 142
60, 141
60, 138
59, 137
59, 134
58, 133
58, 130
57, 129
57, 126
56, 125
56, 122
55, 121
55, 118
54, 117
54, 113
53, 112
53, 109
52, 108
52, 102
51, 101
51, 93
50, 92
50, 85
49, 84
49, 78
48, 77
48, 70
47, 69
47, 63
46, 62
46, 56
45, 55
45, 50
44, 49
44, 44
43, 43
43, 38
42, 37
42, 33
41, 32
41, 28
40, 27
40, 23
39, 22
39, 19
38, 18
38, 15
37, 14
247, 201
245, 202
239, 193
240, 192
241, 192
242, 193
243, 193
244, 194
244, 195
245, 196
245, 198
246, 199
242, 198
242, 197
240, 195
240, 194
191, 180
192, 179
196, 179
197, 180
200, 180
201, 181
204, 181
205, 182
208, 182
209, 183
212, 183
213, 184
216, 184
217, 185
220, 185
221, 186
223, 186
226, 189
226, 191
227, 192
227, 195
228, 196
228, 199
229, 200
229, 203
230, 204
230, 207
231, 208
231, 212
232, 213
232, 217
233, 218
233, 221
234, 222
234, 227
235, 228
235, 235
236, 236
236, 241
235, 242
234, 242
231, 239
231, 238
229, 236
229, 235
226, 232
226, 231
223, 228
223, 227
220, 224
220, 223
218, 221
218, 220
216, 218
216, 217
214, 215
214, 214
212, 212
212, 211
210, 209
210, 208
208, 206
208, 205
206, 203
206, 202
204, 200
204, 199
202, 197
202, 196
200, 194
200, 193
198, 191
198, 190
196, 188
196, 187
194, 185
194, 184
192, 182
192, 181
160, 173
163, 173
164, 174
169, 174
170, 175
175, 175
176, 176
181, 176
184, 179
184, 181
185, 182
185, 184
186, 185
186, 187
187, 188
187, 190
188, 191
188, 194
189, 195
189, 198
190, 199
190, 204
191, 205
191, 223
190, 224
190, 226
189, 227
189, 229
185, 233
184, 233
183, 234
181, 234
180, 233
179, 233
173, 227
173, 226
171, 224
171, 223
170, 222
170, 221
169, 220
169, 219
168, 218
168, 217
167, 216
167, 215
166, 214
166, 213
165, 212
165, 210
164, 209
164, 207
163, 206
163, 205
162, 204
162, 201
161, 200
161, 198
160, 197
160, 193
159, 192
159, 185
158, 184
158, 175
128, 170
129, 169
135, 169
136, 170
143, 170
144, 171
149, 171
151, 173
151, 198
152, 199
152, 205
151, 206
150, 206
149, 205
149, 204
147, 202
147, 201
145, 199
145, 198
143, 196
143, 195
142, 194
142, 193
140, 191
140, 190
139, 189
139, 188
137, 186
137, 185
135, 183
135, 182
134, 181
134, 180
132, 178
132, 177
130, 175
130, 174
129, 173
129, 172
128, 171
49, 169
50, 168
53, 168
54, 169
54, 170
55, 171
55, 183
56, 184
56, 198
57, 199
57, 221
58, 222
58, 243
59, 244
59, 251
56, 254
56, 268
55, 269
46, 260
46, 259
43, 256
43, 255
41, 253
41, 252
39, 250
39, 249
38, 248
38, 247
37, 246
37, 245
36, 244
36, 243
35, 242
35, 241
34, 240
34, 239
33, 238
33, 237
32, 236
32, 235
31, 234
31, 232
30, 231
30, 230
29, 229
29, 227
28, 226
28, 224
27, 223
27, 220
26, 219
26, 214
25, 213
25, 199
26, 198
26, 194
27, 193
27, 191
28, 190
28, 189
29, 188
29, 187
30, 186
30, 185
31, 184
31, 183
33, 181
33, 180
40, 173
41, 173
43, 171
44, 171
45, 170
46, 170
47, 169
94, 167
95, 166
102, 166
103, 167
116, 167
117, 168
121, 168
124, 171
124, 172
126, 174
126, 175
127, 176
127, 177
128, 178
128, 179
130, 181
130, 182
132, 184
132, 185
133, 186
133, 187
135, 189
135, 190
137, 192
137, 193
138, 194
138, 195
140, 197
140, 198
142, 200
142, 201
144, 203
144, 204
146, 206
146, 207
148, 209
148, 210
150, 212
150, 213
151, 214
152, 214
153, 215
154, 215
155, 214
155, 211
156, 210
156, 206
155, 205
155, 198
156, 197
157, 198
157, 200
158, 201
158, 203
159, 204
159, 206
160, 207
160, 209
161, 210
161, 212
162, 213
162, 214
163, 215
163, 216
164, 217
164, 218
165, 219
165, 220
166, 221
166, 222
167, 223
167, 224
168, 225
168, 226
169, 227
169, 228
171, 230
171, 231
175, 235
176, 235
178, 237
186, 237
188, 235
189, 235
190, 234
190, 233
192, 231
192, 230
193, 229
193, 227
194, 226
194, 222
195, 221
195, 207
194, 206
194, 201
193, 200
193, 196
192, 195
194, 191
194, 192
196, 194
196, 195
198, 197
198, 198
200, 200
200, 201
202, 203
202, 204
204, 206
204, 207
206, 209
206, 210
208, 212
208, 213
210, 215
210, 216
212, 218
212, 219
215, 222
215, 223
217, 225
217, 226
219, 228
219, 229
222, 232
222, 233
225, 236
225, 237
227, 239
227, 240
231, 244
231, 245
233, 247
234, 247
235, 248
237, 248
238, 247
238, 246
239, 245
239, 231
238, 230
238, 224
237, 223
237, 219
236, 218
236, 214
235, 213
235, 209
234, 208
234, 205
233, 204
233, 201
232, 200
232, 197
231, 196
231, 193
230, 192
230, 190
231, 189
234, 192
234, 193
236, 195
236, 196
238, 198
238, 199
241, 202
241, 203
243, 205
243, 206
246, 209
246, 210
250, 214
250, 215
253, 218
253, 219
256, 222
256, 223
260, 227
260, 228
262, 230
262, 231
263, 232
265, 232
266, 231
266, 228
264, 226
264, 225
262, 223
262, 222
260, 220
260, 219
259, 218
259, 217
258, 216
258, 215
257, 214
257, 213
256, 212
256, 211
255, 210
255, 209
254, 208
254, 207
253, 206
253, 205
252, 204
252, 203
251, 202
251, 201
250, 200
250, 198
249, 197
250, 196
251, 196
252, 197
253, 197
254, 198
255, 198
256, 199
258, 199
259, 200
260, 200
261, 201
262, 201
263, 202
264, 202
265, 203
266, 203
267, 204
268, 204
269, 205
270, 205
271, 206
272, 206
273, 207
274, 207
275, 208
276, 208
278, 210
278, 212
279, 213
279, 215
280, 216
280, 218
281, 219
281, 221
282, 222
282, 226
283, 227
283, 232
284, 233
284, 241
283, 242
283, 248
282, 249
282, 252
281, 253
281, 255
280, 256
280, 258
279, 259
279, 261
278, 262
278, 263
277, 264
277, 265
276, 266
276, 267
275, 268
275, 269
274, 270
274, 271
272, 273
272, 274
269, 277
269, 278
264, 283
264, 284
262, 286
261, 286
257, 290
256, 290
254, 292
253, 292
251, 294
250, 294
249, 295
248, 295
247, 296
246, 296
245, 297
243, 297
242, 298
240, 298
239, 299
236, 299
235, 300
232, 300
231, 301
227, 301
226, 302
218, 302
217, 303
208, 303
207, 304
189, 304
188, 305
155, 305
154, 304
143, 304
142, 303
136, 303
135, 302
130, 302
129, 301
126, 301
125, 300
121, 300
120, 299
117, 299
116, 298
114, 298
113, 297
111, 297
110, 296
108, 296
107, 295
105, 295
104, 294
102, 294
101, 293
99, 293
98, 292
97, 292
96, 291
95, 291
94, 290
92, 290
91, 289
90, 289
89, 288
88, 288
87, 287
86, 287
85, 286
83, 286
82, 285
81, 285
80, 284
79, 284
78, 283
77, 283
76, 282
75, 282
74, 281
73, 281
72, 280
71, 280
70, 279
69, 279
67, 277
66, 277
64, 275
64, 274
63, 273
63, 253
62, 252
62, 230
61, 229
61, 208
60, 207
60, 190
59, 189
59, 175
58, 174
58, 168
59, 167
64, 167
65, 168
65, 169
66, 170
66, 172
67, 173
67, 174
68, 175
68, 177
69, 178
69, 179
70, 180
70, 182
71, 183
71, 184
72, 185
72, 187
73, 188
73, 189
74, 190
74, 191
75, 192
75, 193
76, 194
76, 196
77, 197
77, 198
79, 200
79, 201
80, 202
80, 203
82, 205
82, 206
86, 210
90, 210
92, 208
92, 207
93, 206
93, 202
94, 201
69, 167
70, 166
89, 166
90, 167
90, 174
91, 175
91, 187
90, 188
90, 203
89, 204
89, 205
88, 206
83, 201
83, 200
82, 199
82, 198
81, 197
81, 196
80, 195
80, 194
79, 193
79, 192
78, 191
78, 190
77, 189
77, 187
76, 186
76, 185
75, 184
75, 183
74, 182
74, 180
73, 179
73, 178
72, 177
72, 175
71, 174
71, 173
70, 172
70, 170
69, 169
165, 160
168, 160
169, 161
170, 161
179, 170
179, 171
178, 172
174, 172
173, 171
168, 171
167, 170
162, 170
160, 168
160, 166
161, 165
161, 164
243, 155
244, 154
246, 154
253, 161
253, 162
255, 164
255, 165
256, 166
256, 167
257, 168
257, 169
259, 171
259, 172
260, 173
260, 174
261, 175
261, 176
262, 177
262, 178
263, 179
263, 180
264, 181
264, 182
265, 183
265, 184
267, 186
267, 187
268, 188
268, 189
269, 190
269, 191
270, 192
270, 193
271, 194
271, 196
272, 197
272, 198
273, 199
273, 200
274, 201
273, 202
272, 202
271, 201
269, 201
268, 200
267, 200
266, 199
265, 199
264, 198
263, 198
262, 197
261, 197
260, 196
259, 196
258, 195
257, 195
256, 194
254, 194
253, 193
252, 193
251, 192
249, 192
246, 189
246, 187
245, 186
245, 184
244, 183
244, 180
243, 179
243, 174
242, 173
242, 157
243, 156
163, 148
166, 148
172, 154
172, 155
173, 156
173, 157
172, 158
171, 157
169, 157
168, 156
164, 156
163, 157
162, 157
158, 161
157, 160
157, 158
158, 157
158, 155
159, 154
159, 153
160, 152
160, 151
56, 146
57, 145
58, 146
58, 148
59, 149
59, 151
60, 152
60, 154
61, 155
61, 157
62, 158
62, 160
63, 161
63, 162
62, 163
58, 163
57, 162
57, 151
56, 150
99, 141
102, 141
103, 142
104, 142
107, 145
107, 146
111, 150
111, 151
113, 153
113, 154
115, 156
115, 157
117, 159
117, 160
118, 161
118, 162
119, 163
118, 164
112, 164
111, 163
96, 163
94, 161
94, 152
95, 151
95, 146
96, 145
96, 144
260, 29
264, 29
267, 32
268, 32
270, 34
270, 35
274, 39
274, 40
277, 43
277, 44
278, 45
278, 46
280, 48
280, 49
281, 50
281, 51
283, 53
283, 54
284, 55
284, 56
285, 57
285, 58
286, 59
286, 60
287, 61
287, 62
288, 63
288, 65
289, 66
289, 67
290, 68
290, 69
291, 70
291, 71
292, 72
292, 74
293, 75
293, 76
294, 77
294, 79
295, 80
295, 81
296, 82
296, 84
297, 85
297, 87
298, 88
298, 90
299, 91
299, 92
300, 93
300, 95
301, 96
301, 98
302, 99
302, 101
303, 102
303, 104
304, 105
304, 107
305, 108
305, 111
306, 112
306, 114
307, 115
307, 117
308, 118
308, 121
309, 122
309, 124
310, 125
310, 129
311, 130
311, 133
312, 134
312, 137
313, 138
313, 142
314, 143
313, 144
312, 144
309, 141
308, 141
301, 134
300, 134
277, 111
277, 110
273, 106
273, 105
270, 102
270, 101
268, 99
268, 98
266, 96
266, 95
264, 93
264, 92
263, 91
263, 90
262, 89
262, 88
261, 87
261, 86
260, 85
260, 84
259, 83
259, 82
258, 81
258, 79
257, 78
257, 77
256, 76
256, 74
255, 73
255, 71
254, 70
254, 67
253, 66
253, 59
252, 58
252, 47
253, 46
253, 41
254, 40
254, 38
255, 37
255, 35
256, 34
256, 33
