4, 2
496, 4
494, 367
2, 365
453, 244
451, 246
451, 248
456, 253
457, 253
458, 254
459, 254
461, 256
462, 256
463, 257
464, 257
465, 258
466, 258
467, 259
471, 259
472, 260
475, 260
477, 258
477, 255
476, 254
473, 254
472, 253
469, 253
468, 252
467, 252
466, 251
465, 251
464, 250
463, 250
462, 249
461, 249
456, 244
222, 16
221, 17
218, 17
217, 18
216, 18
215, 19
213, 19
212, 20
211, 20
209, 22
208, 22
207, 23
206, 23
196, 33
196, 34
195, 35
195, 36
194, 37
194, 38
193, 39
193, 40
192, 41
192, 43
191, 44
191, 48
190, 49
190, 59
191, 60
191, 64
192, 65
192, 68
193, 69
193, 70
194, 71
194, 73
195, 74
195, 75
196, 76
196, 77
197, 78
197, 79
198, 80
198, 81
200, 83
200, 84
202, 86
202, 87
204, 89
204, 90
206, 92
206, 93
209, 96
209, 97
213, 101
213, 102
219, 108
219, 109
248, 138
249, 138
257, 146
258, 146
263, 151
264, 151
269, 156
270, 156
273, 159
274, 159
278, 163
279, 163
282, 166
283, 166
285, 168
286, 168
289, 171
290, 171
292, 173
293, 173
295, 175
296, 175
298, 177
299, 177
301, 179
302, 179
304, 181
305, 181
307, 183
308, 183
309, 184
310, 184
312, 186
313, 186
314, 187
315, 187
317, 189
318, 189
319, 190
320, 190
322, 192
323, 192
324, 193
325, 193
327, 195
328, 195
329, 196
330, 196
331, 197
332, 197
333, 198
334, 198
335, 199
336, 199
340, 203
340, 204
341, 205
341, 207
342, 208
342, 210
343, 211
343, 212
344, 213
344, 214
343, 215
342, 215
341, 214
340, 214
339, 213
338, 213
337, 212
336, 212
334, 210
333, 210
332, 209
331, 209
330, 208
329, 208
328, 207
327, 207
326, 206
325, 206
324, 205
323, 205
322, 204
321, 204
320, 203
319, 203
318, 202
317, 202
316, 201
315, 201
313, 199
312, 199
310, 197
309, 197
308, 196
307, 196
306, 195
305, 195
304, 194
303, 194
302, 193
299, 193
298, 192
291, 192
290, 191
288, 191
287, 190
284, 190
283, 189
281, 189
280, 188
277, 188
276, 187
273, 187
272, 186
269, 186
268, 185
267, 185
266, 184
266, 182
265, 181
265, 179
264, 178
264, 176
263, 175
263, 174
262, 173
260, 173
260, 177
261, 178
261, 181
262, 182
261, 183
258, 183
257, 182
254, 182
253, 181
251, 181
250, 180
247, 180
246, 179
243, 179
242, 178
239, 178
238, 177
235, 177
234, 176
231, 176
230, 175
227, 175
226, 174
221, 174
220, 173
215, 173
214, 172
208, 172
207, 171
201, 171
200, 170
193, 170
192, 169
184, 169
183, 168
173, 168
172, 167
124, 167
123, 168
109, 168
108, 169
100, 169
99, 170
93, 170
92, 171
88, 171
87, 172
83, 172
82, 173
81, 173
80, 172
80, 171
79, 170
79, 161
78, 160
78, 152
77, 151
77, 144
76, 143
76, 135
75, 134
75, 128
74, 127
74, 121
73, 120
73, 114
72, 113
72, 108
71, 107
71, 103
70, 102
70, 98
69, 97
69, 93
68, 92
68, 88
67, 87
67, 84
66, 83
66, 80
65, 79
65, 77
64, 76
64, 74
63, 73
63, 71
62, 70
62, 69
61, 68
61, 67
60, 66
60, 65
58, 63
58, 62
54, 58
53, 58
51, 56
49, 56
48, 55
39, 55
38, 56
36, 56
35, 57
34, 57
33, 58
32, 58
31, 59
30, 59
25, 64
25, 65
24, 66
24, 67
23, 68
23, 69
22, 70
22, 85
23, 86
23, 90
24, 91
24, 93
25, 94
25, 97
26, 98
26, 100
27, 101
27, 102
28, 103
28, 105
29, 106
29, 107
30, 108
30, 110
31, 111
31, 112
32, 113
32, 114
33, 115
33, 116
34, 117
34, 119
35, 120
35, 121
36, 122
36, 123
37, 124
37, 125
38, 126
38, 128
39, 129
39, 130
40, 131
40, 132
41, 133
41, 134
42, 135
42, 136
43, 137
43, 139
44, 140
44, 141
45, 142
45, 143
46, 144
46, 146
47, 147
47, 148
48, 149
48, 151
49, 152
49, 153
50, 154
50, 155
51, 156
51, 158
52, 159
52, 160
53, 161
53, 163
54, 164
54, 165
55, 166
55, 168
56, 169
56, 170
57, 171
57, 172
58, 173
58, 175
59, 176
59, 177
60, 178
60, 180
59, 181
58, 181
56, 183
55, 183
53, 185
52, 185
50, 187
49, 187
36, 200
36, 201
34, 203
34, 204
32, 206
32, 207
31, 208
31, 209
30, 210
30, 211
29, 212
29, 213
28, 214
28, 215
27, 216
27, 218
26, 219
26, 221
25, 222
25, 225
24, 226
24, 230
23, 231
23, 238
22, 239
22, 247
23, 248
23, 255
24, 256
24, 260
25, 261
25, 263
26, 264
26, 267
27, 268
27, 269
28, 270
28, 272
29, 273
29, 274
30, 275
30, 276
31, 277
31, 278
32, 279
32, 280
33, 281
33, 282
34, 283
34, 284
36, 286
36, 287
38, 289
38, 290
41, 293
41, 294
44, 297
44, 298
64, 318
65, 318
69, 322
70, 322
72, 324
73, 324
75, 326
76, 326
78, 328
79, 328
80, 329
81, 329
82, 330
83, 330
84, 331
85, 331
87, 333
89, 333
90, 334
91, 334
92, 335
93, 335
94, 336
96, 336
97, 337
98, 337
99, 338
101, 338
102, 339
104, 339
105, 340
107, 340
108, 341
111, 341
112, 342
115, 342
116, 343
119, 343
120, 344
124, 344
125, 345
130, 345
131, 346
137, 346
138, 347
145, 347
146, 348
155, 348
156, 349
166, 349
167, 350
176, 350
177, 351
188, 351
189, 352
242, 352
243, 351
254, 351
255, 350
262, 350
263, 349
268, 349
269, 348
273, 348
274, 347
278, 347
279, 346
282, 346
283, 345
286, 345
287, 344
291, 344
292, 343
294, 343
295, 342
298, 342
299, 341
301, 341
302, 340
304, 340
305, 339
307, 339
308, 338
309, 338
310, 337
312, 337
313, 336
314, 336
315, 335
317, 335
318, 334
319, 334
320, 333
321, 333
322, 332
324, 332
325, 331
326, 331
327, 330
328, 330
329, 329
331, 329
332, 328
333, 328
334, 327
335, 327
336, 326
338, 326
339, 325
340, 325
341, 324
342, 324
343, 323
344, 323
345, 322
346, 322
347, 321
348, 321
349, 320
350, 320
351, 319
352, 319
354, 317
355, 317
356, 316
357, 316
361, 312
362, 312
364, 310
364, 309
367, 306
367, 305
368, 304
368, 303
369, 302
369, 300
370, 299
370, 285
369, 284
369, 281
368, 280
368, 278
367, 277
367, 275
366, 274
366, 272
365, 271
365, 269
364, 268
364, 267
363, 266
363, 265
362, 264
362, 262
361, 261
361, 260
360, 259
360, 258
359, 257
359, 256
358, 255
358, 254
357, 253
357, 252
355, 250
355, 249
354, 248
354, 247
352, 245
352, 244
351, 243
351, 242
349, 240
349, 239
347, 237
347, 236
344, 233
344, 232
340, 228
340, 227
335, 222
335, 221
329, 215
329, 214
329, 211
330, 212
331, 212
332, 213
333, 213
334, 214
335, 214
336, 215
337, 215
338, 216
339, 216
340, 217
341, 217
343, 219
344, 219
347, 222
347, 223
348, 224
348, 225
349, 226
349, 228
350, 229
350, 230
351, 231
351, 232
352, 233
352, 235
353, 236
353, 237
354, 238
354, 239
355, 240
355, 241
356, 242
356, 244
357, 245
357, 246
358, 247
358, 248
359, 249
359, 250
360, 251
360, 252
361, 253
361, 254
362, 255
362, 256
363, 257
363, 258
365, 260
365, 261
366, 262
366, 263
367, 264
367, 265
368, 266
368, 267
369, 268
369, 269
370, 270
370, 271
371, 272
371, 273
372, 274
372, 275
374, 277
374, 278
375, 279
375, 280
377, 282
377, 283
380, 286
380, 287
387, 294
388, 294
390, 296
391, 296
392, 297
393, 297
394, 298
395, 298
396, 299
397, 299
398, 300
400, 300
401, 301
403, 301
404, 302
412, 302
414, 300
415, 300
415, 299
417, 297
417, 296
418, 295
418, 292
419, 291
419, 283
418, 282
418, 279
417, 278
417, 277
416, 276
416, 275
415, 274
415, 273
412, 270
412, 269
408, 265
408, 264
392, 248
391, 248
386, 243
385, 243
381, 239
380, 239
377, 236
376, 236
373, 233
372, 233
370, 231
369, 231
367, 229
366, 229
364, 227
363, 227
361, 225
360, 225
359, 224
358, 224
357, 223
356, 223
354, 221
353, 221
352, 220
351, 220
348, 217
348, 216
347, 215
347, 213
346, 212
346, 211
345, 210
345, 208
344, 207
344, 206
345, 205
346, 205
347, 206
348, 206
349, 207
350, 207
351, 208
352, 208
353, 209
355, 209
356, 210
357, 210
358, 211
359, 211
360, 212
362, 212
363, 213
364, 213
365, 214
366, 214
367, 215
368, 215
369, 216
370, 216
371, 217
373, 217
374, 218
376, 218
377, 219
379, 219
380, 220
382, 220
383, 219
383, 218
382, 217
380, 217
379, 216
376, 216
375, 215
374, 215
373, 214
372, 214
371, 213
370, 213
369, 212
368, 212
367, 211
365, 211
364, 210
363, 210
362, 209
360, 209
359, 208
358, 208
357, 207
356, 207
355, 206
354, 206
353, 205
351, 205
350, 204
349, 204
347, 202
346, 202
345, 201
344, 201
341, 198
341, 197
340, 196
340, 194
339, 193
339, 191
338, 190
338, 189
337, 188
337, 186
336, 185
336, 183
335, 182
335, 180
334, 179
334, 178
333, 177
333, 175
332, 174
332, 172
331, 171
331, 169
330, 168
330, 167
329, 166
329, 164
328, 163
328, 162
327, 161
327, 159
326, 158
326, 157
325, 156
325, 154
324, 153
324, 151
323, 150
323, 149
322, 148
322, 146
321, 145
321, 144
320, 143
320, 141
319, 140
319, 139
318, 138
318, 137
317, 136
317, 134
316, 133
316, 132
315, 131
315, 129
314, 128
314, 127
313, 126
313, 125
312, 124
312, 122
311, 121
311, 120
310, 119
310, 117
309, 116
309, 115
308, 114
308, 113
307, 112
307, 111
306, 110
306, 108
305, 107
305, 106
304, 105
304, 104
303, 103
303, 102
302, 101
302, 100
301, 99
301, 97
300, 96
300, 95
299, 94
299, 93
298, 92
298, 91
297, 90
297, 89
296, 88
296, 87
295, 86
295, 85
294, 84
294, 83
293, 82
293, 81
292, 80
292, 79
291, 78
291, 77
290, 76
290, 75
288, 73
288, 72
287, 71
287, 70
286, 69
286, 68
285, 67
285, 66
284, 65
284, 64
282, 62
282, 61
281, 60
281, 59
279, 57
279, 56
277, 54
277, 53
276, 52
276, 51
274, 49
274, 48
271, 45
271, 44
268, 41
268, 40
265, 37
265, 36
254, 25
253, 25
250, 22
249, 22
247, 20
246, 20
245, 19
244, 19
243, 18
241, 18
240, 17
238, 17
237, 16
321, 295
318, 293
305, 270
305, 271
307, 273
307, 274
308, 275
308, 276
310, 278
310, 279
313, 282
313, 283
315, 285
315, 286
318, 289
313, 287
313, 286
310, 283
310, 282
308, 280
308, 279
306, 277
306, 276
304, 274
304, 273
303, 272
303, 271
302, 270
303, 267
300, 267
351, 225
352, 224
353, 224
354, 225
355, 225
356, 226
357, 226
359, 228
360, 228
361, 229
362, 229
364, 231
365, 231
367, 233
368, 233
370, 235
371, 235
374, 238
375, 238
378, 241
379, 241
383, 245
384, 245
390, 251
391, 251
406, 266
406, 267
410, 271
410, 272
413, 275
413, 276
414, 277
414, 278
415, 279
415, 281
416, 282
416, 292
415, 293
415, 294
414, 295
414, 296
411, 299
403, 299
402, 298
400, 298
399, 297
398, 297
397, 296
396, 296
395, 295
394, 295
393, 294
392, 294
389, 291
388, 291
383, 286
383, 285
380, 282
380, 281
378, 279
378, 278
376, 276
376, 275
375, 274
375, 273
373, 271
373, 270
372, 269
372, 268
371, 267
371, 266
370, 265
370, 264
369, 263
369, 262
368, 261
368, 260
367, 259
367, 258
366, 257
366, 256
365, 255
365, 254
364, 253
364, 252
363, 251
363, 250
362, 249
362, 248
361, 247
361, 246
360, 245
360, 244
359, 243
359, 242
358, 241
358, 240
357, 239
357, 238
356, 237
356, 236
355, 235
355, 233
354, 232
354, 231
353, 230
353, 229
352, 228
352, 226
207, 191
208, 190
209, 190
223, 204
223, 205
226, 208
226, 209
228, 211
228, 212
230, 214
230, 215
232, 217
232, 218
234, 220
234, 221
236, 223
236, 224
237, 225
237, 226
239, 228
239, 229
241, 231
241, 232
242, 233
242, 234
244, 236
244, 237
245, 238
245, 239
246, 240
246, 241
247, 242
247, 243
248, 244
248, 245
249, 246
249, 247
250, 248
250, 249
251, 250
251, 252
252, 253
252, 254
253, 255
253, 256
254, 257
254, 259
255, 260
255, 262
256, 263
256, 264
257, 265
257, 267
258, 268
258, 271
259, 272
259, 276
260, 277
260, 285
259, 286
259, 289
254, 294
253, 294
252, 295
242, 295
241, 294
237, 294
236, 293
234, 293
233, 292
232, 292
231, 291
230, 291
228, 289
227, 289
223, 285
222, 285
221, 284
221, 283
218, 280
218, 279
215, 276
215, 275
213, 273
213, 272
212, 271
212, 265
211, 264
211, 261
210, 260
210, 258
209, 257
209, 255
208, 254
208, 253
207, 252
207, 251
206, 250
206, 247
205, 246
205, 241
204, 240
204, 235
203, 234
203, 230
202, 229
202, 226
201, 225
201, 220
200, 219
200, 199
201, 198
201, 197
203, 195
203, 194
206, 191
268, 190
269, 189
273, 189
274, 190
277, 190
278, 191
280, 191
281, 192
284, 192
286, 194
286, 195
285, 196
285, 197
284, 198
284, 199
283, 200
283, 203
282, 204
282, 222
283, 223
283, 225
282, 226
280, 224
280, 222
279, 221
279, 220
278, 219
278, 217
277, 216
277, 214
276, 213
276, 211
275, 210
275, 209
274, 208
274, 206
273, 205
273, 203
272, 202
272, 200
271, 199
271, 197
270, 196
270, 194
269, 193
269, 191
58, 185
59, 184
61, 184
63, 186
63, 188
64, 189
64, 191
65, 192
65, 194
66, 195
66, 196
67, 197
67, 199
68, 200
68, 202
69, 203
69, 205
70, 206
70, 207
71, 208
71, 210
72, 211
72, 212
73, 213
73, 215
74, 216
74, 217
75, 218
75, 220
76, 221
76, 222
77, 223
77, 225
78, 226
78, 227
79, 228
79, 229
80, 230
80, 232
81, 233
81, 234
82, 235
82, 236
83, 237
83, 241
84, 242
84, 250
85, 251
85, 259
86, 260
86, 269
87, 270
87, 283
88, 284
88, 298
89, 299
89, 320
90, 321
90, 329
89, 330
88, 330
87, 329
86, 329
85, 328
84, 328
83, 327
82, 327
81, 326
80, 326
78, 324
77, 324
75, 322
74, 322
71, 319
70, 319
66, 315
65, 315
47, 297
47, 296
43, 292
43, 291
40, 288
40, 287
38, 285
38, 284
36, 282
36, 281
35, 280
35, 279
34, 278
34, 277
33, 276
33, 275
32, 274
32, 273
31, 272
31, 271
30, 270
30, 268
29, 267
29, 265
28, 264
28, 261
27, 260
27, 257
26, 256
26, 250
25, 249
25, 236
26, 235
26, 230
27, 229
27, 225
28, 224
28, 222
29, 221
29, 219
30, 218
30, 216
31, 215
31, 214
32, 213
32, 212
33, 211
33, 210
34, 209
34, 208
36, 206
36, 205
39, 202
39, 201
50, 190
51, 190
54, 187
55, 187
57, 185
224, 178
225, 177
226, 177
227, 178
231, 178
232, 179
235, 179
236, 180
239, 180
240, 181
243, 181
244, 182
246, 182
247, 183
250, 183
251, 184
254, 184
255, 185
258, 185
259, 186
261, 186
263, 188
263, 189
264, 190
264, 193
265, 194
265, 198
266, 199
266, 204
267, 205
267, 209
268, 210
268, 215
269, 216
269, 221
270, 222
270, 226
271, 227
271, 231
272, 232
272, 236
273, 237
273, 240
274, 241
274, 244
275, 245
275, 248
276, 249
276, 252
277, 253
277, 255
278, 256
278, 259
279, 260
279, 263
280, 264
280, 266
281, 267
281, 270
282, 271
282, 274
283, 275
283, 279
284, 280
284, 285
285, 286
285, 288
284, 289
282, 287
282, 286
281, 285
281, 283
280, 282
280, 281
279, 280
279, 278
278, 277
278, 276
277, 275
277, 273
276, 272
276, 271
275, 270
275, 268
274, 267
274, 266
273, 265
273, 263
272, 262
272, 261
271, 260
271, 258
270, 257
270, 256
269, 255
269, 253
268, 252
268, 251
267, 250
267, 248
266, 247
266, 246
265, 245
265, 244
264, 243
264, 242
263, 241
263, 240
262, 239
262, 238
261, 237
261, 236
260, 235
260, 234
259, 233
259, 232
258, 231
258, 229
257, 228
257, 227
256, 226
256, 225
255, 224
255, 223
253, 221
253, 220
252, 219
252, 218
251, 217
251, 216
250, 215
250, 214
249, 213
249, 212
248, 211
248, 210
247, 209
247, 208
245, 206
245, 205
244, 204
244, 203
242, 201
242, 200
240, 198
240, 197
238, 195
238, 194
236, 192
236, 191
233, 188
233, 187
209, 178
210, 177
215, 177
216, 178
218, 178
219, 179
220, 179
222, 181
223, 181
230, 188
230, 189
234, 193
234, 194
236, 196
236, 197
238, 199
238, 200
240, 202
240, 203
242, 205
242, 206
243, 207
243, 208
244, 209
244, 210
246, 212
246, 213
247, 214
247, 215
248, 216
248, 217
249, 218
249, 219
250, 220
250, 221
251, 222
251, 223
252, 224
252, 225
253, 226
253, 227
254, 228
254, 229
255, 230
255, 231
256, 232
256, 233
257, 234
257, 235
258, 236
258, 237
259, 238
259, 239
260, 240
260, 241
261, 242
261, 243
262, 244
262, 245
263, 246
263, 248
264, 249
264, 250
265, 251
265, 252
266, 253
266, 255
267, 256
267, 257
268, 258
268, 260
269, 261
269, 262
270, 263
270, 265
271, 266
271, 267
272, 268
272, 270
273, 271
273, 272
274, 273
274, 275
275, 276
275, 277
276, 278
276, 280
277, 281
277, 282
278, 283
278, 285
279, 286
279, 287
280, 288
280, 289
281, 290
281, 292
282, 293
282, 294
283, 295
283, 296
285, 298
285, 299
287, 299
288, 298
288, 288
287, 287
287, 281
286, 280
286, 276
285, 275
285, 272
284, 271
284, 268
283, 267
283, 264
282, 263
282, 260
281, 259
281, 257
280, 256
280, 253
279, 252
279, 249
278, 248
278, 246
277, 245
277, 242
276, 241
276, 237
275, 236
275, 233
274, 232
274, 228
273, 227
273, 223
272, 222
272, 217
271, 216
271, 212
272, 211
273, 212
273, 213
274, 214
274, 216
275, 217
275, 219
276, 220
276, 221
277, 222
277, 224
278, 225
278, 226
279, 227
279, 228
280, 229
280, 231
281, 232
281, 233
282, 234
282, 236
283, 237
283, 238
284, 239
284, 240
285, 241
285, 243
286, 244
286, 245
287, 246
287, 247
288, 248
288, 249
289, 250
289, 251
290, 252
290, 254
291, 255
291, 256
292, 257
292, 258
293, 259
293, 260
294, 261
294, 262
296, 264
296, 265
297, 266
297, 267
298, 268
298, 269
299, 270
299, 271
300, 272
300, 273
302, 275
302, 276
304, 278
304, 279
306, 281
306, 282
308, 284
308, 285
310, 287
310, 288
314, 292
314, 293
322, 301
323, 301
326, 304
327, 304
328, 305
329, 305
330, 306
332, 306
333, 305
333, 304
332, 303
332, 302
331, 301
331, 300
326, 295
326, 294
321, 289
321, 288
318, 285
318, 284
315, 281
315, 280
313, 278
313, 277
311, 275
311, 274
309, 272
309, 271
307, 269
307, 268
305, 266
305, 265
304, 264
304, 263
301, 260
301, 259
299, 257
299, 256
297, 254
297, 253
294, 250
294, 249
293, 248
293, 247
292, 246
292, 245
291, 244
291, 243
290, 242
290, 241
289, 240
289, 238
288, 237
288, 235
287, 234
287, 230
286, 229
286, 224
285, 223
285, 203
286, 202
286, 200
287, 199
287, 198
290, 195
293, 195
294, 196
296, 196
297, 197
299, 197
300, 198
302, 198
303, 199
304, 199
305, 200
306, 200
307, 201
309, 201
310, 202
311, 202
313, 204
314, 204
323, 213
324, 213
325, 214
325, 215
332, 222
332, 223
338, 229
338, 230
341, 233
341, 234
344, 237
344, 238
346, 240
346, 241
348, 243
348, 244
350, 246
350, 247
352, 249
352, 250
353, 251
353, 252
354, 253
354, 254
356, 256
356, 257
357, 258
357, 259
358, 260
358, 262
359, 263
359, 264
360, 265
360, 266
361, 267
361, 268
362, 269
362, 271
363, 272
363, 273
364, 274
364, 276
365, 277
365, 280
366, 281
366, 283
367, 284
367, 289
368, 290
368, 295
367, 296
367, 299
366, 300
366, 302
365, 303
365, 304
356, 313
355, 313
353, 315
352, 315
351, 316
350, 316
348, 318
347, 318
346, 319
345, 319
344, 320
343, 320
342, 321
341, 321
340, 322
338, 322
337, 323
336, 323
335, 324
334, 324
333, 325
331, 325
330, 326
329, 326
328, 327
327, 327
326, 328
324, 328
323, 329
322, 329
321, 330
320, 330
319, 331
317, 331
316, 332
315, 332
314, 333
313, 333
312, 334
310, 334
309, 335
308, 335
307, 336
305, 336
304, 337
302, 337
301, 338
299, 338
298, 339
296, 339
295, 340
292, 340
291, 341
288, 341
287, 342
284, 342
283, 343
280, 343
279, 344
275, 344
274, 345
270, 345
269, 346
264, 346
263, 347
257, 347
256, 348
246, 348
245, 349
186, 349
185, 348
174, 348
173, 347
164, 347
163, 346
154, 346
153, 345
144, 345
143, 344
136, 344
135, 343
129, 343
128, 342
124, 342
123, 341
119, 341
118, 340
115, 340
114, 339
111, 339
110, 338
108, 338
107, 337
104, 337
103, 336
102, 336
101, 335
99, 335
98, 334
97, 334
96, 333
94, 333
92, 331
92, 303
91, 302
91, 287
90, 286
90, 273
89, 272
89, 262
88, 261
88, 253
87, 252
87, 251
88, 250
90, 252
90, 253
91, 254
91, 255
92, 256
92, 257
93, 258
93, 259
94, 260
94, 261
95, 262
95, 263
96, 264
96, 265
97, 266
97, 267
98, 268
98, 269
99, 270
99, 271
100, 272
100, 273
101, 274
101, 275
102, 276
102, 277
103, 278
103, 279
104, 280
104, 281
105, 282
105, 283
106, 284
106, 285
107, 286
107, 287
109, 289
109, 290
110, 291
110, 292
112, 294
112, 295
114, 297
114, 298
116, 300
116, 301
118, 303
118, 304
120, 306
120, 307
123, 310
123, 311
127, 315
127, 316
130, 319
131, 319
134, 322
135, 322
136, 323
137, 323
138, 324
141, 324
142, 325
146, 325
147, 324
148, 324
150, 322
150, 321
151, 320
151, 318
152, 317
152, 296
151, 295
151, 283
150, 282
150, 273
149, 272
149, 264
148, 263
148, 257
147, 256
147, 250
146, 249
146, 244
145, 243
145, 237
144, 236
144, 231
143, 230
143, 224
142, 223
142, 218
141, 217
141, 211
140, 210
140, 189
141, 188
141, 186
142, 185
142, 183
145, 180
148, 180
155, 187
155, 188
157, 190
157, 191
158, 192
158, 193
160, 195
160, 196
161, 197
161, 198
162, 199
162, 200
163, 201
163, 202
164, 203
164, 204
165, 205
165, 207
166, 208
166, 209
167, 210
167, 211
168, 212
168, 213
169, 214
169, 216
170, 217
170, 218
171, 219
171, 221
172, 222
172, 223
173, 224
173, 226
174, 227
174, 229
175, 230
175, 231
176, 232
176, 233
177, 234
177, 236
178, 237
178, 238
179, 239
179, 240
180, 241
180, 243
181, 244
181, 245
182, 246
182, 248
183, 249
183, 250
184, 251
184, 252
185, 253
185, 255
186, 256
186, 257
187, 258
187, 259
188, 260
188, 262
189, 263
189, 264
190, 265
190, 266
191, 267
191, 268
193, 270
193, 271
194, 272
194, 273
195, 274
195, 275
197, 277
197, 278
198, 279
198, 280
200, 282
200, 283
202, 285
202, 286
206, 290
207, 290
208, 289
209, 289
209, 288
210, 287
210, 286
211, 285
211, 281
212, 280
212, 279
213, 278
215, 280
215, 281
218, 284
218, 285
221, 288
222, 288
225, 291
226, 291
228, 293
229, 293
230, 294
231, 294
232, 295
233, 295
234, 296
237, 296
238, 297
242, 297
243, 298
252, 298
253, 297
254, 297
255, 296
256, 296
258, 294
259, 294
260, 293
260, 292
261, 291
261, 290
262, 289
262, 284
263, 283
263, 279
262, 278
262, 273
261, 272
261, 269
260, 268
260, 266
259, 265
259, 263
258, 262
258, 260
257, 259
257, 258
256, 257
256, 255
255, 254
255, 253
254, 252
254, 250
253, 249
253, 248
252, 247
252, 246
251, 245
251, 244
250, 243
250, 242
249, 241
249, 240
248, 239
248, 238
247, 237
247, 236
246, 235
246, 234
244, 232
244, 231
243, 230
243, 229
241, 227
241, 226
240, 225
240, 224
238, 222
238, 221
236, 219
236, 218
234, 216
234, 215
232, 213
232, 212
230, 210
230, 209
228, 207
228, 206
225, 203
225, 202
221, 198
221, 197
220, 196
219, 196
211, 188
209, 188
208, 187
207, 188
205, 188
200, 193
200, 194
198, 196
198, 199
197, 200
197, 212
198, 213
198, 224
199, 225
199, 228
200, 229
200, 233
201, 234
201, 238
202, 239
202, 245
203, 246
203, 249
204, 250
204, 252
205, 253
205, 255
206, 256
206, 257
207, 258
205, 260
205, 259
203, 257
203, 256
202, 255
202, 254
201, 253
201, 252
199, 250
199, 248
198, 247
198, 246
197, 245
197, 243
196, 242
196, 238
195, 237
195, 225
194, 224
194, 205
195, 204
195, 197
196, 196
196, 193
197, 192
197, 190
198, 189
198, 188
199, 187
199, 186
201, 184
201, 183
205, 179
206, 179
207, 178
74, 178
75, 177
76, 177
77, 178
77, 179
78, 180
78, 190
79, 191
79, 201
80, 202
80, 212
81, 213
81, 222
80, 223
79, 222
79, 221
78, 220
78, 218
77, 217
77, 216
76, 215
76, 213
75, 212
75, 211
74, 210
74, 208
73, 207
73, 206
72, 205
72, 203
71, 202
71, 200
70, 199
70, 197
69, 196
69, 195
68, 194
68, 192
67, 191
67, 189
66, 188
66, 187
65, 186
65, 184
64, 183
64, 182
65, 181
66, 181
67, 180
68, 180
69, 179
71, 179
72, 178
119, 171
120, 170
175, 170
176, 171
185, 171
186, 172
194, 172
195, 173
202, 173
203, 174
205, 174
206, 175
204, 177
203, 177
198, 182
198, 183
197, 184
197, 185
196, 186
196, 187
195, 188
195, 189
194, 190
194, 192
193, 193
193, 197
192, 198
192, 235
193, 236
193, 241
194, 242
194, 245
195, 246
195, 247
196, 248
196, 250
197, 251
197, 252
198, 253
198, 254
200, 256
200, 257
201, 258
201, 259
203, 261
203, 262
204, 263
204, 264
205, 265
205, 266
207, 268
207, 269
208, 270
208, 271
209, 272
209, 282
208, 283
208, 285
207, 286
206, 286
205, 285
205, 284
202, 281
202, 280
201, 279
201, 278
199, 276
199, 275
198, 274
198, 273
196, 271
196, 270
195, 269
195, 268
194, 267
194, 266
193, 265
193, 264
192, 263
192, 262
191, 261
191, 260
190, 259
190, 258
189, 257
189, 256
188, 255
188, 253
187, 252
187, 251
186, 250
186, 248
185, 247
185, 246
184, 245
184, 244
183, 243
183, 241
182, 240
182, 239
181, 238
181, 237
180, 236
180, 234
179, 233
179, 232
178, 231
178, 229
177, 228
177, 227
176, 226
176, 224
175, 223
175, 222
174, 221
174, 219
173, 218
173, 217
172, 216
172, 214
171, 213
171, 212
170, 211
170, 210
169, 209
169, 207
168, 206
168, 205
167, 204
167, 203
166, 202
166, 201
165, 200
165, 199
164, 198
164, 197
163, 196
163, 195
162, 194
162, 193
161, 192
161, 191
159, 189
159, 188
157, 186
157, 185
153, 181
153, 180
151, 178
150, 178
149, 177
144, 177
140, 181
140, 182
139, 183
139, 185
138, 186
138, 189
137, 190
137, 208
138, 209
138, 215
139, 216
139, 222
140, 223
140, 228
141, 229
141, 235
142, 236
142, 241
143, 242
143, 248
144, 249
144, 254
145, 255
145, 262
146, 263
146, 270
147, 271
147, 279
148, 280
148, 291
149, 292
149, 318
148, 319
148, 320
147, 321
146, 321
145, 322
141, 322
140, 321
138, 321
137, 320
136, 320
126, 310
126, 309
123, 306
123, 305
121, 303
121, 302
118, 299
118, 298
116, 296
116, 295
114, 293
114, 292
113, 291
113, 290
111, 288
111, 287
110, 286
110, 285
108, 283
108, 282
107, 281
107, 280
106, 279
106, 278
105, 277
105, 276
104, 275
104, 274
103, 273
103, 272
102, 271
102, 270
101, 269
101, 268
100, 267
100, 266
99, 265
99, 264
98, 263
98, 262
97, 261
97, 260
96, 259
96, 257
95, 256
95, 255
94, 254
94, 253
93, 252
93, 251
92, 250
92, 249
91, 248
91, 247
90, 246
90, 245
89, 244
89, 243
88, 242
88, 241
87, 240
87, 239
86, 238
86, 235
85, 234
85, 226
84, 225
84, 216
83, 215
83, 205
82, 204
82, 194
81, 193
81, 182
80, 181
80, 177
81, 176
82, 176
83, 175
86, 175
87, 174
91, 174
92, 173
97, 173
98, 172
106, 172
107, 171
37, 59
38, 58
48, 58
49, 59
50, 59
51, 60
52, 60
56, 64
56, 65
58, 67
58, 68
59, 69
59, 70
60, 71
60, 73
61, 74
61, 76
62, 77
62, 79
63, 80
63, 83
64, 84
64, 87
65, 88
65, 91
66, 92
66, 96
67, 97
67, 101
68, 102
68, 106
69, 107
69, 112
70, 113
70, 118
71, 119
71, 125
72, 126
72, 133
73, 134
73, 141
74, 142
74, 149
75, 150
75, 158
76, 159
76, 168
77, 169
77, 173
76, 174
75, 174
74, 175
72, 175
71, 176
69, 176
68, 177
67, 177
66, 178
63, 178
62, 177
62, 176
61, 175
61, 173
60, 172
60, 171
59, 170
59, 168
58, 167
58, 166
57, 165
57, 164
56, 163
56, 161
55, 160
55, 159
54, 158
54, 156
53, 155
53, 154
52, 153
52, 152
51, 151
51, 149
50, 148
50, 147
49, 146
49, 144
48, 143
48, 142
47, 141
47, 140
46, 139
46, 137
45, 136
45, 135
44, 134
44, 133
43, 132
43, 131
42, 130
42, 128
41, 127
41, 126
40, 125
40, 124
39, 123
39, 122
38, 121
38, 120
37, 119
37, 117
36, 116
36, 115
35, 114
35, 113
34, 112
34, 111
33, 110
33, 108
32, 107
32, 106
31, 105
31, 103
30, 102
30, 101
29, 100
29, 98
28, 97
28, 95
27, 94
27, 91
26, 90
26, 87
25, 86
25, 80
24, 79
24, 75
25, 74
25, 70
26, 69
26, 68
27, 67
27, 66
32, 61
33, 61
34, 60
35, 60
36, 59
226, 19
227, 18
232, 18
233, 19
237, 19
238, 20
240, 20
241, 21
242, 21
243, 22
244, 22
245, 23
246, 23
247, 24
248, 24
251, 27
252, 27
262, 37
262, 38
266, 42
266, 43
269, 47
271, 49
271, 50
273, 52
273, 53
275, 55
275, 56
277, 58
277, 59
278, 60
278, 61
280, 63
280, 64
281, 65
281, 66
283, 68
283, 69
284, 70
284, 71
285, 72
285, 73
286, 74
286, 75
287, 76
287, 77
288, 78
288, 79
290, 81
290, 82
291, 83
291, 84
292, 85
292, 86
293, 87
293, 88
294, 89
294, 90
295, 91
295, 92
296, 93
296, 95
297, 96
297, 97
298, 98
298, 99
299, 100
299, 101
300, 102
300, 103
301, 104
301, 105
302, 106
302, 108
303, 109
303, 110
304, 111
304, 112
305, 113
305, 114
306, 115
306, 117
307, 118
307, 119
308, 120
308, 121
309, 122
309, 124
310, 125
310, 126
311, 127
311, 128
312, 129
312, 131
313, 132
313, 133
314, 134
314, 136
315, 137
315, 138
316, 139
316, 140
317, 141
317, 143
318, 144
318, 145
319, 146
319, 148
320, 149
320, 150
321, 151
321, 153
322, 154
322, 156
323, 157
323, 158
324, 159
324, 161
325, 162
325, 163
326, 164
326, 166
327, 167
327, 168
328, 169
328, 171
329, 172
329, 174
330, 175
330, 177
331, 178
331, 179
332, 180
332, 182
333, 183
333, 185
334, 186
334, 188
335, 189
335, 190
336, 191
336, 193
337, 194
337, 195
335, 196
334, 195
333, 195
332, 194
331, 194
329, 192
328, 192
327, 191
326, 191
324, 189
323, 189
322, 188
321, 188
319, 186
318, 186
317, 185
316, 185
315, 184
314, 184
312, 182
311, 182
309, 180
308, 180
307, 179
306, 179
304, 177
303, 177
301, 175
300, 175
298, 173
297, 173
295, 171
294, 171
291, 168
290, 168
288, 166
287, 166
284, 163
283, 163
280, 160
279, 160
276, 157
275, 157
271, 153
270, 153
266, 149
265, 149
259, 143
258, 143
249, 134
248, 134
223, 109
223, 108
216, 101
216, 100
211, 95
211, 94
208, 90
206, 88
206, 87
204, 85
204, 84
202, 82
202, 81
201, 80
201, 79
199, 77
199, 76
198, 75
198, 74
197, 73
197, 71
196, 70
196, 69
195, 68
195, 66
194, 65
194, 62
193, 61
193, 48
194, 47
194, 44
195, 43
195, 41
196, 40
196, 39
197, 38
197, 37
199, 35
199, 34
209, 25
210, 24
211, 24
212, 23
213, 23
214, 22
215, 22
216, 21
217, 21
218, 20
220, 20
221, 19
