4, 2
496, 4
494, 308
2, 306
419, 138
418, 139
417, 139
416, 140
416, 142
417, 143
417, 145
418, 146
418, 147
421, 150
422, 150
423, 151
426, 151
427, 152
433, 152
434, 153
436, 153
437, 154
439, 154
440, 155
441, 155
442, 156
443, 156
444, 157
445, 157
446, 158
447, 158
448, 159
450, 159
451, 160
452, 160
453, 161
454, 161
455, 162
457, 162
458, 163
461, 163
462, 164
464, 164
465, 165
473, 165
474, 164
476, 164
477, 163
477, 159
476, 158
472, 158
471, 159
467, 159
466, 158
463, 158
462, 157
459, 157
458, 156
457, 156
456, 155
455, 155
454, 154
453, 154
452, 153
450, 153
449, 152
448, 152
447, 151
446, 151
445, 150
444, 150
443, 149
442, 149
441, 148
439, 148
438, 147
435, 147
434, 146
429, 146
428, 145
425, 145
423, 143
423, 141
422, 140
422, 139
421, 138
35, 14
35, 23
36, 24
36, 30
37, 31
37, 35
38, 36
38, 41
39, 42
39, 46
40, 47
40, 51
41, 52
41, 55
42, 56
42, 59
43, 60
43, 63
44, 64
44, 67
45, 68
45, 72
46, 73
46, 79
47, 80
47, 87
48, 88
48, 95
49, 96
49, 104
50, 105
50, 112
51, 113
51, 120
52, 121
52, 128
50, 130
49, 130
47, 132
46, 132
42, 136
41, 136
36, 141
36, 142
33, 145
33, 146
31, 148
31, 149
29, 151
29, 152
28, 153
28, 154
27, 155
27, 156
26, 157
26, 158
25, 159
25, 161
24, 162
24, 164
23, 165
23, 168
22, 169
22, 176
21, 177
21, 182
22, 183
22, 189
23, 190
23, 193
24, 194
24, 196
25, 197
25, 199
26, 200
26, 201
27, 202
27, 204
28, 205
28, 206
29, 207
29, 208
30, 209
30, 210
31, 211
31, 212
32, 213
32, 214
33, 215
33, 216
35, 218
35, 219
36, 220
36, 221
38, 223
38, 224
41, 227
41, 228
48, 235
48, 236
53, 241
54, 241
60, 247
61, 247
63, 249
63, 250
64, 251
65, 251
66, 252
67, 252
68, 253
69, 253
72, 256
73, 256
75, 258
76, 258
78, 260
79, 260
81, 262
82, 262
84, 264
85, 264
87, 266
88, 266
89, 267
90, 267
91, 268
92, 268
94, 270
95, 270
96, 271
97, 271
99, 273
100, 273
101, 274
102, 274
103, 275
104, 275
106, 277
107, 277
108, 278
109, 278
110, 279
111, 279
112, 280
113, 280
114, 281
115, 281
116, 282
117, 282
118, 283
119, 283
120, 284
122, 284
123, 285
124, 285
125, 286
126, 286
127, 287
129, 287
130, 288
132, 288
133, 289
134, 289
135, 290
137, 290
138, 291
140, 291
141, 292
144, 292
145, 293
147, 293
148, 294
152, 294
153, 295
158, 295
159, 296
169, 296
170, 297
179, 297
180, 296
193, 296
194, 295
200, 295
201, 294
207, 294
208, 293
213, 293
214, 292
219, 292
220, 291
224, 291
225, 290
228, 290
229, 289
232, 289
233, 288
235, 288
236, 287
239, 287
240, 286
242, 286
243, 285
245, 285
246, 284
247, 284
248, 283
249, 283
250, 282
252, 282
253, 281
254, 281
255, 280
256, 280
258, 278
259, 278
260, 277
261, 277
263, 275
264, 275
266, 273
267, 273
271, 269
272, 269
280, 261
280, 260
284, 256
284, 255
286, 253
286, 252
288, 250
288, 249
289, 248
289, 247
291, 245
291, 244
292, 243
292, 242
293, 241
293, 240
294, 239
294, 237
295, 236
295, 234
296, 233
296, 231
297, 230
297, 227
298, 226
298, 221
299, 220
299, 207
298, 206
298, 201
297, 200
297, 197
296, 196
296, 194
295, 193
295, 191
294, 190
294, 188
293, 187
293, 186
292, 185
292, 183
291, 182
291, 181
290, 180
290, 179
289, 178
289, 177
288, 176
288, 175
287, 174
287, 173
286, 172
286, 171
285, 170
285, 169
284, 168
284, 167
283, 166
283, 165
284, 164
285, 164
286, 165
287, 165
288, 166
289, 166
291, 168
292, 168
293, 169
294, 169
295, 170
296, 170
298, 172
299, 172
300, 173
301, 173
303, 175
304, 175
306, 177
307, 177
309, 179
310, 179
311, 180
312, 180
315, 183
316, 183
318, 185
319, 185
322, 188
323, 188
327, 192
328, 192
334, 198
335, 198
344, 207
345, 207
349, 211
349, 212
354, 217
354, 218
355, 219
355, 221
356, 222
356, 224
357, 225
357, 227
358, 228
358, 230
359, 231
359, 232
360, 233
360, 234
362, 236
364, 236
365, 235
365, 231
364, 230
364, 227
363, 226
363, 225
362, 224
362, 223
361, 222
361, 221
360, 220
360, 219
358, 217
358, 216
357, 215
357, 213
356, 212
356, 209
355, 208
355, 205
354, 204
354, 200
353, 199
353, 196
352, 195
352, 191
351, 190
351, 186
350, 185
350, 181
349, 180
349, 176
348, 175
348, 170
347, 169
347, 165
346, 164
346, 159
345, 158
345, 154
344, 153
344, 148
343, 147
343, 144
342, 143
342, 139
341, 138
341, 134
342, 133
348, 139
349, 139
357, 147
358, 147
363, 152
364, 152
367, 155
368, 155
370, 157
371, 157
373, 159
374, 159
375, 160
376, 160
377, 161
378, 161
379, 162
385, 162
386, 161
386, 160
385, 159
381, 159
380, 158
379, 158
378, 157
377, 157
376, 156
375, 156
374, 155
373, 155
370, 152
369, 152
367, 150
366, 150
360, 144
359, 144
345, 130
344, 130
339, 125
339, 124
338, 123
338, 120
337, 119
337, 115
336, 114
336, 112
335, 111
335, 108
334, 107
334, 104
333, 103
333, 101
332, 100
332, 98
331, 97
331, 94
330, 93
330, 92
329, 91
329, 89
328, 88
328, 86
327, 85
327, 83
326, 82
326, 81
325, 80
325, 78
324, 77
324, 75
323, 74
323, 73
322, 72
322, 71
321, 70
321, 68
320, 67
320, 66
319, 65
319, 64
318, 63
318, 62
317, 61
317, 60
316, 59
316, 57
315, 56
315, 55
313, 53
313, 52
312, 51
312, 50
311, 49
311, 48
310, 47
310, 46
308, 44
308, 43
307, 42
307, 41
306, 40
306, 39
304, 37
304, 36
302, 34
302, 33
299, 30
299, 29
295, 25
295, 24
288, 17
287, 17
286, 16
285, 16
284, 15
277, 15
276, 16
275, 16
275, 17
274, 18
274, 19
273, 20
273, 22
272, 23
272, 33
273, 34
273, 38
274, 39
274, 42
275, 43
275, 45
276, 46
276, 47
277, 48
277, 50
278, 51
278, 52
279, 53
279, 54
280, 55
280, 56
281, 57
281, 58
283, 60
283, 61
284, 62
284, 63
285, 64
285, 65
287, 67
287, 68
289, 70
289, 71
290, 72
290, 73
292, 75
292, 76
294, 78
294, 79
297, 82
297, 83
299, 85
299, 86
303, 90
303, 91
307, 95
307, 96
311, 100
311, 101
317, 107
317, 108
336, 127
336, 130
337, 131
337, 135
338, 136
338, 140
339, 141
339, 145
340, 146
340, 150
341, 151
341, 155
342, 156
342, 161
343, 162
343, 166
344, 167
344, 172
345, 173
345, 177
346, 178
346, 182
347, 183
347, 187
348, 188
348, 192
349, 193
349, 197
350, 198
350, 202
351, 203
351, 206
350, 207
346, 203
345, 203
336, 194
335, 194
330, 189
329, 189
325, 185
324, 185
321, 182
320, 182
318, 180
317, 180
315, 178
314, 178
312, 176
311, 176
309, 174
308, 174
306, 172
305, 172
303, 170
302, 170
301, 169
300, 169
298, 167
297, 167
296, 166
295, 166
294, 165
293, 165
292, 164
291, 164
289, 162
288, 162
287, 161
286, 161
285, 160
284, 160
283, 159
282, 159
281, 158
280, 158
277, 155
277, 154
275, 152
275, 151
273, 149
273, 148
271, 146
271, 145
269, 143
269, 142
267, 140
267, 139
265, 137
265, 136
263, 134
263, 133
259, 129
259, 128
254, 123
254, 122
250, 118
249, 118
245, 114
244, 114
242, 112
241, 112
240, 111
238, 111
237, 110
230, 110
229, 111
228, 111
225, 114
225, 115
224, 116
224, 117
223, 118
223, 120
222, 121
222, 132
221, 133
219, 133
216, 130
216, 128
215, 127
215, 125
214, 124
214, 122
213, 121
213, 119
212, 118
212, 116
211, 115
211, 114
210, 113
210, 111
209, 110
209, 108
208, 107
208, 106
207, 105
207, 103
205, 101
205, 100
203, 100
202, 101
202, 105
203, 106
203, 109
204, 110
204, 112
205, 113
205, 115
206, 116
206, 118
207, 119
207, 120
208, 121
208, 123
209, 124
209, 125
210, 126
210, 127
211, 128
211, 129
210, 130
209, 130
208, 129
206, 129
205, 128
202, 128
201, 127
199, 127
198, 126
195, 126
194, 125
192, 125
191, 124
188, 124
187, 123
184, 123
183, 122
180, 122
179, 121
176, 121
175, 120
171, 120
170, 119
166, 119
165, 118
161, 118
160, 117
155, 117
154, 116
148, 116
147, 115
141, 115
140, 114
126, 114
125, 113
109, 113
108, 114
98, 114
97, 115
91, 115
90, 116
85, 116
84, 117
81, 117
80, 118
76, 118
75, 119
73, 119
72, 120
70, 120
69, 121
67, 121
66, 122
64, 122
63, 121
63, 119
62, 118
62, 116
61, 115
61, 113
60, 112
60, 109
59, 108
59, 106
58, 105
58, 103
57, 102
57, 100
56, 99
56, 96
55, 95
55, 93
54, 92
54, 89
53, 88
53, 85
52, 84
52, 81
51, 80
51, 78
50, 77
50, 74
49, 73
49, 69
48, 68
48, 62
47, 61
47, 56
46, 55
46, 50
45, 49
45, 44
44, 43
44, 38
43, 37
43, 33
42, 32
42, 28
41, 27
41, 24
40, 23
40, 20
39, 19
39, 16
38, 15
38, 14
161, 142
165, 141
166, 142
167, 142
169, 144
170, 144
177, 151
177, 153
178, 154
178, 156
179, 157
179, 159
180, 160
180, 162
181, 163
181, 165
182, 166
182, 168
183, 172
184, 173
184, 176
185, 177
185, 181
186, 182
186, 186
187, 187
187, 204
186, 205
186, 207
176, 212
175, 211
174, 211
172, 209
171, 209
163, 201
163, 200
161, 197
164, 194
164, 192
165, 191
165, 184
164, 183
164, 172
163, 171
163, 162
162, 161
162, 152
161, 151
154, 141
156, 141
157, 142
157, 143
158, 144
158, 156
159, 157
159, 165
160, 166
160, 175
161, 176
161, 190
160, 191
159, 191
157, 189
157, 188
153, 184
153, 183
152, 182
152, 181
151, 180
151, 179
150, 178
150, 176
149, 175
149, 173
148, 172
148, 168
147, 167
147, 152
148, 151
148, 149
149, 148
149, 147
150, 146
150, 145
219, 138
220, 137
221, 137
223, 139
223, 140
224, 141
224, 144
223, 145
222, 144
222, 143
221, 142
221, 141
220, 140
220, 139
51, 133
52, 133
53, 134
53, 137
54, 138
54, 145
55, 146
55, 155
56, 156
56, 165
57, 166
57, 175
58, 176
58, 185
59, 186
59, 195
60, 196
60, 205
61, 206
61, 220
62, 221
62, 240
63, 241
63, 242
62, 243
61, 243
45, 227
45, 226
41, 222
41, 221
39, 219
39, 218
38, 217
38, 216
36, 214
36, 213
35, 212
35, 211
34, 210
34, 209
33, 208
33, 207
32, 206
32, 205
31, 204
31, 203
30, 202
30, 200
29, 199
29, 198
28, 197
28, 195
27, 194
27, 192
26, 191
26, 188
25, 187
25, 172
26, 171
26, 167
27, 166
27, 164
28, 163
28, 161
29, 160
29, 159
30, 158
30, 157
31, 156
31, 155
32, 154
32, 153
34, 151
34, 150
36, 148
36, 147
48, 135
49, 135
102, 127
103, 126
106, 126
108, 128
109, 128
112, 131
112, 132
117, 137
117, 138
119, 140
119, 141
121, 143
121, 144
124, 147
124, 148
126, 150
126, 151
128, 153
128, 154
130, 156
130, 157
131, 158
131, 159
133, 161
133, 162
135, 164
135, 165
137, 167
137, 168
139, 170
139, 171
142, 174
142, 175
144, 177
144, 178
146, 180
146, 181
148, 183
148, 184
150, 186
150, 187
151, 188
151, 189
152, 190
152, 191
154, 193
154, 194
155, 195
155, 196
157, 198
157, 199
160, 202
160, 203
169, 212
170, 212
172, 214
173, 214
174, 215
177, 215
178, 216
180, 216
181, 215
183, 215
184, 214
185, 214
187, 212
187, 211
189, 209
189, 207
190, 206
190, 203
191, 202
191, 190
190, 189
190, 184
189, 183
189, 179
188, 178
188, 175
187, 174
187, 171
186, 170
186, 167
185, 166
185, 164
184, 163
184, 161
185, 160
187, 162
187, 163
190, 166
190, 167
192, 169
192, 170
195, 173
195, 174
197, 176
197, 177
199, 179
199, 180
201, 182
201, 183
203, 185
203, 186
204, 187
204, 188
206, 190
206, 191
207, 192
207, 193
209, 195
209, 196
210, 197
210, 198
212, 200
212, 201
213, 202
213, 203
214, 204
214, 205
216, 207
216, 208
217, 209
217, 210
218, 211
218, 212
219, 213
219, 214
220, 215
220, 216
221, 217
221, 218
222, 219
222, 220
223, 221
223, 222
224, 223
224, 224
225, 225
225, 226
226, 227
226, 228
228, 230
228, 231
231, 231
232, 230
232, 229
233, 228
233, 208
232, 207
232, 201
231, 200
231, 194
230, 193
230, 188
229, 187
229, 182
228, 181
228, 178
227, 177
227, 172
226, 171
226, 167
225, 166
225, 163
224, 162
224, 158
223, 157
223, 156
224, 155
227, 158
227, 159
228, 160
228, 161
230, 163
230, 164
232, 166
232, 167
234, 169
234, 170
236, 172
236, 173
238, 175
238, 176
240, 178
240, 179
241, 180
241, 181
243, 183
243, 184
245, 186
245, 187
249, 191
249, 192
257, 200
257, 201
258, 202
259, 202
265, 208
266, 208
268, 210
270, 210
271, 209
271, 207
256, 192
256, 191
251, 186
251, 185
247, 181
247, 180
243, 176
243, 175
241, 173
241, 172
239, 170
239, 169
237, 167
237, 166
236, 165
236, 164
235, 163
235, 162
234, 161
234, 160
233, 159
233, 157
232, 156
232, 155
231, 154
231, 152
230, 151
230, 149
229, 148
229, 146
228, 145
228, 143
227, 142
227, 141
228, 140
229, 140
230, 141
232, 141
233, 142
234, 142
235, 143
237, 143
238, 144
239, 144
240, 145
242, 145
243, 146
244, 146
245, 147
247, 147
248, 148
249, 148
250, 149
252, 149
253, 150
254, 150
255, 151
257, 151
258, 152
259, 152
260, 153
261, 153
262, 154
264, 154
265, 155
266, 155
267, 156
268, 156
269, 157
270, 157
271, 158
272, 158
273, 159
274, 159
278, 163
278, 164
279, 165
279, 166
280, 167
280, 168
281, 169
281, 170
282, 171
282, 172
283, 173
283, 174
284, 175
284, 176
285, 177
285, 178
286, 179
286, 180
287, 181
287, 182
288, 183
288, 184
289, 185
289, 186
290, 187
290, 189
291, 190
291, 192
292, 193
292, 195
293, 196
293, 198
294, 199
294, 202
295, 203
295, 210
296, 211
296, 216
295, 217
295, 224
294, 225
294, 228
293, 229
293, 231
292, 232
292, 234
291, 235
291, 237
290, 238
290, 239
289, 240
289, 241
288, 242
288, 243
287, 244
287, 245
285, 247
285, 248
283, 250
283, 251
281, 253
281, 254
276, 259
276, 260
271, 265
270, 265
265, 270
264, 270
262, 272
261, 272
259, 274
258, 274
256, 276
255, 276
254, 277
253, 277
252, 278
251, 278
250, 279
248, 279
247, 280
246, 280
245, 281
244, 281
243, 282
241, 282
240, 283
238, 283
237, 284
234, 284
233, 285
230, 285
229, 286
227, 286
226, 287
222, 287
221, 288
217, 288
216, 289
211, 289
210, 290
206, 290
205, 291
198, 291
197, 292
189, 292
188, 293
162, 293
161, 292
156, 292
155, 291
151, 291
150, 290
147, 290
146, 289
143, 289
142, 288
140, 288
139, 287
137, 287
136, 286
135, 286
134, 285
132, 285
131, 284
129, 284
128, 283
127, 283
126, 282
125, 282
124, 281
122, 281
121, 280
120, 280
119, 279
118, 279
117, 278
116, 278
115, 277
114, 277
113, 276
112, 276
111, 275
110, 275
109, 274
108, 274
106, 272
105, 272
104, 271
103, 271
102, 270
101, 270
99, 268
98, 268
97, 267
96, 267
95, 266
94, 266
92, 264
91, 264
90, 263
89, 263
87, 261
86, 261
84, 259
83, 259
81, 257
80, 257
78, 255
77, 255
75, 253
74, 253
71, 250
70, 250
69, 249
69, 248
68, 247
69, 246
69, 241
68, 241
66, 239
66, 231
65, 230
65, 214
64, 213
64, 201
63, 200
63, 191
62, 190
62, 181
61, 180
61, 172
60, 171
60, 162
59, 161
59, 152
58, 151
58, 143
57, 142
57, 134
56, 133
56, 131
58, 129
59, 129
60, 128
61, 128
63, 130
63, 132
64, 133
64, 134
65, 135
65, 137
66, 138
66, 140
67, 141
67, 143
68, 144
68, 145
69, 146
69, 148
70, 149
70, 151
71, 152
71, 153
72, 154
72, 156
73, 157
73, 158
74, 159
74, 160
75, 161
75, 163
76, 164
76, 165
77, 166
77, 167
78, 168
78, 170
79, 171
79, 172
80, 173
80, 174
81, 175
81, 176
82, 177
82, 178
83, 179
83, 180
84, 181
84, 182
85, 183
85, 184
86, 185
86, 186
88, 188
88, 189
89, 190
89, 191
90, 192
90, 193
92, 195
92, 196
94, 198
94, 199
96, 201
96, 202
100, 206
100, 207
101, 208
102, 208
103, 209
104, 209
105, 208
106, 208
107, 207
107, 206
108, 205
108, 190
107, 189
107, 183
106, 182
106, 176
105, 175
105, 170
104, 169
104, 163
103, 162
103, 155
102, 154
102, 148
101, 147
101, 130
102, 129
169, 124
170, 123
172, 123
173, 124
177, 124
178, 125
181, 125
182, 126
185, 126
186, 127
189, 127
190, 128
192, 128
193, 129
196, 129
197, 130
199, 130
200, 131
203, 131
204, 132
206, 132
207, 133
209, 133
210, 134
212, 134
215, 137
215, 139
216, 140
216, 143
217, 144
217, 147
218, 148
218, 151
219, 152
219, 155
220, 156
220, 160
221, 161
221, 164
222, 165
222, 169
223, 170
223, 174
224, 175
224, 179
225, 180
225, 184
226, 185
226, 190
227, 191
227, 196
228, 197
228, 203
229, 204
229, 210
230, 211
230, 223
229, 224
227, 222
227, 221
226, 220
226, 219
225, 218
225, 217
224, 216
224, 215
223, 214
223, 213
222, 212
222, 211
221, 210
221, 209
219, 207
219, 206
218, 205
218, 204
217, 203
217, 202
216, 201
216, 200
215, 199
215, 198
213, 196
213, 195
212, 194
212, 193
210, 191
210, 190
209, 189
209, 188
207, 186
207, 185
205, 183
205, 182
204, 181
204, 180
202, 178
202, 177
200, 175
200, 174
198, 172
198, 171
195, 168
195, 167
193, 165
193, 164
190, 161
190, 160
187, 157
187, 156
181, 150
181, 149
179, 147
179, 146
178, 145
178, 144
177, 143
177, 141
176, 140
176, 139
175, 138
175, 136
174, 135
174, 133
173, 132
173, 131
172, 130
172, 129
171, 128
171, 127
170, 126
170, 125
163, 123
164, 123
165, 124
165, 125
167, 127
167, 128
168, 129
168, 130
169, 131
169, 132
170, 133
170, 134
171, 135
171, 137
172, 138
172, 139
171, 140
170, 140
169, 139
168, 139
167, 138
165, 138
164, 137
162, 137
161, 136
161, 125
100, 118
101, 117
135, 117
136, 118
144, 118
145, 119
151, 119
152, 120
157, 120
158, 121
158, 129
157, 130
157, 136
156, 137
154, 137
153, 138
152, 138
147, 143
147, 144
146, 145
146, 146
145, 147
145, 149
144, 150
144, 153
143, 154
143, 164
144, 165
144, 168
143, 169
140, 166
140, 165
138, 163
138, 162
136, 160
136, 159
134, 157
134, 156
132, 154
132, 153
131, 152
131, 151
129, 149
129, 148
126, 145
126, 144
124, 142
124, 141
122, 139
122, 138
120, 136
120, 135
116, 131
116, 130
111, 125
110, 125
108, 123
107, 123
106, 122
102, 122
101, 123
100, 123
100, 124
99, 125
99, 126
98, 127
98, 133
97, 134
97, 137
98, 138
98, 150
99, 151
99, 158
100, 159
100, 165
101, 166
101, 172
102, 173
102, 178
103, 179
103, 185
104, 186
104, 193
105, 194
105, 202
103, 204
99, 200
99, 199
97, 197
97, 196
95, 194
95, 193
93, 191
93, 190
92, 189
92, 188
91, 187
91, 186
89, 184
89, 183
88, 182
88, 181
87, 180
87, 179
86, 178
86, 177
85, 176
85, 175
84, 174
84, 173
83, 172
83, 171
82, 170
82, 169
81, 168
81, 166
80, 165
80, 164
79, 163
79, 162
78, 161
78, 159
77, 158
77, 157
76, 156
76, 155
75, 154
75, 152
74, 151
74, 150
73, 149
73, 147
72, 146
72, 144
71, 143
71, 142
70, 141
70, 139
69, 138
69, 136
68, 135
68, 133
67, 132
67, 131
66, 130
66, 128
65, 127
67, 125
68, 125
69, 124
71, 124
72, 123
74, 123
75, 122
78, 122
79, 121
82, 121
83, 120
87, 120
88, 119
93, 119
94, 118
231, 114
232, 113
235, 113
236, 114
238, 114
239, 115
240, 115
242, 117
243, 117
256, 130
256, 131
260, 135
260, 136
262, 138
262, 139
265, 142
265, 143
267, 145
267, 146
269, 148
269, 149
270, 150
270, 151
271, 152
270, 153
269, 153
268, 152
267, 152
266, 151
264, 151
263, 150
262, 150
261, 149
260, 149
259, 148
257, 148
256, 147
255, 147
254, 146
252, 146
251, 145
250, 145
249, 144
247, 144
246, 143
245, 143
244, 142
242, 142
241, 141
240, 141
239, 140
237, 140
236, 139
235, 139
234, 138
232, 138
231, 137
229, 137
228, 136
227, 136
226, 135
226, 133
225, 132
225, 124
226, 123
226, 120
227, 119
227, 118
228, 117
228, 116
230, 114
53, 106
54, 105
55, 106
55, 107
56, 108
56, 110
57, 111
57, 114
58, 115
58, 117
59, 118
59, 120
60, 121
60, 124
59, 125
58, 125
57, 126
55, 124
55, 118
54, 117
54, 109
53, 108
279, 18
282, 18
283, 19
284, 19
285, 20
286, 20
292, 26
292, 27
296, 31
296, 32
299, 35
299, 36
301, 38
301, 39
303, 41
303, 42
304, 43
304, 44
305, 45
305, 46
307, 48
307, 49
308, 50
308, 51
309, 52
309, 53
311, 55
311, 56
312, 57
312, 58
313, 59
313, 60
314, 61
314, 63
315, 64
315, 65
316, 66
316, 67
317, 68
317, 69
318, 70
318, 71
319, 72
319, 74
320, 75
320, 76
321, 77
321, 79
322, 80
322, 81
323, 82
323, 84
324, 85
324, 87
325, 88
325, 90
326, 91
326, 93
327, 94
327, 95
328, 96
328, 99
329, 100
329, 102
330, 103
330, 105
331, 106
331, 109
332, 110
332, 113
333, 114
333, 117
332, 118
321, 107
321, 106
315, 100
315, 99
310, 94
310, 93
306, 89
306, 88
302, 84
302, 83
300, 81
300, 80
297, 77
297, 76
295, 74
295, 73
293, 71
293, 70
291, 68
291, 67
290, 66
290, 65
288, 63
288, 62
287, 61
287, 60
285, 58
285, 57
284, 56
284, 55
283, 54
283, 53
282, 52
282, 51
281, 50
281, 49
280, 48
280, 46
279, 45
279, 44
278, 43
278, 41
277, 40
277, 37
276, 36
276, 21
