4, 2
496, 4
494, 349
2, 347
411, 162
409, 164
409, 165
410, 166
410, 167
414, 171
415, 171
417, 173
418, 173
420, 175
421, 175
422, 176
423, 176
424, 177
425, 177
426, 178
427, 178
428, 179
429, 179
430, 180
431, 180
432, 181
433, 181
434, 182
435, 182
436, 183
438, 183
439, 184
440, 184
441, 185
443, 185
444, 186
446, 186
447, 187
449, 187
450, 188
453, 188
454, 189
456, 189
457, 190
460, 190
461, 191
466, 191
467, 192
476, 192
477, 191
477, 187
476, 186
469, 186
468, 185
463, 185
462, 184
459, 184
458, 183
456, 183
455, 182
452, 182
451, 181
449, 181
448, 180
446, 180
445, 179
443, 179
442, 178
441, 178
440, 177
438, 177
437, 176
436, 176
435, 175
434, 175
433, 174
432, 174
431, 173
430, 173
429, 172
428, 172
427, 171
426, 171
424, 169
423, 169
422, 168
421, 168
419, 166
418, 166
414, 162
249, 14
248, 15
246, 15
241, 20
241, 21
240, 22
240, 36
241, 37
241, 40
242, 41
242, 43
243, 44
243, 46
244, 47
244, 49
245, 50
245, 51
246, 52
246, 53
247, 54
247, 55
248, 56
248, 57
249, 58
249, 59
250, 60
250, 61
251, 62
251, 63
253, 65
253, 66
255, 68
255, 69
257, 71
257, 72
260, 75
260, 76
264, 80
264, 81
270, 87
270, 88
280, 98
280, 99
293, 112
293, 113
306, 126
306, 127
307, 128
307, 129
308, 130
308, 133
309, 134
309, 137
310, 138
310, 141
311, 142
311, 145
312, 146
312, 149
313, 150
313, 153
314, 154
314, 157
315, 158
315, 161
316, 162
316, 165
317, 166
317, 169
318, 170
318, 173
319, 174
319, 177
320, 178
320, 181
321, 182
321, 185
322, 186
322, 188
323, 189
323, 192
324, 193
324, 195
325, 196
325, 199
326, 200
326, 201
327, 202
327, 204
328, 205
328, 207
329, 208
329, 209
328, 210
327, 209
326, 209
325, 208
324, 208
323, 207
322, 207
321, 206
320, 206
319, 205
318, 205
316, 203
315, 203
314, 202
313, 202
312, 201
311, 201
310, 200
309, 200
308, 199
307, 199
306, 198
304, 198
303, 197
302, 197
301, 196
300, 196
299, 195
298, 195
297, 194
296, 194
295, 193
294, 193
293, 192
291, 192
290, 191
289, 191
288, 190
287, 190
286, 189
284, 189
283, 188
282, 188
281, 187
280, 187
276, 183
276, 182
275, 181
275, 180
273, 178
273, 177
272, 176
272, 175
270, 173
270, 172
269, 171
269, 170
267, 168
267, 167
265, 165
265, 164
263, 162
263, 161
261, 159
261, 158
259, 156
259, 155
257, 153
257, 152
254, 149
254, 148
249, 143
249, 142
236, 129
235, 129
233, 127
232, 127
231, 126
230, 126
229, 125
228, 125
227, 124
225, 124
224, 123
221, 123
220, 122
218, 122
217, 123
214, 123
213, 124
212, 124
208, 128
208, 129
207, 130
207, 131
206, 132
206, 142
207, 143
207, 146
208, 147
208, 149
209, 150
209, 152
210, 153
210, 154
211, 155
211, 156
212, 157
212, 159
213, 160
213, 161
214, 162
214, 163
213, 164
212, 163
211, 163
209, 161
209, 160
207, 158
207, 157
205, 155
205, 154
204, 153
204, 152
203, 151
203, 150
202, 149
202, 147
201, 146
201, 145
200, 144
200, 143
199, 142
199, 140
198, 139
198, 138
197, 137
197, 136
196, 135
196, 134
195, 133
195, 132
194, 131
194, 130
193, 129
193, 128
191, 126
191, 125
190, 124
190, 123
188, 121
186, 121
185, 122
185, 125
186, 126
186, 128
187, 129
187, 131
188, 132
188, 133
189, 134
189, 135
190, 136
190, 137
191, 138
191, 139
192, 140
192, 141
193, 142
193, 143
195, 145
195, 146
196, 147
196, 148
198, 150
198, 151
199, 152
199, 153
200, 154
200, 155
201, 156
201, 157
202, 158
202, 160
201, 161
200, 160
196, 160
195, 159
192, 159
191, 158
187, 158
186, 157
181, 157
180, 156
179, 156
174, 151
174, 150
171, 147
171, 146
165, 140
164, 140
162, 138
161, 138
160, 137
160, 136
159, 135
159, 134
158, 133
158, 132
156, 130
156, 129
151, 124
150, 124
149, 123
148, 123
147, 122
144, 122
143, 123
142, 123
142, 124
140, 126
140, 129
139, 130
139, 136
138, 137
138, 148
139, 149
139, 153
137, 155
131, 155
130, 156
125, 156
124, 157
122, 157
121, 156
121, 155
119, 153
119, 152
118, 151
118, 150
117, 149
117, 148
115, 146
115, 145
114, 144
114, 143
112, 141
112, 140
110, 138
110, 137
108, 135
108, 134
105, 131
105, 130
103, 128
102, 128
100, 126
94, 126
93, 127
93, 128
92, 129
92, 131
91, 132
91, 153
92, 154
92, 161
93, 162
93, 165
92, 166
91, 166
90, 167
89, 167
88, 168
87, 168
86, 169
85, 169
84, 170
83, 170
82, 171
81, 171
80, 172
79, 172
78, 173
77, 173
75, 175
74, 175
73, 176
72, 176
71, 177
70, 177
67, 174
67, 173
66, 172
66, 171
65, 170
65, 169
64, 168
64, 167
63, 166
63, 165
62, 164
62, 163
61, 162
61, 161
60, 160
60, 159
59, 158
59, 157
58, 156
58, 154
57, 153
57, 152
56, 151
56, 150
55, 149
55, 147
54, 146
54, 145
53, 144
53, 142
52, 141
52, 137
51, 136
51, 131
50, 130
50, 125
49, 124
49, 119
48, 118
48, 114
47, 113
47, 109
46, 108
46, 104
45, 103
45, 99
44, 98
44, 94
43, 93
43, 90
42, 89
42, 85
41, 84
41, 81
40, 80
40, 77
39, 76
39, 73
38, 72
38, 70
37, 69
37, 66
36, 65
36, 63
35, 62
35, 59
34, 58
34, 56
33, 55
33, 53
32, 52
32, 50
31, 49
31, 47
30, 46
30, 45
29, 44
29, 42
28, 41
28, 39
27, 38
27, 37
25, 35
24, 36
23, 36
23, 37
22, 38
22, 42
21, 43
21, 51
22, 52
22, 60
23, 61
23, 66
24, 67
24, 71
25, 72
25, 75
26, 76
26, 79
27, 80
27, 83
28, 84
28, 86
29, 87
29, 90
30, 91
30, 93
31, 94
31, 96
32, 97
32, 99
33, 100
33, 103
34, 104
34, 105
35, 106
35, 108
36, 109
36, 111
37, 112
37, 114
38, 115
38, 117
39, 118
39, 119
40, 120
40, 122
41, 123
41, 124
42, 125
42, 127
43, 128
43, 129
44, 130
44, 132
45, 133
45, 135
46, 136
46, 137
47, 138
47, 140
48, 141
48, 142
49, 143
49, 148
50, 149
50, 155
51, 156
51, 162
52, 163
52, 169
53, 170
53, 177
54, 178
54, 184
55, 185
55, 190
52, 193
52, 194
48, 198
48, 199
46, 201
46, 202
44, 204
44, 205
42, 207
42, 208
41, 209
41, 210
40, 211
40, 212
39, 213
39, 214
38, 215
38, 216
37, 217
37, 219
36, 220
36, 222
35, 223
35, 226
34, 227
34, 231
33, 232
33, 242
34, 243
34, 245
35, 246
35, 248
37, 250
37, 251
38, 252
38, 253
42, 257
42, 258
51, 267
52, 267
58, 273
59, 273
62, 276
63, 276
65, 278
66, 278
69, 281
70, 281
72, 283
73, 283
75, 285
76, 285
79, 288
80, 288
82, 290
83, 290
85, 292
86, 292
88, 294
89, 294
91, 296
92, 296
94, 298
95, 298
96, 299
97, 299
99, 301
100, 301
102, 303
103, 303
104, 304
105, 304
107, 306
108, 306
110, 308
111, 308
112, 309
113, 309
115, 311
116, 311
117, 312
118, 312
119, 313
120, 313
121, 314
122, 314
124, 316
125, 316
126, 317
127, 317
128, 318
129, 318
130, 319
131, 319
132, 320
133, 320
134, 321
135, 321
136, 322
138, 322
139, 323
140, 323
141, 324
143, 324
144, 325
145, 325
146, 326
148, 326
149, 327
151, 327
152, 328
154, 328
155, 329
158, 329
159, 330
162, 330
163, 331
167, 331
168, 332
174, 332
175, 333
181, 333
182, 334
189, 334
190, 335
204, 335
205, 336
222, 336
223, 335
232, 335
233, 334
238, 334
239, 333
242, 333
243, 332
246, 332
247, 331
249, 331
250, 330
252, 330
253, 329
255, 329
256, 328
257, 328
258, 327
259, 327
260, 326
261, 326
262, 325
263, 325
264, 324
265, 324
267, 322
268, 322
270, 320
271, 320
274, 317
275, 317
281, 311
282, 311
292, 301
292, 300
295, 297
295, 296
296, 295
296, 294
297, 293
297, 292
298, 291
298, 290
299, 289
299, 288
300, 287
300, 285
301, 284
301, 282
302, 281
302, 258
301, 257
301, 252
300, 251
300, 247
299, 246
299, 243
298, 242
298, 239
297, 238
297, 235
296, 234
296, 232
295, 231
295, 228
294, 227
294, 225
293, 224
293, 222
292, 221
292, 219
291, 218
291, 216
290, 215
290, 213
289, 212
289, 211
288, 210
288, 208
287, 207
287, 206
286, 205
286, 203
285, 202
285, 201
284, 200
284, 198
283, 197
283, 196
282, 195
282, 194
281, 193
282, 192
283, 192
284, 193
286, 193
287, 194
288, 194
289, 195
290, 195
291, 196
292, 196
293, 197
294, 197
295, 198
297, 198
298, 199
299, 199
300, 200
301, 200
302, 201
303, 201
304, 202
305, 202
306, 203
307, 203
308, 204
309, 204
310, 205
311, 205
312, 206
313, 206
314, 207
315, 207
316, 208
317, 208
318, 209
319, 209
321, 211
322, 211
323, 212
324, 212
325, 213
326, 213
328, 215
329, 215
331, 217
332, 217
335, 220
335, 221
338, 224
338, 225
339, 225
341, 227
342, 227
343, 228
347, 228
348, 227
348, 225
343, 220
342, 220
339, 217
338, 217
336, 215
336, 214
335, 213
335, 212
334, 211
334, 210
333, 209
333, 208
332, 207
332, 205
331, 204
331, 202
330, 201
330, 200
329, 199
329, 197
328, 196
328, 193
327, 192
327, 190
326, 189
326, 186
325, 185
325, 183
324, 182
324, 179
323, 178
323, 175
322, 174
322, 171
321, 170
321, 167
320, 166
320, 162
319, 161
319, 158
318, 157
318, 154
317, 153
317, 151
316, 150
316, 147
315, 146
315, 143
314, 142
314, 139
313, 138
313, 136
314, 135
315, 135
317, 137
317, 138
329, 150
330, 150
339, 159
340, 159
345, 164
346, 164
348, 166
349, 166
351, 168
352, 168
353, 169
354, 169
355, 170
356, 170
357, 171
358, 171
359, 172
362, 172
363, 173
371, 173
372, 172
372, 170
371, 170
370, 169
367, 169
366, 170
365, 169
362, 169
361, 168
360, 168
359, 167
357, 167
355, 165
354, 165
353, 164
352, 164
350, 162
349, 162
346, 159
345, 159
337, 151
336, 151
311, 126
311, 125
310, 124
310, 123
309, 122
309, 120
308, 119
308, 116
307, 115
307, 113
306, 112
306, 110
305, 109
305, 107
304, 106
304, 104
303, 103
303, 101
302, 100
302, 98
301, 97
301, 96
300, 95
300, 93
299, 92
299, 90
298, 89
298, 88
297, 87
297, 85
296, 84
296, 83
295, 82
295, 80
294, 79
294, 78
293, 77
293, 75
292, 74
292, 73
291, 72
291, 71
290, 70
290, 69
289, 68
289, 66
288, 65
288, 64
287, 63
287, 62
286, 61
286, 60
285, 59
285, 58
284, 57
284, 56
283, 55
283, 54
282, 53
282, 52
281, 51
281, 50
280, 49
280, 48
279, 47
279, 46
278, 45
278, 44
277, 43
277, 42
275, 40
275, 39
274, 38
274, 37
273, 36
273, 35
271, 33
271, 32
270, 31
270, 30
267, 27
267, 26
264, 23
264, 22
262, 20
261, 20
257, 16
256, 16
255, 15
253, 15
252, 14
91, 171
92, 170
93, 170
94, 171
94, 173
95, 174
95, 179
96, 180
96, 184
97, 185
97, 189
98, 190
98, 194
99, 195
99, 200
100, 201
100, 214
99, 215
98, 214
97, 214
88, 205
88, 204
83, 199
83, 198
80, 195
80, 194
78, 192
78, 191
76, 189
76, 188
74, 186
74, 185
72, 183
72, 182
75, 179
76, 179
78, 177
79, 177
81, 175
82, 175
83, 174
84, 174
85, 173
86, 173
87, 172
89, 172
90, 171
182, 162
183, 161
187, 161
188, 162
192, 162
193, 163
196, 163
197, 164
200, 164
201, 165
204, 165
205, 166
205, 167
206, 168
206, 170
207, 171
207, 172
208, 173
208, 175
209, 176
209, 178
210, 179
210, 181
211, 182
211, 184
212, 185
212, 187
213, 188
213, 190
214, 191
214, 193
215, 194
215, 196
216, 197
216, 199
217, 200
217, 202
218, 203
218, 205
219, 206
219, 209
220, 210
220, 212
221, 213
221, 216
222, 217
222, 220
223, 221
223, 223
224, 224
224, 227
225, 228
225, 231
224, 232
222, 230
222, 229
220, 227
220, 226
219, 225
219, 224
217, 222
217, 221
216, 220
216, 219
215, 218
215, 217
213, 215
213, 214
212, 213
212, 212
210, 210
210, 209
209, 208
209, 207
208, 206
208, 205
206, 203
206, 202
205, 201
205, 200
204, 199
204, 198
202, 196
202, 195
201, 194
201, 193
200, 192
200, 191
198, 189
198, 188
197, 187
197, 186
195, 184
195, 183
194, 182
194, 181
192, 179
192, 178
191, 177
191, 176
189, 174
189, 173
188, 172
188, 171
186, 169
186, 168
185, 167
185, 166
183, 164
183, 163
55, 162
56, 161
58, 163
58, 164
59, 165
59, 167
60, 168
60, 169
62, 171
62, 172
63, 173
63, 174
64, 175
64, 176
65, 177
65, 178
66, 179
66, 180
60, 186
59, 186
58, 185
58, 179
57, 178
57, 172
56, 171
56, 165
55, 164
169, 160
170, 159
175, 159
177, 161
177, 162
179, 164
179, 165
181, 167
181, 168
182, 169
182, 170
184, 172
184, 173
185, 174
185, 175
187, 177
187, 178
188, 179
188, 180
190, 182
190, 183
191, 184
191, 185
193, 187
193, 188
194, 189
194, 190
196, 192
196, 193
198, 195
198, 196
199, 197
199, 198
200, 199
200, 200
201, 201
201, 202
203, 204
203, 205
204, 206
204, 207
205, 208
205, 209
207, 211
207, 212
208, 213
208, 214
210, 216
210, 217
211, 218
211, 219
212, 220
212, 221
214, 223
214, 224
215, 225
215, 226
217, 228
217, 229
218, 230
218, 231
220, 233
220, 234
221, 235
221, 236
223, 238
223, 239
225, 241
225, 242
228, 245
230, 245
231, 244
231, 239
230, 238
230, 233
229, 232
229, 228
228, 227
228, 225
227, 224
227, 221
226, 220
226, 217
225, 216
225, 214
224, 213
224, 210
223, 209
223, 207
222, 206
222, 203
221, 202
221, 200
220, 199
220, 197
219, 196
219, 194
218, 193
218, 191
217, 190
217, 188
216, 187
216, 185
215, 184
215, 182
214, 181
214, 179
213, 178
213, 176
212, 175
212, 174
213, 173
216, 176
216, 177
219, 180
219, 181
222, 184
222, 185
227, 190
227, 191
246, 210
246, 211
251, 216
254, 216
254, 215
255, 214
254, 213
254, 212
252, 210
252, 209
249, 206
249, 205
244, 200
244, 199
240, 195
240, 194
236, 190
236, 189
233, 186
233, 185
230, 182
230, 181
228, 179
228, 178
226, 176
226, 175
224, 173
224, 172
225, 171
226, 171
227, 172
229, 172
230, 173
232, 173
233, 174
235, 174
236, 175
238, 175
239, 176
241, 176
242, 177
244, 177
245, 178
247, 178
248, 179
250, 179
251, 180
253, 180
254, 181
256, 181
257, 182
258, 182
259, 183
261, 183
262, 184
263, 184
264, 185
266, 185
267, 186
268, 186
269, 187
271, 187
272, 188
273, 188
274, 189
275, 189
276, 190
276, 191
277, 192
277, 193
278, 194
278, 196
279, 197
279, 198
280, 199
280, 200
281, 201
281, 202
282, 203
282, 205
283, 206
283, 207
284, 208
284, 210
285, 211
285, 213
286, 214
286, 215
287, 216
287, 218
288, 219
288, 221
289, 222
289, 224
290, 225
290, 227
291, 228
291, 230
292, 231
292, 234
293, 235
293, 237
294, 238
294, 241
295, 242
295, 245
296, 246
296, 250
297, 251
297, 255
298, 256
298, 263
299, 264
299, 276
298, 277
298, 281
297, 282
297, 284
296, 285
296, 287
295, 288
295, 289
294, 290
294, 291
293, 292
293, 293
290, 296
290, 297
276, 311
275, 311
270, 316
269, 316
267, 318
266, 318
264, 320
263, 320
262, 321
261, 321
259, 323
258, 323
257, 324
256, 324
255, 325
253, 325
252, 326
250, 326
249, 327
247, 327
246, 328
244, 328
243, 329
240, 329
239, 330
234, 330
233, 331
226, 331
225, 332
199, 332
198, 331
187, 331
186, 330
180, 330
179, 329
173, 329
172, 328
167, 328
166, 327
163, 327
162, 326
159, 326
158, 325
155, 325
154, 324
152, 324
151, 323
149, 323
148, 322
146, 322
145, 321
144, 321
143, 320
141, 320
140, 319
139, 319
138, 318
137, 318
136, 317
135, 317
134, 316
133, 316
132, 315
131, 315
130, 314
129, 314
128, 313
127, 313
126, 312
125, 312
124, 311
123, 311
122, 310
121, 310
119, 308
118, 308
117, 307
116, 307
114, 305
113, 305
112, 304
111, 304
109, 302
108, 302
106, 300
105, 300
104, 299
103, 299
101, 297
100, 297
98, 295
97, 295
96, 294
95, 294
93, 292
92, 292
90, 290
89, 290
87, 288
86, 288
84, 286
83, 286
81, 284
80, 284
77, 281
76, 281
74, 279
73, 279
71, 277
70, 277
67, 274
66, 274
63, 271
62, 271
58, 267
57, 267
43, 253
43, 252
40, 249
40, 248
39, 247
39, 246
38, 245
38, 243
37, 242
37, 230
38, 229
38, 226
39, 225
39, 223
40, 222
40, 220
41, 219
41, 218
42, 217
42, 215
43, 214
43, 213
45, 211
45, 210
46, 209
46, 208
48, 206
48, 205
50, 203
50, 202
53, 199
53, 198
55, 196
56, 197
56, 198
57, 199
57, 206
58, 207
58, 213
59, 214
59, 217
58, 218
58, 233
59, 234
59, 238
60, 239
60, 242
61, 243
61, 246
62, 247
62, 249
63, 250
63, 252
64, 253
64, 255
65, 256
67, 256
68, 255
68, 246
67, 245
67, 239
66, 238
66, 233
65, 232
65, 227
64, 226
64, 221
63, 220
63, 215
62, 214
62, 208
61, 207
61, 201
60, 200
60, 194
59, 193
60, 192
60, 191
64, 187
65, 187
68, 184
70, 186
70, 187
72, 189
72, 190
73, 191
73, 192
76, 195
76, 196
79, 199
79, 200
82, 203
82, 204
96, 218
97, 218
98, 219
101, 219
103, 217
103, 215
104, 214
104, 203
103, 202
103, 197
102, 196
102, 191
101, 190
101, 186
100, 185
100, 181
99, 180
99, 175
98, 174
98, 168
99, 167
101, 167
102, 166
104, 166
105, 165
107, 165
108, 164
110, 164
111, 163
114, 163
115, 162
120, 162
121, 163
121, 164
122, 165
122, 166
124, 168
124, 169
125, 170
125, 171
126, 172
126, 173
128, 175
128, 176
129, 177
129, 178
130, 179
130, 180
132, 182
132, 183
133, 184
133, 185
135, 187
135, 188
136, 189
136, 190
138, 192
138, 193
140, 195
140, 196
141, 197
141, 198
144, 201
144, 202
146, 204
146, 205
149, 208
149, 209
152, 212
152, 213
159, 220
160, 220
161, 221
162, 221
163, 222
170, 222
174, 218
174, 217
175, 216
175, 215
176, 214
176, 212
177, 211
177, 190
176, 189
176, 184
175, 183
175, 180
174, 179
174, 175
173, 174
173, 172
172, 171
172, 168
171, 167
171, 165
170, 164
170, 161
164, 158
165, 159
165, 160
166, 163
167, 164
167, 167
168, 168
168, 171
169, 172
169, 174
170, 175
170, 178
171, 179
171, 182
172, 183
172, 188
173, 189
173, 196
174, 197
174, 206
173, 207
173, 211
172, 212
172, 214
164, 218
163, 217
162, 217
161, 216
160, 216
157, 213
157, 212
153, 208
153, 207
152, 206
152, 205
151, 204
151, 203
150, 196
149, 195
149, 192
148, 191
148, 187
147, 186
147, 183
146, 182
146, 178
145, 177
145, 171
144, 170
144, 160
135, 159
136, 158
138, 158
139, 159
139, 161
140, 162
140, 184
141, 185
141, 187
140, 188
138, 186
138, 185
137, 184
137, 183
136, 182
136, 181
134, 179
134, 178
133, 177
133, 176
131, 174
131, 173
130, 172
130, 171
129, 170
129, 169
127, 167
127, 166
126, 165
126, 164
125, 163
125, 162
124, 161
125, 160
128, 160
129, 159
165, 148
166, 147
170, 151
170, 152
172, 154
171, 155
169, 155
167, 153
167, 152
166, 151
166, 150
165, 149
154, 142
155, 141
157, 141
159, 143
159, 144
160, 145
160, 146
161, 147
161, 149
162, 150
162, 152
163, 153
162, 154
147, 154
146, 153
146, 152
147, 151
147, 150
148, 149
148, 148
149, 147
149, 146
153, 142
97, 130
99, 130
104, 135
104, 136
106, 138
106, 139
108, 141
108, 142
110, 144
110, 145
112, 147
112, 148
113, 149
113, 150
114, 151
114, 152
116, 154
116, 155
117, 156
117, 157
115, 159
112, 159
111, 160
108, 160
107, 161
105, 161
104, 162
102, 162
101, 163
99, 163
98, 164
96, 162
96, 156
95, 155
95, 146
94, 145
94, 137
95, 136
95, 132
216, 127
217, 126
221, 126
222, 127
224, 127
225, 128
227, 128
229, 130
230, 130
231, 131
232, 131
235, 134
236, 134
243, 141
243, 142
248, 147
248, 148
252, 152
252, 153
255, 156
255, 157
257, 159
257, 160
259, 162
259, 163
261, 165
261, 166
263, 168
263, 169
265, 171
265, 172
266, 173
266, 174
268, 176
268, 177
270, 179
270, 180
271, 181
271, 182
270, 183
269, 182
267, 182
266, 181
265, 181
264, 180
262, 180
261, 179
259, 179
258, 178
257, 178
256, 177
254, 177
253, 176
251, 176
250, 175
248, 175
247, 174
245, 174
244, 173
242, 173
241, 172
239, 172
238, 171
236, 171
235, 170
233, 170
232, 169
230, 169
229, 168
227, 168
226, 167
224, 167
223, 166
221, 166
219, 164
219, 163
218, 162
218, 161
217, 160
217, 159
216, 158
216, 157
215, 156
215, 155
214, 154
214, 152
213, 151
213, 150
212, 149
212, 147
211, 146
211, 144
210, 143
210, 132
212, 130
212, 129
213, 128
214, 128
215, 127
144, 127
145, 126
147, 126
154, 133
154, 134
155, 135
155, 137
154, 138
152, 138
150, 140
149, 140
148, 141
148, 142
145, 145
145, 146
144, 147
144, 148
143, 149
142, 148
142, 134
143, 133
143, 129
144, 128
25, 48
26, 47
27, 48
27, 49
28, 50
28, 52
29, 53
29, 55
30, 56
30, 58
31, 59
31, 61
32, 62
32, 65
33, 66
33, 68
34, 69
34, 72
35, 73
35, 76
36, 77
36, 80
37, 81
37, 84
38, 85
38, 88
39, 89
39, 93
40, 94
40, 97
41, 98
41, 102
42, 103
42, 107
43, 108
43, 112
44, 113
44, 116
43, 117
42, 116
42, 115
41, 114
41, 112
40, 111
40, 109
39, 108
39, 106
38, 105
38, 104
37, 103
37, 100
36, 99
36, 97
35, 96
35, 94
34, 93
34, 91
33, 90
33, 87
32, 86
32, 84
31, 83
31, 80
30, 79
30, 77
29, 76
29, 73
28, 72
28, 68
27, 67
27, 63
26, 62
26, 55
25, 54
248, 19
249, 18
252, 18
253, 19
254, 19
256, 21
257, 21
263, 27
263, 28
265, 30
265, 31
268, 34
268, 35
269, 36
269, 37
270, 38
270, 39
272, 41
272, 42
273, 43
273, 44
274, 45
274, 46
275, 47
275, 48
276, 49
276, 50
278, 52
278, 53
279, 54
279, 55
280, 56
280, 57
281, 58
281, 59
282, 60
282, 62
283, 63
283, 64
284, 65
284, 66
285, 67
285, 68
286, 69
286, 70
287, 71
287, 72
288, 73
288, 75
289, 76
289, 77
290, 78
290, 79
291, 80
291, 82
292, 83
292, 84
293, 85
293, 87
294, 88
294, 89
295, 90
295, 92
296, 93
296, 95
297, 96
297, 97
298, 98
298, 100
299, 101
299, 103
300, 104
300, 106
301, 107
301, 109
302, 110
302, 112
303, 113
303, 115
302, 116
290, 104
290, 103
278, 91
278, 90
270, 82
270, 81
265, 76
265, 75
261, 71
261, 70
259, 68
259, 67
257, 65
257, 64
255, 62
255, 61
254, 60
254, 59
252, 57
252, 56
251, 55
251, 54
250, 53
250, 52
249, 51
249, 50
248, 49
248, 47
247, 46
247, 44
246, 43
246, 41
245, 40
245, 37
244, 36
244, 29
243, 28
243, 27
244, 26
244, 23
245, 22
245, 21
247, 19
