72, 294
74, 296
74, 298
76, 298
76, 296
78, 294
156, 294
158, 296
158, 298
160, 298
160, 296
162, 294
240, 294
242, 296
242, 298
244, 298
244, 296
246, 294
324, 294
326, 296
326, 298
328, 298
328, 296
330, 294
408, 294
410, 296
410, 298
412, 298
412, 296
414, 294
492, 294
494, 296
494, 298
496, 296
498, 294
4, 2
496, 4
494, 292
2, 290
35, 37
34, 38
34, 40
35, 41
35, 48
36, 49
36, 56
37, 57
37, 71
36, 72
36, 80
35, 81
35, 88
34, 89
34, 99
33, 100
33, 115
32, 116
32, 173
31, 174
31, 182
30, 183
30, 190
29, 191
29, 196
28, 197
28, 203
27, 204
27, 210
26, 211
26, 219
25, 220
25, 232
24, 233
24, 260
22, 262
22, 265
23, 266
25, 266
27, 264
27, 246
28, 245
28, 225
29, 224
29, 215
30, 214
30, 207
31, 206
31, 200
32, 199
32, 193
33, 192
33, 187
34, 186
34, 178
35, 177
35, 129
36, 128
36, 105
37, 104
37, 93
38, 92
38, 84
39, 83
39, 76
40, 75
40, 55
41, 54
42, 55
42, 58
43, 59
43, 62
44, 63
44, 66
45, 67
45, 69
46, 70
46, 73
47, 74
47, 76
48, 77
48, 80
49, 81
49, 83
50, 84
50, 87
51, 88
51, 90
52, 91
52, 93
53, 94
53, 97
54, 98
54, 100
55, 101
55, 103
56, 104
56, 107
57, 108
57, 110
58, 111
58, 114
59, 115
59, 117
60, 118
60, 120
61, 121
61, 124
62, 125
62, 127
63, 128
63, 130
64, 131
64, 134
65, 135
65, 137
66, 138
66, 140
67, 141
67, 143
68, 144
68, 146
69, 147
69, 149
70, 150
70, 152
71, 153
71, 155
72, 156
72, 158
73, 159
73, 161
74, 162
74, 164
75, 165
75, 167
76, 168
76, 169
75, 170
72, 170
70, 172
69, 172
67, 174
67, 175
63, 179
63, 180
61, 182
61, 183
59, 185
59, 186
54, 191
49, 191
48, 190
45, 190
44, 191
43, 191
42, 192
42, 193
41, 194
41, 196
40, 197
40, 198
41, 199
41, 200
43, 200
44, 199
44, 198
45, 197
45, 196
47, 194
48, 194
49, 195
55, 195
56, 194
57, 194
62, 189
62, 188
64, 186
64, 185
66, 183
66, 182
69, 179
69, 178
72, 175
74, 175
75, 176
75, 180
76, 181
76, 186
77, 187
77, 188
78, 189
81, 189
82, 190
82, 191
83, 192
83, 195
84, 196
84, 199
85, 200
85, 202
86, 203
86, 206
87, 207
87, 210
88, 211
88, 213
89, 214
89, 217
90, 218
90, 221
91, 222
91, 225
92, 226
92, 228
93, 229
93, 232
94, 233
94, 235
95, 236
95, 238
96, 239
96, 242
97, 243
97, 244
98, 245
98, 247
99, 248
99, 249
100, 250
100, 251
102, 253
104, 253
104, 248
101, 245
101, 244
100, 243
100, 241
99, 240
99, 237
98, 236
98, 234
97, 233
97, 231
96, 230
96, 227
95, 226
95, 223
94, 222
94, 220
93, 219
93, 216
92, 215
92, 212
91, 211
91, 209
90, 208
90, 205
89, 204
89, 201
88, 200
88, 198
87, 197
87, 194
86, 193
86, 190
85, 189
85, 186
84, 185
84, 183
83, 182
83, 179
82, 178
82, 176
81, 175
81, 172
80, 171
80, 169
79, 168
79, 166
78, 165
78, 163
77, 162
77, 160
76, 159
76, 157
75, 156
75, 154
74, 153
74, 151
73, 150
73, 148
72, 147
72, 145
71, 144
71, 142
70, 141
70, 139
69, 138
69, 136
68, 135
68, 133
67, 132
67, 129
66, 128
66, 126
65, 125
65, 123
64, 122
64, 119
63, 118
63, 116
62, 115
62, 113
61, 112
61, 109
60, 108
60, 106
59, 105
59, 102
58, 101
58, 99
57, 98
57, 96
56, 95
56, 92
55, 91
55, 89
54, 88
54, 86
53, 85
53, 82
52, 81
52, 79
51, 78
51, 75
50, 74
50, 72
49, 71
49, 68
48, 67
48, 65
47, 64
47, 61
46, 60
46, 56
45, 55
45, 53
44, 52
44, 49
43, 48
43, 46
42, 45
42, 44
41, 43
41, 41
39, 39
39, 38
38, 37
156, 12
155, 13
154, 13
153, 14
152, 14
151, 15
151, 16
150, 17
150, 18
149, 19
149, 20
148, 21
148, 23
147, 24
147, 26
146, 27
146, 29
145, 30
145, 32
144, 33
144, 35
143, 36
143, 39
142, 40
142, 43
141, 44
141, 47
140, 48
140, 51
139, 52
139, 57
138, 58
138, 63
137, 64
137, 74
136, 75
136, 90
135, 91
135, 119
136, 120
136, 126
137, 127
137, 132
138, 133
138, 138
139, 139
139, 152
140, 153
140, 174
139, 175
139, 176
138, 177
138, 178
137, 179
137, 180
136, 181
136, 183
135, 184
135, 185
134, 186
134, 188
133, 189
133, 192
132, 193
132, 198
131, 199
131, 204
130, 205
130, 206
128, 208
123, 208
123, 211
125, 213
125, 215
126, 216
128, 216
129, 215
130, 215
131, 216
131, 219
132, 220
132, 222
133, 223
133, 224
134, 225
134, 226
142, 234
143, 234
145, 236
146, 236
147, 237
148, 237
149, 238
152, 238
153, 239
156, 239
157, 240
158, 240
160, 242
162, 242
163, 243
168, 243
169, 242
170, 242
175, 237
175, 236
176, 235
176, 234
178, 232
178, 231
181, 228
182, 228
183, 227
184, 227
185, 226
186, 226
187, 225
188, 225
189, 224
190, 224
192, 222
193, 222
195, 220
196, 220
200, 216
201, 216
209, 208
209, 207
214, 202
214, 201
217, 198
217, 197
219, 195
219, 194
221, 192
221, 191
224, 188
224, 187
225, 186
225, 185
228, 182
229, 182
229, 181
230, 180
230, 176
231, 175
231, 166
232, 165
232, 162
233, 161
233, 159
234, 158
234, 156
235, 155
235, 153
236, 152
236, 151
237, 150
237, 148
238, 147
238, 146
239, 145
239, 144
244, 139
246, 139
247, 138
248, 138
252, 142
252, 145
253, 146
253, 160
252, 161
252, 178
251, 179
251, 193
252, 194
252, 198
253, 199
253, 200
254, 201
254, 202
258, 206
259, 206
260, 207
269, 207
270, 206
271, 206
273, 204
274, 204
278, 200
278, 199
281, 196
281, 195
283, 193
283, 192
285, 190
285, 189
287, 187
287, 186
288, 185
288, 184
289, 183
289, 182
290, 181
290, 180
293, 177
294, 178
294, 179
295, 180
295, 181
296, 182
296, 183
297, 184
297, 185
300, 188
305, 188
306, 187
307, 187
314, 180
314, 179
316, 177
316, 176
317, 175
317, 174
318, 173
318, 172
319, 171
319, 170
320, 169
320, 167
321, 166
321, 165
322, 164
322, 162
323, 161
323, 160
324, 159
325, 160
325, 169
326, 170
326, 188
327, 189
327, 203
326, 204
326, 205
324, 207
324, 208
323, 209
323, 210
321, 212
321, 213
319, 215
319, 216
317, 218
317, 219
315, 221
315, 222
313, 224
313, 225
311, 227
311, 228
309, 230
309, 231
306, 234
306, 235
304, 237
304, 238
302, 240
302, 241
300, 243
300, 244
299, 245
299, 246
297, 248
297, 249
296, 250
296, 251
295, 252
295, 254
294, 255
294, 257
293, 258
293, 268
294, 269
294, 271
296, 273
296, 274
297, 275
298, 275
301, 278
302, 278
303, 279
305, 279
306, 280
307, 280
308, 281
317, 281
322, 276
322, 275
323, 274
323, 273
324, 272
324, 271
325, 270
325, 268
326, 267
326, 264
327, 263
327, 260
328, 259
328, 251
329, 250
329, 232
330, 231
330, 214
331, 213
331, 203
332, 202
332, 200
333, 199
333, 197
334, 196
334, 194
335, 193
335, 190
336, 189
336, 187
337, 186
337, 185
339, 183
339, 182
341, 180
341, 179
343, 177
344, 178
344, 186
345, 187
345, 194
346, 195
346, 199
347, 200
347, 203
348, 204
348, 205
349, 206
349, 207
350, 208
350, 209
352, 211
353, 211
355, 213
358, 213
359, 214
366, 214
367, 213
370, 213
371, 212
372, 212
373, 211
375, 211
376, 210
377, 210
379, 208
380, 208
381, 207
382, 207
384, 205
385, 205
388, 202
389, 202
392, 199
393, 199
398, 194
399, 194
400, 195
400, 200
399, 201
399, 207
400, 208
400, 212
401, 213
401, 214
403, 216
409, 216
411, 214
412, 214
414, 212
415, 213
415, 214
416, 215
416, 218
417, 219
417, 220
420, 220
420, 216
419, 215
419, 208
420, 207
420, 206
425, 201
427, 201
428, 200
429, 200
432, 197
433, 197
437, 193
437, 192
439, 190
439, 189
441, 187
441, 186
443, 184
443, 183
444, 182
444, 181
446, 179
446, 178
449, 175
449, 174
450, 173
450, 172
451, 171
451, 170
452, 169
452, 167
453, 166
453, 165
454, 164
454, 162
455, 161
455, 160
456, 159
456, 157
457, 156
457, 155
458, 154
458, 152
459, 151
459, 150
461, 148
461, 147
462, 146
462, 145
464, 143
464, 142
465, 141
465, 139
466, 138
466, 136
467, 135
467, 133
468, 132
468, 130
469, 129
469, 127
470, 126
470, 124
471, 123
471, 122
472, 121
472, 120
473, 119
473, 118
474, 117
474, 108
475, 107
475, 103
476, 102
476, 93
475, 92
475, 87
474, 86
474, 83
473, 82
473, 77
472, 76
472, 71
471, 70
471, 65
470, 64
470, 63
468, 61
463, 61
461, 63
461, 64
460, 65
460, 66
459, 67
459, 69
458, 70
458, 71
457, 72
457, 74
456, 75
456, 76
455, 77
455, 79
454, 80
454, 82
453, 83
453, 85
452, 86
452, 88
451, 89
451, 92
450, 93
450, 95
449, 96
449, 98
447, 100
445, 100
444, 101
443, 101
441, 99
440, 99
429, 88
429, 87
422, 80
422, 79
414, 71
413, 71
411, 69
410, 69
409, 68
408, 68
407, 67
406, 67
405, 66
397, 66
396, 67
394, 67
393, 68
392, 68
391, 69
390, 69
387, 72
386, 72
374, 84
374, 85
369, 90
369, 91
366, 94
366, 95
364, 97
364, 98
361, 101
361, 102
359, 104
359, 105
358, 106
358, 107
357, 108
357, 109
355, 111
355, 112
354, 113
354, 115
353, 116
353, 117
352, 118
352, 119
351, 120
351, 122
350, 123
350, 125
349, 126
349, 129
348, 130
348, 133
347, 134
347, 138
346, 139
346, 144
345, 145
345, 153
344, 154
344, 170
339, 175
339, 176
337, 178
337, 179
334, 182
334, 183
333, 184
333, 186
332, 187
332, 188
331, 189
330, 188
330, 175
329, 174
329, 146
330, 145
330, 138
331, 137
331, 134
332, 133
332, 131
333, 130
333, 116
332, 115
332, 114
331, 113
329, 113
328, 114
328, 117
327, 118
327, 136
326, 137
326, 139
325, 140
325, 142
324, 143
324, 146
323, 147
323, 149
322, 150
322, 152
321, 153
321, 155
320, 156
320, 158
319, 159
319, 161
318, 162
318, 163
317, 164
317, 166
316, 167
316, 168
315, 169
315, 171
313, 173
313, 174
312, 175
312, 176
304, 184
302, 184
299, 181
299, 179
298, 178
298, 177
297, 176
297, 174
296, 173
296, 167
297, 166
297, 164
298, 163
298, 160
299, 159
299, 157
300, 156
300, 153
301, 152
301, 149
302, 148
302, 143
303, 142
303, 128
302, 127
302, 126
301, 125
301, 124
298, 121
295, 121
293, 123
293, 125
292, 126
292, 128
291, 129
291, 133
290, 134
290, 161
291, 162
291, 171
290, 172
290, 173
289, 174
289, 175
288, 176
288, 177
287, 178
287, 179
285, 181
285, 182
284, 183
284, 184
282, 186
282, 187
281, 188
281, 189
279, 191
279, 192
276, 195
276, 196
270, 202
269, 202
268, 203
266, 203
265, 204
263, 204
262, 203
261, 203
260, 202
259, 202
258, 201
258, 200
256, 198
256, 195
255, 194
255, 176
256, 175
256, 155
257, 154
257, 147
256, 146
256, 141
255, 140
255, 139
251, 135
244, 135
243, 136
242, 136
241, 137
240, 137
236, 141
236, 142
235, 143
235, 144
234, 145
234, 147
233, 148
233, 149
232, 150
232, 152
231, 153
231, 155
230, 156
230, 157
229, 158
229, 161
228, 162
228, 165
227, 166
227, 176
226, 177
226, 178
223, 181
223, 182
222, 183
222, 184
219, 187
219, 188
216, 191
216, 192
214, 194
214, 195
212, 197
212, 198
208, 202
208, 203
196, 215
195, 215
192, 218
191, 218
189, 220
188, 220
187, 221
186, 221
185, 222
184, 221
184, 219
185, 218
185, 217
186, 216
186, 214
187, 213
187, 211
188, 210
188, 207
189, 206
189, 193
188, 192
188, 177
187, 176
187, 172
186, 171
186, 169
185, 168
185, 167
177, 159
176, 159
173, 156
172, 156
170, 154
169, 154
167, 152
165, 152
163, 150
163, 149
164, 148
164, 146
165, 145
165, 142
166, 141
166, 139
167, 138
167, 135
168, 134
168, 130
169, 129
169, 125
170, 124
170, 120
171, 119
171, 114
172, 113
172, 109
173, 108
173, 104
174, 103
174, 99
175, 98
175, 94
176, 93
176, 89
177, 88
177, 85
178, 84
178, 80
179, 79
179, 73
180, 72
180, 61
179, 60
179, 54
178, 53
178, 49
177, 48
177, 45
176, 44
176, 42
175, 41
175, 38
174, 37
174, 34
173, 33
173, 31
172, 30
172, 28
171, 27
171, 25
170, 24
170, 23
169, 22
169, 21
166, 18
166, 17
164, 15
163, 15
162, 14
161, 14
160, 13
159, 13
158, 12
167, 236
170, 237
169, 238
168, 238
164, 239
164, 237
165, 237
166, 236
326, 213
327, 214
327, 218
326, 219
326, 234
325, 235
325, 253
324, 254
324, 260
323, 261
323, 264
322, 265
322, 267
321, 268
321, 269
320, 270
320, 271
319, 272
319, 273
314, 278
312, 278
311, 277
309, 277
308, 276
306, 276
305, 275
304, 275
302, 273
301, 273
298, 270
298, 269
297, 268
297, 264
296, 263
297, 262
297, 258
298, 257
298, 255
299, 254
299, 253
300, 252
300, 251
301, 250
301, 249
303, 247
303, 246
304, 245
304, 244
306, 242
306, 241
309, 238
309, 237
311, 235
311, 234
313, 232
313, 231
316, 228
316, 227
318, 225
318, 224
320, 222
320, 221
322, 219
322, 218
324, 216
324, 215
140, 194
141, 195
141, 198
142, 199
142, 204
143, 205
143, 208
144, 209
144, 212
145, 213
145, 215
146, 216
146, 218
147, 219
147, 221
148, 222
148, 224
149, 225
149, 227
150, 228
150, 229
151, 230
151, 231
152, 232
152, 233
151, 234
150, 234
149, 233
148, 233
147, 232
146, 232
137, 223
137, 222
136, 221
136, 220
135, 219
135, 216
134, 215
134, 207
135, 206
135, 204
136, 203
136, 201
137, 200
137, 199
138, 198
138, 196
421, 175
423, 176
423, 179
422, 180
422, 183
421, 184
421, 186
420, 187
420, 189
419, 190
419, 193
418, 194
418, 197
417, 198
417, 201
416, 202
412, 209
411, 209
408, 212
404, 211
404, 210
403, 209
403, 199
404, 198
405, 190
405, 189
408, 186
409, 186
414, 181
415, 181
160, 156
161, 155
165, 156
166, 156
168, 158
169, 158
172, 161
173, 161
178, 166
179, 166
180, 167
180, 168
182, 170
182, 171
183, 172
183, 175
184, 176
184, 190
185, 191
184, 207
184, 210
183, 211
183, 212
182, 213
182, 215
181, 216
181, 218
180, 219
180, 220
179, 221
179, 223
175, 227
174, 227
173, 228
172, 228
171, 229
170, 229
168, 231
167, 231
166, 232
165, 232
164, 233
163, 233
162, 234
160, 234
156, 232
156, 231
154, 229
154, 227
153, 226
153, 225
152, 224
152, 222
151, 221
151, 219
150, 218
150, 216
149, 215
149, 213
148, 212
148, 209
147, 208
147, 206
146, 205
146, 200
145, 199
145, 192
144, 191
145, 183
145, 182
146, 181
146, 180
147, 179
147, 178
148, 177
148, 176
149, 175
149, 174
151, 172
151, 171
152, 170
152, 169
154, 167
154, 166
155, 165
155, 164
157, 162
157, 161
159, 159
159, 158
160, 157
426, 150
427, 151
427, 152
429, 154
429, 159
428, 160
428, 162
427, 163
427, 164
417, 174
416, 174
410, 180
409, 180
407, 182
406, 181
406, 179
407, 178
407, 174
408, 173
408, 170
410, 168
411, 168
412, 167
414, 167
416, 165
417, 165
420, 162
420, 161
422, 159
422, 158
423, 157
423, 155
424, 154
424, 152
361, 148
362, 147
363, 147
364, 148
364, 157
365, 158
365, 163
366, 164
366, 168
367, 169
367, 171
368, 172
368, 173
370, 175
370, 176
371, 176
372, 177
377, 177
378, 176
379, 176
380, 175
381, 175
383, 173
383, 172
385, 170
385, 169
386, 168
386, 167
388, 165
388, 163
389, 162
389, 161
390, 160
390, 159
391, 158
391, 157
392, 156
393, 156
394, 157
394, 158
396, 160
396, 161
398, 163
399, 163
402, 166
403, 166
405, 168
405, 169
404, 170
404, 173
403, 174
403, 178
402, 179
402, 184
401, 185
401, 187
400, 188
399, 188
394, 193
393, 193
389, 197
388, 197
385, 200
384, 200
381, 203
380, 203
378, 205
377, 205
376, 206
375, 206
374, 207
373, 207
372, 208
370, 208
369, 209
367, 209
366, 210
358, 210
357, 209
356, 209
353, 206
353, 205
352, 204
352, 203
351, 202
351, 201
350, 200
350, 196
349, 195
349, 189
348, 188
348, 174
353, 169
353, 168
354, 167
354, 165
355, 164
355, 163
356, 162
356, 161
357, 160
357, 159
358, 158
358, 157
359, 156
359, 154
360, 153
360, 151
361, 150
459, 137
460, 136
461, 136
462, 137
462, 138
461, 139
461, 140
460, 141
460, 142
458, 144
458, 145
457, 146
457, 147
456, 148
456, 149
455, 150
455, 151
454, 152
454, 153
453, 154
453, 156
452, 157
452, 159
451, 160
451, 161
450, 162
450, 163
449, 164
449, 166
448, 167
448, 168
447, 169
447, 170
446, 171
446, 172
444, 174
444, 175
442, 177
442, 178
440, 180
440, 181
439, 182
439, 183
437, 185
437, 186
435, 188
435, 189
428, 196
427, 196
426, 197
424, 197
423, 198
422, 197
422, 194
423, 193
423, 190
424, 189
424, 187
425, 186
425, 184
426, 183
426, 180
427, 179
427, 176
428, 175
428, 172
429, 171
429, 169
430, 168
430, 167
442, 155
443, 155
447, 151
447, 150
459, 138
421, 134
422, 133
423, 134
423, 142
422, 143
422, 147
421, 148
421, 151
420, 152
420, 154
419, 155
419, 156
418, 157
418, 158
413, 163
412, 163
411, 162
411, 161
412, 160
412, 158
413, 157
413, 155
414, 154
414, 152
415, 151
415, 149
416, 148
416, 146
417, 145
417, 143
418, 142
418, 140
419, 139
419, 138
420, 137
420, 136
421, 135
296, 127
297, 126
298, 127
298, 128
299, 129
299, 131
300, 132
300, 136
299, 137
299, 143
298, 144
298, 148
297, 149
297, 152
296, 153
296, 155
295, 156
294, 155
294, 133
295, 132
295, 129
296, 128
445, 121
446, 120
447, 121
447, 123
448, 124
448, 135
447, 136
447, 140
446, 141
446, 143
445, 144
445, 145
444, 146
444, 147
438, 153
436, 153
435, 152
435, 151
436, 150
436, 148
437, 147
437, 145
438, 144
438, 142
439, 141
439, 139
440, 138
440, 136
441, 135
441, 133
442, 132
442, 130
443, 129
443, 127
444, 126
444, 123
445, 122
440, 107
441, 106
443, 108
443, 109
444, 110
444, 113
443, 114
443, 116
442, 117
442, 119
441, 120
441, 122
440, 123
440, 126
439, 127
439, 129
438, 130
438, 132
437, 133
437, 135
436, 136
436, 138
435, 139
435, 141
434, 142
434, 144
433, 145
433, 147
431, 149
430, 148
430, 147
429, 146
429, 144
428, 143
428, 137
427, 136
427, 133
428, 132
428, 121
429, 120
429, 119
431, 117
431, 116
433, 114
433, 113
439, 107
456, 101
457, 100
463, 102
464, 102
465, 103
466, 103
470, 107
469, 112
469, 115
468, 116
468, 118
467, 119
467, 121
466, 122
466, 123
464, 125
464, 126
459, 131
459, 132
451, 138
451, 134
452, 133
452, 126
451, 125
451, 119
450, 118
450, 115
449, 114
450, 107
450, 105
451, 104
451, 103
452, 102
453, 102
454, 101
396, 71
397, 70
404, 70
405, 71
406, 71
407, 72
408, 72
409, 73
410, 73
421, 84
421, 85
428, 92
428, 93
434, 99
435, 99
438, 102
438, 103
436, 105
435, 105
431, 109
431, 110
428, 113
428, 114
427, 115
426, 115
425, 114
425, 112
424, 111
424, 105
423, 104
423, 103
422, 103
420, 101
418, 101
417, 102
417, 105
418, 106
418, 107
419, 108
419, 110
420, 111
420, 117
421, 118
421, 126
420, 127
420, 128
419, 129
419, 130
418, 131
418, 132
417, 133
417, 134
416, 135
416, 136
415, 137
415, 139
414, 140
414, 142
413, 143
413, 144
412, 145
412, 147
411, 148
411, 150
410, 151
410, 153
409, 154
409, 156
408, 157
408, 159
407, 160
407, 162
406, 163
405, 163
404, 162
403, 162
398, 157
398, 156
396, 154
396, 152
395, 151
395, 145
396, 144
396, 140
397, 139
397, 122
396, 121
396, 108
395, 107
395, 105
393, 103
390, 103
390, 104
389, 105
389, 114
388, 115
388, 139
389, 140
389, 145
390, 146
390, 150
389, 151
389, 153
388, 154
388, 155
387, 156
387, 158
386, 159
386, 160
385, 161
385, 162
384, 163
384, 164
383, 165
383, 166
381, 168
381, 169
378, 172
377, 172
376, 173
373, 173
372, 172
372, 171
371, 170
371, 169
370, 168
370, 165
369, 164
369, 159
368, 158
368, 150
367, 149
367, 136
366, 135
366, 127
367, 126
367, 119
366, 118
366, 114
365, 113
364, 113
362, 115
362, 131
361, 132
361, 135
360, 136
360, 139
359, 140
359, 143
358, 144
358, 147
357, 148
357, 150
356, 151
356, 153
355, 154
355, 155
354, 156
354, 158
352, 160
352, 161
351, 162
351, 164
350, 165
350, 166
349, 167
348, 166
348, 152
349, 151
349, 144
350, 143
350, 138
351, 137
351, 133
352, 132
352, 130
353, 129
353, 126
354, 125
354, 124
355, 123
355, 121
356, 120
356, 118
357, 117
357, 116
358, 115
358, 114
359, 113
359, 112
360, 111
360, 110
362, 108
362, 107
363, 106
363, 105
366, 102
366, 101
368, 99
368, 98
371, 95
371, 94
375, 90
375, 89
390, 74
391, 74
393, 72
394, 72
395, 71
464, 66
465, 65
466, 65
467, 66
467, 69
468, 70
468, 75
469, 76
469, 81
470, 82
470, 86
471, 87
471, 91
472, 92
472, 100
471, 101
470, 101
469, 100
468, 100
467, 99
466, 99
465, 98
464, 98
462, 96
457, 96
456, 97
455, 97
454, 96
454, 93
455, 92
455, 89
456, 88
456, 86
457, 85
457, 83
458, 82
458, 80
459, 79
459, 77
460, 76
460, 75
461, 74
461, 72
462, 71
462, 70
463, 69
463, 68
464, 67
156, 16
158, 16
160, 18
161, 18
164, 21
164, 22
166, 24
166, 25
167, 26
167, 27
168, 28
168, 30
169, 31
169, 33
170, 34
170, 37
171, 38
171, 40
172, 41
172, 44
173, 45
173, 48
174, 49
174, 53
175, 54
175, 59
176, 60
176, 73
175, 74
175, 80
174, 81
174, 84
173, 85
173, 89
172, 90
172, 93
171, 94
171, 98
170, 99
170, 104
169, 105
169, 109
168, 110
168, 114
167, 115
167, 119
166, 120
166, 125
165, 126
165, 129
164, 130
164, 134
163, 135
163, 138
162, 139
162, 141
161, 142
161, 145
160, 146
160, 147
159, 148
159, 150
155, 154
154, 154
149, 159
149, 160
147, 162
147, 163
145, 165
144, 164
144, 157
143, 156
143, 141
142, 140
142, 134
141, 133
141, 128
140, 127
140, 122
139, 121
139, 87
140, 86
140, 73
141, 72
141, 63
142, 62
142, 57
143, 56
143, 52
144, 51
144, 47
145, 46
145, 43
146, 42
146, 40
147, 39
147, 36
148, 35
148, 33
149, 32
149, 30
150, 29
150, 27
151, 26
151, 24
152, 23
152, 22
153, 21
153, 20
154, 19
154, 18
