4, 2
428, 4
426, 369
2, 367
24, 97
22, 99
22, 100
21, 101
21, 103
20, 104
20, 108
19, 109
19, 113
18, 114
18, 132
19, 133
19, 139
20, 140
20, 144
21, 145
21, 149
22, 150
22, 154
23, 155
23, 158
24, 159
24, 162
25, 163
25, 166
26, 167
26, 170
27, 171
27, 174
28, 175
28, 177
29, 178
29, 180
30, 181
30, 183
31, 184
31, 187
32, 188
32, 190
33, 191
33, 193
34, 194
34, 196
35, 197
35, 200
36, 201
36, 203
37, 204
37, 206
38, 207
38, 209
39, 210
39, 213
40, 214
40, 216
41, 217
41, 220
42, 221
42, 224
43, 225
43, 227
44, 228
44, 231
45, 232
45, 235
46, 236
46, 240
47, 241
47, 245
48, 246
48, 249
49, 250
49, 254
50, 255
50, 258
51, 259
51, 262
52, 263
52, 267
53, 268
53, 271
54, 272
54, 276
55, 277
55, 278
54, 279
54, 280
53, 281
53, 282
54, 283
54, 284
55, 285
55, 287
57, 289
59, 289
60, 288
61, 288
62, 289
62, 294
63, 295
63, 302
64, 303
64, 309
65, 310
65, 315
66, 316
66, 321
67, 322
67, 327
68, 328
68, 332
69, 333
69, 338
70, 339
70, 342
71, 343
71, 347
72, 348
72, 350
73, 351
73, 352
74, 353
74, 354
77, 354
77, 348
76, 347
76, 345
75, 344
75, 343
74, 342
74, 341
73, 340
73, 338
74, 337
76, 337
77, 336
77, 328
78, 327
78, 303
79, 302
79, 252
80, 251
80, 205
79, 204
79, 101
78, 100
76, 100
74, 102
74, 104
76, 106
76, 110
77, 111
77, 268
76, 269
76, 313
75, 314
75, 318
74, 319
73, 318
72, 318
71, 319
70, 319
69, 318
69, 313
68, 312
68, 306
67, 305
67, 299
66, 298
66, 292
65, 291
65, 284
64, 283
64, 277
63, 276
63, 271
62, 270
62, 266
61, 265
61, 260
60, 259
60, 255
59, 254
59, 250
58, 249
58, 245
57, 244
57, 240
56, 239
56, 235
55, 234
55, 230
54, 229
54, 225
53, 224
53, 221
52, 220
52, 216
51, 215
51, 211
50, 210
50, 206
49, 205
49, 202
48, 201
48, 197
47, 196
47, 194
48, 193
55, 200
56, 200
57, 201
58, 201
60, 203
63, 203
63, 200
62, 200
60, 198
59, 198
58, 197
57, 197
56, 196
56, 195
55, 194
54, 194
50, 190
50, 189
47, 186
47, 185
45, 183
45, 182
44, 181
44, 180
45, 179
45, 177
43, 175
43, 174
42, 173
42, 169
41, 168
41, 164
40, 163
40, 160
39, 159
39, 155
38, 154
38, 151
37, 150
37, 146
36, 145
36, 141
35, 140
35, 137
34, 136
34, 132
33, 131
33, 128
32, 127
32, 123
31, 122
31, 118
30, 117
30, 113
29, 112
29, 109
28, 108
28, 104
27, 103
27, 100
26, 99
26, 98
25, 97
60, 276
58, 277
23, 109
24, 108
25, 109
25, 110
26, 111
26, 115
27, 116
27, 120
28, 121
28, 125
29, 126
29, 129
30, 130
30, 134
31, 135
31, 138
32, 139
32, 143
33, 144
33, 148
34, 149
34, 153
35, 154
35, 157
36, 158
36, 161
37, 162
37, 166
38, 167
38, 171
39, 172
39, 180
40, 181
40, 182
41, 183
41, 185
42, 186
42, 189
43, 190
43, 194
44, 195
44, 199
45, 200
45, 203
46, 204
46, 208
47, 209
47, 213
48, 214
48, 218
49, 219
49, 222
50, 223
50, 227
51, 228
51, 232
52, 233
52, 237
53, 238
53, 242
54, 243
54, 247
55, 248
55, 252
56, 253
56, 257
57, 258
57, 262
58, 263
58, 268
59, 269
59, 273
58, 274
57, 273
57, 270
56, 269
56, 265
55, 264
55, 260
54, 259
54, 256
53, 255
53, 252
52, 251
52, 247
51, 246
51, 243
50, 242
50, 238
49, 237
49, 234
48, 233
48, 230
47, 229
47, 226
46, 225
46, 222
45, 221
45, 218
44, 217
44, 215
43, 214
43, 211
42, 210
42, 208
41, 207
41, 205
40, 204
40, 202
39, 201
39, 198
38, 197
38, 195
37, 194
37, 192
36, 191
36, 189
35, 188
35, 186
34, 185
34, 182
33, 181
33, 179
32, 178
32, 176
31, 175
31, 172
30, 171
30, 168
29, 167
29, 164
28, 163
28, 160
27, 159
27, 156
26, 155
26, 152
25, 151
25, 147
24, 146
24, 142
23, 141
23, 136
22, 135
22, 127
21, 126
21, 118
22, 117
22, 111
23, 110
208, 15
207, 16
205, 16
201, 20
201, 22
200, 23
200, 25
199, 26
199, 29
198, 30
198, 39
197, 40
197, 59
198, 60
198, 69
199, 70
199, 75
200, 76
200, 80
201, 81
201, 84
202, 85
202, 87
203, 88
203, 89
204, 90
204, 92
205, 93
205, 94
206, 95
206, 96
207, 97
207, 98
208, 99
208, 100
209, 101
209, 102
211, 104
211, 105
214, 108
214, 109
218, 113
218, 114
224, 120
224, 121
231, 128
231, 129
235, 133
235, 136
236, 137
236, 140
235, 141
234, 140
234, 139
233, 138
233, 137
231, 135
231, 134
225, 128
223, 128
222, 127
218, 127
217, 128
216, 128
214, 130
214, 131
213, 132
213, 133
212, 134
212, 135
211, 136
211, 140
210, 141
209, 141
208, 140
208, 138
207, 137
207, 136
206, 135
206, 134
205, 133
205, 132
204, 131
204, 130
203, 129
203, 128
202, 127
202, 126
195, 119
194, 119
193, 118
187, 118
184, 121
184, 122
183, 123
183, 126
182, 127
182, 136
181, 137
181, 144
182, 145
182, 156
183, 157
183, 163
184, 164
184, 168
183, 169
182, 168
182, 167
181, 166
181, 165
180, 164
180, 163
179, 162
179, 161
178, 160
178, 159
177, 158
177, 157
175, 155
175, 154
174, 153
174, 152
173, 151
173, 150
171, 148
171, 147
170, 146
170, 145
168, 143
168, 142
166, 140
166, 139
164, 137
164, 136
161, 133
161, 132
160, 131
160, 130
158, 128
158, 127
156, 125
156, 124
154, 122
154, 121
152, 119
152, 118
149, 115
149, 114
146, 111
146, 110
142, 106
141, 106
139, 104
138, 104
137, 103
135, 103
134, 102
132, 102
131, 101
128, 101
127, 102
126, 102
122, 106
122, 107
121, 108
121, 110
120, 111
120, 114
119, 115
119, 119
118, 120
118, 127
117, 128
117, 161
118, 162
118, 172
117, 173
113, 173
110, 176
110, 181
113, 181
113, 179
115, 177
117, 177
119, 179
119, 188
120, 189
120, 198
121, 199
121, 207
122, 208
122, 216
123, 217
123, 223
124, 224
124, 230
125, 231
125, 237
126, 238
126, 243
127, 244
127, 250
128, 251
128, 256
129, 257
129, 261
130, 262
130, 267
131, 268
131, 273
132, 274
132, 278
133, 279
133, 283
134, 284
134, 287
135, 288
135, 292
136, 293
136, 296
137, 297
137, 301
138, 302
138, 305
139, 306
139, 309
140, 310
140, 313
141, 314
141, 316
142, 317
142, 319
143, 320
143, 321
144, 322
144, 323
145, 324
145, 326
146, 327
146, 328
148, 330
148, 331
152, 335
153, 335
154, 336
156, 336
159, 333
159, 331
160, 330
160, 319
161, 318
161, 299
160, 298
160, 275
159, 274
159, 265
158, 264
158, 260
157, 259
157, 255
156, 254
156, 250
155, 249
155, 246
154, 245
154, 243
153, 242
153, 239
152, 238
152, 235
151, 234
151, 232
150, 231
150, 229
149, 228
149, 226
148, 225
148, 223
147, 222
147, 221
146, 220
146, 218
145, 217
145, 216
144, 215
144, 213
143, 212
143, 211
142, 210
142, 209
141, 208
141, 207
140, 206
140, 205
139, 204
139, 203
138, 202
138, 200
137, 199
137, 198
135, 196
135, 195
134, 194
134, 193
133, 192
133, 191
132, 190
132, 189
131, 188
131, 187
129, 185
129, 184
127, 182
127, 181
122, 176
122, 172
121, 171
121, 151
120, 150
120, 133
121, 132
121, 124
122, 123
122, 117
123, 116
123, 113
124, 112
124, 110
125, 109
125, 108
128, 105
129, 105
130, 106
130, 108
129, 109
129, 128
130, 129
130, 136
131, 137
131, 143
132, 144
132, 149
133, 150
133, 154
134, 155
134, 159
135, 160
135, 163
136, 164
136, 168
137, 169
137, 171
138, 172
138, 175
139, 176
139, 179
140, 180
140, 182
141, 183
141, 185
142, 186
142, 188
143, 189
143, 190
144, 191
144, 193
145, 194
145, 195
146, 196
146, 197
147, 198
147, 199
150, 202
150, 203
152, 205
153, 205
155, 207
159, 207
161, 205
161, 204
162, 203
162, 200
163, 199
163, 193
164, 192
164, 164
163, 163
163, 156
162, 155
162, 151
161, 150
161, 147
160, 146
160, 143
159, 142
159, 140
158, 139
161, 138
161, 139
163, 141
163, 142
165, 144
165, 145
167, 147
167, 148
169, 150
169, 151
170, 152
170, 153
171, 154
171, 155
172, 156
172, 157
174, 159
174, 160
175, 161
175, 162
177, 164
177, 165
178, 166
178, 168
179, 169
179, 170
180, 171
180, 172
181, 173
181, 174
182, 175
182, 176
183, 177
183, 179
184, 180
184, 182
185, 183
185, 184
186, 185
186, 187
187, 188
187, 190
188, 191
188, 193
189, 194
189, 196
190, 197
190, 199
191, 200
191, 202
192, 202
193, 203
194, 202
194, 197
193, 196
193, 194
192, 193
192, 188
191, 187
191, 184
190, 183
190, 179
189, 178
189, 173
188, 172
188, 168
187, 167
187, 161
186, 160
186, 153
185, 152
185, 129
186, 128
186, 125
187, 124
187, 123
189, 121
191, 121
192, 122
193, 122
199, 128
199, 129
201, 131
201, 132
202, 133
202, 135
203, 136
203, 137
204, 138
204, 139
205, 140
205, 142
206, 143
206, 144
207, 145
207, 147
208, 148
208, 150
209, 151
209, 154
210, 155
210, 165
211, 166
211, 172
212, 173
212, 178
213, 179
213, 182
214, 183
214, 186
215, 187
215, 189
217, 191
218, 191
220, 189
220, 187
219, 186
219, 180
218, 179
218, 173
217, 172
217, 168
216, 167
216, 164
215, 163
215, 160
214, 159
214, 156
213, 155
213, 146
214, 145
214, 138
215, 137
215, 136
216, 135
216, 134
217, 133
217, 132
218, 131
223, 131
229, 137
229, 138
230, 139
230, 140
231, 141
231, 142
232, 143
232, 144
233, 145
233, 147
234, 148
234, 149
235, 150
235, 152
236, 153
236, 156
237, 157
237, 159
238, 160
238, 166
239, 167
239, 176
240, 177
240, 185
241, 186
241, 189
242, 190
244, 190
245, 189
245, 177
244, 176
244, 171
243, 170
243, 167
242, 166
242, 162
241, 161
241, 154
240, 153
240, 143
239, 142
239, 141
240, 140
247, 147
247, 148
261, 162
261, 163
264, 166
264, 168
265, 169
265, 172
266, 173
266, 176
267, 177
267, 180
268, 181
268, 184
269, 185
269, 188
270, 189
270, 191
271, 192
271, 195
272, 196
272, 197
273, 198
273, 200
274, 201
274, 203
275, 204
275, 205
276, 206
276, 207
277, 208
277, 209
278, 210
278, 211
279, 212
279, 213
282, 216
282, 217
288, 223
289, 223
295, 229
296, 229
299, 232
300, 232
303, 235
304, 235
305, 236
306, 236
308, 238
310, 238
311, 239
313, 239
314, 240
325, 240
326, 239
327, 239
328, 238
329, 238
332, 235
333, 235
340, 228
340, 227
341, 226
344, 226
345, 227
346, 227
347, 228
353, 228
354, 227
355, 227
357, 225
357, 224
359, 222
359, 220
360, 219
360, 218
361, 217
361, 215
362, 214
362, 210
363, 209
363, 205
364, 204
364, 186
363, 185
363, 181
362, 180
362, 177
361, 176
361, 174
360, 173
360, 171
359, 170
359, 169
358, 168
358, 166
357, 165
357, 164
356, 163
356, 162
355, 161
355, 160
354, 159
354, 158
353, 157
353, 156
351, 154
351, 153
350, 152
350, 151
349, 150
349, 149
347, 147
347, 146
345, 144
345, 143
343, 141
343, 140
342, 139
342, 138
340, 136
340, 135
338, 133
338, 132
337, 131
337, 130
335, 128
335, 127
334, 126
334, 125
332, 123
332, 122
329, 119
329, 118
327, 116
327, 115
325, 113
325, 112
322, 109
322, 108
318, 104
318, 103
314, 99
314, 98
308, 92
308, 91
301, 84
301, 83
300, 82
300, 70
301, 69
301, 62
302, 61
302, 58
303, 57
303, 55
304, 54
304, 53
305, 52
305, 51
308, 48
309, 48
310, 47
316, 47
317, 48
318, 48
319, 49
320, 49
321, 50
322, 50
324, 52
325, 52
329, 56
330, 56
363, 89
363, 90
370, 97
371, 97
379, 105
379, 106
386, 113
387, 113
392, 118
393, 118
394, 119
394, 120
398, 124
398, 125
401, 128
401, 129
405, 133
405, 134
408, 137
411, 137
411, 135
409, 133
409, 132
404, 127
404, 126
401, 123
401, 122
397, 118
397, 117
395, 115
394, 115
389, 110
388, 110
384, 106
384, 105
332, 53
331, 53
328, 50
327, 50
325, 48
324, 48
322, 46
321, 46
320, 45
318, 45
317, 44
315, 44
314, 43
311, 43
310, 44
308, 44
307, 45
306, 45
302, 49
302, 50
301, 51
301, 52
300, 53
300, 55
299, 56
299, 59
298, 60
298, 65
297, 66
297, 78
296, 79
285, 68
284, 68
279, 63
278, 63
276, 61
275, 61
273, 59
272, 59
271, 58
270, 58
269, 57
267, 57
266, 56
257, 56
256, 57
255, 57
254, 58
253, 58
250, 61
250, 62
249, 63
249, 64
248, 65
248, 66
247, 67
247, 69
246, 70
246, 76
245, 77
245, 84
246, 85
246, 93
247, 94
247, 99
248, 100
248, 104
249, 105
249, 109
250, 110
250, 113
251, 114
251, 117
252, 118
252, 120
253, 121
253, 124
254, 125
254, 128
255, 129
255, 132
256, 133
256, 136
257, 137
257, 140
258, 141
258, 143
259, 144
259, 147
260, 148
260, 151
261, 152
261, 155
260, 156
256, 152
256, 151
244, 139
244, 138
239, 133
239, 132
238, 131
238, 123
237, 122
237, 113
236, 112
236, 102
235, 101
235, 93
234, 92
234, 85
233, 84
233, 78
232, 77
232, 72
231, 71
231, 67
230, 66
230, 63
229, 62
229, 58
228, 57
228, 54
227, 53
227, 50
226, 49
226, 46
225, 45
225, 43
224, 42
224, 40
223, 39
223, 37
222, 36
222, 34
221, 33
221, 31
220, 30
220, 29
219, 28
219, 27
218, 26
218, 25
217, 24
217, 23
215, 21
215, 20
211, 16
209, 16
123, 185
124, 184
126, 186
126, 187
128, 189
128, 190
129, 191
129, 192
130, 193
130, 194
132, 196
132, 197
133, 198
133, 199
134, 200
134, 201
135, 202
135, 203
136, 204
136, 206
137, 207
137, 208
138, 209
138, 210
139, 211
139, 212
140, 213
140, 214
141, 215
141, 217
142, 218
142, 219
143, 220
143, 221
144, 222
144, 224
145, 225
145, 227
146, 228
146, 230
147, 231
147, 233
148, 234
148, 236
149, 237
149, 240
150, 241
150, 244
151, 245
151, 247
152, 248
152, 251
153, 252
153, 256
154, 257
154, 261
155, 262
155, 268
156, 269
156, 278
157, 279
157, 327
156, 328
156, 331
155, 332
154, 332
150, 328
150, 327
149, 326
149, 325
148, 324
148, 323
147, 322
147, 320
146, 319
146, 318
145, 317
145, 315
144, 314
144, 312
143, 311
143, 308
142, 307
142, 304
141, 303
141, 300
140, 299
140, 295
139, 294
139, 290
138, 289
138, 286
137, 285
137, 281
136, 280
136, 276
135, 275
135, 271
134, 270
134, 265
133, 264
133, 260
132, 259
132, 254
131, 253
131, 248
130, 247
130, 242
129, 241
129, 236
128, 235
128, 228
127, 227
127, 221
126, 220
126, 213
125, 212
125, 205
124, 204
124, 195
123, 194
275, 182
273, 183
346, 155
347, 154
349, 156
349, 157
350, 158
350, 159
351, 160
351, 161
352, 162
352, 163
353, 164
353, 165
354, 166
354, 167
355, 168
355, 169
356, 170
356, 172
357, 173
357, 175
358, 176
358, 178
359, 179
359, 182
360, 183
360, 188
361, 189
361, 201
360, 202
360, 207
359, 208
359, 211
358, 212
358, 215
357, 216
357, 218
356, 219
356, 220
354, 222
354, 223
353, 224
352, 224
351, 225
349, 225
348, 224
346, 224
344, 222
344, 221
345, 220
345, 218
346, 217
346, 215
347, 214
347, 212
348, 211
348, 200
349, 199
349, 183
348, 182
348, 177
347, 176
347, 170
346, 169
305, 124
306, 123
307, 123
308, 124
308, 125
309, 126
309, 127
310, 128
310, 129
311, 130
311, 131
312, 132
312, 133
313, 134
313, 135
314, 136
314, 138
315, 139
315, 140
316, 141
316, 142
317, 143
317, 145
318, 146
318, 148
319, 149
319, 152
320, 153
320, 156
321, 157
321, 160
322, 161
322, 164
323, 165
323, 168
324, 169
326, 169
327, 168
327, 166
326, 165
326, 162
325, 161
325, 158
324, 157
324, 152
323, 151
323, 132
324, 131
324, 127
325, 126
325, 125
326, 124
327, 125
328, 125
329, 126
329, 127
332, 130
332, 131
333, 132
333, 133
335, 135
335, 136
336, 137
336, 138
337, 139
337, 140
339, 142
339, 143
340, 144
340, 145
341, 146
341, 148
342, 149
342, 153
343, 154
343, 157
342, 158
342, 162
343, 163
343, 172
344, 173
344, 178
345, 179
345, 208
344, 209
344, 212
343, 213
343, 215
342, 216
342, 218
341, 219
340, 219
338, 217
338, 216
335, 213
335, 212
333, 210
333, 209
331, 207
331, 206
330, 205
330, 204
329, 203
329, 202
327, 200
327, 199
326, 198
326, 197
325, 196
325, 195
324, 194
324, 193
323, 192
323, 190
322, 189
322, 188
321, 187
321, 186
320, 185
320, 183
319, 182
319, 180
318, 179
318, 177
317, 176
317, 173
316, 172
316, 170
315, 169
315, 166
314, 165
314, 162
313, 161
313, 158
312, 157
312, 154
311, 153
311, 150
310, 149
310, 146
309, 145
309, 141
308, 140
308, 136
307, 135
307, 131
306, 130
306, 125
268, 110
270, 110
276, 116
276, 117
278, 119
278, 120
279, 121
279, 122
280, 123
280, 124
281, 125
281, 126
282, 127
282, 128
283, 129
283, 130
284, 131
284, 133
285, 134
285, 135
286, 136
286, 138
287, 139
287, 141
288, 142
288, 144
289, 145
289, 148
290, 149
290, 151
291, 152
291, 154
292, 155
292, 157
293, 158
293, 159
294, 160
294, 162
295, 163
295, 165
296, 166
296, 168
297, 169
297, 171
298, 172
298, 173
299, 174
299, 176
300, 177
300, 179
301, 180
301, 181
302, 182
304, 182
304, 181
305, 180
304, 179
304, 175
303, 174
303, 171
302, 170
302, 167
301, 166
301, 162
300, 161
300, 158
299, 157
299, 154
298, 153
298, 150
297, 149
297, 143
296, 142
296, 133
295, 132
295, 128
296, 127
296, 121
297, 120
297, 119
299, 117
300, 117
301, 118
301, 121
302, 122
302, 127
303, 128
303, 132
304, 133
304, 138
305, 139
305, 142
306, 143
306, 147
307, 148
307, 151
308, 152
308, 155
309, 156
309, 159
310, 160
310, 163
311, 164
311, 167
312, 168
312, 171
313, 172
313, 174
314, 175
314, 178
315, 179
315, 181
316, 182
316, 184
317, 185
317, 186
318, 187
318, 189
319, 190
319, 191
320, 192
320, 194
321, 195
321, 196
322, 197
322, 198
323, 199
323, 200
325, 202
325, 203
326, 204
326, 205
327, 206
327, 207
328, 208
328, 209
330, 211
330, 212
332, 214
332, 215
334, 217
334, 218
338, 222
338, 224
337, 225
337, 226
331, 232
330, 232
327, 235
326, 235
325, 236
324, 236
323, 237
316, 237
315, 236
313, 236
312, 235
310, 235
309, 234
308, 234
306, 232
305, 232
302, 229
301, 229
298, 226
297, 226
291, 220
290, 220
285, 215
285, 214
282, 211
282, 210
281, 209
281, 208
280, 207
280, 206
279, 205
279, 204
278, 203
278, 202
277, 201
277, 199
276, 198
276, 197
275, 196
275, 193
276, 192
278, 192
279, 191
279, 190
280, 189
280, 185
279, 184
279, 182
278, 181
278, 179
277, 178
277, 177
275, 175
275, 174
274, 173
274, 172
271, 169
271, 168
269, 166
269, 165
268, 164
268, 160
267, 159
267, 153
266, 152
266, 146
265, 145
265, 137
264, 136
264, 120
265, 119
265, 115
266, 114
266, 112
133, 108
134, 107
135, 107
142, 114
142, 115
144, 117
144, 118
146, 120
146, 121
147, 122
147, 123
148, 124
148, 125
149, 126
149, 127
150, 128
150, 129
151, 130
151, 131
152, 132
152, 133
153, 134
153, 135
154, 136
154, 138
155, 139
155, 141
156, 142
156, 144
157, 145
157, 148
158, 149
158, 152
159, 153
159, 158
160, 159
160, 167
161, 168
161, 187
160, 188
160, 196
159, 197
159, 201
157, 203
156, 203
150, 197
150, 196
149, 195
149, 194
148, 193
148, 192
147, 191
147, 189
146, 188
146, 187
145, 186
145, 184
144, 183
144, 181
143, 180
143, 178
142, 177
142, 174
141, 173
141, 170
140, 169
140, 167
139, 166
139, 162
138, 161
138, 158
137, 157
137, 153
136, 152
136, 147
135, 146
135, 141
134, 140
134, 134
133, 133
133, 120
132, 119
132, 112
133, 111
301, 92
302, 91
311, 100
311, 101
315, 105
315, 106
319, 110
319, 111
322, 114
322, 115
325, 118
325, 120
324, 121
323, 121
323, 122
322, 123
322, 124
321, 125
321, 129
320, 130
320, 137
319, 138
317, 136
317, 134
316, 133
316, 132
315, 131
315, 130
314, 129
314, 128
313, 127
313, 126
312, 125
312, 124
311, 123
311, 122
309, 120
309, 119
304, 114
304, 112
303, 111
303, 105
302, 104
302, 96
301, 95
257, 60
258, 59
264, 59
265, 60
267, 60
268, 61
269, 61
270, 62
271, 62
273, 64
274, 64
276, 66
277, 66
284, 73
285, 73
296, 84
296, 85
297, 86
297, 89
298, 90
298, 99
299, 100
299, 107
300, 108
300, 112
299, 113
298, 113
297, 114
296, 114
295, 115
295, 116
294, 117
294, 118
293, 119
293, 123
292, 124
292, 137
293, 138
293, 142
292, 143
291, 142
291, 140
290, 139
290, 137
289, 136
289, 135
288, 134
288, 132
287, 131
287, 129
286, 128
286, 127
285, 126
285, 125
284, 124
284, 123
283, 122
283, 121
282, 120
282, 119
281, 118
281, 117
279, 115
279, 114
276, 111
276, 110
274, 108
273, 108
271, 106
267, 106
266, 107
265, 107
265, 108
263, 110
263, 112
262, 113
262, 116
261, 117
261, 132
260, 133
259, 132
259, 131
258, 130
258, 127
257, 126
257, 123
256, 122
256, 119
255, 118
255, 116
254, 115
254, 112
253, 111
253, 108
252, 107
252, 103
251, 102
251, 97
250, 96
250, 91
249, 90
249, 73
250, 72
250, 69
251, 68
251, 66
253, 64
253, 63
256, 60
207, 19
209, 19
212, 22
212, 23
214, 25
214, 26
215, 27
215, 28
216, 29
216, 30
217, 31
217, 32
218, 33
218, 35
219, 36
219, 38
220, 39
220, 41
221, 42
221, 44
222, 45
222, 47
223, 48
223, 51
224, 52
224, 55
225, 56
225, 60
226, 61
226, 64
227, 65
227, 69
228, 70
228, 74
229, 75
229, 80
230, 81
230, 87
231, 88
231, 95
232, 96
232, 105
233, 106
233, 116
234, 117
234, 124
233, 125
227, 119
227, 118
221, 112
221, 111
217, 107
217, 106
214, 103
214, 102
212, 100
212, 99
210, 97
210, 96
209, 95
209, 94
208, 93
208, 91
207, 90
207, 89
206, 88
206, 86
205, 85
205, 83
204, 82
204, 78
203, 77
203, 73
202, 72
202, 67
201, 66
201, 33
202, 32
202, 28
203, 27
203, 24
204, 23
204, 22
