3, 365
3, 363
5, 361
77, 361
79, 363
79, 365
81, 365
81, 363
83, 361
155, 361
157, 363
157, 365
159, 365
159, 363
161, 361
233, 361
235, 363
235, 365
237, 365
237, 363
239, 361
311, 361
313, 363
313, 365
315, 365
315, 363
317, 361
389, 361
391, 363
391, 365
393, 365
393, 363
395, 361
468, 361
470, 363
470, 365
472, 365
472, 363
474, 361
4, 2
496, 4
494, 359
2, 357
40, 31
39, 32
39, 38
38, 39
38, 49
37, 50
37, 56
36, 57
36, 64
35, 65
35, 73
34, 74
34, 81
33, 82
33, 90
32, 91
32, 100
31, 101
31, 111
30, 112
30, 121
29, 122
29, 135
28, 136
28, 146
27, 147
27, 158
26, 159
26, 170
25, 171
25, 173
24, 174
24, 177
23, 178
23, 180
24, 181
24, 192
23, 193
23, 204
22, 205
22, 218
21, 219
21, 237
23, 239
24, 238
25, 238
25, 220
26, 219
26, 206
27, 205
27, 194
28, 193
28, 183
29, 182
29, 177
30, 176
30, 174
38, 166
39, 166
40, 165
41, 165
42, 164
43, 164
44, 163
45, 163
46, 162
47, 162
48, 161
52, 161
53, 160
57, 160
58, 159
61, 159
62, 158
64, 158
65, 159
65, 164
66, 165
66, 170
67, 171
67, 177
68, 178
68, 183
69, 184
69, 188
70, 189
70, 194
71, 195
71, 199
72, 200
72, 204
73, 205
73, 208
74, 209
74, 212
75, 213
75, 216
76, 217
76, 219
77, 220
77, 222
78, 223
78, 224
79, 225
79, 226
80, 227
80, 228
81, 229
81, 230
82, 231
82, 232
86, 236
87, 236
89, 234
89, 231
88, 230
88, 225
86, 223
85, 223
84, 224
83, 224
82, 223
82, 222
81, 221
81, 219
80, 218
80, 216
79, 215
79, 212
78, 211
78, 209
77, 208
77, 205
76, 204
76, 200
75, 199
75, 194
74, 193
74, 189
73, 188
73, 183
72, 182
72, 177
71, 176
71, 171
70, 170
70, 164
69, 163
69, 158
70, 157
76, 157
77, 156
77, 153
75, 151
69, 151
67, 149
67, 145
66, 144
66, 140
65, 139
65, 135
64, 134
64, 130
63, 129
63, 126
62, 125
62, 122
61, 121
61, 118
60, 117
60, 114
59, 113
59, 110
58, 109
58, 106
57, 105
57, 102
56, 101
56, 98
55, 97
55, 94
54, 93
54, 91
53, 90
53, 87
52, 86
52, 84
51, 83
51, 80
50, 79
50, 76
49, 75
49, 72
48, 71
48, 69
47, 68
47, 65
46, 64
46, 60
45, 59
45, 55
44, 54
44, 48
43, 47
43, 32
42, 31
40, 62
41, 61
42, 62
42, 65
43, 66
43, 69
44, 70
44, 72
45, 73
45, 76
46, 77
46, 80
47, 81
47, 83
48, 84
48, 87
49, 88
49, 91
50, 92
50, 94
51, 95
51, 98
52, 99
52, 102
53, 103
53, 106
54, 107
54, 109
55, 110
55, 113
56, 114
56, 117
57, 118
57, 122
58, 123
58, 126
59, 127
59, 130
60, 131
60, 135
61, 136
61, 140
62, 141
62, 145
63, 146
63, 151
62, 152
61, 152
60, 153
59, 153
58, 154
54, 154
53, 155
49, 155
48, 156
45, 156
44, 157
43, 157
42, 158
41, 158
40, 159
39, 159
38, 160
37, 160
36, 161
35, 161
32, 164
31, 164
30, 163
30, 160
31, 159
31, 148
32, 147
32, 137
33, 136
33, 123
34, 122
34, 112
35, 111
35, 102
36, 101
36, 92
37, 91
37, 83
38, 82
38, 75
39, 74
39, 66
40, 65
132, 15
131, 16
130, 16
129, 17
127, 17
123, 21
122, 21
121, 22
121, 23
116, 28
116, 29
115, 30
115, 31
113, 33
113, 34
111, 36
111, 37
110, 38
110, 40
109, 41
109, 42
108, 43
108, 44
107, 45
107, 46
106, 47
106, 49
105, 50
105, 52
104, 53
104, 54
103, 55
103, 57
102, 58
102, 60
101, 61
101, 64
100, 65
100, 67
99, 68
99, 71
98, 72
98, 75
97, 76
97, 79
96, 80
96, 84
95, 85
95, 89
94, 90
94, 94
93, 95
93, 100
92, 101
92, 107
91, 108
91, 115
90, 116
90, 124
89, 125
89, 144
88, 145
88, 148
89, 149
89, 166
90, 167
90, 173
91, 174
91, 179
92, 180
92, 183
93, 184
93, 187
94, 188
94, 190
95, 191
95, 194
96, 195
96, 196
97, 197
97, 198
98, 199
98, 201
99, 202
99, 203
100, 204
100, 205
101, 206
101, 207
103, 209
103, 210
104, 211
104, 212
106, 214
106, 215
115, 224
115, 225
116, 226
116, 228
117, 229
117, 230
118, 231
118, 232
119, 233
119, 234
124, 239
126, 239
127, 240
129, 240
130, 241
135, 241
136, 240
139, 240
140, 239
141, 239
142, 238
143, 238
145, 236
146, 236
150, 232
151, 232
153, 230
155, 230
157, 228
158, 228
159, 227
160, 227
164, 223
164, 222
166, 220
166, 219
167, 218
167, 217
168, 216
168, 214
169, 213
169, 209
170, 208
170, 201
171, 200
171, 199
172, 198
172, 197
173, 196
173, 194
174, 193
174, 192
175, 191
175, 190
176, 189
176, 187
177, 186
177, 185
178, 184
178, 183
179, 182
179, 180
180, 179
180, 178
181, 177
181, 176
182, 175
182, 173
183, 172
183, 171
185, 169
186, 170
186, 177
187, 178
187, 182
188, 183
188, 185
189, 186
189, 188
190, 189
190, 190
191, 191
191, 192
193, 194
193, 195
196, 198
197, 198
198, 199
200, 199
201, 200
210, 200
211, 199
212, 199
213, 198
215, 198
217, 196
218, 196
220, 194
221, 194
223, 192
224, 192
227, 189
228, 189
235, 182
236, 182
240, 178
241, 179
241, 185
240, 186
240, 193
241, 194
241, 199
242, 200
242, 202
243, 203
243, 205
244, 206
244, 207
246, 209
246, 210
247, 210
248, 211
249, 211
250, 212
251, 212
252, 211
254, 211
255, 210
256, 210
259, 207
260, 207
260, 206
263, 203
263, 202
264, 201
264, 200
267, 197
268, 198
268, 199
267, 200
267, 209
266, 210
266, 217
265, 218
265, 220
264, 221
263, 221
261, 223
260, 223
258, 225
257, 225
255, 227
254, 227
252, 229
251, 229
248, 232
247, 232
245, 234
244, 234
242, 236
241, 236
238, 239
237, 239
232, 244
231, 244
224, 251
224, 252
222, 254
222, 255
219, 258
219, 259
218, 260
218, 261
217, 262
217, 263
215, 265
215, 267
214, 268
214, 270
213, 271
213, 272
212, 273
212, 277
211, 278
211, 288
210, 289
210, 291
211, 292
211, 303
212, 304
212, 310
213, 311
213, 315
214, 316
214, 319
215, 320
215, 323
216, 324
216, 326
217, 327
217, 329
218, 330
218, 332
219, 333
219, 334
220, 335
220, 336
221, 337
221, 338
223, 340
223, 341
226, 344
228, 344
229, 345
232, 345
237, 340
237, 339
238, 338
238, 337
239, 336
239, 335
240, 334
240, 332
241, 331
241, 330
242, 329
242, 327
243, 326
243, 325
244, 324
244, 322
245, 321
245, 319
246, 318
246, 316
247, 315
247, 313
248, 312
248, 310
249, 309
249, 307
250, 306
250, 303
251, 302
251, 300
252, 299
252, 296
253, 295
253, 293
254, 292
254, 289
255, 288
255, 285
256, 284
256, 281
257, 280
257, 277
258, 276
258, 274
259, 273
259, 270
260, 269
260, 266
261, 265
261, 261
262, 260
262, 257
263, 256
263, 252
264, 251
264, 247
265, 246
265, 242
266, 241
266, 236
267, 235
267, 230
268, 229
268, 224
273, 219
274, 219
276, 217
277, 217
279, 215
280, 215
283, 212
284, 212
285, 213
285, 214
286, 215
286, 216
287, 217
287, 218
288, 219
288, 220
289, 221
289, 222
290, 223
290, 224
292, 226
292, 227
295, 230
295, 231
297, 233
297, 234
311, 248
312, 248
316, 252
317, 252
318, 253
319, 253
321, 255
322, 255
323, 256
324, 256
325, 257
326, 257
327, 258
328, 258
329, 259
330, 259
331, 260
333, 260
334, 261
336, 261
337, 262
340, 262
341, 263
349, 263
350, 262
354, 262
355, 261
356, 261
357, 260
359, 260
360, 259
361, 259
363, 257
364, 257
367, 254
368, 254
377, 245
378, 246
378, 252
377, 253
377, 263
376, 264
376, 274
375, 275
375, 285
374, 286
374, 298
373, 299
373, 309
372, 310
372, 322
371, 323
371, 330
372, 331
374, 331
375, 330
375, 329
376, 328
376, 326
377, 325
377, 322
378, 321
378, 318
379, 317
379, 314
380, 313
380, 310
381, 309
381, 306
382, 305
382, 303
383, 302
383, 299
384, 298
384, 295
385, 294
385, 292
386, 291
386, 288
387, 287
387, 284
388, 283
388, 280
389, 279
389, 277
390, 276
390, 273
391, 272
391, 270
392, 269
392, 266
393, 265
393, 263
394, 262
394, 259
395, 258
395, 255
396, 254
396, 252
397, 251
397, 248
398, 247
398, 245
399, 244
399, 241
400, 240
400, 237
401, 236
401, 233
402, 232
402, 230
403, 229
403, 226
404, 225
404, 222
405, 221
405, 218
406, 217
406, 214
407, 213
407, 210
408, 209
408, 207
409, 206
409, 203
410, 202
410, 199
411, 198
411, 195
412, 194
412, 191
413, 190
413, 187
414, 186
414, 184
415, 183
415, 181
416, 180
416, 177
417, 176
417, 174
418, 173
418, 170
419, 169
419, 167
420, 166
420, 163
421, 162
421, 160
422, 159
422, 157
423, 156
423, 153
424, 152
424, 150
425, 149
425, 147
426, 146
426, 144
427, 143
427, 141
428, 140
428, 138
429, 137
429, 134
430, 133
430, 131
431, 130
431, 128
432, 127
432, 126
433, 125
433, 123
434, 122
434, 121
435, 120
435, 118
436, 117
436, 116
437, 115
437, 113
438, 112
438, 111
439, 110
439, 108
440, 107
440, 105
441, 104
441, 103
442, 102
442, 101
443, 100
443, 98
444, 97
444, 96
445, 95
445, 94
446, 93
446, 91
447, 90
447, 89
448, 88
448, 87
449, 86
449, 84
450, 83
450, 82
451, 81
451, 80
452, 79
452, 77
454, 75
454, 74
455, 73
455, 72
457, 70
457, 69
459, 67
459, 66
461, 64
461, 63
462, 62
462, 61
464, 59
464, 58
466, 56
466, 55
468, 53
468, 52
470, 50
470, 49
472, 47
472, 46
475, 43
475, 42
476, 41
476, 40
474, 38
473, 39
472, 39
472, 40
470, 42
470, 43
468, 45
468, 46
466, 48
466, 49
463, 52
463, 53
461, 55
461, 56
460, 57
460, 58
458, 60
458, 61
456, 63
456, 64
454, 66
454, 67
453, 68
453, 69
451, 71
451, 72
449, 74
449, 76
448, 77
448, 78
447, 79
447, 80
446, 81
446, 83
445, 84
445, 85
444, 86
444, 87
443, 88
443, 90
442, 91
442, 92
441, 93
441, 94
440, 95
440, 97
439, 98
439, 99
438, 100
438, 101
437, 102
437, 104
436, 105
436, 106
435, 107
435, 109
434, 110
434, 111
433, 112
433, 114
432, 115
432, 117
431, 118
431, 119
430, 120
430, 122
429, 123
429, 124
428, 125
428, 127
427, 128
427, 130
426, 131
426, 133
425, 134
425, 136
424, 137
424, 139
423, 140
423, 143
422, 144
422, 146
421, 147
421, 149
420, 150
420, 152
419, 153
419, 155
418, 156
418, 159
417, 160
417, 162
416, 163
416, 165
415, 166
415, 169
414, 170
414, 172
413, 173
413, 176
412, 177
412, 179
411, 180
411, 183
410, 184
410, 186
409, 187
409, 190
408, 191
408, 194
407, 195
407, 198
406, 199
406, 202
405, 203
405, 205
404, 206
404, 209
403, 210
403, 213
402, 214
402, 217
401, 218
401, 221
400, 222
400, 225
399, 226
399, 228
398, 229
398, 232
397, 233
397, 236
396, 237
396, 240
395, 241
395, 243
394, 244
394, 247
393, 248
393, 251
392, 252
392, 254
391, 255
391, 258
390, 259
390, 261
389, 262
389, 265
388, 266
388, 268
387, 269
387, 272
386, 273
386, 276
385, 277
385, 279
384, 280
384, 283
383, 284
383, 287
382, 288
382, 290
381, 291
381, 294
380, 295
380, 298
379, 299
379, 300
378, 301
377, 300
377, 297
378, 296
378, 285
379, 284
379, 274
380, 273
380, 263
381, 262
381, 252
382, 251
382, 241
383, 240
383, 237
384, 236
384, 235
385, 234
385, 233
386, 232
386, 231
387, 230
387, 229
388, 228
388, 227
389, 226
389, 225
391, 223
391, 222
393, 220
393, 219
394, 218
394, 217
395, 216
395, 214
396, 213
396, 212
397, 211
397, 208
398, 207
398, 203
399, 202
399, 199
400, 198
400, 195
401, 194
401, 191
402, 190
402, 187
403, 186
403, 183
404, 182
404, 178
405, 177
405, 173
406, 172
406, 167
407, 166
407, 162
408, 161
408, 154
409, 153
409, 147
410, 146
410, 137
411, 136
411, 124
412, 123
412, 82
411, 81
411, 71
410, 70
410, 68
409, 67
406, 67
403, 70
403, 71
402, 72
402, 74
401, 75
401, 76
400, 77
400, 80
399, 81
399, 84
398, 85
398, 88
397, 89
397, 94
396, 95
396, 100
395, 101
395, 106
394, 107
394, 113
393, 114
393, 120
392, 121
392, 128
391, 129
391, 133
390, 134
388, 132
388, 131
386, 129
386, 128
384, 126
384, 125
374, 115
373, 115
370, 112
369, 112
368, 111
367, 111
365, 109
364, 109
363, 108
362, 108
361, 107
360, 107
359, 106
357, 106
356, 105
354, 105
353, 104
351, 104
350, 103
345, 103
344, 102
326, 102
325, 103
322, 103
321, 104
318, 104
317, 105
315, 105
314, 106
313, 106
312, 107
311, 107
310, 108
309, 108
308, 109
307, 109
306, 110
305, 110
303, 112
302, 112
300, 114
299, 114
287, 126
287, 127
286, 128
286, 129
284, 131
284, 132
282, 134
282, 135
281, 136
281, 138
280, 139
280, 140
279, 141
279, 143
278, 144
278, 145
277, 146
274, 146
272, 148
272, 151
271, 152
271, 158
270, 159
270, 171
269, 172
269, 179
268, 180
268, 182
267, 183
267, 185
266, 186
266, 188
265, 189
265, 190
264, 191
264, 193
263, 194
263, 195
262, 196
262, 197
260, 199
260, 200
258, 202
258, 203
256, 205
255, 205
253, 207
252, 207
251, 208
250, 207
249, 207
248, 206
248, 205
247, 204
247, 203
246, 202
246, 200
245, 199
245, 195
244, 194
244, 184
245, 183
245, 177
246, 176
246, 173
247, 172
247, 170
249, 168
249, 167
251, 165
251, 163
250, 162
248, 162
245, 165
245, 166
241, 170
241, 171
231, 181
230, 181
224, 187
223, 187
220, 190
219, 190
217, 192
216, 192
215, 193
214, 193
212, 195
210, 195
209, 196
201, 196
200, 195
199, 195
195, 191
195, 190
194, 189
194, 188
193, 187
193, 186
192, 185
192, 183
191, 182
191, 179
190, 178
190, 171
189, 170
189, 153
190, 152
190, 151
188, 149
187, 149
186, 150
186, 151
185, 152
185, 155
184, 156
184, 158
183, 159
183, 161
182, 162
182, 164
181, 165
181, 166
180, 167
180, 169
179, 170
179, 171
178, 172
178, 174
177, 175
177, 176
176, 177
176, 179
175, 180
175, 181
174, 182
174, 183
173, 184
173, 186
172, 187
172, 188
171, 189
171, 190
170, 191
168, 189
168, 186
167, 185
167, 184
166, 183
166, 181
162, 177
162, 176
161, 176
159, 174
158, 174
157, 173
155, 173
154, 172
150, 172
149, 171
143, 171
142, 172
139, 172
138, 173
136, 173
135, 174
134, 174
133, 175
132, 175
131, 174
132, 173
132, 171
133, 170
133, 169
134, 168
134, 167
135, 166
135, 164
136, 163
136, 162
137, 161
137, 160
138, 159
138, 157
139, 156
139, 155
140, 154
140, 152
141, 151
141, 149
142, 148
142, 146
143, 145
143, 143
144, 142
144, 140
145, 139
145, 137
146, 136
146, 134
147, 133
147, 132
148, 131
148, 128
149, 127
149, 124
150, 123
150, 120
151, 119
151, 117
152, 116
152, 113
153, 112
153, 109
154, 108
154, 105
155, 104
155, 100
156, 99
156, 94
157, 93
157, 88
158, 87
158, 80
159, 79
159, 64
160, 63
160, 52
159, 51
159, 42
158, 41
158, 37
157, 36
157, 34
156, 33
156, 31
155, 30
155, 29
154, 28
154, 27
153, 26
153, 25
150, 22
150, 21
148, 19
147, 19
145, 17
144, 17
143, 16
141, 16
140, 15
122, 230
123, 229
124, 230
125, 230
126, 231
128, 231
129, 232
132, 232
133, 233
139, 233
140, 234
138, 236
136, 236
135, 237
130, 237
129, 236
127, 236
122, 231
263, 226
264, 227
264, 230
263, 231
263, 236
262, 237
262, 241
261, 242
261, 246
260, 247
260, 251
259, 252
259, 256
258, 257
258, 260
257, 261
257, 265
256, 266
256, 269
255, 270
255, 272
254, 273
254, 276
253, 277
253, 280
252, 281
252, 284
251, 285
251, 288
250, 289
250, 292
249, 293
249, 295
248, 296
248, 299
247, 300
247, 302
246, 303
246, 305
245, 306
245, 309
244, 310
244, 312
243, 313
243, 315
242, 316
242, 318
241, 319
241, 320
240, 321
240, 323
239, 324
239, 326
238, 327
238, 328
237, 329
237, 331
236, 332
236, 333
235, 334
235, 335
234, 336
234, 337
230, 341
229, 341
225, 337
225, 336
224, 335
224, 334
223, 333
223, 332
222, 331
222, 330
221, 329
221, 327
220, 326
220, 323
219, 322
219, 320
218, 319
218, 316
217, 315
217, 311
216, 310
216, 305
215, 304
215, 294
214, 293
214, 286
215, 285
215, 278
216, 277
216, 274
217, 273
217, 271
218, 270
218, 268
219, 267
219, 266
221, 264
221, 263
222, 262
222, 261
224, 259
224, 258
227, 255
227, 254
235, 246
236, 246
241, 241
242, 241
245, 238
246, 238
248, 236
249, 236
251, 234
252, 234
254, 232
255, 232
257, 230
258, 230
260, 228
261, 228
296, 201
297, 202
297, 203
298, 204
298, 208
299, 209
299, 212
300, 213
300, 216
301, 217
301, 219
302, 220
302, 222
303, 223
303, 224
304, 225
304, 226
305, 227
305, 228
306, 229
306, 230
312, 236
313, 236
314, 237
321, 237
322, 236
323, 236
327, 232
327, 231
328, 230
328, 229
329, 228
329, 227
330, 226
330, 224
331, 223
332, 223
334, 225
334, 226
337, 229
338, 229
339, 230
340, 230
341, 231
346, 231
347, 230
349, 230
352, 227
353, 227
353, 226
356, 223
356, 222
358, 220
358, 219
359, 218
359, 217
360, 216
360, 215
361, 214
361, 213
362, 212
364, 214
364, 215
365, 216
365, 217
366, 218
366, 219
367, 220
367, 221
368, 222
368, 223
373, 228
374, 228
375, 229
378, 229
380, 231
379, 232
379, 235
378, 236
378, 237
376, 239
376, 240
364, 252
363, 252
360, 255
359, 255
358, 256
357, 256
356, 257
354, 257
353, 258
351, 258
350, 259
341, 259
340, 258
337, 258
336, 257
334, 257
333, 256
332, 256
331, 255
330, 255
329, 254
328, 254
327, 253
326, 253
325, 252
324, 252
323, 251
322, 251
320, 249
319, 249
315, 245
314, 245
299, 230
299, 229
297, 227
297, 226
295, 224
295, 223
293, 221
293, 220
292, 219
292, 218
291, 217
291, 216
290, 215
290, 214
289, 213
289, 212
288, 211
288, 209
273, 178
274, 177
275, 178
275, 181
276, 182
276, 187
277, 188
277, 192
278, 193
278, 196
279, 197
279, 199
280, 200
280, 202
281, 203
281, 205
282, 206
282, 208
281, 209
280, 209
277, 212
276, 212
273, 215
272, 215
271, 216
270, 215
270, 209
271, 208
271, 199
272, 198
272, 186
273, 185
141, 176
142, 175
149, 175
150, 176
153, 176
154, 177
158, 179
159, 179
161, 181
161, 182
163, 184
163, 186
164, 187
164, 189
165, 190
165, 193
166, 194
166, 201
165, 202
165, 203
164, 204
164, 205
163, 206
163, 207
162, 208
162, 209
161, 210
161, 211
160, 212
160, 213
158, 215
158, 216
157, 217
157, 218
154, 221
148, 228
147, 228
146, 229
133, 229
132, 228
129, 228
128, 227
127, 227
126, 226
125, 226
124, 225
123, 225
121, 223
119, 222
119, 221
118, 220
118, 208
119, 207
119, 203
120, 202
120, 199
121, 198
121, 197
122, 196
122, 194
123, 193
123, 192
125, 190
125, 189
126, 188
135, 178
136, 178
137, 177
138, 177
139, 176
298, 169
299, 168
302, 171
302, 173
303, 174
303, 175
304, 176
304, 184
303, 185
303, 186
302, 187
302, 188
300, 190
298, 188
298, 183
297, 182
297, 171
298, 170
323, 163
324, 162
326, 164
326, 168
327, 169
327, 173
328, 174
328, 180
329, 181
329, 198
328, 199
327, 198
327, 195
326, 194
326, 191
325, 190
325, 186
324, 185
324, 179
323, 178
392, 156
393, 155
394, 156
394, 160
395, 161
395, 166
396, 167
396, 195
395, 196
395, 200
394, 201
394, 204
393, 205
393, 207
392, 208
392, 209
391, 210
391, 212
390, 213
390, 214
389, 215
389, 217
388, 218
388, 219
387, 220
387, 221
386, 222
385, 221
385, 212
386, 211
386, 203
387, 202
387, 194
388, 193
388, 185
389, 184
389, 176
390, 175
390, 167
391, 166
391, 159
392, 158
325, 107
326, 106
345, 106
346, 107
350, 107
351, 108
353, 108
354, 109
355, 109
356, 110
358, 110
359, 111
360, 111
361, 112
362, 112
363, 113
364, 113
366, 115
367, 115
369, 117
370, 117
382, 129
382, 130
384, 132
384, 133
385, 134
385, 135
387, 137
387, 138
388, 139
388, 140
389, 141
389, 151
388, 152
388, 159
387, 160
387, 167
386, 168
386, 176
385, 177
385, 185
384, 186
384, 194
383, 195
383, 203
382, 204
382, 212
381, 213
381, 221
380, 222
380, 224
379, 225
376, 225
371, 220
371, 219
370, 218
370, 217
369, 216
369, 215
368, 214
368, 213
367, 212
367, 211
366, 210
366, 209
364, 207
364, 206
363, 205
360, 205
359, 206
359, 208
358, 209
358, 211
357, 212
357, 213
356, 214
356, 215
355, 216
355, 217
354, 218
354, 219
351, 222
351, 223
349, 225
348, 225
346, 227
342, 227
341, 226
340, 226
336, 222
336, 221
335, 220
335, 219
334, 218
334, 217
333, 216
333, 215
332, 214
332, 210
333, 209
333, 182
332, 181
332, 174
331, 173
331, 169
330, 168
330, 164
329, 163
329, 161
328, 160
328, 158
327, 157
327, 156
325, 154
324, 155
323, 155
320, 158
320, 161
319, 162
319, 178
320, 179
320, 184
321, 185
321, 190
322, 191
322, 194
323, 195
323, 198
324, 199
324, 202
325, 203
325, 205
326, 206
326, 209
327, 210
327, 212
328, 213
328, 217
327, 218
327, 222
326, 223
326, 225
325, 226
325, 227
324, 228
324, 229
323, 230
323, 231
322, 232
321, 232
320, 233
315, 233
313, 231
312, 231
311, 230
311, 229
309, 227
309, 226
308, 225
308, 224
307, 223
307, 222
306, 221
306, 220
305, 219
305, 216
304, 215
304, 213
303, 212
303, 209
302, 208
302, 204
301, 203
301, 199
300, 198
300, 197
301, 196
301, 195
304, 192
304, 191
306, 189
306, 188
307, 187
307, 185
308, 184
308, 176
307, 175
307, 173
306, 172
306, 171
305, 170
305, 169
304, 168
304, 167
301, 164
297, 164
295, 166
295, 167
294, 168
294, 169
293, 170
293, 182
294, 183
294, 188
295, 189
295, 193
296, 194
296, 195
287, 204
286, 204
285, 203
285, 202
284, 201
284, 199
283, 198
283, 196
282, 195
282, 193
281, 192
281, 188
280, 187
280, 182
279, 181
279, 157
280, 156
280, 151
281, 150
281, 147
282, 146
282, 145
283, 144
283, 142
284, 141
284, 139
285, 138
285, 137
286, 136
286, 135
288, 133
288, 132
290, 130
290, 129
302, 117
303, 117
305, 115
306, 115
308, 113
309, 113
310, 112
311, 112
312, 111
313, 111
314, 110
315, 110
316, 109
318, 109
319, 108
321, 108
322, 107
405, 76
406, 75
407, 76
407, 79
408, 80
408, 126
407, 127
407, 137
406, 138
406, 146
405, 147
405, 154
404, 155
404, 161
403, 162
403, 167
402, 168
402, 171
401, 172
400, 171
400, 168
399, 167
399, 161
398, 160
398, 155
397, 154
397, 152
396, 151
396, 149
395, 148
395, 146
394, 145
394, 136
395, 135
395, 128
396, 127
396, 120
397, 119
397, 113
398, 112
398, 106
399, 105
399, 100
400, 99
400, 95
401, 94
401, 89
402, 88
402, 85
403, 84
403, 81
404, 80
404, 78
405, 77
132, 20
133, 19
140, 19
141, 20
142, 20
144, 22
145, 22
148, 25
148, 26
150, 28
150, 29
151, 30
151, 31
152, 32
152, 34
153, 35
153, 36
154, 37
154, 41
155, 42
155, 49
156, 50
156, 66
155, 67
155, 80
154, 81
154, 87
153, 88
153, 94
152, 95
152, 99
151, 100
151, 104
150, 105
150, 108
149, 109
149, 112
148, 113
148, 115
147, 116
147, 119
146, 120
146, 123
145, 124
145, 127
144, 128
144, 130
143, 131
143, 133
142, 134
142, 136
141, 137
141, 139
140, 140
140, 141
139, 142
139, 144
138, 145
138, 148
137, 149
137, 151
136, 152
136, 153
135, 154
135, 156
134, 157
134, 158
133, 159
133, 160
132, 161
132, 163
131, 164
131, 165
130, 166
130, 167
129, 168
129, 170
128, 171
128, 172
127, 173
127, 174
126, 175
126, 176
124, 178
124, 179
123, 180
123, 181
122, 182
122, 183
121, 184
121, 185
120, 186
120, 187
118, 189
118, 190
117, 191
117, 192
115, 194
115, 195
113, 197
113, 198
112, 199
112, 200
111, 201
113, 203
114, 203
115, 204
115, 208
114, 209
114, 215
113, 216
108, 211
108, 210
107, 209
107, 208
105, 206
105, 205
104, 204
104, 203
103, 202
103, 201
102, 200
102, 199
101, 198
101, 196
100, 195
100, 194
99, 193
99, 191
98, 190
98, 187
97, 186
97, 184
96, 183
96, 180
95, 179
95, 174
94, 173
94, 168
93, 167
93, 153
92, 152
92, 141
93, 140
93, 124
94, 123
94, 115
95, 114
95, 107
96, 106
96, 101
97, 100
97, 95
98, 94
98, 90
99, 89
99, 85
100, 84
100, 80
101, 79
101, 76
102, 75
102, 72
103, 71
103, 69
104, 68
104, 65
105, 64
105, 62
106, 61
106, 59
107, 58
107, 56
108, 55
108, 53
109, 52
109, 50
110, 49
110, 48
111, 47
111, 46
112, 45
112, 44
113, 43
113, 41
114, 40
114, 39
116, 37
116, 36
117, 35
117, 34
119, 32
119, 31
123, 27
123, 26
126, 23
127, 23
130, 20
