4, 2
476, 4
474, 369
2, 367
45, 25
43, 27
43, 31
42, 32
42, 53
41, 54
41, 60
40, 61
40, 68
39, 69
39, 75
38, 76
38, 81
37, 82
37, 88
36, 89
36, 96
35, 97
35, 103
34, 104
34, 110
33, 111
33, 117
32, 118
32, 125
31, 126
31, 132
30, 133
30, 140
29, 141
29, 149
28, 150
28, 157
27, 158
27, 165
26, 166
26, 174
25, 175
25, 183
24, 184
24, 194
23, 195
23, 204
22, 205
22, 215
21, 216
21, 230
20, 231
20, 245
21, 246
23, 246
24, 245
24, 225
25, 224
25, 212
26, 211
26, 202
27, 201
27, 192
29, 190
30, 190
31, 191
32, 191
34, 189
34, 187
35, 186
35, 185
36, 184
36, 183
38, 181
38, 180
40, 178
41, 178
43, 176
44, 176
45, 175
47, 175
48, 174
52, 174
53, 173
54, 174
58, 174
59, 175
69, 175
71, 177
71, 178
72, 179
72, 181
73, 182
73, 185
74, 186
74, 188
75, 189
75, 191
76, 192
76, 194
77, 195
77, 198
78, 199
78, 201
79, 202
79, 204
80, 205
80, 207
81, 208
81, 210
82, 211
82, 213
83, 214
83, 216
84, 217
84, 220
85, 221
85, 223
86, 224
86, 226
87, 227
87, 229
88, 230
88, 232
89, 233
89, 234
90, 235
90, 237
91, 238
91, 240
92, 241
92, 243
93, 244
93, 246
94, 247
94, 248
97, 248
97, 244
96, 243
96, 241
95, 240
95, 238
94, 237
94, 235
93, 234
93, 233
92, 232
92, 230
91, 229
91, 227
90, 226
90, 224
89, 223
89, 221
88, 220
88, 218
87, 217
87, 215
86, 214
86, 212
85, 211
85, 208
84, 207
84, 205
83, 204
83, 202
82, 201
82, 199
81, 198
81, 196
80, 195
80, 192
79, 191
79, 189
78, 188
78, 186
77, 185
77, 183
76, 182
76, 180
75, 179
75, 178
77, 176
77, 173
75, 171
74, 171
72, 169
72, 167
71, 166
71, 163
70, 162
70, 160
69, 159
69, 157
68, 156
68, 154
67, 153
67, 151
66, 150
66, 147
65, 146
65, 144
64, 143
64, 141
63, 140
63, 137
62, 136
62, 134
61, 133
61, 130
60, 129
60, 127
59, 126
59, 123
58, 122
58, 119
57, 118
57, 115
56, 114
56, 111
55, 110
55, 107
54, 106
54, 103
53, 102
53, 98
52, 97
52, 94
51, 93
51, 89
50, 88
50, 83
49, 82
49, 77
48, 76
48, 71
47, 70
47, 60
46, 59
46, 45
47, 44
47, 35
48, 34
48, 29
47, 28
47, 26
46, 25
42, 74
43, 73
45, 75
45, 81
46, 82
46, 86
47, 87
47, 91
48, 92
48, 96
49, 97
49, 101
50, 102
50, 105
51, 106
51, 110
52, 111
52, 114
53, 115
53, 118
54, 119
54, 121
55, 122
55, 125
56, 126
56, 129
57, 130
57, 132
58, 133
58, 136
59, 137
59, 139
60, 140
60, 143
61, 144
61, 146
62, 147
62, 149
63, 150
63, 153
64, 154
64, 156
65, 157
65, 159
66, 160
66, 162
67, 163
67, 165
68, 166
68, 169
67, 170
62, 170
61, 169
57, 169
56, 168
50, 168
49, 169
46, 169
45, 170
42, 170
41, 171
40, 171
37, 174
36, 174
33, 177
33, 178
32, 179
32, 180
31, 181
31, 182
29, 184
28, 183
28, 182
29, 181
29, 172
30, 171
30, 163
31, 162
31, 155
32, 154
32, 147
33, 146
33, 139
34, 138
34, 131
35, 130
35, 124
36, 123
36, 116
37, 115
37, 109
38, 108
38, 102
39, 101
39, 94
40, 93
40, 87
41, 86
41, 80
42, 79
136, 15
135, 16
134, 16
133, 17
132, 17
126, 23
126, 24
124, 26
124, 27
123, 28
123, 29
122, 30
122, 31
121, 32
121, 33
120, 34
120, 36
119, 37
119, 39
118, 40
118, 42
117, 43
117, 46
116, 47
116, 49
115, 50
115, 53
114, 54
114, 57
113, 58
113, 62
112, 63
112, 66
111, 67
111, 71
110, 72
110, 77
109, 78
109, 83
108, 84
108, 91
107, 92
107, 101
106, 102
106, 144
107, 145
107, 156
108, 157
108, 164
109, 165
109, 171
110, 172
110, 177
111, 178
111, 181
112, 182
112, 185
113, 186
113, 189
114, 190
114, 193
115, 194
115, 196
116, 197
116, 199
117, 200
117, 202
118, 203
118, 204
117, 205
117, 206
112, 211
112, 212
111, 213
111, 216
114, 216
120, 210
122, 212
122, 213
123, 214
123, 215
124, 216
124, 217
125, 218
125, 229
126, 230
126, 233
127, 234
127, 237
128, 238
128, 239
129, 240
129, 241
131, 243
131, 244
135, 248
136, 248
138, 250
140, 250
141, 251
143, 251
144, 252
150, 252
151, 251
153, 251
154, 250
156, 250
158, 248
159, 248
162, 245
163, 245
166, 242
166, 241
170, 237
170, 236
173, 233
173, 232
174, 231
174, 230
175, 229
175, 228
177, 226
177, 225
178, 224
178, 223
179, 222
179, 221
180, 220
180, 218
181, 217
181, 216
182, 215
182, 214
183, 213
183, 211
184, 210
184, 209
185, 208
185, 206
186, 205
186, 204
187, 203
187, 201
188, 200
188, 199
189, 198
190, 199
190, 200
191, 201
191, 206
192, 207
192, 210
193, 211
193, 212
194, 213
194, 214
195, 215
195, 216
198, 219
198, 220
199, 220
200, 221
201, 221
202, 222
210, 222
211, 221
212, 221
213, 220
214, 220
216, 218
217, 218
224, 211
224, 210
228, 206
228, 205
231, 202
231, 201
234, 198
234, 197
235, 196
236, 197
236, 204
237, 205
237, 210
238, 211
238, 214
239, 215
239, 216
242, 219
243, 219
244, 220
249, 220
250, 219
251, 219
254, 216
255, 216
256, 215
257, 216
257, 225
256, 226
256, 230
254, 232
254, 233
250, 237
250, 238
247, 241
247, 242
244, 245
244, 246
242, 248
242, 249
240, 251
240, 252
239, 253
239, 254
237, 256
237, 257
235, 259
235, 260
234, 261
234, 262
233, 263
233, 264
232, 265
232, 266
231, 267
231, 268
230, 269
230, 270
229, 271
229, 273
228, 274
228, 276
227, 277
227, 278
226, 279
226, 282
225, 283
225, 285
224, 286
224, 291
223, 292
223, 300
222, 301
222, 312
223, 313
223, 322
224, 323
224, 328
225, 329
225, 332
226, 333
226, 335
227, 336
227, 338
228, 339
228, 341
229, 342
229, 343
230, 344
230, 345
231, 346
231, 347
234, 350
234, 351
235, 352
236, 352
238, 354
240, 354
241, 355
244, 355
245, 354
246, 354
250, 350
250, 349
251, 348
251, 347
252, 346
252, 345
253, 344
253, 343
254, 342
254, 340
255, 339
255, 337
256, 336
256, 332
257, 331
257, 327
258, 326
258, 321
259, 320
259, 313
260, 312
260, 301
261, 300
261, 232
262, 231
262, 230
266, 226
266, 225
275, 216
275, 215
282, 208
284, 210
284, 212
285, 213
285, 215
286, 216
286, 218
287, 219
287, 220
288, 221
288, 222
289, 223
289, 224
290, 225
290, 226
291, 227
291, 228
292, 229
292, 230
293, 231
293, 232
296, 235
296, 236
298, 238
298, 239
309, 250
310, 250
313, 253
314, 253
316, 255
317, 255
318, 256
320, 256
321, 257
322, 257
323, 258
327, 258
328, 259
334, 259
335, 258
339, 258
340, 257
341, 257
342, 256
343, 256
344, 255
345, 255
346, 254
347, 254
350, 251
351, 251
358, 244
358, 243
362, 239
362, 238
364, 236
364, 235
365, 234
366, 235
366, 247
365, 248
365, 261
364, 262
364, 273
363, 274
363, 284
362, 285
362, 294
361, 295
361, 309
360, 310
360, 320
359, 321
359, 333
360, 334
362, 334
363, 333
363, 332
364, 331
364, 329
365, 328
365, 324
366, 323
366, 319
367, 318
367, 313
368, 312
368, 308
369, 307
369, 303
370, 302
370, 298
371, 297
371, 292
372, 291
372, 287
373, 286
373, 282
374, 281
374, 277
375, 276
375, 271
376, 270
376, 266
377, 265
377, 261
378, 260
378, 256
379, 255
379, 250
380, 249
380, 245
381, 244
381, 239
382, 238
382, 234
383, 233
383, 229
384, 228
384, 224
385, 223
385, 218
386, 217
386, 213
387, 212
387, 208
388, 207
388, 204
389, 203
389, 199
390, 198
390, 195
391, 194
391, 190
392, 189
392, 185
393, 184
393, 181
394, 180
394, 177
395, 176
395, 173
396, 172
396, 169
397, 168
397, 165
398, 164
398, 162
399, 161
399, 158
400, 157
400, 154
401, 153
401, 151
402, 150
402, 148
403, 147
403, 145
404, 144
404, 142
405, 141
405, 139
406, 138
406, 135
407, 134
407, 132
408, 131
408, 129
409, 128
409, 126
410, 125
410, 124
411, 123
411, 121
412, 120
412, 119
413, 118
413, 116
414, 115
414, 114
415, 113
415, 111
416, 110
416, 108
417, 107
417, 106
418, 105
418, 103
419, 102
419, 101
420, 100
420, 99
421, 98
421, 96
422, 95
422, 94
423, 93
423, 92
424, 91
424, 90
425, 89
425, 88
426, 87
426, 85
427, 84
427, 83
428, 82
428, 81
429, 80
429, 79
430, 78
430, 77
431, 76
431, 75
432, 74
432, 73
433, 72
433, 71
434, 70
434, 69
435, 68
435, 67
436, 66
436, 65
437, 64
437, 63
439, 61
439, 60
440, 59
440, 58
442, 56
442, 55
443, 54
443, 53
444, 52
444, 51
446, 49
446, 48
447, 47
447, 46
449, 44
449, 43
452, 40
453, 40
457, 36
457, 33
456, 33
455, 32
454, 33
453, 33
448, 38
447, 38
446, 39
446, 40
444, 42
444, 43
443, 44
443, 45
441, 47
441, 48
440, 49
440, 50
438, 52
438, 53
437, 54
437, 55
436, 56
436, 57
434, 59
434, 60
433, 61
433, 62
432, 63
432, 64
431, 65
431, 66
430, 67
430, 68
429, 69
429, 70
428, 71
428, 72
427, 73
427, 74
426, 75
426, 76
425, 77
425, 78
424, 79
424, 80
423, 81
423, 82
422, 83
422, 84
421, 85
421, 86
420, 87
420, 89
419, 90
419, 91
418, 92
418, 93
417, 94
417, 95
416, 96
416, 98
415, 99
415, 100
414, 101
414, 103
413, 104
413, 105
412, 106
412, 108
411, 109
411, 110
410, 111
410, 113
409, 114
409, 115
408, 116
408, 118
407, 119
407, 120
406, 121
406, 123
405, 124
405, 126
404, 127
404, 129
403, 130
403, 132
402, 133
402, 135
401, 136
401, 137
400, 138
399, 137
399, 135
400, 134
400, 127
401, 126
401, 114
402, 113
402, 80
401, 79
401, 73
400, 72
400, 68
399, 67
399, 66
396, 63
395, 63
394, 64
393, 64
392, 65
391, 65
390, 66
390, 67
388, 69
388, 70
387, 71
387, 72
386, 73
386, 75
385, 76
385, 77
384, 78
384, 81
383, 82
383, 84
381, 86
379, 84
379, 83
371, 75
370, 75
368, 73
367, 73
366, 72
365, 72
364, 71
363, 71
362, 70
360, 70
359, 69
357, 69
356, 68
349, 68
348, 67
343, 67
342, 68
336, 68
335, 69
332, 69
331, 70
330, 70
329, 71
327, 71
326, 72
325, 72
324, 73
323, 73
322, 74
321, 74
319, 76
318, 76
316, 78
315, 78
302, 91
302, 92
300, 94
300, 95
297, 98
297, 99
296, 100
296, 101
295, 102
295, 103
293, 105
293, 106
292, 107
292, 108
291, 109
291, 110
290, 111
290, 112
289, 113
289, 115
288, 116
288, 118
287, 119
287, 121
286, 122
286, 124
285, 125
285, 126
284, 127
284, 130
283, 131
283, 135
282, 136
282, 139
281, 140
281, 144
280, 145
280, 152
279, 153
279, 163
278, 164
278, 173
279, 174
279, 189
280, 190
280, 196
281, 197
281, 201
280, 202
280, 203
274, 209
274, 210
264, 220
264, 221
263, 222
262, 222
261, 221
261, 217
262, 216
262, 207
263, 206
263, 205
264, 204
264, 203
265, 202
265, 201
266, 200
266, 199
267, 198
267, 197
268, 196
268, 194
269, 193
269, 192
270, 191
270, 188
271, 187
271, 185
272, 184
272, 181
273, 180
273, 174
274, 173
274, 162
273, 161
273, 156
272, 155
272, 153
271, 152
271, 151
270, 150
270, 149
269, 148
265, 148
263, 150
263, 151
262, 152
262, 153
261, 154
261, 160
260, 161
260, 172
259, 173
259, 189
258, 190
258, 204
257, 205
257, 206
256, 207
256, 208
250, 214
249, 214
248, 215
245, 215
243, 213
243, 212
242, 211
242, 208
241, 207
241, 187
242, 186
242, 182
243, 181
243, 177
242, 176
239, 176
239, 177
238, 178
238, 181
237, 182
237, 184
236, 185
236, 186
234, 188
234, 189
233, 190
233, 191
231, 193
231, 194
228, 197
228, 198
226, 200
226, 201
222, 205
222, 206
212, 216
211, 216
210, 217
209, 217
208, 218
204, 218
203, 217
202, 217
200, 215
200, 214
198, 212
198, 211
197, 210
197, 208
196, 207
196, 204
195, 203
195, 181
196, 180
196, 178
197, 177
197, 175
198, 174
198, 171
199, 170
199, 169
198, 168
198, 167
197, 166
196, 166
195, 167
194, 167
194, 168
193, 169
193, 171
192, 172
192, 175
191, 176
191, 179
190, 180
190, 182
189, 183
189, 185
188, 186
188, 187
187, 188
187, 190
186, 191
186, 192
185, 193
185, 195
184, 196
184, 198
183, 199
183, 200
182, 201
182, 203
181, 204
181, 205
180, 206
180, 208
179, 209
179, 210
178, 211
178, 213
177, 214
177, 215
176, 216
176, 217
175, 218
174, 217
174, 215
175, 214
175, 209
176, 208
176, 191
175, 190
175, 185
174, 184
174, 182
173, 181
173, 179
172, 178
172, 177
171, 176
171, 175
167, 171
167, 170
166, 170
165, 169
164, 169
163, 168
162, 168
161, 167
153, 167
152, 166
152, 165
153, 164
153, 163
154, 162
154, 161
155, 160
155, 159
156, 158
156, 157
157, 156
157, 154
158, 153
158, 152
159, 151
159, 150
160, 149
160, 148
161, 147
161, 145
162, 144
162, 143
163, 142
163, 140
164, 139
164, 138
165, 137
165, 135
166, 134
166, 132
167, 131
167, 129
168, 128
168, 126
169, 125
169, 123
170, 122
170, 119
171, 118
171, 115
172, 114
172, 110
173, 109
173, 105
174, 104
174, 100
175, 99
175, 92
176, 91
176, 80
177, 79
177, 69
176, 68
176, 57
175, 56
175, 52
174, 51
174, 48
173, 47
173, 44
172, 43
172, 41
171, 40
171, 39
170, 38
170, 37
169, 36
169, 35
168, 34
168, 33
166, 31
166, 30
155, 19
154, 19
153, 18
152, 18
151, 17
150, 17
149, 16
147, 16
146, 15
255, 239
256, 240
256, 264
257, 265
257, 289
256, 290
256, 306
255, 307
255, 316
254, 317
254, 323
253, 324
253, 328
252, 329
252, 333
251, 334
251, 336
250, 337
250, 339
249, 340
249, 342
248, 343
248, 344
247, 345
247, 346
243, 350
241, 350
240, 349
239, 349
236, 346
236, 345
234, 343
234, 342
233, 341
233, 339
232, 338
232, 337
231, 336
231, 334
230, 333
230, 330
229, 329
229, 326
228, 325
228, 319
227, 318
227, 295
228, 294
228, 290
229, 289
229, 285
230, 284
230, 282
231, 281
231, 279
232, 278
232, 276
233, 275
233, 274
234, 273
234, 271
235, 270
235, 269
236, 268
236, 267
237, 266
237, 265
239, 263
239, 262
240, 261
240, 260
242, 258
242, 257
243, 256
243, 255
245, 253
245, 252
247, 250
247, 249
249, 247
249, 246
252, 243
252, 242
130, 228
131, 227
134, 230
135, 230
139, 234
140, 234
142, 236
143, 236
144, 237
146, 237
147, 238
157, 238
158, 237
160, 237
161, 236
162, 236
164, 237
158, 243
157, 243
155, 245
154, 245
153, 246
152, 246
151, 247
143, 247
142, 246
141, 246
140, 245
139, 245
134, 240
134, 239
132, 237
132, 235
131, 234
131, 232
130, 231
379, 220
380, 221
380, 225
379, 226
379, 230
378, 231
378, 235
377, 236
377, 241
376, 242
376, 246
375, 247
375, 251
374, 252
374, 257
373, 258
373, 262
372, 263
372, 267
371, 268
371, 272
370, 273
370, 277
369, 278
368, 277
368, 269
369, 268
369, 255
370, 254
370, 242
371, 241
371, 228
372, 227
372, 226
373, 225
374, 225
351, 217
352, 216
354, 218
354, 220
355, 221
355, 223
357, 225
357, 226
358, 227
359, 227
360, 228
361, 228
362, 230
361, 231
361, 232
359, 234
359, 235
356, 238
356, 239
346, 249
345, 249
343, 251
342, 251
341, 252
340, 252
337, 253
336, 254
325, 254
324, 253
323, 253
322, 252
321, 252
320, 251
319, 251
318, 250
317, 250
315, 248
314, 248
314, 244
315, 244
316, 243
317, 243
318, 242
319, 242
323, 238
323, 237
325, 235
325, 234
326, 233
326, 232
327, 231
327, 230
328, 229
328, 226
329, 225
329, 222
333, 222
333, 223
335, 225
336, 225
337, 226
344, 226
346, 224
347, 224
347, 223
350, 220
350, 219
351, 218
287, 202
288, 201
290, 203
290, 207
291, 208
291, 212
292, 213
292, 215
291, 216
290, 215
290, 214
289, 213
289, 210
288, 209
288, 207
287, 206
155, 172
156, 171
158, 172
161, 172
162, 173
163, 173
166, 176
166, 177
168, 179
168, 180
169, 181
169, 183
170, 184
170, 187
171, 188
171, 195
172, 196
172, 201
171, 202
170, 212
170, 215
169, 216
169, 218
168, 219
168, 221
167, 222
167, 223
166, 224
166, 225
163, 228
163, 229
162, 230
161, 230
159, 232
158, 232
157, 233
155, 233
154, 234
149, 233
146, 233
144, 231
143, 231
140, 228
139, 228
134, 223
134, 222
131, 219
131, 218
130, 217
130, 216
129, 215
130, 210
130, 205
131, 204
131, 201
132, 200
132, 198
133, 197
133, 195
134, 194
134, 193
135, 192
135, 191
136, 190
136, 189
139, 186
139, 185
142, 182
142, 181
144, 179
144, 178
148, 174
149, 174
150, 173
151, 173
152, 172
295, 156
299, 158
299, 161
300, 162
299, 172
299, 174
298, 175
298, 176
297, 177
297, 179
296, 180
296, 181
294, 183
294, 184
293, 185
291, 184
291, 176
290, 175
291, 166
291, 162
292, 161
292, 159
267, 155
268, 156
268, 158
269, 159
269, 176
268, 177
268, 181
267, 182
267, 185
266, 186
266, 188
265, 189
265, 190
264, 191
263, 190
263, 181
264, 180
264, 167
265, 166
265, 157
382, 110
383, 109
384, 109
385, 110
385, 114
386, 115
386, 123
387, 124
387, 140
388, 141
388, 168
387, 169
387, 175
386, 176
386, 178
385, 179
385, 181
384, 182
384, 184
383, 185
383, 187
382, 188
382, 190
381, 191
381, 192
380, 193
380, 194
379, 195
379, 197
378, 198
378, 199
377, 200
377, 202
376, 203
376, 204
375, 205
375, 206
374, 207
373, 206
373, 199
374, 198
374, 187
375, 186
375, 175
376, 174
376, 164
377, 163
377, 154
378, 153
378, 144
379, 143
379, 133
380, 132
380, 125
381, 124
381, 117
382, 116
339, 73
340, 72
352, 72
353, 73
356, 73
357, 74
359, 74
360, 75
362, 75
363, 76
364, 76
366, 78
367, 78
376, 87
376, 88
378, 90
378, 91
379, 92
379, 93
380, 94
380, 99
379, 100
379, 105
378, 106
378, 112
377, 113
377, 120
376, 121
376, 128
375, 129
375, 137
374, 138
374, 147
373, 148
373, 158
372, 159
372, 168
371, 169
371, 180
370, 181
370, 192
369, 193
369, 204
368, 205
368, 218
367, 219
367, 222
365, 224
363, 224
362, 223
361, 223
360, 222
360, 221
359, 220
359, 219
358, 218
358, 216
357, 215
357, 211
356, 210
356, 207
355, 206
355, 203
354, 202
351, 202
351, 203
350, 204
350, 207
349, 208
349, 211
348, 212
348, 214
347, 215
347, 216
345, 218
345, 219
343, 221
342, 221
341, 222
339, 222
336, 219
336, 218
335, 217
335, 216
334, 215
334, 214
333, 213
333, 211
332, 210
332, 208
331, 207
331, 186
330, 185
330, 176
329, 175
329, 171
328, 170
328, 166
327, 165
327, 163
326, 162
326, 161
324, 159
323, 159
322, 160
322, 161
321, 162
321, 177
322, 178
322, 187
323, 188
323, 193
324, 194
324, 198
325, 199
325, 203
326, 204
326, 218
325, 219
325, 223
324, 224
324, 226
323, 227
323, 229
322, 230
322, 231
320, 233
320, 234
315, 239
314, 239
313, 240
310, 240
309, 239
308, 239
304, 235
304, 234
303, 233
303, 232
302, 231
302, 230
301, 229
301, 228
300, 227
300, 225
299, 224
299, 222
298, 221
298, 218
297, 217
297, 214
296, 213
296, 210
295, 209
295, 205
294, 204
294, 199
293, 198
293, 194
294, 193
294, 192
296, 190
296, 189
297, 188
297, 187
299, 185
299, 184
300, 183
300, 182
301, 181
301, 180
302, 179
302, 177
303, 176
303, 174
304, 173
304, 168
305, 167
305, 164
304, 163
304, 159
303, 158
303, 156
302, 155
302, 154
300, 152
299, 152
298, 151
295, 151
294, 152
292, 152
289, 155
289, 156
288, 157
288, 158
287, 159
287, 162
286, 163
286, 181
287, 182
287, 190
288, 191
288, 193
286, 195
285, 194
285, 193
284, 192
284, 186
283, 185
283, 159
284, 158
284, 148
285, 147
285, 143
286, 142
286, 139
287, 138
287, 134
288, 133
288, 130
289, 129
289, 127
290, 126
290, 124
291, 123
291, 121
292, 120
292, 119
293, 118
293, 116
294, 115
294, 114
295, 113
295, 112
296, 111
296, 110
297, 109
297, 108
298, 107
298, 106
299, 105
299, 104
300, 103
300, 102
302, 100
302, 99
305, 96
305, 95
308, 92
308, 91
311, 88
312, 88
319, 81
320, 81
322, 79
323, 79
325, 77
326, 77
327, 76
328, 76
329, 75
331, 75
332, 74
334, 74
335, 73
393, 70
394, 69
396, 71
396, 74
397, 75
397, 87
398, 88
398, 104
397, 105
397, 119
396, 120
396, 130
395, 131
395, 137
394, 138
394, 142
393, 143
392, 142
392, 130
391, 129
391, 119
390, 118
390, 112
389, 111
389, 106
388, 105
388, 102
387, 101
387, 99
386, 98
386, 96
385, 95
385, 93
386, 92
386, 88
387, 87
387, 84
388, 83
388, 81
389, 80
389, 78
390, 77
390, 75
391, 74
391, 73
393, 71
138, 20
139, 19
144, 19
145, 20
147, 20
148, 21
149, 21
150, 22
151, 22
154, 25
155, 25
159, 29
159, 30
163, 34
163, 35
165, 37
165, 38
166, 39
166, 41
167, 42
167, 43
168, 44
168, 46
169, 47
169, 49
170, 50
170, 54
171, 55
171, 60
172, 61
172, 87
171, 88
171, 95
170, 96
170, 101
169, 102
169, 106
168, 107
168, 111
167, 112
167, 115
166, 116
166, 119
165, 120
165, 122
164, 123
164, 125
163, 126
163, 129
162, 130
162, 131
161, 132
161, 134
160, 135
160, 137
159, 138
159, 139
158, 140
158, 142
157, 143
157, 144
156, 145
156, 147
155, 148
155, 149
154, 150
154, 151
153, 152
153, 153
152, 154
152, 155
151, 156
151, 157
150, 158
150, 159
149, 160
149, 161
148, 162
148, 163
147, 164
147, 165
146, 166
146, 167
144, 169
144, 170
142, 172
142, 173
136, 179
136, 180
134, 182
134, 183
133, 184
133, 185
132, 186
132, 187
130, 189
130, 190
128, 192
128, 193
122, 199
121, 198
121, 197
120, 196
120, 195
119, 194
119, 192
118, 191
118, 188
117, 187
117, 184
116, 183
116, 180
115, 179
115, 174
114, 173
114, 168
113, 167
113, 161
112, 160
112, 152
111, 151
111, 135
110, 134
110, 113
111, 112
111, 98
112, 97
112, 88
113, 87
113, 81
114, 80
114, 75
115, 74
115, 70
116, 69
116, 66
117, 65
117, 61
118, 60
118, 57
119, 56
119, 53
120, 52
120, 49
121, 48
121, 46
122, 45
122, 43
123, 42
123, 40
124, 39
124, 37
125, 36
125, 35
126, 34
126, 33
127, 32
127, 30
129, 28
129, 27
136, 20
