4, 2
496, 4
494, 333
2, 331
164, 56
163, 57
162, 57
156, 63
156, 64
154, 66
154, 67
152, 69
152, 70
151, 71
151, 72
150, 73
150, 74
149, 75
149, 76
148, 77
148, 78
147, 79
147, 80
146, 81
146, 82
145, 83
145, 84
144, 85
144, 86
143, 87
143, 88
142, 89
142, 91
141, 92
141, 93
140, 94
140, 96
139, 97
139, 98
138, 99
138, 100
137, 101
137, 103
136, 104
136, 106
135, 107
135, 109
134, 110
134, 112
133, 113
133, 115
132, 116
132, 118
131, 119
131, 122
130, 123
130, 126
129, 127
129, 129
128, 130
128, 133
127, 134
127, 138
126, 139
126, 142
125, 143
125, 148
124, 149
124, 153
123, 154
123, 159
122, 160
122, 165
121, 166
121, 172
120, 173
120, 174
119, 175
119, 176
114, 181
114, 182
111, 185
111, 186
109, 188
109, 189
107, 191
107, 193
108, 194
110, 194
112, 192
112, 191
114, 189
114, 188
117, 185
117, 184
118, 183
119, 184
119, 215
120, 216
120, 220
121, 221
121, 224
122, 225
122, 230
123, 231
123, 234
124, 235
124, 236
125, 237
125, 238
128, 241
130, 241
131, 242
134, 242
135, 241
137, 241
138, 240
139, 240
141, 238
142, 238
146, 234
147, 234
157, 224
157, 223
162, 218
162, 217
164, 215
164, 214
167, 211
167, 210
168, 209
168, 208
170, 206
170, 205
171, 204
171, 203
172, 202
172, 201
173, 200
173, 199
175, 197
175, 196
176, 195
176, 194
177, 193
177, 192
178, 191
178, 189
179, 188
179, 187
180, 186
180, 185
181, 184
181, 183
182, 182
182, 181
183, 180
183, 179
184, 178
184, 177
185, 176
185, 175
187, 173
187, 172
188, 171
188, 170
189, 169
189, 168
191, 166
191, 165
192, 164
192, 163
194, 161
194, 160
198, 156
200, 158
200, 168
201, 169
201, 180
200, 181
200, 199
199, 200
199, 215
198, 216
198, 230
199, 231
199, 234
200, 235
200, 236
201, 237
202, 237
203, 238
206, 238
207, 237
208, 237
209, 236
210, 236
212, 234
213, 234
223, 224
223, 223
228, 218
228, 217
231, 214
231, 213
233, 211
233, 210
236, 207
236, 206
238, 204
238, 203
240, 201
240, 200
242, 198
242, 197
244, 195
245, 196
245, 204
244, 205
244, 222
245, 223
245, 228
246, 229
246, 232
247, 233
247, 234
248, 235
248, 236
249, 237
249, 238
250, 239
251, 239
252, 240
253, 240
254, 241
259, 241
260, 240
262, 240
263, 239
264, 239
266, 237
267, 237
270, 234
271, 234
278, 227
278, 226
282, 222
282, 221
285, 218
285, 217
287, 215
287, 214
288, 213
288, 212
290, 210
291, 211
291, 221
290, 222
290, 232
289, 233
289, 235
288, 236
288, 237
287, 238
287, 239
285, 241
285, 242
284, 243
284, 244
283, 245
283, 246
282, 247
282, 248
281, 249
281, 250
280, 251
280, 252
279, 253
279, 254
278, 255
278, 256
277, 257
277, 258
276, 259
276, 260
275, 261
275, 263
274, 264
274, 265
273, 266
273, 268
272, 269
272, 271
271, 272
271, 274
270, 275
270, 277
269, 278
269, 281
268, 282
268, 284
267, 285
267, 289
266, 290
266, 293
265, 294
265, 300
264, 301
264, 315
265, 316
265, 317
268, 320
269, 320
270, 319
271, 319
272, 318
272, 317
274, 315
274, 314
275, 313
275, 312
276, 311
276, 310
277, 309
277, 307
278, 306
278, 305
279, 304
279, 302
280, 301
280, 300
281, 299
281, 297
282, 296
282, 293
283, 292
283, 290
284, 289
284, 286
285, 285
285, 282
286, 281
286, 278
287, 277
287, 274
288, 273
288, 269
289, 268
289, 263
290, 262
290, 257
291, 256
291, 250
292, 249
292, 242
293, 241
293, 236
295, 234
295, 233
297, 231
297, 230
300, 227
300, 226
304, 222
304, 221
312, 213
312, 212
318, 206
318, 205
323, 200
323, 199
325, 197
326, 198
326, 202
325, 203
325, 207
324, 208
324, 213
323, 214
323, 222
322, 223
322, 235
323, 236
323, 239
325, 241
325, 242
326, 242
327, 243
328, 243
329, 244
329, 246
330, 247
330, 250
331, 251
331, 253
332, 254
332, 255
333, 256
333, 257
334, 258
334, 259
340, 265
342, 265
343, 266
354, 266
355, 265
357, 265
358, 264
359, 264
360, 263
361, 263
362, 262
363, 262
364, 261
365, 261
367, 259
368, 259
370, 257
371, 257
374, 254
375, 254
381, 248
382, 249
382, 253
383, 254
383, 265
384, 266
384, 270
385, 271
385, 273
386, 274
386, 276
387, 277
387, 279
388, 280
388, 281
390, 283
390, 284
393, 287
394, 287
395, 288
396, 288
397, 289
406, 289
407, 288
409, 288
410, 287
411, 287
412, 286
413, 286
415, 284
416, 284
417, 283
418, 283
421, 280
422, 280
426, 276
427, 276
433, 270
434, 270
455, 249
455, 248
458, 245
458, 244
461, 241
461, 240
464, 237
464, 236
466, 234
466, 233
468, 231
468, 230
471, 227
471, 226
473, 224
473, 223
475, 221
475, 220
476, 219
476, 218
475, 217
473, 217
470, 220
470, 221
468, 223
468, 224
466, 226
466, 227
463, 230
463, 231
461, 233
461, 234
458, 237
458, 238
455, 241
455, 242
453, 244
453, 245
430, 268
429, 268
423, 274
422, 274
418, 278
417, 278
415, 280
414, 280
413, 281
412, 281
410, 283
409, 283
408, 284
406, 284
405, 285
398, 285
397, 284
396, 284
393, 281
393, 280
391, 278
391, 277
390, 276
390, 274
389, 273
389, 270
388, 269
388, 266
387, 265
387, 256
386, 255
386, 244
387, 243
387, 242
392, 237
392, 236
395, 233
395, 232
398, 229
398, 228
401, 225
405, 225
407, 223
408, 223
417, 214
417, 213
420, 210
420, 209
423, 206
423, 205
425, 203
425, 202
426, 201
426, 200
428, 198
428, 197
429, 196
429, 195
430, 194
430, 193
431, 192
431, 191
432, 190
432, 189
433, 188
433, 187
434, 186
434, 185
435, 184
435, 183
436, 182
436, 180
437, 179
437, 178
438, 177
438, 175
439, 174
439, 172
440, 171
440, 169
441, 168
441, 166
442, 165
442, 162
443, 161
443, 158
444, 157
444, 153
445, 152
445, 148
446, 147
446, 142
447, 141
447, 135
448, 134
448, 125
449, 124
449, 113
450, 112
450, 94
449, 93
449, 85
448, 84
448, 80
447, 79
447, 76
446, 75
446, 73
445, 72
445, 71
443, 69
443, 68
442, 67
441, 67
439, 65
437, 65
436, 64
425, 64
424, 65
421, 65
420, 66
418, 66
417, 67
416, 67
415, 68
414, 68
413, 69
412, 69
411, 70
410, 70
409, 71
408, 71
407, 72
406, 72
403, 75
402, 75
400, 77
399, 77
393, 83
392, 83
385, 90
385, 91
380, 96
380, 97
376, 101
376, 102
374, 104
374, 105
371, 108
371, 109
369, 111
369, 112
367, 114
367, 115
366, 116
366, 117
364, 119
364, 120
363, 121
363, 122
361, 124
361, 125
360, 126
360, 127
359, 128
359, 129
358, 130
358, 131
357, 132
357, 133
356, 134
356, 135
355, 136
355, 137
354, 138
354, 139
353, 140
353, 142
352, 143
352, 144
351, 145
351, 147
350, 148
350, 149
349, 150
349, 151
348, 152
348, 154
347, 155
347, 157
346, 158
346, 159
345, 160
345, 162
344, 163
344, 165
343, 166
343, 168
341, 165
342, 164
342, 162
341, 161
338, 161
337, 162
337, 163
336, 164
336, 165
335, 166
335, 168
334, 169
334, 171
333, 172
333, 174
332, 175
332, 177
331, 178
331, 180
330, 181
330, 183
329, 184
329, 185
327, 187
327, 188
324, 191
324, 192
320, 196
320, 197
315, 202
315, 203
309, 209
309, 210
302, 217
302, 218
298, 222
298, 223
296, 225
295, 225
294, 224
294, 222
295, 221
295, 209
296, 208
296, 197
297, 196
297, 193
298, 192
298, 189
299, 188
299, 186
300, 185
300, 182
301, 181
301, 177
302, 176
302, 171
303, 170
303, 163
304, 162
304, 158
303, 157
300, 157
298, 159
298, 160
297, 161
297, 164
296, 165
296, 169
295, 170
295, 176
294, 177
294, 184
293, 185
293, 193
292, 194
292, 196
291, 197
291, 198
290, 199
290, 201
289, 202
289, 203
288, 204
288, 205
287, 206
287, 207
285, 209
285, 210
284, 211
284, 212
282, 214
282, 215
279, 218
279, 219
276, 222
276, 223
268, 231
267, 231
263, 235
262, 235
261, 236
260, 236
259, 237
255, 237
254, 236
253, 236
252, 235
252, 234
251, 233
251, 232
250, 231
250, 229
249, 228
249, 223
248, 222
248, 204
249, 203
249, 194
250, 193
250, 188
251, 187
251, 182
252, 181
252, 179
253, 178
253, 176
254, 175
254, 174
255, 173
255, 171
256, 170
256, 168
257, 167
257, 166
258, 165
258, 161
257, 160
256, 160
255, 161
254, 161
254, 162
253, 163
253, 164
252, 165
252, 166
251, 167
251, 169
250, 170
250, 172
249, 173
249, 176
248, 177
248, 179
247, 180
247, 181
246, 182
246, 183
245, 184
245, 185
244, 186
244, 187
243, 188
243, 189
241, 191
241, 192
239, 194
239, 195
237, 197
237, 198
235, 200
235, 201
233, 203
233, 204
230, 207
230, 208
228, 210
228, 211
225, 214
225, 215
220, 220
220, 221
209, 232
208, 232
207, 233
206, 233
205, 234
204, 234
203, 233
203, 231
202, 230
202, 215
203, 214
203, 199
204, 198
204, 179
205, 178
205, 171
204, 170
204, 157
203, 156
203, 155
202, 154
202, 153
201, 152
199, 152
198, 151
197, 152
196, 152
191, 157
191, 158
189, 160
189, 161
188, 162
188, 163
186, 165
186, 166
185, 167
185, 168
184, 169
184, 170
182, 172
182, 173
181, 174
181, 175
180, 176
180, 177
179, 178
179, 179
178, 180
178, 181
177, 182
177, 183
176, 184
176, 185
175, 186
175, 187
174, 188
174, 189
173, 190
172, 189
172, 180
171, 179
171, 176
170, 175
170, 173
169, 172
169, 171
168, 170
168, 169
167, 168
167, 167
166, 166
166, 165
163, 162
163, 161
162, 161
159, 158
158, 158
157, 157
156, 157
155, 156
147, 156
146, 157
148, 152
148, 151
155, 144
155, 143
160, 138
160, 137
164, 133
164, 132
167, 129
167, 128
168, 127
168, 126
170, 124
170, 123
171, 122
171, 121
172, 120
172, 119
173, 118
173, 117
174, 116
174, 114
175, 113
175, 111
176, 110
176, 109
177, 108
177, 106
178, 105
178, 102
179, 101
179, 98
180, 97
180, 94
181, 93
181, 69
180, 68
180, 65
179, 64
179, 63
178, 62
178, 61
174, 57
173, 57
172, 56
285, 250
286, 249
287, 250
287, 256
286, 257
286, 262
285, 263
285, 267
284, 268
284, 273
283, 274
283, 277
282, 278
282, 281
281, 282
281, 285
280, 286
280, 288
279, 289
279, 292
278, 293
278, 295
277, 296
277, 298
276, 299
276, 301
275, 302
275, 303
274, 304
274, 305
273, 306
273, 308
272, 309
272, 310
271, 311
271, 312
269, 314
268, 313
268, 301
269, 300
269, 295
270, 294
270, 290
271, 289
271, 286
272, 285
272, 282
273, 281
273, 279
274, 278
274, 276
275, 275
275, 273
276, 272
276, 270
277, 269
277, 267
278, 266
278, 265
279, 264
279, 262
280, 261
280, 260
281, 259
281, 258
282, 257
282, 256
283, 255
283, 254
284, 253
284, 252
285, 251
396, 214
397, 215
397, 223
395, 225
395, 226
393, 228
393, 229
389, 233
388, 232
388, 227
389, 226
389, 224
390, 223
390, 222
392, 220
392, 219
394, 217
394, 216
367, 208
367, 210
366, 211
366, 229
367, 230
367, 232
370, 235
371, 235
372, 236
374, 236
375, 235
376, 235
377, 234
378, 234
380, 232
381, 232
382, 231
383, 231
384, 232
383, 233
371, 252
370, 252
368, 254
367, 254
365, 256
364, 256
362, 258
361, 258
360, 259
359, 259
358, 260
357, 260
356, 261
354, 261
353, 262
343, 261
342, 261
337, 256
337, 255
336, 254
336, 253
335, 252
335, 250
334, 249
334, 247
333, 246
334, 242
335, 242
336, 241
337, 241
350, 228
350, 227
354, 223
354, 222
357, 219
357, 218
360, 215
360, 214
363, 211
363, 210
395, 203
397, 196
399, 196
398, 200
398, 201
397, 198
338, 175
339, 174
340, 178
339, 179
339, 181
338, 182
338, 185
337, 186
337, 188
336, 189
336, 192
335, 193
335, 196
334, 197
334, 200
333, 201
333, 205
332, 206
332, 210
331, 211
331, 215
330, 216
330, 222
329, 223
329, 233
327, 235
326, 234
326, 222
327, 221
327, 214
328, 213
328, 208
329, 207
329, 203
330, 202
330, 198
331, 197
331, 193
332, 192
332, 189
333, 188
333, 186
334, 185
334, 184
335, 183
335, 182
336, 181
336, 180
337, 179
337, 178
338, 177
341, 173
339, 174
340, 169
342, 171
137, 166
135, 168
135, 169
134, 170
134, 171
133, 172
133, 173
132, 174
132, 175
131, 176
131, 178
130, 179
130, 180
129, 181
129, 183
128, 184
128, 186
127, 187
127, 189
126, 190
126, 192
125, 193
125, 195
124, 196
123, 195
123, 183
124, 182
124, 177
125, 176
125, 175
148, 160
155, 161
156, 161
163, 168
163, 169
164, 170
164, 171
165, 172
165, 173
166, 174
166, 176
167, 177
167, 179
168, 180
168, 194
167, 195
166, 199
166, 201
165, 202
165, 204
164, 205
164, 206
162, 208
162, 209
161, 210
161, 211
159, 213
159, 214
155, 218
155, 219
145, 229
144, 229
142, 231
141, 231
140, 232
138, 232
137, 233
133, 232
131, 232
128, 229
128, 228
127, 227
127, 226
126, 225
126, 207
127, 206
127, 201
128, 200
128, 197
129, 196
130, 192
130, 190
131, 189
131, 187
132, 186
132, 185
133, 184
133, 182
134, 181
134, 179
135, 178
135, 177
136, 176
136, 175
137, 174
137, 173
138, 172
138, 171
140, 169
140, 168
427, 153
428, 153
429, 154
429, 158
428, 159
428, 162
427, 163
427, 165
426, 166
426, 168
425, 169
425, 170
424, 171
424, 173
423, 174
423, 175
422, 176
422, 178
421, 179
421, 180
420, 181
420, 182
419, 183
419, 184
418, 185
418, 186
417, 187
417, 188
416, 189
416, 190
415, 191
415, 192
414, 193
414, 194
413, 195
413, 196
412, 197
412, 198
411, 199
411, 200
410, 201
410, 202
409, 203
409, 204
407, 206
407, 207
406, 208
406, 209
405, 210
405, 211
402, 214
401, 213
401, 211
402, 210
402, 203
403, 202
403, 199
404, 198
404, 196
405, 195
405, 194
406, 193
406, 191
407, 190
407, 188
408, 187
408, 185
409, 184
409, 181
410, 180
410, 177
411, 176
411, 173
412, 172
412, 168
413, 167
413, 166
424, 155
425, 155
424, 69
425, 68
436, 68
438, 70
439, 70
440, 71
440, 72
442, 74
442, 76
443, 77
443, 79
444, 80
444, 84
445, 85
445, 92
446, 93
446, 113
445, 114
445, 125
444, 126
444, 134
443, 135
443, 141
442, 142
442, 147
441, 148
441, 152
440, 153
440, 156
439, 157
439, 160
438, 161
438, 164
437, 165
437, 167
436, 168
436, 170
435, 171
435, 173
434, 174
434, 176
433, 177
433, 179
432, 180
432, 181
431, 182
431, 183
430, 184
430, 185
429, 186
429, 187
428, 188
428, 189
427, 190
427, 191
426, 192
426, 193
425, 194
425, 195
423, 197
423, 198
422, 199
422, 200
420, 202
420, 203
417, 206
417, 207
414, 210
414, 211
406, 216
407, 215
407, 214
409, 212
409, 211
410, 210
410, 209
412, 207
412, 206
413, 205
413, 204
414, 203
414, 202
415, 201
415, 200
416, 199
416, 198
417, 197
417, 196
418, 195
418, 194
420, 192
420, 191
421, 190
421, 188
422, 187
422, 186
423, 185
423, 184
424, 183
424, 182
425, 181
425, 179
426, 178
426, 177
427, 176
427, 175
428, 174
428, 172
429, 171
429, 170
430, 169
430, 167
431, 166
431, 164
432, 163
432, 159
433, 158
433, 153
432, 152
432, 151
430, 149
426, 149
425, 150
424, 150
422, 152
421, 152
411, 162
410, 162
409, 163
408, 163
407, 164
407, 165
406, 166
406, 167
405, 168
405, 169
404, 170
404, 172
403, 173
403, 174
402, 175
402, 176
401, 177
401, 178
400, 179
400, 180
399, 181
399, 182
398, 183
398, 184
397, 185
397, 187
396, 188
396, 189
395, 190
395, 192
394, 193
394, 194
393, 195
393, 197
392, 198
392, 200
391, 201
391, 203
390, 204
390, 206
389, 207
389, 209
388, 210
388, 213
387, 214
387, 217
386, 218
386, 220
385, 221
385, 222
377, 230
376, 230
375, 231
374, 231
373, 232
370, 229
370, 211
371, 210
371, 204
372, 203
372, 198
373, 197
373, 194
374, 193
374, 190
375, 189
375, 188
376, 187
376, 185
377, 184
377, 182
378, 181
378, 179
379, 178
379, 176
380, 175
380, 173
381, 172
381, 169
382, 168
382, 165
383, 164
383, 161
384, 160
384, 156
385, 155
385, 152
384, 151
381, 151
380, 152
380, 153
379, 154
379, 155
378, 156
378, 157
377, 158
377, 160
376, 161
376, 164
375, 165
375, 168
374, 169
374, 173
373, 174
373, 177
372, 178
372, 182
371, 183
371, 187
370, 188
370, 190
369, 191
369, 193
368, 194
368, 195
367, 196
367, 197
366, 198
366, 199
364, 201
364, 202
362, 204
362, 205
360, 207
360, 208
358, 210
358, 211
355, 214
355, 215
351, 219
351, 220
347, 224
347, 225
334, 238
333, 238
332, 237
332, 233
333, 232
333, 223
334, 222
334, 216
335, 215
335, 211
336, 210
336, 206
337, 205
337, 201
338, 200
338, 197
339, 196
339, 194
340, 193
340, 190
341, 189
341, 186
342, 185
342, 183
343, 182
343, 179
344, 178
344, 176
345, 175
345, 173
346, 172
346, 170
347, 169
347, 167
348, 166
348, 164
349, 163
349, 161
350, 160
350, 158
351, 157
351, 156
352, 155
352, 153
353, 152
353, 151
354, 150
354, 148
355, 147
355, 146
356, 145
356, 144
357, 143
357, 141
358, 140
358, 139
359, 138
359, 137
360, 136
360, 135
361, 134
361, 133
362, 132
362, 131
363, 130
363, 129
364, 128
364, 127
366, 125
366, 124
367, 123
367, 122
369, 120
369, 119
370, 118
370, 117
372, 115
372, 114
374, 112
374, 111
376, 109
376, 108
379, 105
379, 104
383, 100
383, 99
387, 95
387, 94
395, 86
396, 86
402, 80
403, 80
406, 77
407, 77
409, 75
410, 75
411, 74
412, 74
413, 73
414, 73
415, 72
416, 72
417, 71
418, 71
419, 70
421, 70
422, 69
165, 60
171, 60
175, 64
175, 65
176, 66
176, 68
177, 69
177, 77
178, 78
178, 83
177, 84
177, 92
176, 93
176, 97
175, 98
175, 101
174, 102
174, 104
173, 105
173, 107
172, 108
172, 110
171, 111
171, 112
170, 113
170, 115
169, 116
169, 117
168, 118
168, 119
167, 120
167, 121
165, 123
165, 124
164, 125
164, 126
161, 129
161, 130
158, 133
158, 134
153, 139
153, 140
146, 147
146, 148
127, 167
126, 166
126, 160
127, 159
127, 154
128, 153
128, 149
129, 148
129, 144
130, 143
130, 139
131, 138
131, 135
132, 134
132, 131
133, 130
133, 127
134, 126
134, 123
135, 122
135, 120
136, 119
136, 117
137, 116
137, 113
138, 112
138, 110
139, 109
139, 108
140, 107
140, 105
141, 104
141, 102
142, 101
142, 100
143, 99
143, 97
144, 96
144, 95
145, 94
145, 93
146, 92
146, 90
147, 89
147, 88
148, 87
148, 86
149, 85
149, 84
150, 83
150, 82
151, 81
151, 80
152, 79
152, 78
153, 77
153, 76
154, 75
154, 74
155, 73
155, 72
157, 70
157, 69
158, 68
158, 67
93, 14
92, 15
91, 15
91, 17
90, 18
90, 22
89, 23
89, 26
88, 27
88, 30
87, 31
87, 34
86, 35
86, 37
85, 38
85, 41
84, 42
84, 44
83, 45
83, 47
82, 48
82, 50
81, 51
81, 54
80, 55
80, 56
79, 57
79, 59
78, 60
78, 62
77, 63
77, 65
76, 66
76, 67
75, 68
75, 70
74, 71
74, 73
73, 74
73, 75
72, 76
72, 78
71, 79
71, 81
70, 82
70, 83
69, 84
69, 86
68, 87
68, 89
67, 90
67, 91
66, 92
66, 94
65, 95
65, 96
64, 97
64, 99
63, 100
63, 101
62, 102
62, 104
61, 105
61, 107
60, 108
60, 109
59, 110
59, 112
58, 113
58, 115
57, 116
57, 117
56, 118
56, 120
55, 121
55, 123
54, 124
54, 125
53, 126
53, 128
52, 129
52, 131
51, 132
51, 133
50, 134
50, 136
49, 137
49, 139
48, 140
48, 142
47, 143
47, 144
46, 145
46, 147
45, 148
45, 150
44, 151
44, 152
43, 153
43, 155
42, 156
42, 158
41, 159
41, 160
40, 161
40, 163
39, 164
39, 166
38, 167
38, 169
37, 170
37, 172
36, 173
36, 174
35, 175
35, 177
34, 178
34, 179
33, 180
33, 182
32, 183
32, 185
31, 186
31, 187
30, 188
30, 190
29, 191
29, 193
28, 194
28, 196
27, 197
27, 199
26, 200
26, 202
25, 203
25, 205
24, 206
24, 208
23, 209
23, 212
22, 213
22, 218
21, 219
21, 221
22, 222
22, 223
23, 223
24, 224
25, 224
26, 223
27, 223
27, 222
28, 221
25, 218
25, 217
26, 216
26, 212
27, 211
27, 209
28, 208
28, 205
29, 204
29, 202
30, 201
30, 199
31, 198
31, 197
32, 196
32, 194
33, 193
33, 191
34, 190
34, 188
35, 187
35, 185
36, 184
36, 183
37, 182
37, 180
38, 179
38, 178
39, 177
39, 175
40, 174
40, 172
41, 171
41, 169
42, 168
42, 167
43, 166
43, 164
44, 163
44, 161
45, 160
45, 158
46, 157
46, 156
47, 155
47, 153
48, 152
48, 150
49, 149
49, 148
50, 147
50, 145
51, 144
51, 142
52, 141
52, 139
53, 138
53, 137
54, 136
54, 134
55, 133
55, 131
56, 130
56, 129
57, 128
57, 126
58, 125
58, 123
59, 122
59, 121
60, 120
60, 118
61, 117
61, 115
62, 114
62, 113
63, 112
63, 110
64, 109
64, 107
65, 106
65, 105
66, 104
66, 102
67, 101
67, 100
68, 99
68, 97
69, 96
69, 95
70, 94
70, 92
71, 91
71, 89
72, 88
72, 87
73, 86
73, 84
74, 83
74, 82
75, 81
75, 79
76, 78
76, 76
77, 75
77, 74
78, 73
78, 71
79, 70
79, 68
80, 67
80, 65
81, 64
81, 63
82, 62
82, 60
83, 59
83, 57
84, 56
84, 54
85, 53
85, 51
86, 50
86, 48
87, 47
87, 45
88, 44
89, 45
89, 56
88, 57
88, 76
87, 77
87, 117
86, 118
86, 131
87, 132
87, 161
86, 162
84, 162
83, 161
79, 161
78, 160
69, 160
68, 161
66, 161
65, 162
64, 162
63, 163
62, 163
59, 166
59, 169
60, 170
61, 170
64, 173
66, 173
67, 172
67, 171
64, 168
64, 167
66, 165
68, 165
69, 164
80, 164
81, 165
84, 165
85, 166
86, 166
88, 168
88, 178
89, 179
89, 191
90, 192
90, 200
91, 201
91, 208
92, 209
92, 214
93, 215
93, 219
94, 220
94, 222
96, 224
97, 224
99, 222
99, 218
100, 217
100, 208
99, 207
99, 197
97, 195
96, 195
95, 196
93, 194
93, 185
92, 184
92, 171
91, 170
91, 168
93, 166
93, 164
91, 162
91, 150
90, 149
90, 94
91, 93
91, 68
92, 67
92, 51
93, 50
93, 38
94, 37
94, 25
95, 24
95, 16
