326, 2
328, 367
4, 369
2, 4
163, 16
162, 17
161, 17
159, 19
159, 20
156, 23
156, 24
154, 26
154, 27
153, 28
153, 29
151, 31
151, 32
150, 33
150, 35
149, 36
149, 37
148, 38
148, 40
147, 41
147, 42
146, 43
146, 45
145, 46
145, 49
144, 50
144, 52
143, 53
143, 55
142, 56
142, 58
141, 59
141, 61
140, 62
140, 64
139, 65
139, 67
138, 68
138, 70
137, 71
137, 74
136, 75
136, 77
135, 78
135, 80
134, 81
134, 83
133, 84
133, 87
132, 88
132, 90
131, 91
131, 94
130, 95
130, 98
129, 99
129, 101
128, 102
128, 105
127, 106
127, 109
126, 110
126, 113
125, 114
125, 117
124, 118
124, 122
123, 123
123, 127
122, 128
122, 134
121, 135
121, 142
120, 143
120, 151
119, 152
119, 154
118, 155
118, 156
117, 157
117, 159
116, 160
116, 161
115, 162
115, 164
114, 165
114, 166
113, 167
113, 168
112, 169
112, 171
111, 172
111, 173
110, 174
110, 175
109, 176
109, 178
108, 179
108, 180
107, 181
107, 182
106, 183
106, 184
105, 185
105, 187
104, 188
104, 189
103, 190
103, 191
102, 192
102, 193
101, 194
101, 195
100, 196
100, 197
99, 198
99, 199
98, 200
98, 201
97, 202
97, 203
96, 204
96, 205
95, 206
95, 207
94, 208
94, 209
93, 210
93, 211
92, 212
92, 213
91, 214
91, 215
90, 216
90, 217
88, 219
88, 220
87, 221
87, 222
86, 223
86, 224
85, 225
85, 226
84, 227
84, 228
82, 230
82, 231
81, 232
81, 233
80, 234
80, 235
79, 236
79, 237
77, 239
77, 240
76, 241
76, 242
74, 244
74, 245
73, 246
73, 247
71, 249
71, 250
69, 252
69, 253
68, 254
68, 255
66, 257
66, 258
64, 260
64, 261
62, 263
62, 264
60, 266
60, 267
57, 270
57, 271
54, 274
54, 275
52, 277
52, 278
49, 281
49, 282
44, 287
44, 288
38, 294
37, 294
34, 297
33, 297
32, 298
31, 298
30, 299
23, 299
21, 297
21, 296
19, 294
19, 293
18, 292
18, 289
17, 288
17, 272
18, 271
18, 267
19, 266
19, 262
20, 261
20, 259
21, 258
21, 256
22, 255
22, 253
23, 252
23, 250
24, 249
24, 247
25, 246
25, 244
26, 243
26, 241
27, 240
27, 239
28, 238
28, 236
29, 235
29, 234
30, 233
30, 232
31, 231
31, 230
32, 229
32, 228
34, 226
34, 225
36, 223
37, 223
38, 222
42, 222
45, 225
45, 227
46, 228
46, 265
45, 266
45, 268
44, 269
44, 270
42, 272
42, 273
43, 274
45, 274
46, 273
46, 272
47, 271
47, 270
48, 269
48, 268
49, 267
49, 260
50, 259
50, 234
49, 233
49, 226
48, 225
48, 223
46, 221
46, 220
45, 220
44, 219
36, 219
34, 221
33, 221
32, 222
32, 223
30, 225
30, 226
29, 227
29, 228
28, 229
28, 230
27, 231
27, 232
26, 233
26, 234
25, 235
25, 237
24, 238
24, 239
23, 240
23, 242
22, 243
22, 245
21, 246
21, 248
20, 249
20, 250
19, 251
19, 254
18, 255
18, 257
17, 258
17, 260
16, 261
16, 264
15, 265
15, 270
14, 271
14, 289
15, 290
15, 293
16, 294
16, 295
17, 296
17, 297
19, 299
19, 300
20, 300
22, 302
23, 302
24, 303
27, 303
28, 302
31, 302
32, 301
33, 301
34, 300
35, 300
36, 299
37, 299
50, 286
50, 285
53, 282
53, 281
56, 278
56, 277
59, 274
59, 273
62, 270
62, 269
64, 267
64, 266
66, 264
66, 263
68, 261
68, 260
70, 258
70, 257
71, 256
71, 255
73, 253
73, 252
75, 250
75, 249
77, 247
77, 246
78, 245
78, 244
79, 243
79, 242
81, 240
81, 239
82, 238
82, 237
83, 236
83, 235
85, 233
85, 232
86, 231
86, 230
87, 229
87, 228
88, 227
88, 226
89, 225
89, 224
91, 222
91, 221
92, 220
92, 219
93, 218
93, 217
94, 216
94, 215
95, 214
95, 213
96, 212
96, 211
97, 210
97, 209
98, 208
98, 207
99, 206
99, 205
100, 204
100, 203
101, 202
101, 201
102, 200
102, 199
103, 198
103, 197
104, 196
104, 195
105, 194
105, 193
106, 192
106, 191
107, 190
107, 189
108, 188
108, 187
109, 186
109, 184
110, 183
110, 182
111, 181
111, 180
112, 179
112, 178
113, 177
113, 175
114, 174
114, 173
115, 172
115, 171
116, 170
116, 168
117, 167
117, 166
119, 164
120, 165
120, 173
121, 174
121, 178
122, 179
122, 181
124, 183
124, 184
127, 187
132, 187
133, 186
134, 186
135, 185
136, 185
137, 184
138, 184
142, 180
143, 180
148, 175
149, 175
159, 165
160, 165
166, 159
166, 158
175, 149
175, 148
179, 144
179, 143
181, 141
182, 142
182, 147
181, 148
181, 159
180, 160
180, 175
181, 176
181, 178
182, 179
182, 180
183, 180
185, 182
190, 182
191, 181
193, 181
194, 180
195, 180
196, 179
197, 179
198, 178
199, 178
200, 177
201, 177
203, 175
204, 175
206, 173
207, 173
209, 171
210, 171
212, 169
213, 169
216, 166
217, 166
220, 163
221, 163
224, 160
225, 160
230, 155
231, 155
236, 150
237, 150
242, 145
243, 145
245, 143
246, 143
248, 141
249, 141
251, 139
254, 139
256, 141
256, 143
257, 144
257, 150
258, 151
257, 152
257, 159
256, 160
254, 160
253, 161
246, 161
245, 162
242, 162
241, 163
237, 163
236, 164
234, 164
233, 165
232, 165
231, 166
229, 166
228, 167
227, 167
226, 168
224, 168
223, 169
222, 169
221, 170
220, 170
219, 171
218, 171
217, 172
216, 172
215, 173
214, 173
212, 175
211, 175
210, 176
209, 176
208, 177
207, 177
205, 179
204, 179
202, 181
201, 181
199, 183
198, 183
196, 185
195, 185
193, 187
192, 187
188, 191
187, 191
183, 195
182, 195
177, 200
176, 200
164, 212
164, 213
159, 218
159, 219
155, 223
155, 224
153, 226
153, 227
151, 229
151, 230
149, 232
149, 233
147, 235
147, 236
146, 237
146, 238
145, 239
145, 240
144, 241
144, 242
143, 243
143, 244
142, 245
142, 246
141, 247
141, 248
140, 249
140, 251
139, 252
139, 254
138, 255
138, 257
137, 258
137, 260
136, 261
136, 263
135, 264
135, 268
134, 269
134, 274
133, 275
133, 297
134, 298
134, 301
135, 302
135, 304
136, 305
136, 307
137, 308
136, 309
136, 311
135, 312
135, 314
134, 315
134, 317
133, 318
133, 319
132, 320
132, 325
131, 326
131, 331
130, 332
130, 336
131, 337
131, 342
132, 343
132, 345
136, 349
136, 350
137, 351
138, 351
139, 352
140, 352
141, 353
143, 353
144, 354
158, 354
159, 353
162, 353
163, 352
166, 352
167, 351
169, 351
170, 350
171, 350
172, 349
173, 349
174, 348
175, 348
176, 347
177, 347
178, 346
179, 346
180, 345
181, 345
182, 344
183, 344
184, 343
185, 343
187, 341
188, 341
191, 338
192, 338
194, 336
195, 336
197, 334
198, 334
202, 330
203, 330
208, 325
209, 325
214, 320
215, 320
230, 305
230, 304
236, 298
236, 297
241, 292
241, 291
245, 287
245, 286
247, 284
247, 283
250, 280
250, 279
252, 277
252, 276
254, 274
254, 273
257, 270
257, 269
258, 268
258, 267
260, 265
260, 264
261, 263
261, 262
262, 261
262, 260
264, 258
264, 257
265, 256
265, 255
267, 253
267, 252
268, 251
268, 250
269, 249
269, 248
270, 247
270, 246
271, 245
271, 244
272, 243
272, 242
273, 241
273, 240
274, 239
274, 238
275, 237
275, 236
276, 235
276, 234
277, 233
277, 232
278, 231
278, 229
279, 228
279, 226
280, 225
280, 224
281, 223
281, 221
282, 220
282, 218
283, 217
283, 215
284, 214
284, 211
285, 210
285, 207
286, 206
286, 202
287, 201
287, 192
288, 191
288, 186
287, 185
287, 182
286, 181
286, 177
285, 176
285, 175
283, 173
283, 172
282, 171
282, 170
283, 169
284, 169
286, 167
287, 167
289, 165
290, 165
291, 164
292, 164
294, 162
295, 162
296, 161
297, 161
299, 159
300, 159
302, 157
303, 157
304, 156
305, 156
307, 154
308, 154
309, 153
310, 153
312, 151
313, 151
315, 149
315, 147
312, 147
310, 149
309, 149
307, 151
306, 151
305, 152
304, 152
302, 154
301, 154
300, 155
299, 155
297, 157
296, 157
294, 159
293, 159
292, 160
291, 160
289, 162
288, 162
287, 163
286, 163
284, 165
283, 165
282, 166
281, 166
280, 167
278, 167
276, 165
275, 165
273, 163
272, 163
271, 162
268, 162
267, 161
263, 161
262, 160
261, 160
260, 159
260, 155
261, 154
261, 149
260, 148
260, 143
259, 142
259, 140
258, 139
258, 138
256, 136
254, 136
253, 135
252, 136
250, 136
249, 137
248, 137
246, 139
245, 139
243, 141
242, 141
239, 144
238, 144
233, 149
232, 149
227, 154
226, 154
221, 159
220, 159
217, 162
216, 162
213, 165
212, 165
210, 167
209, 167
207, 169
206, 169
203, 172
202, 172
201, 173
200, 173
198, 175
197, 175
196, 176
195, 176
194, 177
193, 177
192, 178
190, 178
189, 179
187, 179
186, 178
185, 178
184, 177
184, 175
183, 174
183, 164
184, 163
184, 149
185, 148
185, 144
186, 143
186, 139
187, 138
187, 136
188, 135
188, 132
189, 131
189, 130
190, 129
190, 128
191, 127
191, 126
192, 125
192, 124
194, 122
194, 121
195, 120
195, 119
196, 118
196, 117
198, 115
198, 114
199, 113
199, 112
200, 111
200, 110
201, 109
201, 107
202, 106
202, 105
203, 104
203, 103
204, 102
204, 100
205, 99
205, 98
206, 97
206, 95
207, 94
207, 92
208, 91
208, 89
209, 88
209, 85
210, 84
210, 81
211, 80
211, 76
212, 75
212, 71
213, 70
213, 66
214, 65
214, 58
215, 57
215, 51
216, 50
216, 45
217, 44
217, 42
218, 41
218, 40
219, 39
219, 38
217, 36
214, 39
214, 40
213, 41
213, 42
212, 43
212, 45
211, 46
211, 47
210, 48
210, 50
209, 51
209, 53
208, 54
208, 57
207, 58
207, 61
206, 62
206, 64
205, 65
205, 67
204, 68
204, 70
203, 71
203, 74
202, 75
202, 77
201, 78
201, 81
200, 82
200, 85
199, 86
199, 89
198, 90
198, 93
197, 94
197, 96
196, 97
196, 100
195, 101
195, 103
194, 104
194, 106
193, 107
193, 109
192, 110
192, 112
191, 113
191, 115
190, 116
190, 118
189, 119
189, 121
188, 122
188, 124
187, 125
187, 126
186, 127
186, 128
185, 129
185, 130
183, 132
183, 133
181, 135
181, 136
178, 139
178, 140
174, 144
174, 145
167, 152
167, 153
155, 165
154, 165
145, 174
144, 174
139, 179
138, 179
135, 182
134, 182
133, 183
131, 183
130, 184
129, 184
126, 181
126, 180
125, 179
125, 178
124, 177
124, 173
123, 172
123, 151
124, 150
124, 148
125, 147
125, 146
126, 145
126, 143
127, 142
127, 140
128, 139
128, 138
129, 137
129, 135
130, 134
130, 132
131, 131
131, 129
132, 128
132, 126
133, 125
133, 124
134, 123
134, 121
135, 120
135, 118
136, 117
136, 115
137, 114
137, 112
138, 111
138, 109
139, 108
139, 106
140, 105
140, 103
141, 102
141, 100
142, 99
142, 97
143, 96
143, 94
144, 93
144, 91
145, 90
145, 88
146, 87
146, 85
147, 84
147, 82
148, 81
148, 79
149, 78
149, 76
150, 75
150, 73
151, 72
151, 70
152, 69
152, 67
153, 66
153, 64
154, 63
154, 61
155, 60
155, 58
156, 57
156, 55
157, 54
157, 52
158, 51
158, 49
159, 48
159, 46
160, 45
160, 43
161, 42
161, 39
162, 38
162, 36
163, 35
163, 33
164, 32
164, 30
165, 29
165, 26
166, 25
166, 17
165, 16
243, 196
244, 197
244, 198
243, 199
243, 200
242, 201
242, 202
241, 203
241, 205
240, 206
240, 207
239, 208
239, 209
238, 210
238, 211
237, 212
237, 213
236, 214
236, 215
234, 217
234, 218
233, 219
233, 220
232, 221
232, 222
231, 223
231, 224
230, 225
230, 226
228, 228
228, 229
227, 230
227, 231
225, 233
225, 234
224, 235
224, 236
222, 238
222, 239
220, 241
220, 242
218, 244
218, 245
216, 247
216, 248
214, 250
214, 251
212, 253
212, 254
210, 256
210, 257
207, 260
207, 261
205, 263
205, 264
202, 267
202, 268
198, 272
198, 273
194, 277
194, 278
189, 283
189, 284
173, 300
172, 300
169, 303
168, 303
165, 306
164, 306
162, 308
161, 308
160, 309
159, 309
158, 310
156, 310
155, 311
153, 311
152, 312
148, 312
147, 311
145, 311
144, 310
143, 310
141, 308
141, 305
142, 304
142, 303
144, 301
144, 300
145, 299
145, 298
146, 297
146, 296
147, 295
147, 294
149, 292
149, 291
150, 290
150, 289
151, 288
151, 287
153, 285
153, 284
155, 282
155, 281
157, 279
157, 278
160, 275
160, 274
162, 272
162, 271
165, 268
165, 267
167, 265
167, 264
173, 258
173, 257
182, 248
182, 247
197, 232
198, 232
208, 222
209, 222
215, 216
216, 216
219, 213
220, 213
222, 211
223, 211
226, 208
227, 208
229, 206
230, 206
233, 203
234, 203
237, 200
238, 200
240, 198
241, 198
278, 172
281, 175
281, 176
283, 178
283, 182
284, 183
284, 187
285, 188
285, 189
284, 190
284, 200
283, 201
283, 205
282, 206
282, 209
281, 210
281, 213
280, 214
280, 216
279, 217
279, 219
278, 220
278, 221
277, 222
277, 224
276, 225
276, 227
275, 228
275, 229
274, 230
274, 232
273, 233
273, 234
272, 235
272, 236
271, 237
271, 238
270, 239
270, 240
269, 241
269, 242
268, 243
268, 244
267, 245
267, 246
266, 247
266, 248
264, 250
264, 251
263, 252
263, 253
262, 254
262, 255
260, 257
260, 258
259, 259
259, 260
258, 261
258, 262
256, 264
256, 265
255, 266
255, 267
253, 269
253, 270
250, 273
250, 274
248, 276
248, 277
246, 279
246, 280
243, 283
243, 284
240, 287
240, 288
234, 294
234, 295
229, 300
229, 301
211, 319
210, 319
205, 324
204, 324
199, 329
198, 329
195, 332
194, 332
191, 335
190, 335
188, 337
187, 337
185, 339
184, 339
182, 341
181, 341
180, 342
179, 342
178, 343
177, 343
176, 344
175, 344
174, 345
173, 345
172, 346
171, 346
170, 347
169, 347
168, 348
165, 348
164, 349
162, 349
161, 350
158, 350
157, 351
145, 351
144, 350
142, 350
141, 349
140, 349
137, 346
137, 345
135, 343
135, 342
134, 341
134, 336
133, 335
133, 333
134, 332
134, 327
135, 326
135, 322
136, 321
136, 319
137, 318
137, 316
138, 315
138, 313
139, 312
141, 312
142, 313
143, 313
144, 314
145, 314
146, 315
153, 315
154, 314
156, 314
157, 313
159, 313
160, 312
161, 312
162, 311
163, 311
164, 310
165, 310
167, 308
168, 308
171, 305
172, 305
177, 300
178, 300
189, 289
189, 288
196, 281
196, 280
200, 276
200, 275
204, 271
204, 270
207, 267
207, 266
209, 264
209, 263
212, 260
212, 259
214, 257
214, 256
216, 254
216, 253
218, 251
218, 250
220, 248
220, 247
222, 245
222, 244
224, 242
224, 241
226, 239
226, 238
227, 237
227, 236
229, 234
229, 233
230, 232
230, 231
232, 229
232, 228
233, 227
233, 226
234, 225
234, 224
235, 223
235, 222
237, 220
237, 219
238, 218
238, 217
239, 216
239, 215
240, 214
240, 213
241, 212
241, 211
242, 210
242, 209
243, 208
243, 207
244, 206
244, 205
245, 204
245, 203
246, 202
246, 200
247, 199
247, 198
248, 197
248, 196
249, 195
249, 194
250, 193
250, 192
253, 189
254, 189
256, 187
257, 187
260, 184
261, 184
263, 182
264, 182
266, 180
267, 180
269, 178
270, 178
272, 176
273, 176
275, 174
276, 174
246, 165
247, 164
255, 164
256, 165
255, 166
255, 169
254, 170
254, 173
253, 174
253, 176
252, 177
252, 178
251, 179
251, 181
250, 182
250, 184
249, 185
249, 187
245, 191
244, 191
241, 194
240, 194
238, 196
237, 196
234, 199
233, 199
231, 201
230, 201
227, 204
226, 204
224, 206
223, 206
220, 209
219, 209
217, 211
216, 211
213, 214
212, 214
204, 222
203, 222
193, 232
192, 232
182, 242
182, 243
173, 252
173, 253
165, 261
165, 262
163, 264
163, 265
161, 267
161, 268
158, 271
158, 272
156, 274
156, 275
153, 278
153, 279
151, 281
151, 282
149, 284
149, 285
148, 286
148, 287
147, 288
147, 289
145, 291
145, 292
144, 293
144, 294
143, 295
143, 296
141, 298
141, 299
140, 300
140, 301
139, 302
137, 300
137, 297
136, 296
136, 276
137, 275
137, 270
138, 269
138, 265
139, 264
139, 262
140, 261
140, 259
141, 258
141, 256
142, 255
142, 253
143, 252
143, 251
144, 250
144, 249
145, 248
145, 246
146, 245
146, 244
147, 243
147, 242
148, 241
148, 240
149, 239
149, 238
151, 236
151, 235
153, 233
153, 232
155, 230
155, 229
156, 228
156, 227
161, 222
161, 221
165, 217
165, 216
180, 201
181, 201
185, 197
186, 197
191, 192
192, 192
195, 189
196, 189
198, 187
199, 187
201, 185
202, 185
204, 183
205, 183
207, 181
208, 181
210, 179
211, 179
212, 178
213, 178
214, 177
215, 177
216, 176
217, 176
219, 174
220, 174
221, 173
222, 173
223, 172
225, 172
226, 171
227, 171
228, 170
229, 170
230, 169
232, 169
233, 168
234, 168
235, 167
238, 167
239, 166
242, 166
243, 165
261, 163
262, 164
266, 164
267, 165
270, 165
272, 167
273, 167
275, 169
275, 170
273, 172
272, 172
270, 174
269, 174
267, 176
266, 176
264, 178
263, 178
261, 180
260, 180
257, 183
256, 183
255, 184
254, 183
254, 181
255, 180
255, 178
256, 177
256, 175
257, 174
257, 171
258, 170
258, 167
259, 166
259, 165
208, 67
209, 66
210, 67
210, 69
209, 70
209, 74
208, 75
208, 79
207, 80
207, 83
206, 84
206, 87
205, 88
205, 90
204, 91
204, 93
203, 94
203, 96
202, 97
202, 98
201, 99
201, 100
200, 101
199, 100
199, 98
200, 97
200, 95
201, 94
201, 91
202, 90
202, 87
203, 86
203, 83
204, 82
204, 79
205, 78
205, 76
206, 75
206, 72
207, 71
207, 69
208, 68
160, 23
161, 22
162, 22
163, 23
163, 24
162, 25
162, 28
161, 29
161, 31
160, 32
160, 34
159, 35
159, 37
158, 38
158, 40
157, 41
157, 44
156, 45
156, 47
155, 48
155, 50
154, 51
154, 53
153, 54
153, 56
152, 57
152, 59
151, 60
151, 62
150, 63
150, 65
149, 66
149, 68
148, 69
148, 71
147, 72
147, 74
146, 75
146, 77
145, 78
145, 80
144, 81
144, 83
143, 84
143, 86
142, 87
142, 89
141, 90
141, 92
140, 93
140, 95
139, 96
139, 98
138, 99
138, 101
137, 102
137, 104
136, 105
136, 107
135, 108
135, 110
134, 111
134, 113
133, 114
133, 116
132, 117
132, 119
131, 120
131, 121
130, 122
130, 124
129, 125
129, 127
128, 128
128, 130
127, 131
127, 132
126, 133
125, 132
125, 129
126, 128
126, 124
127, 123
127, 119
128, 118
128, 115
129, 114
129, 111
130, 110
130, 107
131, 106
131, 103
132, 102
132, 100
133, 99
133, 96
134, 95
134, 93
135, 92
135, 89
136, 88
136, 85
137, 84
137, 82
138, 81
138, 79
139, 78
139, 76
140, 75
140, 73
141, 72
141, 69
142, 68
142, 66
143, 65
143, 63
144, 62
144, 60
145, 59
145, 57
146, 56
146, 54
147, 53
147, 51
148, 50
148, 48
149, 47
149, 45
150, 44
150, 42
151, 41
151, 39
152, 38
152, 37
153, 36
153, 35
154, 34
154, 33
155, 32
155, 31
156, 30
156, 29
158, 27
158, 26
160, 24
