0, 3
2, 3
4, 5
4, 73
2, 75
0, 75
0, 77
2, 77
4, 79
4, 147
2, 149
0, 149
0, 151
2, 151
4, 153
4, 221
2, 223
0, 223
0, 225
2, 225
4, 227
4, 295
2, 297
0, 297
0, 299
2, 299
4, 301
260, 2
262, 367
8, 369
6, 4
122, 329
121, 330
120, 330
122, 330
174, 274
172, 276
172, 277
169, 280
169, 281
166, 284
166, 285
164, 287
164, 288
163, 289
166, 286
166, 285
169, 282
169, 281
171, 279
171, 278
173, 276
173, 275
168, 186
165, 189
164, 189
161, 192
162, 191
163, 191
209, 179
209, 180
210, 180
115, 130
114, 131
114, 134
113, 135
113, 139
112, 140
112, 143
111, 144
111, 148
110, 149
110, 152
109, 153
109, 156
108, 157
108, 161
107, 162
107, 165
107, 163
108, 162
108, 158
109, 157
109, 154
110, 153
110, 149
111, 148
111, 145
112, 144
112, 141
113, 140
113, 137
114, 136
114, 132
115, 131
187, 55
187, 57
186, 58
186, 61
185, 62
185, 64
185, 62
186, 61
186, 59
187, 58
136, 52
135, 53
135, 55
134, 56
134, 58
133, 59
133, 61
132, 62
132, 64
131, 65
131, 68
130, 69
130, 71
129, 72
129, 75
128, 76
128, 78
127, 79
127, 82
126, 83
126, 86
125, 87
125, 89
124, 90
124, 93
123, 94
123, 97
122, 98
122, 101
121, 102
121, 105
120, 106
120, 109
119, 110
119, 113
118, 114
118, 118
117, 119
117, 122
116, 123
116, 126
115, 127
115, 128
116, 127
116, 123
117, 122
117, 120
118, 119
118, 116
119, 115
119, 112
120, 111
120, 107
121, 106
121, 103
122, 102
122, 99
123, 98
123, 95
124, 94
124, 91
125, 90
125, 87
126, 86
126, 84
127, 83
127, 80
128, 79
128, 76
129, 75
129, 73
130, 72
130, 70
131, 69
131, 66
132, 65
132, 63
133, 62
133, 60
134, 59
134, 57
135, 56
135, 53
