276, 2
278, 367
4, 369
2, 4
144, 17
142, 19
141, 19
141, 20
139, 22
139, 23
138, 24
138, 25
136, 27
136, 29
135, 30
135, 31
134, 32
134, 34
133, 35
133, 37
132, 38
132, 39
131, 40
131, 42
130, 43
130, 45
129, 46
129, 49
128, 50
128, 52
127, 53
127, 55
126, 56
126, 58
125, 59
125, 61
124, 62
124, 64
123, 65
123, 67
122, 68
122, 70
121, 71
121, 73
120, 74
120, 76
119, 77
119, 79
118, 80
118, 82
117, 83
117, 86
116, 87
116, 89
115, 90
115, 93
114, 94
114, 96
113, 97
113, 100
112, 101
112, 103
111, 104
111, 107
110, 108
110, 112
109, 113
109, 117
108, 118
108, 124
107, 125
107, 132
106, 133
106, 157
107, 158
107, 166
108, 167
108, 171
109, 172
109, 174
110, 175
110, 176
112, 178
112, 179
113, 180
113, 182
112, 183
112, 186
111, 187
111, 189
110, 190
110, 193
109, 194
109, 196
108, 197
108, 199
107, 200
107, 202
106, 203
106, 205
105, 206
105, 208
104, 209
104, 211
103, 212
103, 213
102, 214
102, 216
101, 217
101, 219
100, 220
100, 222
99, 223
99, 224
98, 225
98, 227
97, 228
97, 229
96, 230
96, 231
95, 232
95, 233
94, 234
94, 236
93, 237
93, 238
92, 239
92, 240
91, 241
91, 242
90, 243
90, 244
89, 245
89, 246
88, 247
88, 248
87, 249
87, 250
86, 251
86, 252
85, 253
85, 254
83, 256
83, 257
82, 258
82, 259
81, 260
81, 261
80, 262
80, 263
78, 265
78, 266
77, 267
77, 268
76, 269
76, 270
74, 272
74, 273
73, 274
73, 275
71, 277
71, 278
70, 279
70, 280
68, 282
68, 283
67, 284
67, 285
65, 287
65, 288
63, 290
63, 291
61, 293
61, 294
59, 296
59, 297
58, 298
58, 299
55, 302
55, 303
53, 305
53, 306
50, 309
50, 310
46, 314
44, 312
44, 298
43, 297
43, 280
42, 279
42, 274
41, 273
41, 270
40, 269
40, 267
37, 264
32, 264
31, 265
30, 265
29, 266
28, 266
22, 272
22, 273
21, 274
21, 275
20, 276
20, 277
19, 278
19, 279
18, 280
18, 282
17, 283
17, 286
16, 287
16, 292
15, 293
15, 300
14, 301
14, 312
13, 313
13, 322
14, 323
14, 331
15, 332
15, 334
16, 335
16, 336
17, 337
18, 337
19, 338
24, 338
25, 337
26, 337
28, 335
29, 335
33, 331
33, 330
43, 320
44, 321
45, 321
45, 317
47, 315
47, 314
51, 310
51, 309
53, 307
53, 306
56, 303
56, 302
58, 300
58, 299
60, 297
60, 296
62, 294
62, 293
64, 291
64, 290
65, 289
65, 288
67, 286
67, 285
69, 283
69, 282
70, 281
70, 280
72, 278
72, 277
73, 276
73, 275
75, 273
75, 272
76, 271
76, 270
78, 268
78, 267
79, 266
79, 265
80, 264
80, 263
81, 262
81, 261
83, 259
83, 258
84, 257
84, 256
85, 255
85, 254
86, 253
86, 252
87, 251
87, 250
88, 249
88, 248
89, 247
89, 246
90, 245
90, 244
91, 243
91, 242
92, 241
92, 240
93, 239
93, 238
94, 237
94, 236
95, 235
95, 234
96, 233
96, 231
97, 230
97, 229
98, 228
98, 227
99, 226
99, 224
100, 223
100, 222
101, 221
101, 219
102, 218
102, 216
103, 215
103, 213
104, 212
104, 210
105, 209
105, 207
106, 206
106, 204
107, 203
107, 201
108, 200
108, 198
109, 197
109, 195
110, 194
110, 192
111, 191
111, 188
112, 187
112, 184
113, 183
113, 182
116, 179
117, 179
118, 178
120, 178
121, 177
122, 177
124, 175
125, 175
127, 173
128, 173
144, 157
144, 156
153, 147
153, 146
159, 140
159, 139
164, 134
164, 133
168, 129
168, 128
171, 125
171, 124
174, 121
174, 120
176, 118
176, 117
178, 115
178, 114
180, 112
180, 111
182, 109
182, 108
184, 106
184, 105
185, 104
185, 103
187, 101
187, 100
189, 98
191, 100
190, 101
190, 107
189, 108
189, 116
188, 117
188, 127
187, 128
187, 137
186, 138
186, 178
187, 179
187, 183
188, 184
189, 184
190, 185
192, 185
193, 184
194, 184
197, 181
198, 181
219, 160
219, 159
226, 152
226, 151
238, 139
239, 139
243, 135
244, 135
247, 132
249, 132
250, 131
251, 131
252, 132
254, 132
258, 136
258, 137
259, 138
259, 139
260, 140
260, 144
261, 145
261, 162
260, 163
260, 170
259, 171
259, 175
258, 176
258, 179
257, 180
257, 183
255, 185
243, 185
242, 186
239, 186
238, 187
235, 187
234, 188
232, 188
231, 189
230, 189
229, 190
227, 190
226, 191
225, 191
224, 192
223, 192
222, 193
221, 193
220, 194
219, 194
217, 196
216, 196
215, 197
214, 197
212, 199
211, 199
209, 201
208, 201
206, 203
205, 203
203, 205
202, 205
199, 208
198, 208
193, 213
192, 213
177, 228
177, 229
174, 232
174, 233
170, 237
170, 238
168, 240
168, 241
166, 243
166, 244
165, 245
165, 246
163, 248
163, 249
162, 250
162, 251
161, 252
161, 254
160, 255
160, 256
159, 257
159, 258
158, 259
158, 262
157, 263
157, 265
156, 266
156, 268
155, 269
155, 270
149, 276
148, 276
137, 287
137, 288
125, 300
125, 301
122, 304
122, 305
120, 307
120, 308
117, 311
117, 312
115, 314
115, 315
113, 317
113, 318
112, 319
112, 320
111, 321
111, 322
110, 323
110, 324
109, 325
109, 327
108, 328
108, 329
107, 330
107, 331
106, 332
106, 338
105, 339
105, 345
106, 346
106, 347
107, 348
107, 349
109, 351
110, 351
111, 352
113, 352
114, 353
121, 353
122, 352
127, 352
128, 351
130, 351
131, 350
133, 350
134, 349
136, 349
137, 348
138, 348
139, 347
140, 347
141, 346
142, 346
143, 345
144, 345
146, 343
147, 343
148, 342
149, 342
150, 341
151, 341
153, 339
154, 339
157, 336
158, 336
160, 334
161, 334
164, 331
165, 331
169, 327
170, 327
175, 322
176, 322
181, 317
182, 317
203, 296
203, 295
215, 283
215, 282
222, 275
222, 274
228, 268
228, 267
231, 264
231, 263
235, 259
235, 258
238, 255
238, 254
241, 251
241, 250
244, 247
244, 246
246, 244
246, 243
248, 241
248, 240
251, 237
251, 236
252, 235
252, 234
254, 232
254, 231
255, 230
255, 229
256, 228
256, 227
258, 225
258, 224
259, 223
259, 222
260, 221
260, 220
261, 219
261, 217
262, 216
262, 215
263, 214
263, 212
264, 211
264, 208
265, 207
265, 201
266, 200
266, 199
265, 198
265, 195
264, 194
264, 192
262, 190
262, 189
261, 188
260, 188
257, 185
257, 182
258, 181
258, 177
259, 176
259, 172
260, 171
260, 164
261, 163
261, 144
260, 143
260, 139
259, 138
259, 136
257, 134
257, 133
256, 133
255, 132
254, 132
253, 131
248, 131
247, 132
246, 132
244, 134
243, 134
239, 138
238, 138
224, 152
224, 153
216, 161
216, 162
197, 181
196, 181
194, 183
193, 183
192, 184
190, 184
187, 181
187, 178
186, 177
186, 140
187, 139
187, 129
188, 128
188, 118
189, 117
189, 109
190, 108
190, 102
191, 101
191, 98
192, 97
192, 94
193, 93
193, 92
194, 91
194, 89
195, 88
195, 87
196, 86
196, 84
197, 83
197, 82
198, 81
198, 80
199, 79
199, 78
200, 77
200, 76
201, 75
201, 74
202, 73
202, 72
203, 71
203, 70
204, 69
204, 68
205, 67
205, 65
206, 64
206, 63
207, 62
207, 61
208, 60
208, 58
209, 57
209, 56
210, 55
210, 53
211, 52
211, 50
212, 49
212, 48
213, 47
213, 45
214, 44
214, 43
215, 42
215, 40
216, 39
216, 36
217, 35
217, 32
215, 32
215, 33
213, 35
213, 36
212, 37
212, 38
211, 39
211, 40
210, 41
210, 43
209, 44
209, 46
208, 47
208, 49
207, 50
207, 52
206, 53
206, 55
205, 56
205, 57
204, 58
204, 60
203, 61
203, 62
202, 63
202, 65
201, 66
201, 67
200, 68
200, 70
199, 71
199, 72
198, 73
198, 75
197, 76
197, 78
196, 79
196, 80
195, 81
195, 83
194, 84
194, 85
193, 86
193, 87
192, 88
192, 90
191, 91
191, 92
190, 93
190, 94
189, 95
189, 96
188, 97
188, 98
186, 100
186, 101
185, 102
185, 103
183, 105
183, 106
181, 108
181, 109
179, 111
179, 112
177, 114
177, 115
175, 117
175, 118
173, 120
173, 121
170, 124
170, 125
167, 128
167, 129
164, 132
164, 133
158, 139
158, 140
151, 147
151, 148
142, 157
142, 158
128, 172
127, 172
124, 175
123, 175
122, 176
121, 176
120, 177
119, 177
118, 178
116, 178
115, 177
115, 173
116, 172
116, 170
117, 169
117, 166
118, 165
118, 162
119, 161
119, 158
120, 157
120, 154
121, 153
121, 150
122, 149
122, 146
123, 145
123, 143
124, 142
124, 139
125, 138
125, 135
126, 134
126, 132
127, 131
127, 128
128, 127
128, 125
129, 124
129, 121
130, 120
130, 118
131, 117
131, 115
132, 114
132, 112
133, 111
133, 108
134, 107
134, 105
135, 104
135, 102
136, 101
136, 99
137, 98
137, 97
138, 96
138, 94
139, 93
139, 91
140, 90
140, 88
141, 87
141, 85
142, 84
142, 83
143, 82
143, 80
144, 79
144, 77
145, 76
145, 74
146, 73
146, 72
147, 71
147, 69
148, 68
148, 66
149, 65
149, 63
150, 62
150, 59
151, 58
151, 55
152, 54
152, 48
153, 47
153, 35
152, 34
152, 28
151, 27
151, 25
150, 24
150, 23
149, 22
149, 21
148, 20
148, 19
146, 17
33, 265
34, 264
39, 267
39, 268
40, 269
40, 270
41, 271
41, 274
42, 275
42, 281
43, 282
43, 300
44, 301
43, 316
43, 318
41, 320
41, 321
25, 337
24, 337
23, 338
15, 333
15, 331
14, 330
14, 320
13, 319
13, 316
14, 315
14, 303
15, 302
15, 294
16, 293
16, 289
17, 288
18, 283
18, 282
19, 281
19, 279
20, 278
20, 277
21, 276
21, 275
22, 274
22, 273
29, 266
30, 266
31, 265
257, 188
259, 188
263, 192
263, 193
264, 194
264, 195
265, 196
265, 206
264, 207
264, 209
263, 210
263, 212
262, 213
262, 215
261, 216
261, 217
260, 218
260, 220
259, 221
259, 222
257, 224
257, 225
256, 226
256, 227
255, 228
255, 229
253, 231
253, 232
252, 233
252, 234
250, 236
250, 237
248, 239
248, 240
246, 242
246, 243
243, 246
243, 247
241, 249
241, 250
238, 253
238, 254
234, 258
234, 259
231, 262
231, 263
227, 267
227, 268
220, 275
220, 276
214, 282
214, 283
200, 297
200, 298
189, 309
188, 309
176, 321
175, 321
170, 326
169, 326
165, 330
164, 330
161, 333
160, 333
157, 336
156, 336
154, 338
153, 338
150, 341
149, 341
148, 342
147, 342
146, 343
145, 343
144, 344
143, 344
142, 345
141, 345
140, 346
139, 346
138, 347
137, 347
136, 348
135, 348
134, 349
132, 349
131, 350
129, 350
128, 351
127, 351
126, 352
120, 352
119, 353
116, 353
115, 352
113, 352
112, 351
110, 351
107, 348
107, 347
106, 346
106, 344
105, 343
105, 341
106, 340
106, 334
107, 333
107, 331
108, 330
108, 329
109, 328
109, 327
110, 326
110, 324
111, 323
111, 322
112, 321
112, 320
113, 319
113, 318
116, 315
116, 314
118, 312
118, 311
120, 309
120, 308
123, 305
123, 304
126, 301
126, 300
140, 286
140, 285
147, 278
148, 278
153, 273
154, 273
156, 275
155, 276
155, 277
156, 278
156, 283
157, 284
157, 286
158, 287
158, 288
159, 289
159, 290
164, 295
165, 295
166, 296
168, 296
169, 297
179, 297
180, 296
184, 296
185, 295
186, 295
188, 293
189, 293
190, 292
191, 292
193, 290
194, 290
197, 287
198, 287
202, 283
203, 283
213, 273
213, 272
218, 267
218, 266
221, 263
221, 262
224, 259
224, 258
226, 256
226, 255
228, 253
228, 252
229, 251
229, 250
231, 248
231, 247
232, 246
232, 245
233, 244
233, 243
234, 242
234, 241
235, 240
235, 239
236, 238
236, 237
237, 236
237, 235
238, 234
238, 233
239, 232
239, 231
240, 230
240, 229
241, 228
241, 227
242, 226
242, 224
243, 223
243, 222
244, 221
244, 220
245, 219
245, 217
246, 216
246, 215
247, 214
247, 212
248, 211
248, 209
249, 208
249, 207
250, 206
250, 204
251, 203
251, 201
252, 200
252, 199
253, 198
253, 196
254, 195
254, 192
255, 191
255, 190
244, 186
245, 185
253, 185
255, 187
255, 190
254, 191
254, 193
253, 194
253, 196
252, 197
252, 199
251, 200
251, 202
250, 203
250, 204
249, 205
249, 207
248, 208
248, 210
247, 211
247, 212
246, 213
246, 215
245, 216
245, 217
244, 218
244, 219
243, 220
243, 222
242, 223
242, 224
241, 225
241, 227
240, 228
240, 229
239, 230
239, 231
238, 232
238, 233
237, 234
237, 235
236, 236
236, 237
235, 238
235, 239
234, 240
234, 241
233, 242
233, 243
232, 244
232, 245
230, 247
230, 248
229, 249
229, 250
227, 252
227, 253
226, 254
226, 255
223, 258
223, 259
220, 262
220, 263
217, 266
217, 267
211, 273
211, 274
205, 280
204, 280
197, 287
196, 287
193, 290
192, 290
190, 292
189, 292
188, 293
187, 293
186, 294
185, 294
184, 295
183, 295
182, 296
179, 296
178, 297
170, 297
169, 296
168, 296
167, 295
165, 295
159, 289
159, 288
158, 287
158, 286
157, 285
157, 283
156, 282
156, 272
157, 271
157, 270
164, 263
165, 263
171, 257
172, 257
174, 255
175, 255
177, 253
178, 253
180, 251
181, 251
183, 249
184, 249
186, 247
187, 247
189, 245
190, 245
193, 242
194, 242
196, 240
197, 240
199, 238
200, 238
202, 236
203, 236
205, 234
206, 234
207, 233
208, 233
209, 232
210, 232
212, 230
213, 230
214, 229
215, 229
216, 228
217, 228
218, 227
219, 227
221, 225
222, 225
223, 224
224, 224
225, 223
226, 223
228, 221
229, 221
230, 220
231, 220
232, 219
233, 219
235, 217
236, 217
237, 216
238, 216
239, 215
240, 215
242, 213
243, 213
241, 213
240, 214
239, 214
237, 216
236, 216
235, 217
234, 217
233, 218
232, 218
231, 219
230, 219
228, 221
227, 221
226, 222
225, 222
224, 223
223, 223
221, 225
220, 225
219, 226
218, 226
217, 227
216, 227
214, 229
213, 229
212, 230
211, 230
210, 231
209, 231
207, 233
206, 233
205, 234
204, 234
202, 236
201, 236
199, 238
198, 238
196, 240
195, 240
193, 242
192, 242
190, 244
189, 244
187, 246
186, 246
184, 248
183, 248
181, 250
180, 250
178, 252
177, 252
175, 254
174, 254
172, 256
171, 256
166, 261
165, 261
160, 266
158, 266
157, 265
157, 264
158, 263
158, 261
159, 260
159, 258
160, 257
160, 256
161, 255
161, 254
162, 253
162, 252
163, 251
163, 250
164, 249
164, 248
165, 247
165, 246
167, 244
167, 243
169, 241
169, 240
171, 238
171, 237
174, 234
174, 233
178, 229
178, 228
192, 214
193, 214
199, 208
200, 208
202, 206
203, 206
206, 203
207, 203
209, 201
210, 201
212, 199
213, 199
214, 198
215, 198
217, 196
218, 196
219, 195
220, 195
222, 193
223, 193
224, 192
226, 192
227, 191
228, 191
229, 190
230, 190
231, 189
233, 189
234, 188
235, 188
236, 187
240, 187
241, 186
207, 58
205, 59
213, 37
214, 36
215, 37
215, 40
214, 41
214, 43
213, 44
213, 45
212, 46
212, 48
211, 49
211, 50
210, 51
210, 53
209, 54
209, 55
208, 56
208, 57
207, 58
206, 55
207, 54
207, 52
208, 51
208, 49
209, 48
209, 46
210, 45
210, 43
211, 42
211, 41
212, 40
212, 39
213, 38
144, 18
146, 18
148, 20
148, 21
149, 22
149, 23
150, 24
150, 26
151, 27
151, 29
152, 30
152, 35
153, 36
153, 45
152, 46
152, 52
151, 53
151, 57
150, 58
150, 60
149, 61
149, 63
148, 64
148, 67
147, 68
147, 69
146, 70
146, 72
145, 73
145, 75
144, 76
144, 77
143, 78
143, 80
142, 81
142, 83
141, 84
141, 86
140, 87
140, 88
139, 89
139, 91
138, 92
138, 94
137, 95
137, 97
136, 98
136, 100
135, 101
135, 103
134, 104
134, 106
133, 107
133, 109
132, 110
132, 112
131, 113
131, 115
130, 116
130, 119
129, 120
129, 122
128, 123
128, 126
127, 127
127, 129
126, 130
126, 133
125, 134
125, 136
124, 137
124, 140
123, 141
123, 144
122, 145
122, 148
121, 149
121, 152
120, 153
120, 156
119, 157
119, 159
118, 160
118, 163
117, 164
117, 167
116, 168
116, 171
115, 172
115, 174
114, 175
114, 176
113, 177
110, 174
110, 173
109, 172
109, 171
108, 170
108, 166
107, 165
107, 157
106, 156
106, 135
107, 134
107, 126
108, 125
108, 119
109, 118
109, 114
110, 113
110, 109
111, 108
111, 106
112, 105
112, 102
113, 101
113, 99
114, 98
114, 95
115, 94
115, 92
116, 91
116, 88
117, 87
117, 85
118, 84
118, 82
119, 81
119, 79
120, 78
120, 75
121, 74
121, 72
122, 71
122, 69
123, 68
123, 66
124, 65
124, 63
125, 62
125, 60
126, 59
126, 57
127, 56
127, 54
128, 53
128, 51
129, 50
129, 48
130, 47
130, 45
131, 44
131, 42
132, 41
132, 39
133, 38
133, 36
134, 35
134, 34
135, 33
135, 31
136, 30
136, 29
137, 28
137, 27
138, 26
138, 25
139, 24
139, 23
