342, 2
344, 367
4, 369
2, 4
139, 16
138, 17
138, 19
139, 20
139, 23
140, 24
140, 32
139, 33
139, 34
138, 35
138, 36
137, 37
137, 38
136, 39
136, 41
135, 42
135, 43
134, 44
134, 45
133, 46
133, 48
132, 49
132, 50
131, 51
131, 53
130, 54
130, 56
129, 57
129, 59
128, 60
128, 63
127, 64
127, 66
126, 67
126, 70
125, 71
125, 74
124, 75
124, 79
123, 80
123, 83
122, 84
122, 88
121, 89
121, 93
120, 94
120, 99
119, 100
119, 105
118, 106
118, 111
117, 112
117, 118
116, 119
116, 125
115, 126
115, 133
114, 134
114, 142
113, 143
113, 152
112, 153
112, 181
111, 182
111, 185
110, 186
110, 188
109, 189
109, 190
108, 191
108, 193
107, 194
107, 196
106, 197
106, 198
105, 199
105, 201
104, 202
104, 203
103, 204
103, 206
102, 207
102, 208
101, 209
101, 210
100, 211
100, 213
99, 214
99, 215
98, 216
98, 217
97, 218
97, 220
96, 221
96, 222
95, 223
95, 224
94, 225
94, 226
93, 227
93, 228
92, 229
92, 230
91, 231
91, 232
90, 233
90, 234
89, 235
89, 237
88, 238
88, 239
86, 241
86, 242
85, 243
85, 244
84, 245
84, 246
83, 247
83, 248
82, 249
82, 250
81, 251
81, 252
80, 253
80, 254
79, 255
79, 256
78, 257
78, 258
77, 259
77, 260
76, 261
76, 262
75, 263
75, 264
73, 266
73, 267
72, 268
72, 269
71, 270
71, 271
70, 272
70, 273
69, 274
69, 275
67, 277
67, 278
66, 279
66, 280
65, 281
65, 282
64, 283
64, 284
63, 285
63, 286
62, 287
62, 288
61, 289
61, 290
59, 292
59, 293
58, 294
58, 295
57, 296
57, 297
56, 298
56, 299
55, 300
55, 301
53, 303
53, 304
52, 305
52, 306
51, 307
51, 308
49, 310
49, 311
48, 312
48, 313
46, 315
46, 316
44, 318
44, 319
43, 320
43, 321
40, 324
40, 325
37, 328
37, 329
31, 335
30, 335
28, 337
27, 337
26, 338
22, 338
19, 335
19, 334
18, 333
18, 330
17, 329
17, 322
18, 321
18, 315
19, 314
19, 311
20, 310
20, 308
21, 307
21, 304
22, 303
22, 301
23, 300
23, 299
24, 298
24, 296
25, 295
25, 293
26, 292
26, 290
27, 289
27, 287
28, 286
28, 285
29, 284
29, 282
30, 281
30, 280
31, 279
31, 277
32, 276
32, 275
33, 274
33, 272
34, 271
34, 270
35, 269
35, 268
36, 267
36, 266
37, 265
37, 264
38, 263
38, 262
40, 260
40, 259
41, 258
41, 257
48, 250
50, 250
51, 249
54, 249
55, 250
56, 250
58, 252
58, 253
59, 254
59, 257
60, 258
60, 265
59, 266
59, 271
58, 272
58, 275
57, 276
57, 278
56, 279
56, 280
55, 281
55, 282
54, 283
54, 284
53, 285
53, 286
52, 287
52, 292
53, 292
54, 291
54, 288
55, 287
55, 286
56, 285
56, 284
57, 283
57, 282
58, 281
58, 279
59, 278
59, 276
60, 275
60, 272
61, 271
61, 267
62, 266
62, 258
61, 257
61, 254
60, 253
60, 252
59, 251
59, 250
57, 248
56, 248
55, 247
50, 247
49, 248
48, 248
47, 249
46, 249
40, 255
40, 256
38, 258
38, 259
37, 260
37, 261
35, 263
35, 264
34, 265
34, 266
33, 267
33, 269
32, 270
32, 271
31, 272
31, 273
30, 274
30, 276
29, 277
29, 278
28, 279
28, 281
27, 282
27, 283
26, 284
26, 286
25, 287
25, 289
24, 290
24, 291
23, 292
23, 294
22, 295
22, 297
21, 298
21, 300
20, 301
20, 303
19, 304
19, 306
18, 307
18, 310
17, 311
17, 314
16, 315
16, 320
15, 321
15, 330
16, 331
16, 334
17, 335
17, 336
20, 339
21, 339
22, 340
26, 340
27, 339
29, 339
31, 337
32, 337
39, 330
39, 329
42, 326
42, 325
44, 323
44, 322
46, 320
46, 319
48, 317
48, 316
50, 314
50, 313
51, 312
51, 311
52, 310
52, 309
54, 307
54, 306
55, 305
55, 304
56, 303
56, 302
57, 301
57, 300
59, 298
59, 297
60, 296
60, 295
61, 294
61, 293
62, 292
62, 291
63, 290
63, 289
65, 287
65, 286
66, 285
66, 284
67, 283
67, 282
68, 281
68, 280
69, 279
69, 278
70, 277
70, 276
71, 275
71, 274
73, 272
73, 271
74, 270
74, 269
75, 268
75, 267
76, 266
76, 265
77, 264
77, 263
78, 262
78, 261
80, 259
80, 258
81, 257
81, 256
82, 255
82, 254
83, 253
83, 252
84, 251
84, 250
85, 249
85, 248
86, 247
86, 246
87, 245
87, 244
88, 243
88, 242
89, 241
89, 240
90, 239
90, 238
91, 237
91, 236
92, 235
92, 234
93, 233
93, 232
94, 231
94, 230
95, 229
95, 228
96, 227
96, 226
97, 225
97, 223
98, 222
98, 221
99, 220
99, 219
100, 218
100, 217
101, 216
101, 214
102, 213
102, 212
103, 211
103, 210
104, 209
104, 207
105, 206
105, 205
106, 204
106, 202
107, 201
107, 200
108, 199
108, 197
109, 196
109, 195
110, 194
110, 192
111, 191
111, 190
112, 189
113, 190
113, 191
114, 192
114, 194
115, 195
115, 197
116, 198
116, 199
117, 200
117, 201
121, 205
122, 205
123, 206
125, 206
126, 207
128, 207
129, 206
132, 206
133, 205
134, 205
135, 204
136, 204
137, 203
138, 203
140, 201
141, 201
153, 189
153, 188
156, 185
156, 184
159, 181
159, 180
161, 178
161, 177
163, 175
163, 174
165, 172
165, 171
166, 170
166, 169
168, 167
168, 166
169, 165
169, 164
171, 162
171, 161
172, 160
172, 159
173, 158
173, 157
174, 156
174, 155
175, 154
175, 153
176, 152
176, 151
177, 150
177, 149
178, 148
178, 147
179, 146
179, 145
180, 144
180, 142
181, 141
181, 140
182, 139
182, 138
183, 137
183, 136
184, 135
184, 133
185, 132
185, 131
186, 130
186, 128
187, 127
187, 126
188, 125
188, 123
189, 122
189, 120
190, 119
190, 118
191, 117
192, 118
192, 156
193, 157
193, 164
194, 165
194, 170
195, 171
195, 174
196, 175
196, 180
188, 188
188, 189
184, 193
184, 194
182, 196
182, 197
176, 203
175, 203
174, 204
172, 204
171, 205
170, 205
169, 206
168, 206
167, 207
166, 207
164, 209
163, 209
162, 210
161, 210
159, 212
158, 212
156, 214
155, 214
152, 217
151, 217
148, 220
147, 220
140, 227
139, 227
133, 233
133, 234
127, 240
127, 241
124, 244
124, 245
122, 247
122, 248
119, 251
119, 252
118, 253
118, 254
117, 255
117, 256
116, 257
116, 258
114, 260
114, 261
113, 262
113, 264
112, 265
112, 267
111, 268
111, 270
110, 271
110, 274
109, 275
109, 279
108, 280
108, 302
109, 303
109, 307
110, 308
110, 310
111, 311
111, 313
112, 314
112, 316
113, 317
113, 318
114, 319
114, 320
115, 321
115, 322
118, 325
118, 343
119, 344
119, 347
120, 348
120, 350
122, 352
123, 352
125, 354
129, 354
130, 353
133, 353
134, 352
135, 352
136, 351
137, 351
138, 350
139, 350
140, 349
141, 349
143, 347
144, 347
148, 343
149, 343
176, 316
176, 315
181, 310
181, 309
183, 307
183, 306
186, 303
186, 302
188, 300
188, 299
190, 297
190, 296
191, 295
191, 294
193, 292
193, 291
194, 290
194, 289
195, 288
195, 287
196, 286
196, 285
197, 284
197, 283
198, 282
198, 281
199, 280
199, 279
200, 278
200, 277
201, 276
201, 275
202, 274
202, 273
203, 272
203, 271
204, 270
204, 269
205, 268
205, 267
206, 266
206, 265
207, 264
207, 262
208, 261
208, 260
209, 259
209, 257
210, 256
210, 255
211, 254
211, 253
212, 252
212, 250
213, 249
213, 247
214, 246
214, 245
215, 244
215, 242
216, 241
216, 239
217, 238
217, 237
218, 236
218, 234
219, 233
219, 231
220, 230
220, 228
221, 227
221, 226
222, 225
222, 223
223, 222
223, 220
224, 219
224, 217
225, 216
225, 214
226, 213
226, 211
227, 210
227, 208
228, 207
228, 205
229, 204
229, 201
230, 200
230, 198
231, 197
231, 195
232, 194
232, 192
233, 191
233, 188
234, 187
234, 185
235, 184
235, 181
236, 180
236, 178
237, 177
237, 174
238, 173
238, 170
239, 169
239, 166
240, 165
240, 162
241, 161
241, 157
242, 156
242, 151
243, 150
243, 144
244, 143
244, 134
253, 125
254, 125
257, 122
258, 122
261, 119
262, 119
265, 116
266, 116
269, 113
270, 113
273, 110
274, 110
277, 107
278, 107
281, 104
282, 104
285, 101
286, 101
289, 98
290, 98
291, 97
292, 97
294, 95
295, 95
296, 94
297, 94
299, 92
300, 92
301, 91
302, 91
303, 90
304, 90
306, 88
307, 88
308, 87
309, 87
311, 85
312, 85
313, 84
314, 84
316, 82
317, 82
318, 81
319, 81
321, 79
322, 79
323, 78
324, 78
326, 76
327, 76
329, 74
329, 73
327, 73
326, 74
325, 74
323, 76
322, 76
321, 77
320, 77
318, 79
317, 79
316, 80
315, 80
313, 82
312, 82
311, 83
310, 83
308, 85
307, 85
306, 86
305, 86
303, 88
302, 88
301, 89
300, 89
298, 91
297, 91
296, 92
295, 92
293, 94
292, 94
291, 95
290, 95
288, 97
287, 97
285, 99
284, 99
281, 102
280, 102
277, 105
276, 105
273, 108
272, 108
269, 111
268, 111
265, 114
264, 114
260, 118
259, 118
256, 121
255, 121
252, 124
251, 124
247, 128
246, 128
245, 129
244, 128
244, 121
243, 120
242, 120
241, 121
241, 125
238, 128
238, 129
231, 136
231, 137
229, 139
229, 140
228, 141
228, 142
227, 143
227, 144
226, 145
226, 146
225, 147
225, 148
222, 151
222, 152
221, 153
220, 153
213, 160
213, 161
205, 169
205, 170
199, 176
197, 174
197, 170
196, 169
196, 165
195, 164
195, 156
194, 155
194, 116
195, 115
195, 103
196, 102
196, 98
197, 97
197, 94
198, 93
198, 89
199, 88
199, 85
200, 84
200, 79
201, 78
201, 72
202, 71
202, 64
203, 63
203, 50
204, 49
204, 45
205, 44
205, 40
206, 39
206, 32
205, 31
205, 26
204, 25
203, 25
202, 26
202, 27
201, 28
201, 30
200, 31
200, 42
201, 43
201, 51
200, 52
200, 56
199, 57
199, 61
198, 62
198, 67
197, 68
197, 73
196, 74
196, 79
195, 80
195, 87
194, 88
194, 96
193, 97
193, 103
192, 104
192, 107
191, 108
191, 110
190, 111
190, 113
189, 114
189, 116
188, 117
188, 119
187, 120
187, 121
186, 122
186, 124
185, 125
185, 127
184, 128
184, 129
183, 130
183, 132
182, 133
182, 134
181, 135
181, 136
180, 137
180, 139
179, 140
179, 141
178, 142
178, 143
177, 144
177, 145
176, 146
176, 147
175, 148
175, 149
174, 150
174, 151
173, 152
173, 153
172, 154
172, 155
171, 156
171, 157
170, 158
170, 159
169, 160
169, 161
168, 162
168, 163
166, 165
166, 166
165, 167
165, 168
163, 170
163, 171
162, 172
162, 173
160, 175
160, 176
157, 179
157, 180
155, 182
155, 183
151, 187
151, 188
140, 199
139, 199
137, 201
136, 201
134, 203
133, 203
132, 204
123, 204
119, 200
119, 199
118, 198
118, 197
117, 196
117, 195
116, 194
116, 191
115, 190
115, 185
114, 184
114, 181
115, 180
115, 178
116, 177
116, 175
117, 174
117, 171
118, 170
118, 168
119, 167
119, 165
120, 164
120, 162
121, 161
121, 158
122, 157
122, 155
123, 154
123, 151
124, 150
124, 148
125, 147
125, 144
126, 143
126, 140
127, 139
127, 136
128, 135
128, 132
129, 131
129, 128
130, 127
130, 124
131, 123
131, 119
132, 118
132, 115
133, 114
133, 111
134, 110
134, 106
135, 105
135, 101
136, 100
136, 97
137, 96
137, 92
138, 91
138, 87
139, 86
139, 82
140, 81
140, 77
141, 76
141, 71
142, 70
142, 66
143, 65
143, 60
144, 59
144, 53
145, 52
145, 45
146, 44
146, 25
145, 24
145, 22
144, 21
144, 20
140, 16
120, 331
122, 330
124, 332
125, 332
127, 334
129, 334
130, 335
131, 335
132, 336
137, 336
138, 337
142, 337
143, 336
148, 336
149, 335
151, 335
152, 334
153, 334
148, 341
147, 341
143, 345
142, 345
140, 347
139, 347
138, 348
137, 348
135, 350
134, 350
129, 351
128, 352
126, 352
121, 344
120, 343
172, 207
173, 206
174, 207
174, 208
173, 209
173, 210
170, 213
170, 214
168, 216
168, 217
165, 220
165, 221
163, 223
163, 224
162, 225
162, 226
160, 228
160, 229
159, 230
159, 231
157, 233
157, 234
156, 235
156, 236
155, 237
155, 238
153, 240
153, 241
152, 242
152, 243
150, 245
150, 246
149, 247
149, 248
148, 249
148, 250
146, 252
146, 253
145, 254
145, 255
144, 256
144, 257
143, 258
143, 259
142, 260
142, 261
141, 262
141, 263
140, 264
140, 265
139, 266
139, 268
138, 269
138, 270
137, 271
137, 272
136, 273
136, 274
135, 275
135, 276
134, 277
134, 278
133, 279
133, 281
132, 282
132, 283
131, 284
131, 286
130, 287
130, 288
129, 289
129, 291
128, 292
128, 294
127, 295
127, 297
126, 298
126, 300
125, 301
125, 303
124, 304
124, 306
123, 307
123, 309
122, 310
122, 313
121, 314
121, 318
120, 319
120, 321
119, 322
118, 322
117, 321
117, 320
116, 319
116, 318
115, 317
115, 316
114, 315
114, 314
113, 313
113, 311
112, 310
112, 307
111, 306
111, 302
110, 301
110, 280
111, 279
111, 275
112, 274
112, 272
113, 271
113, 269
114, 268
114, 266
115, 265
115, 263
116, 262
116, 261
117, 260
117, 259
118, 258
118, 257
120, 255
120, 254
121, 253
121, 252
123, 250
123, 249
126, 246
126, 245
129, 242
129, 241
135, 235
135, 234
138, 231
139, 231
148, 222
149, 222
152, 219
153, 219
157, 215
158, 215
160, 213
161, 213
162, 212
163, 212
165, 210
166, 210
167, 209
168, 209
169, 208
170, 208
171, 207
186, 202
187, 201
201, 201
202, 202
205, 202
208, 205
209, 205
211, 207
211, 208
212, 209
212, 210
213, 211
213, 212
214, 213
214, 215
215, 216
215, 228
214, 229
214, 234
213, 235
213, 238
212, 239
212, 241
211, 242
211, 244
210, 245
210, 248
209, 249
209, 250
208, 251
208, 253
207, 254
207, 255
206, 256
206, 257
205, 258
205, 260
204, 261
204, 262
203, 263
203, 264
202, 265
202, 266
201, 267
201, 268
200, 269
200, 270
199, 271
199, 272
198, 273
198, 274
197, 275
197, 276
196, 277
196, 278
195, 279
195, 280
194, 281
194, 282
192, 284
192, 285
191, 286
191, 287
189, 289
189, 290
187, 292
187, 293
186, 294
186, 295
184, 297
184, 298
182, 300
182, 301
180, 303
180, 304
177, 307
177, 308
175, 310
175, 311
172, 314
172, 315
167, 320
167, 321
161, 327
160, 327
158, 329
157, 329
155, 331
154, 331
153, 332
151, 332
150, 333
148, 333
147, 334
142, 334
141, 335
139, 335
138, 334
133, 334
132, 333
130, 333
129, 332
128, 332
126, 330
125, 330
121, 326
121, 324
122, 323
122, 319
123, 318
123, 315
124, 314
124, 310
125, 309
125, 307
126, 306
126, 304
127, 303
127, 301
128, 300
128, 299
129, 298
129, 296
130, 295
130, 293
131, 292
131, 290
132, 289
132, 287
133, 286
133, 284
134, 283
134, 282
135, 281
135, 280
136, 279
136, 278
137, 277
137, 276
138, 275
138, 274
139, 273
139, 271
140, 270
140, 269
141, 268
141, 267
142, 266
142, 265
143, 264
143, 263
144, 262
144, 261
145, 260
145, 258
146, 257
146, 256
148, 254
148, 253
149, 252
149, 251
151, 249
151, 248
152, 247
152, 246
153, 245
153, 244
155, 242
155, 241
156, 240
156, 239
158, 237
158, 236
159, 235
159, 234
160, 233
160, 232
162, 230
162, 229
163, 228
163, 227
165, 225
165, 224
167, 222
167, 221
170, 218
170, 217
172, 215
172, 214
174, 212
174, 211
177, 208
177, 207
181, 203
182, 203
183, 202
221, 156
222, 157
222, 159
221, 160
221, 162
220, 163
220, 165
219, 166
219, 168
218, 169
218, 170
217, 171
217, 172
216, 173
216, 174
215, 175
215, 176
214, 177
214, 178
213, 179
213, 180
212, 181
212, 182
206, 188
205, 188
200, 183
200, 181
199, 180
200, 179
200, 178
207, 171
207, 170
216, 161
216, 160
218, 158
219, 158
240, 137
241, 137
242, 138
242, 143
241, 144
241, 150
240, 151
240, 155
239, 156
239, 160
238, 161
238, 164
237, 165
237, 169
236, 170
236, 173
235, 174
235, 176
234, 177
234, 180
233, 181
233, 184
232, 185
232, 187
231, 188
231, 190
230, 191
230, 194
229, 195
229, 197
228, 198
228, 200
227, 201
227, 203
226, 204
226, 206
225, 207
225, 209
224, 210
224, 212
223, 213
223, 215
222, 216
222, 218
221, 219
221, 221
220, 222
220, 224
219, 225
219, 226
218, 227
217, 226
217, 215
216, 214
216, 212
215, 211
215, 210
214, 209
214, 208
213, 207
213, 206
210, 203
209, 203
207, 201
206, 201
205, 200
203, 200
202, 199
187, 199
186, 200
184, 200
183, 199
184, 198
184, 197
186, 195
186, 194
191, 189
191, 188
197, 182
199, 184
199, 185
200, 186
200, 187
202, 189
203, 189
204, 190
206, 190
207, 189
208, 189
214, 183
214, 182
215, 181
215, 180
216, 179
216, 178
217, 177
217, 176
218, 175
218, 174
219, 173
219, 172
220, 171
220, 169
221, 168
221, 166
222, 165
222, 163
223, 162
223, 160
224, 159
224, 156
225, 155
225, 153
226, 152
226, 151
241, 129
242, 130
242, 132
232, 142
231, 141
231, 140
232, 139
232, 138
202, 34
204, 36
142, 31
143, 30
144, 31
144, 43
143, 44
143, 51
142, 52
142, 58
141, 59
141, 64
140, 65
140, 70
139, 71
139, 75
138, 76
138, 81
137, 82
137, 86
136, 87
136, 91
135, 92
135, 95
134, 96
134, 100
133, 101
133, 105
132, 106
132, 109
131, 110
131, 114
130, 115
130, 118
129, 119
129, 122
128, 123
128, 126
127, 127
127, 131
126, 132
126, 134
125, 135
125, 138
124, 139
124, 142
123, 143
123, 146
122, 147
122, 150
121, 151
121, 153
120, 154
120, 157
119, 158
119, 160
118, 161
118, 164
117, 165
117, 167
116, 168
116, 169
115, 170
114, 169
114, 154
115, 153
115, 143
116, 142
116, 134
117, 133
117, 127
118, 126
118, 119
119, 118
119, 113
120, 112
120, 106
121, 105
121, 101
122, 100
122, 95
123, 94
123, 90
124, 89
124, 85
125, 84
125, 80
126, 79
126, 76
127, 75
127, 72
128, 71
128, 68
129, 67
129, 64
130, 63
130, 61
131, 60
131, 58
132, 57
132, 55
133, 54
133, 52
134, 51
134, 49
135, 48
135, 47
136, 46
136, 44
137, 43
137, 42
138, 41
138, 40
139, 39
139, 38
140, 37
140, 36
141, 35
141, 33
142, 32
