292, 2
294, 367
4, 369
2, 4
17, 16
15, 18
15, 19
14, 20
14, 22
13, 23
13, 30
14, 31
14, 36
15, 37
15, 42
16, 43
16, 48
17, 49
17, 53
18, 54
18, 57
19, 58
19, 60
20, 61
20, 64
21, 65
21, 67
22, 68
22, 70
23, 71
23, 73
24, 74
24, 76
25, 77
25, 79
26, 80
26, 81
27, 82
27, 84
28, 85
28, 86
30, 88
30, 89
31, 90
31, 91
36, 96
37, 96
38, 97
42, 97
45, 94
45, 93
46, 92
46, 90
47, 89
47, 83
48, 82
48, 74
47, 73
47, 71
46, 70
46, 69
44, 67
43, 67
43, 70
45, 72
45, 87
44, 88
44, 90
43, 91
43, 92
42, 93
42, 94
41, 95
40, 95
39, 94
38, 94
32, 88
32, 87
31, 86
31, 85
30, 84
30, 83
29, 82
29, 81
28, 80
28, 79
27, 78
27, 76
26, 75
26, 73
25, 72
25, 70
24, 69
24, 67
23, 66
23, 63
22, 62
22, 60
21, 59
21, 56
20, 55
20, 52
19, 51
19, 47
18, 46
18, 41
17, 40
17, 35
16, 34
16, 21
18, 19
20, 19
21, 20
22, 20
26, 24
26, 25
28, 27
28, 28
30, 30
30, 31
32, 33
32, 34
34, 36
34, 37
35, 38
35, 39
36, 40
36, 41
38, 43
38, 44
39, 45
39, 46
40, 47
40, 48
42, 50
42, 51
43, 52
43, 53
44, 54
44, 55
45, 56
45, 57
47, 59
47, 60
48, 61
48, 62
49, 63
49, 64
50, 65
50, 66
51, 67
51, 68
52, 69
52, 70
53, 71
53, 72
54, 73
54, 74
55, 75
55, 76
56, 77
56, 78
57, 79
57, 80
58, 81
58, 82
59, 83
59, 84
60, 85
60, 86
61, 87
61, 88
62, 89
62, 91
63, 92
63, 93
64, 94
64, 95
65, 96
65, 97
66, 98
66, 99
67, 100
67, 102
68, 103
68, 104
69, 105
69, 107
70, 108
70, 109
71, 110
71, 111
72, 112
72, 114
73, 115
73, 117
74, 118
74, 119
75, 120
75, 122
76, 123
76, 124
77, 125
77, 127
78, 128
78, 129
79, 130
79, 132
80, 133
80, 135
81, 136
81, 137
82, 138
82, 140
83, 141
83, 142
84, 143
84, 145
85, 146
85, 148
86, 149
86, 151
87, 152
87, 154
88, 155
88, 157
89, 158
89, 159
90, 160
90, 162
91, 163
91, 165
92, 166
92, 169
93, 170
93, 172
94, 173
94, 175
95, 176
95, 177
96, 178
96, 180
97, 181
97, 183
98, 184
98, 186
99, 187
99, 189
100, 190
100, 192
101, 193
101, 195
102, 196
102, 198
103, 199
103, 207
104, 208
104, 218
105, 219
105, 228
106, 229
106, 235
107, 236
107, 242
108, 243
108, 247
109, 248
109, 253
110, 254
110, 258
111, 259
111, 262
112, 263
112, 266
113, 267
113, 271
114, 272
114, 275
115, 276
115, 279
116, 280
116, 283
117, 284
117, 287
118, 288
118, 291
119, 292
119, 295
120, 296
120, 299
121, 300
121, 302
122, 303
122, 306
123, 307
123, 310
124, 311
124, 314
125, 315
125, 317
126, 318
126, 321
127, 322
127, 324
128, 325
128, 328
129, 329
129, 331
130, 332
130, 334
131, 335
131, 336
132, 337
132, 339
133, 340
133, 341
134, 342
134, 343
138, 347
141, 347
141, 342
142, 341
141, 340
141, 333
140, 332
140, 328
139, 327
139, 322
138, 321
138, 317
137, 316
137, 312
136, 311
136, 307
135, 306
135, 303
134, 302
134, 298
133, 297
133, 294
132, 293
132, 290
131, 289
131, 286
130, 285
130, 282
129, 281
129, 278
128, 277
128, 275
127, 274
127, 271
126, 270
126, 267
125, 266
125, 263
124, 262
124, 260
123, 259
123, 256
122, 255
122, 252
121, 251
121, 249
120, 248
120, 245
119, 244
119, 242
118, 241
118, 238
117, 237
117, 235
116, 234
116, 231
115, 230
115, 228
114, 227
114, 225
113, 224
113, 222
112, 221
112, 219
111, 218
111, 216
110, 215
110, 213
109, 212
109, 210
108, 209
108, 206
107, 205
107, 203
106, 202
106, 200
105, 199
105, 182
104, 181
104, 167
105, 166
105, 148
106, 147
106, 144
108, 142
110, 142
111, 143
112, 143
118, 149
118, 150
120, 152
120, 153
122, 155
122, 156
124, 158
124, 159
125, 160
125, 161
126, 162
126, 163
128, 165
128, 166
129, 167
129, 168
130, 169
130, 170
131, 171
131, 172
132, 173
132, 174
133, 175
133, 176
134, 177
134, 178
135, 179
135, 180
136, 181
136, 183
137, 184
137, 185
138, 186
138, 188
139, 189
139, 191
140, 192
140, 193
141, 194
141, 196
142, 197
142, 199
143, 200
143, 202
144, 203
144, 205
145, 206
145, 209
146, 210
146, 212
147, 213
147, 215
148, 216
148, 218
149, 219
149, 221
150, 222
150, 224
151, 225
151, 227
152, 228
152, 229
153, 230
153, 232
154, 233
154, 235
155, 236
155, 238
156, 239
156, 240
157, 241
157, 243
158, 244
158, 245
159, 246
159, 248
160, 249
160, 250
161, 251
161, 253
162, 254
162, 255
163, 256
163, 258
164, 259
164, 260
165, 261
165, 263
166, 264
166, 265
167, 266
167, 268
168, 269
168, 270
169, 271
169, 273
170, 274
170, 275
171, 276
171, 278
172, 279
172, 280
173, 281
173, 283
174, 284
174, 285
175, 286
175, 288
176, 289
176, 290
177, 291
177, 293
178, 294
178, 296
179, 297
179, 298
180, 299
180, 301
181, 302
181, 304
182, 305
182, 307
183, 308
183, 310
184, 311
184, 313
185, 314
185, 317
186, 318
186, 320
187, 321
187, 323
188, 324
188, 327
189, 328
189, 330
190, 331
190, 334
191, 335
191, 337
192, 338
192, 341
193, 342
193, 344
194, 345
194, 347
195, 348
195, 350
196, 351
196, 352
198, 354
199, 353
199, 346
198, 345
198, 343
197, 342
197, 340
196, 339
196, 337
195, 336
195, 334
194, 333
194, 331
193, 330
193, 328
192, 327
192, 325
191, 324
191, 322
190, 321
190, 320
189, 319
189, 317
188, 316
188, 314
187, 313
187, 311
186, 310
186, 307
185, 306
185, 304
184, 303
184, 300
183, 299
183, 297
182, 296
182, 293
181, 292
181, 289
180, 288
180, 285
179, 284
179, 281
178, 280
178, 277
177, 276
177, 272
176, 271
176, 268
175, 267
175, 263
174, 262
174, 258
173, 257
173, 254
172, 253
172, 249
171, 248
171, 244
170, 243
170, 239
169, 238
169, 234
168, 233
168, 228
167, 227
167, 222
166, 221
166, 216
165, 215
165, 210
164, 209
164, 202
163, 201
163, 191
162, 190
162, 182
163, 181
164, 182
165, 182
170, 187
171, 187
174, 190
175, 190
178, 193
179, 193
182, 196
183, 196
188, 201
189, 201
192, 204
193, 204
200, 211
200, 212
203, 215
203, 216
206, 219
206, 220
210, 224
210, 225
224, 239
225, 239
226, 240
231, 240
232, 239
233, 239
235, 237
237, 237
239, 239
240, 239
242, 241
243, 241
245, 243
246, 243
248, 245
249, 245
251, 247
252, 247
254, 249
255, 249
256, 250
257, 250
259, 252
260, 252
262, 254
263, 254
265, 256
266, 256
267, 257
268, 257
270, 259
271, 259
273, 261
274, 261
275, 262
276, 262
278, 264
279, 264
280, 265
281, 264
281, 263
279, 261
278, 261
277, 260
276, 260
274, 258
273, 258
271, 256
270, 256
269, 255
268, 255
266, 253
265, 253
263, 251
262, 251
260, 249
259, 249
258, 248
257, 248
255, 246
254, 246
252, 244
251, 244
250, 243
249, 243
247, 241
246, 241
243, 238
242, 238
240, 236
239, 236
238, 235
238, 232
239, 231
239, 227
240, 226
240, 209
239, 208
239, 201
238, 200
239, 199
239, 198
240, 197
240, 196
241, 195
241, 193
242, 192
242, 189
243, 188
243, 179
244, 178
243, 177
243, 171
242, 170
242, 165
241, 164
241, 162
240, 161
240, 159
239, 158
239, 156
238, 155
238, 153
237, 152
237, 150
236, 149
236, 148
235, 147
235, 146
234, 145
234, 144
233, 143
233, 142
232, 141
232, 139
230, 137
230, 136
229, 135
229, 134
227, 132
227, 131
226, 130
226, 129
224, 127
224, 126
222, 124
222, 123
220, 121
220, 120
217, 117
217, 116
215, 114
215, 113
212, 110
212, 109
207, 104
207, 103
200, 96
200, 95
194, 89
193, 89
185, 81
185, 80
173, 68
173, 67
171, 65
170, 65
165, 60
164, 60
161, 57
160, 57
158, 55
157, 55
156, 54
155, 54
153, 52
152, 52
151, 51
149, 51
148, 50
146, 50
145, 49
143, 49
142, 48
133, 48
132, 49
129, 49
128, 50
127, 50
125, 52
120, 52
119, 53
118, 53
117, 54
116, 54
115, 55
114, 55
111, 58
111, 59
109, 61
109, 62
108, 63
108, 68
107, 69
107, 76
108, 77
108, 83
109, 84
109, 88
110, 89
110, 91
111, 92
111, 94
112, 95
112, 97
113, 98
113, 100
114, 101
114, 103
115, 104
115, 105
116, 106
116, 107
117, 108
117, 109
118, 110
118, 111
119, 112
119, 114
120, 115
120, 116
121, 117
121, 118
122, 119
122, 121
123, 122
123, 124
124, 125
124, 126
125, 127
125, 128
126, 129
126, 131
127, 132
127, 133
128, 134
128, 135
129, 136
129, 137
130, 138
130, 139
131, 140
131, 141
133, 143
133, 144
134, 145
134, 146
135, 147
135, 148
137, 150
137, 151
138, 152
138, 153
141, 156
141, 157
144, 160
144, 161
148, 165
148, 166
159, 177
159, 178
160, 179
160, 195
161, 196
161, 204
162, 205
162, 211
163, 212
163, 217
164, 218
164, 223
165, 224
165, 229
166, 230
166, 234
167, 235
167, 240
168, 241
168, 245
169, 246
169, 250
170, 251
170, 254
171, 255
171, 259
172, 260
172, 264
173, 265
173, 269
174, 270
174, 273
175, 274
175, 275
174, 276
172, 274
172, 272
171, 271
171, 270
170, 269
170, 267
169, 266
169, 265
168, 264
168, 262
167, 261
167, 260
166, 259
166, 258
165, 257
165, 255
164, 254
164, 253
163, 252
163, 250
162, 249
162, 248
161, 247
161, 245
160, 244
160, 242
159, 241
159, 240
158, 239
158, 237
157, 236
157, 234
156, 233
156, 232
155, 231
155, 229
154, 228
154, 226
153, 225
153, 223
152, 222
152, 220
151, 219
151, 217
150, 216
150, 214
149, 213
149, 211
148, 210
148, 208
147, 207
147, 205
146, 204
146, 202
145, 201
145, 199
144, 198
144, 196
143, 195
143, 193
142, 192
142, 190
141, 189
141, 188
140, 187
140, 185
139, 184
139, 183
138, 182
138, 180
137, 179
137, 178
136, 177
136, 176
135, 175
135, 173
134, 172
134, 171
133, 170
133, 169
131, 167
131, 166
130, 165
130, 164
129, 163
129, 162
128, 161
128, 160
126, 158
126, 157
125, 156
125, 155
123, 153
123, 152
121, 150
121, 149
117, 145
117, 144
116, 143
115, 143
112, 140
111, 140
110, 139
107, 139
105, 141
105, 142
104, 143
104, 145
103, 146
103, 157
102, 158
102, 184
101, 185
100, 184
100, 183
99, 182
99, 180
98, 179
98, 177
97, 176
97, 174
96, 173
96, 171
95, 170
95, 168
94, 167
94, 165
93, 164
93, 162
92, 161
92, 159
91, 158
91, 156
90, 155
90, 153
89, 152
89, 151
88, 150
88, 148
87, 147
87, 145
86, 144
86, 142
85, 141
85, 139
84, 138
84, 137
83, 136
83, 134
82, 133
82, 132
81, 131
81, 129
80, 128
80, 126
79, 125
79, 124
78, 123
78, 121
77, 120
77, 119
76, 118
76, 116
75, 115
75, 114
74, 113
74, 111
73, 110
73, 109
72, 108
72, 106
71, 105
71, 104
70, 103
70, 101
69, 100
69, 99
68, 98
68, 97
67, 96
67, 94
66, 93
66, 92
65, 91
65, 90
64, 89
64, 88
63, 87
63, 86
62, 85
62, 84
61, 83
61, 82
60, 81
60, 80
59, 79
59, 78
58, 77
58, 76
57, 75
57, 73
56, 72
56, 71
55, 70
55, 69
53, 67
53, 66
52, 65
52, 64
51, 63
51, 62
50, 61
50, 60
49, 59
49, 58
48, 57
48, 56
47, 55
47, 54
45, 52
45, 51
44, 50
44, 49
43, 48
43, 47
41, 45
41, 44
40, 43
40, 42
39, 41
39, 40
37, 38
37, 37
36, 36
36, 35
35, 34
35, 33
33, 31
33, 30
31, 28
31, 27
29, 25
29, 24
26, 21
26, 20
25, 19
24, 19
22, 17
21, 17
20, 16
211, 218
215, 222
216, 222
218, 224
219, 224
221, 226
222, 226
225, 229
226, 229
228, 231
229, 231
233, 235
233, 236
232, 237
231, 237
230, 238
227, 238
225, 236
224, 236
216, 228
216, 227
210, 221
210, 220
107, 218
108, 217
109, 218
109, 219
110, 220
110, 222
111, 223
111, 225
112, 226
112, 228
113, 229
113, 232
114, 233
114, 235
115, 236
115, 239
116, 240
116, 242
117, 243
117, 245
118, 246
118, 249
119, 250
119, 253
120, 254
120, 256
121, 257
121, 260
122, 261
122, 264
123, 265
123, 268
124, 269
124, 271
125, 272
125, 275
126, 276
126, 279
127, 280
127, 283
128, 284
128, 287
129, 288
129, 291
130, 292
130, 295
131, 296
131, 299
132, 300
132, 303
133, 304
133, 308
134, 309
134, 313
135, 314
135, 318
136, 319
136, 323
137, 324
137, 328
138, 329
138, 334
139, 335
139, 342
138, 343
136, 341
136, 340
135, 339
135, 338
134, 337
134, 336
133, 335
133, 333
132, 332
132, 330
131, 329
131, 327
130, 326
130, 324
129, 323
129, 320
128, 319
128, 317
127, 316
127, 313
126, 312
126, 309
125, 308
125, 306
124, 305
124, 302
123, 301
123, 298
122, 297
122, 294
121, 293
121, 290
120, 289
120, 286
119, 285
119, 282
118, 281
118, 278
117, 277
117, 274
116, 273
116, 270
115, 269
115, 266
114, 265
114, 262
113, 261
113, 257
112, 256
112, 252
111, 251
111, 246
110, 245
110, 241
109, 240
109, 234
108, 233
108, 226
107, 225
233, 204
234, 203
236, 203
237, 204
237, 211
238, 212
238, 223
237, 224
237, 229
236, 230
236, 231
235, 232
234, 232
233, 231
232, 231
229, 228
228, 228
226, 226
225, 226
222, 223
221, 223
219, 221
218, 221
215, 218
214, 218
211, 215
210, 215
206, 211
205, 211
204, 205
205, 206
208, 206
209, 207
217, 207
218, 208
221, 208
222, 207
226, 207
227, 206
230, 206
232, 204
164, 169
165, 168
168, 168
169, 169
170, 169
177, 176
177, 177
181, 181
181, 182
183, 184
183, 185
185, 187
185, 188
187, 190
187, 191
188, 192
188, 193
189, 194
189, 195
188, 196
187, 195
186, 195
163, 172
163, 171
164, 170
150, 160
150, 161
154, 165
148, 162
148, 161
145, 158
144, 153
142, 154
208, 108
208, 109
211, 112
211, 113
214, 116
214, 117
217, 120
217, 121
220, 124
220, 125
221, 126
221, 127
223, 129
223, 130
225, 132
225, 133
226, 134
226, 135
228, 137
228, 138
229, 139
229, 140
230, 141
230, 142
231, 143
231, 144
232, 145
232, 146
233, 147
233, 149
234, 150
234, 151
235, 152
235, 153
236, 154
236, 156
237, 157
237, 159
238, 160
238, 162
239, 163
239, 165
240, 166
240, 172
241, 173
241, 187
240, 188
240, 190
239, 191
239, 192
238, 193
237, 192
237, 190
236, 189
236, 186
235, 185
235, 182
234, 181
234, 178
233, 177
233, 175
232, 174
232, 171
231, 170
231, 167
230, 166
230, 164
229, 163
229, 161
228, 160
228, 158
227, 157
227, 155
226, 154
226, 152
225, 151
225, 150
224, 149
224, 147
223, 146
223, 145
222, 144
222, 143
221, 142
221, 140
220, 139
220, 138
219, 137
219, 136
218, 135
218, 134
217, 133
217, 131
216, 130
216, 129
215, 128
215, 127
214, 126
214, 125
213, 124
213, 123
212, 122
212, 121
210, 119
210, 118
209, 117
209, 116
208, 115
208, 114
207, 113
207, 112
205, 110
205, 109
204, 108
204, 107
202, 105
118, 56
119, 55
120, 55
121, 56
121, 57
120, 58
120, 59
119, 60
119, 62
118, 63
118, 65
117, 66
117, 69
116, 70
116, 77
115, 78
115, 89
116, 90
116, 94
115, 95
114, 94
114, 93
113, 92
113, 91
112, 90
112, 88
111, 87
111, 82
110, 81
110, 75
109, 74
109, 72
110, 71
110, 65
111, 64
111, 63
112, 62
112, 61
117, 56
127, 54
131, 54
132, 55
135, 55
136, 56
139, 56
140, 57
142, 57
143, 58
144, 58
145, 59
146, 59
147, 60
149, 60
150, 61
151, 61
152, 62
153, 62
154, 63
155, 63
156, 64
157, 64
159, 66
160, 66
161, 67
162, 67
164, 69
165, 69
166, 70
167, 70
170, 73
171, 73
175, 77
176, 77
179, 80
180, 80
187, 87
187, 88
191, 92
191, 93
193, 95
193, 96
196, 99
196, 100
197, 101
197, 102
199, 104
199, 105
201, 107
201, 108
203, 110
203, 111
204, 112
204, 113
205, 114
205, 115
207, 117
207, 118
208, 119
208, 120
209, 121
209, 122
210, 123
210, 124
211, 125
211, 126
212, 127
212, 128
213, 129
213, 130
214, 131
214, 132
215, 133
215, 134
216, 135
216, 136
217, 137
217, 138
218, 139
218, 140
219, 141
219, 143
220, 144
220, 145
221, 146
221, 148
222, 149
222, 150
223, 151
223, 153
224, 154
224, 156
225, 157
225, 159
226, 160
226, 162
227, 163
227, 165
228, 166
228, 168
229, 169
229, 171
230, 172
230, 175
231, 176
231, 179
232, 180
232, 183
233, 184
233, 187
234, 188
234, 191
235, 192
235, 199
232, 202
231, 202
230, 203
229, 203
228, 204
226, 204
225, 205
211, 205
210, 204
206, 204
205, 203
203, 203
202, 202
200, 202
199, 201
198, 201
197, 200
196, 200
194, 198
194, 197
192, 195
192, 194
191, 193
191, 192
189, 190
189, 189
187, 187
187, 186
186, 185
186, 184
184, 182
184, 181
181, 178
181, 177
177, 173
177, 172
173, 168
172, 168
170, 166
169, 166
168, 165
165, 165
164, 166
163, 166
162, 167
162, 168
161, 169
160, 169
159, 168
159, 167
154, 162
154, 161
149, 156
149, 155
145, 151
145, 150
142, 147
142, 146
140, 144
140, 143
138, 141
138, 140
136, 138
136, 137
134, 135
134, 134
132, 132
132, 131
131, 130
131, 129
129, 127
129, 126
127, 124
127, 123
126, 122
126, 120
125, 119
125, 118
124, 117
124, 116
123, 115
123, 114
122, 113
122, 111
121, 110
121, 107
120, 106
120, 102
119, 101
119, 97
118, 96
118, 72
119, 71
119, 67
120, 66
120, 64
121, 63
121, 61
122, 60
122, 59
135, 50
139, 50
140, 51
144, 51
145, 52
147, 52
148, 53
149, 53
150, 54
151, 54
152, 55
153, 55
154, 56
155, 56
157, 58
158, 58
160, 60
161, 60
165, 64
166, 64
168, 66
167, 67
166, 67
165, 66
164, 66
163, 65
162, 65
160, 63
159, 63
158, 62
157, 62
156, 61
155, 61
154, 60
153, 60
152, 59
151, 59
150, 58
149, 58
148, 57
146, 57
145, 56
144, 56
143, 55
141, 55
140, 54
138, 54
137, 53
134, 53
133, 52
