4, 28
2, 30
0, 30
0, 32
2, 32
4, 34
4, 70
2, 72
0, 72
0, 74
2, 74
4, 76
4, 112
2, 114
0, 114
0, 116
2, 116
4, 118
4, 155
2, 157
0, 157
0, 159
2, 159
4, 161
4, 197
2, 199
0, 199
0, 201
2, 201
4, 203
4, 240
2, 242
0, 242
0, 244
2, 244
4, 246
4, 282
2, 284
0, 284
0, 286
2, 286
4, 288
4, 324
2, 326
0, 326
0, 328
2, 328
4, 330
4, 367
2, 369
0, 369
276, 2
278, 367
8, 369
6, 4
122, 16
119, 19
119, 20
118, 21
118, 22
117, 23
117, 24
116, 25
116, 27
115, 28
115, 30
114, 31
114, 34
113, 35
113, 38
112, 39
112, 42
111, 43
111, 46
110, 47
110, 50
109, 51
109, 55
108, 56
108, 59
107, 60
107, 64
106, 65
106, 68
105, 69
105, 72
104, 73
104, 77
103, 78
103, 81
102, 82
102, 85
101, 86
101, 90
100, 91
100, 94
99, 95
99, 98
98, 99
98, 102
97, 103
97, 106
96, 107
96, 111
95, 112
95, 115
94, 116
94, 119
93, 120
93, 124
92, 125
92, 128
91, 129
91, 133
90, 134
90, 137
89, 138
89, 140
88, 141
88, 143
87, 144
87, 146
86, 147
86, 149
85, 150
85, 152
84, 153
84, 155
83, 156
83, 158
82, 159
82, 160
81, 161
81, 163
80, 164
80, 166
79, 167
79, 168
78, 169
78, 171
77, 172
77, 173
76, 174
76, 176
75, 177
75, 178
74, 179
74, 181
73, 182
73, 183
72, 184
72, 185
71, 186
71, 187
70, 188
70, 190
69, 191
69, 192
68, 193
68, 194
67, 195
67, 197
66, 198
66, 199
65, 200
65, 201
64, 202
64, 203
63, 204
63, 206
62, 207
62, 208
61, 209
61, 210
60, 211
60, 212
59, 213
59, 214
58, 215
58, 217
57, 218
57, 219
56, 220
56, 221
55, 222
55, 223
54, 224
54, 225
53, 226
53, 228
52, 229
52, 230
51, 231
51, 232
50, 233
50, 234
49, 235
49, 236
48, 237
48, 238
47, 239
47, 240
46, 241
46, 242
45, 243
45, 244
44, 245
44, 246
43, 247
43, 248
42, 249
42, 250
41, 251
41, 252
40, 253
40, 254
39, 255
39, 256
38, 257
38, 258
36, 260
36, 261
35, 262
35, 263
33, 265
33, 266
32, 267
32, 268
30, 270
30, 271
29, 272
29, 273
26, 276
26, 277
21, 282
20, 282
19, 281
19, 277
18, 276
19, 275
19, 265
20, 264
20, 259
21, 258
21, 255
22, 254
22, 250
23, 249
23, 247
24, 246
24, 243
25, 242
25, 240
26, 239
26, 237
27, 236
27, 234
28, 233
28, 232
29, 231
29, 230
32, 227
35, 227
36, 228
36, 229
37, 230
37, 238
36, 239
36, 247
35, 248
35, 250
36, 251
37, 251
37, 250
38, 249
38, 240
39, 239
39, 229
38, 228
38, 227
35, 224
33, 224
32, 225
31, 225
27, 229
27, 230
26, 231
26, 232
25, 233
25, 235
24, 236
24, 238
23, 239
23, 241
22, 242
22, 245
21, 246
21, 249
20, 250
20, 253
19, 254
19, 257
18, 258
18, 263
17, 264
17, 272
16, 273
16, 279
17, 280
17, 283
19, 285
21, 285
23, 283
24, 283
25, 282
25, 281
28, 278
28, 277
31, 274
31, 273
32, 272
32, 271
34, 269
34, 268
35, 267
35, 266
37, 264
37, 263
38, 262
38, 261
39, 260
39, 259
41, 257
41, 256
42, 255
42, 254
43, 253
43, 252
44, 251
44, 250
45, 249
45, 248
46, 247
46, 246
47, 245
47, 244
48, 243
48, 242
49, 241
49, 240
50, 239
50, 238
51, 237
51, 236
52, 235
52, 234
53, 233
53, 232
54, 231
54, 229
55, 228
55, 227
56, 226
56, 225
57, 224
57, 223
58, 222
58, 221
59, 220
59, 218
60, 217
60, 216
61, 215
61, 214
62, 213
62, 212
63, 211
63, 210
64, 209
64, 207
65, 206
65, 205
66, 204
66, 203
67, 202
67, 201
68, 200
68, 198
69, 197
69, 196
70, 195
70, 194
71, 193
71, 192
72, 191
72, 189
73, 188
73, 187
74, 186
74, 185
75, 184
75, 182
76, 181
76, 180
77, 179
77, 178
78, 177
78, 175
79, 174
79, 173
80, 172
80, 170
81, 169
81, 167
82, 166
82, 165
83, 164
83, 162
85, 169
84, 170
84, 178
83, 179
83, 196
84, 197
84, 200
87, 203
91, 203
92, 202
93, 202
94, 201
95, 201
97, 199
98, 199
102, 195
103, 195
106, 192
106, 191
112, 185
112, 184
117, 179
117, 178
120, 175
120, 174
123, 171
123, 170
125, 168
125, 167
127, 165
127, 164
129, 162
129, 161
131, 159
131, 158
132, 157
132, 156
133, 155
133, 154
134, 153
134, 152
136, 150
136, 149
137, 148
137, 147
138, 146
138, 145
139, 144
139, 143
140, 142
140, 141
141, 140
141, 139
142, 138
142, 137
143, 136
143, 135
144, 134
144, 133
145, 132
145, 130
146, 129
146, 128
147, 127
147, 126
148, 125
148, 124
149, 123
149, 122
150, 121
150, 120
151, 119
151, 118
152, 117
153, 118
153, 121
152, 122
152, 127
151, 128
151, 134
150, 135
150, 145
149, 146
149, 148
150, 149
150, 156
151, 157
151, 159
152, 160
152, 162
153, 163
153, 165
155, 167
155, 168
156, 169
157, 169
158, 170
160, 170
161, 171
162, 171
163, 170
167, 170
168, 169
170, 169
172, 167
173, 167
182, 158
182, 157
185, 154
185, 153
187, 151
187, 150
190, 147
190, 146
191, 145
191, 144
190, 143
190, 141
197, 134
198, 134
199, 133
200, 133
201, 132
204, 132
207, 135
207, 136
208, 137
208, 152
201, 159
200, 159
194, 165
193, 165
191, 167
189, 167
188, 168
185, 168
184, 169
182, 169
181, 170
180, 170
179, 171
178, 171
177, 172
176, 172
175, 173
174, 173
172, 175
171, 175
169, 177
168, 177
165, 180
164, 180
151, 193
151, 194
148, 197
148, 198
146, 200
146, 201
144, 203
144, 204
142, 206
142, 207
141, 208
141, 209
139, 211
139, 212
138, 213
138, 214
137, 215
137, 216
136, 217
136, 218
135, 219
135, 220
134, 221
134, 223
133, 224
133, 225
132, 226
132, 228
131, 229
131, 230
130, 231
130, 233
129, 234
129, 236
128, 237
128, 239
127, 240
127, 242
126, 243
126, 245
125, 246
125, 247
124, 248
124, 249
122, 251
122, 252
121, 253
121, 254
119, 256
119, 257
118, 258
118, 259
117, 260
117, 261
116, 262
116, 263
114, 265
114, 266
113, 267
113, 268
112, 269
112, 270
111, 271
111, 272
110, 273
110, 274
109, 275
109, 276
108, 277
108, 278
107, 279
107, 280
106, 281
106, 282
105, 283
105, 284
104, 285
104, 287
103, 288
103, 289
102, 290
102, 291
101, 292
101, 293
100, 294
100, 296
99, 297
99, 299
98, 300
98, 301
97, 302
97, 304
96, 305
96, 306
95, 307
95, 309
94, 310
94, 313
93, 314
93, 317
92, 318
92, 320
91, 321
91, 325
90, 326
90, 334
89, 335
89, 338
90, 339
90, 345
91, 346
91, 347
92, 348
92, 349
96, 353
98, 353
99, 354
104, 354
105, 353
109, 353
110, 352
111, 352
112, 351
113, 351
114, 350
115, 350
116, 349
117, 349
118, 348
119, 348
121, 346
122, 346
123, 345
124, 345
126, 343
127, 343
130, 340
131, 340
134, 337
135, 337
153, 319
153, 318
158, 313
158, 312
161, 309
161, 308
164, 305
164, 304
166, 302
166, 301
169, 298
169, 297
171, 295
171, 294
173, 292
173, 291
175, 289
175, 288
177, 286
177, 285
178, 284
178, 283
180, 281
180, 280
181, 279
181, 278
183, 276
183, 275
184, 274
184, 273
186, 271
186, 270
187, 269
187, 268
188, 267
188, 266
189, 265
189, 264
190, 263
190, 262
192, 260
192, 259
193, 258
193, 257
194, 256
194, 255
195, 254
195, 253
196, 252
196, 251
197, 250
197, 249
198, 248
198, 247
199, 246
199, 245
200, 244
200, 242
201, 241
201, 240
202, 239
202, 238
203, 237
203, 235
204, 234
204, 233
205, 232
205, 230
206, 229
206, 228
207, 227
207, 225
208, 224
208, 222
209, 221
209, 219
210, 218
210, 216
211, 215
211, 212
212, 211
212, 208
213, 207
213, 204
214, 203
214, 197
215, 196
215, 182
214, 181
214, 179
213, 178
213, 177
212, 176
212, 175
211, 174
211, 173
209, 171
208, 171
207, 170
207, 165
208, 164
208, 160
209, 159
209, 156
212, 153
213, 153
215, 151
216, 151
218, 149
219, 149
221, 147
222, 147
224, 145
225, 145
227, 143
228, 143
229, 142
230, 142
232, 140
233, 140
234, 139
235, 139
237, 137
238, 137
239, 136
240, 136
241, 135
242, 135
244, 133
245, 133
246, 132
247, 132
248, 131
249, 131
250, 130
251, 130
252, 129
253, 129
254, 128
255, 128
256, 127
257, 127
258, 126
259, 126
260, 125
261, 125
262, 124
263, 124
264, 123
265, 123
266, 122
266, 121
263, 121
262, 122
261, 122
260, 123
259, 123
258, 124
257, 124
256, 125
255, 125
254, 126
253, 126
252, 127
251, 127
250, 128
249, 128
248, 129
247, 129
246, 130
245, 130
244, 131
243, 131
241, 133
240, 133
239, 134
238, 134
237, 135
236, 135
234, 137
233, 137
232, 138
231, 138
229, 140
228, 140
227, 141
226, 141
224, 143
223, 143
221, 145
220, 145
218, 147
217, 147
215, 149
214, 149
212, 151
211, 151
210, 150
210, 136
209, 135
209, 134
208, 133
208, 132
207, 131
206, 131
205, 130
200, 130
199, 131
198, 131
197, 132
196, 132
193, 135
192, 135
190, 137
190, 138
188, 140
188, 141
187, 142
187, 143
186, 144
186, 148
185, 149
185, 150
182, 153
182, 154
180, 156
180, 157
172, 165
171, 165
169, 167
167, 167
166, 168
159, 168
155, 164
155, 163
154, 162
154, 160
153, 159
153, 156
152, 155
152, 136
153, 135
153, 129
154, 128
154, 123
155, 122
155, 118
156, 117
156, 112
157, 111
157, 107
158, 106
158, 102
159, 101
159, 99
160, 98
160, 97
161, 96
161, 94
162, 93
162, 91
163, 90
163, 89
164, 88
164, 86
165, 85
165, 83
166, 82
166, 80
167, 79
167, 78
168, 77
168, 75
169, 74
169, 72
170, 71
170, 69
171, 68
171, 66
172, 65
172, 63
173, 62
173, 60
174, 59
174, 57
175, 56
175, 53
176, 52
176, 49
177, 48
177, 45
175, 43
174, 43
171, 46
171, 47
169, 49
169, 51
168, 52
168, 53
167, 54
167, 56
166, 57
166, 59
165, 60
165, 63
164, 64
164, 67
163, 68
163, 71
162, 72
162, 75
161, 76
161, 80
160, 81
160, 85
159, 86
159, 89
158, 90
158, 94
157, 95
157, 98
156, 99
156, 101
155, 102
155, 104
154, 105
154, 106
153, 107
153, 109
152, 110
152, 111
151, 112
151, 113
150, 114
150, 116
149, 117
149, 118
148, 119
148, 120
147, 121
147, 122
146, 123
146, 124
145, 125
145, 126
144, 127
144, 129
143, 130
143, 131
142, 132
142, 133
141, 134
141, 135
140, 136
140, 137
139, 138
139, 139
138, 140
138, 141
137, 142
137, 143
136, 144
136, 145
135, 146
135, 147
134, 148
134, 149
133, 150
133, 151
131, 153
131, 154
130, 155
130, 156
129, 157
129, 158
127, 160
127, 161
125, 163
125, 164
123, 166
123, 167
120, 170
120, 171
117, 174
117, 175
114, 178
114, 179
110, 183
110, 184
97, 197
96, 197
94, 199
93, 199
92, 200
91, 200
90, 201
88, 201
86, 199
86, 197
85, 196
85, 180
86, 179
86, 171
87, 170
87, 164
88, 163
88, 158
89, 157
89, 151
90, 150
90, 146
91, 145
91, 141
92, 140
92, 137
93, 136
93, 134
94, 133
94, 131
95, 130
95, 128
96, 127
96, 124
97, 123
97, 121
98, 120
98, 118
99, 117
99, 115
100, 114
100, 112
101, 111
101, 109
102, 108
102, 105
103, 104
103, 102
104, 101
104, 99
105, 98
105, 96
106, 95
106, 93
107, 92
107, 90
108, 89
108, 86
109, 85
109, 83
110, 82
110, 79
111, 78
111, 76
112, 75
112, 72
113, 71
113, 69
114, 68
114, 65
115, 64
115, 61
116, 60
116, 57
117, 56
117, 53
118, 52
118, 49
119, 48
119, 45
120, 44
120, 41
121, 40
121, 36
122, 35
122, 30
123, 29
123, 24
124, 23
124, 17
123, 17
206, 173
207, 173
210, 176
210, 177
211, 178
211, 179
212, 180
212, 182
213, 183
213, 195
212, 196
212, 202
211, 203
211, 206
210, 207
210, 210
209, 211
209, 214
208, 215
208, 217
207, 218
207, 220
206, 221
206, 223
205, 224
205, 226
204, 227
204, 229
203, 230
203, 231
202, 232
202, 233
201, 234
201, 236
200, 237
200, 238
199, 239
199, 241
198, 242
198, 243
197, 244
197, 245
196, 246
196, 247
195, 248
195, 249
194, 250
194, 251
193, 252
193, 253
192, 254
192, 255
191, 256
191, 257
190, 258
190, 259
188, 261
188, 262
187, 263
187, 264
186, 265
186, 266
185, 267
185, 268
184, 269
184, 270
182, 272
182, 273
181, 274
181, 275
179, 277
179, 278
178, 279
178, 280
176, 282
176, 283
175, 284
175, 285
173, 287
173, 288
171, 290
171, 291
169, 293
169, 294
167, 296
167, 297
164, 300
164, 301
162, 303
162, 304
158, 308
158, 309
155, 312
155, 313
149, 319
149, 320
135, 334
134, 334
130, 338
129, 338
126, 341
125, 341
123, 343
122, 343
121, 344
120, 344
118, 346
117, 346
116, 347
115, 347
114, 348
113, 348
112, 349
111, 349
110, 350
109, 350
108, 351
105, 351
104, 352
100, 352
99, 351
97, 351
93, 347
93, 345
92, 344
92, 327
93, 326
93, 322
94, 321
94, 319
95, 318
95, 315
96, 314
96, 311
97, 310
97, 308
98, 307
98, 306
99, 305
99, 303
100, 302
100, 300
101, 299
101, 298
102, 297
102, 295
103, 294
103, 293
104, 292
104, 291
105, 290
105, 288
106, 287
106, 286
107, 285
107, 284
108, 283
108, 282
109, 281
109, 280
110, 279
110, 278
111, 277
111, 276
112, 275
112, 274
113, 273
113, 272
114, 271
114, 270
115, 269
115, 268
116, 267
116, 266
118, 264
118, 263
119, 262
119, 261
120, 260
120, 259
121, 258
121, 257
123, 255
124, 256
124, 268
125, 269
125, 271
126, 272
126, 273
130, 277
132, 277
133, 278
136, 278
137, 277
139, 277
140, 276
141, 276
142, 275
143, 275
145, 273
146, 273
159, 260
159, 259
162, 256
162, 255
165, 252
165, 251
168, 248
168, 247
170, 245
170, 244
172, 242
172, 241
174, 239
174, 238
176, 236
176, 235
178, 233
178, 232
180, 230
180, 229
181, 228
181, 227
183, 225
183, 224
184, 223
184, 222
185, 221
185, 220
186, 219
186, 218
188, 216
188, 215
189, 214
189, 213
190, 212
190, 211
191, 210
191, 209
192, 208
192, 207
193, 206
193, 204
194, 203
194, 202
195, 201
195, 200
196, 199
196, 198
197, 197
197, 195
198, 194
198, 193
199, 192
199, 190
200, 189
200, 187
201, 186
201, 184
202, 183
202, 182
203, 181
203, 179
204, 178
204, 175
182, 172
183, 171
184, 171
185, 172
165, 192
165, 193
160, 198
160, 199
155, 204
155, 205
151, 209
151, 210
148, 213
148, 214
145, 217
145, 218
142, 221
142, 222
140, 224
140, 225
137, 228
137, 229
134, 232
133, 231
133, 230
134, 229
134, 227
135, 226
135, 225
136, 224
136, 222
137, 221
137, 220
138, 219
138, 218
139, 217
139, 216
140, 215
140, 214
141, 213
141, 212
143, 210
143, 209
144, 208
144, 207
146, 205
146, 204
148, 202
148, 201
150, 199
150, 198
155, 193
155, 192
164, 183
165, 183
169, 179
170, 179
172, 177
173, 177
175, 175
176, 175
177, 174
178, 174
179, 173
180, 173
181, 172
192, 170
193, 169
200, 169
201, 170
202, 170
203, 171
203, 174
202, 175
202, 177
201, 178
201, 180
200, 181
200, 183
199, 184
199, 186
198, 187
198, 188
197, 189
197, 191
196, 192
196, 193
195, 194
195, 196
194, 197
194, 198
193, 199
193, 200
192, 201
192, 203
191, 204
191, 205
190, 206
190, 207
189, 208
189, 209
188, 210
188, 211
187, 212
187, 213
186, 214
186, 215
185, 216
185, 217
183, 219
183, 220
182, 221
182, 222
181, 223
181, 224
179, 226
179, 227
178, 228
178, 229
176, 231
176, 232
174, 234
174, 235
172, 237
172, 238
170, 240
170, 241
168, 243
168, 244
166, 246
166, 247
163, 250
163, 251
160, 254
160, 255
156, 259
156, 260
146, 270
145, 270
142, 273
141, 273
140, 274
139, 274
138, 275
136, 275
135, 276
134, 276
133, 275
131, 275
128, 272
128, 271
127, 270
127, 268
126, 267
126, 254
127, 253
127, 249
128, 248
128, 246
130, 244
130, 243
131, 242
131, 241
133, 239
133, 238
135, 236
135, 235
137, 233
137, 232
139, 230
139, 229
142, 226
142, 225
145, 222
145, 221
147, 219
147, 218
150, 215
150, 214
153, 211
153, 210
158, 205
158, 204
163, 199
163, 198
168, 193
168, 192
179, 181
180, 181
191, 170
205, 158
206, 159
206, 163
205, 164
205, 166
203, 168
202, 168
201, 167
198, 167
197, 166
197, 165
200, 162
201, 162
104, 92
102, 93
173, 48
174, 49
174, 51
173, 52
173, 55
172, 56
172, 58
171, 59
171, 61
170, 62
170, 64
169, 65
169, 67
168, 68
168, 70
167, 71
167, 73
166, 74
166, 75
165, 76
164, 75
164, 73
165, 72
165, 68
166, 67
166, 65
167, 64
167, 61
168, 60
168, 58
169, 57
169, 55
170, 54
170, 52
171, 51
171, 50
119, 24
120, 23
121, 24
121, 28
120, 29
120, 34
119, 35
119, 39
118, 40
118, 43
117, 44
117, 48
116, 49
116, 52
115, 53
115, 56
114, 57
114, 60
113, 61
113, 63
112, 64
112, 67
111, 68
111, 70
110, 71
110, 74
109, 75
109, 77
108, 78
108, 81
107, 82
107, 84
106, 85
106, 88
105, 89
105, 91
104, 92
103, 87
104, 86
104, 83
105, 82
105, 79
106, 78
106, 74
107, 73
107, 70
108, 69
108, 66
109, 65
109, 61
110, 60
110, 57
111, 56
111, 52
112, 51
112, 48
113, 47
113, 43
114, 42
114, 39
115, 38
115, 35
116, 34
116, 32
117, 31
117, 29
118, 28
118, 26
119, 25
