4, 2
490, 4
488, 369
2, 367
171, 16
170, 17
169, 17
168, 18
167, 18
164, 21
164, 22
162, 24
162, 25
160, 27
160, 28
159, 29
159, 30
158, 31
158, 32
157, 33
157, 34
156, 35
156, 36
155, 37
155, 38
154, 39
154, 41
153, 42
153, 43
152, 44
152, 45
151, 46
151, 48
150, 49
150, 50
149, 51
149, 53
148, 54
148, 55
147, 56
147, 58
146, 59
146, 61
145, 62
145, 63
144, 64
144, 66
143, 67
143, 69
142, 70
142, 73
141, 74
141, 76
140, 77
140, 79
139, 80
139, 83
138, 84
138, 86
137, 87
137, 90
136, 91
136, 94
135, 95
135, 98
134, 99
134, 103
133, 104
133, 110
132, 111
132, 117
131, 118
131, 132
130, 133
130, 142
131, 143
131, 162
132, 163
132, 172
133, 173
133, 179
132, 180
132, 182
131, 183
131, 184
130, 185
130, 187
129, 188
129, 190
128, 191
128, 192
127, 193
127, 195
126, 196
126, 197
125, 198
125, 200
124, 201
124, 202
123, 203
123, 204
122, 205
122, 207
121, 208
121, 209
120, 210
120, 211
119, 212
119, 213
118, 214
118, 216
117, 217
117, 218
116, 219
116, 220
115, 221
115, 222
114, 223
114, 224
113, 225
113, 227
112, 228
112, 229
111, 230
111, 231
110, 232
110, 233
109, 234
109, 235
108, 236
108, 237
107, 238
107, 240
106, 241
106, 242
105, 243
105, 244
104, 245
104, 246
103, 247
103, 248
102, 249
102, 250
101, 251
101, 252
100, 253
100, 254
99, 255
99, 256
98, 257
98, 258
97, 259
97, 260
96, 261
96, 262
95, 263
95, 264
94, 265
94, 266
93, 267
93, 268
92, 269
92, 270
91, 271
91, 272
90, 273
90, 274
89, 275
89, 276
88, 277
88, 278
87, 279
87, 280
86, 281
86, 282
85, 283
85, 284
84, 285
84, 286
82, 288
82, 289
81, 290
81, 291
80, 292
80, 293
79, 294
79, 295
78, 296
78, 297
77, 298
77, 299
76, 300
76, 301
74, 303
74, 304
73, 305
72, 304
72, 287
71, 286
71, 278
70, 277
70, 273
69, 272
69, 270
68, 269
68, 267
67, 266
67, 265
66, 264
66, 263
64, 261
59, 261
58, 262
57, 262
56, 263
55, 263
49, 269
49, 270
46, 273
46, 274
43, 277
43, 278
42, 279
42, 280
40, 282
40, 283
38, 285
38, 286
37, 287
37, 288
36, 289
36, 290
35, 291
35, 292
34, 293
34, 294
33, 295
33, 296
31, 298
31, 299
30, 300
30, 302
29, 303
29, 304
28, 305
28, 306
27, 307
27, 309
26, 310
26, 312
25, 313
25, 314
24, 315
24, 317
23, 318
23, 321
22, 322
22, 335
23, 336
23, 339
24, 340
24, 342
25, 343
25, 344
26, 345
26, 346
28, 348
28, 349
30, 351
31, 351
33, 353
35, 353
36, 354
38, 354
39, 353
41, 353
42, 352
43, 352
44, 351
45, 351
54, 342
54, 341
57, 338
57, 337
59, 335
59, 334
61, 332
61, 331
62, 330
62, 329
64, 327
64, 326
65, 325
65, 324
66, 323
66, 322
68, 320
68, 319
69, 318
69, 317
70, 316
70, 315
72, 313
74, 313
74, 307
76, 305
76, 304
77, 303
77, 302
78, 301
78, 300
79, 299
79, 298
80, 297
80, 296
81, 295
81, 294
82, 293
82, 292
84, 290
84, 289
85, 288
85, 287
86, 286
86, 285
87, 284
87, 283
88, 282
88, 281
89, 280
89, 279
90, 278
90, 277
91, 276
91, 275
92, 274
92, 273
93, 272
93, 271
94, 270
94, 269
95, 268
95, 267
96, 266
96, 265
97, 264
97, 263
98, 262
98, 261
99, 260
99, 259
100, 258
100, 257
101, 256
101, 255
102, 254
102, 253
103, 252
103, 251
104, 250
104, 249
105, 248
105, 247
106, 246
106, 245
107, 244
107, 243
108, 242
108, 241
109, 240
109, 239
110, 238
110, 236
111, 235
111, 234
112, 233
112, 232
113, 231
113, 230
114, 229
114, 228
115, 227
115, 226
116, 225
116, 223
117, 222
117, 221
118, 220
118, 219
119, 218
119, 217
120, 216
120, 214
121, 213
121, 212
122, 211
122, 210
123, 209
123, 208
124, 207
124, 205
125, 204
125, 203
126, 202
126, 201
127, 200
127, 198
128, 197
128, 196
129, 195
129, 193
130, 192
130, 191
131, 190
131, 188
132, 187
132, 186
134, 184
135, 185
135, 186
136, 187
136, 188
140, 192
146, 192
147, 191
148, 191
149, 190
150, 190
153, 187
154, 187
162, 179
162, 178
167, 173
167, 172
171, 168
171, 167
174, 164
174, 163
177, 160
177, 159
180, 156
180, 155
182, 153
182, 152
186, 148
186, 147
189, 144
189, 143
192, 140
192, 139
194, 137
194, 136
197, 133
197, 132
199, 130
199, 129
201, 127
201, 126
203, 124
203, 123
205, 121
205, 120
206, 119
206, 118
208, 116
208, 115
209, 114
209, 113
211, 111
211, 110
212, 109
212, 108
214, 106
214, 105
215, 104
215, 103
217, 101
217, 100
218, 99
218, 98
219, 97
219, 96
220, 95
220, 94
221, 93
221, 92
223, 90
224, 91
224, 96
223, 97
223, 105
222, 106
222, 114
221, 115
221, 122
220, 123
220, 132
219, 133
219, 150
220, 151
220, 155
222, 157
222, 158
223, 159
224, 159
225, 160
230, 160
231, 159
234, 159
235, 158
236, 158
237, 157
238, 157
240, 155
241, 155
244, 152
245, 152
254, 143
255, 143
256, 142
256, 141
267, 130
267, 129
272, 124
272, 123
289, 106
290, 106
292, 104
293, 104
294, 103
299, 103
302, 106
302, 107
303, 108
303, 109
304, 110
304, 111
305, 112
305, 115
306, 116
306, 126
304, 128
301, 128
300, 129
298, 129
297, 130
295, 130
294, 131
292, 131
291, 132
289, 132
288, 133
287, 133
286, 134
285, 134
284, 135
283, 135
282, 136
281, 136
280, 137
279, 137
278, 138
277, 138
276, 139
275, 139
274, 140
273, 140
272, 141
271, 141
270, 142
269, 142
267, 144
266, 144
264, 146
263, 146
262, 147
261, 147
259, 149
258, 149
256, 151
255, 151
252, 154
251, 154
248, 157
247, 157
244, 160
243, 160
239, 164
238, 164
228, 174
227, 174
215, 186
215, 187
207, 195
207, 196
202, 201
202, 202
198, 206
198, 207
196, 209
196, 210
194, 212
194, 213
192, 215
192, 216
189, 219
189, 220
187, 222
187, 223
186, 224
186, 225
185, 226
185, 227
184, 228
184, 229
183, 230
183, 231
182, 232
182, 233
181, 234
181, 235
180, 236
180, 237
179, 238
179, 239
178, 240
178, 241
177, 242
177, 244
176, 245
176, 247
175, 248
175, 249
174, 250
174, 252
173, 253
173, 255
172, 256
172, 259
171, 260
171, 265
170, 266
170, 270
169, 271
169, 292
166, 295
166, 296
160, 302
160, 303
155, 308
155, 309
153, 311
153, 312
151, 314
151, 315
149, 317
149, 318
148, 319
148, 320
146, 322
146, 323
144, 325
144, 326
143, 327
143, 328
142, 329
142, 331
141, 332
141, 334
140, 335
140, 337
139, 338
139, 340
138, 341
138, 344
139, 345
139, 347
140, 348
140, 350
141, 351
144, 351
145, 352
153, 352
154, 351
158, 351
159, 350
161, 350
162, 349
164, 349
165, 348
166, 348
167, 347
168, 347
169, 346
170, 346
171, 345
173, 345
174, 344
175, 344
177, 342
178, 342
179, 341
180, 341
182, 339
183, 339
184, 338
185, 338
186, 337
187, 337
189, 335
190, 335
192, 333
193, 333
195, 331
196, 331
197, 330
200, 330
201, 329
206, 329
207, 328
209, 328
210, 327
211, 327
212, 326
213, 326
214, 325
215, 325
216, 324
217, 324
219, 322
220, 322
222, 320
223, 320
228, 315
229, 315
239, 305
239, 304
245, 298
245, 297
248, 294
248, 293
250, 291
250, 290
253, 287
253, 286
255, 284
255, 283
257, 281
257, 280
259, 278
259, 277
261, 275
261, 274
266, 269
266, 268
273, 261
273, 260
278, 255
278, 254
283, 249
283, 248
288, 243
288, 242
291, 239
291, 238
294, 235
294, 234
297, 231
297, 230
300, 227
300, 226
304, 222
304, 221
306, 219
306, 218
309, 215
309, 214
311, 212
311, 211
313, 209
313, 208
315, 206
315, 205
318, 202
318, 201
319, 200
319, 199
321, 197
321, 196
322, 195
322, 194
324, 192
324, 191
325, 190
325, 189
327, 187
327, 186
328, 185
328, 184
329, 183
329, 182
330, 181
330, 180
331, 179
331, 178
332, 177
332, 176
333, 175
333, 173
337, 169
338, 169
340, 167
341, 167
342, 166
343, 166
344, 165
345, 165
347, 163
348, 163
349, 162
350, 162
351, 161
353, 161
354, 160
355, 160
356, 159
357, 159
358, 158
359, 158
360, 157
362, 157
363, 156
364, 156
365, 155
366, 155
367, 154
368, 154
369, 153
371, 153
372, 152
373, 152
374, 151
375, 151
376, 150
377, 150
378, 149
380, 149
381, 148
382, 148
383, 147
384, 147
385, 146
386, 146
387, 145
389, 145
390, 144
391, 144
392, 143
393, 143
394, 142
395, 142
396, 141
398, 141
399, 140
400, 140
401, 139
402, 139
403, 138
404, 138
405, 137
407, 137
408, 136
409, 136
410, 135
411, 135
412, 134
413, 134
414, 133
416, 133
417, 132
418, 132
419, 131
420, 131
421, 130
423, 130
424, 129
425, 129
426, 128
427, 128
428, 127
429, 127
430, 126
432, 126
433, 125
434, 125
435, 124
436, 124
437, 123
438, 123
439, 122
441, 122
442, 121
443, 121
444, 120
445, 120
446, 119
448, 119
449, 118
450, 118
451, 117
452, 117
453, 116
454, 116
455, 115
457, 115
458, 114
459, 114
460, 113
461, 113
462, 112
463, 112
464, 111
466, 111
467, 110
468, 110
468, 108
467, 108
466, 109
464, 109
463, 110
462, 110
461, 111
460, 111
459, 112
457, 112
456, 113
455, 113
454, 114
453, 114
452, 115
451, 115
450, 116
448, 116
447, 117
446, 117
445, 118
444, 118
443, 119
442, 119
441, 120
439, 120
438, 121
437, 121
436, 122
435, 122
434, 123
432, 123
431, 124
430, 124
429, 125
428, 125
427, 126
426, 126
425, 127
423, 127
422, 128
421, 128
420, 129
419, 129
418, 130
417, 130
416, 131
414, 131
413, 132
412, 132
411, 133
410, 133
409, 134
408, 134
407, 135
405, 135
404, 136
403, 136
402, 137
401, 137
400, 138
399, 138
398, 139
396, 139
395, 140
394, 140
393, 141
392, 141
391, 142
390, 142
389, 143
387, 143
386, 144
385, 144
384, 145
383, 145
382, 146
381, 146
380, 147
378, 147
377, 148
376, 148
375, 149
374, 149
373, 150
372, 150
371, 151
369, 151
368, 152
367, 152
366, 153
365, 153
364, 154
363, 154
362, 155
360, 155
359, 156
358, 156
357, 157
356, 157
355, 158
354, 158
353, 159
351, 159
350, 160
349, 160
348, 161
347, 161
346, 162
345, 162
343, 164
342, 164
341, 165
340, 165
339, 166
338, 166
337, 165
337, 162
338, 161
338, 157
339, 156
339, 145
338, 144
338, 141
337, 140
337, 139
336, 138
336, 137
335, 136
335, 135
331, 131
330, 131
328, 129
327, 129
326, 128
323, 128
322, 127
317, 127
316, 126
315, 126
314, 127
310, 127
308, 125
308, 117
307, 116
307, 112
306, 111
306, 109
305, 108
305, 107
303, 105
303, 104
300, 101
293, 101
291, 103
290, 103
288, 105
287, 105
272, 120
272, 121
267, 126
267, 127
257, 137
257, 138
251, 144
250, 144
243, 151
242, 151
239, 154
238, 154
237, 155
236, 155
235, 156
234, 156
233, 157
232, 157
231, 158
226, 158
225, 157
224, 157
223, 156
223, 155
222, 154
222, 151
221, 150
221, 132
222, 131
222, 123
223, 122
223, 114
224, 113
224, 105
225, 104
225, 96
226, 95
226, 84
227, 83
227, 80
228, 79
228, 78
229, 77
229, 76
230, 75
230, 73
231, 72
231, 71
232, 70
232, 69
233, 68
233, 67
234, 66
234, 65
235, 64
235, 62
236, 61
236, 60
237, 59
237, 58
238, 57
238, 56
239, 55
239, 53
240, 52
240, 51
241, 50
241, 49
242, 48
242, 46
243, 45
243, 43
244, 42
244, 41
245, 40
245, 37
246, 36
246, 28
245, 27
244, 27
241, 30
241, 31
239, 33
239, 34
237, 36
237, 37
236, 38
236, 39
235, 40
235, 41
234, 42
234, 43
233, 44
233, 45
232, 46
232, 47
231, 48
231, 50
230, 51
230, 52
229, 53
229, 56
228, 57
228, 59
227, 60
227, 64
226, 65
226, 71
225, 72
225, 79
224, 80
224, 82
223, 83
223, 85
222, 86
222, 87
221, 88
221, 89
220, 90
220, 91
219, 92
219, 93
218, 94
218, 95
217, 96
217, 97
215, 99
215, 100
214, 101
214, 102
213, 103
213, 104
211, 106
211, 107
210, 108
210, 109
208, 111
208, 112
207, 113
207, 114
205, 116
205, 117
204, 118
204, 119
202, 121
202, 122
200, 124
200, 125
198, 127
198, 128
196, 130
196, 131
194, 133
194, 134
191, 137
191, 138
188, 141
188, 142
185, 145
185, 146
181, 150
181, 151
179, 153
179, 154
176, 157
176, 158
173, 161
173, 162
170, 165
170, 166
167, 169
167, 170
162, 175
162, 176
152, 186
151, 186
148, 189
147, 189
146, 190
141, 190
138, 187
138, 186
137, 185
137, 184
136, 183
136, 175
137, 174
137, 172
138, 171
138, 169
139, 168
139, 167
140, 166
140, 164
141, 163
141, 160
142, 159
142, 157
143, 156
143, 154
144, 153
144, 150
145, 149
145, 147
146, 146
146, 143
147, 142
147, 139
148, 138
148, 135
149, 134
149, 131
150, 130
150, 127
151, 126
151, 124
152, 123
152, 120
153, 119
153, 116
154, 115
154, 112
155, 111
155, 109
156, 108
156, 106
157, 105
157, 102
158, 101
158, 99
159, 98
159, 96
160, 95
160, 93
161, 92
161, 90
162, 89
162, 87
163, 86
163, 84
164, 83
164, 81
165, 80
165, 78
166, 77
166, 75
167, 74
167, 72
168, 71
168, 69
169, 68
169, 66
170, 65
170, 64
171, 63
171, 61
172, 60
172, 58
173, 57
173, 56
174, 55
174, 53
175, 52
175, 50
176, 49
176, 47
177, 46
177, 45
178, 44
178, 42
179, 41
179, 37
180, 36
179, 35
179, 29
178, 28
178, 26
177, 25
177, 24
176, 23
176, 22
175, 21
175, 20
173, 18
173, 17
172, 16
168, 296
169, 296
171, 298
171, 301
172, 302
172, 304
173, 305
173, 307
174, 308
174, 310
175, 311
175, 312
176, 313
176, 314
178, 316
178, 317
179, 318
179, 319
186, 326
187, 326
188, 327
189, 327
190, 328
192, 328
193, 329
193, 330
191, 332
190, 332
188, 334
187, 334
186, 335
185, 335
183, 337
182, 337
181, 338
180, 338
178, 340
177, 340
176, 341
175, 341
174, 342
173, 342
172, 343
171, 343
170, 344
169, 344
168, 345
167, 345
166, 346
164, 346
163, 347
162, 347
161, 348
159, 348
158, 349
155, 349
154, 350
145, 350
144, 349
143, 349
141, 347
141, 345
140, 344
140, 341
141, 340
141, 338
142, 337
142, 335
143, 334
143, 331
144, 330
144, 329
145, 328
145, 327
147, 325
147, 324
148, 323
148, 322
150, 320
150, 319
152, 317
152, 316
154, 314
154, 313
156, 311
156, 310
160, 306
160, 305
166, 299
166, 298
247, 288
248, 288
249, 289
247, 291
247, 292
244, 295
244, 296
238, 302
238, 303
226, 315
225, 315
221, 319
220, 319
218, 321
217, 321
215, 323
214, 323
213, 324
212, 324
211, 325
209, 325
208, 326
207, 326
206, 327
204, 327
203, 326
205, 324
206, 324
208, 322
209, 322
213, 318
214, 318
219, 313
220, 313
225, 308
226, 308
235, 299
236, 299
58, 264
59, 263
65, 265
65, 266
66, 267
66, 269
67, 270
67, 272
68, 273
68, 277
69, 278
69, 285
70, 286
69, 313
69, 314
68, 315
68, 316
66, 318
66, 319
65, 320
65, 321
64, 322
64, 323
63, 324
63, 325
61, 327
61, 328
60, 329
60, 330
58, 332
58, 333
56, 335
56, 336
53, 339
53, 340
43, 350
42, 350
41, 351
39, 351
38, 352
35, 351
34, 351
33, 350
32, 350
29, 347
29, 346
27, 344
27, 343
26, 342
26, 340
25, 339
25, 336
24, 335
24, 322
25, 321
26, 317
26, 315
27, 314
27, 312
28, 311
28, 310
29, 309
29, 307
30, 306
30, 305
31, 304
31, 303
32, 302
32, 301
33, 300
33, 299
34, 298
34, 297
35, 296
35, 295
36, 294
36, 293
37, 292
37, 291
38, 290
38, 289
39, 288
39, 287
41, 285
41, 284
43, 282
43, 281
44, 280
44, 279
47, 276
47, 275
49, 273
49, 272
57, 264
292, 195
293, 194
294, 194
295, 195
294, 196
294, 198
293, 199
293, 201
292, 202
292, 204
291, 205
291, 206
290, 207
290, 209
289, 210
289, 212
288, 213
288, 214
287, 215
287, 217
286, 218
286, 219
285, 220
285, 222
284, 223
284, 224
283, 225
283, 227
282, 228
282, 229
281, 230
281, 232
280, 233
280, 234
279, 235
279, 236
278, 237
278, 238
277, 239
277, 241
276, 242
276, 243
275, 244
275, 245
274, 246
274, 247
273, 248
273, 249
272, 250
272, 251
271, 252
271, 253
270, 254
270, 255
268, 257
268, 258
267, 259
267, 260
266, 261
266, 262
265, 263
265, 264
263, 266
263, 267
261, 269
261, 270
258, 273
258, 274
232, 300
231, 300
224, 307
223, 307
218, 312
217, 312
212, 317
211, 317
207, 321
206, 321
204, 323
203, 323
200, 326
199, 326
198, 327
193, 327
192, 326
190, 326
189, 325
188, 325
180, 317
180, 316
179, 315
179, 314
178, 313
178, 312
176, 310
176, 308
175, 307
175, 305
174, 304
174, 302
173, 301
173, 298
172, 297
172, 292
173, 291
173, 290
192, 271
193, 271
206, 258
207, 258
213, 252
214, 252
217, 249
218, 249
221, 246
222, 246
225, 243
226, 243
230, 239
231, 239
234, 236
235, 236
238, 233
239, 233
243, 229
244, 229
247, 226
248, 226
251, 223
252, 223
254, 221
255, 221
257, 219
258, 219
261, 216
262, 216
264, 214
265, 214
267, 212
268, 212
271, 209
272, 209
274, 207
275, 207
278, 204
279, 204
281, 202
282, 202
284, 200
285, 200
288, 197
289, 197
291, 195
327, 175
328, 174
329, 174
330, 175
330, 177
329, 178
329, 179
328, 180
328, 181
327, 182
327, 183
325, 185
325, 186
324, 187
324, 188
323, 189
323, 190
321, 192
321, 193
320, 194
320, 195
318, 197
318, 198
317, 199
317, 200
314, 203
314, 204
312, 206
312, 207
310, 209
310, 210
308, 212
308, 213
305, 216
305, 217
303, 219
303, 220
300, 223
300, 224
297, 227
297, 228
293, 232
293, 233
290, 236
290, 237
287, 240
287, 241
282, 246
282, 247
277, 252
277, 253
271, 256
272, 255
272, 254
273, 253
273, 252
274, 251
274, 250
275, 249
275, 248
276, 247
276, 246
277, 245
277, 244
278, 243
278, 242
279, 241
279, 240
280, 239
280, 237
281, 236
281, 235
282, 234
282, 233
283, 232
283, 230
284, 229
284, 228
285, 227
285, 225
286, 224
286, 223
287, 222
287, 220
288, 219
288, 218
289, 217
289, 215
290, 214
290, 213
291, 212
291, 210
292, 209
292, 207
293, 206
293, 205
294, 204
294, 202
295, 201
295, 199
296, 198
296, 196
297, 195
297, 193
301, 189
302, 189
304, 187
305, 187
306, 186
307, 186
308, 185
309, 185
310, 184
311, 184
313, 182
314, 182
315, 181
316, 181
317, 180
318, 180
319, 179
320, 179
322, 177
323, 177
324, 176
325, 176
326, 175
300, 131
301, 130
306, 130
307, 131
307, 133
306, 134
306, 149
305, 150
305, 156
304, 157
304, 163
303, 164
303, 167
302, 168
302, 172
301, 173
301, 176
300, 177
300, 179
299, 180
299, 183
298, 184
298, 186
297, 187
297, 188
293, 192
292, 192
290, 194
289, 194
286, 197
285, 197
283, 199
282, 199
280, 201
279, 201
276, 204
275, 204
273, 206
272, 206
270, 208
269, 208
266, 211
265, 211
263, 213
262, 213
260, 215
259, 215
256, 218
255, 218
253, 220
252, 220
250, 222
249, 222
246, 225
245, 225
241, 229
240, 229
237, 232
236, 232
233, 235
232, 235
228, 239
227, 239
224, 242
223, 242
220, 245
219, 245
216, 248
215, 248
211, 252
210, 252
203, 259
202, 259
190, 271
189, 271
172, 288
171, 287
171, 270
172, 269
172, 265
173, 264
173, 260
174, 259
174, 256
175, 255
175, 253
176, 252
176, 250
177, 249
177, 248
178, 247
178, 245
179, 244
179, 242
180, 241
180, 240
181, 239
181, 238
182, 237
182, 236
183, 235
183, 234
184, 233
184, 232
185, 231
185, 230
186, 229
186, 228
187, 227
187, 226
188, 225
188, 224
190, 222
190, 221
193, 218
193, 217
195, 215
195, 214
197, 212
197, 211
199, 209
199, 208
203, 204
203, 203
207, 199
207, 198
212, 193
212, 192
230, 174
231, 174
241, 164
242, 164
246, 160
247, 160
250, 157
251, 157
254, 154
255, 154
257, 152
258, 152
260, 150
261, 150
263, 148
264, 148
265, 147
266, 147
268, 145
269, 145
271, 143
272, 143
273, 142
274, 142
275, 141
276, 141
277, 140
278, 140
279, 139
280, 139
281, 138
282, 138
283, 137
284, 137
285, 136
286, 136
287, 135
288, 135
289, 134
291, 134
292, 133
294, 133
295, 132
297, 132
298, 131
313, 129
314, 128
317, 128
318, 129
322, 129
323, 130
328, 132
329, 132
334, 137
334, 138
335, 139
335, 140
336, 141
336, 143
337, 144
337, 156
336, 157
336, 161
335, 162
334, 166
334, 167
330, 171
329, 171
328, 172
327, 172
325, 174
324, 174
323, 175
322, 175
321, 176
320, 176
318, 178
317, 178
316, 179
315, 179
314, 180
313, 180
312, 181
311, 181
309, 183
308, 183
307, 184
306, 184
305, 185
304, 185
303, 186
302, 186
300, 186
300, 183
301, 182
301, 180
302, 179
302, 177
303, 176
303, 173
304, 172
304, 168
305, 167
305, 163
306, 162
306, 157
307, 156
307, 149
308, 148
310, 129
243, 32
244, 33
244, 36
243, 37
243, 40
242, 41
242, 42
241, 43
241, 45
240, 46
240, 47
239, 48
239, 50
238, 51
238, 52
237, 53
237, 55
236, 56
236, 57
235, 58
235, 59
234, 60
234, 61
233, 62
233, 64
232, 65
232, 66
231, 67
231, 68
229, 70
228, 69
228, 65
229, 64
229, 60
230, 59
230, 56
231, 55
231, 53
232, 52
232, 51
233, 50
233, 48
234, 47
234, 46
235, 45
235, 44
236, 43
236, 42
237, 41
237, 40
238, 39
238, 38
240, 36
240, 35
169, 19
171, 19
174, 22
174, 23
175, 24
175, 25
176, 26
176, 28
177, 29
177, 33
178, 34
178, 37
177, 38
177, 41
176, 42
176, 44
175, 45
175, 46
174, 47
174, 49
173, 50
173, 52
172, 53
172, 55
171, 56
171, 57
170, 58
170, 60
169, 61
169, 63
168, 64
168, 65
167, 66
167, 68
166, 69
166, 71
165, 72
165, 74
164, 75
164, 77
163, 78
163, 80
162, 81
162, 83
161, 84
161, 86
160, 87
160, 89
159, 90
159, 92
158, 93
158, 95
157, 96
157, 98
156, 99
156, 101
155, 102
155, 105
154, 106
154, 108
153, 109
153, 112
152, 113
152, 115
151, 116
151, 119
150, 120
150, 123
149, 124
149, 127
148, 128
148, 131
147, 132
147, 134
146, 135
146, 138
145, 139
145, 142
144, 143
144, 146
143, 147
143, 150
142, 151
142, 153
141, 154
141, 156
140, 157
140, 160
139, 161
139, 163
138, 164
138, 166
137, 167
137, 168
136, 169
136, 170
135, 171
134, 170
134, 164
133, 163
133, 146
132, 145
132, 130
133, 129
133, 117
134, 116
134, 110
135, 109
135, 104
136, 103
136, 99
137, 98
137, 95
138, 94
138, 91
139, 90
139, 87
140, 86
140, 83
141, 82
141, 80
142, 79
142, 77
143, 76
143, 73
144, 72
144, 70
145, 69
145, 67
146, 66
146, 64
147, 63
147, 62
148, 61
148, 59
149, 58
149, 56
150, 55
150, 54
151, 53
151, 51
152, 50
152, 49
153, 48
153, 46
154, 45
154, 44
155, 43
155, 42
156, 41
156, 39
157, 38
157, 37
158, 36
158, 35
159, 34
159, 33
160, 32
160, 31
161, 30
161, 29
163, 27
163, 26
165, 24
165, 23
