4, 2
388, 4
386, 369
2, 367
210, 16
208, 18
207, 18
207, 19
204, 22
204, 23
203, 24
203, 25
202, 26
202, 27
201, 28
201, 30
200, 31
200, 32
199, 33
199, 35
198, 36
198, 37
197, 38
197, 40
196, 41
196, 44
195, 45
195, 47
194, 48
194, 50
193, 51
193, 53
192, 54
192, 55
191, 56
191, 57
190, 58
190, 59
188, 61
188, 62
187, 63
187, 64
185, 66
185, 67
184, 68
184, 69
182, 71
182, 72
181, 73
181, 74
179, 76
179, 77
178, 78
178, 79
176, 81
176, 82
175, 83
175, 84
173, 86
173, 87
172, 88
172, 89
170, 91
170, 92
169, 93
169, 94
167, 96
167, 97
166, 98
166, 99
164, 101
164, 102
163, 103
163, 104
161, 106
161, 107
160, 108
160, 109
158, 111
158, 112
157, 113
157, 114
155, 116
155, 117
153, 119
153, 120
151, 122
151, 123
149, 125
149, 126
145, 130
145, 131
139, 137
138, 137
136, 139
132, 139
131, 138
131, 137
132, 136
132, 133
133, 132
133, 130
134, 129
134, 127
135, 126
135, 124
136, 123
136, 120
137, 119
137, 116
138, 115
138, 112
139, 111
139, 108
140, 107
140, 104
141, 103
141, 99
142, 98
142, 95
143, 94
143, 90
144, 89
144, 85
145, 84
145, 79
146, 78
146, 73
147, 72
147, 67
148, 66
148, 61
149, 60
149, 55
150, 54
150, 48
151, 47
151, 42
152, 41
152, 35
153, 34
153, 22
152, 21
152, 19
150, 17
144, 17
137, 24
137, 25
136, 26
136, 27
135, 28
135, 29
134, 30
134, 31
133, 32
133, 33
132, 34
132, 36
131, 37
131, 39
130, 40
130, 42
129, 43
129, 45
128, 46
128, 49
127, 50
127, 53
126, 54
126, 57
125, 58
125, 62
124, 63
124, 67
123, 68
123, 74
122, 75
122, 82
121, 83
121, 93
120, 94
120, 109
119, 110
119, 115
120, 116
120, 126
121, 127
121, 130
122, 131
122, 133
123, 134
123, 135
124, 136
124, 137
126, 139
126, 143
125, 144
125, 146
124, 147
124, 149
123, 150
123, 152
122, 153
122, 155
121, 156
121, 157
120, 158
120, 160
119, 161
119, 163
118, 164
118, 165
117, 166
117, 168
116, 169
116, 170
115, 171
115, 172
114, 173
114, 175
113, 176
113, 177
112, 178
112, 180
111, 181
111, 182
110, 183
110, 184
109, 185
109, 187
108, 188
108, 189
107, 190
107, 191
106, 192
106, 193
105, 194
105, 196
104, 197
104, 198
103, 199
103, 200
102, 201
102, 202
101, 203
101, 204
100, 205
100, 207
99, 208
99, 209
98, 210
98, 211
97, 212
97, 213
96, 214
96, 215
95, 216
95, 217
94, 218
94, 219
93, 220
93, 221
92, 222
92, 223
91, 224
91, 225
90, 226
90, 227
89, 228
89, 229
88, 230
88, 231
87, 232
87, 233
86, 234
86, 235
85, 236
85, 237
84, 238
84, 239
83, 240
83, 241
82, 242
82, 243
81, 244
81, 245
80, 246
80, 247
79, 248
79, 249
78, 250
78, 251
77, 252
77, 253
76, 254
76, 255
75, 256
75, 257
73, 259
73, 260
72, 261
72, 262
71, 263
71, 264
69, 266
69, 267
68, 268
68, 269
66, 271
66, 272
65, 273
65, 274
63, 276
63, 277
62, 278
62, 279
60, 281
60, 282
59, 283
59, 284
57, 286
57, 287
56, 288
56, 289
54, 291
54, 292
51, 295
51, 296
48, 299
48, 300
38, 310
37, 310
36, 311
30, 311
29, 310
28, 310
25, 307
25, 306
24, 305
24, 304
23, 303
23, 300
22, 299
22, 295
21, 294
21, 287
20, 286
20, 269
21, 268
21, 260
22, 259
22, 254
23, 253
23, 251
24, 250
24, 249
26, 247
28, 249
28, 250
29, 251
29, 253
30, 254
30, 257
31, 258
31, 259
33, 259
34, 258
34, 256
33, 255
33, 251
32, 250
32, 249
31, 248
31, 247
28, 244
24, 244
21, 247
21, 249
20, 250
20, 252
19, 253
19, 257
18, 258
18, 266
17, 267
17, 288
18, 289
18, 296
19, 297
19, 300
20, 301
20, 304
21, 305
21, 306
22, 307
22, 308
23, 309
23, 310
26, 313
27, 313
28, 314
37, 314
38, 313
39, 313
40, 312
41, 312
50, 303
50, 302
53, 299
53, 298
56, 295
56, 294
58, 292
58, 291
60, 289
60, 288
61, 287
61, 286
63, 284
63, 283
64, 282
64, 281
66, 279
66, 278
67, 277
67, 276
69, 274
69, 273
70, 272
70, 271
71, 270
71, 269
73, 267
73, 266
74, 265
74, 264
75, 263
75, 262
77, 260
77, 259
78, 258
78, 257
79, 256
79, 255
80, 254
80, 253
81, 252
81, 251
82, 250
82, 249
84, 247
84, 246
85, 245
85, 244
86, 243
86, 242
87, 241
87, 240
88, 239
88, 238
89, 237
89, 236
90, 235
90, 234
91, 233
91, 232
92, 231
92, 230
93, 229
93, 228
94, 227
94, 226
95, 225
95, 224
96, 223
96, 222
97, 221
97, 220
98, 219
98, 217
99, 216
99, 215
100, 214
100, 213
101, 212
101, 211
102, 210
102, 209
103, 208
103, 207
104, 206
104, 205
105, 204
105, 202
106, 201
106, 200
107, 199
107, 198
108, 197
108, 196
109, 195
109, 193
110, 192
110, 191
111, 190
111, 189
112, 188
112, 187
113, 186
113, 184
114, 183
114, 182
115, 181
115, 180
116, 179
116, 177
117, 176
117, 175
118, 174
118, 172
119, 171
119, 170
120, 169
120, 167
121, 166
121, 165
122, 164
122, 162
123, 161
123, 160
124, 159
124, 157
125, 156
125, 154
126, 153
126, 152
127, 151
127, 149
128, 148
128, 146
129, 145
129, 144
130, 143
134, 143
135, 142
137, 142
138, 141
139, 141
141, 139
142, 139
146, 135
146, 134
151, 129
151, 128
153, 126
153, 125
156, 122
156, 121
157, 120
157, 119
159, 117
159, 116
160, 115
160, 114
162, 112
162, 111
164, 109
164, 108
165, 107
165, 106
167, 104
167, 103
168, 102
168, 101
170, 99
170, 98
171, 97
171, 96
173, 94
173, 93
174, 92
174, 91
176, 89
176, 88
177, 87
177, 86
178, 85
178, 84
180, 82
180, 81
181, 80
181, 79
183, 77
183, 76
185, 74
186, 75
186, 78
185, 79
185, 83
184, 84
184, 87
183, 88
183, 92
182, 93
182, 97
181, 98
181, 104
180, 105
180, 113
179, 114
179, 137
180, 138
180, 142
181, 143
181, 145
182, 146
182, 147
183, 148
183, 149
184, 150
184, 151
191, 158
193, 158
194, 159
196, 159
197, 160
205, 160
206, 159
210, 159
211, 158
213, 158
214, 157
216, 157
217, 156
218, 156
219, 155
221, 155
222, 154
223, 154
224, 153
225, 153
226, 152
227, 152
228, 151
229, 151
230, 150
231, 150
232, 149
233, 149
235, 147
236, 147
238, 145
239, 145
241, 143
242, 143
246, 139
247, 139
251, 135
252, 135
259, 128
260, 128
273, 115
274, 115
287, 102
288, 102
290, 100
291, 101
291, 103
290, 104
290, 109
289, 110
289, 114
288, 115
288, 120
287, 121
287, 125
286, 126
286, 130
285, 131
285, 132
283, 134
281, 134
280, 135
279, 135
278, 136
277, 136
276, 137
275, 137
274, 138
273, 138
272, 139
271, 139
270, 140
269, 140
268, 141
267, 141
266, 142
265, 142
264, 143
262, 143
261, 144
260, 144
259, 145
258, 145
257, 146
256, 146
255, 147
254, 147
253, 148
252, 148
251, 149
250, 149
249, 150
248, 150
247, 151
246, 151
245, 152
244, 152
243, 153
242, 153
241, 154
240, 154
238, 156
237, 156
235, 158
234, 158
232, 160
231, 160
229, 162
227, 162
226, 163
224, 163
223, 164
221, 164
220, 165
219, 165
218, 166
216, 166
215, 167
214, 167
212, 169
211, 169
210, 170
209, 170
207, 172
206, 172
204, 174
203, 174
200, 177
199, 177
196, 180
195, 180
184, 191
184, 192
178, 198
178, 199
176, 201
176, 202
174, 204
174, 205
172, 207
172, 208
171, 209
171, 210
169, 212
169, 213
165, 217
165, 218
159, 224
159, 225
155, 229
155, 230
153, 232
153, 233
151, 235
151, 236
149, 238
149, 239
148, 240
148, 241
146, 243
146, 244
144, 246
144, 247
142, 249
142, 250
140, 252
140, 253
139, 254
139, 255
138, 256
138, 257
137, 258
137, 259
136, 260
136, 262
135, 263
135, 264
134, 265
134, 266
133, 267
133, 268
132, 269
132, 271
131, 272
131, 273
130, 274
130, 275
129, 276
129, 277
128, 278
128, 281
127, 282
127, 285
126, 286
126, 288
125, 289
125, 292
124, 293
124, 296
123, 297
123, 301
122, 302
122, 323
123, 324
123, 330
124, 331
124, 333
125, 334
125, 335
126, 336
126, 337
127, 338
127, 339
128, 340
128, 341
129, 342
129, 343
137, 351
138, 351
139, 352
141, 352
142, 353
143, 353
144, 354
160, 354
161, 353
164, 353
165, 352
167, 352
168, 351
170, 351
172, 349
173, 349
174, 348
175, 348
176, 347
177, 347
178, 346
179, 346
181, 344
182, 344
186, 340
187, 340
192, 335
193, 335
193, 334
203, 324
203, 323
206, 320
206, 319
208, 317
208, 316
211, 313
211, 312
213, 310
213, 309
215, 307
215, 306
216, 305
216, 304
218, 302
218, 301
220, 299
220, 298
221, 297
221, 296
223, 294
223, 293
224, 292
224, 291
226, 289
226, 288
227, 287
227, 286
228, 285
228, 284
229, 283
229, 282
231, 280
231, 279
232, 278
232, 277
233, 276
233, 275
234, 274
234, 273
235, 272
235, 271
236, 270
236, 269
237, 268
237, 267
238, 266
238, 265
239, 264
239, 263
240, 262
240, 261
241, 260
241, 259
242, 258
242, 257
243, 256
243, 255
244, 254
244, 252
245, 251
245, 250
246, 249
246, 248
247, 247
247, 246
248, 245
248, 244
249, 243
249, 241
250, 240
250, 238
251, 237
251, 236
252, 235
252, 233
253, 232
253, 231
254, 230
254, 228
255, 227
255, 225
256, 224
256, 222
257, 221
257, 218
258, 217
258, 215
259, 214
259, 211
260, 210
260, 205
261, 204
261, 199
262, 198
262, 196
264, 194
264, 193
265, 192
265, 191
266, 190
266, 189
267, 188
267, 187
268, 186
268, 185
269, 184
269, 183
270, 182
270, 181
271, 180
271, 178
272, 177
272, 176
273, 175
273, 174
274, 173
274, 172
275, 171
275, 170
276, 169
276, 167
277, 166
277, 165
278, 164
278, 162
279, 161
279, 160
280, 159
280, 158
281, 157
281, 155
282, 154
282, 152
283, 151
283, 149
284, 148
284, 146
285, 145
285, 143
286, 142
286, 140
287, 139
287, 137
289, 135
290, 135
291, 134
293, 134
294, 133
295, 133
296, 132
298, 132
299, 131
301, 131
302, 130
303, 130
304, 129
306, 129
307, 128
309, 128
310, 127
312, 127
313, 126
314, 126
315, 125
317, 125
318, 124
320, 124
321, 123
323, 123
324, 122
326, 122
327, 121
329, 121
330, 120
332, 120
333, 119
335, 119
336, 118
338, 118
339, 117
341, 117
342, 116
344, 116
345, 115
348, 115
349, 114
351, 114
352, 113
354, 113
355, 112
357, 112
358, 111
360, 111
361, 110
363, 110
364, 109
367, 109
368, 108
370, 108
372, 106
372, 105
371, 105
370, 104
369, 105
366, 105
365, 106
363, 106
362, 107
360, 107
359, 108
357, 108
356, 109
354, 109
353, 110
351, 110
350, 111
347, 111
346, 112
344, 112
343, 113
341, 113
340, 114
338, 114
337, 115
335, 115
334, 116
332, 116
331, 117
328, 117
327, 118
325, 118
324, 119
322, 119
321, 120
320, 120
319, 121
317, 121
316, 122
314, 122
313, 123
311, 123
310, 124
309, 124
308, 125
306, 125
305, 126
303, 126
302, 127
300, 127
299, 128
298, 128
297, 129
295, 129
294, 130
292, 130
291, 131
290, 131
289, 130
289, 127
290, 126
290, 122
291, 121
291, 117
292, 116
292, 111
293, 110
293, 106
294, 105
294, 100
295, 99
295, 96
296, 95
296, 91
293, 91
293, 92
284, 101
283, 101
269, 115
268, 115
256, 127
255, 127
248, 134
247, 134
243, 138
242, 138
239, 141
238, 141
236, 143
235, 143
233, 145
232, 145
231, 146
230, 146
228, 148
227, 148
226, 149
225, 149
224, 150
223, 150
222, 151
221, 151
220, 152
218, 152
217, 153
216, 153
215, 154
213, 154
212, 155
210, 155
209, 156
205, 156
204, 157
198, 157
197, 156
195, 156
194, 155
193, 155
191, 153
190, 153
189, 152
189, 151
186, 148
186, 147
185, 146
185, 144
184, 143
184, 141
183, 140
183, 136
182, 135
182, 116
183, 115
183, 107
184, 106
184, 100
185, 99
185, 95
186, 94
186, 90
187, 89
187, 85
188, 84
188, 80
189, 79
189, 76
190, 75
190, 72
191, 71
191, 69
192, 68
192, 65
193, 64
193, 62
194, 61
194, 59
195, 58
195, 56
196, 55
196, 54
197, 53
197, 52
198, 51
198, 50
200, 48
200, 47
201, 46
201, 45
202, 44
202, 43
203, 42
203, 41
204, 40
204, 39
205, 38
205, 37
206, 36
206, 35
207, 34
207, 33
208, 32
208, 31
209, 30
209, 29
210, 28
210, 27
211, 26
211, 25
212, 24
212, 22
213, 21
213, 20
214, 19
214, 17
213, 16
255, 209
256, 210
256, 213
255, 214
255, 216
254, 217
254, 219
253, 220
253, 223
252, 224
252, 226
251, 227
251, 228
250, 229
250, 231
249, 232
249, 234
248, 235
248, 236
247, 237
247, 239
246, 240
246, 241
245, 242
245, 243
244, 244
244, 246
243, 247
243, 248
242, 249
242, 250
241, 251
241, 252
240, 253
240, 255
239, 256
239, 257
238, 258
238, 259
237, 260
237, 261
236, 262
236, 263
235, 264
235, 265
234, 266
234, 267
233, 268
233, 269
232, 270
232, 271
231, 272
231, 273
230, 274
230, 275
228, 277
228, 278
227, 279
227, 280
226, 281
226, 282
225, 283
225, 284
223, 286
223, 287
222, 288
222, 289
221, 290
221, 291
219, 293
219, 294
218, 295
218, 296
216, 298
216, 299
214, 301
214, 302
213, 303
213, 304
211, 306
211, 307
209, 309
209, 310
206, 313
206, 314
204, 316
204, 317
201, 320
201, 321
192, 330
192, 331
189, 334
188, 334
184, 338
183, 338
179, 342
178, 342
177, 343
176, 343
174, 345
173, 345
172, 346
171, 346
170, 347
169, 347
168, 348
167, 348
166, 349
163, 349
162, 350
160, 350
159, 351
146, 351
145, 350
143, 350
142, 349
140, 349
131, 340
131, 339
130, 338
130, 337
129, 336
129, 335
128, 334
128, 333
127, 332
127, 329
126, 328
126, 323
125, 322
125, 305
126, 304
126, 298
127, 297
127, 294
128, 293
128, 291
129, 290
129, 287
130, 286
130, 283
131, 282
131, 280
132, 279
132, 277
133, 276
133, 275
134, 274
134, 273
135, 272
135, 271
136, 270
136, 268
137, 267
137, 266
138, 265
138, 264
139, 263
139, 262
140, 261
140, 259
141, 258
141, 257
143, 255
143, 254
144, 253
144, 252
146, 250
146, 249
148, 247
148, 246
150, 244
150, 243
151, 242
151, 241
153, 239
153, 238
155, 236
155, 235
157, 233
157, 232
160, 229
160, 228
162, 226
163, 226
164, 227
163, 228
163, 242
164, 243
164, 244
165, 245
165, 246
166, 247
166, 248
173, 255
174, 255
175, 256
176, 256
177, 257
179, 257
180, 258
184, 258
185, 259
189, 259
190, 258
195, 258
196, 257
199, 257
200, 256
202, 256
203, 255
204, 255
205, 254
206, 254
207, 253
208, 253
209, 252
210, 252
212, 250
213, 250
214, 249
215, 249
217, 247
218, 247
220, 245
221, 245
224, 242
225, 242
231, 236
232, 236
240, 228
240, 227
246, 221
246, 220
249, 217
249, 216
252, 213
252, 212
198, 182
194, 189
232, 165
233, 164
241, 164
242, 165
244, 165
245, 166
247, 166
249, 168
254, 172
254, 173
255, 174
255, 175
256, 176
256, 177
257, 178
257, 180
258, 181
258, 186
259, 187
259, 194
258, 195
258, 197
257, 198
257, 199
256, 200
256, 201
254, 203
254, 204
252, 206
252, 207
250, 209
250, 210
247, 213
247, 214
244, 217
244, 218
239, 223
227, 236
226, 236
222, 240
221, 240
218, 243
217, 243
215, 245
214, 245
212, 247
211, 247
210, 248
209, 248
208, 249
207, 249
206, 250
205, 250
204, 251
203, 251
202, 252
201, 252
200, 253
198, 253
197, 254
195, 254
194, 255
188, 255
187, 256
186, 255
181, 255
180, 254
179, 254
178, 253
177, 253
176, 252
168, 245
168, 244
167, 243
167, 241
166, 240
166, 230
167, 229
167, 226
168, 225
168, 223
169, 222
169, 220
170, 219
170, 218
171, 217
171, 216
173, 214
188, 198
189, 198
196, 191
197, 191
205, 183
206, 183
210, 179
211, 179
213, 177
214, 177
217, 174
218, 174
220, 172
221, 172
223, 170
224, 170
227, 167
228, 167
230, 165
279, 139
280, 138
282, 138
283, 139
283, 141
282, 142
282, 144
281, 145
281, 147
280, 148
280, 150
279, 151
279, 153
278, 154
278, 155
277, 156
277, 158
276, 159
276, 160
275, 161
275, 163
274, 164
274, 165
273, 166
273, 167
272, 168
272, 170
271, 171
271, 172
270, 173
270, 174
269, 175
269, 176
268, 177
268, 178
267, 179
267, 180
266, 181
266, 182
265, 183
265, 184
264, 185
264, 186
263, 187
262, 186
262, 185
261, 184
261, 180
260, 179
260, 177
259, 176
259, 175
258, 174
258, 172
250, 164
249, 164
248, 163
247, 163
246, 162
244, 162
243, 161
239, 161
238, 160
240, 158
241, 158
242, 157
243, 157
244, 156
245, 156
246, 155
247, 155
248, 154
249, 154
250, 153
251, 153
252, 152
253, 152
254, 151
255, 151
256, 150
257, 150
258, 149
259, 149
260, 148
261, 148
262, 147
263, 147
264, 146
265, 146
266, 145
267, 145
268, 144
269, 144
270, 143
271, 143
272, 142
273, 142
274, 141
275, 141
276, 140
277, 140
278, 139
146, 20
148, 20
149, 21
149, 22
150, 23
150, 32
149, 33
149, 40
148, 41
148, 46
147, 47
147, 52
146, 53
146, 59
145, 60
145, 65
144, 66
144, 71
143, 72
143, 77
142, 78
142, 82
141, 83
141, 87
140, 88
140, 92
139, 93
139, 97
138, 98
138, 102
137, 103
137, 106
136, 107
136, 110
135, 111
135, 114
134, 115
134, 118
133, 119
133, 121
132, 122
132, 125
131, 126
131, 128
130, 129
130, 131
129, 132
129, 134
128, 135
127, 135
126, 134
126, 133
125, 132
125, 130
124, 129
124, 125
123, 124
123, 96
124, 95
124, 85
125, 84
125, 77
126, 76
126, 70
127, 69
127, 64
128, 63
128, 59
129, 58
129, 55
130, 54
130, 51
131, 50
131, 48
132, 47
132, 44
133, 43
133, 41
134, 40
134, 38
135, 37
135, 36
136, 35
136, 33
137, 32
137, 31
138, 30
138, 29
139, 28
139, 27
