0, 2
2, 2
4, 4
4, 50
2, 52
0, 52
0, 54
2, 54
4, 56
4, 102
2, 104
0, 104
0, 106
2, 106
4, 108
4, 155
2, 157
0, 157
0, 159
2, 159
4, 161
4, 207
2, 209
0, 209
0, 211
2, 211
4, 213
4, 259
2, 261
0, 261
0, 263
2, 263
4, 265
4, 311
2, 313
0, 313
0, 315
2, 315
4, 317
4, 364
2, 366
0, 366
2, 368
4, 370
4, 371
292, 2
294, 367
8, 369
6, 4
149, 16
147, 18
147, 19
145, 21
145, 23
144, 24
144, 25
143, 26
143, 28
142, 29
142, 31
141, 32
141, 33
140, 34
140, 36
139, 37
139, 39
138, 40
138, 41
137, 42
137, 44
136, 45
136, 46
135, 47
135, 49
134, 50
134, 51
133, 52
133, 53
132, 54
132, 55
131, 56
131, 57
130, 58
130, 59
129, 60
129, 61
128, 62
128, 63
127, 64
127, 65
125, 67
125, 69
123, 71
123, 72
122, 73
122, 74
121, 75
121, 76
120, 77
120, 78
119, 79
119, 80
118, 81
118, 82
117, 83
117, 84
116, 85
116, 86
115, 87
115, 88
114, 89
114, 90
113, 91
113, 93
112, 94
112, 95
111, 96
111, 97
110, 98
110, 99
109, 100
109, 101
108, 102
108, 103
107, 104
107, 106
106, 107
106, 108
105, 109
105, 110
104, 111
104, 113
103, 114
103, 115
102, 116
102, 117
101, 118
101, 119
100, 120
100, 121
99, 122
99, 124
98, 125
98, 126
97, 127
97, 129
96, 130
96, 131
95, 132
95, 133
94, 134
94, 136
93, 137
93, 139
92, 140
92, 141
91, 142
91, 144
90, 145
90, 147
89, 148
89, 149
88, 150
88, 151
87, 152
87, 154
86, 155
86, 156
85, 157
85, 159
84, 160
84, 161
83, 162
83, 163
82, 164
82, 166
81, 167
81, 168
80, 169
80, 170
79, 171
79, 172
78, 173
78, 174
77, 175
77, 176
76, 177
76, 178
74, 180
74, 181
73, 182
73, 183
72, 184
72, 185
71, 186
71, 187
70, 188
70, 189
68, 191
68, 192
67, 193
67, 194
66, 195
66, 196
64, 198
64, 199
63, 200
63, 201
61, 203
61, 204
60, 205
60, 206
59, 207
59, 208
58, 209
58, 210
56, 212
56, 213
55, 214
55, 215
53, 217
53, 218
52, 219
52, 220
50, 222
50, 223
49, 224
49, 225
47, 227
47, 228
46, 229
46, 230
44, 232
44, 233
42, 235
42, 236
40, 238
40, 239
37, 242
37, 243
29, 251
28, 251
27, 252
26, 252
25, 253
23, 253
21, 251
21, 250
20, 249
20, 236
21, 235
21, 231
22, 230
22, 227
23, 226
23, 224
24, 223
24, 221
25, 220
25, 218
26, 217
26, 216
27, 215
27, 214
28, 213
28, 212
30, 210
30, 209
35, 204
38, 204
39, 205
39, 209
38, 210
38, 212
41, 212
41, 211
42, 210
42, 204
41, 203
41, 202
40, 201
35, 201
34, 202
32, 202
28, 206
28, 207
26, 209
26, 210
25, 211
25, 212
24, 213
24, 214
23, 215
23, 216
22, 217
22, 219
21, 220
21, 222
20, 223
20, 226
19, 227
19, 230
18, 231
18, 234
17, 235
17, 249
18, 250
18, 252
19, 253
19, 254
21, 256
26, 256
27, 255
28, 255
29, 254
30, 254
32, 252
33, 252
38, 247
38, 246
41, 243
41, 242
44, 239
44, 238
46, 236
46, 235
47, 234
47, 233
49, 231
49, 230
51, 228
51, 227
52, 226
52, 225
54, 223
54, 222
55, 221
55, 220
56, 219
56, 218
58, 216
58, 215
59, 214
59, 213
61, 211
61, 210
62, 209
62, 208
63, 207
63, 206
65, 204
65, 203
66, 202
66, 201
67, 200
67, 199
69, 197
69, 196
70, 195
70, 194
72, 192
72, 191
73, 190
73, 189
74, 188
74, 187
75, 186
75, 185
76, 184
76, 183
78, 181
78, 180
79, 179
79, 178
80, 177
80, 176
81, 175
81, 174
82, 173
82, 172
83, 171
83, 170
84, 169
84, 167
85, 166
85, 165
86, 164
86, 163
87, 162
87, 161
88, 160
88, 158
89, 157
89, 156
90, 155
90, 153
91, 152
91, 151
92, 150
92, 148
93, 147
93, 146
94, 145
94, 143
95, 142
95, 141
96, 140
96, 138
97, 137
97, 135
98, 134
98, 133
99, 132
99, 130
100, 129
100, 128
101, 127
101, 126
102, 125
102, 123
103, 122
103, 121
104, 120
104, 119
105, 118
105, 117
106, 116
106, 114
107, 113
107, 112
108, 111
108, 110
109, 109
109, 108
110, 107
110, 105
111, 104
111, 103
112, 102
112, 101
113, 100
113, 99
114, 98
114, 97
115, 96
115, 95
116, 94
116, 92
117, 91
117, 90
118, 89
118, 88
119, 87
119, 86
120, 85
120, 84
121, 83
121, 82
122, 81
122, 80
123, 79
124, 80
124, 82
123, 83
123, 86
122, 87
122, 90
121, 91
121, 94
120, 95
120, 97
119, 98
119, 102
118, 103
118, 107
117, 108
117, 111
116, 112
116, 116
115, 117
115, 121
114, 122
114, 125
113, 126
113, 130
112, 131
112, 135
111, 136
111, 140
110, 141
110, 145
109, 146
109, 150
108, 151
108, 155
107, 156
107, 161
106, 162
106, 169
105, 170
105, 193
106, 194
106, 196
107, 197
107, 198
110, 201
111, 201
112, 202
114, 202
115, 201
117, 201
118, 200
119, 200
120, 199
121, 199
123, 197
124, 197
126, 195
127, 195
131, 191
132, 191
137, 186
138, 186
146, 178
147, 178
149, 176
149, 175
156, 168
157, 169
157, 185
158, 186
158, 197
159, 198
159, 205
157, 207
156, 207
155, 208
154, 208
153, 209
152, 209
150, 211
149, 211
147, 213
146, 213
145, 214
144, 214
142, 216
141, 216
139, 218
138, 218
135, 221
134, 221
132, 223
131, 223
128, 226
127, 226
125, 228
124, 228
120, 232
119, 232
113, 238
112, 238
101, 249
101, 250
98, 253
98, 254
96, 256
96, 257
95, 258
95, 259
94, 260
94, 261
93, 262
93, 263
92, 264
92, 266
91, 267
91, 268
90, 269
90, 271
89, 272
89, 274
88, 275
88, 277
87, 278
87, 280
86, 281
86, 284
85, 285
85, 289
84, 290
84, 300
85, 301
85, 304
86, 305
86, 308
87, 309
87, 312
88, 313
88, 315
89, 316
89, 319
90, 320
90, 323
91, 324
91, 326
92, 327
92, 329
93, 330
93, 331
94, 332
94, 333
95, 334
95, 335
101, 341
102, 341
104, 343
105, 343
108, 346
109, 346
112, 349
113, 349
116, 352
117, 352
118, 353
120, 353
121, 354
137, 354
138, 353
142, 353
143, 352
145, 352
146, 351
148, 351
149, 350
151, 350
152, 349
153, 349
154, 348
155, 348
156, 347
157, 347
158, 346
159, 346
160, 345
161, 345
163, 343
164, 343
165, 342
166, 342
168, 340
169, 340
182, 327
182, 326
185, 323
185, 322
188, 319
188, 318
190, 316
190, 315
192, 313
192, 312
194, 310
194, 309
195, 308
195, 307
197, 305
197, 304
199, 302
199, 301
200, 300
200, 299
202, 297
202, 296
203, 295
203, 294
205, 292
205, 291
206, 290
206, 289
207, 288
207, 287
208, 286
208, 285
209, 284
209, 283
210, 282
210, 281
211, 280
211, 278
212, 277
212, 276
213, 275
213, 273
214, 272
214, 270
215, 269
215, 267
216, 266
216, 263
217, 262
217, 259
218, 258
218, 256
219, 255
219, 251
220, 250
220, 244
221, 243
221, 238
222, 237
222, 231
223, 230
223, 223
224, 222
224, 214
225, 213
225, 199
224, 198
224, 195
223, 194
223, 193
221, 191
220, 191
219, 190
215, 190
214, 191
213, 191
212, 192
211, 192
208, 195
207, 195
200, 202
199, 201
199, 200
200, 199
200, 195
201, 194
201, 192
202, 191
202, 189
205, 186
206, 186
207, 185
208, 185
209, 184
210, 184
211, 183
213, 183
214, 182
215, 182
216, 181
217, 181
218, 180
220, 180
221, 179
222, 179
223, 178
225, 178
226, 177
227, 177
228, 176
229, 176
230, 175
232, 175
233, 174
234, 174
235, 173
236, 173
237, 172
239, 172
240, 171
241, 171
242, 170
244, 170
245, 169
246, 169
247, 168
249, 168
250, 167
251, 167
252, 166
253, 166
254, 165
255, 165
256, 164
257, 164
258, 163
259, 163
260, 162
262, 162
263, 161
264, 161
265, 160
267, 160
268, 159
269, 159
270, 158
272, 158
273, 157
276, 157
277, 156
279, 156
280, 155
281, 155
282, 154
282, 153
281, 152
280, 152
279, 153
276, 153
275, 154
272, 154
271, 155
269, 155
268, 156
267, 156
266, 157
264, 157
263, 158
262, 158
261, 159
259, 159
258, 160
257, 160
256, 161
255, 161
254, 162
253, 162
252, 163
251, 163
250, 164
249, 164
248, 165
246, 165
245, 166
244, 166
243, 167
241, 167
240, 168
239, 168
238, 169
236, 169
235, 170
234, 170
233, 171
232, 171
231, 172
229, 172
228, 173
227, 173
226, 174
225, 174
224, 175
222, 175
221, 176
220, 176
219, 177
217, 177
216, 178
215, 178
214, 179
213, 179
212, 180
210, 180
209, 181
208, 181
207, 182
206, 182
205, 181
204, 181
203, 182
202, 182
202, 183
200, 185
199, 185
198, 186
197, 186
196, 187
194, 187
193, 188
192, 188
191, 189
190, 189
189, 190
188, 190
187, 191
186, 191
185, 192
184, 192
183, 193
182, 193
181, 194
180, 194
179, 195
178, 195
177, 196
176, 196
175, 197
174, 197
173, 198
172, 198
171, 199
170, 199
169, 200
168, 200
166, 202
165, 202
164, 203
163, 203
162, 202
162, 198
161, 197
161, 185
160, 184
160, 165
161, 164
161, 163
169, 155
169, 154
179, 144
179, 143
183, 139
183, 138
186, 135
186, 134
189, 131
189, 130
192, 127
192, 126
196, 122
196, 121
199, 118
199, 117
201, 115
201, 114
202, 113
202, 112
204, 110
204, 109
205, 108
205, 107
207, 105
207, 104
208, 103
208, 102
209, 101
209, 100
210, 99
210, 98
211, 97
211, 95
212, 94
212, 92
213, 91
213, 89
214, 88
214, 86
215, 85
215, 82
216, 81
216, 75
217, 74
217, 66
216, 65
216, 59
215, 58
215, 55
214, 54
214, 53
213, 52
213, 51
211, 49
210, 49
209, 48
203, 48
202, 49
201, 49
198, 52
197, 52
194, 55
194, 56
191, 59
191, 60
189, 62
189, 63
188, 64
188, 65
186, 67
186, 68
185, 69
185, 70
184, 71
184, 72
183, 73
183, 74
182, 75
182, 76
181, 77
181, 78
180, 79
180, 80
179, 81
179, 82
178, 83
178, 85
177, 86
177, 87
176, 88
176, 90
175, 91
175, 93
174, 94
174, 96
173, 97
173, 99
172, 100
172, 102
171, 103
171, 105
170, 106
170, 108
169, 109
169, 112
168, 113
168, 116
167, 117
167, 120
166, 121
166, 124
165, 125
165, 129
164, 130
164, 133
163, 134
163, 137
162, 138
162, 141
161, 142
161, 145
160, 146
160, 149
159, 150
159, 156
158, 157
158, 161
150, 169
150, 170
141, 179
140, 179
133, 186
132, 186
127, 191
126, 191
124, 193
123, 193
120, 196
119, 196
118, 197
117, 197
116, 198
114, 198
113, 199
112, 198
111, 198
110, 197
110, 196
109, 195
109, 193
108, 192
108, 171
109, 170
109, 163
110, 162
110, 157
111, 156
111, 151
112, 150
112, 146
113, 145
113, 141
114, 140
114, 137
115, 136
115, 132
116, 131
116, 127
117, 126
117, 122
118, 121
118, 118
119, 117
119, 113
120, 112
120, 108
121, 107
121, 103
122, 102
122, 99
123, 98
123, 95
124, 94
124, 91
125, 90
125, 88
126, 87
126, 84
127, 83
127, 81
128, 80
128, 78
129, 77
129, 75
130, 74
130, 72
131, 71
131, 68
132, 67
132, 65
133, 64
133, 62
134, 61
134, 59
135, 58
135, 57
136, 56
136, 54
137, 53
137, 52
138, 51
138, 50
139, 49
139, 48
140, 47
140, 46
141, 45
141, 44
142, 43
142, 42
143, 41
143, 40
145, 38
145, 37
146, 36
146, 35
147, 34
147, 33
148, 32
148, 30
149, 29
149, 28
150, 27
150, 24
151, 23
151, 20
152, 19
152, 17
151, 16
191, 218
192, 217
193, 217
194, 218
194, 220
193, 221
193, 238
192, 239
192, 249
191, 250
191, 254
190, 255
190, 258
189, 259
189, 261
188, 262
188, 264
187, 265
187, 266
186, 267
186, 269
184, 271
184, 272
183, 273
183, 274
182, 275
182, 276
176, 282
175, 282
174, 283
168, 283
167, 282
165, 282
161, 278
161, 277
160, 276
160, 274
159, 273
159, 269
160, 268
160, 265
161, 264
161, 262
162, 261
162, 260
163, 259
163, 258
165, 256
165, 255
167, 253
167, 252
170, 249
170, 248
172, 246
172, 245
174, 243
174, 242
176, 240
176, 239
178, 237
178, 236
179, 235
179, 234
181, 232
181, 231
183, 229
183, 228
186, 225
186, 224
191, 219
215, 194
216, 193
218, 193
221, 196
221, 199
222, 200
222, 212
221, 213
221, 221
220, 222
220, 229
219, 230
219, 236
218, 237
218, 243
217, 244
217, 249
216, 250
216, 254
215, 255
215, 258
214, 259
214, 261
213, 262
213, 265
212, 266
212, 268
211, 269
211, 271
210, 272
210, 274
209, 275
209, 276
208, 277
208, 279
207, 280
207, 281
206, 282
206, 283
205, 284
205, 285
204, 286
204, 287
203, 288
203, 289
202, 290
202, 291
200, 293
200, 294
199, 295
199, 296
197, 298
197, 299
196, 300
196, 301
194, 303
194, 304
192, 306
192, 307
190, 309
190, 310
189, 311
189, 312
186, 315
186, 316
184, 318
184, 319
181, 322
181, 323
175, 329
175, 330
170, 335
169, 335
166, 338
165, 338
163, 340
162, 340
161, 341
160, 341
158, 343
157, 343
156, 344
155, 344
154, 345
153, 345
152, 346
151, 346
150, 347
148, 347
147, 348
146, 348
145, 349
142, 349
141, 350
138, 350
137, 351
121, 351
120, 350
119, 350
117, 348
116, 348
113, 345
112, 345
109, 342
108, 342
105, 339
104, 339
97, 332
97, 331
96, 330
96, 329
95, 328
95, 327
94, 326
94, 323
93, 322
93, 319
92, 318
92, 315
91, 314
91, 312
90, 311
90, 308
89, 307
89, 305
88, 304
88, 300
87, 299
87, 291
88, 290
88, 286
89, 285
89, 282
90, 281
90, 279
91, 278
91, 276
92, 275
92, 273
93, 272
93, 270
94, 269
94, 268
95, 267
95, 265
96, 264
96, 263
97, 262
97, 261
98, 260
98, 259
100, 257
100, 256
101, 255
101, 254
117, 238
118, 238
123, 233
124, 233
127, 230
128, 230
131, 227
132, 227
135, 224
136, 224
138, 222
139, 222
141, 220
142, 220
144, 218
145, 218
147, 216
148, 216
150, 214
151, 214
152, 213
153, 213
155, 211
156, 211
157, 210
158, 210
159, 209
160, 209
161, 208
163, 210
164, 210
165, 211
174, 211
175, 210
177, 210
178, 209
179, 209
180, 208
181, 208
182, 207
183, 207
187, 203
188, 203
196, 195
197, 196
197, 198
196, 199
196, 204
195, 205
195, 208
194, 209
194, 210
190, 214
190, 215
185, 220
185, 221
182, 224
182, 225
180, 227
180, 228
178, 230
178, 231
176, 233
176, 234
174, 236
174, 237
172, 239
172, 240
170, 242
170, 243
168, 245
168, 246
166, 248
166, 249
164, 251
164, 252
161, 255
161, 256
160, 257
160, 258
159, 259
159, 260
158, 261
158, 263
157, 264
157, 267
156, 268
156, 274
157, 275
157, 277
158, 278
158, 279
160, 281
160, 282
162, 284
163, 284
164, 285
167, 285
168, 286
175, 286
176, 285
177, 285
179, 283
180, 283
183, 280
183, 279
185, 277
185, 276
186, 275
186, 274
188, 272
188, 270
189, 269
189, 268
190, 267
190, 266
191, 265
191, 263
192, 262
192, 260
193, 259
193, 256
194, 255
194, 250
195, 249
195, 240
196, 239
196, 222
197, 221
197, 212
198, 211
198, 210
200, 208
200, 207
211, 196
212, 196
214, 194
190, 193
191, 192
192, 192
193, 193
183, 203
182, 203
180, 205
179, 205
178, 206
177, 206
176, 207
175, 207
174, 208
166, 208
165, 207
165, 206
166, 205
167, 205
169, 203
170, 203
171, 202
172, 202
173, 201
174, 201
175, 200
176, 200
177, 199
178, 199
179, 198
180, 198
181, 197
182, 197
183, 196
184, 196
185, 195
186, 195
187, 194
188, 194
189, 193
203, 52
204, 51
208, 51
211, 54
211, 55
212, 56
212, 58
213, 59
213, 66
214, 67
214, 73
213, 74
213, 80
212, 81
212, 84
211, 85
211, 87
210, 88
210, 91
209, 92
209, 93
208, 94
208, 96
207, 97
207, 98
206, 99
206, 100
205, 101
205, 102
204, 103
204, 104
202, 106
202, 107
201, 108
201, 109
199, 111
199, 112
197, 114
197, 115
195, 117
195, 118
192, 121
192, 122
188, 126
188, 127
185, 130
185, 131
182, 134
182, 135
178, 139
178, 140
170, 148
170, 149
163, 156
162, 155
162, 151
163, 150
163, 146
164, 145
164, 143
165, 142
165, 139
166, 138
166, 135
167, 134
167, 131
168, 130
168, 126
169, 125
169, 122
170, 121
170, 118
171, 117
171, 114
172, 113
172, 110
173, 109
173, 107
174, 106
174, 104
175, 103
175, 101
176, 100
176, 98
177, 97
177, 95
178, 94
178, 92
179, 91
179, 89
180, 88
180, 87
181, 86
181, 84
182, 83
182, 82
183, 81
183, 80
184, 79
184, 78
185, 77
185, 76
186, 75
186, 74
187, 73
187, 72
188, 71
188, 70
189, 69
189, 68
191, 66
191, 65
192, 64
192, 63
195, 60
195, 59
202, 52
