308, 2
310, 367
4, 369
2, 4
141, 16
140, 17
139, 17
137, 19
136, 19
134, 21
134, 22
133, 23
133, 24
132, 25
132, 26
131, 27
131, 29
130, 30
130, 31
129, 32
129, 34
128, 35
128, 36
127, 37
127, 39
126, 40
126, 41
125, 42
125, 43
124, 44
124, 46
123, 47
123, 48
122, 49
122, 50
121, 51
121, 53
120, 54
120, 55
119, 56
119, 57
118, 58
118, 60
117, 61
117, 62
116, 63
116, 64
115, 65
115, 67
114, 68
114, 70
113, 71
113, 72
112, 73
112, 75
111, 76
111, 78
110, 79
110, 81
109, 82
109, 84
108, 85
108, 87
107, 88
107, 91
106, 92
106, 94
105, 95
105, 97
104, 98
104, 100
103, 101
103, 104
102, 105
102, 107
101, 108
101, 111
100, 112
100, 114
99, 115
99, 118
98, 119
98, 120
97, 121
97, 123
96, 124
96, 125
95, 126
95, 127
94, 128
94, 129
92, 131
92, 132
91, 133
91, 134
90, 135
90, 136
89, 137
89, 138
87, 140
87, 141
86, 142
86, 143
85, 144
85, 145
84, 146
84, 147
83, 148
83, 149
81, 151
81, 152
80, 153
80, 154
79, 155
79, 156
78, 157
78, 158
77, 159
77, 160
75, 162
75, 163
74, 164
74, 165
73, 166
73, 167
72, 168
72, 169
71, 170
71, 171
70, 172
70, 173
69, 174
69, 175
68, 176
68, 177
66, 179
66, 180
65, 181
65, 182
64, 183
64, 184
63, 185
63, 186
62, 187
62, 188
61, 189
61, 190
60, 191
60, 192
59, 193
59, 194
58, 195
58, 196
57, 197
57, 198
56, 199
56, 200
55, 201
55, 202
54, 203
54, 204
53, 205
53, 206
52, 207
52, 208
51, 209
51, 210
50, 211
50, 212
49, 213
49, 214
48, 215
48, 216
47, 217
47, 218
46, 219
46, 220
45, 221
45, 222
44, 223
44, 224
43, 225
43, 227
42, 228
42, 229
41, 230
41, 231
40, 232
40, 233
39, 234
39, 236
38, 237
38, 238
37, 239
37, 240
36, 241
36, 242
35, 243
35, 245
34, 246
34, 247
33, 248
33, 249
32, 250
32, 251
31, 252
31, 253
30, 254
30, 256
29, 257
29, 258
28, 259
28, 260
27, 261
27, 262
26, 263
26, 264
25, 265
25, 266
24, 267
24, 268
22, 270
22, 271
20, 273
17, 273
16, 272
16, 268
15, 267
16, 266
16, 258
17, 257
17, 253
18, 252
18, 248
19, 247
19, 245
20, 244
20, 241
21, 240
21, 238
22, 237
22, 235
23, 234
23, 231
24, 230
24, 228
25, 227
25, 225
26, 224
26, 221
27, 220
26, 219
24, 221
24, 224
23, 225
23, 227
22, 228
22, 230
21, 231
21, 233
20, 234
20, 237
19, 238
19, 240
18, 241
18, 244
17, 245
17, 247
16, 248
16, 252
15, 253
15, 257
14, 258
14, 272
15, 273
15, 274
16, 275
17, 275
18, 276
19, 275
21, 275
23, 273
23, 272
25, 270
25, 269
26, 268
26, 267
27, 266
27, 265
28, 264
28, 263
29, 262
29, 261
30, 260
30, 259
31, 258
31, 257
32, 256
32, 255
33, 254
33, 253
34, 252
34, 250
35, 249
35, 248
36, 247
36, 246
37, 245
37, 244
38, 243
38, 241
39, 240
39, 239
40, 238
40, 237
41, 236
41, 235
42, 234
42, 232
43, 231
43, 230
44, 229
44, 228
45, 227
45, 226
46, 225
46, 224
47, 223
47, 222
48, 221
48, 219
49, 218
49, 217
50, 216
50, 215
51, 214
51, 213
52, 212
52, 211
53, 210
53, 209
54, 208
54, 207
55, 206
55, 205
56, 204
56, 203
57, 202
57, 201
58, 200
58, 199
59, 198
59, 197
60, 196
60, 195
62, 193
62, 192
63, 191
63, 190
64, 189
64, 188
65, 187
65, 186
66, 185
66, 184
67, 183
67, 182
68, 181
68, 180
69, 179
69, 178
70, 177
70, 176
71, 175
71, 174
72, 173
72, 172
73, 171
73, 170
74, 169
74, 168
76, 166
76, 165
77, 164
77, 163
78, 162
78, 161
79, 160
79, 159
80, 158
80, 157
82, 155
82, 154
83, 153
83, 152
84, 151
84, 150
85, 149
85, 148
86, 147
86, 146
88, 144
88, 143
89, 142
89, 141
90, 140
90, 139
92, 137
93, 142
92, 143
92, 146
91, 147
91, 152
90, 153
90, 157
89, 158
89, 163
88, 164
88, 169
87, 170
87, 174
86, 175
86, 180
85, 181
85, 186
84, 187
84, 192
83, 193
83, 197
82, 198
82, 203
81, 204
81, 209
80, 210
80, 215
79, 216
79, 232
80, 233
80, 234
84, 238
89, 238
90, 237
91, 237
97, 231
97, 230
99, 228
99, 227
101, 225
101, 224
102, 223
102, 222
104, 220
104, 219
105, 218
105, 217
107, 215
107, 214
108, 213
108, 212
110, 210
110, 209
111, 208
111, 207
113, 205
113, 204
115, 202
115, 201
118, 198
118, 197
120, 195
120, 194
122, 192
122, 191
125, 188
125, 187
128, 184
128, 183
132, 179
132, 178
136, 174
136, 173
140, 169
140, 168
143, 165
143, 164
146, 161
146, 160
150, 156
150, 155
153, 152
153, 151
157, 147
158, 148
158, 149
157, 150
157, 153
156, 154
156, 157
155, 158
155, 161
154, 162
154, 166
153, 167
153, 170
152, 171
152, 174
151, 175
151, 178
150, 179
150, 182
149, 183
149, 186
148, 187
148, 190
147, 191
147, 194
146, 195
146, 198
145, 199
145, 202
144, 203
144, 207
143, 208
143, 218
144, 219
144, 221
146, 223
146, 224
149, 227
150, 227
151, 228
152, 228
153, 229
155, 229
156, 230
169, 230
170, 229
173, 229
174, 228
176, 228
177, 227
179, 227
180, 226
181, 226
182, 227
182, 228
181, 229
181, 230
180, 231
180, 232
179, 233
179, 235
178, 236
178, 237
177, 238
177, 239
176, 240
176, 241
175, 242
175, 244
174, 245
174, 246
173, 247
173, 249
172, 250
172, 252
171, 253
171, 255
170, 256
170, 257
169, 258
169, 260
168, 261
168, 264
167, 265
167, 267
166, 268
166, 271
165, 272
165, 275
164, 276
164, 280
163, 281
163, 286
162, 287
162, 295
161, 296
161, 309
162, 310
162, 317
163, 318
163, 321
164, 322
164, 324
165, 325
165, 326
166, 327
166, 328
167, 329
167, 330
168, 331
168, 332
170, 334
170, 335
173, 338
173, 339
179, 345
180, 345
183, 348
184, 348
186, 350
187, 350
188, 351
189, 351
190, 352
192, 352
193, 353
197, 353
198, 354
205, 354
206, 353
209, 353
210, 352
212, 352
214, 350
215, 350
216, 349
217, 349
219, 347
220, 347
223, 344
223, 343
225, 341
225, 340
226, 339
226, 337
227, 336
227, 334
228, 333
228, 318
227, 317
227, 312
226, 311
226, 308
225, 307
225, 305
224, 304
224, 302
223, 301
223, 298
222, 297
222, 295
221, 294
221, 292
220, 291
220, 290
219, 289
219, 287
218, 286
218, 284
217, 283
217, 278
223, 272
223, 271
225, 269
225, 268
227, 266
227, 265
228, 264
228, 263
229, 262
229, 260
230, 259
230, 258
231, 257
231, 254
232, 253
232, 238
231, 237
231, 235
230, 234
230, 233
229, 232
229, 231
224, 226
223, 226
221, 224
220, 224
219, 223
218, 223
217, 222
216, 222
215, 221
214, 221
213, 220
211, 220
210, 219
197, 219
196, 220
193, 220
192, 221
190, 221
189, 220
189, 219
190, 218
190, 217
192, 215
192, 214
193, 213
193, 212
195, 210
195, 209
198, 206
198, 205
201, 202
201, 201
204, 198
204, 197
208, 193
208, 192
214, 186
214, 185
224, 175
224, 174
233, 165
234, 165
249, 150
250, 150
256, 144
257, 144
262, 139
263, 139
266, 136
267, 136
271, 132
272, 132
275, 129
276, 129
278, 127
279, 127
282, 124
283, 124
285, 122
286, 122
288, 120
289, 120
290, 119
291, 119
293, 117
294, 117
297, 114
294, 114
292, 116
291, 116
290, 117
289, 117
287, 119
286, 119
285, 120
284, 120
281, 123
280, 123
278, 125
277, 125
274, 128
273, 128
270, 131
269, 131
265, 135
264, 135
261, 138
260, 138
255, 143
254, 143
248, 149
247, 149
233, 163
232, 163
223, 172
223, 173
213, 183
213, 184
207, 190
207, 191
202, 196
202, 197
199, 200
199, 201
196, 204
196, 205
194, 207
194, 208
192, 210
192, 211
190, 213
190, 214
189, 215
189, 216
187, 218
187, 219
186, 220
186, 221
184, 223
183, 223
182, 224
180, 224
179, 225
177, 225
176, 226
174, 226
173, 227
170, 227
169, 228
156, 228
155, 227
153, 227
152, 226
151, 226
147, 222
147, 221
146, 220
146, 219
145, 218
145, 208
146, 207
146, 203
147, 202
147, 199
148, 198
148, 195
149, 194
149, 191
150, 190
150, 187
151, 186
151, 183
152, 182
152, 179
153, 178
153, 175
154, 174
154, 171
155, 170
155, 167
156, 166
156, 162
157, 161
157, 158
158, 157
158, 154
159, 153
159, 150
160, 149
160, 146
161, 145
161, 143
162, 142
162, 141
163, 140
163, 139
165, 137
165, 136
169, 132
169, 131
175, 125
175, 124
180, 119
180, 118
186, 112
186, 111
192, 105
192, 104
197, 99
197, 98
202, 93
202, 92
207, 87
207, 86
213, 80
213, 79
218, 74
218, 73
223, 68
223, 67
227, 63
227, 62
230, 59
230, 58
233, 55
233, 54
235, 52
235, 51
236, 50
236, 49
238, 47
238, 46
239, 45
239, 44
240, 43
240, 42
241, 41
241, 40
242, 39
242, 38
243, 37
243, 36
244, 35
244, 34
245, 33
245, 32
246, 31
246, 27
245, 26
245, 24
244, 23
244, 22
243, 21
242, 21
241, 20
239, 20
238, 19
236, 19
235, 20
233, 20
232, 21
231, 21
229, 23
228, 23
224, 27
223, 27
220, 30
220, 31
215, 36
215, 37
210, 42
210, 43
206, 47
206, 48
202, 52
202, 53
199, 56
199, 57
197, 59
197, 60
195, 62
195, 63
193, 65
193, 66
192, 67
192, 68
190, 70
190, 71
189, 72
189, 73
188, 74
188, 75
187, 76
187, 77
186, 78
186, 79
184, 81
184, 82
183, 83
183, 84
182, 85
182, 86
181, 87
181, 88
179, 90
179, 91
178, 92
178, 93
177, 94
177, 95
176, 96
176, 97
175, 98
175, 99
174, 100
174, 101
173, 102
173, 103
172, 104
172, 106
171, 107
171, 108
170, 109
170, 111
169, 112
169, 113
168, 114
168, 116
167, 117
167, 119
166, 120
166, 122
165, 123
165, 125
164, 126
164, 128
163, 129
163, 131
162, 132
162, 134
161, 135
161, 137
160, 138
160, 139
159, 140
159, 141
156, 144
156, 145
152, 149
152, 150
148, 154
148, 155
145, 158
145, 159
142, 162
142, 163
139, 166
139, 167
135, 171
135, 172
131, 176
131, 177
127, 181
127, 182
124, 185
124, 186
121, 189
121, 190
119, 192
119, 193
116, 196
116, 197
114, 199
114, 200
112, 202
112, 203
110, 205
110, 206
109, 207
109, 208
107, 210
107, 211
106, 212
106, 213
104, 215
104, 216
103, 217
103, 218
101, 220
101, 221
99, 223
99, 224
98, 225
98, 226
95, 229
95, 230
90, 235
89, 235
88, 236
85, 236
82, 233
82, 232
81, 231
81, 216
82, 215
82, 210
83, 209
83, 204
84, 203
84, 198
85, 197
85, 193
86, 192
86, 187
87, 186
87, 181
88, 180
88, 175
89, 174
89, 170
90, 169
90, 164
91, 163
91, 158
92, 157
92, 153
93, 152
93, 147
94, 146
94, 143
95, 142
95, 139
96, 138
96, 134
97, 133
97, 130
98, 129
98, 127
99, 126
99, 124
100, 123
100, 122
101, 121
101, 119
102, 118
102, 117
103, 116
103, 115
104, 114
104, 113
105, 112
105, 111
106, 110
106, 109
107, 108
107, 107
108, 106
108, 105
109, 104
109, 103
110, 102
110, 101
111, 100
111, 99
112, 98
112, 97
113, 96
113, 95
114, 94
114, 92
115, 91
115, 90
116, 89
116, 88
117, 87
117, 85
118, 84
118, 83
119, 82
119, 81
120, 80
120, 79
121, 78
121, 76
122, 75
122, 74
123, 73
123, 72
124, 71
124, 69
125, 68
125, 67
126, 66
126, 65
127, 64
127, 62
128, 61
128, 60
129, 59
129, 58
130, 57
130, 55
131, 54
131, 53
132, 52
132, 51
133, 50
133, 48
134, 47
134, 46
135, 45
135, 43
136, 42
136, 41
137, 40
137, 39
138, 38
138, 36
139, 35
139, 34
140, 33
140, 32
141, 31
141, 29
142, 28
142, 27
143, 26
143, 24
144, 23
144, 21
145, 20
145, 18
143, 16
196, 222
210, 221
211, 222
212, 222
213, 223
215, 223
216, 224
217, 224
219, 226
220, 226
221, 227
222, 227
227, 232
227, 233
228, 234
228, 235
229, 236
229, 237
230, 238
230, 245
231, 247
230, 248
230, 253
229, 254
229, 256
228, 257
228, 259
227, 260
227, 261
226, 262
226, 263
225, 264
225, 265
224, 266
224, 267
222, 269
222, 270
215, 277
215, 283
216, 284
216, 286
217, 287
217, 289
218, 290
218, 292
219, 293
219, 295
220, 296
220, 298
221, 299
221, 301
222, 302
222, 304
223, 305
223, 307
224, 308
224, 311
225, 312
225, 317
226, 318
226, 332
225, 333
225, 336
224, 337
224, 339
222, 341
222, 342
218, 346
217, 346
215, 348
214, 348
213, 349
212, 349
211, 350
210, 350
209, 351
206, 351
198, 352
197, 351
193, 351
192, 350
191, 350
190, 349
189, 349
188, 348
187, 348
186, 347
185, 347
182, 344
181, 344
174, 337
174, 336
171, 333
171, 332
169, 330
169, 329
168, 328
168, 327
167, 326
167, 325
166, 324
166, 322
165, 321
165, 318
164, 317
164, 311
163, 296
164, 295
164, 287
165, 286
165, 281
166, 280
166, 276
167, 275
167, 272
168, 271
168, 269
169, 268
169, 265
170, 264
170, 261
171, 260
171, 259
172, 258
172, 256
173, 255
173, 253
174, 252
174, 250
175, 249
175, 247
176, 246
176, 245
177, 244
177, 243
178, 242
178, 241
179, 240
179, 238
180, 237
180, 236
181, 235
181, 234
182, 233
182, 232
183, 231
183, 230
184, 229
184, 228
185, 227
185, 226
187, 224
189, 224
190, 223
192, 223
193, 222
94, 136
92, 137
235, 22
236, 21
238, 21
239, 22
241, 22
242, 23
242, 24
243, 25
243, 26
244, 27
244, 30
243, 31
243, 32
242, 33
242, 34
241, 35
241, 36
240, 37
240, 39
238, 41
238, 42
237, 43
237, 44
236, 45
236, 46
235, 47
235, 48
233, 50
233, 51
231, 53
231, 54
229, 56
229, 57
226, 60
226, 61
222, 65
222, 66
217, 71
217, 72
211, 78
211, 79
205, 85
205, 86
201, 90
201, 91
196, 96
196, 97
190, 103
190, 104
185, 109
185, 110
179, 116
179, 117
173, 123
173, 124
168, 129
168, 130
167, 131
166, 131
165, 130
165, 129
166, 128
166, 126
167, 125
167, 123
168, 122
168, 120
169, 119
169, 117
170, 116
170, 114
171, 113
171, 112
172, 111
172, 109
173, 108
173, 107
174, 106
174, 105
175, 104
175, 103
176, 102
176, 100
177, 99
177, 98
179, 96
179, 95
180, 94
180, 93
181, 92
181, 91
182, 90
182, 89
183, 88
183, 87
184, 86
184, 85
186, 83
186, 82
187, 81
187, 80
188, 79
188, 78
189, 77
189, 76
191, 74
191, 73
192, 72
192, 71
193, 70
193, 69
195, 67
195, 66
196, 65
196, 64
198, 62
198, 61
200, 59
200, 58
204, 54
204, 53
208, 49
208, 48
211, 45
211, 44
216, 39
216, 38
222, 32
222, 31
224, 29
225, 29
230, 24
231, 24
232, 23
233, 23
234, 22
139, 20
140, 19
141, 19
142, 20
142, 23
141, 24
141, 25
140, 26
140, 28
139, 29
139, 30
138, 31
138, 33
137, 34
137, 35
136, 36
136, 37
135, 38
135, 40
134, 41
134, 42
133, 43
133, 45
132, 46
132, 47
131, 48
131, 49
130, 50
130, 52
129, 53
129, 54
128, 55
128, 56
127, 57
127, 59
126, 60
126, 61
125, 62
125, 63
124, 64
124, 66
123, 67
123, 68
122, 69
122, 70
121, 71
121, 73
120, 74
120, 75
119, 76
119, 77
118, 78
118, 80
117, 81
117, 82
116, 83
116, 84
115, 85
115, 86
114, 87
114, 89
113, 90
113, 91
112, 92
112, 93
111, 94
111, 95
110, 96
110, 98
109, 99
109, 100
108, 101
108, 102
106, 104
105, 103
105, 102
106, 101
106, 98
107, 97
107, 95
108, 94
108, 92
109, 91
109, 89
110, 88
110, 85
111, 84
111, 82
112, 81
112, 79
113, 78
113, 76
114, 75
114, 74
115, 73
115, 71
116, 70
116, 68
117, 67
117, 66
118, 65
118, 63
119, 62
119, 61
120, 60
120, 59
121, 58
121, 56
122, 55
122, 54
123, 53
123, 52
124, 51
124, 49
125, 48
125, 47
126, 46
126, 45
127, 44
127, 42
128, 41
128, 40
129, 39
129, 38
130, 37
130, 35
131, 34
131, 33
132, 32
132, 30
133, 29
133, 28
134, 27
134, 25
135, 24
135, 23
138, 20
