364, 2
366, 367
4, 369
2, 4
128, 16
127, 17
127, 19
126, 20
126, 21
125, 22
125, 23
124, 24
124, 25
122, 27
122, 28
120, 30
120, 32
119, 33
119, 37
118, 38
118, 40
117, 41
117, 43
116, 44
116, 46
115, 47
115, 49
114, 50
114, 53
113, 54
113, 56
112, 57
112, 60
111, 61
111, 63
110, 64
110, 67
109, 68
109, 69
108, 70
108, 72
107, 73
107, 74
106, 75
106, 76
105, 77
105, 78
104, 79
104, 80
103, 81
103, 82
101, 84
101, 85
100, 86
100, 87
98, 89
98, 90
96, 92
96, 93
94, 95
94, 96
91, 99
91, 100
89, 102
89, 103
88, 104
88, 105
86, 107
86, 108
85, 109
85, 110
83, 112
83, 113
82, 114
82, 115
80, 117
80, 118
79, 119
79, 120
77, 122
77, 123
75, 125
75, 126
73, 128
73, 129
69, 133
69, 134
66, 137
66, 138
63, 141
63, 142
60, 145
60, 146
57, 149
57, 150
51, 156
51, 157
46, 162
46, 163
41, 168
40, 168
36, 172
35, 172
33, 174
32, 174
29, 177
28, 177
26, 179
25, 179
23, 181
22, 181
21, 182
20, 182
19, 181
19, 178
20, 177
20, 173
21, 172
21, 168
22, 167
22, 163
23, 162
23, 158
24, 157
24, 153
25, 152
25, 148
26, 147
26, 145
27, 144
27, 143
28, 142
28, 141
30, 139
30, 138
36, 132
37, 132
39, 130
40, 130
41, 131
41, 135
40, 136
40, 138
39, 139
39, 140
38, 141
38, 143
37, 144
37, 145
36, 146
36, 147
33, 150
33, 152
34, 153
35, 153
37, 151
37, 150
39, 148
39, 147
40, 146
40, 144
41, 143
41, 142
42, 141
42, 140
43, 139
43, 137
44, 136
44, 129
42, 127
39, 127
38, 128
37, 128
36, 129
35, 129
27, 137
27, 138
25, 140
25, 141
24, 142
24, 144
23, 145
23, 147
22, 148
22, 151
21, 152
21, 157
20, 158
20, 162
19, 163
19, 167
18, 168
18, 172
17, 173
17, 177
16, 178
16, 183
18, 185
22, 185
23, 184
24, 184
26, 182
27, 182
29, 180
30, 180
32, 178
33, 178
36, 175
37, 175
40, 172
41, 172
51, 162
51, 161
56, 156
56, 155
61, 150
61, 149
64, 146
64, 145
67, 142
67, 141
70, 138
70, 137
73, 134
73, 133
76, 130
76, 129
78, 127
78, 126
80, 124
80, 123
82, 121
82, 120
83, 119
83, 118
85, 116
85, 115
86, 114
86, 113
88, 111
88, 110
89, 109
89, 108
91, 106
91, 105
93, 103
93, 102
95, 100
95, 99
97, 97
97, 96
100, 93
101, 94
101, 96
100, 97
100, 99
99, 100
99, 102
98, 103
98, 105
97, 106
97, 108
96, 109
96, 111
95, 112
95, 114
94, 115
94, 116
93, 117
93, 119
92, 120
92, 122
91, 123
91, 125
90, 126
90, 127
89, 128
89, 130
88, 131
88, 133
87, 134
87, 135
86, 136
86, 138
85, 139
85, 141
84, 142
84, 145
83, 146
83, 152
82, 153
82, 165
84, 167
99, 167
100, 166
102, 166
104, 164
105, 164
123, 146
124, 146
127, 143
128, 143
130, 141
131, 141
135, 137
136, 137
141, 132
141, 131
147, 125
147, 124
161, 110
162, 111
162, 113
161, 114
161, 116
160, 117
160, 119
159, 120
159, 122
158, 123
158, 125
157, 126
157, 128
156, 129
156, 131
155, 132
155, 133
154, 134
154, 136
153, 137
153, 139
152, 140
152, 143
151, 144
151, 148
150, 149
150, 155
151, 156
151, 159
152, 160
152, 162
153, 163
153, 165
154, 166
154, 168
156, 170
156, 171
151, 176
150, 176
144, 182
143, 182
138, 187
137, 187
131, 193
130, 193
121, 202
120, 202
103, 219
102, 219
90, 231
90, 232
79, 243
79, 244
74, 249
74, 250
70, 254
70, 255
66, 259
66, 260
64, 262
64, 263
61, 266
61, 267
59, 269
59, 270
57, 272
57, 273
56, 274
56, 275
55, 276
55, 277
54, 278
54, 279
53, 280
53, 281
52, 282
52, 283
51, 284
51, 286
50, 287
50, 289
49, 290
49, 293
48, 294
48, 311
49, 312
49, 316
50, 317
50, 321
51, 322
51, 324
52, 325
52, 327
53, 328
53, 330
54, 331
54, 333
55, 334
55, 335
56, 336
56, 337
57, 338
57, 339
58, 340
58, 341
60, 343
60, 344
67, 351
68, 351
69, 352
70, 352
71, 353
74, 353
75, 354
90, 354
91, 353
95, 353
96, 352
99, 352
100, 351
103, 351
104, 350
107, 350
108, 349
110, 349
111, 348
113, 348
114, 347
116, 347
117, 346
119, 346
120, 345
122, 345
123, 344
125, 344
126, 343
128, 343
129, 342
131, 342
132, 341
133, 341
134, 340
136, 340
137, 339
138, 339
139, 338
141, 338
142, 337
143, 337
144, 336
146, 336
147, 335
148, 335
149, 334
150, 334
151, 333
152, 333
153, 332
154, 332
156, 330
157, 330
159, 328
160, 328
162, 326
163, 326
166, 323
167, 323
183, 307
183, 306
192, 297
192, 296
199, 289
199, 288
203, 284
203, 283
207, 279
207, 278
211, 274
211, 273
214, 270
214, 269
216, 267
216, 266
218, 264
218, 263
219, 262
219, 261
220, 260
220, 259
222, 257
222, 256
223, 255
223, 254
224, 253
224, 252
225, 251
225, 250
226, 249
226, 248
227, 247
227, 246
228, 245
228, 244
229, 243
229, 241
230, 240
230, 239
231, 238
231, 236
232, 235
232, 234
233, 233
233, 231
234, 230
234, 228
235, 227
235, 224
236, 223
236, 221
237, 220
237, 218
238, 217
238, 213
239, 212
239, 205
240, 204
240, 195
241, 194
241, 189
242, 188
242, 186
243, 185
243, 181
244, 180
244, 174
241, 171
236, 171
235, 172
233, 172
232, 173
231, 173
230, 174
229, 174
228, 175
227, 175
226, 176
225, 176
223, 178
222, 178
220, 180
219, 180
218, 179
218, 165
217, 164
217, 160
216, 159
216, 135
217, 134
217, 130
222, 125
223, 125
225, 123
226, 123
228, 121
229, 121
231, 119
232, 119
234, 117
235, 117
237, 115
238, 115
240, 113
241, 113
243, 111
244, 111
246, 109
247, 109
249, 107
250, 107
252, 105
253, 105
255, 103
256, 103
258, 101
259, 101
261, 99
262, 99
264, 97
265, 97
266, 96
267, 96
269, 94
270, 94
271, 93
272, 93
274, 91
275, 91
277, 89
278, 89
279, 88
280, 88
282, 86
283, 86
285, 84
286, 84
287, 83
288, 83
290, 81
291, 81
293, 79
294, 79
295, 78
296, 78
298, 76
299, 76
301, 74
302, 74
304, 72
305, 72
307, 70
308, 70
310, 68
311, 68
313, 66
314, 66
315, 65
316, 65
318, 63
319, 63
321, 61
322, 61
323, 60
324, 60
326, 58
327, 58
328, 57
329, 57
332, 54
333, 54
336, 51
337, 51
339, 49
340, 49
341, 48
342, 48
344, 46
345, 46
350, 41
350, 40
351, 39
351, 38
348, 38
347, 39
347, 40
344, 43
343, 43
341, 45
340, 45
339, 46
338, 46
337, 47
336, 47
333, 50
332, 50
329, 53
328, 53
326, 55
325, 55
323, 57
322, 57
321, 58
320, 58
318, 60
317, 60
316, 61
315, 61
313, 63
312, 63
310, 65
309, 65
307, 67
306, 67
304, 69
303, 69
301, 71
300, 71
298, 73
297, 73
295, 75
294, 75
293, 76
292, 76
290, 78
289, 78
287, 80
286, 80
285, 81
284, 81
282, 83
281, 83
279, 85
278, 85
277, 86
276, 86
274, 88
273, 88
272, 89
271, 89
269, 91
268, 91
266, 93
265, 93
264, 94
263, 94
261, 96
260, 96
258, 98
257, 98
255, 100
254, 100
252, 102
251, 102
249, 104
248, 104
246, 106
245, 106
243, 108
242, 108
240, 110
239, 110
237, 112
236, 112
234, 114
233, 114
231, 116
230, 116
228, 118
227, 118
225, 120
224, 120
222, 122
221, 122
219, 124
216, 124
215, 125
215, 126
212, 129
211, 129
209, 131
208, 131
205, 134
204, 134
202, 136
201, 136
198, 139
197, 139
194, 142
193, 142
191, 144
190, 144
186, 148
185, 148
181, 152
180, 152
176, 156
175, 156
172, 159
171, 159
167, 163
166, 163
161, 168
159, 168
156, 165
156, 163
155, 162
155, 160
154, 159
154, 156
153, 155
153, 149
154, 148
154, 144
155, 143
155, 141
156, 140
156, 138
157, 137
157, 135
158, 134
158, 132
159, 131
159, 129
160, 128
160, 126
161, 125
161, 124
162, 123
162, 120
163, 119
163, 117
164, 116
164, 114
165, 113
165, 111
166, 110
166, 107
167, 106
167, 104
168, 103
168, 102
170, 100
170, 99
172, 97
172, 96
174, 94
174, 93
176, 91
176, 90
178, 88
178, 87
179, 86
179, 85
180, 84
180, 83
181, 82
181, 81
182, 80
182, 79
184, 77
184, 76
186, 74
186, 73
187, 72
187, 71
188, 70
188, 69
189, 68
189, 66
190, 65
190, 62
191, 61
191, 59
192, 58
192, 57
193, 56
193, 55
195, 53
195, 52
197, 50
197, 49
198, 48
198, 42
197, 41
197, 39
195, 37
193, 37
190, 40
189, 40
188, 41
187, 41
183, 45
183, 46
181, 48
181, 49
180, 50
180, 51
179, 52
179, 53
178, 54
178, 55
177, 56
177, 57
176, 58
176, 59
175, 60
175, 61
174, 62
174, 64
173, 65
173, 67
172, 68
172, 70
171, 71
171, 74
170, 75
170, 78
169, 79
169, 82
168, 83
168, 88
167, 89
167, 93
166, 94
166, 98
165, 99
165, 101
163, 103
163, 104
159, 108
158, 108
147, 119
147, 120
142, 125
142, 126
131, 137
130, 137
127, 140
126, 140
124, 142
123, 142
119, 146
118, 146
109, 155
109, 156
104, 161
103, 161
101, 163
100, 163
99, 164
86, 164
85, 163
85, 153
86, 152
86, 146
87, 145
87, 142
88, 141
88, 139
89, 138
89, 137
90, 136
90, 134
91, 133
91, 131
92, 130
92, 129
93, 128
93, 126
94, 125
94, 123
95, 122
95, 121
96, 120
96, 118
97, 117
97, 115
98, 114
98, 113
99, 112
99, 110
100, 109
100, 107
101, 106
101, 103
102, 102
102, 100
103, 99
103, 97
104, 96
104, 94
105, 93
105, 91
106, 90
106, 88
107, 87
107, 85
108, 84
108, 82
109, 81
109, 79
110, 78
110, 76
111, 75
111, 72
112, 71
112, 69
113, 68
113, 66
114, 65
114, 63
115, 62
115, 60
116, 59
116, 56
117, 55
117, 52
118, 51
118, 49
119, 48
119, 46
120, 45
120, 43
121, 42
121, 40
122, 39
122, 37
123, 36
123, 34
124, 33
124, 32
125, 31
125, 30
126, 29
126, 28
127, 27
127, 26
129, 24
129, 23
130, 22
130, 19
131, 18
131, 17
130, 16
211, 190
212, 190
213, 191
213, 193
212, 194
212, 199
211, 200
211, 204
210, 205
210, 209
209, 210
209, 213
208, 214
208, 217
207, 218
207, 220
206, 221
206, 222
205, 223
205, 224
204, 225
204, 227
203, 228
203, 229
202, 230
202, 231
201, 232
201, 233
199, 235
199, 236
198, 237
198, 238
197, 239
197, 240
196, 241
196, 242
194, 244
194, 245
187, 252
187, 253
185, 255
184, 255
180, 259
179, 259
176, 262
175, 262
173, 264
172, 264
171, 265
170, 265
169, 266
168, 266
167, 267
165, 267
164, 268
161, 268
160, 269
156, 269
155, 270
152, 270
149, 267
149, 259
150, 258
150, 256
151, 255
151, 254
152, 253
152, 252
153, 251
153, 250
154, 249
154, 248
156, 246
156, 245
158, 243
158, 242
160, 240
160, 239
163, 236
163, 235
166, 232
166, 231
169, 228
169, 227
186, 210
187, 210
191, 206
192, 206
196, 202
197, 202
200, 199
201, 199
206, 194
207, 194
210, 146
211, 145
212, 145
213, 146
213, 159
214, 160
214, 164
215, 165
215, 179
214, 180
214, 183
207, 190
206, 190
202, 194
201, 194
196, 199
195, 199
192, 202
191, 202
187, 206
186, 206
179, 213
178, 213
169, 222
169, 223
165, 227
165, 228
162, 231
162, 232
159, 235
159, 236
157, 238
157, 239
155, 241
155, 242
153, 244
153, 245
151, 247
151, 248
150, 249
150, 250
149, 251
149, 252
148, 253
148, 255
147, 256
147, 258
146, 259
146, 268
147, 269
147, 270
149, 272
150, 272
151, 273
155, 273
156, 272
161, 272
162, 271
164, 271
165, 270
167, 270
168, 269
170, 269
171, 268
172, 268
173, 267
174, 267
176, 265
177, 265
179, 263
180, 263
183, 260
184, 260
195, 249
195, 248
197, 246
197, 245
199, 243
199, 242
200, 241
200, 240
201, 239
201, 238
202, 237
202, 236
204, 234
204, 233
205, 232
205, 231
206, 230
206, 228
207, 227
207, 226
208, 225
208, 224
209, 223
209, 221
210, 220
210, 218
211, 217
211, 215
212, 214
212, 210
213, 209
213, 205
214, 204
214, 200
215, 199
215, 194
216, 193
216, 188
217, 187
217, 186
220, 183
221, 183
223, 181
224, 181
226, 179
227, 179
228, 178
229, 178
231, 176
232, 176
233, 175
235, 175
236, 174
239, 174
241, 176
241, 179
240, 180
240, 184
239, 185
239, 188
238, 189
238, 194
237, 195
237, 204
236, 205
236, 212
235, 213
235, 216
234, 217
234, 220
233, 221
233, 223
232, 224
232, 226
231, 227
231, 229
230, 230
230, 232
229, 233
229, 235
228, 236
228, 237
227, 238
227, 240
226, 241
226, 242
225, 243
225, 244
224, 245
224, 246
223, 247
223, 248
222, 249
222, 250
221, 251
221, 252
220, 253
220, 254
219, 255
219, 256
218, 257
218, 258
216, 260
216, 261
215, 262
215, 263
213, 265
213, 266
210, 269
210, 270
207, 273
207, 274
203, 278
203, 279
199, 283
199, 284
193, 290
193, 291
185, 299
185, 300
175, 310
175, 311
169, 317
168, 317
162, 323
161, 323
159, 325
158, 325
156, 327
155, 327
153, 329
152, 329
151, 330
150, 330
149, 331
148, 331
147, 332
146, 332
145, 333
144, 333
143, 334
141, 334
140, 335
139, 335
138, 336
136, 336
135, 337
134, 337
133, 338
131, 338
130, 339
128, 339
127, 340
125, 340
124, 341
123, 341
122, 342
120, 342
119, 343
117, 343
116, 344
114, 344
113, 345
111, 345
110, 346
107, 346
106, 347
104, 347
103, 348
100, 348
99, 349
96, 349
95, 350
91, 350
90, 351
75, 351
74, 350
72, 350
71, 349
70, 349
68, 347
67, 347
63, 343
63, 342
61, 340
61, 339
60, 338
60, 337
59, 336
59, 335
58, 334
58, 333
57, 332
57, 330
56, 329
56, 328
55, 327
55, 325
54, 324
54, 321
53, 320
53, 317
52, 316
52, 312
51, 311
51, 294
52, 293
52, 290
53, 289
53, 288
54, 287
54, 285
55, 284
55, 283
56, 282
56, 281
57, 280
57, 279
58, 278
58, 277
59, 276
59, 275
60, 274
60, 273
62, 271
62, 270
65, 267
65, 266
67, 264
67, 263
70, 260
70, 259
74, 255
74, 254
78, 250
78, 249
87, 240
87, 239
116, 210
117, 210
127, 200
128, 200
136, 192
137, 192
142, 187
143, 187
149, 181
150, 181
155, 176
156, 176
159, 173
160, 173
161, 172
170, 172
171, 171
172, 171
173, 172
176, 172
177, 171
180, 171
181, 170
182, 170
183, 169
184, 169
185, 168
186, 168
189, 165
190, 165
192, 163
193, 163
196, 160
197, 160
210, 147
211, 133
212, 134
212, 135
211, 136
211, 138
210, 139
210, 140
209, 141
209, 143
202, 150
202, 151
199, 154
198, 154
193, 159
192, 159
189, 162
188, 162
186, 164
185, 164
183, 166
182, 166
181, 167
180, 167
179, 168
176, 168
175, 169
173, 169
172, 168
171, 168
170, 169
167, 169
166, 168
170, 164
171, 164
175, 160
176, 160
180, 156
181, 156
185, 152
186, 152
190, 148
191, 148
194, 145
195, 145
198, 142
199, 142
201, 140
202, 140
205, 137
206, 137
208, 135
209, 135
191, 43
192, 42
194, 42
195, 43
195, 47
194, 48
194, 49
191, 52
191, 53
190, 54
190, 55
189, 56
189, 58
188, 59
188, 61
187, 62
187, 64
186, 65
186, 67
185, 68
185, 69
184, 70
184, 71
183, 72
183, 73
181, 75
181, 76
179, 78
179, 79
178, 80
178, 81
177, 82
177, 83
176, 84
176, 85
175, 86
175, 87
173, 89
173, 90
171, 92
170, 91
170, 89
171, 88
171, 84
172, 83
172, 79
173, 78
173, 75
174, 74
174, 71
175, 70
175, 68
176, 67
176, 66
177, 65
177, 63
178, 62
178, 61
179, 60
179, 59
180, 58
180, 57
181, 56
181, 55
182, 54
182, 53
183, 52
183, 51
184, 50
184, 49
190, 43
