334, 2
336, 367
4, 369
2, 4
144, 16
143, 17
143, 18
142, 19
142, 20
141, 21
141, 22
140, 23
140, 24
139, 25
139, 27
138, 28
138, 30
137, 31
137, 34
136, 35
136, 38
135, 39
135, 42
134, 43
134, 46
133, 47
133, 50
132, 51
132, 53
131, 54
131, 57
130, 58
130, 61
129, 62
129, 64
128, 65
128, 68
127, 69
127, 71
126, 72
126, 75
125, 76
125, 78
124, 79
124, 81
123, 82
123, 85
122, 86
122, 88
121, 89
121, 92
120, 93
120, 96
119, 97
119, 99
118, 100
118, 103
117, 104
117, 107
116, 108
116, 111
115, 112
115, 115
114, 116
114, 119
113, 120
113, 124
112, 125
112, 128
111, 129
111, 134
110, 135
110, 139
109, 140
109, 146
108, 147
108, 157
107, 158
107, 161
106, 162
106, 164
105, 165
105, 167
104, 168
104, 170
103, 171
103, 173
102, 174
102, 175
101, 176
101, 178
100, 179
100, 181
99, 182
99, 183
98, 184
98, 186
97, 187
97, 188
96, 189
96, 190
95, 191
95, 193
94, 194
94, 195
93, 196
93, 198
92, 199
92, 200
91, 201
91, 202
90, 203
90, 204
89, 205
89, 206
88, 207
88, 209
87, 210
87, 211
86, 212
86, 213
85, 214
85, 215
84, 216
84, 217
83, 218
83, 219
82, 220
82, 221
81, 222
81, 223
80, 224
80, 226
79, 227
79, 228
78, 229
78, 230
77, 231
77, 232
76, 233
76, 234
75, 235
75, 236
73, 238
73, 239
72, 240
72, 241
71, 242
71, 243
70, 244
70, 245
69, 246
69, 247
68, 248
68, 249
67, 250
67, 251
66, 252
66, 253
65, 254
65, 255
64, 256
64, 257
63, 258
63, 259
62, 260
62, 261
61, 262
61, 263
60, 264
60, 265
59, 266
59, 267
58, 268
58, 269
57, 270
57, 271
56, 272
56, 273
55, 274
55, 275
53, 277
52, 276
52, 269
51, 268
51, 263
50, 262
50, 260
49, 259
49, 257
48, 256
48, 254
47, 253
47, 252
46, 251
46, 250
44, 248
44, 247
43, 246
43, 245
40, 242
34, 242
31, 245
31, 246
30, 247
30, 248
29, 249
29, 250
28, 251
28, 252
27, 253
27, 255
26, 256
26, 259
25, 260
25, 262
24, 263
24, 266
23, 267
23, 269
22, 270
22, 273
21, 274
21, 277
20, 278
20, 281
19, 282
19, 286
18, 287
18, 290
17, 291
17, 296
16, 297
16, 301
15, 302
15, 309
14, 310
14, 322
15, 323
15, 326
17, 328
18, 328
19, 329
21, 329
22, 328
23, 328
24, 327
25, 327
33, 319
33, 318
35, 316
35, 315
37, 313
37, 312
39, 310
39, 309
41, 307
41, 306
43, 304
43, 303
44, 302
44, 301
46, 299
49, 299
50, 298
50, 293
51, 292
51, 289
52, 288
52, 287
53, 286
53, 285
54, 284
54, 283
55, 282
55, 281
56, 280
56, 279
57, 278
57, 277
58, 276
58, 275
59, 274
59, 273
60, 272
60, 271
61, 270
61, 269
62, 268
62, 267
63, 266
63, 265
64, 264
64, 263
65, 262
65, 261
66, 260
66, 259
67, 258
67, 257
68, 256
68, 255
69, 254
69, 253
70, 252
70, 251
71, 250
71, 249
72, 248
72, 247
73, 246
73, 245
74, 244
74, 243
75, 242
75, 241
76, 240
76, 239
77, 238
77, 237
78, 236
78, 235
79, 234
79, 233
80, 232
80, 231
81, 230
81, 229
82, 228
82, 227
83, 226
83, 225
84, 224
84, 223
85, 222
85, 221
86, 220
86, 219
87, 218
87, 217
88, 216
88, 215
89, 214
89, 213
90, 212
90, 210
91, 209
91, 208
92, 207
92, 206
93, 205
93, 204
94, 203
94, 202
95, 201
95, 199
96, 198
96, 197
97, 196
97, 195
98, 194
98, 192
99, 191
99, 190
100, 189
100, 187
101, 186
101, 185
102, 184
102, 182
103, 181
103, 180
104, 179
104, 177
105, 176
105, 175
106, 174
107, 175
107, 181
108, 182
108, 185
109, 186
109, 187
110, 188
110, 189
111, 189
112, 190
117, 190
118, 189
119, 189
120, 188
121, 188
123, 186
124, 186
131, 179
132, 179
135, 176
135, 175
142, 168
142, 167
144, 165
144, 164
147, 161
147, 160
149, 158
149, 157
150, 156
150, 155
152, 153
152, 152
154, 150
154, 149
155, 148
155, 147
156, 146
156, 145
157, 144
157, 143
158, 142
158, 141
160, 139
160, 138
161, 137
161, 136
162, 135
162, 134
163, 133
164, 134
164, 139
163, 140
163, 146
162, 147
162, 154
161, 155
161, 163
160, 164
160, 170
159, 171
159, 177
158, 178
158, 183
157, 184
157, 189
156, 190
156, 193
157, 194
157, 196
158, 197
158, 198
157, 199
156, 199
154, 201
153, 201
151, 203
150, 203
147, 206
146, 206
140, 212
139, 212
124, 227
124, 228
121, 231
121, 232
118, 235
118, 236
115, 239
115, 240
114, 241
114, 242
112, 244
112, 245
111, 246
111, 247
110, 248
110, 249
108, 251
108, 253
107, 254
107, 255
106, 256
106, 258
105, 259
105, 260
104, 261
104, 263
103, 264
103, 266
102, 267
102, 270
101, 271
101, 274
100, 275
100, 285
99, 286
99, 289
100, 290
100, 298
101, 299
101, 301
102, 302
102, 304
103, 305
103, 307
104, 308
104, 309
106, 311
106, 312
114, 320
115, 320
116, 321
117, 321
118, 322
118, 324
117, 325
117, 333
116, 334
116, 340
117, 341
117, 344
118, 345
118, 347
119, 348
119, 349
120, 349
124, 353
125, 353
126, 354
138, 354
139, 353
142, 353
143, 352
145, 352
146, 351
148, 351
150, 349
151, 349
152, 348
153, 348
154, 347
155, 347
157, 345
158, 345
159, 344
160, 344
162, 342
163, 342
167, 338
168, 338
171, 335
172, 335
175, 332
176, 332
185, 323
186, 323
206, 303
206, 302
211, 297
211, 296
215, 292
215, 291
220, 286
220, 285
223, 282
223, 281
225, 279
225, 278
227, 276
227, 275
229, 273
229, 272
231, 270
231, 269
233, 267
233, 266
235, 264
235, 263
236, 262
236, 261
237, 260
237, 259
239, 257
239, 256
240, 255
240, 254
242, 252
242, 251
243, 250
243, 249
244, 248
244, 247
245, 246
245, 244
246, 243
246, 242
247, 241
247, 240
248, 239
248, 237
249, 236
249, 235
250, 234
250, 233
251, 232
251, 230
252, 229
252, 226
253, 225
253, 223
254, 222
254, 219
255, 218
255, 215
256, 214
256, 197
255, 196
255, 192
254, 191
254, 190
253, 189
253, 188
252, 187
252, 186
250, 184
250, 183
248, 181
247, 181
244, 178
243, 178
242, 177
241, 177
240, 176
238, 176
236, 174
236, 171
237, 170
237, 169
246, 160
247, 160
251, 156
252, 156
257, 151
258, 151
262, 147
263, 147
268, 142
269, 142
273, 138
274, 138
279, 133
280, 133
285, 128
286, 128
290, 124
291, 124
296, 119
297, 119
301, 115
302, 115
307, 110
308, 110
312, 106
313, 106
318, 101
319, 101
323, 97
321, 95
320, 96
319, 96
314, 101
313, 101
308, 106
307, 106
303, 110
302, 110
297, 115
296, 115
292, 119
291, 119
286, 124
285, 124
281, 128
280, 128
275, 133
274, 133
269, 138
268, 138
264, 142
263, 142
258, 147
257, 147
253, 151
252, 151
247, 156
246, 156
242, 160
241, 160
239, 162
238, 161
238, 153
239, 152
239, 136
238, 135
238, 133
237, 132
237, 131
235, 129
233, 129
232, 128
226, 128
225, 129
223, 129
222, 130
221, 130
220, 131
219, 131
217, 133
216, 133
212, 137
212, 138
208, 142
208, 143
206, 145
206, 146
204, 148
204, 149
201, 152
201, 153
199, 155
199, 156
194, 161
194, 162
190, 166
190, 167
183, 174
183, 175
169, 189
168, 189
165, 192
164, 192
162, 194
161, 194
159, 192
159, 190
160, 189
160, 184
161, 183
161, 178
162, 177
162, 171
163, 170
163, 164
164, 163
164, 155
165, 154
165, 148
166, 147
166, 140
167, 139
167, 133
168, 132
168, 126
169, 125
169, 121
170, 120
170, 118
171, 117
171, 116
172, 115
172, 113
173, 112
173, 111
174, 110
174, 109
175, 108
175, 106
176, 105
176, 104
177, 103
177, 101
178, 100
178, 99
179, 98
179, 96
180, 95
180, 94
181, 93
181, 91
182, 90
182, 88
183, 87
183, 85
184, 84
184, 83
185, 82
185, 80
186, 79
186, 77
187, 76
187, 74
188, 73
188, 71
189, 70
189, 68
190, 67
190, 65
191, 64
191, 61
192, 60
192, 58
193, 57
193, 54
194, 53
194, 51
193, 50
193, 49
192, 48
191, 48
190, 47
189, 47
188, 48
186, 48
184, 50
183, 50
179, 54
179, 55
177, 57
177, 58
176, 59
176, 60
175, 61
175, 63
174, 64
174, 66
173, 67
173, 72
172, 73
172, 79
171, 80
171, 87
170, 88
170, 95
169, 96
169, 104
168, 105
168, 111
167, 112
167, 118
166, 119
166, 120
165, 121
165, 123
164, 124
164, 125
162, 127
162, 128
161, 129
161, 130
160, 131
160, 132
159, 133
159, 134
158, 135
158, 136
157, 137
157, 138
156, 139
156, 140
154, 142
154, 143
153, 144
153, 145
152, 146
152, 147
151, 148
151, 149
149, 151
149, 152
147, 154
147, 155
145, 157
145, 158
143, 160
143, 161
141, 163
141, 164
137, 168
137, 169
125, 181
124, 181
120, 185
119, 185
118, 186
117, 186
116, 187
113, 187
111, 185
111, 182
110, 181
110, 160
111, 159
111, 157
112, 156
112, 154
113, 153
113, 151
114, 150
114, 148
115, 147
115, 145
116, 144
116, 142
117, 141
117, 138
118, 137
118, 135
119, 134
119, 131
120, 130
120, 128
121, 127
121, 125
122, 124
122, 121
123, 120
123, 118
124, 117
124, 114
125, 113
125, 111
126, 110
126, 107
127, 106
127, 103
128, 102
128, 99
129, 98
129, 96
130, 95
130, 92
131, 91
131, 88
132, 87
132, 85
133, 84
133, 80
134, 79
134, 76
135, 75
135, 72
136, 71
136, 67
137, 66
137, 63
138, 62
138, 58
139, 57
139, 54
140, 53
140, 50
141, 49
141, 45
142, 44
142, 41
143, 40
143, 37
144, 36
144, 32
145, 31
145, 27
146, 26
146, 21
147, 20
147, 17
146, 16
36, 245
38, 245
41, 248
41, 249
43, 251
43, 252
44, 253
44, 254
45, 255
45, 257
46, 258
46, 259
47, 260
47, 263
48, 264
48, 269
49, 270
49, 285
48, 286
48, 288
47, 289
47, 290
46, 291
46, 292
45, 293
45, 294
44, 295
44, 296
43, 297
43, 298
41, 300
41, 301
40, 302
40, 303
38, 305
38, 306
36, 308
36, 309
34, 311
34, 312
32, 314
32, 315
28, 319
28, 320
26, 322
25, 322
22, 325
21, 325
20, 326
18, 324
18, 323
17, 322
17, 310
18, 309
18, 303
19, 302
19, 297
20, 296
20, 292
21, 291
21, 287
22, 286
22, 283
23, 282
23, 279
24, 278
24, 275
25, 274
25, 271
26, 270
26, 267
27, 266
27, 264
28, 263
28, 260
29, 259
29, 257
30, 256
30, 254
31, 253
31, 252
32, 251
32, 249
235, 179
236, 178
237, 178
238, 179
240, 179
243, 182
244, 182
249, 187
249, 188
250, 189
250, 190
251, 191
251, 192
252, 193
252, 196
253, 197
253, 214
252, 215
252, 218
251, 219
251, 221
250, 222
250, 225
249, 226
249, 228
248, 229
248, 231
247, 232
247, 233
246, 234
246, 236
245, 237
245, 238
244, 239
244, 240
243, 241
243, 243
242, 244
242, 245
241, 246
241, 247
240, 248
240, 249
239, 250
239, 251
237, 253
237, 254
236, 255
236, 256
234, 258
234, 259
233, 260
233, 261
232, 262
232, 263
230, 265
230, 266
228, 268
228, 269
226, 271
226, 272
224, 274
224, 275
221, 278
221, 279
219, 281
219, 282
215, 286
215, 287
211, 291
211, 292
207, 296
207, 297
191, 313
191, 314
189, 316
188, 316
179, 325
178, 325
172, 331
171, 331
167, 335
166, 335
163, 338
162, 338
159, 341
158, 341
157, 342
156, 342
154, 344
153, 344
152, 345
151, 345
150, 346
149, 346
147, 348
146, 348
145, 349
142, 349
141, 350
138, 350
137, 351
127, 351
125, 349
124, 349
121, 346
121, 344
120, 343
120, 340
119, 339
119, 334
120, 333
120, 326
121, 325
121, 324
122, 323
123, 323
124, 324
139, 324
140, 323
142, 323
143, 322
146, 322
147, 321
149, 321
150, 320
151, 320
152, 319
153, 319
155, 317
156, 317
157, 316
158, 316
159, 315
160, 315
162, 313
163, 313
166, 310
167, 310
169, 308
170, 308
176, 302
177, 302
187, 292
187, 291
192, 286
192, 285
196, 281
196, 280
198, 278
198, 277
200, 275
200, 274
202, 272
202, 271
204, 269
204, 268
206, 266
206, 265
207, 264
207, 263
208, 262
208, 261
209, 260
209, 259
210, 258
210, 257
212, 255
212, 253
213, 252
213, 251
214, 250
214, 249
215, 248
215, 247
216, 246
216, 245
217, 244
217, 242
218, 241
218, 240
219, 239
219, 237
220, 236
220, 234
221, 233
221, 232
222, 231
222, 229
223, 228
223, 226
224, 225
224, 222
225, 221
225, 219
226, 218
226, 216
227, 215
227, 212
228, 211
228, 208
229, 207
229, 204
230, 203
230, 200
231, 199
231, 196
232, 195
232, 191
233, 190
233, 187
234, 186
234, 182
235, 181
228, 177
231, 177
232, 178
232, 180
231, 181
231, 185
230, 186
230, 190
229, 191
229, 194
228, 195
228, 199
227, 200
227, 203
226, 204
226, 207
225, 208
225, 211
224, 212
224, 214
223, 215
223, 218
222, 219
222, 221
221, 222
221, 224
220, 225
220, 227
219, 228
219, 230
218, 231
218, 233
217, 234
217, 235
216, 236
216, 238
215, 239
215, 241
214, 242
214, 243
213, 244
213, 245
212, 246
212, 247
211, 248
211, 249
210, 250
210, 252
209, 253
209, 254
208, 255
208, 256
206, 258
206, 259
205, 260
205, 261
204, 262
204, 263
203, 264
203, 265
201, 267
201, 268
199, 270
199, 271
197, 273
197, 274
195, 276
195, 277
192, 280
192, 281
188, 285
188, 286
171, 303
170, 303
166, 307
165, 307
163, 309
162, 309
159, 312
158, 312
157, 313
156, 313
154, 315
153, 315
152, 316
151, 316
150, 317
149, 317
148, 318
146, 318
145, 319
143, 319
142, 320
140, 320
139, 321
124, 321
123, 320
123, 317
124, 316
124, 314
125, 313
125, 311
126, 310
126, 308
127, 307
127, 306
128, 305
128, 304
129, 303
129, 302
130, 301
130, 300
131, 299
131, 298
133, 296
133, 295
134, 294
134, 293
135, 292
135, 291
136, 290
136, 289
137, 288
137, 287
138, 286
138, 285
140, 283
140, 282
142, 280
142, 279
144, 277
144, 276
146, 274
146, 273
148, 271
148, 270
150, 268
150, 267
152, 265
152, 264
154, 262
154, 261
156, 259
156, 258
160, 254
160, 253
163, 250
163, 249
167, 245
167, 244
171, 240
171, 239
175, 235
175, 234
178, 231
178, 230
185, 223
185, 222
193, 214
193, 213
202, 204
202, 203
218, 177
219, 176
222, 176
223, 177
223, 178
217, 184
216, 184
203, 197
203, 198
195, 206
195, 207
187, 215
187, 216
178, 225
178, 226
174, 230
174, 231
170, 235
170, 236
167, 239
167, 240
163, 244
163, 245
159, 249
159, 250
155, 254
155, 255
153, 257
153, 258
151, 260
151, 261
149, 263
149, 264
147, 266
147, 267
145, 269
145, 270
143, 272
143, 273
141, 275
141, 276
139, 278
139, 279
137, 281
137, 282
136, 283
136, 284
134, 286
134, 287
133, 288
133, 289
132, 290
132, 291
131, 292
131, 293
130, 294
130, 295
129, 296
129, 297
127, 299
127, 300
126, 301
126, 302
125, 303
125, 304
124, 305
124, 307
123, 308
123, 310
122, 311
122, 312
121, 313
121, 315
120, 316
120, 317
119, 318
117, 318
115, 316
114, 316
109, 311
109, 310
108, 309
108, 308
106, 306
106, 305
105, 304
105, 301
104, 300
104, 298
103, 297
103, 290
102, 289
102, 286
103, 285
103, 276
104, 275
104, 272
105, 271
105, 268
106, 267
106, 264
107, 263
107, 262
108, 261
108, 259
109, 258
109, 257
110, 256
110, 254
111, 253
111, 252
113, 250
113, 249
114, 248
114, 247
115, 246
115, 245
117, 243
117, 242
118, 241
118, 240
122, 236
122, 235
125, 232
125, 231
136, 220
136, 219
137, 218
138, 218
144, 212
145, 212
150, 207
151, 207
153, 205
154, 205
157, 202
158, 202
160, 200
161, 200
163, 198
164, 198
165, 197
166, 197
168, 195
169, 195
170, 194
171, 194
172, 193
173, 193
175, 191
176, 191
177, 190
178, 190
179, 189
180, 189
181, 188
183, 188
184, 187
185, 187
186, 186
187, 186
188, 185
189, 185
190, 184
192, 184
193, 183
195, 183
196, 182
198, 182
199, 181
201, 181
202, 180
204, 180
205, 179
207, 179
208, 178
212, 178
213, 177
225, 132
226, 131
232, 131
235, 134
235, 136
236, 137
236, 152
235, 153
235, 162
234, 163
234, 167
228, 173
218, 173
217, 174
213, 174
212, 175
208, 175
207, 176
204, 176
203, 177
201, 177
200, 178
198, 178
197, 179
195, 179
194, 180
192, 180
191, 181
190, 181
189, 182
187, 182
186, 183
185, 183
184, 184
183, 184
182, 185
181, 185
180, 186
178, 186
177, 185
190, 172
190, 171
195, 166
195, 165
199, 161
199, 160
202, 157
202, 156
205, 153
205, 152
207, 150
207, 149
209, 147
209, 146
212, 143
212, 142
220, 134
221, 134
222, 133
223, 133
224, 132
132, 63
133, 62
134, 63
134, 66
133, 67
133, 70
132, 71
132, 75
131, 76
131, 79
130, 80
130, 83
129, 84
129, 87
128, 88
128, 91
127, 92
127, 94
126, 95
126, 98
125, 99
125, 102
124, 103
124, 106
123, 107
123, 109
122, 110
122, 113
121, 114
121, 116
120, 117
120, 120
119, 121
119, 123
118, 124
118, 127
117, 128
117, 130
116, 131
116, 133
115, 134
114, 133
114, 130
115, 129
115, 125
116, 124
116, 121
117, 120
117, 116
118, 115
118, 112
119, 111
119, 108
120, 107
120, 105
121, 104
121, 101
122, 100
122, 97
123, 96
123, 93
124, 92
124, 90
125, 89
125, 86
126, 85
126, 83
127, 82
127, 80
128, 79
128, 76
129, 75
129, 73
130, 72
130, 69
131, 68
131, 66
132, 65
133, 59
135, 61
187, 51
190, 51
191, 52
190, 53
190, 56
189, 57
189, 60
188, 61
188, 63
187, 64
187, 66
186, 67
186, 69
185, 70
185, 72
184, 73
184, 75
183, 76
183, 78
182, 79
182, 81
181, 82
181, 84
180, 85
180, 87
179, 88
179, 89
178, 90
178, 92
177, 93
177, 95
176, 96
176, 97
175, 98
175, 100
174, 101
174, 102
173, 103
172, 102
172, 96
173, 95
173, 88
174, 87
174, 80
175, 79
175, 73
176, 72
176, 68
177, 67
177, 64
178, 63
178, 62
179, 61
179, 60
180, 59
180, 58
