4, 2
432, 4
430, 369
2, 367
156, 16
155, 17
154, 17
153, 18
151, 18
150, 19
149, 19
148, 20
147, 20
146, 21
142, 21
141, 22
135, 22
134, 23
130, 23
129, 24
126, 24
125, 25
124, 25
123, 26
121, 26
120, 27
119, 27
117, 29
116, 29
115, 30
114, 30
111, 33
110, 33
108, 35
107, 35
105, 37
104, 37
102, 39
101, 39
95, 45
95, 46
89, 52
89, 53
85, 57
85, 58
83, 60
83, 61
82, 62
82, 63
80, 65
80, 66
78, 68
78, 69
76, 71
76, 72
74, 74
74, 75
73, 76
73, 77
72, 78
72, 79
71, 80
71, 81
70, 82
70, 83
69, 84
69, 85
68, 86
68, 87
66, 89
66, 90
65, 91
65, 92
64, 93
64, 94
63, 95
63, 96
61, 98
61, 99
60, 100
60, 101
59, 102
59, 103
58, 104
58, 105
57, 106
57, 107
56, 108
56, 109
55, 110
55, 111
54, 112
54, 113
53, 114
53, 115
52, 116
52, 117
51, 118
51, 119
50, 120
50, 121
49, 122
49, 124
48, 125
48, 127
47, 128
47, 129
46, 130
46, 132
45, 133
45, 134
44, 135
44, 137
43, 138
43, 139
42, 140
42, 142
41, 143
41, 144
40, 145
40, 147
39, 148
39, 150
38, 151
38, 153
37, 154
37, 155
36, 156
36, 158
35, 159
35, 162
34, 163
34, 165
33, 166
33, 169
32, 170
32, 173
31, 174
31, 178
30, 179
30, 183
29, 184
29, 188
28, 189
28, 194
27, 195
27, 200
26, 201
26, 208
25, 209
25, 217
24, 218
24, 224
23, 225
23, 229
22, 230
22, 236
21, 237
21, 245
20, 246
20, 258
19, 259
19, 290
20, 291
20, 295
21, 296
21, 300
22, 301
22, 304
23, 305
23, 308
24, 309
24, 311
25, 312
25, 315
26, 316
26, 318
27, 319
27, 321
28, 322
28, 324
29, 325
29, 327
30, 328
30, 329
31, 330
31, 331
34, 334
34, 335
43, 344
44, 344
47, 347
48, 347
51, 350
52, 350
53, 351
54, 351
55, 352
57, 352
58, 353
60, 353
61, 354
76, 354
77, 353
82, 353
83, 352
86, 352
87, 351
91, 351
92, 350
95, 350
96, 349
97, 349
98, 348
99, 348
101, 346
102, 346
104, 344
105, 344
106, 343
108, 343
109, 342
110, 342
111, 341
112, 341
113, 340
114, 340
115, 339
117, 339
118, 338
119, 338
120, 337
122, 337
123, 336
124, 336
125, 335
126, 335
127, 334
128, 334
129, 333
130, 333
131, 332
132, 332
133, 331
135, 331
136, 330
137, 330
138, 329
139, 329
141, 327
142, 327
143, 326
144, 326
147, 323
148, 323
166, 305
166, 304
171, 299
171, 298
176, 293
176, 292
178, 290
178, 289
179, 288
179, 287
180, 286
180, 285
181, 284
181, 283
183, 281
183, 280
185, 278
185, 277
187, 275
187, 274
192, 269
192, 268
197, 263
197, 262
199, 260
199, 259
201, 257
201, 256
203, 254
203, 253
206, 250
206, 249
209, 246
209, 245
210, 244
210, 243
212, 241
212, 240
213, 239
214, 240
214, 242
213, 243
213, 245
212, 246
212, 249
211, 250
211, 254
210, 255
210, 259
209, 260
209, 262
208, 263
208, 270
209, 271
214, 271
215, 270
216, 270
220, 266
220, 265
222, 263
222, 262
223, 261
223, 260
224, 259
224, 258
225, 257
225, 256
226, 255
226, 254
227, 253
227, 252
228, 251
228, 250
229, 249
229, 248
230, 247
230, 246
231, 245
231, 243
232, 242
232, 241
233, 240
233, 239
234, 238
234, 237
235, 236
235, 235
236, 234
236, 233
237, 232
237, 231
238, 230
238, 229
240, 227
240, 226
242, 224
242, 223
243, 222
243, 221
244, 220
244, 219
245, 218
245, 217
247, 215
247, 214
248, 213
248, 212
249, 211
250, 212
250, 214
249, 215
249, 218
248, 219
248, 222
247, 223
247, 225
246, 226
246, 229
245, 230
245, 232
244, 233
244, 236
243, 237
243, 240
242, 241
242, 244
241, 245
241, 248
240, 249
240, 253
239, 254
239, 259
238, 260
238, 262
239, 263
241, 263
241, 262
242, 261
242, 259
243, 258
243, 257
244, 256
244, 254
245, 253
245, 252
246, 251
246, 250
247, 249
247, 247
248, 246
248, 245
249, 244
249, 243
250, 242
250, 240
251, 239
251, 238
252, 237
252, 236
254, 234
254, 233
255, 232
255, 231
256, 230
256, 229
257, 228
257, 227
258, 226
258, 225
261, 222
261, 221
266, 216
266, 215
270, 211
271, 211
272, 210
274, 212
274, 226
273, 227
273, 233
272, 234
272, 238
271, 239
271, 244
270, 245
270, 248
271, 249
271, 251
272, 252
272, 253
273, 254
273, 255
278, 260
279, 260
280, 261
283, 261
284, 260
285, 260
287, 258
288, 258
295, 251
296, 251
299, 248
300, 248
301, 247
303, 247
304, 246
306, 246
307, 245
309, 245
310, 244
311, 244
316, 239
316, 238
318, 236
318, 235
321, 232
322, 233
322, 234
321, 235
321, 236
320, 237
320, 241
319, 242
319, 246
318, 247
318, 255
317, 256
317, 262
316, 263
316, 267
319, 267
319, 265
320, 264
320, 263
321, 262
321, 260
322, 259
322, 258
323, 257
323, 256
324, 255
324, 253
325, 252
325, 251
326, 250
326, 249
327, 248
327, 247
329, 245
329, 244
330, 243
330, 242
332, 240
332, 239
340, 231
341, 231
342, 230
343, 230
344, 229
352, 229
354, 231
354, 238
353, 239
353, 244
352, 245
352, 249
351, 250
351, 253
350, 254
350, 258
349, 259
349, 264
350, 265
350, 268
351, 269
351, 271
353, 273
353, 274
355, 276
356, 276
357, 277
358, 277
359, 278
363, 278
364, 277
366, 277
367, 276
368, 276
369, 275
370, 275
371, 274
372, 274
373, 273
374, 273
375, 272
377, 272
379, 270
380, 270
381, 269
382, 269
383, 268
384, 268
385, 267
386, 267
387, 266
388, 266
389, 265
391, 265
392, 264
407, 264
408, 265
411, 265
412, 266
413, 266
414, 265
412, 263
410, 263
409, 262
403, 262
402, 261
395, 261
394, 262
390, 262
389, 263
387, 263
386, 264
385, 264
384, 265
383, 265
382, 266
381, 266
379, 268
378, 268
377, 269
376, 269
375, 270
374, 270
373, 271
372, 271
371, 272
369, 272
368, 273
367, 273
366, 274
365, 274
364, 275
358, 275
354, 271
354, 270
353, 269
353, 267
352, 266
352, 256
353, 255
353, 252
354, 251
354, 247
355, 246
355, 242
356, 241
356, 235
357, 234
357, 231
356, 230
356, 228
355, 228
354, 227
352, 227
351, 226
347, 226
346, 227
343, 227
342, 228
340, 228
339, 229
338, 229
331, 236
331, 237
329, 239
329, 240
327, 242
327, 243
326, 244
326, 245
325, 246
325, 247
324, 248
324, 249
323, 250
323, 251
322, 252
321, 252
320, 251
320, 250
321, 249
321, 244
322, 243
322, 240
323, 239
323, 237
324, 236
324, 234
325, 233
325, 231
326, 230
326, 229
327, 228
327, 227
328, 226
328, 225
330, 223
330, 222
332, 220
332, 219
336, 215
336, 214
338, 212
338, 211
339, 210
339, 208
338, 207
336, 207
335, 208
335, 209
332, 212
332, 213
330, 215
330, 216
329, 217
329, 218
328, 219
328, 220
319, 229
319, 230
316, 233
316, 234
314, 236
314, 237
312, 239
312, 240
311, 241
310, 241
308, 243
305, 243
304, 244
302, 244
301, 245
300, 245
299, 246
298, 246
297, 247
296, 247
291, 252
290, 252
285, 257
284, 257
283, 258
280, 258
279, 257
278, 257
276, 255
276, 254
274, 252
274, 250
273, 249
273, 241
274, 240
274, 236
275, 235
275, 230
276, 229
276, 221
277, 220
277, 214
276, 213
276, 210
274, 208
270, 208
268, 210
267, 210
265, 212
265, 213
260, 218
260, 219
257, 222
257, 223
255, 225
255, 226
254, 227
254, 228
253, 229
253, 230
252, 231
252, 232
251, 233
251, 234
249, 236
249, 238
248, 239
248, 240
247, 241
247, 242
246, 243
245, 242
245, 239
246, 238
246, 235
247, 234
247, 232
248, 231
248, 229
249, 228
249, 225
250, 224
250, 221
251, 220
251, 217
252, 216
252, 213
253, 212
253, 209
254, 208
254, 204
255, 203
255, 201
256, 200
256, 198
257, 197
257, 196
256, 195
255, 195
253, 197
253, 198
252, 199
252, 201
251, 202
251, 203
249, 205
249, 206
248, 207
248, 208
246, 210
246, 211
245, 212
245, 213
244, 214
244, 215
243, 216
243, 217
242, 218
242, 219
240, 221
240, 222
238, 224
238, 225
236, 227
236, 228
235, 229
235, 230
234, 231
234, 232
233, 233
233, 234
232, 235
232, 236
231, 237
231, 239
230, 240
230, 241
229, 242
229, 243
228, 244
228, 245
227, 246
227, 247
226, 248
226, 249
225, 250
225, 251
224, 252
224, 254
223, 255
223, 256
222, 257
222, 258
220, 260
220, 261
218, 263
218, 264
214, 268
211, 268
210, 267
210, 266
211, 265
211, 262
212, 261
212, 257
213, 256
213, 252
214, 251
214, 248
215, 247
215, 245
216, 244
216, 241
217, 240
217, 236
218, 235
218, 231
219, 230
219, 228
220, 227
220, 226
221, 225
221, 223
222, 222
222, 221
223, 220
223, 218
224, 217
224, 215
226, 213
226, 211
227, 210
227, 209
228, 208
228, 207
229, 206
229, 205
230, 204
230, 202
231, 201
231, 200
232, 199
232, 196
230, 196
229, 197
229, 198
228, 199
228, 200
227, 201
227, 203
226, 204
226, 205
225, 206
225, 207
224, 208
224, 209
223, 210
223, 211
222, 212
222, 213
220, 215
220, 216
219, 217
219, 218
218, 219
218, 220
217, 221
217, 223
216, 224
216, 225
215, 226
215, 228
214, 229
214, 231
213, 232
213, 233
212, 234
212, 235
211, 236
211, 237
210, 238
210, 239
209, 240
209, 241
207, 243
207, 244
205, 246
205, 247
202, 250
202, 251
200, 253
200, 254
198, 256
198, 257
195, 260
195, 261
191, 265
191, 266
187, 270
187, 271
183, 275
183, 276
181, 278
181, 279
179, 281
179, 282
178, 283
178, 285
176, 287
176, 288
175, 289
175, 290
170, 295
170, 296
165, 301
165, 302
145, 322
144, 322
142, 324
141, 324
139, 326
138, 326
137, 327
136, 327
135, 328
134, 328
133, 329
132, 329
131, 330
129, 330
128, 331
127, 331
126, 332
125, 332
124, 333
123, 333
122, 334
121, 334
120, 335
118, 335
117, 336
116, 336
115, 337
114, 337
113, 338
112, 338
111, 339
109, 339
108, 340
107, 340
106, 341
104, 341
102, 343
101, 343
99, 345
98, 345
97, 346
96, 346
95, 347
94, 347
93, 348
90, 348
89, 349
85, 349
84, 350
80, 350
79, 351
73, 351
72, 352
65, 352
64, 351
60, 351
59, 350
57, 350
56, 349
55, 349
54, 348
53, 348
51, 346
50, 346
47, 343
46, 343
35, 332
35, 331
33, 329
33, 328
32, 327
32, 326
31, 325
31, 323
30, 322
30, 320
29, 319
29, 317
28, 316
28, 314
27, 313
27, 310
26, 309
26, 307
25, 306
25, 303
24, 302
24, 298
23, 297
23, 294
22, 293
22, 288
21, 287
21, 270
22, 269
22, 251
23, 250
23, 240
24, 239
24, 233
25, 232
25, 227
26, 226
26, 221
27, 220
27, 212
28, 211
28, 205
29, 204
29, 198
30, 197
30, 192
31, 191
31, 187
32, 186
32, 182
33, 181
33, 177
34, 176
34, 173
35, 172
35, 169
36, 168
36, 165
37, 164
37, 161
38, 160
38, 158
39, 157
39, 155
40, 154
40, 152
41, 151
41, 150
42, 149
42, 147
43, 146
43, 144
44, 143
44, 142
45, 141
45, 140
46, 139
46, 137
47, 136
47, 135
48, 134
48, 132
49, 131
49, 129
50, 128
50, 127
51, 126
51, 124
52, 123
52, 122
53, 121
53, 119
54, 118
54, 117
55, 116
55, 115
56, 114
56, 113
57, 112
57, 111
58, 110
58, 109
59, 108
59, 107
61, 105
61, 104
62, 103
62, 102
63, 101
63, 100
64, 99
64, 98
66, 96
66, 95
67, 94
67, 93
68, 92
68, 91
69, 90
69, 89
70, 88
70, 87
72, 85
72, 84
73, 83
73, 82
74, 81
74, 79
76, 77
76, 76
77, 75
77, 74
80, 71
80, 70
82, 68
82, 67
83, 66
83, 65
85, 63
85, 62
87, 60
87, 59
90, 56
90, 55
95, 50
95, 49
104, 40
105, 40
107, 38
108, 38
110, 36
111, 36
113, 34
114, 34
116, 32
117, 32
119, 30
120, 30
121, 29
122, 29
123, 28
125, 28
126, 27
127, 27
128, 26
131, 26
132, 25
137, 25
138, 24
144, 24
145, 23
148, 23
149, 22
150, 22
151, 21
152, 21
153, 20
154, 20
155, 19
158, 19
159, 18
165, 18
166, 19
172, 19
173, 20
183, 20
184, 21
186, 21
189, 24
190, 24
194, 28
194, 29
197, 32
197, 33
199, 35
199, 36
201, 38
201, 39
203, 41
203, 42
204, 43
204, 44
205, 45
205, 46
206, 47
206, 48
207, 49
207, 51
208, 52
208, 53
209, 54
209, 56
210, 57
210, 59
211, 60
211, 62
212, 63
212, 65
213, 66
213, 70
214, 71
214, 74
215, 75
215, 79
216, 80
216, 84
217, 85
217, 90
218, 91
218, 101
219, 102
219, 109
218, 110
218, 119
217, 120
217, 126
216, 127
216, 132
215, 133
215, 139
214, 140
214, 145
213, 146
213, 150
212, 151
212, 155
211, 156
211, 161
210, 162
210, 167
209, 168
209, 172
208, 173
208, 176
207, 177
207, 180
206, 181
206, 184
205, 185
205, 188
204, 189
204, 192
203, 193
203, 195
202, 196
202, 198
201, 199
201, 201
200, 202
200, 203
199, 204
199, 206
198, 207
198, 209
197, 210
197, 211
196, 212
196, 214
195, 215
195, 216
194, 217
194, 219
193, 220
193, 222
192, 223
192, 224
191, 225
191, 227
190, 228
190, 230
189, 231
189, 232
188, 233
188, 235
187, 236
187, 238
186, 239
186, 240
185, 241
185, 243
184, 244
184, 245
183, 246
183, 247
182, 248
182, 249
181, 250
181, 251
180, 252
180, 253
179, 254
179, 256
177, 258
177, 259
176, 260
176, 261
175, 262
175, 263
174, 264
174, 265
173, 266
173, 267
171, 269
171, 270
170, 271
170, 272
169, 273
169, 274
167, 276
167, 277
166, 278
166, 279
165, 280
165, 281
163, 283
163, 284
161, 286
161, 287
153, 295
152, 295
151, 296
145, 296
140, 291
140, 290
139, 289
139, 287
138, 286
138, 283
137, 282
137, 271
138, 270
138, 264
139, 263
139, 259
140, 258
140, 254
141, 253
141, 248
142, 247
142, 244
143, 243
143, 241
144, 240
144, 238
145, 237
145, 236
144, 235
143, 235
141, 237
141, 238
140, 239
140, 241
139, 242
139, 244
138, 245
138, 246
136, 248
136, 249
135, 250
135, 251
133, 253
133, 254
131, 256
131, 257
129, 259
129, 260
128, 261
128, 262
126, 264
126, 265
123, 268
123, 269
119, 273
119, 274
113, 280
112, 280
109, 283
104, 283
102, 281
101, 281
100, 280
100, 279
99, 278
99, 277
98, 276
98, 272
97, 271
97, 267
96, 266
96, 261
95, 260
95, 247
96, 246
96, 238
97, 237
97, 228
98, 227
98, 216
99, 215
99, 209
100, 208
100, 206
101, 205
101, 204
103, 202
103, 201
104, 200
104, 199
105, 198
105, 197
106, 196
106, 195
107, 194
107, 193
109, 191
109, 190
110, 189
110, 188
112, 186
112, 185
114, 183
114, 182
115, 181
115, 180
116, 179
116, 178
118, 176
118, 175
119, 174
119, 173
120, 172
120, 171
121, 170
121, 169
122, 168
122, 167
123, 166
123, 165
124, 164
124, 162
125, 161
125, 160
126, 159
126, 158
127, 157
127, 156
128, 155
128, 153
129, 152
129, 151
130, 150
130, 148
131, 147
131, 146
132, 145
132, 143
133, 142
133, 141
134, 140
134, 138
135, 137
135, 135
136, 134
136, 133
137, 132
137, 130
138, 129
138, 127
139, 126
139, 124
140, 123
140, 120
141, 119
141, 116
142, 115
142, 112
143, 111
143, 109
144, 108
144, 105
145, 104
145, 102
146, 101
146, 99
147, 98
147, 95
148, 94
148, 90
149, 89
149, 85
150, 84
150, 64
149, 63
149, 61
147, 59
142, 59
141, 60
140, 60
135, 65
135, 66
133, 68
133, 69
131, 71
131, 72
130, 73
130, 74
129, 75
129, 76
128, 77
128, 78
127, 79
127, 80
126, 81
126, 82
125, 83
125, 84
124, 85
124, 86
123, 87
123, 88
122, 89
122, 91
121, 92
121, 94
120, 95
120, 98
119, 99
119, 101
118, 102
118, 104
117, 105
117, 108
116, 109
116, 111
115, 112
115, 115
114, 116
114, 119
113, 120
113, 123
112, 124
112, 127
111, 128
111, 132
110, 133
110, 136
109, 137
109, 140
108, 141
108, 145
107, 146
107, 150
106, 151
106, 154
105, 155
105, 158
104, 159
104, 164
103, 165
103, 169
102, 170
102, 174
101, 175
101, 179
100, 180
100, 185
99, 186
99, 191
98, 192
98, 200
97, 201
97, 207
96, 208
96, 209
95, 210
95, 211
94, 212
94, 213
93, 214
93, 215
92, 216
92, 217
91, 218
91, 219
90, 220
90, 221
88, 223
88, 224
87, 225
87, 226
85, 228
85, 229
84, 230
84, 231
82, 233
82, 234
81, 235
81, 236
79, 238
79, 239
77, 241
77, 242
75, 244
75, 245
72, 248
72, 249
69, 252
69, 253
65, 257
65, 258
59, 264
59, 265
53, 271
52, 271
49, 274
48, 274
47, 275
44, 275
43, 274
42, 274
41, 273
40, 273
37, 270
37, 268
36, 267
36, 247
37, 246
37, 244
38, 243
39, 243
40, 244
41, 243
41, 232
42, 231
42, 227
41, 226
40, 226
39, 227
39, 228
38, 229
38, 232
37, 233
37, 236
36, 237
36, 240
35, 241
35, 243
34, 244
34, 250
33, 251
33, 263
34, 264
34, 269
35, 270
35, 272
38, 275
39, 275
40, 276
41, 276
42, 277
49, 277
50, 276
51, 276
66, 261
66, 260
70, 256
70, 255
73, 252
73, 251
76, 248
76, 247
78, 245
78, 244
81, 241
81, 240
82, 239
82, 238
84, 236
84, 235
85, 234
85, 233
87, 231
87, 230
88, 229
88, 228
90, 226
90, 225
91, 224
91, 223
92, 222
92, 221
95, 218
96, 219
96, 222
95, 223
95, 232
94, 233
94, 242
93, 243
93, 263
94, 264
94, 268
95, 269
95, 274
96, 275
96, 278
97, 279
97, 280
102, 285
104, 285
105, 286
108, 286
109, 285
110, 285
111, 284
112, 284
124, 272
124, 271
127, 268
127, 267
129, 265
129, 264
131, 262
131, 261
132, 260
132, 259
134, 257
134, 256
137, 253
138, 254
138, 256
137, 257
137, 260
136, 261
136, 267
135, 268
135, 284
136, 285
136, 288
137, 289
137, 291
138, 292
138, 293
142, 297
143, 297
144, 298
145, 298
146, 299
150, 299
151, 298
153, 298
154, 297
155, 297
162, 290
162, 289
165, 286
165, 285
166, 284
166, 283
168, 281
168, 280
169, 279
169, 278
170, 277
170, 276
171, 275
171, 274
173, 272
173, 271
175, 269
175, 268
176, 267
176, 266
177, 265
177, 264
178, 263
178, 262
179, 261
179, 260
180, 259
180, 258
181, 257
181, 256
182, 255
182, 254
183, 253
183, 252
184, 251
184, 250
185, 249
185, 248
186, 247
186, 245
187, 244
187, 243
188, 242
188, 241
189, 240
189, 238
190, 237
190, 235
191, 234
191, 233
192, 232
192, 230
193, 229
193, 227
194, 226
194, 224
195, 223
195, 222
196, 221
196, 219
197, 218
197, 217
198, 216
198, 214
199, 213
199, 212
200, 211
200, 209
201, 208
201, 206
202, 205
202, 204
203, 203
203, 201
204, 200
204, 198
205, 197
205, 195
206, 194
206, 191
207, 190
207, 187
208, 186
208, 183
209, 182
209, 179
210, 178
210, 175
211, 174
211, 170
212, 169
212, 164
213, 163
213, 159
214, 158
214, 154
215, 153
215, 148
216, 147
216, 143
217, 142
217, 136
218, 135
218, 130
219, 129
219, 124
220, 123
220, 115
221, 114
221, 96
220, 95
220, 88
219, 87
219, 82
218, 81
218, 77
217, 76
217, 73
216, 72
216, 68
215, 67
215, 64
214, 63
214, 61
213, 60
213, 58
212, 57
212, 55
211, 54
211, 53
210, 52
210, 50
209, 49
209, 47
208, 46
208, 45
207, 44
207, 43
206, 42
206, 41
204, 39
204, 38
203, 37
203, 36
201, 34
201, 33
199, 31
199, 30
195, 26
195, 25
193, 23
192, 23
189, 20
188, 20
187, 19
186, 19
185, 18
183, 18
182, 17
170, 17
169, 16
143, 61
145, 61
147, 63
147, 65
148, 66
148, 79
147, 80
147, 87
146, 88
146, 91
145, 92
145, 96
144, 97
144, 100
143, 101
143, 103
142, 104
142, 106
141, 107
141, 109
140, 110
140, 113
139, 114
139, 117
138, 118
138, 121
137, 122
137, 124
136, 125
136, 127
135, 128
135, 130
134, 131
134, 133
133, 134
133, 135
132, 136
132, 138
131, 139
131, 141
130, 142
130, 143
129, 144
129, 146
128, 147
128, 148
127, 149
127, 151
126, 152
126, 153
125, 154
125, 155
124, 156
124, 158
123, 159
123, 160
122, 161
122, 162
121, 163
121, 164
120, 165
120, 166
119, 167
119, 168
118, 169
118, 170
117, 171
117, 172
116, 173
116, 174
115, 175
115, 176
114, 177
114, 178
112, 180
112, 181
111, 182
111, 183
109, 185
109, 186
107, 188
107, 189
106, 190
106, 191
105, 192
105, 193
103, 195
103, 196
101, 198
100, 197
100, 196
101, 195
101, 189
102, 188
102, 183
103, 182
103, 177
104, 176
104, 172
105, 171
105, 167
106, 166
106, 162
107, 161
107, 157
108, 156
108, 153
109, 152
109, 148
110, 147
110, 144
111, 143
111, 139
112, 138
112, 135
113, 134
113, 130
114, 129
114, 126
115, 125
115, 122
116, 121
116, 118
117, 117
117, 114
118, 113
118, 111
119, 110
119, 107
120, 106
120, 104
121, 103
121, 101
122, 100
122, 97
123, 96
123, 94
124, 93
124, 91
125, 90
125, 89
126, 88
126, 86
127, 85
127, 84
128, 83
128, 82
129, 81
129, 80
131, 78
131, 77
132, 76
132, 75
133, 74
133, 73
134, 72
134, 71
136, 69
136, 68
