202, 2
204, 367
4, 369
2, 4
180, 186
180, 188
179, 189
180, 196
180, 197
182, 199
187, 198
187, 194
186, 193
186, 189
187, 188
185, 185
184, 185
183, 184
178, 44
177, 45
177, 46
178, 47
178, 49
179, 50
180, 52
185, 50
185, 49
184, 48
184, 46
183, 45
182, 43
111, 15
110, 16
108, 16
99, 25
99, 26
96, 29
96, 30
94, 32
94, 33
93, 34
93, 35
91, 37
91, 38
90, 39
90, 40
88, 42
88, 43
87, 44
87, 45
85, 47
85, 48
83, 50
81, 48
81, 47
80, 46
80, 45
79, 44
74, 44
73, 45
72, 45
71, 46
71, 47
69, 49
69, 50
68, 51
68, 52
67, 53
67, 55
66, 56
66, 57
65, 58
65, 60
64, 61
64, 63
63, 64
63, 67
62, 68
62, 71
61, 72
61, 75
60, 76
60, 79
59, 80
59, 84
58, 85
58, 88
57, 89
57, 94
56, 95
56, 100
55, 101
55, 105
54, 106
54, 109
53, 110
53, 111
52, 112
52, 114
51, 115
51, 116
50, 117
50, 118
49, 119
49, 120
48, 121
48, 122
47, 123
47, 124
46, 125
46, 127
45, 128
45, 129
44, 130
44, 131
43, 132
43, 134
42, 135
42, 136
41, 137
41, 138
40, 139
40, 141
39, 142
39, 143
38, 144
38, 145
37, 146
37, 148
36, 149
36, 150
35, 151
35, 153
34, 154
34, 155
33, 156
33, 158
32, 159
32, 161
31, 162
31, 163
30, 164
30, 166
29, 167
29, 168
28, 169
28, 171
27, 172
27, 174
26, 175
26, 177
25, 178
25, 180
24, 181
24, 183
23, 184
23, 186
22, 187
22, 189
21, 190
21, 192
20, 193
20, 196
19, 197
19, 199
18, 200
18, 203
17, 204
17, 207
16, 208
16, 211
15, 212
15, 215
14, 216
14, 220
13, 221
13, 225
12, 226
12, 230
11, 231
11, 237
10, 238
10, 246
9, 247
9, 262
8, 263
8, 273
9, 274
9, 287
10, 288
10, 292
11, 293
11, 297
12, 298
12, 302
13, 303
13, 306
14, 307
14, 310
15, 311
15, 314
16, 315
16, 317
17, 318
17, 320
18, 321
18, 323
19, 324
19, 325
20, 326
20, 328
21, 329
21, 330
22, 331
22, 332
23, 333
23, 334
24, 335
24, 336
25, 337
25, 338
26, 339
26, 340
28, 342
28, 343
31, 346
31, 347
36, 352
37, 352
38, 353
39, 353
40, 354
43, 354
44, 355
45, 355
46, 354
48, 354
49, 353
50, 353
52, 351
53, 351
55, 349
55, 348
57, 346
57, 345
58, 344
58, 343
60, 341
60, 340
61, 339
61, 337
62, 336
62, 335
63, 334
63, 333
64, 332
64, 331
65, 330
65, 329
66, 328
66, 326
67, 325
67, 324
68, 323
68, 321
69, 320
69, 319
70, 318
70, 316
71, 315
71, 314
72, 313
72, 311
73, 310
73, 308
74, 307
74, 305
75, 304
75, 302
76, 301
76, 299
77, 298
77, 296
78, 295
78, 293
79, 292
79, 290
80, 289
80, 287
81, 286
81, 284
82, 283
82, 281
83, 280
83, 278
84, 277
84, 275
85, 274
85, 272
86, 271
86, 268
87, 267
87, 265
88, 264
88, 262
89, 261
89, 258
90, 257
90, 255
91, 254
91, 251
92, 250
92, 248
93, 247
93, 244
94, 243
94, 240
95, 239
95, 237
96, 236
96, 234
97, 233
97, 230
98, 229
98, 227
99, 226
99, 224
100, 223
100, 220
101, 219
101, 217
102, 216
102, 213
103, 212
103, 210
104, 209
105, 210
105, 215
104, 216
104, 222
103, 223
103, 229
102, 230
102, 237
101, 238
101, 249
103, 251
105, 251
107, 249
107, 248
108, 247
108, 246
109, 245
109, 244
110, 243
110, 241
111, 240
111, 239
112, 238
112, 236
113, 235
113, 233
114, 232
114, 230
115, 229
115, 228
116, 227
116, 225
117, 224
117, 222
118, 221
118, 219
119, 218
119, 216
120, 215
120, 212
121, 211
121, 209
122, 208
122, 206
123, 205
123, 203
124, 202
124, 199
125, 198
125, 196
126, 195
126, 192
127, 191
127, 189
128, 188
129, 189
129, 196
128, 197
128, 214
130, 216
131, 216
133, 214
133, 213
134, 212
134, 211
135, 210
135, 208
136, 207
136, 205
137, 204
137, 202
138, 201
138, 198
139, 197
139, 194
140, 193
140, 191
141, 190
141, 187
142, 186
142, 183
143, 182
143, 180
144, 179
144, 177
145, 176
146, 176
147, 175
147, 174
148, 173
148, 172
149, 171
149, 170
150, 169
150, 167
151, 166
151, 164
152, 163
152, 161
153, 160
153, 158
154, 157
154, 156
155, 155
155, 153
156, 152
156, 150
157, 149
157, 147
158, 146
158, 145
159, 144
160, 145
160, 148
159, 149
159, 154
158, 155
158, 158
159, 159
159, 160
160, 161
161, 161
162, 160
163, 160
163, 159
165, 157
165, 156
166, 155
166, 154
167, 153
167, 151
168, 150
168, 148
169, 147
169, 145
170, 144
170, 143
171, 142
171, 140
172, 139
172, 137
173, 136
173, 133
174, 132
174, 130
175, 129
175, 127
176, 126
176, 124
177, 123
177, 121
178, 120
178, 118
179, 117
179, 116
180, 115
181, 116
181, 126
183, 128
185, 128
188, 125
188, 124
189, 123
189, 122
190, 121
190, 120
191, 119
191, 117
192, 116
192, 114
193, 113
193, 111
194, 110
194, 106
195, 105
195, 101
196, 100
196, 91
197, 90
197, 82
196, 81
196, 74
195, 73
195, 72
193, 72
192, 73
192, 79
193, 80
193, 94
192, 95
192, 101
191, 102
191, 106
190, 107
190, 110
189, 111
189, 113
188, 114
188, 116
187, 117
187, 119
186, 120
185, 119
185, 108
186, 107
186, 97
187, 96
187, 84
184, 84
184, 85
183, 86
183, 89
182, 90
182, 93
181, 94
181, 97
180, 98
180, 100
179, 101
179, 104
178, 105
178, 108
177, 109
177, 111
176, 112
176, 114
175, 115
175, 117
174, 118
174, 120
173, 121
173, 123
172, 124
172, 126
171, 127
171, 129
170, 130
170, 133
169, 134
169, 136
168, 137
168, 139
167, 140
167, 142
166, 143
166, 144
165, 145
164, 144
164, 141
165, 140
165, 135
166, 134
166, 129
167, 128
167, 123
168, 122
168, 117
169, 116
169, 111
170, 110
170, 107
168, 105
167, 106
166, 106
166, 108
165, 109
165, 111
164, 112
164, 115
163, 116
163, 118
162, 119
162, 121
161, 122
161, 125
160, 126
160, 128
159, 129
159, 130
158, 131
157, 130
154, 130
154, 131
153, 132
153, 133
152, 134
152, 136
151, 137
151, 139
150, 140
150, 143
149, 144
149, 146
148, 147
148, 150
147, 151
147, 154
146, 155
146, 157
145, 158
145, 161
144, 162
144, 165
143, 166
143, 168
142, 169
142, 172
141, 173
141, 175
140, 176
140, 179
139, 180
139, 183
138, 184
138, 186
137, 187
137, 190
136, 191
136, 194
135, 195
135, 197
134, 198
134, 200
133, 201
132, 200
132, 194
133, 193
133, 186
134, 185
134, 177
135, 176
135, 163
134, 162
133, 162
131, 164
131, 165
130, 166
130, 168
129, 169
129, 171
128, 172
128, 174
127, 175
127, 177
126, 178
126, 181
125, 182
125, 184
124, 185
124, 188
123, 189
123, 192
122, 193
122, 195
121, 196
121, 199
120, 200
120, 202
119, 203
119, 205
118, 206
118, 208
117, 209
117, 212
116, 213
116, 215
115, 216
115, 218
114, 219
114, 221
113, 222
113, 224
112, 225
112, 227
111, 228
111, 229
110, 230
110, 232
109, 233
109, 235
108, 236
108, 238
107, 239
107, 240
106, 241
105, 240
105, 235
106, 234
106, 228
107, 227
107, 221
108, 220
108, 215
109, 214
109, 208
110, 207
110, 202
111, 201
111, 196
112, 195
112, 190
113, 189
113, 184
114, 183
114, 178
115, 177
115, 172
116, 171
116, 167
117, 166
117, 151
118, 150
118, 145
119, 144
119, 138
120, 137
120, 131
121, 130
121, 123
122, 122
122, 111
123, 110
123, 91
124, 90
124, 50
123, 49
123, 35
122, 34
122, 29
121, 28
121, 25
120, 24
120, 21
118, 19
118, 18
116, 16
114, 16
113, 15
43, 228
45, 228
45, 232
46, 233
46, 239
47, 240
47, 244
48, 245
48, 248
49, 249
49, 251
50, 252
50, 254
51, 255
51, 256
52, 257
52, 258
54, 260
54, 261
55, 261
57, 263
63, 263
65, 261
66, 261
68, 259
68, 258
71, 255
71, 254
73, 252
73, 251
74, 250
74, 249
76, 247
76, 246
77, 245
78, 246
78, 255
79, 256
79, 257
80, 258
82, 258
83, 257
85, 261
84, 262
84, 264
83, 265
83, 268
82, 269
82, 271
81, 272
81, 274
80, 275
80, 277
79, 278
79, 280
78, 281
78, 283
77, 284
77, 286
76, 287
76, 290
75, 291
75, 293
74, 294
74, 295
73, 296
73, 298
72, 299
72, 301
71, 302
71, 304
70, 305
70, 307
69, 308
69, 310
68, 311
68, 313
67, 314
67, 315
66, 316
66, 318
65, 319
65, 320
64, 321
64, 323
63, 324
63, 325
62, 326
62, 328
61, 329
61, 330
60, 331
60, 332
59, 333
59, 334
58, 335
58, 336
57, 337
57, 338
56, 339
56, 340
54, 342
54, 343
53, 344
53, 345
48, 350
46, 350
43, 351
42, 350
40, 350
32, 342
32, 341
30, 339
30, 338
29, 337
29, 336
28, 335
28, 334
26, 332
26, 331
25, 330
25, 328
24, 327
24, 326
23, 325
23, 323
22, 322
22, 321
21, 320
21, 318
20, 317
20, 315
19, 314
19, 312
18, 311
18, 308
17, 307
17, 304
16, 303
16, 299
15, 293
17, 291
17, 290
20, 287
20, 286
21, 285
21, 284
22, 283
22, 282
23, 281
23, 280
24, 279
24, 277
25, 276
25, 275
26, 274
26, 273
27, 272
27, 270
28, 269
28, 268
29, 267
29, 265
30, 264
30, 263
31, 262
31, 260
32, 259
32, 258
33, 257
33, 255
34, 254
34, 252
35, 251
35, 250
36, 249
36, 247
37, 246
37, 244
38, 243
38, 241
39, 240
39, 239
40, 238
40, 236
41, 235
41, 233
42, 232
42, 230
43, 229
50, 128
51, 129
51, 133
50, 134
50, 141
49, 142
49, 149
48, 150
48, 159
47, 160
47, 169
46, 170
46, 183
45, 184
45, 204
44, 205
44, 214
43, 215
43, 217
42, 218
42, 220
41, 221
41, 223
40, 224
40, 226
39, 227
39, 229
38, 230
38, 232
37, 233
37, 235
36, 236
36, 238
35, 239
35, 240
34, 241
34, 243
33, 244
33, 246
32, 247
32, 249
31, 250
31, 251
30, 252
30, 254
29, 255
29, 256
28, 257
28, 259
27, 260
27, 261
26, 262
26, 264
25, 265
25, 267
24, 268
24, 269
23, 270
23, 272
22, 273
22, 274
21, 275
21, 276
20, 277
20, 278
19, 279
19, 280
18, 281
18, 282
17, 283
17, 284
16, 285
16, 286
15, 287
14, 287
13, 286
13, 272
14, 271
14, 266
15, 265
15, 258
12, 255
13, 254
13, 244
14, 243
14, 236
15, 235
15, 230
16, 229
16, 225
17, 224
17, 220
18, 219
18, 215
19, 214
19, 211
20, 210
20, 207
21, 206
21, 204
22, 203
22, 200
23, 199
23, 196
24, 195
24, 193
25, 192
25, 190
26, 189
26, 187
27, 186
27, 184
28, 183
28, 181
29, 180
29, 178
30, 177
30, 175
31, 174
31, 172
32, 171
32, 169
33, 168
33, 167
34, 166
34, 164
35, 163
35, 162
36, 161
36, 159
37, 158
37, 157
38, 156
38, 154
39, 153
39, 152
40, 151
40, 149
41, 148
41, 147
42, 146
42, 144
43, 143
43, 142
44, 141
44, 140
45, 139
45, 137
46, 136
46, 135
47, 134
47, 132
48, 131
48, 130
78, 70
79, 71
79, 79
78, 80
78, 86
77, 87
77, 92
76, 93
76, 97
75, 98
75, 102
74, 103
74, 107
73, 108
73, 111
72, 112
72, 116
71, 117
71, 120
70, 121
70, 124
69, 125
69, 128
68, 129
68, 132
67, 133
67, 136
66, 137
66, 140
65, 141
65, 144
64, 145
64, 148
63, 149
63, 151
62, 152
62, 155
61, 156
61, 158
60, 159
60, 162
59, 163
59, 166
58, 167
58, 169
57, 170
57, 172
56, 173
56, 176
55, 177
55, 179
54, 180
54, 183
53, 184
53, 186
52, 187
52, 189
51, 190
51, 192
50, 193
49, 192
49, 180
50, 179
50, 167
51, 166
51, 157
52, 156
52, 148
53, 147
53, 140
54, 139
54, 132
55, 131
55, 124
56, 123
56, 118
57, 117
57, 112
58, 111
58, 109
59, 108
59, 107
60, 106
60, 105
61, 104
61, 102
62, 101
62, 100
63, 99
63, 98
64, 97
64, 96
65, 95
65, 94
66, 93
66, 92
67, 91
67, 90
68, 89
68, 88
69, 87
69, 86
70, 85
70, 84
71, 83
71, 82
72, 81
72, 80
73, 79
73, 78
74, 77
74, 76
75, 75
75, 74
76, 73
76, 72
75, 48
77, 48
78, 49
78, 51
79, 52
79, 59
78, 60
78, 61
77, 62
77, 63
76, 64
76, 65
75, 66
75, 67
74, 68
74, 69
73, 70
73, 71
72, 72
72, 73
71, 74
71, 75
70, 76
70, 77
69, 78
69, 79
68, 80
68, 81
67, 82
67, 83
66, 84
66, 85
65, 86
65, 87
64, 88
64, 89
62, 91
61, 90
61, 89
62, 88
62, 84
63, 83
63, 79
64, 78
64, 75
65, 74
65, 71
66, 70
66, 67
67, 66
67, 64
68, 63
68, 61
69, 60
69, 58
70, 57
70, 56
71, 55
71, 54
72, 53
72, 52
73, 51
73, 50
110, 20
111, 19
113, 19
116, 22
116, 23
117, 24
117, 27
118, 28
118, 32
119, 33
119, 43
120, 44
120, 98
119, 99
119, 113
118, 114
118, 124
117, 125
117, 132
116, 133
116, 139
115, 140
115, 145
114, 146
114, 151
113, 152
113, 157
112, 158
112, 162
111, 163
111, 166
110, 167
110, 170
109, 171
109, 173
108, 174
108, 177
107, 178
107, 181
106, 182
106, 184
105, 185
105, 188
104, 189
104, 191
103, 192
103, 195
102, 196
102, 199
101, 200
101, 203
100, 204
100, 206
99, 207
99, 210
98, 211
98, 214
97, 215
97, 217
96, 218
96, 221
95, 222
95, 225
94, 226
94, 228
93, 229
93, 231
92, 232
92, 234
91, 235
91, 237
90, 238
90, 240
89, 241
89, 242
88, 243
88, 244
87, 245
87, 246
86, 247
86, 248
84, 250
84, 251
83, 252
82, 251
82, 243
83, 242
83, 236
84, 235
84, 231
85, 230
85, 227
86, 226
86, 221
83, 221
83, 222
82, 223
82, 225
81, 226
81, 228
80, 229
80, 230
79, 231
79, 233
78, 234
78, 235
77, 236
77, 237
76, 238
76, 239
75, 240
75, 241
74, 242
74, 243
72, 245
72, 246
71, 247
71, 248
69, 250
69, 251
67, 253
67, 254
62, 259
58, 259
56, 257
56, 256
55, 255
55, 254
54, 253
54, 252
53, 251
53, 249
52, 248
52, 246
51, 245
51, 241
50, 240
50, 235
49, 234
49, 224
48, 223
48, 212
49, 211
49, 209
50, 208
50, 206
51, 205
51, 203
52, 202
52, 200
53, 199
53, 197
54, 196
54, 193
55, 192
55, 190
56, 189
56, 187
57, 186
57, 183
58, 182
58, 180
59, 179
59, 177
60, 176
60, 173
61, 172
61, 170
62, 169
62, 166
63, 165
63, 163
64, 162
64, 159
65, 158
65, 155
66, 154
66, 152
67, 151
67, 148
68, 147
68, 144
69, 143
69, 140
70, 139
70, 137
71, 136
71, 133
72, 132
72, 128
73, 127
73, 124
74, 123
74, 120
75, 119
75, 116
76, 115
76, 111
77, 110
77, 107
78, 106
78, 102
79, 101
79, 97
80, 96
80, 92
81, 91
81, 85
82, 84
82, 78
83, 77
83, 59
84, 58
84, 57
85, 56
85, 55
86, 54
86, 53
88, 51
88, 50
89, 49
89, 48
90, 47
90, 46
92, 44
92, 43
93, 42
93, 41
95, 39
95, 38
96, 37
96, 36
98, 34
98, 33
100, 31
100, 30
104, 26
104, 25
109, 20
