150, 2
152, 367
4, 369
2, 4
73, 15
72, 16
71, 16
69, 18
69, 19
67, 21
67, 22
66, 23
66, 24
65, 25
65, 27
64, 28
64, 30
63, 31
63, 33
62, 34
62, 36
61, 37
61, 40
60, 41
60, 45
59, 46
59, 49
58, 50
58, 54
57, 55
57, 60
56, 61
56, 66
55, 67
55, 73
54, 74
54, 80
53, 81
53, 88
52, 89
52, 95
51, 96
51, 102
50, 103
50, 110
49, 111
49, 117
48, 118
48, 125
47, 126
47, 133
46, 134
46, 137
45, 138
45, 140
44, 141
44, 142
43, 143
43, 145
42, 146
42, 148
41, 149
41, 152
40, 153
40, 155
39, 156
39, 159
38, 160
38, 163
37, 164
37, 167
36, 168
36, 171
35, 172
35, 176
34, 177
34, 181
33, 182
33, 184
34, 184
35, 185
36, 184
36, 180
37, 179
37, 176
38, 175
38, 171
39, 170
39, 167
40, 166
40, 163
41, 162
41, 159
42, 158
42, 156
43, 155
44, 156
44, 162
43, 163
43, 172
42, 173
42, 183
41, 184
41, 192
40, 193
40, 201
39, 202
39, 209
38, 210
38, 216
37, 217
37, 222
36, 223
36, 228
35, 229
35, 232
34, 233
34, 236
33, 237
33, 240
32, 241
32, 243
31, 244
31, 246
30, 247
30, 248
29, 249
29, 251
28, 252
28, 253
26, 255
26, 256
22, 260
21, 260
20, 261
16, 261
15, 260
14, 260
11, 257
11, 256
10, 255
10, 251
9, 250
9, 248
10, 247
10, 241
11, 240
11, 237
12, 236
12, 235
13, 234
15, 236
17, 236
18, 235
18, 230
16, 228
14, 228
13, 229
12, 229
9, 232
9, 234
8, 235
8, 237
7, 238
7, 241
6, 242
6, 255
7, 256
7, 257
8, 258
8, 259
9, 260
9, 261
10, 262
11, 262
13, 264
14, 264
15, 265
21, 265
22, 264
23, 264
24, 263
25, 263
28, 260
28, 259
30, 257
30, 256
31, 255
31, 254
32, 253
32, 252
33, 251
33, 250
34, 249
34, 247
35, 246
35, 244
36, 243
36, 241
37, 240
37, 237
38, 236
38, 233
39, 232
39, 228
40, 227
40, 222
41, 221
41, 216
42, 215
42, 208
43, 207
43, 200
44, 199
44, 191
45, 190
45, 181
46, 180
46, 171
47, 170
47, 161
48, 160
48, 150
49, 149
49, 141
50, 140
50, 134
51, 133
51, 131
52, 130
52, 129
53, 128
53, 127
54, 126
54, 125
55, 124
55, 123
56, 122
56, 121
58, 119
59, 120
59, 122
58, 123
58, 129
57, 130
57, 136
56, 137
56, 144
55, 145
55, 152
54, 153
54, 161
53, 162
53, 170
52, 171
52, 179
51, 180
51, 189
50, 190
50, 198
49, 199
49, 206
48, 207
48, 213
47, 214
47, 219
46, 220
46, 225
45, 226
45, 230
44, 231
44, 235
47, 235
47, 234
48, 233
48, 228
49, 227
49, 222
50, 221
50, 220
51, 219
51, 217
52, 216
52, 213
53, 212
53, 210
54, 209
54, 206
55, 205
55, 202
56, 201
56, 197
57, 196
57, 193
58, 192
58, 189
59, 188
59, 185
60, 184
60, 181
61, 180
61, 178
62, 177
62, 175
63, 174
63, 172
64, 171
64, 170
65, 169
65, 167
66, 166
66, 165
67, 164
67, 163
68, 162
68, 161
70, 159
70, 158
77, 151
78, 151
79, 152
79, 153
80, 154
80, 162
79, 163
79, 170
78, 171
78, 176
77, 177
77, 182
76, 183
76, 187
75, 188
75, 191
74, 192
74, 195
73, 196
73, 199
72, 200
72, 202
71, 203
71, 205
70, 206
70, 208
69, 209
69, 210
68, 211
68, 212
67, 213
67, 214
66, 215
66, 216
65, 217
65, 218
64, 219
64, 220
63, 221
63, 222
62, 223
62, 224
61, 225
61, 226
60, 227
60, 228
59, 229
59, 230
58, 231
58, 232
57, 233
57, 235
56, 236
56, 237
55, 238
55, 240
54, 241
54, 242
53, 243
53, 247
56, 247
57, 246
57, 245
59, 243
59, 242
60, 241
60, 240
61, 239
61, 238
62, 237
62, 235
63, 234
63, 233
64, 232
64, 230
65, 229
65, 228
66, 227
66, 225
67, 224
67, 223
68, 222
68, 220
69, 219
69, 218
70, 217
70, 215
71, 214
71, 212
72, 211
72, 210
73, 209
73, 208
74, 207
74, 206
75, 205
75, 204
76, 203
76, 202
77, 201
77, 200
78, 199
78, 198
79, 197
79, 196
80, 195
80, 194
82, 192
82, 191
83, 190
83, 189
87, 185
87, 184
90, 181
91, 181
92, 182
92, 186
91, 187
91, 190
90, 191
90, 194
89, 195
89, 198
88, 199
88, 202
87, 203
87, 206
86, 207
86, 210
85, 211
85, 214
84, 215
84, 218
83, 219
83, 223
82, 224
82, 227
81, 228
81, 231
80, 232
80, 236
79, 237
79, 240
78, 241
78, 244
77, 245
77, 249
76, 250
76, 254
77, 255
78, 254
79, 254
79, 250
80, 249
80, 246
81, 245
81, 242
82, 241
82, 238
83, 237
83, 235
84, 234
84, 231
85, 230
85, 228
86, 227
86, 224
87, 223
87, 220
88, 219
88, 217
89, 216
89, 213
90, 212
90, 210
91, 209
91, 206
92, 205
92, 203
93, 202
93, 199
94, 198
94, 196
95, 195
96, 196
96, 205
95, 206
95, 216
94, 217
94, 229
93, 230
93, 245
94, 246
95, 246
97, 244
97, 243
98, 242
98, 241
99, 240
99, 239
100, 238
100, 237
101, 236
101, 235
102, 234
102, 232
103, 231
103, 230
104, 229
104, 228
105, 227
105, 225
106, 224
106, 223
107, 222
107, 220
108, 219
108, 217
109, 216
109, 214
110, 213
110, 211
111, 210
111, 208
112, 207
112, 205
113, 204
113, 202
114, 201
114, 199
115, 198
115, 196
116, 195
116, 193
117, 192
117, 190
118, 189
118, 187
119, 186
119, 184
120, 183
120, 181
121, 180
121, 178
122, 177
122, 175
123, 174
123, 172
124, 171
124, 169
125, 168
125, 166
126, 165
126, 163
127, 162
127, 159
128, 158
128, 156
129, 155
129, 153
130, 152
130, 150
131, 149
131, 147
132, 146
132, 143
133, 142
133, 141
134, 140
135, 141
135, 145
134, 146
134, 152
133, 153
133, 159
132, 160
132, 166
131, 167
131, 173
130, 174
130, 179
129, 180
129, 186
128, 187
128, 193
127, 194
127, 201
126, 202
126, 208
125, 209
125, 216
124, 217
124, 224
123, 225
123, 231
122, 232
122, 234
121, 235
121, 237
120, 238
120, 239
119, 240
119, 242
118, 243
118, 245
117, 246
117, 247
116, 248
116, 250
115, 251
115, 253
114, 254
114, 256
113, 257
113, 259
112, 260
112, 262
111, 263
111, 266
110, 267
110, 269
109, 270
109, 273
108, 274
108, 277
107, 278
107, 281
106, 282
106, 285
105, 286
105, 289
104, 290
104, 294
103, 295
103, 299
102, 300
102, 304
101, 305
101, 310
100, 311
100, 317
99, 318
99, 327
98, 328
98, 340
99, 341
99, 347
100, 348
100, 350
101, 351
101, 352
103, 354
105, 354
107, 352
107, 351
108, 350
108, 348
109, 347
109, 346
110, 345
110, 342
111, 341
111, 339
112, 338
112, 335
113, 334
113, 330
114, 329
114, 326
115, 325
115, 320
116, 319
116, 314
117, 313
117, 306
118, 305
118, 297
119, 296
119, 287
120, 286
120, 277
121, 276
121, 267
122, 266
122, 258
123, 257
123, 249
124, 248
124, 240
125, 239
125, 234
126, 233
126, 231
127, 230
127, 229
128, 228
128, 227
129, 226
129, 225
130, 224
130, 223
131, 222
131, 221
132, 220
132, 219
133, 218
133, 217
134, 216
134, 215
136, 213
136, 212
137, 211
137, 210
139, 208
139, 207
141, 205
141, 204
143, 202
143, 201
144, 200
144, 199
146, 197
146, 194
145, 194
142, 197
142, 198
141, 199
141, 200
139, 202
139, 203
137, 205
137, 206
135, 208
135, 209
134, 210
134, 211
132, 213
132, 214
131, 215
131, 216
130, 217
130, 218
128, 220
127, 219
127, 214
128, 213
128, 206
129, 205
129, 199
130, 198
130, 192
131, 191
131, 185
132, 184
132, 178
133, 177
133, 171
134, 170
134, 165
135, 164
135, 158
136, 157
136, 151
137, 150
137, 144
138, 143
138, 137
139, 136
139, 130
140, 129
140, 123
141, 122
141, 117
142, 116
142, 111
143, 110
143, 106
144, 105
144, 101
145, 100
145, 95
146, 94
146, 90
145, 89
144, 89
143, 90
143, 94
142, 95
142, 99
141, 100
141, 105
140, 106
140, 110
139, 111
139, 113
138, 114
138, 117
137, 118
137, 121
136, 122
136, 124
135, 125
135, 127
134, 128
134, 130
133, 131
133, 133
132, 134
132, 137
131, 138
131, 140
130, 141
130, 143
129, 144
129, 146
128, 147
128, 149
127, 150
127, 153
126, 154
126, 156
125, 157
125, 159
124, 160
124, 162
123, 163
123, 165
122, 166
122, 168
121, 169
121, 171
120, 172
120, 174
119, 175
119, 178
118, 179
118, 181
117, 182
117, 184
116, 185
116, 187
115, 188
115, 190
114, 191
114, 193
113, 194
113, 196
112, 197
112, 199
111, 200
111, 202
110, 203
110, 205
109, 206
109, 208
108, 209
108, 211
107, 212
107, 214
106, 215
106, 217
105, 218
105, 219
104, 220
104, 222
103, 223
103, 224
102, 225
102, 227
101, 228
101, 229
100, 230
100, 232
99, 233
99, 234
97, 236
96, 235
96, 225
97, 224
97, 213
98, 212
98, 202
99, 201
99, 186
98, 185
96, 185
95, 184
95, 178
94, 177
91, 177
89, 179
88, 179
85, 182
85, 183
82, 186
82, 187
79, 190
78, 189
78, 186
79, 185
79, 181
80, 180
80, 175
81, 174
81, 168
82, 167
82, 151
79, 148
77, 148
76, 149
75, 149
67, 157
66, 156
66, 154
67, 153
67, 150
68, 149
68, 145
69, 144
69, 141
70, 140
70, 137
71, 136
71, 132
72, 131
72, 127
73, 126
73, 122
74, 121
74, 118
75, 117
75, 112
76, 111
76, 99
75, 98
70, 98
67, 101
66, 101
62, 105
62, 106
61, 107
61, 108
60, 109
60, 110
58, 112
58, 113
56, 115
56, 116
55, 117
55, 118
53, 120
52, 119
52, 117
53, 116
53, 109
54, 108
54, 101
55, 100
55, 94
56, 93
56, 87
57, 86
57, 80
58, 79
58, 72
59, 71
59, 66
60, 65
60, 60
61, 59
61, 54
62, 53
62, 49
63, 48
63, 45
64, 44
64, 41
65, 40
65, 37
66, 36
66, 34
67, 33
67, 31
68, 30
68, 28
69, 27
69, 26
70, 25
70, 24
71, 23
71, 22
74, 19
76, 21
76, 23
77, 24
77, 34
76, 35
76, 42
75, 43
75, 47
74, 48
74, 49
73, 50
72, 50
71, 51
71, 54
70, 55
70, 56
71, 57
71, 58
72, 59
73, 59
74, 58
75, 58
75, 57
76, 56
76, 55
77, 54
77, 52
78, 51
78, 48
79, 47
79, 42
80, 41
80, 30
81, 29
81, 27
80, 26
80, 20
79, 19
79, 18
78, 17
78, 16
77, 16
76, 15
118, 251
119, 250
120, 260
119, 261
119, 270
118, 271
118, 280
117, 281
117, 290
116, 291
116, 300
115, 301
115, 308
114, 309
114, 315
113, 316
113, 321
112, 322
112, 326
111, 327
111, 331
110, 332
110, 335
109, 336
109, 339
108, 340
108, 342
107, 343
107, 345
106, 346
106, 348
104, 350
102, 348
102, 344
101, 343
101, 324
102, 323
102, 315
103, 314
103, 309
104, 308
104, 303
105, 302
105, 298
106, 297
106, 293
107, 292
107, 289
108, 288
108, 285
109, 284
109, 281
110, 280
110, 277
111, 276
111, 273
112, 272
112, 270
113, 269
113, 266
114, 265
114, 263
115, 262
115, 259
116, 258
116, 257
117, 256
117, 254
118, 253
121, 249
119, 250
72, 100
74, 102
74, 107
73, 108
73, 113
72, 114
72, 118
71, 119
71, 123
70, 124
70, 128
69, 129
69, 132
68, 133
68, 137
67, 138
67, 141
66, 142
66, 146
65, 147
65, 150
64, 151
64, 154
63, 155
63, 158
62, 159
62, 163
61, 164
61, 167
60, 168
60, 171
59, 172
59, 175
58, 176
58, 179
57, 180
57, 183
56, 184
55, 183
55, 174
56, 173
56, 165
57, 164
57, 156
58, 155
58, 148
59, 147
59, 140
60, 139
60, 133
61, 132
61, 126
62, 125
62, 119
63, 118
63, 113
64, 112
64, 109
65, 108
65, 107
