4, 0
4, 1
2, 3
0, 5
2, 5
4, 7
4, 57
2, 59
0, 59
0, 61
2, 61
4, 63
4, 113
2, 115
0, 115
0, 117
2, 117
4, 119
4, 169
2, 171
0, 171
0, 173
2, 173
4, 175
4, 225
2, 227
0, 227
0, 229
2, 229
4, 231
4, 281
2, 283
0, 283
0, 285
2, 285
4, 287
4, 337
2, 339
0, 339
0, 341
2, 341
4, 343
324, 2
326, 367
8, 369
6, 4
133, 15
132, 16
131, 16
130, 17
129, 17
127, 19
127, 20
125, 22
125, 23
124, 24
124, 25
123, 26
123, 27
122, 28
122, 29
121, 30
121, 32
120, 33
120, 34
119, 35
119, 36
118, 37
118, 39
117, 40
117, 41
116, 42
116, 44
115, 45
115, 46
114, 47
114, 49
113, 50
113, 52
112, 53
112, 55
111, 56
111, 58
110, 59
110, 62
109, 63
109, 65
108, 66
108, 68
107, 69
107, 72
106, 73
106, 75
105, 76
105, 80
104, 81
104, 85
103, 86
103, 91
102, 92
102, 97
101, 98
101, 104
100, 105
100, 112
99, 113
99, 117
98, 118
98, 120
97, 121
97, 123
96, 124
96, 127
95, 128
95, 132
94, 133
94, 140
95, 141
95, 148
94, 149
94, 156
93, 157
93, 163
92, 164
92, 171
91, 172
91, 178
90, 179
90, 185
89, 186
89, 192
88, 193
88, 198
87, 199
87, 204
86, 205
86, 211
85, 212
85, 216
84, 217
84, 222
83, 223
83, 227
82, 228
82, 233
81, 234
81, 238
80, 239
80, 241
76, 245
75, 245
66, 254
66, 255
64, 257
64, 258
62, 260
62, 261
61, 262
61, 263
60, 264
60, 265
59, 266
59, 267
58, 268
58, 269
57, 270
57, 273
56, 274
56, 303
57, 304
57, 307
58, 308
58, 311
52, 317
51, 317
50, 318
49, 318
48, 319
44, 319
43, 318
42, 318
41, 317
40, 317
37, 314
36, 314
32, 310
32, 309
30, 307
30, 306
29, 305
29, 304
28, 303
28, 302
27, 301
27, 300
26, 299
26, 297
25, 296
25, 295
24, 294
24, 292
23, 291
23, 289
22, 288
22, 284
21, 283
21, 271
20, 270
20, 251
21, 250
21, 228
22, 227
22, 219
23, 218
23, 214
24, 213
24, 209
25, 208
25, 206
26, 205
26, 202
27, 201
27, 199
28, 198
28, 196
29, 195
29, 194
30, 193
30, 192
31, 191
31, 189
32, 188
32, 187
33, 186
33, 185
34, 184
34, 183
35, 182
35, 181
36, 180
36, 179
37, 178
37, 177
39, 175
39, 174
44, 169
45, 169
46, 168
48, 168
50, 170
51, 170
52, 171
52, 172
54, 174
54, 176
55, 177
55, 179
56, 180
56, 184
57, 185
57, 238
58, 239
58, 248
59, 249
59, 251
60, 252
62, 252
62, 247
61, 246
61, 232
60, 231
60, 183
59, 182
59, 178
58, 177
58, 175
57, 174
57, 173
56, 172
56, 171
54, 169
54, 168
53, 167
52, 167
51, 166
50, 166
49, 165
44, 165
43, 166
42, 166
36, 172
36, 173
35, 174
35, 175
33, 177
33, 178
32, 179
32, 180
31, 181
31, 183
30, 184
30, 185
29, 186
29, 187
28, 188
28, 189
27, 190
27, 191
26, 192
26, 194
25, 195
25, 196
24, 197
24, 200
23, 201
23, 203
22, 204
22, 207
21, 208
21, 212
20, 213
20, 216
19, 217
19, 224
18, 225
18, 238
17, 239
17, 275
18, 276
18, 284
19, 285
19, 289
20, 290
20, 292
21, 293
21, 295
22, 296
22, 298
23, 299
23, 300
24, 301
24, 302
25, 303
25, 304
26, 305
26, 306
27, 307
27, 308
28, 309
28, 310
30, 312
30, 313
33, 316
34, 316
37, 319
38, 319
40, 321
41, 321
42, 322
49, 322
50, 321
52, 321
54, 319
55, 319
59, 315
60, 315
61, 316
61, 317
62, 318
62, 319
63, 320
63, 321
64, 322
64, 323
66, 325
66, 326
68, 328
68, 329
72, 333
73, 333
75, 335
76, 335
77, 336
78, 336
79, 337
80, 337
81, 338
82, 338
83, 339
85, 339
86, 340
89, 340
90, 341
97, 341
98, 340
99, 340
101, 338
102, 338
105, 335
105, 334
107, 332
107, 331
109, 329
109, 328
111, 326
111, 325
112, 324
112, 323
113, 322
113, 321
114, 320
114, 319
115, 318
115, 316
116, 315
116, 314
117, 313
117, 312
118, 311
118, 309
119, 308
119, 306
120, 305
120, 303
121, 302
121, 301
122, 300
122, 298
123, 297
123, 295
124, 294
124, 292
125, 291
125, 289
126, 288
126, 286
127, 285
127, 283
128, 282
128, 281
129, 280
129, 278
130, 277
130, 275
131, 274
131, 272
132, 271
132, 269
133, 268
133, 266
134, 265
134, 264
135, 263
135, 260
136, 259
136, 257
137, 256
137, 254
138, 253
141, 253
142, 254
143, 254
144, 255
145, 255
153, 263
154, 263
156, 265
157, 265
158, 266
164, 266
165, 265
166, 265
174, 257
174, 256
177, 253
177, 252
179, 250
179, 249
181, 247
181, 246
183, 244
183, 243
185, 241
185, 240
186, 239
186, 238
187, 237
187, 236
188, 235
188, 234
189, 233
189, 232
190, 231
190, 230
191, 229
191, 228
192, 227
192, 225
193, 224
193, 223
194, 222
195, 223
195, 226
194, 227
194, 236
193, 237
193, 252
192, 253
192, 275
193, 276
194, 276
196, 274
196, 272
197, 271
197, 268
198, 267
198, 264
199, 263
199, 260
200, 259
200, 255
201, 254
201, 250
202, 249
202, 243
203, 242
203, 237
204, 236
204, 231
205, 230
205, 224
206, 223
206, 218
207, 217
207, 212
208, 211
208, 207
209, 206
209, 202
210, 201
210, 198
211, 197
211, 193
212, 192
212, 190
213, 189
213, 185
214, 184
214, 181
215, 180
215, 175
216, 174
216, 168
217, 167
217, 162
218, 161
220, 163
220, 166
221, 167
221, 173
222, 174
222, 185
223, 186
223, 198
224, 199
224, 208
225, 209
225, 227
226, 228
226, 239
227, 240
227, 245
228, 246
228, 247
229, 248
231, 248
232, 247
232, 246
234, 244
234, 243
235, 242
235, 241
236, 240
236, 239
238, 237
238, 236
239, 235
239, 234
240, 233
240, 232
242, 230
242, 229
243, 228
243, 227
244, 226
244, 225
245, 224
245, 223
246, 222
246, 221
247, 220
247, 219
248, 218
248, 217
249, 216
249, 215
250, 214
250, 213
251, 212
251, 211
252, 210
252, 209
253, 208
253, 207
254, 206
254, 204
255, 203
255, 202
256, 201
256, 200
257, 199
257, 198
258, 197
258, 195
259, 194
259, 193
260, 192
260, 190
261, 189
261, 187
262, 186
262, 185
263, 184
263, 182
264, 181
264, 179
265, 178
265, 176
266, 175
266, 173
267, 172
267, 170
268, 169
269, 170
269, 174
268, 175
268, 192
267, 193
267, 217
266, 218
266, 232
265, 233
265, 244
264, 245
264, 253
263, 254
263, 256
259, 260
259, 261
254, 266
254, 267
250, 271
250, 272
248, 274
248, 275
246, 277
246, 278
244, 280
244, 281
242, 283
242, 284
241, 285
241, 286
240, 287
240, 288
239, 289
239, 290
238, 291
238, 293
237, 294
237, 295
236, 296
236, 298
235, 299
235, 300
234, 301
234, 304
233, 305
233, 308
232, 309
232, 314
231, 315
231, 325
230, 326
230, 332
231, 333
231, 340
232, 341
232, 344
233, 345
233, 347
234, 348
234, 349
236, 351
236, 352
237, 353
238, 353
239, 354
245, 354
248, 351
248, 350
249, 349
249, 348
250, 347
250, 346
251, 345
251, 343
252, 342
252, 340
253, 339
253, 336
254, 335
254, 332
255, 331
255, 328
256, 327
256, 323
257, 322
257, 318
258, 317
258, 312
259, 311
259, 306
260, 305
260, 300
261, 299
261, 293
262, 292
262, 286
263, 285
263, 279
264, 278
264, 272
265, 271
265, 265
266, 264
266, 259
267, 258
267, 257
278, 246
279, 246
293, 232
294, 232
297, 229
298, 229
301, 226
302, 226
304, 224
305, 224
307, 222
308, 222
309, 221
310, 221
312, 219
313, 219
313, 216
310, 216
308, 218
307, 218
305, 220
304, 220
303, 221
302, 221
300, 223
299, 223
296, 226
295, 226
292, 229
291, 229
278, 242
277, 242
269, 250
268, 250
267, 249
268, 248
268, 238
269, 237
269, 225
270, 224
270, 205
271, 204
271, 179
272, 178
272, 171
273, 170
273, 163
274, 162
274, 155
275, 154
275, 147
276, 146
276, 136
277, 135
277, 125
278, 124
278, 121
276, 119
275, 119
274, 120
274, 122
273, 123
273, 129
272, 130
272, 136
271, 137
271, 141
270, 142
270, 146
269, 147
269, 150
268, 151
268, 154
267, 155
267, 158
266, 159
266, 162
265, 163
265, 166
264, 167
264, 170
263, 171
263, 173
262, 174
262, 176
261, 177
261, 179
260, 180
260, 182
259, 183
259, 185
258, 186
258, 187
257, 188
257, 190
256, 191
256, 192
255, 193
255, 195
254, 196
254, 197
253, 198
253, 199
252, 200
252, 202
251, 203
251, 204
250, 205
250, 206
249, 207
249, 208
248, 209
248, 211
247, 212
247, 213
246, 214
246, 215
245, 216
245, 217
243, 219
243, 220
242, 221
242, 222
241, 223
241, 224
240, 225
240, 226
239, 227
239, 228
238, 229
238, 230
236, 232
236, 233
235, 234
235, 235
234, 236
234, 237
231, 240
230, 239
230, 236
229, 235
229, 223
228, 222
228, 204
227, 203
227, 191
226, 190
226, 182
225, 181
225, 171
224, 170
224, 165
223, 164
223, 161
222, 160
222, 158
221, 157
221, 156
220, 155
217, 155
215, 157
215, 158
214, 159
214, 164
213, 165
213, 172
212, 173
212, 177
211, 178
211, 182
210, 183
210, 186
209, 187
209, 190
208, 191
208, 194
207, 195
207, 199
206, 200
206, 204
205, 205
205, 209
204, 210
204, 215
203, 216
203, 220
202, 221
202, 227
201, 228
201, 233
200, 234
200, 239
199, 240
199, 246
198, 247
198, 250
197, 251
196, 250
196, 243
197, 242
197, 231
198, 230
198, 221
199, 220
199, 213
200, 212
200, 206
201, 205
201, 199
202, 198
202, 192
203, 191
203, 185
204, 184
204, 176
205, 175
205, 169
204, 168
203, 168
202, 169
202, 170
201, 171
201, 177
200, 178
200, 181
199, 182
199, 187
198, 188
198, 190
197, 191
197, 194
196, 195
196, 197
195, 198
195, 201
194, 202
194, 206
193, 207
193, 212
192, 213
192, 216
191, 217
191, 219
190, 220
190, 222
189, 223
189, 225
188, 226
188, 227
187, 228
187, 230
186, 231
186, 232
185, 233
185, 234
184, 235
184, 236
182, 238
182, 239
180, 241
180, 242
178, 244
178, 245
177, 246
177, 247
175, 249
175, 250
171, 254
171, 255
164, 262
163, 262
162, 263
160, 263
159, 262
158, 262
156, 260
155, 260
152, 257
152, 256
150, 254
149, 254
147, 252
146, 252
145, 251
144, 251
143, 250
142, 250
140, 248
140, 245
141, 244
141, 242
142, 241
142, 238
143, 237
143, 236
144, 235
144, 233
145, 232
145, 230
146, 229
146, 226
147, 225
147, 222
148, 221
148, 218
149, 217
149, 214
150, 213
150, 210
151, 209
151, 206
152, 205
152, 201
153, 200
153, 196
154, 195
154, 190
155, 189
155, 173
154, 172
154, 170
153, 169
153, 167
148, 162
147, 162
146, 161
140, 161
139, 160
139, 153
140, 152
140, 139
141, 138
141, 115
140, 114
140, 111
139, 110
139, 109
138, 108
138, 107
137, 106
137, 105
136, 104
136, 103
133, 100
133, 99
130, 96
129, 96
128, 95
125, 95
123, 93
123, 91
124, 90
124, 89
125, 88
125, 82
126, 81
126, 79
127, 78
128, 78
129, 77
129, 74
130, 73
130, 70
131, 69
131, 67
132, 66
132, 65
133, 64
133, 62
134, 61
134, 59
135, 58
135, 57
136, 56
136, 54
137, 53
137, 52
138, 51
138, 49
139, 48
139, 47
140, 46
140, 44
141, 43
141, 28
140, 27
140, 25
139, 24
139, 21
138, 20
138, 19
137, 18
137, 17
136, 16
135, 16
134, 15
261, 264
262, 265
262, 268
261, 269
261, 275
260, 276
260, 282
259, 283
259, 288
258, 289
258, 296
257, 297
257, 302
256, 303
256, 309
255, 310
255, 314
254, 315
254, 319
253, 320
253, 324
252, 325
252, 329
251, 330
251, 333
250, 334
250, 337
249, 338
249, 340
248, 341
248, 343
247, 344
247, 346
245, 348
245, 349
243, 351
241, 351
237, 347
237, 346
236, 345
236, 343
235, 342
235, 338
234, 337
234, 318
235, 317
235, 311
236, 310
236, 307
237, 306
237, 303
238, 302
238, 301
239, 300
239, 298
240, 297
240, 296
241, 295
241, 293
242, 292
242, 291
243, 290
243, 289
244, 288
244, 287
245, 286
245, 285
247, 283
247, 282
248, 281
248, 280
251, 277
251, 276
253, 274
253, 273
257, 269
257, 268
77, 248
78, 249
78, 251
77, 252
77, 255
76, 256
76, 260
75, 261
75, 264
74, 265
74, 267
73, 268
73, 271
72, 272
72, 274
71, 275
71, 278
70, 279
70, 281
69, 282
69, 285
68, 286
68, 288
67, 289
67, 292
66, 293
66, 295
65, 296
65, 297
64, 298
64, 300
63, 301
63, 302
62, 303
62, 304
61, 305
60, 304
60, 301
59, 300
59, 278
60, 277
60, 272
61, 271
61, 270
62, 269
62, 268
63, 267
63, 266
64, 265
64, 264
65, 263
65, 262
67, 260
67, 259
69, 257
69, 256
100, 240
102, 240
108, 240
109, 241
111, 241
112, 242
112, 252
113, 253
113, 256
114, 257
114, 258
115, 258
116, 259
117, 258
117, 255
116, 254
116, 250
115, 249
115, 245
116, 244
119, 244
120, 245
121, 245
122, 246
123, 246
124, 247
125, 247
126, 248
128, 248
129, 249
130, 249
131, 250
133, 250
134, 251
133, 255
133, 258
132, 259
132, 261
131, 262
131, 264
130, 265
130, 266
129, 267
129, 269
128, 270
128, 272
127, 273
127, 275
126, 276
126, 278
125, 279
125, 281
124, 282
124, 283
123, 284
123, 286
122, 287
122, 289
121, 290
121, 292
120, 293
120, 295
119, 296
119, 298
118, 299
118, 300
117, 301
117, 303
116, 304
116, 306
115, 307
115, 309
114, 310
114, 311
113, 312
113, 313
112, 314
112, 316
111, 317
111, 318
110, 319
110, 320
109, 321
109, 322
108, 323
108, 324
107, 325
107, 326
105, 328
105, 329
97, 337
95, 337
94, 338
92, 337
88, 337
87, 336
85, 336
84, 335
82, 335
81, 334
80, 334
78, 332
77, 332
75, 330
74, 330
72, 328
72, 327
69, 324
69, 323
67, 321
67, 320
66, 319
66, 318
65, 317
65, 316
64, 315
64, 314
63, 313
63, 312
63, 310
63, 309
64, 308
64, 307
65, 306
65, 305
66, 304
66, 302
67, 301
67, 300
68, 299
68, 297
69, 296
69, 294
70, 293
70, 291
71, 290
71, 287
72, 286
72, 284
73, 283
73, 280
74, 279
74, 277
75, 276
75, 273
76, 272
76, 270
77, 269
77, 266
78, 265
78, 262
79, 261
79, 258
80, 257
80, 254
81, 253
81, 249
82, 248
82, 246
85, 243
86, 243
87, 242
88, 242
89, 241
93, 241
94, 240
111, 233
112, 237
110, 237
109, 237
108, 235
85, 232
86, 231
91, 236
91, 237
90, 238
88, 238
87, 239
85, 239
84, 238
84, 235
85, 234
114, 185
116, 186
116, 189
115, 190
115, 200
114, 201
114, 212
113, 213
112, 225
112, 226
105, 233
104, 233
102, 235
97, 235
96, 234
89, 229
89, 227
88, 226
88, 222
89, 221
89, 218
90, 217
91, 214
91, 213
92, 212
92, 211
93, 210
93, 209
94, 208
94, 207
96, 205
96, 204
100, 200
100, 199
131, 171
132, 171
133, 172
132, 173
132, 178
131, 179
131, 182
130, 183
130, 185
129, 186
129, 189
128, 190
128, 192
127, 193
127, 195
126, 196
126, 198
125, 199
125, 200
124, 201
124, 203
123, 204
123, 205
122, 206
122, 208
121, 209
121, 210
120, 211
120, 212
119, 213
119, 214
118, 215
117, 214
117, 205
118, 204
118, 193
119, 192
119, 183
120, 182
120, 180
123, 177
124, 177
127, 174
128, 174
139, 166
140, 165
146, 165
150, 169
150, 171
151, 172
151, 175
152, 176
152, 184
151, 185
151, 193
150, 194
150, 198
149, 199
149, 203
148, 204
148, 207
147, 208
147, 211
146, 212
146, 215
145, 216
145, 219
144, 220
144, 222
143, 223
143, 226
142, 227
142, 230
141, 231
141, 233
140, 234
140, 236
139, 237
139, 239
138, 240
138, 242
137, 243
137, 245
135, 247
133, 247
132, 246
130, 246
129, 245
128, 245
127, 244
126, 244
125, 243
124, 243
123, 242
122, 242
121, 241
119, 241
118, 240
117, 240
116, 239
116, 226
118, 224
118, 223
119, 222
119, 221
120, 220
120, 219
121, 218
121, 217
122, 216
122, 215
123, 214
123, 212
124, 211
124, 210
125, 209
125, 208
126, 207
126, 206
127, 205
127, 203
128, 202
128, 201
129, 200
129, 198
130, 197
130, 195
131, 194
131, 192
132, 191
132, 188
133, 187
133, 185
134, 184
134, 181
135, 180
135, 176
136, 175
136, 171
137, 170
137, 167
138, 166
97, 152
98, 151
104, 156
105, 156
107, 158
108, 158
109, 159
116, 159
117, 158
118, 163
117, 164
108, 186
107, 186
106, 187
106, 188
97, 197
97, 198
93, 202
93, 203
90, 204
90, 201
91, 200
91, 194
92, 193
92, 188
93, 187
93, 181
94, 180
94, 174
95, 173
95, 166
96, 165
96, 159
97, 158
116, 101
117, 100
119, 100
120, 101
120, 105
119, 106
119, 141
118, 142
118, 156
117, 157
115, 155
109, 155
107, 153
106, 153
102, 149
102, 148
99, 145
99, 136
100, 135
100, 129
101, 128
101, 122
102, 121
102, 117
103, 116
103, 115
104, 114
104, 113
106, 111
106, 110
108, 108
108, 107
111, 104
112, 104
115, 101
123, 99
124, 98
126, 98
133, 105
133, 106
135, 108
135, 110
136, 111
136, 112
137, 113
137, 116
138, 117
138, 128
137, 129
137, 148
136, 149
136, 157
135, 158
135, 162
134, 163
134, 164
131, 167
130, 167
126, 171
125, 171
122, 174
121, 174
120, 173
120, 168
121, 167
121, 152
122, 151
122, 115
123, 114
128, 60
130, 62
132, 19
133, 19
135, 21
135, 22
136, 23
136, 25
137, 26
137, 29
138, 30
138, 42
137, 43
137, 44
136, 45
136, 47
135, 48
135, 49
134, 50
134, 52
133, 53
133, 54
132, 55
132, 57
131, 58
131, 59
129, 54
126, 54
125, 55
125, 56
124, 57
124, 60
123, 61
123, 65
122, 66
122, 73
121, 74
121, 84
120, 85
120, 94
118, 96
117, 96
116, 97
115, 97
114, 98
113, 98
110, 101
109, 101
105, 105
104, 104
104, 100
105, 99
105, 94
106, 93
106, 88
107, 87
107, 83
108, 82
108, 78
109, 77
109, 74
110, 73
110, 71
111, 70
111, 67
112, 66
112, 64
113, 63
113, 61
114, 60
114, 57
115, 56
115, 54
116, 53
116, 52
117, 51
117, 49
118, 48
118, 46
119, 45
119, 43
120, 42
120, 41
121, 40
121, 39
122, 38
122, 36
123, 35
123, 34
124, 33
124, 32
125, 31
125, 30
126, 29
126, 27
128, 25
128, 24
129, 23
129, 22
