190, 2
192, 367
4, 369
2, 4
20, 15
19, 16
17, 16
11, 22
11, 24
10, 25
10, 26
9, 27
9, 31
8, 32
8, 54
9, 55
9, 62
10, 63
10, 68
11, 69
11, 73
12, 74
12, 78
13, 79
13, 82
14, 83
14, 86
15, 87
15, 90
16, 91
16, 94
17, 95
17, 98
18, 99
18, 101
19, 102
19, 104
20, 105
20, 107
21, 108
21, 110
22, 111
22, 113
23, 114
23, 115
25, 117
26, 117
27, 116
28, 116
28, 114
29, 113
29, 106
30, 105
30, 80
31, 79
31, 77
30, 76
28, 76
27, 77
27, 79
26, 80
26, 106
25, 107
24, 106
24, 105
23, 104
23, 102
22, 101
22, 99
21, 98
21, 95
20, 94
20, 91
19, 90
19, 88
18, 87
18, 84
17, 83
17, 79
16, 78
16, 75
15, 74
15, 70
14, 69
14, 64
13, 63
13, 57
12, 56
12, 31
13, 30
13, 27
14, 26
14, 25
16, 23
16, 22
18, 20
19, 20
20, 19
24, 19
25, 20
26, 20
32, 26
32, 27
33, 28
33, 29
35, 31
35, 32
36, 33
36, 34
37, 35
37, 36
38, 37
38, 39
39, 40
39, 41
40, 42
40, 44
41, 45
41, 47
42, 48
42, 49
43, 50
43, 53
44, 54
44, 56
45, 57
45, 59
46, 60
46, 62
47, 63
47, 66
48, 67
48, 69
49, 70
49, 73
50, 74
50, 76
51, 77
51, 80
52, 81
52, 83
53, 84
53, 87
54, 88
54, 91
55, 92
55, 95
56, 96
56, 100
55, 101
55, 102
53, 104
53, 105
52, 106
52, 108
51, 109
51, 119
52, 120
52, 121
53, 122
53, 124
54, 125
54, 126
55, 127
55, 128
56, 129
56, 130
58, 132
58, 133
59, 134
59, 135
60, 136
60, 137
62, 139
62, 140
64, 142
64, 143
66, 145
66, 146
68, 148
68, 149
69, 150
69, 151
70, 152
70, 155
71, 156
71, 159
72, 160
72, 163
73, 164
73, 168
74, 169
74, 176
75, 177
75, 182
76, 183
76, 187
77, 188
77, 192
78, 193
78, 195
79, 196
79, 198
80, 199
80, 201
81, 202
81, 204
82, 205
82, 207
83, 208
83, 210
84, 211
84, 214
85, 215
85, 218
86, 219
86, 223
87, 224
87, 227
88, 228
88, 231
89, 232
89, 235
90, 236
90, 239
91, 240
91, 244
92, 245
92, 248
93, 249
93, 252
94, 253
94, 256
95, 257
95, 260
96, 261
96, 264
97, 265
97, 268
98, 269
98, 272
99, 273
99, 276
100, 277
100, 280
101, 281
101, 284
102, 285
102, 288
103, 289
103, 292
104, 293
104, 296
105, 297
105, 300
106, 301
106, 304
107, 305
107, 308
108, 309
108, 312
109, 313
109, 315
110, 316
110, 319
111, 320
111, 323
112, 324
112, 326
113, 327
113, 330
114, 331
114, 333
115, 334
115, 336
116, 337
116, 339
117, 340
117, 342
118, 343
118, 344
119, 345
119, 347
120, 348
120, 349
121, 350
121, 351
124, 354
125, 354
126, 355
127, 355
128, 354
129, 354
129, 353
130, 352
130, 339
128, 337
126, 339
126, 348
125, 349
124, 348
124, 347
123, 346
123, 345
122, 344
122, 343
121, 342
121, 340
120, 339
120, 337
119, 336
119, 334
118, 333
118, 331
117, 330
117, 327
116, 326
116, 324
115, 323
115, 320
114, 319
114, 316
113, 315
113, 313
112, 312
112, 309
111, 308
111, 305
110, 304
110, 301
109, 300
109, 297
108, 296
108, 294
107, 293
107, 290
106, 289
106, 286
105, 285
105, 282
104, 281
104, 278
103, 277
103, 274
102, 273
102, 269
101, 268
101, 265
100, 264
100, 261
99, 260
99, 257
98, 256
98, 253
97, 252
97, 249
96, 248
96, 245
95, 244
95, 241
94, 240
94, 237
93, 236
93, 233
94, 232
96, 234
96, 235
97, 236
98, 236
99, 237
103, 237
104, 238
104, 239
105, 240
105, 244
106, 245
106, 249
107, 250
107, 254
108, 255
108, 258
109, 259
109, 263
110, 264
110, 268
111, 269
111, 273
112, 274
112, 278
113, 279
113, 282
114, 283
114, 287
115, 288
115, 292
116, 293
116, 297
117, 298
117, 302
118, 303
118, 307
119, 308
119, 311
120, 312
120, 317
121, 318
121, 323
122, 324
122, 335
124, 337
125, 336
126, 336
126, 334
127, 333
127, 331
126, 330
126, 322
125, 321
125, 316
124, 315
124, 311
123, 310
123, 306
122, 305
122, 301
121, 300
121, 297
120, 296
120, 292
119, 291
119, 287
118, 286
118, 282
117, 281
117, 277
116, 276
116, 273
115, 272
115, 268
114, 267
114, 263
113, 262
113, 258
112, 257
112, 253
111, 252
111, 248
110, 247
110, 244
109, 243
109, 239
108, 238
108, 234
107, 233
107, 229
106, 228
106, 204
105, 203
105, 196
104, 195
104, 189
103, 188
103, 184
102, 183
102, 179
101, 178
101, 176
102, 175
103, 175
104, 174
105, 174
111, 168
111, 167
112, 166
112, 165
113, 164
113, 162
115, 160
116, 161
117, 161
118, 162
121, 162
124, 159
124, 158
125, 157
125, 155
126, 154
126, 147
127, 146
127, 145
128, 144
129, 145
129, 146
130, 147
130, 149
131, 150
131, 151
132, 152
132, 153
133, 154
133, 156
134, 157
134, 158
135, 159
135, 161
136, 162
136, 163
137, 164
137, 166
138, 167
138, 168
139, 169
139, 171
140, 172
140, 173
141, 174
141, 176
142, 177
142, 178
143, 179
143, 181
144, 182
144, 183
145, 184
145, 186
146, 187
146, 188
147, 189
147, 191
148, 192
148, 194
149, 195
149, 196
150, 197
150, 199
151, 200
151, 202
152, 203
152, 205
153, 206
153, 207
154, 208
154, 210
155, 211
155, 213
156, 214
156, 216
157, 217
157, 219
158, 220
158, 221
159, 222
159, 224
160, 225
160, 227
161, 228
161, 230
162, 231
162, 233
163, 234
163, 236
164, 237
164, 239
165, 240
165, 242
166, 243
166, 245
167, 246
167, 248
168, 249
168, 251
169, 252
169, 253
170, 254
170, 256
171, 257
171, 258
174, 258
175, 257
175, 251
174, 250
174, 245
173, 244
173, 238
172, 237
172, 232
171, 231
171, 226
170, 225
170, 220
169, 219
169, 214
168, 213
168, 209
167, 208
167, 203
166, 202
166, 198
165, 197
165, 192
164, 191
164, 187
163, 186
163, 182
162, 181
162, 176
161, 175
161, 171
160, 170
160, 166
159, 165
159, 161
158, 160
158, 156
157, 155
157, 151
156, 150
156, 147
157, 146
158, 147
158, 148
159, 149
159, 151
160, 152
160, 153
161, 154
161, 156
162, 157
162, 158
163, 159
163, 161
164, 162
164, 163
165, 164
165, 165
166, 166
166, 168
167, 169
167, 170
168, 171
168, 173
169, 174
169, 175
170, 176
170, 177
171, 178
171, 180
172, 181
172, 182
173, 183
173, 185
174, 186
174, 187
175, 188
175, 189
176, 190
176, 192
177, 193
177, 194
178, 195
178, 196
179, 197
179, 199
180, 200
180, 201
181, 202
181, 203
183, 205
184, 205
185, 204
185, 200
184, 199
184, 198
183, 197
183, 196
182, 195
182, 194
181, 193
181, 191
180, 190
180, 189
179, 188
179, 187
178, 186
178, 184
177, 183
177, 182
176, 181
176, 179
175, 178
175, 177
174, 176
174, 175
173, 174
173, 172
172, 171
172, 170
171, 169
171, 167
170, 166
170, 165
169, 164
169, 162
168, 161
168, 160
167, 159
167, 158
166, 157
166, 155
165, 154
165, 153
164, 152
164, 150
163, 149
163, 148
162, 147
162, 145
161, 144
161, 143
160, 142
160, 140
159, 139
159, 138
158, 137
158, 135
157, 134
157, 132
156, 131
156, 130
155, 129
155, 127
154, 126
154, 125
153, 124
153, 122
152, 121
152, 120
151, 119
151, 117
150, 116
150, 114
149, 113
149, 111
148, 110
148, 107
147, 106
147, 102
146, 101
146, 97
145, 96
145, 93
144, 92
144, 88
143, 87
143, 83
142, 82
142, 79
141, 78
141, 74
140, 73
140, 70
139, 69
139, 66
138, 65
138, 62
137, 61
137, 57
136, 56
136, 53
135, 52
135, 49
134, 48
134, 46
133, 45
133, 42
132, 41
132, 39
131, 38
131, 37
130, 36
130, 35
129, 34
126, 34
125, 35
125, 37
124, 38
124, 43
125, 44
125, 50
126, 51
126, 55
127, 56
127, 60
128, 61
128, 64
129, 65
129, 68
130, 69
130, 71
131, 72
131, 75
132, 76
132, 78
133, 79
133, 81
134, 82
134, 84
135, 85
135, 87
136, 88
136, 91
137, 92
137, 93
138, 94
138, 96
139, 97
139, 99
140, 100
140, 102
141, 103
141, 104
142, 105
142, 107
143, 108
143, 110
144, 111
144, 113
145, 114
145, 117
146, 118
146, 122
147, 123
147, 127
148, 128
148, 131
149, 132
149, 136
150, 137
150, 141
151, 142
151, 146
152, 147
152, 151
153, 152
153, 156
154, 157
154, 161
155, 162
155, 167
156, 168
156, 172
157, 173
157, 177
158, 178
158, 182
159, 183
159, 187
160, 188
160, 192
161, 193
161, 198
162, 199
162, 204
163, 205
163, 209
164, 210
164, 215
165, 216
165, 220
166, 221
166, 226
165, 227
164, 226
164, 224
163, 223
163, 221
162, 220
162, 218
161, 217
161, 215
160, 214
160, 213
159, 212
159, 210
158, 209
158, 207
157, 206
157, 204
156, 203
156, 201
155, 200
155, 199
154, 198
154, 196
153, 195
153, 193
152, 192
152, 191
151, 190
151, 188
150, 187
150, 185
149, 184
149, 183
148, 182
148, 180
147, 179
147, 178
146, 177
146, 175
145, 174
145, 173
144, 172
144, 170
143, 169
143, 168
142, 167
142, 165
141, 164
141, 163
140, 162
140, 160
139, 159
139, 158
138, 157
138, 155
137, 154
137, 153
136, 152
136, 151
135, 150
135, 148
134, 147
134, 146
133, 145
133, 143
132, 142
132, 141
131, 140
131, 138
130, 137
130, 136
129, 135
129, 133
128, 132
128, 130
127, 129
127, 128
126, 127
126, 124
125, 123
125, 116
124, 115
124, 109
123, 108
123, 107
122, 106
120, 106
119, 107
119, 108
118, 109
118, 113
119, 114
119, 118
120, 119
120, 122
121, 123
121, 126
122, 127
122, 152
121, 153
121, 156
120, 157
118, 157
116, 155
116, 154
115, 153
116, 152
116, 138
115, 137
115, 130
114, 129
114, 125
113, 124
113, 122
112, 121
112, 118
111, 117
111, 115
110, 114
110, 113
109, 112
109, 110
108, 109
108, 108
106, 106
106, 105
102, 101
98, 101
97, 102
96, 101
96, 100
94, 98
94, 97
88, 91
87, 91
86, 90
85, 90
84, 89
81, 89
80, 88
76, 88
75, 87
75, 86
74, 85
74, 82
73, 81
73, 79
72, 78
72, 75
71, 74
71, 73
70, 72
70, 70
69, 69
69, 68
68, 67
68, 66
67, 65
67, 64
66, 63
65, 63
64, 62
61, 62
59, 64
59, 76
60, 77
60, 81
61, 82
61, 85
62, 86
62, 90
63, 91
63, 93
61, 95
60, 95
59, 94
59, 92
58, 91
58, 88
57, 87
57, 85
56, 84
56, 81
55, 80
55, 77
54, 76
54, 74
53, 73
53, 70
52, 69
52, 67
51, 66
51, 63
50, 62
50, 60
49, 59
49, 57
48, 56
48, 53
47, 52
47, 50
46, 49
46, 47
45, 46
45, 45
44, 44
44, 42
43, 41
43, 39
42, 38
42, 37
41, 36
41, 35
40, 34
40, 33
39, 32
39, 30
37, 28
37, 27
36, 26
36, 25
34, 23
34, 22
29, 17
28, 17
27, 16
26, 16
25, 15
77, 164
78, 163
79, 163
82, 166
83, 166
88, 171
89, 171
90, 172
90, 173
91, 174
91, 177
92, 178
92, 182
93, 183
93, 186
94, 187
94, 191
95, 192
95, 196
96, 197
96, 200
97, 201
97, 205
98, 206
98, 210
99, 211
99, 215
100, 216
100, 220
101, 221
101, 224
102, 225
102, 229
101, 230
101, 231
100, 232
98, 230
98, 229
96, 227
96, 226
95, 225
95, 224
94, 223
94, 222
93, 221
93, 220
92, 219
92, 218
91, 217
91, 216
90, 215
90, 214
89, 213
89, 212
88, 211
88, 209
87, 208
87, 206
86, 205
86, 203
85, 202
85, 199
84, 198
84, 194
83, 193
83, 190
82, 189
82, 186
81, 185
81, 182
80, 181
80, 177
79, 176
79, 173
78, 172
78, 166
77, 165
86, 156
87, 159
88, 160
88, 161
85, 162
82, 158
103, 144
105, 144
105, 145
106, 146
106, 147
107, 148
107, 149
109, 151
109, 152
110, 153
110, 154
111, 155
110, 157
110, 160
109, 161
109, 162
108, 163
108, 164
107, 165
107, 166
103, 170
102, 170
99, 169
99, 167
98, 166
98, 164
97, 163
98, 161
98, 160
99, 159
99, 158
100, 157
100, 155
101, 154
101, 152
102, 151
102, 146
103, 145
70, 135
72, 137
56, 108
57, 107
58, 107
59, 108
59, 110
60, 111
60, 114
61, 115
61, 118
62, 119
62, 122
63, 123
63, 126
64, 127
64, 130
65, 131
65, 133
64, 134
62, 132
62, 131
61, 130
61, 129
60, 128
60, 127
59, 126
59, 125
58, 124
58, 123
57, 122
57, 121
56, 120
56, 118
55, 117
55, 110
56, 109
99, 107
100, 106
101, 106
103, 108
103, 109
104, 110
104, 111
105, 112
105, 113
106, 114
106, 116
107, 117
107, 119
108, 120
108, 122
109, 123
109, 126
110, 127
110, 131
111, 132
111, 139
112, 140
112, 144
111, 145
109, 143
109, 142
108, 141
108, 140
107, 139
107, 138
106, 137
106, 136
105, 135
105, 133
104, 132
104, 131
103, 130
103, 126
102, 125
102, 119
101, 118
101, 114
100, 113
100, 110
99, 109
63, 99
64, 99
65, 100
65, 103
66, 104
66, 107
67, 108
67, 112
68, 113
68, 117
69, 118
69, 122
70, 123
70, 127
71, 128
70, 135
69, 134
69, 131
68, 130
68, 127
67, 126
67, 123
66, 122
66, 119
65, 118
65, 116
64, 115
64, 112
63, 111
63, 108
62, 107
62, 104
61, 103
61, 101
70, 94
72, 94
73, 95
73, 97
74, 98
74, 102
75, 103
75, 106
76, 107
76, 110
77, 111
77, 115
78, 116
78, 119
79, 120
79, 124
80, 125
80, 128
81, 129
81, 132
82, 133
82, 137
83, 138
83, 141
84, 142
84, 146
85, 147
85, 150
83, 152
82, 152
81, 153
80, 153
79, 154
78, 154
77, 153
77, 146
76, 145
76, 133
75, 132
75, 127
74, 126
74, 121
73, 120
73, 116
72, 115
72, 112
71, 111
71, 107
70, 106
70, 103
69, 102
69, 98
68, 97
68, 96
77, 94
78, 93
82, 93
83, 94
84, 94
85, 95
86, 95
90, 99
90, 100
92, 102
92, 103
93, 104
93, 105
94, 106
94, 108
95, 109
95, 117
96, 118
96, 122
97, 123
97, 125
98, 126
98, 129
99, 130
99, 144
98, 145
98, 149
97, 150
97, 153
96, 154
96, 155
94, 157
93, 156
93, 155
90, 152
90, 150
89, 149
89, 145
88, 144
88, 141
87, 140
87, 136
86, 135
86, 132
85, 131
85, 128
84, 127
84, 123
83, 122
83, 119
82, 118
82, 114
81, 113
81, 110
80, 109
80, 106
79, 105
79, 101
78, 100
78, 97
77, 96
63, 70
64, 69
65, 70
65, 71
66, 72
66, 73
67, 74
67, 76
68, 77
68, 79
69, 80
69, 82
70, 83
70, 86
71, 87
71, 89
70, 90
69, 90
68, 91
67, 90
67, 89
66, 88
66, 85
65, 84
65, 81
64, 80
64, 76
63, 75
