31, 371
33, 373
33, 375
35, 375
35, 373
37, 371
85, 371
87, 373
87, 375
89, 375
89, 373
91, 371
139, 371
141, 373
141, 375
143, 375
143, 373
145, 371
194, 371
196, 373
196, 375
198, 373
200, 371
204, 371
200, 2
202, 367
4, 369
2, 4
114, 16
112, 18
112, 19
111, 20
111, 21
110, 22
110, 24
109, 25
109, 26
108, 27
108, 30
107, 31
107, 33
106, 34
106, 36
105, 37
105, 40
104, 41
104, 44
103, 45
103, 47
102, 48
102, 51
101, 52
101, 55
100, 56
100, 59
99, 60
99, 63
98, 64
98, 67
97, 68
97, 71
96, 72
96, 76
95, 77
95, 80
94, 81
94, 84
93, 85
93, 88
92, 89
92, 93
91, 94
91, 97
90, 98
90, 101
89, 102
89, 106
88, 107
88, 110
87, 111
87, 114
86, 115
86, 118
85, 119
85, 123
84, 124
84, 127
83, 128
83, 131
82, 132
82, 136
81, 137
81, 140
80, 141
80, 144
79, 145
79, 149
78, 150
78, 153
77, 154
77, 157
76, 158
76, 162
75, 163
75, 166
74, 167
74, 170
73, 171
73, 174
72, 175
72, 179
71, 180
71, 183
70, 184
70, 187
69, 188
69, 192
68, 193
68, 196
67, 197
67, 200
66, 201
66, 205
65, 206
65, 209
64, 210
64, 213
63, 214
63, 218
62, 219
62, 222
61, 223
61, 226
60, 227
60, 228
58, 230
57, 230
53, 234
53, 235
51, 237
51, 239
50, 240
50, 244
49, 245
49, 249
50, 250
50, 256
51, 257
51, 259
52, 260
52, 262
51, 263
51, 266
50, 267
50, 269
49, 270
49, 273
48, 274
48, 277
47, 278
47, 280
46, 281
46, 284
45, 285
45, 288
44, 289
44, 291
43, 292
43, 294
42, 295
42, 298
41, 299
41, 301
40, 302
40, 305
39, 306
39, 308
38, 309
38, 311
37, 312
37, 314
36, 315
36, 317
35, 318
35, 320
34, 321
34, 323
33, 324
33, 326
32, 327
32, 328
31, 329
31, 331
30, 332
30, 333
29, 334
29, 335
28, 336
28, 338
27, 339
27, 340
25, 342
25, 343
24, 344
24, 345
22, 347
22, 348
21, 349
20, 349
18, 351
16, 351
14, 349
14, 347
13, 346
13, 343
12, 342
12, 321
13, 320
13, 312
14, 311
14, 304
15, 303
15, 298
16, 297
16, 292
17, 291
17, 287
18, 286
18, 282
19, 281
19, 277
20, 276
20, 272
21, 271
21, 268
22, 267
22, 264
23, 263
23, 260
24, 259
24, 256
25, 255
25, 252
26, 251
26, 248
27, 247
27, 246
28, 245
29, 246
29, 277
31, 279
32, 278
33, 278
33, 274
32, 273
32, 262
33, 261
33, 239
32, 238
32, 236
31, 235
29, 235
26, 238
26, 240
25, 241
25, 242
24, 243
24, 245
23, 246
23, 249
22, 250
22, 252
21, 253
21, 256
20, 257
20, 260
19, 261
19, 264
18, 265
18, 269
17, 270
17, 273
16, 274
16, 278
15, 279
15, 283
14, 284
14, 288
13, 289
13, 294
12, 295
12, 300
11, 301
11, 307
10, 308
10, 315
9, 316
9, 328
8, 329
8, 336
9, 337
9, 345
10, 346
10, 348
11, 349
11, 351
14, 354
15, 354
16, 355
18, 355
19, 354
20, 354
21, 353
22, 353
26, 349
26, 348
27, 347
27, 346
28, 345
28, 344
30, 342
30, 341
31, 340
31, 339
32, 338
32, 336
33, 335
33, 334
34, 333
34, 331
35, 330
35, 329
36, 328
36, 326
37, 325
37, 323
38, 322
38, 320
39, 319
39, 317
40, 316
40, 314
41, 313
41, 311
42, 310
42, 308
43, 307
43, 305
44, 304
44, 301
45, 300
45, 298
46, 297
46, 294
47, 293
47, 291
48, 290
48, 287
49, 286
49, 284
50, 283
50, 280
51, 279
51, 276
52, 275
52, 273
53, 272
53, 269
54, 268
55, 268
58, 271
58, 272
60, 274
60, 280
62, 280
64, 278
67, 278
68, 279
74, 279
75, 278
77, 278
79, 276
80, 276
83, 273
83, 272
86, 269
86, 268
87, 267
87, 266
88, 265
88, 263
89, 262
89, 261
90, 260
90, 258
91, 257
91, 254
92, 253
92, 249
93, 248
93, 241
94, 240
94, 225
93, 224
93, 219
96, 216
97, 216
99, 214
100, 214
102, 212
103, 212
104, 211
105, 211
107, 209
113, 209
115, 211
114, 212
114, 213
111, 216
111, 217
108, 220
108, 221
106, 223
106, 224
105, 225
105, 226
104, 227
104, 228
103, 229
103, 230
102, 231
102, 232
101, 233
101, 235
100, 236
100, 238
99, 239
99, 243
98, 244
98, 258
99, 259
100, 259
101, 260
102, 259
103, 259
105, 257
105, 256
106, 255
106, 254
107, 253
107, 252
108, 251
108, 249
109, 248
109, 247
110, 246
110, 244
111, 243
111, 241
112, 240
112, 239
113, 238
113, 236
114, 235
114, 233
115, 232
115, 230
116, 229
116, 226
117, 225
117, 222
118, 221
118, 219
119, 218
120, 219
120, 224
119, 225
119, 231
118, 232
118, 238
117, 239
117, 244
116, 245
116, 251
115, 252
115, 258
116, 258
117, 259
120, 256
120, 254
121, 253
121, 251
122, 250
122, 248
123, 247
123, 244
124, 243
124, 241
125, 240
125, 238
126, 237
126, 235
127, 234
127, 232
128, 231
128, 229
129, 228
129, 226
130, 225
130, 223
131, 222
131, 220
132, 219
132, 217
133, 216
133, 214
134, 213
134, 212
135, 211
135, 209
136, 208
136, 206
137, 205
137, 203
138, 202
138, 201
139, 200
139, 198
140, 197
140, 195
141, 194
141, 193
142, 192
142, 190
143, 189
143, 188
144, 187
144, 185
145, 184
145, 182
146, 181
146, 180
147, 179
147, 177
148, 176
148, 174
149, 173
149, 172
150, 171
150, 169
151, 168
151, 166
152, 165
152, 163
153, 162
153, 160
154, 159
154, 157
155, 156
155, 154
156, 153
156, 152
157, 151
157, 149
158, 148
158, 146
159, 145
159, 143
160, 142
160, 141
161, 140
162, 141
162, 145
161, 146
161, 151
160, 152
160, 156
159, 157
159, 161
158, 162
158, 167
157, 168
157, 172
156, 173
156, 177
155, 178
155, 182
154, 183
154, 187
153, 188
153, 192
152, 193
152, 197
151, 198
151, 201
150, 202
150, 206
149, 207
149, 211
148, 212
148, 216
147, 217
147, 220
146, 221
146, 225
145, 226
145, 230
144, 231
144, 235
143, 236
143, 239
142, 240
142, 244
141, 245
141, 249
140, 250
140, 254
139, 255
139, 258
138, 259
138, 263
137, 264
137, 268
136, 269
136, 273
135, 274
135, 278
134, 279
134, 283
133, 284
133, 288
132, 289
132, 292
131, 293
131, 295
130, 296
130, 298
129, 299
129, 301
128, 302
128, 304
127, 305
127, 307
126, 308
126, 310
125, 311
125, 313
124, 314
124, 317
123, 318
123, 322
122, 323
122, 327
121, 328
121, 336
122, 337
124, 337
124, 336
125, 335
125, 334
126, 333
126, 330
127, 329
127, 327
128, 326
128, 323
129, 322
129, 319
130, 318
130, 314
131, 313
131, 310
132, 309
132, 305
133, 304
133, 301
134, 300
134, 297
135, 296
135, 294
136, 293
136, 292
137, 291
137, 289
138, 288
138, 287
140, 285
140, 284
141, 283
141, 282
142, 281
142, 280
143, 279
143, 278
144, 277
144, 276
145, 275
145, 274
146, 273
146, 272
147, 271
147, 270
148, 269
148, 267
149, 266
149, 265
150, 264
150, 262
151, 261
151, 260
152, 259
152, 257
153, 256
153, 254
154, 253
154, 252
155, 251
155, 249
156, 248
156, 247
157, 246
157, 244
158, 243
158, 241
159, 240
159, 239
160, 238
160, 236
161, 235
161, 233
162, 232
162, 231
163, 230
163, 228
164, 227
164, 225
165, 224
165, 223
166, 222
166, 220
167, 219
167, 217
168, 216
168, 215
169, 214
169, 212
170, 211
170, 209
171, 208
171, 207
172, 206
172, 204
173, 203
173, 201
174, 200
174, 199
175, 198
175, 196
176, 195
176, 193
177, 192
177, 191
178, 190
178, 188
179, 187
179, 186
180, 185
180, 183
181, 182
181, 181
182, 180
182, 178
183, 177
183, 176
184, 175
184, 173
185, 172
185, 170
186, 169
186, 168
187, 167
187, 165
188, 164
188, 163
189, 162
189, 160
190, 159
190, 157
191, 156
191, 154
192, 153
192, 152
193, 151
193, 149
194, 148
194, 144
192, 144
191, 145
191, 146
190, 147
190, 149
189, 150
189, 151
188, 152
188, 154
187, 155
187, 157
186, 158
186, 160
185, 161
185, 162
184, 163
184, 165
183, 166
183, 167
182, 168
182, 170
181, 171
181, 173
180, 174
180, 175
179, 176
179, 178
178, 179
178, 180
177, 181
177, 183
176, 184
176, 185
175, 186
175, 188
174, 189
174, 190
173, 191
173, 193
172, 194
172, 196
171, 197
171, 198
170, 199
170, 201
169, 202
169, 204
168, 205
168, 206
167, 207
167, 209
166, 210
166, 212
165, 213
165, 214
164, 215
164, 217
163, 218
163, 220
162, 221
162, 222
161, 223
161, 225
160, 226
160, 228
159, 229
159, 230
158, 231
158, 233
157, 234
157, 236
156, 237
156, 239
155, 240
155, 241
154, 242
154, 244
153, 245
153, 246
152, 247
152, 249
151, 250
151, 251
150, 252
150, 254
149, 255
149, 257
148, 258
148, 259
147, 260
147, 262
146, 263
146, 264
145, 265
145, 267
144, 268
144, 269
143, 270
143, 271
142, 272
142, 273
141, 274
141, 275
140, 276
139, 275
139, 271
140, 270
140, 266
141, 265
141, 262
142, 261
142, 257
143, 256
143, 252
144, 251
144, 248
145, 247
145, 243
146, 242
146, 238
147, 237
147, 233
148, 232
148, 229
149, 228
149, 224
150, 223
150, 219
151, 218
151, 214
152, 213
152, 209
153, 208
153, 205
154, 204
154, 200
155, 199
155, 195
156, 194
156, 190
157, 189
157, 185
158, 184
158, 180
159, 179
159, 175
160, 174
160, 170
161, 169
161, 165
162, 164
162, 160
163, 159
163, 154
164, 153
164, 148
165, 147
165, 142
166, 141
166, 135
167, 134
167, 123
166, 122
164, 122
163, 123
163, 124
162, 125
162, 127
161, 128
161, 129
160, 130
160, 132
159, 133
159, 135
158, 136
158, 137
157, 138
157, 140
156, 141
156, 143
155, 144
155, 146
154, 147
154, 149
153, 150
153, 151
152, 152
152, 154
151, 155
151, 157
150, 158
150, 160
149, 161
149, 163
148, 164
148, 166
147, 167
147, 169
146, 170
146, 171
145, 172
145, 174
144, 175
144, 177
143, 178
143, 179
142, 180
142, 182
141, 183
141, 185
140, 186
140, 187
139, 188
139, 190
138, 191
138, 192
137, 193
137, 195
136, 196
136, 198
135, 199
135, 200
134, 201
134, 203
133, 204
133, 206
132, 207
132, 209
131, 210
131, 211
130, 212
130, 214
129, 215
129, 217
128, 218
128, 220
127, 221
127, 223
126, 224
126, 226
125, 227
125, 229
124, 230
124, 231
123, 232
122, 231
122, 228
123, 227
123, 211
121, 209
118, 209
115, 206
114, 206
113, 205
108, 205
107, 206
106, 206
105, 207
104, 207
103, 208
102, 208
101, 209
100, 209
97, 212
96, 212
95, 213
94, 213
93, 214
92, 214
90, 212
90, 211
89, 210
89, 209
88, 208
88, 207
89, 206
89, 205
90, 204
90, 202
91, 201
91, 200
92, 199
92, 197
93, 196
93, 193
94, 192
94, 190
95, 189
95, 186
96, 185
96, 180
97, 179
97, 164
96, 163
96, 161
95, 160
95, 159
94, 158
92, 158
91, 157
90, 157
89, 156
90, 155
90, 151
91, 150
91, 146
92, 145
92, 141
93, 140
93, 136
94, 135
94, 131
95, 130
95, 126
96, 125
96, 120
97, 119
97, 115
98, 114
98, 110
99, 109
99, 105
100, 104
100, 100
101, 99
101, 95
102, 94
102, 90
103, 89
103, 84
104, 83
104, 79
105, 78
105, 74
106, 73
106, 69
107, 68
107, 65
108, 64
108, 63
109, 62
109, 61
110, 60
110, 57
111, 56
111, 53
112, 52
112, 50
113, 49
113, 45
114, 44
114, 41
115, 40
115, 36
116, 35
116, 30
117, 29
117, 16
57, 236
58, 237
58, 238
57, 239
57, 242
56, 243
56, 246
55, 247
55, 249
54, 250
53, 249
53, 242
54, 241
54, 239
69, 229
70, 228
71, 228
72, 229
72, 233
71, 234
71, 237
70, 238
70, 242
69, 243
69, 247
68, 248
68, 252
67, 253
67, 256
63, 260
63, 265
62, 266
62, 268
61, 269
59, 267
59, 266
57, 264
57, 263
56, 262
56, 257
57, 256
57, 254
58, 253
58, 250
59, 249
59, 246
60, 245
60, 242
61, 241
61, 238
62, 237
62, 234
63, 233
63, 232
65, 230
66, 230
67, 229
87, 222
88, 221
90, 222
90, 245
89, 246
89, 250
88, 251
88, 254
87, 255
87, 258
86, 259
85, 262
85, 263
84, 264
84, 265
83, 266
83, 267
80, 270
80, 271
79, 272
78, 272
75, 275
73, 275
72, 276
70, 276
69, 275
65, 273
65, 272
66, 271
66, 269
67, 268
67, 264
68, 263
68, 260
69, 259
69, 256
70, 255
70, 251
71, 250
71, 246
72, 245
72, 241
73, 240
73, 236
74, 235
74, 231
75, 230
76, 226
77, 226
78, 225
80, 225
81, 224
83, 224
84, 223
85, 223
86, 222
113, 220
114, 221
114, 223
113, 224
113, 227
112, 228
112, 230
111, 231
111, 233
110, 234
110, 236
109, 237
109, 239
108, 240
108, 241
107, 242
107, 244
106, 245
106, 247
105, 248
105, 249
104, 250
104, 251
103, 252
103, 253
102, 254
101, 253
101, 247
102, 246
102, 241
103, 240
103, 238
104, 237
104, 235
105, 234
105, 233
106, 232
106, 230
108, 228
108, 227
109, 226
109, 225
111, 223
111, 222
86, 212
87, 213
87, 214
88, 215
88, 217
87, 218
86, 218
85, 219
84, 219
83, 220
82, 220
81, 221
79, 221
78, 222
77, 221
77, 220
79, 218
80, 218
67, 213
68, 212
69, 213
69, 214
70, 215
70, 216
74, 220
74, 222
72, 224
71, 224
70, 225
68, 225
67, 226
66, 226
65, 225
65, 221
66, 220
66, 217
67, 216
80, 207
83, 208
78, 213
78, 211
79, 210
76, 208
73, 214
83, 170
84, 171
84, 173
83, 174
83, 178
82, 179
82, 183
81, 184
81, 188
80, 189
80, 193
79, 194
79, 196
77, 198
76, 198
73, 201
72, 200
72, 195
73, 194
73, 190
74, 189
74, 186
75, 185
75, 183
76, 182
76, 181
77, 180
77, 179
78, 178
78, 177
79, 176
79, 175
80, 174
80, 173
90, 161
91, 161
93, 163
93, 166
94, 167
94, 176
93, 177
93, 182
92, 183
92, 187
91, 188
91, 190
90, 191
90, 194
89, 195
89, 197
88, 198
88, 199
87, 200
87, 202
85, 204
82, 204
80, 202
80, 201
81, 200
81, 196
82, 195
82, 191
83, 190
83, 186
84, 185
84, 181
85, 180
85, 176
86, 175
86, 171
87, 170
87, 166
88, 165
88, 163
102, 65
103, 64
104, 64
105, 65
105, 66
104, 67
104, 71
103, 72
103, 76
102, 77
102, 81
101, 82
101, 86
100, 87
100, 91
99, 92
99, 97
98, 98
98, 102
97, 103
97, 107
96, 108
96, 112
95, 113
95, 117
94, 118
94, 122
93, 123
93, 127
92, 128
92, 132
91, 133
91, 137
90, 138
90, 142
89, 143
89, 147
88, 148
88, 152
87, 153
87, 157
86, 158
86, 159
85, 160
85, 161
81, 165
81, 166
79, 168
78, 167
78, 165
79, 164
79, 161
80, 160
80, 157
81, 156
81, 152
82, 151
82, 148
83, 147
83, 144
84, 143
84, 139
85, 138
85, 135
86, 134
86, 131
87, 130
87, 126
88, 125
88, 122
89, 121
89, 118
90, 117
90, 113
91, 112
91, 109
92, 108
92, 105
93, 104
93, 101
94, 100
94, 96
95, 95
95, 92
96, 91
96, 88
97, 87
97, 83
98, 82
98, 79
99, 78
99, 75
100, 74
100, 71
101, 70
101, 67
102, 66
