166, 2
168, 367
4, 369
2, 4
113, 15
112, 16
112, 17
111, 18
111, 22
110, 23
110, 27
109, 28
109, 31
108, 32
108, 35
107, 36
107, 39
106, 40
106, 43
105, 44
105, 46
104, 47
104, 50
103, 51
103, 54
102, 55
102, 57
101, 58
101, 61
100, 62
100, 65
99, 66
99, 68
98, 69
98, 72
97, 73
97, 75
96, 76
96, 79
95, 80
95, 82
94, 83
94, 86
93, 87
93, 89
92, 90
92, 93
91, 94
91, 96
90, 97
90, 100
89, 101
89, 103
88, 104
88, 107
87, 108
87, 110
86, 111
86, 114
85, 115
85, 118
84, 119
84, 121
83, 122
83, 125
82, 126
82, 128
81, 129
81, 132
80, 133
80, 135
79, 136
79, 139
78, 140
78, 142
77, 143
77, 146
76, 147
76, 150
75, 151
75, 153
74, 154
74, 157
73, 158
73, 160
72, 161
72, 164
71, 165
71, 168
70, 169
70, 171
69, 172
69, 175
68, 176
68, 179
67, 180
67, 182
66, 183
66, 186
65, 187
65, 190
64, 191
64, 193
63, 194
63, 197
62, 198
62, 200
61, 201
61, 202
60, 203
60, 208
59, 209
59, 212
58, 213
58, 216
57, 217
57, 220
56, 221
56, 223
55, 224
55, 227
54, 228
54, 231
53, 232
53, 234
52, 235
52, 238
51, 239
51, 242
50, 243
50, 245
49, 246
49, 249
47, 251
47, 252
46, 253
46, 254
44, 256
44, 257
42, 259
42, 260
40, 262
40, 263
38, 265
38, 266
37, 267
37, 268
36, 269
36, 270
35, 271
35, 272
34, 273
34, 274
33, 275
33, 281
35, 283
36, 283
38, 285
38, 288
37, 289
37, 291
36, 292
36, 294
35, 295
35, 298
34, 299
34, 301
33, 302
33, 304
32, 305
32, 307
31, 308
31, 310
30, 311
30, 314
29, 315
29, 317
28, 318
28, 320
27, 321
27, 323
26, 324
26, 326
25, 327
25, 328
24, 329
24, 331
23, 332
23, 334
22, 335
22, 336
21, 337
21, 339
20, 340
20, 341
19, 342
19, 343
18, 344
18, 345
17, 346
17, 347
14, 350
13, 350
11, 348
11, 345
10, 344
10, 330
11, 329
11, 323
12, 322
12, 318
13, 317
13, 314
14, 313
14, 310
15, 309
15, 306
16, 305
16, 302
17, 301
17, 299
18, 298
18, 295
19, 294
19, 292
20, 291
20, 289
21, 288
21, 286
22, 285
22, 283
23, 282
23, 280
24, 279
24, 278
25, 277
25, 275
26, 274
26, 273
27, 272
27, 270
28, 269
28, 268
29, 267
29, 265
30, 264
30, 263
31, 262
31, 260
32, 259
32, 258
33, 257
33, 255
34, 254
34, 253
35, 252
35, 251
36, 250
36, 248
37, 247
37, 246
38, 245
38, 243
39, 242
39, 241
40, 240
40, 239
41, 238
41, 237
42, 236
42, 233
39, 233
38, 234
38, 235
37, 236
37, 237
36, 238
36, 239
35, 240
35, 241
34, 242
34, 244
33, 245
33, 246
32, 247
32, 249
31, 250
31, 251
30, 252
30, 253
29, 254
29, 256
28, 257
28, 258
27, 259
27, 261
26, 262
26, 263
25, 264
25, 266
24, 267
24, 268
23, 269
23, 271
22, 272
22, 273
21, 274
21, 276
20, 277
20, 279
19, 280
19, 281
18, 282
18, 284
17, 285
17, 287
16, 288
16, 290
15, 291
15, 294
14, 295
14, 297
13, 298
13, 300
12, 301
12, 304
11, 305
11, 308
10, 309
10, 313
9, 314
9, 317
8, 318
8, 322
7, 323
7, 329
6, 330
6, 344
7, 345
7, 349
8, 350
8, 351
12, 355
14, 355
15, 354
16, 354
20, 350
20, 349
21, 348
21, 347
22, 346
22, 345
23, 344
23, 343
24, 342
24, 341
25, 340
25, 338
26, 337
26, 336
27, 335
27, 333
28, 332
28, 330
29, 329
29, 327
30, 326
30, 324
31, 323
31, 322
32, 321
32, 318
33, 317
33, 315
34, 314
34, 312
35, 311
35, 309
36, 308
36, 306
37, 305
37, 303
38, 302
38, 299
39, 298
39, 296
40, 295
40, 293
41, 292
41, 289
42, 288
42, 287
44, 285
46, 285
47, 286
54, 286
55, 285
61, 285
62, 284
65, 284
66, 283
68, 283
69, 282
70, 282
71, 281
72, 281
77, 276
77, 275
80, 272
82, 274
84, 274
85, 273
86, 273
86, 272
88, 270
88, 269
89, 268
89, 266
90, 265
90, 263
91, 262
91, 260
92, 259
92, 257
93, 256
93, 253
94, 252
94, 249
95, 248
96, 249
96, 253
95, 254
95, 258
94, 259
94, 261
95, 262
95, 263
98, 263
101, 260
101, 259
102, 258
102, 257
103, 256
103, 255
104, 254
104, 253
105, 252
105, 251
106, 250
106, 249
107, 248
107, 247
108, 246
108, 245
109, 244
109, 243
110, 242
110, 241
111, 240
111, 239
112, 238
112, 236
113, 235
113, 234
114, 233
114, 231
115, 230
115, 229
116, 228
116, 226
117, 225
117, 224
118, 223
118, 221
119, 220
119, 218
120, 217
120, 216
121, 215
121, 213
122, 212
122, 210
123, 209
123, 207
124, 206
124, 205
125, 204
125, 202
126, 201
126, 199
127, 198
127, 196
128, 195
128, 193
129, 192
129, 191
130, 190
130, 188
131, 187
131, 185
132, 184
132, 182
133, 181
133, 179
134, 178
134, 176
135, 175
135, 173
136, 172
136, 170
137, 169
137, 167
138, 166
138, 164
139, 163
139, 161
140, 160
140, 158
141, 157
142, 162
141, 163
141, 166
140, 167
140, 170
139, 171
139, 174
138, 175
138, 179
137, 180
137, 183
136, 184
136, 187
135, 188
135, 191
134, 192
134, 196
133, 197
133, 200
132, 201
132, 204
131, 205
131, 208
130, 209
130, 212
129, 213
129, 217
128, 218
128, 221
127, 222
127, 225
126, 226
126, 229
125, 230
125, 232
124, 233
124, 236
123, 237
123, 240
122, 241
122, 244
121, 245
121, 248
120, 249
120, 251
119, 252
119, 254
118, 255
118, 257
117, 258
117, 260
116, 261
116, 263
115, 264
115, 266
114, 267
114, 269
113, 270
113, 272
112, 273
112, 275
111, 276
111, 278
110, 279
110, 281
109, 282
109, 284
108, 285
108, 288
107, 289
107, 291
106, 292
106, 294
105, 295
105, 298
104, 299
104, 301
103, 302
103, 305
102, 306
102, 309
101, 310
101, 313
100, 314
100, 317
99, 318
99, 323
98, 324
98, 330
100, 332
103, 332
104, 331
104, 330
105, 329
105, 327
106, 326
106, 324
107, 323
107, 320
108, 319
108, 316
109, 315
109, 312
110, 311
110, 308
111, 307
111, 305
112, 304
112, 301
113, 300
113, 297
114, 296
114, 293
115, 292
115, 289
116, 288
116, 286
117, 285
117, 282
118, 281
118, 278
119, 277
119, 274
120, 273
120, 270
121, 269
121, 267
122, 266
122, 263
123, 262
123, 259
124, 258
124, 256
125, 255
125, 252
126, 251
126, 250
127, 249
127, 247
128, 246
128, 244
129, 243
129, 241
130, 240
130, 239
131, 238
131, 236
132, 235
132, 233
133, 232
133, 231
134, 230
134, 228
135, 227
135, 226
136, 225
136, 223
137, 222
137, 221
138, 220
138, 219
139, 218
139, 216
140, 215
140, 214
141, 213
141, 209
140, 208
138, 208
137, 207
137, 203
138, 202
138, 199
139, 198
139, 194
140, 193
140, 190
141, 189
141, 186
142, 185
142, 182
143, 181
143, 178
144, 177
144, 173
145, 172
145, 169
146, 168
146, 165
147, 164
147, 161
148, 160
148, 156
149, 155
149, 152
150, 151
150, 148
151, 147
151, 144
152, 143
152, 139
153, 138
153, 135
154, 134
154, 131
155, 130
155, 126
156, 125
156, 122
157, 121
157, 118
158, 117
158, 113
159, 112
159, 109
160, 108
160, 105
161, 104
161, 100
162, 99
162, 95
163, 94
163, 89
164, 88
163, 87
163, 85
159, 85
158, 86
158, 88
157, 89
157, 92
156, 93
156, 95
155, 96
155, 98
154, 99
154, 101
153, 102
153, 104
152, 105
152, 107
151, 108
151, 110
150, 111
150, 113
149, 114
149, 116
148, 117
148, 119
147, 120
147, 122
146, 123
146, 125
145, 126
145, 128
144, 129
144, 131
143, 132
143, 134
142, 135
142, 137
141, 138
141, 140
140, 141
140, 143
139, 144
139, 146
138, 147
138, 149
137, 150
137, 152
136, 153
136, 155
135, 156
135, 158
134, 159
134, 161
133, 162
133, 164
132, 165
132, 167
131, 168
131, 170
130, 171
130, 173
129, 174
129, 176
128, 177
128, 179
127, 180
127, 182
126, 183
126, 185
125, 186
125, 188
124, 189
124, 190
123, 191
123, 193
122, 194
122, 196
121, 197
121, 199
120, 200
120, 202
119, 203
119, 204
118, 205
118, 207
117, 208
117, 210
116, 211
116, 213
115, 214
115, 215
114, 216
114, 218
113, 219
113, 221
112, 222
112, 223
111, 224
111, 226
110, 227
110, 228
109, 229
109, 231
108, 232
108, 233
107, 234
106, 229
107, 228
107, 225
108, 224
108, 221
109, 220
109, 215
110, 214
110, 204
108, 202
105, 202
101, 206
101, 207
100, 208
100, 209
99, 210
99, 211
97, 213
96, 213
95, 212
95, 211
92, 208
91, 208
90, 207
86, 207
85, 208
84, 207
84, 204
85, 203
85, 200
86, 199
86, 196
87, 195
87, 192
88, 191
88, 188
89, 187
89, 183
90, 182
90, 178
91, 177
91, 173
92, 172
92, 167
93, 166
93, 155
94, 154
94, 152
93, 151
93, 146
92, 145
92, 144
91, 143
89, 143
88, 142
88, 140
89, 139
89, 136
90, 135
90, 132
91, 131
91, 127
92, 126
92, 123
93, 122
93, 119
94, 118
94, 114
95, 113
95, 110
96, 109
96, 106
97, 105
97, 101
98, 100
98, 97
99, 96
99, 93
100, 92
100, 89
101, 88
101, 84
102, 83
102, 80
103, 79
103, 76
104, 75
104, 72
105, 71
105, 67
106, 66
106, 63
107, 62
107, 59
108, 58
108, 54
109, 53
109, 50
110, 49
110, 46
111, 45
111, 41
112, 40
112, 36
113, 35
113, 31
114, 30
114, 26
115, 25
115, 20
116, 19
116, 16
115, 15
39, 275
40, 278
39, 276
57, 247
58, 248
58, 251
57, 252
57, 255
56, 256
56, 260
55, 261
55, 265
54, 266
54, 269
53, 270
53, 273
52, 274
52, 277
51, 278
51, 279
50, 280
46, 280
45, 279
45, 276
46, 275
46, 272
47, 271
47, 269
48, 268
48, 265
49, 264
49, 262
50, 261
50, 258
51, 257
51, 256
52, 255
52, 254
53, 253
53, 252
55, 250
55, 249
107, 234
105, 235
59, 225
60, 224
62, 226
62, 227
63, 228
62, 229
62, 230
61, 231
61, 232
58, 235
57, 234
57, 232
58, 231
58, 229
59, 228
77, 223
78, 223
79, 224
79, 227
80, 228
80, 252
79, 253
79, 257
78, 258
78, 261
77, 262
77, 264
76, 265
76, 267
75, 268
75, 269
73, 271
73, 272
68, 277
67, 277
66, 278
64, 278
63, 279
60, 279
59, 280
57, 280
56, 279
56, 276
57, 275
57, 272
58, 271
58, 267
59, 266
59, 262
60, 261
60, 258
61, 257
61, 253
62, 252
62, 249
63, 248
63, 244
64, 243
64, 240
65, 239
65, 236
66, 235
66, 234
69, 231
69, 230
70, 229
71, 229
101, 218
103, 222
102, 223
102, 226
101, 227
101, 231
100, 232
100, 235
99, 236
99, 239
98, 240
98, 244
97, 245
97, 248
96, 249
95, 248
95, 244
96, 243
96, 238
97, 237
97, 229
98, 228
98, 225
99, 224
99, 223
100, 222
100, 220
101, 219
85, 214
86, 213
89, 213
91, 215
91, 217
92, 218
92, 226
91, 227
91, 229
90, 230
90, 231
89, 232
89, 234
88, 235
88, 236
87, 237
86, 236
86, 233
85, 232
85, 226
84, 225
84, 222
83, 221
83, 220
82, 219
82, 216
84, 214
66, 212
62, 216
143, 156
141, 157
87, 152
88, 153
88, 163
87, 164
87, 170
86, 171
86, 175
85, 176
85, 180
84, 181
84, 185
83, 186
83, 189
82, 190
82, 193
81, 194
81, 197
80, 198
80, 201
79, 202
79, 204
78, 205
78, 207
77, 208
77, 210
74, 213
72, 213
71, 212
71, 209
72, 208
72, 205
73, 204
73, 201
74, 200
74, 197
75, 196
75, 193
76, 192
76, 189
77, 188
77, 185
78, 184
78, 181
79, 180
79, 177
80, 176
80, 173
81, 172
81, 169
82, 168
82, 165
83, 164
83, 161
84, 160
84, 157
85, 156
85, 154
