4, 44
2, 46
0, 46
0, 48
2, 48
4, 50
4, 96
2, 98
0, 98
0, 100
2, 100
4, 102
4, 149
2, 151
0, 151
0, 153
2, 153
4, 155
4, 201
2, 203
0, 203
0, 205
2, 205
4, 207
4, 254
2, 256
0, 256
0, 258
2, 258
4, 260
4, 307
2, 309
0, 309
0, 311
2, 311
4, 313
4, 359
2, 361
0, 361
2, 363
4, 365
4, 371
140, 2
142, 367
8, 369
6, 4
85, 17
85, 19
84, 20
84, 22
83, 23
83, 25
82, 26
82, 28
81, 29
81, 32
80, 33
80, 35
79, 36
79, 39
78, 40
78, 42
77, 43
77, 46
76, 47
76, 50
77, 50
78, 49
78, 47
79, 46
79, 44
80, 43
80, 40
81, 39
81, 37
83, 40
82, 41
82, 45
81, 46
81, 49
80, 50
80, 54
79, 55
79, 58
78, 59
78, 63
77, 64
77, 68
76, 69
76, 72
75, 73
75, 78
74, 79
74, 83
73, 84
73, 88
72, 89
72, 93
71, 94
71, 98
70, 99
70, 103
69, 104
69, 109
68, 110
68, 114
67, 115
67, 119
66, 120
66, 125
65, 126
65, 130
64, 131
64, 136
63, 137
63, 141
62, 142
62, 146
61, 147
61, 152
60, 153
60, 157
59, 158
59, 162
58, 163
58, 168
57, 169
57, 173
56, 174
56, 178
55, 179
55, 183
54, 184
54, 188
53, 189
53, 194
52, 195
52, 199
51, 200
51, 204
50, 205
50, 209
49, 210
49, 214
48, 215
48, 219
47, 220
47, 223
46, 224
46, 228
45, 229
45, 233
44, 234
44, 237
43, 238
43, 242
41, 244
40, 244
34, 250
34, 251
33, 252
33, 253
32, 254
32, 256
31, 257
31, 271
32, 272
32, 274
33, 275
33, 276
34, 277
34, 281
33, 282
33, 285
32, 286
32, 288
31, 289
31, 292
30, 293
30, 295
29, 296
29, 298
28, 299
28, 301
27, 302
27, 304
26, 305
26, 306
25, 307
25, 309
24, 310
24, 311
23, 312
23, 313
22, 314
22, 315
21, 316
21, 317
19, 319
19, 320
16, 323
14, 323
13, 322
13, 320
12, 319
12, 310
13, 309
13, 302
14, 301
14, 296
15, 295
15, 290
16, 289
16, 285
17, 284
17, 280
18, 279
18, 276
19, 275
19, 272
20, 271
20, 268
21, 267
21, 264
22, 263
22, 261
23, 260
23, 258
24, 257
24, 255
25, 254
25, 252
26, 251
26, 250
29, 247
30, 247
30, 245
29, 244
25, 244
25, 245
24, 246
24, 247
23, 248
23, 249
22, 250
22, 252
21, 253
21, 255
20, 256
20, 258
19, 259
19, 262
18, 263
18, 265
17, 266
17, 269
16, 270
16, 273
15, 274
15, 277
14, 278
14, 282
13, 283
13, 287
12, 288
12, 293
11, 294
11, 299
10, 300
10, 307
9, 308
9, 321
10, 322
10, 324
13, 327
16, 327
17, 326
18, 326
22, 322
22, 321
23, 320
23, 319
25, 317
25, 315
26, 314
26, 313
27, 312
27, 311
28, 310
28, 309
29, 308
29, 306
30, 305
30, 303
31, 302
31, 300
32, 299
32, 297
33, 296
33, 294
34, 293
34, 291
35, 290
35, 287
36, 286
36, 284
38, 282
40, 284
41, 284
42, 285
43, 285
45, 287
45, 291
47, 291
48, 290
48, 288
50, 286
53, 286
54, 285
55, 285
56, 284
57, 284
59, 282
60, 282
62, 280
62, 279
65, 276
65, 275
67, 273
67, 272
68, 271
68, 270
69, 269
69, 268
70, 267
70, 265
71, 264
71, 262
72, 261
72, 259
73, 258
73, 254
74, 253
74, 245
75, 244
75, 235
74, 234
74, 231
81, 224
82, 225
82, 229
81, 230
81, 235
80, 236
80, 241
79, 242
79, 246
78, 247
78, 251
77, 252
77, 256
76, 257
76, 262
75, 263
75, 268
74, 269
74, 278
76, 278
77, 277
77, 273
78, 272
78, 267
79, 266
79, 261
80, 260
80, 255
81, 254
81, 250
82, 249
82, 245
83, 244
83, 242
84, 241
84, 238
85, 237
85, 234
86, 233
86, 231
87, 230
87, 228
88, 227
88, 224
89, 223
89, 221
90, 220
90, 219
91, 218
92, 219
92, 223
91, 224
91, 230
90, 231
90, 236
89, 237
89, 242
88, 243
88, 248
87, 249
87, 255
86, 256
86, 259
87, 260
88, 260
90, 258
90, 256
91, 255
91, 253
92, 252
92, 249
93, 248
93, 245
94, 244
94, 240
95, 239
95, 236
96, 235
96, 232
97, 231
97, 228
98, 227
98, 224
99, 223
99, 220
100, 219
100, 216
101, 215
101, 212
102, 211
102, 208
103, 207
103, 204
104, 203
104, 201
105, 200
105, 197
106, 196
106, 193
107, 192
107, 189
108, 188
108, 185
109, 184
109, 181
110, 180
110, 177
111, 176
111, 173
112, 172
112, 169
113, 168
113, 165
114, 164
114, 161
115, 160
115, 158
116, 157
117, 158
117, 162
116, 163
116, 168
115, 169
115, 174
114, 175
114, 180
113, 181
113, 186
112, 187
112, 192
111, 193
111, 198
110, 199
110, 203
109, 204
109, 209
108, 210
108, 215
107, 216
107, 220
106, 221
106, 225
105, 226
105, 231
104, 232
104, 236
103, 237
103, 242
102, 243
102, 247
101, 248
101, 252
100, 253
100, 257
99, 258
99, 262
98, 263
98, 266
97, 267
97, 271
96, 272
96, 276
95, 277
95, 281
94, 282
94, 285
93, 286
93, 290
92, 291
92, 293
91, 294
91, 297
90, 298
90, 301
89, 302
89, 304
88, 305
88, 308
87, 309
87, 311
86, 312
86, 315
85, 316
85, 319
84, 320
84, 322
83, 323
83, 326
82, 327
82, 330
81, 331
81, 334
80, 335
80, 338
79, 339
79, 343
78, 344
78, 348
77, 349
77, 353
78, 354
80, 354
81, 353
81, 351
82, 350
82, 348
83, 347
83, 344
84, 343
84, 340
85, 339
85, 336
86, 335
86, 332
87, 331
87, 328
88, 327
88, 323
89, 322
89, 319
90, 318
90, 314
91, 313
91, 310
92, 309
92, 305
93, 304
93, 301
94, 300
94, 297
95, 296
95, 293
96, 292
96, 289
97, 288
97, 285
98, 284
98, 282
99, 281
99, 279
100, 278
100, 275
101, 274
101, 272
102, 271
102, 269
103, 268
103, 265
104, 264
104, 262
105, 261
105, 259
106, 258
106, 256
107, 255
107, 253
108, 252
108, 249
109, 248
109, 246
110, 245
110, 243
111, 242
111, 240
112, 239
112, 237
113, 236
113, 234
114, 233
114, 231
115, 230
115, 227
116, 226
116, 224
117, 223
117, 221
118, 220
118, 218
119, 217
119, 215
120, 214
120, 212
121, 211
121, 209
122, 208
122, 205
123, 204
123, 202
124, 201
124, 199
125, 198
125, 196
126, 195
126, 193
127, 192
127, 190
128, 189
128, 187
129, 186
129, 184
130, 183
130, 181
131, 180
131, 178
132, 177
132, 175
133, 174
133, 172
134, 171
134, 169
135, 168
135, 165
136, 164
136, 162
137, 161
137, 159
138, 158
138, 157
137, 156
135, 156
135, 157
134, 158
134, 160
133, 161
133, 164
132, 165
132, 167
131, 168
131, 170
130, 171
130, 173
129, 174
129, 176
128, 177
128, 179
127, 180
127, 182
126, 183
126, 185
125, 186
125, 188
124, 189
124, 191
123, 192
123, 194
122, 195
122, 197
121, 198
121, 200
120, 201
120, 204
119, 205
119, 207
118, 208
118, 210
117, 211
117, 213
116, 214
116, 216
115, 217
115, 219
114, 220
114, 222
113, 223
113, 226
112, 227
112, 229
111, 230
111, 232
110, 233
110, 235
109, 236
109, 238
108, 239
108, 241
107, 242
106, 241
106, 238
107, 237
107, 233
108, 232
108, 227
109, 226
109, 222
110, 221
110, 216
111, 215
111, 211
112, 210
112, 205
113, 204
113, 199
114, 198
114, 193
115, 192
115, 188
116, 187
116, 182
117, 181
117, 176
118, 175
118, 170
119, 169
119, 164
120, 163
120, 158
121, 157
121, 152
122, 151
122, 146
123, 145
123, 138
124, 137
124, 131
125, 130
125, 115
122, 115
122, 117
121, 118
121, 122
120, 123
120, 126
119, 127
119, 131
118, 132
118, 135
117, 136
117, 139
116, 140
116, 144
115, 145
115, 148
114, 149
114, 152
113, 153
113, 156
112, 157
112, 160
111, 161
111, 164
110, 165
110, 168
109, 169
109, 171
108, 172
108, 175
107, 176
107, 179
106, 180
106, 183
105, 184
105, 187
104, 188
104, 191
103, 192
103, 195
102, 196
102, 199
101, 200
101, 203
100, 204
100, 206
99, 207
99, 210
98, 211
98, 214
97, 215
96, 214
96, 212
95, 211
95, 208
94, 207
92, 207
90, 209
90, 211
89, 212
89, 213
88, 214
88, 215
87, 216
86, 216
85, 215
83, 215
82, 216
82, 217
79, 220
79, 221
75, 225
74, 225
73, 224
73, 223
72, 222
72, 220
71, 219
71, 218
70, 217
70, 216
69, 215
69, 214
68, 213
68, 210
69, 209
69, 207
70, 206
70, 204
71, 203
71, 201
72, 200
72, 197
73, 196
73, 194
74, 193
74, 189
75, 188
75, 182
76, 181
76, 172
75, 171
75, 169
74, 168
74, 167
73, 167
71, 165
71, 162
72, 161
72, 155
73, 154
73, 148
74, 147
74, 140
75, 139
75, 132
76, 131
76, 124
77, 123
77, 116
78, 115
78, 108
79, 107
79, 100
80, 99
80, 91
81, 90
81, 83
82, 82
82, 74
83, 73
83, 67
84, 66
84, 61
85, 60
85, 57
86, 56
86, 52
87, 51
87, 48
88, 47
88, 44
89, 43
89, 39
90, 38
90, 33
91, 32
91, 27
92, 26
92, 23
91, 22
89, 22
88, 21
88, 17
39, 249
40, 249
41, 250
41, 251
40, 252
40, 256
39, 257
39, 260
38, 261
38, 264
37, 265
37, 269
35, 271
34, 270
34, 258
35, 257
35, 255
36, 254
36, 253
37, 252
37, 251
53, 242
54, 241
55, 241
56, 242
56, 245
55, 246
55, 250
54, 251
54, 255
53, 256
53, 260
52, 261
52, 264
51, 265
51, 269
50, 270
50, 273
49, 274
49, 277
48, 278
48, 280
47, 281
47, 282
46, 283
45, 283
44, 282
43, 282
41, 280
40, 280
39, 279
39, 278
38, 277
38, 275
39, 274
39, 271
40, 270
40, 267
41, 266
41, 263
42, 262
42, 259
43, 258
43, 254
44, 253
44, 249
45, 248
45, 246
47, 244
48, 244
49, 243
50, 243
51, 242
69, 234
70, 233
71, 234
71, 235
72, 236
72, 242
71, 243
71, 252
70, 253
70, 257
69, 258
69, 260
68, 261
68, 263
67, 264
67, 266
66, 267
66, 268
65, 269
65, 270
64, 271
64, 272
61, 275
61, 276
56, 281
55, 281
54, 282
53, 282
52, 283
50, 281
51, 280
51, 275
52, 274
52, 270
53, 269
53, 266
54, 265
54, 261
55, 260
55, 257
56, 256
56, 252
57, 251
57, 247
58, 246
58, 241
61, 238
62, 238
63, 237
64, 237
65, 236
66, 236
68, 234
52, 220
54, 222
55, 222
56, 223
58, 223
59, 224
59, 229
58, 230
58, 234
57, 235
57, 236
56, 237
55, 237
54, 238
53, 238
52, 239
50, 239
49, 240
48, 240
47, 239
47, 236
48, 235
48, 231
49, 230
49, 226
50, 225
50, 222
64, 218
65, 217
66, 217
68, 219
68, 220
69, 221
69, 222
70, 223
70, 227
71, 228
68, 231
67, 231
66, 232
65, 232
64, 233
63, 233
62, 234
61, 234
60, 233
60, 230
61, 229
61, 225
62, 224
62, 221
64, 219
58, 212
61, 213
60, 217
60, 218
58, 220
55, 218
57, 212
55, 197
56, 196
57, 197
57, 201
58, 202
58, 203
60, 205
61, 205
62, 206
62, 207
61, 208
58, 208
57, 209
56, 209
55, 210
54, 210
53, 209
53, 206
54, 205
54, 201
55, 200
65, 178
66, 177
67, 178
67, 180
66, 181
66, 187
65, 188
65, 193
64, 194
64, 199
63, 200
63, 202
62, 203
61, 202
61, 201
60, 200
60, 195
61, 194
61, 189
62, 188
62, 185
63, 184
63, 182
64, 181
64, 180
65, 179
70, 171
71, 170
73, 172
73, 180
72, 181
72, 187
71, 188
71, 192
70, 193
70, 196
69, 197
69, 199
68, 200
68, 202
67, 203
67, 204
66, 205
65, 204
65, 201
66, 200
66, 194
67, 193
67, 188
68, 187
68, 182
69, 181
69, 175
70, 174
76, 87
77, 86
78, 86
79, 87
79, 90
78, 91
78, 98
77, 99
77, 106
76, 107
76, 114
75, 115
75, 123
74, 124
74, 131
73, 132
73, 139
72, 140
72, 146
71, 147
71, 153
70, 154
70, 160
69, 161
69, 166
67, 168
67, 169
65, 171
65, 172
63, 174
63, 175
62, 176
62, 178
61, 179
61, 180
60, 181
59, 180
59, 176
60, 175
60, 171
61, 170
61, 165
62, 164
62, 160
63, 159
63, 155
64, 154
64, 149
65, 148
65, 144
66, 143
66, 139
67, 138
67, 133
68, 132
68, 128
69, 127
69, 122
70, 121
70, 117
71, 116
71, 112
72, 111
72, 106
73, 105
73, 101
74, 100
74, 96
75, 95
75, 91
76, 90
82, 33
84, 36
85, 31
