180, 2
182, 367
4, 369
2, 4
81, 245
79, 247
79, 248
76, 251
76, 253
77, 253
80, 250
81, 251
81, 255
82, 256
82, 265
83, 266
83, 272
84, 273
84, 276
86, 276
86, 274
85, 273
85, 267
84, 266
84, 258
83, 257
83, 247
82, 246
82, 245
100, 235
100, 236
99, 237
100, 238
100, 239
101, 240
101, 270
100, 271
100, 272
102, 274
104, 274
105, 273
105, 265
106, 264
106, 244
105, 243
105, 237
103, 235
45, 16
44, 17
43, 17
43, 18
42, 19
42, 20
41, 21
41, 22
40, 23
40, 24
39, 25
39, 27
38, 28
38, 31
37, 32
37, 34
36, 35
36, 37
35, 38
35, 41
34, 42
34, 45
33, 46
33, 50
32, 51
32, 54
31, 55
31, 59
30, 60
30, 65
29, 66
29, 72
28, 73
28, 80
27, 81
27, 89
26, 90
26, 101
25, 102
25, 119
24, 120
24, 140
23, 141
23, 150
24, 151
27, 151
28, 150
29, 150
32, 147
33, 147
44, 136
45, 136
47, 134
48, 134
49, 133
50, 133
51, 132
53, 132
54, 131
71, 131
72, 132
81, 132
82, 131
89, 131
90, 130
97, 130
98, 129
109, 129
110, 130
123, 130
124, 131
130, 131
131, 132
139, 132
140, 133
142, 133
143, 134
145, 134
146, 135
147, 135
148, 136
149, 136
151, 138
152, 138
154, 140
155, 140
160, 145
160, 146
163, 149
163, 150
164, 151
164, 152
166, 154
166, 156
167, 157
167, 158
168, 159
168, 161
169, 162
169, 165
170, 166
170, 169
171, 170
171, 174
172, 175
172, 183
173, 184
173, 208
172, 209
172, 216
171, 217
171, 222
170, 223
170, 227
169, 228
169, 231
168, 232
168, 235
167, 236
167, 239
166, 240
166, 243
165, 244
165, 246
164, 247
164, 250
163, 251
163, 253
162, 254
162, 256
161, 257
161, 259
160, 260
160, 263
159, 264
159, 265
158, 266
158, 268
157, 269
157, 271
156, 272
156, 273
155, 274
155, 276
154, 277
154, 279
153, 280
153, 281
152, 282
152, 283
151, 284
151, 285
150, 286
150, 287
149, 288
149, 289
148, 290
148, 291
147, 292
147, 293
146, 294
146, 295
145, 296
145, 297
143, 299
143, 300
142, 301
142, 302
141, 303
141, 304
139, 306
139, 307
138, 308
138, 309
136, 311
136, 312
134, 314
134, 315
133, 316
133, 317
130, 320
130, 321
128, 323
128, 324
126, 326
126, 327
123, 330
123, 331
114, 340
113, 340
111, 342
110, 342
109, 343
108, 343
107, 344
105, 344
104, 345
102, 345
101, 346
99, 346
98, 347
95, 347
94, 348
91, 348
90, 349
86, 349
85, 350
79, 350
78, 351
53, 351
52, 350
48, 350
47, 349
45, 349
44, 348
42, 348
41, 347
40, 347
39, 346
38, 346
37, 345
36, 345
34, 343
33, 343
25, 335
25, 334
22, 331
22, 330
20, 328
20, 327
19, 326
19, 325
18, 324
18, 323
17, 322
17, 320
16, 319
16, 318
15, 317
15, 315
14, 314
14, 312
13, 311
13, 308
12, 307
12, 303
11, 302
11, 296
10, 295
10, 274
11, 273
11, 268
12, 267
12, 264
13, 263
13, 260
14, 259
14, 257
15, 256
15, 254
16, 253
16, 252
17, 251
17, 250
18, 249
18, 248
19, 247
19, 246
20, 245
20, 244
21, 243
21, 242
23, 240
23, 239
27, 235
28, 235
29, 234
35, 234
38, 237
40, 237
40, 235
36, 231
29, 231
28, 232
27, 232
26, 233
25, 233
20, 238
20, 239
18, 241
18, 242
17, 243
17, 244
16, 245
16, 246
15, 247
15, 248
14, 249
14, 251
13, 252
13, 253
12, 254
12, 256
11, 257
11, 259
10, 260
10, 263
9, 264
9, 268
8, 269
8, 274
7, 275
7, 294
8, 295
8, 302
9, 303
9, 307
10, 308
10, 311
11, 312
11, 314
12, 315
12, 317
13, 318
13, 320
14, 321
14, 322
15, 323
15, 324
16, 325
16, 326
17, 327
17, 328
18, 329
18, 330
19, 331
19, 332
22, 335
22, 336
31, 345
32, 345
34, 347
35, 347
37, 349
38, 349
39, 350
41, 350
42, 351
44, 351
45, 352
47, 352
48, 353
53, 353
54, 354
76, 354
77, 353
84, 353
85, 352
90, 352
91, 351
94, 351
95, 350
98, 350
99, 349
101, 349
102, 348
104, 348
105, 347
107, 347
108, 346
109, 346
110, 345
111, 345
112, 344
113, 344
114, 343
115, 343
119, 339
120, 339
122, 337
122, 336
126, 332
126, 331
129, 328
129, 327
131, 325
131, 324
133, 322
133, 321
135, 319
135, 318
137, 316
137, 315
139, 313
139, 312
141, 310
141, 309
142, 308
142, 307
143, 306
143, 305
145, 303
145, 302
146, 301
146, 300
147, 299
147, 298
148, 297
148, 296
150, 294
150, 293
151, 292
151, 291
152, 290
152, 289
153, 288
153, 287
154, 286
154, 284
155, 283
155, 282
156, 281
156, 280
157, 279
157, 277
158, 276
158, 275
159, 274
159, 272
160, 271
160, 269
161, 268
161, 267
162, 266
162, 264
163, 263
163, 260
164, 259
164, 257
165, 256
165, 254
166, 253
166, 251
167, 250
167, 247
168, 246
168, 243
169, 242
169, 240
170, 239
170, 236
171, 235
171, 232
172, 231
172, 227
173, 226
173, 222
174, 221
174, 216
175, 215
175, 208
176, 207
176, 185
175, 184
175, 176
174, 175
174, 171
173, 170
173, 166
172, 165
172, 162
171, 161
171, 159
170, 158
170, 156
169, 155
169, 154
168, 153
168, 152
167, 151
167, 150
166, 149
166, 148
163, 145
163, 144
156, 137
155, 137
153, 135
152, 135
151, 134
150, 134
148, 132
146, 132
145, 131
143, 131
142, 130
139, 130
138, 129
130, 129
129, 128
123, 128
122, 127
108, 127
107, 126
100, 126
99, 127
91, 127
90, 128
83, 128
82, 129
70, 129
69, 128
54, 128
53, 129
51, 129
50, 130
48, 130
46, 132
45, 132
44, 133
43, 133
33, 143
32, 143
28, 147
27, 147
26, 146
26, 138
27, 137
27, 118
28, 117
28, 99
29, 98
29, 89
30, 88
30, 80
31, 79
31, 72
32, 71
32, 65
33, 64
33, 60
34, 59
34, 55
35, 54
35, 50
36, 49
36, 46
37, 45
37, 42
38, 41
38, 38
39, 37
39, 35
40, 34
40, 32
41, 31
41, 28
42, 27
42, 25
43, 24
43, 23
44, 22
44, 21
46, 19
47, 19
52, 24
52, 25
54, 27
54, 28
55, 29
55, 30
57, 32
57, 33
58, 34
58, 35
59, 36
59, 37
60, 38
60, 39
61, 40
61, 41
62, 42
62, 43
63, 44
63, 46
64, 47
64, 49
65, 50
65, 54
66, 55
66, 58
67, 59
67, 63
68, 64
68, 69
69, 70
69, 79
70, 80
70, 93
71, 94
71, 99
72, 100
72, 101
75, 101
76, 100
76, 99
77, 98
77, 97
78, 96
78, 94
79, 93
79, 83
80, 82
80, 58
81, 57
81, 43
82, 42
82, 33
83, 32
83, 28
84, 27
86, 29
86, 30
88, 32
88, 33
90, 35
90, 36
91, 37
91, 38
92, 39
92, 40
93, 41
93, 42
94, 43
94, 44
95, 45
95, 47
96, 48
96, 49
97, 50
97, 52
98, 53
98, 55
99, 56
99, 59
100, 60
100, 62
101, 63
101, 67
102, 68
102, 71
103, 72
103, 75
104, 76
104, 79
105, 80
105, 83
106, 84
106, 87
107, 88
107, 92
108, 93
108, 97
109, 98
109, 100
111, 102
112, 102
114, 100
114, 99
115, 98
115, 97
116, 96
116, 94
117, 93
117, 91
118, 90
118, 88
119, 87
119, 84
120, 83
120, 81
121, 80
121, 78
122, 77
122, 75
123, 74
123, 71
124, 70
124, 68
125, 67
125, 64
126, 63
126, 61
127, 60
127, 57
128, 56
128, 54
129, 53
129, 50
130, 49
130, 46
131, 45
131, 43
132, 42
132, 39
133, 38
133, 36
134, 35
134, 32
135, 31
135, 28
136, 27
136, 25
137, 24
137, 22
139, 20
141, 22
141, 23
142, 24
142, 26
143, 27
143, 29
144, 30
144, 33
145, 34
145, 36
146, 37
146, 41
147, 42
147, 46
148, 47
148, 52
149, 53
149, 58
150, 59
150, 65
151, 66
151, 71
152, 72
152, 78
153, 79
153, 84
154, 85
154, 89
155, 90
157, 90
158, 89
158, 87
159, 86
159, 83
158, 82
157, 82
156, 81
156, 80
155, 79
155, 73
154, 72
154, 67
153, 66
153, 60
152, 59
152, 53
151, 52
151, 47
150, 46
150, 42
149, 41
149, 37
148, 36
148, 34
147, 33
147, 30
146, 29
146, 27
145, 26
145, 24
144, 23
144, 22
143, 21
143, 20
142, 19
142, 18
141, 18
140, 17
137, 17
135, 19
135, 21
134, 22
134, 24
133, 25
133, 27
132, 28
132, 31
131, 32
131, 35
130, 36
130, 38
129, 39
129, 42
128, 43
128, 46
127, 47
127, 49
126, 50
126, 53
125, 54
125, 56
124, 57
124, 60
123, 61
123, 63
122, 64
122, 67
121, 68
121, 70
120, 71
120, 74
119, 75
119, 77
118, 78
118, 80
117, 81
117, 83
116, 84
116, 87
115, 88
115, 90
114, 91
114, 93
113, 94
113, 95
112, 96
111, 95
111, 94
110, 93
110, 88
109, 87
109, 84
108, 83
108, 80
107, 79
107, 76
106, 75
106, 72
105, 71
105, 68
104, 67
104, 64
103, 63
103, 60
102, 59
102, 56
101, 55
101, 53
100, 52
100, 50
99, 49
99, 47
98, 46
98, 45
97, 44
97, 42
96, 41
96, 40
95, 39
95, 38
94, 37
94, 36
93, 35
93, 34
91, 32
91, 31
89, 29
89, 28
87, 26
87, 25
86, 24
86, 23
85, 22
85, 21
84, 20
83, 20
81, 22
81, 25
80, 26
80, 33
79, 34
79, 44
78, 45
78, 60
77, 61
77, 84
76, 85
76, 93
75, 94
74, 94
73, 93
73, 82
72, 81
72, 71
71, 70
71, 65
70, 64
70, 59
69, 58
69, 55
68, 54
68, 51
67, 50
67, 47
66, 46
66, 44
65, 43
65, 42
64, 41
64, 39
63, 38
63, 37
62, 36
62, 35
60, 33
60, 32
59, 31
59, 30
58, 29
58, 28
56, 26
56, 25
54, 23
54, 22
48, 16
