182, 2
184, 367
4, 369
2, 4
38, 256
37, 257
37, 270
38, 271
38, 277
39, 278
39, 282
40, 283
40, 286
41, 287
41, 289
42, 290
42, 291
43, 292
43, 293
44, 294
44, 295
49, 300
52, 300
53, 299
53, 297
52, 296
52, 295
48, 291
48, 290
47, 289
47, 288
46, 287
46, 285
45, 284
45, 282
44, 281
44, 277
43, 276
43, 269
42, 268
42, 261
43, 260
42, 259
42, 257
41, 256
78, 242
75, 245
75, 246
74, 247
74, 248
73, 249
73, 250
72, 251
72, 253
71, 254
71, 256
70, 257
70, 260
69, 261
69, 265
68, 266
68, 269
67, 270
67, 273
66, 274
66, 277
65, 278
65, 281
64, 282
64, 285
63, 286
63, 291
62, 292
62, 293
63, 294
63, 295
68, 295
68, 293
69, 292
69, 287
70, 286
70, 283
71, 282
71, 278
72, 277
72, 274
73, 273
73, 270
74, 269
74, 266
75, 265
75, 262
76, 261
76, 258
77, 257
77, 255
78, 254
78, 253
79, 252
79, 251
80, 250
80, 249
81, 248
81, 247
82, 246
82, 244
80, 242
174, 16
164, 26
164, 27
159, 32
159, 33
154, 38
154, 39
150, 43
150, 44
146, 48
146, 49
141, 54
141, 55
134, 62
134, 63
130, 67
129, 67
125, 71
123, 71
122, 72
121, 72
120, 71
119, 71
116, 68
116, 67
115, 66
115, 64
114, 63
114, 58
113, 57
113, 55
114, 54
114, 42
113, 41
113, 40
110, 40
109, 41
109, 42
108, 43
108, 44
106, 46
106, 47
105, 48
105, 49
104, 50
104, 51
103, 52
103, 53
102, 54
102, 55
101, 56
101, 57
100, 58
100, 59
99, 60
99, 61
98, 62
98, 63
97, 64
97, 65
96, 66
96, 67
95, 68
95, 69
94, 70
94, 71
93, 72
93, 73
92, 74
92, 75
91, 76
91, 77
90, 78
90, 79
89, 80
89, 81
88, 82
88, 83
87, 84
87, 85
85, 87
85, 88
83, 90
83, 91
81, 93
81, 94
79, 96
78, 96
76, 94
76, 89
75, 88
75, 47
74, 46
74, 45
73, 44
71, 44
68, 47
68, 48
67, 49
67, 50
65, 52
65, 53
64, 54
64, 55
63, 56
63, 57
62, 58
62, 59
61, 60
61, 61
59, 63
59, 64
58, 65
58, 66
57, 67
57, 68
56, 69
56, 70
55, 71
55, 72
54, 73
54, 74
53, 75
53, 76
52, 77
52, 78
51, 79
51, 80
50, 81
50, 82
49, 83
49, 84
48, 85
48, 86
47, 87
47, 88
46, 89
46, 90
45, 91
45, 92
44, 93
44, 94
43, 95
43, 96
42, 97
42, 98
41, 99
41, 100
40, 101
40, 102
39, 103
39, 104
38, 105
38, 106
37, 107
37, 108
36, 109
36, 110
35, 111
35, 112
34, 113
34, 114
33, 115
33, 117
32, 118
32, 119
31, 120
31, 121
30, 122
30, 123
29, 124
29, 126
28, 127
28, 128
27, 129
27, 130
26, 131
26, 133
25, 134
25, 135
24, 136
24, 137
23, 138
23, 139
22, 140
22, 142
21, 143
21, 144
20, 145
20, 147
19, 148
19, 149
18, 150
18, 152
17, 153
17, 155
16, 156
16, 159
15, 160
15, 167
16, 168
20, 168
22, 166
23, 166
25, 164
26, 164
33, 157
34, 157
39, 152
40, 152
42, 150
43, 150
44, 149
45, 149
46, 148
47, 148
48, 147
49, 147
50, 146
52, 146
53, 145
64, 145
65, 146
68, 146
69, 147
70, 147
71, 148
72, 148
73, 149
74, 149
82, 157
82, 158
84, 160
84, 161
86, 163
86, 164
87, 165
87, 166
89, 168
89, 169
90, 170
90, 171
91, 172
91, 173
92, 174
92, 175
93, 176
93, 177
94, 178
94, 179
95, 180
95, 181
96, 182
96, 184
97, 185
97, 186
98, 187
98, 189
99, 190
99, 192
100, 193
100, 194
101, 195
101, 198
102, 199
102, 201
103, 202
103, 204
104, 205
104, 208
105, 209
105, 213
106, 214
106, 217
107, 218
107, 223
108, 224
108, 231
109, 232
109, 254
108, 255
108, 262
107, 263
107, 268
106, 269
106, 273
105, 274
105, 277
104, 278
104, 280
103, 281
103, 284
102, 285
102, 287
101, 288
101, 290
100, 291
100, 292
99, 293
99, 295
98, 296
98, 297
97, 298
97, 300
96, 301
96, 302
95, 303
95, 304
94, 305
94, 307
93, 308
93, 309
92, 310
92, 311
90, 313
90, 314
89, 315
89, 316
88, 317
88, 318
86, 320
86, 321
85, 322
85, 323
83, 325
83, 326
80, 329
80, 330
77, 333
77, 334
67, 344
66, 344
64, 346
63, 346
62, 347
61, 347
60, 348
59, 348
58, 349
57, 349
56, 350
53, 350
52, 351
42, 351
41, 350
39, 350
38, 349
37, 349
36, 348
35, 348
33, 346
32, 346
30, 344
29, 344
22, 337
22, 336
20, 334
20, 333
18, 331
18, 330
17, 329
17, 328
16, 327
16, 325
15, 324
15, 322
14, 321
14, 319
13, 318
13, 314
12, 313
12, 309
11, 308
11, 299
10, 298
10, 286
11, 285
11, 277
12, 276
12, 270
13, 269
13, 265
14, 264
14, 261
15, 260
15, 258
16, 257
16, 255
17, 254
17, 252
18, 251
18, 249
19, 248
19, 247
20, 246
20, 245
21, 244
21, 242
22, 241
22, 240
23, 239
23, 238
24, 237
24, 236
25, 235
25, 234
26, 233
26, 231
27, 230
27, 229
28, 228
28, 227
29, 226
29, 225
31, 223
31, 222
32, 221
32, 220
33, 219
33, 218
35, 216
35, 215
37, 213
37, 212
39, 210
39, 209
42, 206
42, 205
45, 202
45, 201
55, 191
56, 191
57, 190
63, 190
68, 195
68, 196
69, 197
69, 199
70, 200
72, 200
72, 196
71, 195
71, 194
70, 193
70, 192
67, 189
66, 189
65, 188
64, 188
63, 187
56, 187
55, 188
54, 188
52, 190
51, 190
44, 197
44, 198
41, 201
41, 202
38, 205
38, 206
35, 209
35, 210
33, 212
33, 213
31, 215
31, 216
30, 217
30, 218
29, 219
29, 220
28, 221
28, 222
26, 224
26, 225
25, 226
25, 227
24, 228
24, 230
23, 231
23, 232
22, 233
22, 234
21, 235
21, 236
20, 237
20, 238
19, 239
19, 240
18, 241
18, 243
17, 244
17, 245
16, 246
16, 248
15, 249
15, 250
14, 251
14, 253
13, 254
13, 256
12, 257
12, 260
11, 261
11, 263
10, 264
10, 268
9, 269
9, 275
8, 276
8, 284
7, 285
7, 299
8, 300
8, 308
9, 309
9, 314
10, 315
10, 318
11, 319
11, 322
12, 323
12, 325
13, 326
13, 327
14, 328
14, 330
15, 331
15, 332
17, 334
17, 335
18, 336
18, 337
23, 342
23, 343
25, 345
26, 345
29, 348
30, 348
32, 350
33, 350
34, 351
35, 351
36, 352
37, 352
38, 353
40, 353
41, 354
53, 354
54, 353
57, 353
58, 352
59, 352
60, 351
61, 351
62, 350
63, 350
64, 349
65, 349
67, 347
68, 347
70, 345
71, 345
76, 340
76, 339
81, 334
81, 333
84, 330
84, 329
86, 327
86, 326
88, 324
88, 323
90, 321
90, 320
91, 319
91, 318
92, 317
92, 316
93, 315
93, 314
95, 312
95, 311
96, 310
96, 309
97, 308
97, 306
98, 305
98, 304
99, 303
99, 302
100, 301
100, 299
101, 298
101, 297
102, 296
102, 294
103, 293
103, 291
104, 290
104, 289
105, 288
105, 286
106, 285
106, 282
107, 281
107, 278
108, 277
108, 274
109, 273
109, 269
110, 268
110, 264
111, 263
111, 255
112, 254
112, 232
111, 231
111, 223
110, 222
110, 218
109, 217
109, 213
108, 212
108, 209
107, 208
107, 205
106, 204
106, 201
105, 200
105, 198
104, 197
104, 195
103, 194
103, 192
102, 191
102, 189
101, 188
101, 186
100, 185
100, 184
99, 183
99, 181
98, 180
98, 179
97, 178
97, 177
96, 176
96, 175
95, 174
95, 173
94, 172
94, 171
93, 170
93, 169
92, 168
92, 167
91, 166
91, 165
89, 163
89, 162
88, 161
88, 160
86, 158
86, 157
83, 154
83, 153
78, 148
77, 148
75, 146
74, 146
73, 145
72, 145
71, 144
70, 144
69, 143
66, 143
65, 142
53, 142
52, 143
50, 143
49, 144
47, 144
46, 145
45, 145
44, 146
43, 146
42, 147
41, 147
39, 149
38, 149
36, 151
35, 151
27, 159
26, 159
22, 163
21, 163
20, 164
19, 164
18, 163
18, 160
19, 159
19, 157
20, 156
20, 154
21, 153
21, 151
22, 150
22, 149
23, 148
23, 146
24, 145
24, 144
25, 143
25, 141
26, 140
26, 139
27, 138
27, 137
28, 136
28, 134
29, 133
29, 132
30, 131
30, 130
31, 129
31, 128
32, 127
32, 125
33, 124
33, 123
34, 122
34, 121
35, 120
35, 119
36, 118
36, 116
37, 115
37, 114
38, 113
38, 112
39, 111
39, 110
40, 109
40, 108
41, 107
41, 106
42, 105
42, 104
43, 103
43, 102
44, 101
44, 100
45, 99
45, 98
46, 97
46, 96
47, 95
47, 94
48, 93
48, 92
49, 91
49, 90
50, 89
50, 88
51, 87
51, 86
52, 85
52, 84
53, 83
53, 82
54, 81
54, 80
55, 79
55, 78
56, 77
56, 76
57, 75
57, 74
58, 73
58, 72
59, 71
59, 70
60, 69
60, 68
61, 67
61, 66
62, 65
62, 64
64, 62
64, 61
65, 60
65, 59
66, 58
66, 57
67, 56
67, 55
69, 53
69, 52
71, 50
72, 51
72, 88
73, 89
73, 94
74, 95
74, 97
76, 99
80, 99
81, 98
82, 98
82, 97
85, 94
85, 93
87, 91
87, 90
88, 89
88, 88
90, 86
90, 85
91, 84
91, 83
92, 82
92, 81
93, 80
93, 79
94, 78
94, 77
95, 76
95, 75
96, 74
96, 73
97, 72
97, 71
98, 70
98, 69
99, 68
99, 67
100, 66
100, 65
101, 64
101, 63
102, 62
102, 61
103, 60
103, 59
104, 58
104, 57
105, 56
105, 55
106, 54
106, 53
107, 52
107, 51
108, 50
108, 49
109, 48
110, 48
111, 49
111, 52
110, 53
110, 58
111, 59
111, 64
112, 65
112, 67
113, 68
113, 69
114, 70
114, 71
116, 73
117, 73
118, 74
119, 74
120, 75
123, 75
124, 74
126, 74
128, 72
129, 72
141, 60
141, 59
146, 54
146, 53
150, 49
150, 48
155, 43
155, 42
159, 38
159, 37
163, 33
163, 32
170, 25
170, 24
173, 21
174, 22
174, 25
173, 26
173, 29
172, 30
172, 32
171, 33
171, 36
170, 37
170, 38
169, 39
169, 41
168, 42
168, 44
167, 45
167, 47
166, 48
166, 50
165, 51
165, 52
164, 53
164, 55
163, 56
163, 58
162, 59
162, 60
161, 61
161, 63
160, 64
160, 66
159, 67
159, 69
158, 70
158, 71
157, 72
157, 74
156, 75
156, 77
155, 78
155, 80
154, 81
154, 84
153, 85
153, 87
152, 88
152, 91
151, 92
151, 94
150, 95
150, 99
149, 100
149, 104
148, 105
148, 107
147, 108
147, 110
146, 111
146, 115
145, 116
145, 118
146, 119
148, 119
148, 117
149, 116
149, 112
150, 111
150, 109
151, 108
151, 105
152, 104
152, 101
153, 100
153, 96
154, 95
154, 92
155, 91
155, 89
156, 88
156, 86
157, 85
157, 82
158, 81
158, 79
159, 78
159, 76
160, 75
160, 73
161, 72
161, 70
162, 69
162, 68
163, 67
163, 65
164, 64
164, 62
165, 61
165, 60
166, 59
166, 57
167, 56
167, 54
168, 53
168, 52
169, 51
169, 49
170, 48
170, 46
171, 45
171, 43
172, 42
172, 40
173, 39
173, 37
174, 36
174, 34
175, 33
175, 31
176, 30
176, 27
177, 26
177, 21
178, 20
178, 19
177, 18
177, 17
176, 16
