4, 2
380, 4
378, 369
2, 367
67, 15
66, 16
63, 16
61, 18
60, 18
57, 21
56, 21
54, 23
54, 24
50, 28
50, 29
48, 31
48, 32
46, 34
46, 35
45, 36
45, 37
44, 38
44, 39
43, 40
43, 41
42, 42
42, 43
41, 44
41, 45
40, 46
40, 48
39, 49
39, 51
38, 52
38, 54
37, 55
37, 57
36, 58
36, 60
35, 61
35, 63
34, 64
34, 66
33, 67
33, 70
32, 71
32, 73
31, 74
31, 77
30, 78
30, 81
29, 82
29, 85
28, 86
28, 88
27, 89
27, 91
26, 92
26, 94
25, 95
25, 98
24, 99
24, 101
23, 102
23, 106
22, 107
22, 110
21, 111
21, 116
20, 117
20, 142
19, 143
19, 154
18, 155
18, 166
17, 167
17, 190
16, 191
16, 242
17, 243
17, 250
18, 251
18, 253
19, 254
19, 255
21, 257
25, 257
26, 256
26, 255
25, 254
23, 254
22, 253
22, 252
21, 251
21, 248
20, 247
20, 236
19, 235
19, 200
20, 199
20, 176
21, 175
21, 160
22, 159
22, 156
23, 155
24, 156
24, 157
25, 158
25, 159
26, 160
26, 162
27, 163
27, 164
29, 166
29, 167
31, 169
31, 170
36, 175
37, 175
39, 177
40, 177
41, 178
42, 178
43, 179
45, 179
46, 180
56, 180
57, 179
58, 179
59, 178
60, 178
63, 175
64, 175
65, 174
65, 173
68, 170
68, 169
70, 167
70, 166
71, 165
71, 164
73, 162
73, 161
74, 160
74, 159
75, 158
75, 157
77, 155
77, 154
78, 153
78, 152
79, 151
79, 150
80, 149
80, 147
81, 146
81, 145
82, 144
82, 143
83, 142
83, 141
84, 140
84, 139
85, 138
85, 136
86, 135
86, 133
87, 132
87, 131
88, 130
88, 128
89, 127
89, 124
90, 123
90, 121
91, 120
91, 118
92, 117
93, 118
93, 119
94, 120
94, 127
93, 128
93, 137
92, 138
92, 142
91, 143
91, 147
90, 148
90, 151
89, 152
89, 155
88, 156
88, 159
87, 160
87, 164
86, 165
86, 168
85, 169
85, 173
84, 174
84, 178
83, 179
83, 184
82, 185
82, 190
81, 191
81, 197
80, 198
80, 208
79, 209
79, 222
80, 223
80, 231
81, 232
81, 236
82, 237
82, 240
83, 241
83, 244
84, 245
84, 247
85, 248
85, 250
86, 251
86, 252
87, 253
87, 254
88, 255
88, 256
89, 257
89, 258
91, 260
91, 261
97, 267
97, 270
96, 271
96, 272
95, 273
95, 274
94, 275
94, 276
92, 278
92, 280
91, 281
91, 282
90, 283
90, 285
89, 286
89, 287
88, 288
88, 291
87, 292
87, 295
86, 296
86, 310
87, 311
87, 314
88, 315
88, 316
89, 317
89, 318
90, 319
90, 320
91, 321
91, 322
94, 325
94, 326
96, 328
97, 328
101, 332
102, 332
105, 335
106, 335
108, 337
109, 337
110, 338
111, 338
113, 340
114, 340
115, 341
116, 341
118, 343
119, 343
120, 344
121, 344
122, 345
123, 345
124, 346
125, 346
126, 347
128, 347
129, 348
130, 348
131, 349
133, 349
134, 350
136, 350
137, 351
139, 351
140, 352
143, 352
144, 353
147, 353
148, 354
160, 354
161, 355
162, 355
163, 354
171, 354
172, 353
178, 353
179, 352
182, 352
183, 351
186, 351
187, 350
190, 350
191, 349
193, 349
194, 348
196, 348
197, 347
199, 347
200, 346
202, 346
203, 345
205, 345
206, 344
207, 344
208, 343
210, 343
211, 342
212, 342
213, 341
214, 341
215, 340
216, 340
217, 339
218, 339
219, 338
220, 338
221, 337
223, 337
224, 336
225, 336
226, 335
227, 335
229, 333
230, 333
231, 332
232, 332
233, 331
234, 331
235, 330
236, 330
238, 328
239, 328
240, 327
241, 327
243, 325
244, 325
245, 324
246, 324
248, 322
249, 322
251, 320
252, 320
254, 318
255, 318
256, 317
257, 317
261, 321
262, 321
264, 323
265, 323
266, 324
268, 324
269, 325
279, 325
280, 324
282, 324
283, 323
284, 323
285, 322
286, 322
288, 320
289, 320
298, 311
298, 310
300, 308
300, 307
302, 305
302, 304
304, 302
304, 301
305, 300
305, 299
306, 298
306, 297
307, 296
307, 294
308, 293
308, 292
309, 291
309, 289
310, 288
310, 287
311, 286
311, 283
312, 282
312, 280
313, 279
313, 276
314, 275
314, 272
315, 271
315, 268
316, 267
316, 264
317, 263
317, 262
318, 261
318, 260
319, 259
319, 258
320, 257
320, 256
321, 255
321, 252
322, 251
322, 242
321, 241
321, 240
320, 239
320, 226
321, 225
321, 203
322, 202
322, 197
321, 196
320, 196
319, 197
319, 198
318, 199
318, 202
317, 203
317, 205
314, 208
314, 210
313, 211
313, 212
311, 214
311, 215
308, 218
308, 219
300, 227
299, 227
297, 229
296, 229
295, 230
293, 230
292, 231
291, 231
290, 232
288, 232
287, 233
285, 233
284, 234
280, 234
279, 235
262, 235
261, 234
259, 234
258, 233
257, 233
256, 232
255, 232
251, 228
251, 227
249, 225
249, 224
247, 222
247, 220
246, 219
246, 218
245, 217
245, 215
244, 214
244, 212
243, 211
243, 209
242, 208
242, 205
241, 204
241, 201
240, 200
240, 197
241, 196
241, 195
244, 192
244, 191
247, 188
247, 187
250, 184
250, 183
252, 181
252, 180
255, 177
255, 176
258, 173
258, 172
260, 170
260, 169
262, 167
262, 166
264, 164
264, 163
267, 160
267, 159
269, 157
269, 156
272, 153
273, 153
274, 152
275, 152
276, 151
277, 151
278, 150
279, 150
280, 149
281, 149
283, 147
284, 147
285, 146
286, 146
288, 144
289, 144
290, 143
291, 143
293, 141
294, 141
295, 140
296, 140
298, 138
299, 138
300, 137
301, 137
302, 136
303, 136
305, 134
306, 134
307, 133
308, 133
309, 132
310, 132
311, 131
312, 131
314, 129
315, 129
316, 128
317, 128
318, 127
319, 127
320, 126
321, 126
322, 125
323, 125
325, 123
326, 123
327, 122
328, 122
329, 121
330, 121
332, 119
333, 119
334, 118
335, 118
337, 116
338, 116
339, 115
340, 115
342, 113
343, 113
344, 112
345, 112
347, 110
348, 110
349, 109
350, 109
352, 107
353, 107
355, 105
356, 105
358, 103
359, 103
361, 101
362, 101
364, 99
365, 99
365, 97
364, 96
363, 96
362, 97
361, 97
360, 98
359, 98
357, 100
356, 100
354, 102
353, 102
351, 104
350, 104
348, 106
347, 106
345, 108
344, 108
343, 109
342, 109
340, 111
339, 111
338, 112
337, 112
335, 114
334, 114
333, 115
332, 115
331, 116
330, 116
328, 118
327, 118
326, 119
325, 119
323, 121
322, 121
321, 122
320, 122
319, 123
318, 123
317, 124
316, 124
315, 125
314, 125
312, 127
311, 127
310, 128
309, 128
308, 129
307, 129
306, 130
305, 130
304, 131
303, 131
301, 133
300, 133
299, 134
298, 134
296, 136
295, 136
294, 137
293, 137
291, 139
290, 139
289, 140
288, 140
286, 142
285, 142
284, 143
283, 143
282, 144
281, 144
279, 146
278, 146
277, 145
277, 144
278, 143
278, 142
280, 140
280, 139
282, 137
282, 136
283, 135
283, 134
284, 133
284, 132
285, 131
285, 130
286, 129
286, 128
287, 127
287, 126
288, 125
288, 124
289, 123
289, 122
290, 121
290, 120
291, 119
291, 117
292, 116
292, 115
293, 114
293, 111
294, 110
294, 107
295, 106
295, 93
294, 92
294, 89
293, 88
293, 87
292, 86
292, 85
291, 84
291, 83
289, 81
289, 80
286, 77
285, 77
284, 76
283, 76
282, 75
280, 75
279, 74
276, 74
275, 75
272, 75
271, 76
270, 76
269, 77
268, 77
257, 88
257, 89
253, 93
253, 94
251, 96
251, 97
249, 99
249, 100
248, 101
248, 102
247, 103
247, 104
246, 105
246, 106
245, 107
245, 108
244, 109
244, 111
243, 112
243, 115
242, 116
242, 119
241, 120
241, 124
240, 125
240, 128
239, 129
239, 132
238, 133
238, 138
237, 139
237, 144
236, 145
236, 150
235, 151
235, 158
234, 159
234, 168
231, 171
230, 171
229, 172
228, 172
227, 173
226, 173
224, 175
223, 175
222, 176
221, 176
220, 177
219, 177
218, 178
217, 178
216, 179
215, 179
214, 180
213, 180
212, 181
211, 181
209, 183
208, 183
207, 184
206, 184
205, 185
204, 185
202, 187
201, 187
200, 188
199, 188
198, 189
197, 189
195, 191
193, 191
192, 190
192, 189
191, 188
191, 187
188, 184
181, 184
180, 185
179, 185
173, 191
173, 192
171, 194
171, 195
169, 197
169, 198
168, 199
168, 200
167, 201
167, 202
166, 203
166, 204
165, 205
165, 206
164, 207
164, 209
161, 212
160, 212
158, 214
157, 214
155, 216
154, 216
152, 218
151, 218
149, 220
148, 220
146, 222
145, 222
142, 225
141, 225
139, 227
138, 227
134, 231
133, 231
129, 235
128, 235
121, 242
120, 242
110, 252
110, 253
103, 260
103, 261
100, 264
99, 264
94, 259
94, 258
92, 256
92, 255
91, 254
91, 253
90, 252
90, 251
89, 250
89, 249
88, 248
88, 246
87, 245
87, 243
86, 242
86, 239
85, 238
85, 235
84, 234
84, 229
83, 228
83, 201
84, 200
84, 194
85, 193
85, 187
86, 186
86, 181
87, 180
87, 176
88, 175
88, 171
89, 170
89, 167
90, 166
90, 163
91, 162
91, 158
92, 157
92, 154
93, 153
93, 150
94, 149
94, 145
95, 144
95, 140
96, 139
96, 134
97, 133
97, 114
96, 113
96, 105
95, 104
95, 99
96, 98
96, 92
97, 91
97, 70
96, 69
96, 64
95, 63
95, 59
94, 58
94, 54
93, 53
93, 50
92, 49
92, 46
91, 45
91, 43
90, 42
90, 40
89, 39
89, 38
88, 37
88, 35
87, 34
87, 33
86, 32
86, 30
84, 28
84, 27
83, 26
83, 25
81, 23
81, 22
77, 18
76, 18
75, 17
74, 17
73, 16
71, 16
70, 15
310, 277
309, 278
309, 281
308, 282
308, 284
307, 285
307, 287
306, 288
306, 289
305, 290
305, 292
304, 293
304, 294
303, 295
303, 296
302, 297
302, 298
301, 299
301, 300
299, 302
299, 303
297, 305
297, 306
295, 308
295, 309
287, 317
286, 317
284, 319
283, 319
282, 320
281, 320
280, 321
278, 321
277, 322
271, 322
270, 321
268, 321
267, 320
266, 320
264, 318
263, 318
260, 315
263, 312
264, 312
266, 310
267, 310
269, 308
270, 308
274, 304
275, 304
278, 301
279, 301
284, 296
285, 296
291, 290
292, 290
312, 244
313, 243
315, 243
316, 244
316, 247
315, 248
315, 254
314, 255
314, 259
313, 260
313, 262
311, 264
311, 265
305, 271
305, 272
292, 285
291, 285
283, 293
282, 293
277, 298
276, 298
273, 301
272, 301
268, 305
267, 305
265, 307
264, 307
262, 309
261, 309
259, 311
258, 311
257, 310
257, 309
256, 308
256, 302
257, 301
257, 298
258, 297
258, 295
259, 294
259, 292
260, 291
260, 290
261, 289
261, 287
262, 286
262, 285
263, 284
263, 283
265, 281
265, 280
266, 279
266, 278
268, 276
268, 275
272, 271
272, 270
280, 262
281, 262
285, 258
286, 258
288, 256
289, 256
291, 254
292, 254
293, 253
294, 253
296, 251
297, 251
298, 250
299, 250
300, 249
301, 249
303, 247
304, 247
305, 246
307, 246
308, 245
309, 245
310, 244
158, 218
159, 217
160, 217
161, 218
161, 235
162, 236
162, 240
159, 243
159, 244
145, 258
144, 258
140, 262
139, 262
137, 264
136, 264
134, 266
133, 266
132, 267
131, 267
130, 268
129, 268
128, 269
127, 269
126, 270
124, 270
123, 271
120, 271
119, 272
112, 272
111, 271
109, 271
108, 270
107, 270
106, 269
105, 269
103, 267
104, 266
104, 265
106, 263
106, 262
114, 254
114, 253
120, 247
121, 247
130, 238
131, 238
135, 234
136, 234
140, 230
141, 230
143, 228
144, 228
147, 225
148, 225
150, 223
151, 223
153, 221
154, 221
157, 218
236, 202
237, 202
238, 203
238, 206
239, 207
239, 209
240, 210
240, 213
241, 214
241, 216
242, 217
242, 219
243, 220
243, 221
244, 222
244, 223
245, 224
245, 225
246, 226
246, 227
248, 229
248, 230
253, 235
254, 235
255, 236
256, 236
257, 237
259, 237
260, 238
270, 238
271, 239
273, 239
274, 238
282, 238
283, 237
286, 237
287, 236
289, 236
290, 235
292, 235
293, 234
294, 234
295, 233
296, 233
297, 232
298, 232
299, 231
300, 231
302, 229
303, 229
311, 221
311, 220
313, 218
313, 217
316, 214
317, 215
317, 233
316, 234
316, 238
315, 239
314, 239
313, 240
311, 240
310, 241
308, 241
307, 242
306, 242
305, 243
304, 243
303, 244
302, 244
301, 245
300, 245
299, 246
298, 246
297, 247
296, 247
294, 249
293, 249
292, 250
291, 250
289, 252
288, 252
287, 253
286, 253
283, 256
282, 256
279, 259
278, 259
269, 268
269, 269
265, 273
265, 274
263, 276
263, 277
262, 278
262, 279
261, 280
261, 281
260, 282
260, 283
259, 284
259, 285
258, 286
258, 287
257, 288
257, 289
256, 290
256, 292
255, 293
255, 295
254, 296
254, 298
253, 299
253, 310
254, 311
254, 314
252, 316
251, 316
249, 318
248, 318
247, 319
246, 319
244, 321
243, 321
242, 322
241, 322
239, 324
238, 324
237, 325
236, 325
234, 327
233, 327
232, 328
231, 328
230, 329
229, 329
227, 331
226, 331
225, 332
224, 332
223, 333
222, 333
221, 334
220, 334
219, 335
218, 335
217, 336
216, 336
215, 337
214, 337
213, 338
211, 338
210, 339
209, 339
208, 340
206, 340
205, 341
204, 341
203, 342
201, 342
200, 343
198, 343
197, 344
195, 344
194, 345
192, 345
191, 346
189, 346
188, 347
185, 347
184, 348
181, 348
180, 349
176, 349
175, 350
169, 350
168, 351
151, 351
150, 350
146, 350
145, 349
142, 349
141, 348
138, 348
137, 347
136, 347
135, 346
133, 346
132, 345
131, 345
130, 344
128, 344
127, 343
126, 343
125, 342
124, 342
123, 341
122, 341
121, 340
120, 340
119, 339
118, 339
116, 337
115, 337
114, 336
113, 336
111, 334
110, 334
108, 332
107, 332
105, 330
104, 330
94, 320
94, 319
92, 317
92, 315
91, 314
91, 313
90, 312
90, 308
89, 307
89, 298
90, 297
90, 294
91, 293
91, 290
92, 289
92, 287
93, 286
93, 285
94, 284
94, 282
95, 281
95, 280
96, 279
96, 278
98, 276
98, 275
99, 274
99, 273
101, 271
102, 271
103, 272
104, 272
105, 273
106, 273
107, 274
109, 274
110, 275
121, 275
122, 274
125, 274
126, 273
127, 273
128, 272
130, 272
131, 271
132, 271
133, 270
134, 270
136, 268
137, 268
138, 267
139, 267
142, 264
143, 264
146, 261
147, 261
162, 246
163, 247
163, 251
164, 252
164, 254
165, 255
165, 256
168, 259
169, 259
170, 260
178, 260
179, 259
181, 259
182, 258
183, 258
184, 257
185, 257
186, 256
187, 256
189, 254
190, 254
193, 251
194, 251
203, 242
203, 241
212, 232
212, 231
217, 226
217, 225
222, 220
222, 219
226, 215
226, 214
230, 210
230, 209
234, 205
234, 204
187, 199
188, 200
188, 202
187, 203
187, 204
186, 205
186, 206
184, 208
184, 209
183, 210
183, 211
182, 212
182, 213
180, 215
180, 216
178, 218
178, 219
175, 222
175, 223
173, 225
173, 226
170, 229
170, 230
166, 234
165, 233
165, 230
164, 229
164, 221
165, 220
165, 215
166, 214
166, 213
169, 210
170, 210
172, 208
173, 208
174, 207
175, 207
177, 205
178, 205
179, 204
180, 204
182, 202
183, 202
184, 201
185, 201
182, 188
183, 187
186, 187
188, 189
188, 190
189, 191
189, 194
188, 195
187, 195
186, 196
185, 196
183, 198
182, 198
181, 199
180, 199
178, 201
177, 201
176, 202
175, 202
173, 204
172, 204
171, 205
170, 204
170, 203
171, 202
171, 201
172, 200
172, 199
173, 198
173, 197
175, 195
175, 194
181, 188
231, 175
232, 174
234, 176
234, 186
235, 187
235, 192
236, 193
236, 196
234, 198
234, 199
231, 202
231, 203
227, 207
227, 208
223, 212
223, 213
219, 217
219, 218
214, 223
214, 224
208, 230
208, 231
197, 242
197, 243
193, 247
192, 247
188, 251
187, 251
185, 253
184, 253
183, 254
182, 254
181, 255
180, 255
179, 256
177, 256
176, 257
172, 257
171, 256
170, 256
168, 254
168, 253
167, 252
167, 249
166, 248
166, 240
170, 236
170, 235
173, 232
173, 231
176, 228
176, 227
178, 225
178, 224
180, 222
180, 221
182, 219
182, 218
184, 216
184, 215
186, 213
186, 212
187, 211
187, 210
189, 208
189, 207
190, 206
190, 205
191, 204
191, 203
192, 202
192, 200
193, 199
193, 196
194, 195
195, 195
197, 193
198, 193
199, 192
200, 192
201, 191
202, 191
204, 189
205, 189
206, 188
207, 188
208, 187
209, 187
210, 186
211, 186
213, 184
214, 184
215, 183
216, 183
217, 182
218, 182
219, 181
220, 181
221, 180
222, 180
224, 178
225, 178
226, 177
227, 177
228, 176
229, 176
230, 175
260, 160
261, 159
262, 160
262, 161
259, 164
259, 165
257, 167
257, 168
255, 170
255, 171
252, 174
252, 175
250, 177
250, 178
247, 181
247, 182
244, 185
244, 186
241, 189
241, 190
240, 191
238, 189
238, 184
237, 183
237, 172
238, 171
239, 171
241, 169
242, 169
243, 168
244, 168
245, 167
246, 167
247, 166
248, 166
249, 165
250, 165
251, 164
252, 164
253, 163
254, 163
255, 162
256, 162
257, 161
258, 161
259, 160
273, 79
274, 78
280, 78
281, 79
282, 79
288, 85
288, 86
290, 88
290, 90
291, 91
291, 95
292, 96
292, 103
291, 104
291, 108
290, 109
290, 112
289, 113
289, 114
288, 115
288, 117
287, 118
287, 119
286, 120
286, 121
285, 122
285, 124
284, 125
284, 126
283, 127
283, 128
281, 130
281, 131
280, 132
280, 133
279, 134
279, 135
277, 137
277, 138
276, 139
276, 140
274, 142
274, 143
272, 145
272, 146
270, 148
270, 149
267, 152
266, 152
265, 153
264, 153
262, 155
261, 155
260, 156
259, 156
258, 157
257, 157
256, 158
255, 158
254, 159
253, 159
252, 160
251, 160
250, 161
249, 161
248, 162
247, 162
246, 163
245, 163
244, 164
243, 164
241, 166
240, 166
239, 167
238, 167
237, 166
237, 163
238, 162
238, 154
239, 153
239, 147
240, 146
240, 141
241, 140
241, 136
242, 135
242, 131
243, 130
243, 127
244, 126
244, 122
245, 121
245, 118
246, 117
246, 114
247, 113
247, 111
248, 110
248, 108
249, 107
249, 106
250, 105
250, 104
252, 102
252, 101
254, 99
254, 98
256, 96
256, 95
260, 91
260, 90
270, 80
271, 80
272, 79
57, 57
58, 56
67, 57
69, 57
70, 58
71, 58
79, 66
79, 67
81, 69
81, 70
82, 71
82, 72
83, 73
83, 74
84, 75
84, 76
85, 77
85, 78
86, 79
86, 81
87, 82
87, 84
88, 85
88, 87
89, 88
89, 90
90, 91
90, 94
91, 95
90, 108
90, 111
89, 112
89, 115
88, 116
88, 118
87, 119
87, 122
86, 123
86, 125
85, 126
85, 128
84, 129
84, 131
83, 132
83, 133
82, 134
82, 136
81, 137
81, 138
80, 139
80, 140
79, 141
79, 142
78, 143
78, 145
77, 146
77, 147
76, 148
76, 149
75, 150
75, 151
74, 152
74, 153
73, 154
73, 155
71, 157
71, 158
70, 159
70, 160
69, 161
69, 162
67, 164
67, 165
65, 167
65, 168
58, 175
57, 175
56, 176
55, 176
54, 177
47, 176
45, 176
44, 175
43, 175
42, 174
41, 174
39, 172
38, 172
34, 168
34, 167
32, 165
32, 164
30, 162
30, 161
29, 160
29, 159
28, 158
28, 156
27, 155
27, 153
26, 152
26, 149
25, 148
25, 144
24, 143
24, 129
25, 128
26, 120
26, 115
27, 114
27, 109
28, 108
28, 103
29, 102
29, 98
30, 97
30, 93
31, 92
31, 89
32, 88
32, 86
33, 85
33, 84
34, 83
34, 81
35, 80
35, 79
36, 78
36, 77
37, 76
37, 75
39, 73
39, 72
41, 70
41, 69
44, 66
44, 65
49, 60
50, 60
52, 58
53, 58
54, 57
64, 20
65, 19
72, 19
74, 21
75, 21
78, 24
78, 25
80, 27
80, 28
82, 30
82, 31
83, 32
83, 33
84, 34
84, 36
85, 37
85, 38
86, 39
86, 41
87, 42
87, 44
88, 45
88, 47
89, 48
89, 51
90, 52
90, 56
91, 57
91, 60
92, 61
92, 65
93, 66
93, 73
94, 74
94, 85
93, 86
92, 86
91, 85
91, 83
90, 82
90, 80
89, 79
89, 78
88, 77
88, 75
87, 74
87, 73
86, 72
86, 71
85, 70
85, 69
84, 68
84, 67
82, 65
82, 64
78, 60
78, 59
77, 59
74, 56
73, 56
71, 54
69, 54
68, 53
56, 53
55, 54
53, 54
52, 55
50, 55
48, 57
47, 57
41, 63
41, 64
39, 66
38, 65
38, 63
39, 62
39, 60
40, 59
40, 57
41, 56
41, 54
42, 53
42, 51
43, 50
43, 48
44, 47
44, 46
45, 45
45, 43
46, 42
46, 41
48, 39
48, 38
49, 37
49, 36
50, 35
50, 34
53, 31
53, 30
63, 20
