0, 2
2, 2
4, 4
4, 64
2, 66
0, 66
0, 68
2, 68
4, 70
4, 130
2, 132
0, 132
0, 134
2, 134
4, 136
4, 196
2, 198
0, 198
0, 200
2, 200
4, 202
4, 262
2, 264
0, 264
0, 266
2, 266
4, 268
4, 328
2, 330
0, 330
0, 332
2, 332
4, 334
236, 2
238, 367
8, 369
6, 4
36, 259
36, 261
87, 229
88, 228
89, 227
113, 215
113, 216
112, 217
112, 222
111, 223
113, 223
113, 220
114, 219
114, 215
181, 205
180, 206
179, 206
178, 207
178, 209
179, 208
182, 206
192, 204
195, 206
112, 190
112, 192
111, 193
111, 195
110, 196
110, 197
112, 197
112, 195
113, 194
113, 192
114, 191
113, 190
147, 190
128, 166
128, 168
127, 169
127, 170
126, 171
126, 173
125, 174
125, 176
126, 176
126, 175
127, 174
127, 173
128, 172
128, 170
129, 169
129, 168
130, 167
129, 166
142, 145
142, 147
141, 148
141, 149
140, 150
140, 153
141, 153
141, 152
142, 151
142, 149
143, 148
143, 146
144, 145
172, 100
172, 102
171, 103
171, 107
172, 107
172, 105
173, 104
173, 101
174, 100
