4, 2
442, 4
440, 369
2, 367
247, 209
246, 210
246, 211
245, 212
245, 213
244, 214
244, 215
246, 213
246, 212
247, 211
247, 210
248, 209
249, 193
251, 193
270, 185
267, 188
268, 188
269, 187
270, 187
272, 185
336, 165
339, 164
348, 161
347, 162
297, 153
296, 154
274, 110
272, 112
272, 113
271, 114
271, 116
270, 117
270, 118
269, 119
270, 119
271, 118
271, 117
272, 116
272, 115
273, 114
273, 112
274, 111
365, 109
364, 110
364, 111
363, 112
363, 114
362, 115
362, 116
361, 117
361, 118
360, 119
360, 121
359, 122
359, 123
358, 124
358, 126
357, 127
357, 128
356, 129
356, 130
355, 131
355, 133
354, 134
354, 135
355, 134
355, 133
356, 132
356, 131
357, 130
357, 128
358, 127
358, 126
359, 125
359, 124
360, 123
360, 121
361, 120
361, 119
362, 118
362, 116
363, 115
363, 114
364, 113
364, 111
365, 110
376, 77
376, 78
375, 79
375, 81
376, 80
376, 79
377, 78
377, 77
