194, 2
196, 367
4, 369
2, 4
114, 16
111, 19
111, 20
110, 21
110, 22
109, 23
109, 25
108, 26
108, 27
107, 28
107, 30
106, 31
106, 33
105, 34
105, 36
104, 37
104, 40
103, 41
103, 43
102, 44
102, 47
101, 48
101, 51
100, 52
100, 55
99, 56
99, 59
98, 60
98, 64
97, 65
97, 70
96, 71
96, 77
95, 78
95, 84
94, 85
94, 95
93, 96
93, 108
92, 109
92, 126
91, 127
91, 135
90, 136
90, 137
87, 140
84, 140
83, 141
79, 141
78, 142
75, 142
74, 143
71, 143
70, 144
67, 144
66, 145
64, 145
63, 144
63, 141
64, 140
64, 136
65, 135
65, 131
66, 130
66, 125
67, 124
67, 119
68, 118
68, 113
69, 112
69, 105
70, 104
70, 96
71, 95
71, 77
70, 76
70, 71
69, 70
69, 68
68, 67
68, 66
66, 64
65, 64
64, 63
62, 63
61, 64
60, 64
56, 68
56, 69
54, 71
54, 72
53, 73
53, 74
52, 75
52, 76
51, 77
51, 78
50, 79
50, 80
49, 81
49, 82
48, 83
48, 85
47, 86
47, 87
46, 88
46, 90
45, 91
45, 93
44, 94
44, 97
43, 98
43, 100
42, 101
42, 104
41, 105
41, 108
40, 109
40, 113
39, 114
39, 120
38, 121
38, 126
39, 127
39, 129
41, 131
43, 131
43, 129
42, 129
41, 128
41, 126
40, 125
40, 121
41, 120
41, 114
42, 113
42, 110
43, 109
43, 105
44, 104
44, 102
45, 101
45, 98
46, 97
46, 95
47, 94
47, 92
48, 91
48, 89
49, 88
49, 86
50, 85
50, 84
51, 83
51, 82
52, 81
52, 80
53, 79
53, 78
54, 77
54, 76
55, 75
55, 74
56, 73
56, 72
58, 70
58, 69
61, 66
62, 66
63, 65
64, 66
65, 66
66, 67
66, 68
67, 69
67, 71
68, 72
68, 77
69, 78
69, 94
68, 95
68, 104
67, 105
67, 111
66, 112
66, 118
65, 119
65, 124
64, 125
64, 129
63, 130
63, 134
62, 135
62, 140
61, 141
61, 144
58, 147
55, 147
54, 148
49, 148
48, 149
34, 149
33, 148
30, 148
29, 147
28, 147
27, 146
26, 146
25, 145
24, 145
15, 136
15, 135
14, 134
14, 133
13, 132
13, 128
12, 127
12, 125
11, 124
9, 124
9, 127
10, 128
10, 130
11, 131
11, 133
12, 134
12, 135
14, 137
14, 138
17, 141
17, 142
18, 143
19, 143
22, 146
23, 146
25, 148
26, 148
27, 149
29, 149
30, 150
33, 150
34, 151
48, 151
49, 150
54, 150
55, 149
58, 149
59, 150
59, 154
58, 155
58, 159
57, 160
57, 163
56, 164
56, 167
55, 168
55, 171
54, 172
54, 176
53, 177
53, 180
52, 181
52, 184
51, 185
51, 197
52, 198
55, 198
56, 197
57, 197
60, 194
60, 193
63, 190
63, 189
66, 186
66, 185
68, 183
68, 182
70, 180
70, 179
72, 177
72, 176
73, 175
73, 174
74, 173
74, 172
76, 170
76, 169
77, 168
77, 167
78, 166
78, 165
80, 163
80, 162
81, 161
81, 160
82, 159
82, 158
83, 157
83, 156
84, 155
84, 154
85, 153
85, 152
86, 151
86, 150
87, 149
87, 148
88, 147
88, 146
89, 145
90, 146
90, 161
89, 162
89, 180
88, 181
88, 200
87, 201
87, 216
86, 217
86, 227
85, 228
85, 231
84, 232
84, 233
83, 234
83, 235
81, 237
81, 238
80, 239
80, 240
79, 241
79, 242
78, 243
78, 244
76, 246
76, 247
75, 248
75, 249
74, 250
74, 251
73, 252
73, 253
72, 254
72, 255
71, 256
71, 257
70, 258
70, 259
69, 260
69, 261
68, 262
68, 263
67, 264
67, 265
66, 266
66, 267
65, 268
65, 269
64, 270
64, 271
63, 272
63, 273
62, 274
62, 275
60, 277
60, 278
59, 279
59, 280
58, 281
58, 282
57, 283
57, 284
56, 285
56, 286
55, 287
55, 288
54, 289
54, 290
53, 291
53, 292
52, 293
52, 294
51, 295
51, 296
50, 297
50, 298
49, 299
49, 300
48, 301
48, 302
47, 303
47, 304
45, 306
45, 307
44, 308
44, 309
43, 310
43, 311
42, 312
42, 313
41, 314
41, 315
40, 316
40, 317
39, 318
39, 319
38, 320
38, 321
37, 322
37, 323
36, 324
36, 325
35, 326
35, 327
34, 328
34, 329
33, 330
33, 332
32, 333
32, 334
31, 335
31, 338
30, 339
30, 345
31, 346
31, 347
32, 347
33, 348
34, 348
35, 349
39, 349
40, 350
43, 350
44, 351
46, 351
47, 352
48, 352
49, 353
51, 353
52, 354
55, 354
56, 353
57, 353
60, 350
60, 349
61, 348
61, 347
62, 346
62, 345
63, 344
63, 342
64, 341
64, 339
65, 338
65, 336
66, 335
66, 333
67, 332
67, 329
68, 328
68, 325
69, 324
69, 321
70, 320
70, 317
71, 316
71, 313
72, 312
72, 309
73, 308
73, 305
74, 304
74, 300
75, 299
75, 296
76, 295
76, 292
77, 291
77, 288
78, 287
78, 284
79, 283
79, 279
80, 278
80, 274
81, 273
81, 270
82, 269
82, 264
83, 263
83, 259
84, 258
84, 253
85, 252
85, 246
86, 245
86, 238
87, 237
87, 232
88, 231
88, 230
89, 229
89, 228
91, 226
91, 225
92, 224
92, 223
94, 221
94, 220
96, 218
96, 217
97, 216
97, 215
100, 212
100, 211
104, 207
104, 206
106, 204
106, 203
111, 198
111, 197
112, 196
112, 195
113, 194
113, 193
115, 191
115, 190
117, 188
118, 189
118, 204
119, 205
119, 206
120, 207
123, 207
124, 206
125, 206
129, 202
129, 201
131, 199
131, 198
133, 196
133, 195
135, 193
135, 192
136, 191
136, 190
137, 189
137, 188
138, 187
138, 186
139, 185
139, 184
140, 183
140, 182
141, 181
142, 181
143, 182
143, 188
144, 189
144, 191
148, 195
153, 195
154, 194
155, 194
164, 185
165, 185
167, 183
168, 183
169, 182
171, 182
172, 181
176, 181
177, 182
179, 182
180, 183
181, 183
185, 187
186, 187
187, 188
188, 187
188, 186
187, 185
187, 184
172, 169
171, 169
167, 165
166, 165
162, 161
161, 161
159, 159
158, 159
155, 156
154, 156
153, 155
153, 151
154, 150
154, 148
155, 147
155, 145
156, 144
156, 142
157, 141
157, 138
158, 137
158, 135
159, 134
159, 131
160, 130
160, 129
159, 128
157, 128
155, 130
155, 131
154, 132
154, 133
153, 134
153, 136
152, 137
152, 138
151, 139
151, 141
150, 142
150, 144
149, 145
149, 147
148, 148
148, 149
147, 150
145, 150
144, 149
143, 149
142, 148
141, 148
139, 146
138, 146
137, 145
136, 145
135, 144
134, 144
132, 142
132, 140
135, 137
136, 137
137, 138
137, 139
138, 140
138, 141
139, 142
140, 142
140, 137
137, 134
133, 134
126, 141
125, 141
124, 140
121, 140
120, 139
113, 139
112, 138
100, 138
99, 139
94, 139
93, 138
93, 136
94, 135
94, 133
95, 132
95, 131
97, 129
97, 128
98, 127
98, 126
99, 125
99, 124
100, 123
100, 122
101, 121
101, 120
102, 119
102, 118
103, 117
103, 116
104, 115
104, 114
106, 112
106, 111
107, 110
107, 109
108, 108
108, 107
110, 105
110, 104
111, 103
111, 102
112, 101
112, 100
113, 99
113, 98
114, 97
114, 96
115, 95
115, 93
116, 92
116, 90
117, 89
117, 86
118, 85
118, 81
119, 80
119, 76
120, 75
120, 71
121, 70
121, 66
122, 65
122, 60
123, 59
123, 53
124, 52
124, 45
125, 44
125, 36
124, 35
124, 30
123, 29
123, 27
122, 26
122, 24
121, 23
121, 21
119, 19
119, 18
117, 16
83, 240
84, 241
84, 244
83, 245
83, 251
82, 252
82, 257
81, 258
81, 263
80, 264
80, 268
79, 269
79, 273
78, 274
78, 277
77, 278
77, 282
76, 283
76, 286
75, 287
75, 291
74, 292
74, 295
73, 296
73, 299
72, 300
72, 303
71, 304
71, 307
70, 308
70, 311
69, 312
69, 316
68, 317
68, 320
67, 321
67, 324
66, 325
66, 327
65, 328
65, 331
64, 332
64, 335
63, 336
63, 338
62, 339
62, 341
61, 342
61, 343
60, 344
60, 346
59, 347
59, 348
56, 351
55, 351
54, 352
52, 352
51, 351
50, 351
49, 350
47, 350
46, 349
45, 349
44, 348
41, 348
40, 347
36, 347
35, 346
34, 346
32, 344
32, 339
33, 338
33, 336
34, 335
34, 333
35, 332
35, 331
36, 330
36, 329
37, 328
37, 327
38, 326
38, 325
39, 324
39, 323
40, 322
40, 321
41, 320
41, 319
42, 318
42, 317
43, 316
43, 315
44, 314
44, 313
45, 312
45, 311
46, 310
46, 309
47, 308
47, 307
48, 306
48, 305
49, 304
49, 303
50, 302
50, 301
51, 300
51, 299
52, 298
52, 297
54, 295
54, 294
55, 293
55, 292
56, 291
56, 290
57, 289
57, 288
58, 287
58, 286
59, 285
59, 284
60, 283
60, 282
61, 281
61, 280
62, 279
62, 278
63, 277
63, 276
64, 275
64, 274
65, 273
65, 272
66, 271
66, 270
67, 269
67, 268
68, 267
68, 266
69, 265
69, 264
70, 263
70, 262
71, 261
71, 260
72, 259
72, 258
73, 257
73, 256
75, 254
75, 253
76, 252
76, 251
77, 250
77, 249
78, 248
78, 247
79, 246
79, 245
81, 243
81, 242
152, 157
153, 158
154, 158
157, 161
158, 161
160, 163
161, 163
165, 167
166, 167
170, 171
171, 171
178, 178
177, 179
172, 179
171, 180
168, 180
167, 181
166, 181
164, 183
163, 183
153, 193
149, 193
146, 190
146, 188
145, 187
145, 172
146, 171
146, 170
147, 169
147, 167
148, 166
148, 165
149, 164
149, 162
150, 161
150, 159
123, 154
124, 153
125, 154
125, 157
124, 158
124, 161
123, 162
123, 165
122, 166
122, 170
121, 171
121, 175
120, 176
120, 180
119, 181
119, 184
118, 185
115, 185
115, 186
111, 185
112, 184
112, 182
113, 181
113, 179
114, 178
114, 176
115, 175
115, 173
116, 172
116, 170
117, 169
117, 168
118, 167
118, 165
119, 164
119, 163
120, 162
120, 161
121, 160
121, 158
122, 157
122, 156
123, 155
130, 146
131, 145
132, 145
133, 146
134, 146
135, 147
136, 147
137, 148
138, 148
139, 149
140, 149
142, 151
143, 151
146, 154
146, 157
145, 158
145, 161
144, 162
144, 167
143, 168
143, 172
142, 173
142, 174
141, 175
141, 177
140, 178
140, 179
139, 180
139, 181
138, 182
138, 183
136, 185
136, 186
135, 187
135, 188
134, 189
134, 190
133, 191
133, 192
131, 194
131, 195
130, 196
130, 197
127, 200
127, 201
124, 204
123, 204
122, 205
120, 203
120, 188
121, 187
121, 181
122, 180
122, 176
123, 175
123, 171
124, 170
124, 166
125, 165
125, 162
126, 161
126, 158
127, 157
127, 154
128, 153
128, 151
129, 150
129, 148
130, 147
83, 143
84, 142
86, 142
87, 143
87, 144
86, 145
86, 146
85, 147
85, 148
84, 149
84, 150
83, 151
83, 152
82, 153
82, 154
81, 155
81, 156
80, 157
80, 158
79, 159
79, 160
78, 161
78, 162
77, 163
77, 164
76, 165
76, 166
74, 168
74, 169
73, 170
73, 171
71, 173
71, 174
70, 175
70, 176
68, 178
68, 179
66, 181
66, 182
64, 184
64, 185
61, 188
61, 189
57, 193
57, 194
56, 195
55, 195
54, 196
53, 195
53, 186
54, 185
54, 181
55, 180
55, 177
56, 176
56, 173
57, 172
57, 169
58, 168
58, 164
59, 163
59, 160
60, 159
60, 155
61, 154
61, 151
62, 150
62, 149
64, 147
66, 147
67, 146
70, 146
71, 145
74, 145
75, 144
79, 144
80, 143
100, 141
101, 140
111, 140
112, 141
119, 141
120, 142
124, 142
125, 143
125, 146
124, 147
124, 148
123, 149
123, 150
122, 151
122, 152
121, 153
121, 154
120, 155
120, 157
119, 158
119, 159
118, 160
118, 161
117, 162
117, 164
116, 165
116, 166
115, 167
115, 169
114, 170
114, 172
113, 173
113, 175
112, 176
112, 178
111, 179
111, 181
110, 182
110, 184
109, 185
109, 187
108, 188
108, 191
107, 192
107, 196
106, 197
106, 198
104, 200
104, 201
102, 203
102, 205
100, 207
100, 208
98, 210
98, 211
96, 213
96, 214
94, 216
94, 217
92, 219
92, 220
91, 221
91, 222
90, 223
89, 223
88, 222
88, 218
89, 217
89, 202
90, 201
90, 183
91, 182
91, 163
92, 162
92, 146
93, 145
93, 142
94, 141
115, 18
116, 18
118, 20
118, 21
119, 22
119, 23
120, 24
120, 26
121, 27
121, 30
122, 31
122, 36
123, 37
123, 42
122, 43
122, 51
121, 52
121, 58
120, 59
120, 64
119, 65
119, 70
118, 71
118, 75
117, 76
117, 80
116, 81
116, 84
115, 85
115, 88
114, 89
114, 91
113, 92
113, 94
112, 95
112, 96
111, 97
111, 98
110, 99
110, 100
109, 101
109, 102
108, 103
108, 104
107, 105
107, 106
105, 108
105, 109
104, 110
104, 111
103, 112
103, 113
102, 114
102, 115
100, 117
100, 118
99, 119
99, 120
98, 121
98, 122
97, 123
97, 124
95, 126
94, 125
94, 110
95, 109
95, 97
96, 96
96, 86
97, 85
97, 78
98, 77
98, 72
99, 71
99, 66
100, 65
100, 61
101, 60
101, 56
102, 55
102, 52
103, 51
103, 48
104, 47
104, 45
105, 44
105, 41
106, 40
106, 38
107, 37
107, 35
108, 34
108, 32
109, 31
109, 29
110, 28
110, 26
111, 25
111, 24
112, 23
112, 22
113, 21
113, 20
