41, 371
43, 373
43, 375
45, 375
45, 373
47, 371
115, 371
117, 373
117, 375
119, 375
119, 373
121, 371
189, 371
191, 373
191, 375
193, 373
195, 371
196, 371
192, 2
194, 367
4, 369
2, 4
117, 16
116, 17
115, 17
112, 20
112, 21
111, 22
111, 23
110, 24
110, 25
109, 26
109, 27
108, 28
108, 29
107, 30
107, 32
106, 33
106, 34
105, 35
105, 37
104, 38
104, 41
103, 42
103, 44
102, 45
102, 48
101, 49
101, 52
100, 53
100, 57
99, 58
99, 62
98, 63
98, 68
97, 69
97, 73
96, 74
96, 80
95, 81
95, 87
94, 88
94, 95
93, 96
93, 105
92, 106
92, 117
91, 118
91, 134
90, 135
90, 165
88, 167
86, 167
85, 168
82, 168
81, 169
78, 169
77, 170
74, 170
73, 171
71, 171
70, 172
67, 172
66, 171
66, 159
67, 158
67, 145
68, 144
68, 135
69, 134
69, 128
70, 127
70, 121
71, 120
71, 114
72, 113
72, 108
73, 107
73, 99
74, 98
74, 87
75, 86
75, 62
74, 61
74, 58
71, 55
70, 55
69, 56
68, 56
64, 60
64, 61
62, 63
62, 64
61, 65
61, 66
60, 67
60, 68
59, 69
59, 70
58, 71
58, 72
57, 73
57, 74
56, 75
56, 76
55, 77
55, 78
54, 79
54, 80
53, 81
53, 82
52, 83
52, 85
51, 86
51, 87
50, 88
50, 89
49, 90
49, 92
48, 93
48, 94
47, 95
47, 96
46, 97
46, 99
45, 100
45, 101
44, 102
44, 103
43, 104
43, 106
42, 107
42, 108
41, 109
41, 111
40, 112
40, 113
39, 114
39, 116
38, 117
38, 119
37, 120
37, 123
36, 124
36, 126
35, 127
35, 131
34, 132
34, 137
33, 138
33, 145
34, 146
34, 148
36, 148
36, 146
35, 145
35, 138
36, 137
36, 132
37, 131
37, 128
38, 127
38, 124
39, 123
39, 121
40, 120
40, 118
41, 117
41, 115
42, 114
42, 112
43, 111
43, 110
44, 109
44, 107
45, 106
45, 105
46, 104
46, 103
47, 102
47, 100
48, 99
48, 98
49, 97
49, 95
50, 94
50, 93
51, 92
51, 91
52, 90
52, 88
53, 87
53, 86
54, 85
54, 84
55, 83
55, 82
56, 81
56, 80
57, 79
57, 77
58, 76
58, 75
59, 74
59, 73
60, 72
60, 71
61, 70
61, 69
63, 67
63, 66
64, 65
64, 64
65, 63
65, 62
69, 58
71, 58
72, 59
72, 61
73, 62
73, 86
72, 87
72, 98
71, 99
71, 107
70, 108
70, 113
69, 114
69, 120
68, 121
68, 127
67, 128
67, 134
66, 135
66, 144
65, 145
65, 158
64, 159
64, 172
61, 175
60, 175
59, 176
58, 176
57, 177
56, 177
55, 178
54, 178
53, 179
52, 179
50, 181
49, 181
47, 183
46, 183
43, 186
42, 186
28, 200
28, 201
23, 206
23, 207
19, 211
19, 212
9, 222
10, 223
11, 223
20, 214
20, 213
24, 209
24, 208
29, 203
29, 202
44, 187
45, 187
48, 184
49, 184
51, 182
52, 182
53, 181
54, 181
55, 180
56, 180
57, 179
58, 179
59, 178
60, 178
61, 177
62, 177
63, 178
63, 193
62, 194
62, 211
61, 212
61, 225
60, 226
60, 249
62, 251
65, 251
68, 248
68, 247
69, 246
69, 245
71, 243
71, 242
72, 241
72, 240
74, 238
74, 237
79, 232
79, 231
82, 228
82, 227
83, 226
83, 225
84, 224
84, 223
85, 222
85, 221
86, 220
86, 219
87, 218
88, 218
89, 219
89, 230
88, 231
88, 267
87, 268
87, 270
85, 272
85, 273
83, 275
83, 276
81, 278
81, 279
79, 281
79, 282
76, 285
76, 286
74, 288
74, 289
71, 292
71, 293
68, 296
68, 297
65, 300
65, 301
62, 304
62, 305
58, 309
58, 310
52, 316
52, 317
45, 324
45, 325
42, 328
42, 329
40, 331
40, 332
39, 333
39, 334
38, 335
38, 338
41, 338
42, 339
43, 339
44, 340
45, 340
46, 341
47, 341
48, 342
49, 342
50, 343
51, 343
54, 346
55, 346
58, 349
59, 349
62, 352
63, 352
64, 353
66, 353
67, 354
70, 354
71, 353
72, 353
73, 352
74, 352
75, 351
75, 350
77, 348
77, 347
78, 346
78, 345
79, 344
79, 343
80, 342
80, 340
81, 339
81, 337
82, 336
82, 333
83, 332
83, 329
84, 328
84, 324
85, 323
85, 318
86, 317
86, 311
87, 310
87, 302
88, 301
88, 291
89, 290
89, 274
90, 273
90, 269
91, 268
91, 267
92, 266
92, 265
94, 263
94, 262
96, 260
96, 259
97, 258
97, 257
98, 256
98, 255
100, 253
100, 252
101, 251
101, 250
102, 249
102, 248
103, 247
103, 246
104, 245
104, 244
105, 243
105, 242
106, 241
106, 240
107, 239
107, 238
108, 237
108, 236
109, 235
109, 234
110, 233
110, 232
111, 231
111, 229
112, 228
112, 227
113, 226
113, 225
114, 224
114, 223
115, 222
115, 220
116, 219
116, 218
117, 217
117, 215
118, 214
118, 213
119, 212
119, 210
120, 209
120, 208
121, 207
121, 206
122, 205
122, 203
123, 202
123, 200
124, 199
124, 198
125, 197
125, 195
126, 194
126, 193
127, 192
127, 190
128, 189
128, 188
129, 187
129, 185
130, 184
130, 183
131, 182
131, 180
132, 179
132, 178
133, 177
133, 176
134, 175
135, 176
135, 179
134, 180
134, 182
133, 183
133, 185
132, 186
132, 189
131, 190
131, 192
130, 193
130, 196
129, 197
129, 200
128, 201
128, 205
127, 206
127, 211
126, 212
126, 219
125, 220
125, 228
126, 229
126, 233
127, 234
127, 236
130, 239
137, 239
138, 238
139, 238
140, 237
141, 237
142, 236
143, 236
149, 230
149, 229
152, 226
152, 225
154, 223
154, 222
156, 220
156, 219
157, 218
157, 217
158, 216
158, 215
159, 214
159, 213
160, 212
160, 211
161, 210
161, 209
162, 208
162, 206
164, 204
165, 205
165, 206
166, 207
166, 213
167, 214
167, 219
168, 220
168, 223
169, 224
169, 227
170, 228
170, 230
171, 231
171, 233
172, 234
172, 235
173, 236
173, 237
174, 238
174, 239
175, 240
175, 241
177, 243
177, 244
182, 249
184, 249
186, 247
186, 237
185, 236
185, 233
184, 232
184, 229
183, 228
183, 225
182, 224
182, 222
181, 221
181, 219
180, 218
180, 216
179, 215
179, 213
178, 212
178, 211
177, 210
177, 209
176, 208
176, 206
175, 205
175, 204
173, 202
173, 201
172, 200
172, 199
170, 197
170, 196
168, 194
168, 188
169, 187
169, 183
170, 182
170, 178
171, 177
171, 171
172, 170
172, 161
173, 160
173, 150
172, 149
172, 146
171, 145
169, 145
168, 144
168, 136
167, 135
167, 134
165, 132
162, 132
161, 133
160, 133
159, 134
159, 135
154, 140
154, 141
151, 144
151, 145
149, 147
149, 148
146, 151
146, 152
143, 155
143, 156
140, 159
140, 160
137, 163
137, 164
136, 165
136, 166
134, 168
134, 169
132, 171
128, 171
127, 170
125, 170
124, 169
120, 169
119, 168
114, 168
113, 167
106, 167
105, 166
105, 164
106, 163
106, 161
107, 160
107, 157
108, 156
108, 154
109, 153
109, 149
110, 148
110, 145
111, 144
111, 140
112, 139
112, 133
113, 132
113, 123
114, 122
114, 114
115, 113
115, 108
116, 107
116, 101
117, 100
117, 93
118, 92
118, 84
119, 83
119, 75
120, 74
120, 66
121, 65
121, 56
122, 55
122, 44
123, 43
123, 21
122, 20
122, 18
120, 16
86, 275
87, 276
87, 290
86, 291
86, 301
85, 302
85, 310
84, 311
84, 317
83, 318
83, 322
82, 323
82, 328
81, 329
81, 332
80, 333
80, 336
79, 337
79, 339
78, 340
78, 341
77, 342
77, 344
76, 345
76, 346
70, 352
67, 352
66, 351
65, 351
64, 350
63, 350
61, 348
60, 348
57, 345
56, 345
53, 342
52, 342
50, 340
49, 340
48, 339
47, 339
46, 338
45, 338
44, 337
42, 337
41, 336
41, 333
43, 331
43, 330
47, 326
47, 325
53, 319
53, 318
60, 311
60, 310
64, 306
64, 305
67, 302
67, 301
70, 298
70, 297
73, 294
73, 293
75, 291
75, 290
78, 287
78, 286
80, 284
80, 283
82, 281
82, 280
84, 278
84, 277
167, 199
168, 198
171, 201
171, 202
172, 203
172, 204
173, 205
173, 206
174, 207
174, 208
175, 209
175, 210
176, 211
176, 213
177, 214
177, 215
178, 216
178, 218
179, 219
179, 221
180, 222
180, 224
181, 225
181, 228
182, 229
182, 232
183, 233
183, 236
184, 237
184, 245
183, 246
182, 246
178, 242
178, 241
176, 239
176, 238
175, 237
175, 236
174, 235
174, 233
173, 232
173, 231
172, 230
172, 228
171, 227
171, 224
170, 223
170, 220
169, 219
169, 214
168, 213
168, 207
167, 206
139, 176
140, 176
141, 177
142, 177
143, 178
144, 178
145, 179
146, 179
147, 180
148, 180
149, 181
150, 181
151, 182
152, 182
154, 184
155, 184
158, 187
159, 187
164, 192
164, 197
163, 198
163, 200
162, 201
162, 203
161, 204
161, 205
160, 206
160, 207
159, 208
159, 210
158, 211
158, 212
157, 213
157, 214
156, 215
156, 216
154, 218
154, 219
153, 220
153, 221
151, 223
151, 224
147, 228
147, 229
142, 234
141, 234
139, 236
138, 236
137, 237
131, 237
129, 235
129, 234
128, 233
128, 229
127, 228
127, 220
128, 219
128, 212
129, 211
129, 206
130, 205
130, 201
131, 200
131, 197
132, 196
132, 193
133, 192
133, 190
134, 189
134, 186
135, 185
135, 183
136, 182
136, 180
137, 179
137, 178
105, 169
113, 169
114, 170
118, 170
119, 171
123, 171
124, 172
127, 172
128, 173
130, 173
131, 174
131, 176
130, 177
130, 179
129, 180
129, 181
128, 182
128, 184
127, 185
127, 186
126, 187
126, 189
125, 190
125, 191
124, 192
124, 194
123, 195
123, 197
122, 198
122, 199
121, 200
121, 202
120, 203
120, 204
119, 205
119, 207
118, 208
118, 209
117, 210
117, 211
116, 212
116, 214
115, 215
115, 216
114, 217
114, 219
113, 220
113, 221
112, 222
112, 223
111, 224
111, 226
110, 227
110, 228
109, 229
109, 230
108, 231
108, 232
107, 233
107, 235
106, 236
106, 237
105, 238
105, 239
104, 240
104, 241
103, 242
103, 243
102, 244
102, 245
101, 246
101, 247
100, 248
100, 249
98, 251
98, 252
97, 253
97, 254
96, 255
96, 256
94, 258
94, 259
93, 260
93, 261
92, 262
91, 262
90, 261
90, 232
91, 231
91, 208
92, 207
92, 203
93, 202
93, 199
94, 198
94, 196
95, 195
95, 193
96, 192
96, 191
97, 190
97, 188
98, 187
98, 185
99, 184
99, 182
100, 181
100, 179
101, 178
101, 177
102, 176
102, 173
103, 172
103, 171
86, 170
87, 169
88, 169
90, 171
90, 172
89, 173
89, 209
88, 210
88, 213
87, 214
87, 215
85, 217
85, 218
83, 220
83, 221
82, 222
82, 223
81, 224
81, 225
80, 226
80, 227
77, 230
77, 231
72, 236
72, 237
71, 238
71, 239
69, 241
69, 242
68, 243
68, 244
66, 246
66, 247
64, 249
63, 249
62, 248
62, 227
63, 226
63, 212
64, 211
64, 194
65, 193
65, 177
68, 174
70, 174
71, 173
74, 173
75, 172
77, 172
78, 171
81, 171
82, 170
96, 169
97, 168
99, 168
101, 170
101, 172
100, 173
100, 175
99, 176
99, 178
98, 179
98, 181
97, 182
97, 184
96, 185
96, 186
95, 187
95, 189
94, 190
94, 192
92, 194
91, 193
91, 173
92, 172
92, 170
93, 169
138, 170
138, 171
137, 172
136, 170
136, 169
152, 155
155, 158
155, 159
156, 160
156, 162
157, 163
157, 164
158, 165
158, 166
160, 168
162, 168
164, 166
165, 186
160, 185
159, 185
157, 183
156, 183
154, 181
153, 181
151, 179
150, 179
149, 178
148, 178
147, 177
146, 177
145, 176
143, 176
142, 175
141, 175
140, 172
140, 171
141, 170
141, 169
142, 168
142, 167
143, 166
143, 165
144, 164
144, 163
146, 161
146, 160
169, 155
170, 154
171, 155
171, 160
170, 161
170, 170
169, 171
169, 176
168, 177
167, 176
167, 166
168, 165
168, 158
169, 157
163, 134
164, 134
166, 136
166, 153
165, 154
165, 158
164, 159
164, 161
163, 162
163, 163
161, 165
160, 165
159, 164
159, 162
158, 161
158, 159
157, 158
157, 157
155, 155
155, 154
154, 154
153, 153
151, 153
150, 154
149, 154
148, 153
148, 152
150, 150
150, 149
153, 146
153, 145
156, 142
156, 141
117, 18
119, 18
120, 19
120, 20
121, 21
121, 43
120, 44
120, 55
119, 56
119, 65
118, 66
118, 74
117, 75
117, 83
116, 84
116, 92
115, 93
115, 100
114, 101
114, 106
113, 107
113, 113
112, 114
112, 122
111, 123
111, 131
110, 132
110, 139
109, 140
109, 144
108, 145
108, 148
107, 149
107, 152
106, 153
106, 156
105, 157
105, 160
104, 161
104, 163
103, 164
103, 165
102, 166
97, 166
96, 167
93, 167
92, 166
92, 135
93, 134
93, 118
94, 117
94, 106
95, 105
95, 97
96, 96
96, 88
97, 87
97, 81
98, 80
98, 74
99, 73
99, 69
100, 68
100, 63
101, 62
101, 58
102, 57
102, 54
103, 53
103, 49
104, 48
104, 46
105, 45
105, 42
106, 41
106, 39
107, 38
107, 36
108, 35
108, 33
109, 32
109, 30
110, 29
110, 28
111, 27
111, 26
112, 25
112, 24
113, 23
113, 22
