230, 2
232, 367
4, 369
2, 4
102, 16
101, 17
99, 17
98, 18
97, 18
96, 19
95, 19
93, 21
92, 21
91, 22
90, 22
82, 30
82, 31
81, 32
81, 33
79, 35
79, 36
78, 37
78, 38
77, 39
77, 40
76, 41
76, 42
75, 43
75, 45
74, 46
74, 48
73, 49
73, 50
72, 51
72, 54
71, 55
71, 57
70, 58
70, 67
71, 68
71, 69
72, 70
72, 71
73, 71
74, 72
75, 71
75, 70
73, 68
73, 67
72, 66
72, 60
73, 59
73, 56
74, 55
74, 53
75, 52
75, 50
76, 49
76, 47
77, 46
77, 45
78, 44
78, 42
79, 41
79, 40
80, 39
80, 38
81, 37
81, 36
83, 34
83, 33
85, 31
85, 30
89, 26
90, 26
93, 23
94, 23
96, 21
97, 21
98, 20
100, 20
101, 19
102, 19
103, 18
106, 18
109, 21
109, 22
110, 23
110, 29
109, 30
109, 35
108, 36
108, 39
107, 40
107, 43
106, 44
106, 47
105, 48
105, 50
104, 51
104, 53
103, 54
103, 56
102, 57
102, 58
101, 59
101, 61
100, 62
100, 64
99, 65
99, 67
98, 68
98, 70
97, 71
97, 73
96, 74
96, 76
95, 77
95, 79
94, 80
94, 81
93, 82
90, 82
89, 83
85, 83
84, 84
80, 84
79, 85
76, 85
75, 86
72, 86
71, 87
69, 87
68, 88
66, 88
65, 89
63, 89
62, 90
60, 90
59, 91
58, 91
57, 92
56, 92
55, 93
53, 93
52, 94
51, 94
50, 95
49, 95
48, 96
47, 96
46, 97
45, 97
44, 98
43, 98
42, 99
41, 99
40, 100
39, 100
37, 102
36, 102
35, 103
34, 103
33, 104
32, 104
31, 105
30, 105
29, 106
28, 106
27, 107
26, 107
25, 108
24, 108
23, 109
22, 109
20, 111
19, 111
18, 112
17, 112
16, 113
15, 113
14, 114
13, 114
11, 116
11, 117
12, 118
20, 118
20, 117
18, 115
20, 113
21, 113
22, 112
23, 112
24, 111
25, 111
27, 109
28, 109
29, 108
30, 108
31, 107
32, 107
33, 106
34, 106
35, 105
36, 105
37, 104
38, 104
39, 103
40, 103
41, 102
42, 102
44, 100
45, 100
46, 99
47, 99
48, 98
49, 98
50, 97
51, 97
52, 96
54, 96
55, 95
56, 95
57, 94
58, 94
59, 93
61, 93
62, 92
63, 92
64, 91
66, 91
67, 90
69, 90
70, 89
73, 89
74, 88
76, 88
77, 87
81, 87
82, 86
85, 86
86, 85
91, 85
92, 86
92, 88
91, 89
91, 92
90, 93
90, 95
89, 96
89, 98
88, 99
88, 102
87, 103
87, 106
86, 107
86, 110
85, 111
85, 115
84, 116
84, 119
83, 120
83, 125
82, 126
82, 131
81, 132
81, 138
80, 139
80, 149
79, 150
79, 159
80, 160
80, 166
81, 167
81, 170
82, 171
82, 173
83, 174
83, 175
85, 177
85, 178
88, 181
89, 181
91, 183
92, 183
93, 184
94, 184
95, 185
97, 185
98, 186
102, 186
103, 185
105, 185
106, 184
107, 184
108, 183
109, 183
111, 181
112, 181
116, 177
117, 177
128, 166
129, 167
129, 170
128, 171
128, 174
127, 175
127, 178
126, 179
126, 182
125, 183
125, 187
124, 188
124, 191
123, 192
123, 195
122, 196
122, 199
121, 200
121, 202
120, 203
120, 204
119, 205
119, 206
118, 207
118, 208
115, 211
115, 212
113, 214
113, 215
111, 217
111, 218
109, 220
109, 221
107, 223
107, 224
105, 226
105, 227
103, 229
103, 230
101, 232
101, 233
99, 235
99, 236
97, 238
97, 239
95, 241
95, 242
93, 244
93, 245
91, 247
91, 248
89, 250
89, 251
87, 253
87, 254
85, 256
85, 257
84, 258
84, 259
83, 260
83, 261
81, 263
81, 264
80, 265
80, 266
78, 268
78, 269
77, 270
77, 271
76, 272
76, 273
75, 274
75, 275
74, 276
74, 277
73, 278
73, 279
72, 280
72, 281
71, 282
71, 283
70, 284
70, 285
69, 286
69, 287
68, 288
68, 290
67, 291
67, 292
66, 293
66, 295
65, 296
65, 297
64, 298
64, 300
63, 301
63, 303
62, 304
62, 306
61, 307
61, 309
60, 310
60, 313
59, 314
59, 317
58, 318
58, 321
57, 322
57, 325
56, 326
56, 330
55, 331
55, 349
57, 351
57, 352
58, 352
59, 353
60, 353
61, 354
66, 354
67, 353
68, 353
75, 346
75, 345
77, 343
77, 342
79, 340
79, 339
80, 338
80, 337
82, 335
82, 334
83, 333
83, 332
84, 331
84, 330
85, 329
85, 328
86, 327
86, 326
87, 325
87, 324
88, 323
88, 322
89, 321
89, 320
90, 319
90, 318
91, 317
91, 315
92, 314
92, 313
93, 312
93, 310
94, 309
94, 308
95, 307
95, 305
96, 304
96, 303
97, 302
97, 300
98, 299
98, 297
99, 296
99, 294
100, 293
100, 291
101, 290
101, 288
102, 287
102, 284
103, 283
103, 281
104, 280
104, 278
105, 277
105, 274
106, 273
106, 271
107, 270
107, 267
108, 266
108, 264
109, 263
109, 260
110, 259
110, 256
111, 255
111, 253
112, 252
112, 249
113, 248
113, 245
114, 244
114, 240
115, 239
115, 236
116, 235
116, 232
117, 231
117, 227
118, 226
118, 223
119, 222
119, 219
120, 218
120, 214
121, 213
121, 210
122, 209
122, 207
123, 206
123, 204
125, 202
125, 201
126, 200
126, 199
128, 197
128, 196
130, 194
130, 193
132, 191
132, 190
134, 188
134, 187
136, 185
136, 184
137, 183
137, 182
139, 180
139, 179
141, 177
141, 176
144, 173
144, 172
146, 170
146, 169
149, 166
149, 165
152, 162
152, 161
157, 156
157, 155
164, 148
165, 148
173, 140
174, 141
174, 143
173, 144
173, 145
172, 146
172, 147
171, 148
171, 149
170, 150
170, 152
169, 153
169, 155
168, 156
168, 158
167, 159
167, 161
166, 162
166, 165
165, 166
165, 169
164, 170
164, 173
163, 174
163, 178
162, 179
162, 184
161, 185
161, 191
160, 192
160, 197
161, 198
161, 199
162, 200
166, 200
167, 199
168, 199
173, 194
173, 193
176, 190
176, 189
179, 186
179, 185
181, 183
181, 182
183, 180
183, 179
185, 177
185, 176
187, 174
187, 173
189, 171
189, 170
191, 168
191, 167
193, 165
193, 164
195, 162
195, 161
197, 159
198, 160
198, 161
197, 162
197, 168
196, 169
196, 182
197, 183
197, 186
198, 187
198, 188
199, 189
199, 190
202, 193
203, 193
204, 194
210, 194
211, 193
212, 193
213, 192
214, 192
219, 187
219, 186
220, 185
220, 184
221, 183
221, 182
222, 181
222, 176
223, 175
223, 169
222, 168
222, 161
221, 160
221, 156
220, 155
220, 151
219, 150
219, 148
218, 147
218, 144
217, 143
217, 141
216, 140
216, 138
215, 137
215, 136
214, 135
214, 133
213, 132
213, 131
212, 130
212, 124
213, 123
213, 121
212, 120
211, 120
210, 121
209, 121
208, 120
208, 118
207, 117
207, 116
206, 115
206, 114
205, 113
205, 112
204, 111
204, 110
202, 108
202, 107
201, 106
201, 105
199, 103
199, 102
188, 91
187, 91
186, 90
185, 90
184, 89
183, 89
182, 88
181, 88
179, 86
179, 85
180, 84
180, 82
181, 81
181, 78
182, 77
182, 74
183, 73
183, 71
184, 70
184, 66
185, 65
185, 61
186, 60
186, 55
187, 54
187, 46
188, 45
188, 28
187, 27
187, 26
186, 25
186, 24
185, 24
184, 23
183, 23
182, 24
181, 24
180, 25
179, 25
176, 28
176, 29
173, 32
173, 33
171, 35
171, 36
169, 38
169, 39
167, 41
167, 42
166, 43
166, 44
165, 45
165, 46
164, 47
164, 48
163, 49
163, 50
162, 51
162, 52
161, 53
161, 54
160, 55
160, 56
159, 57
159, 58
158, 59
158, 61
157, 62
157, 64
156, 65
156, 66
155, 67
155, 69
154, 70
154, 72
153, 73
153, 75
152, 76
152, 78
150, 80
147, 80
146, 79
116, 79
115, 80
104, 80
103, 81
98, 81
97, 80
97, 78
98, 77
98, 75
99, 74
99, 72
100, 71
100, 69
101, 68
101, 66
102, 65
102, 63
103, 62
103, 61
104, 60
104, 58
105, 57
105, 55
106, 54
106, 52
107, 51
107, 49
108, 48
108, 45
109, 44
109, 42
110, 41
110, 37
111, 36
111, 32
112, 31
112, 22
111, 21
111, 19
109, 17
108, 17
107, 16
117, 214
118, 215
118, 216
117, 217
117, 221
116, 222
116, 225
115, 226
115, 229
114, 230
114, 234
113, 235
113, 238
112, 239
112, 242
111, 243
111, 246
110, 247
110, 250
109, 251
109, 254
108, 255
108, 258
107, 259
107, 262
106, 263
106, 265
105, 266
105, 269
104, 270
104, 272
103, 273
103, 275
102, 276
102, 279
101, 280
101, 282
100, 283
100, 285
99, 286
99, 288
98, 289
98, 292
97, 293
97, 295
96, 296
96, 298
95, 299
95, 300
94, 301
94, 303
93, 304
93, 306
92, 307
92, 308
91, 309
91, 311
90, 312
90, 313
89, 314
89, 316
88, 317
88, 318
87, 319
87, 320
86, 321
86, 322
85, 323
85, 324
84, 325
84, 326
83, 327
83, 328
82, 329
82, 330
81, 331
81, 332
79, 334
79, 335
78, 336
78, 337
76, 339
76, 340
74, 342
74, 343
72, 345
72, 346
67, 351
66, 351
65, 352
63, 352
62, 351
60, 351
58, 349
58, 348
57, 347
57, 333
58, 332
58, 327
59, 326
59, 323
60, 322
60, 319
61, 318
61, 315
62, 314
62, 311
63, 310
63, 308
64, 307
64, 305
65, 304
65, 302
66, 301
66, 299
67, 298
67, 297
68, 296
68, 294
69, 293
69, 292
70, 291
70, 289
71, 288
71, 287
72, 286
72, 285
73, 284
73, 283
74, 282
74, 281
75, 280
75, 279
76, 278
76, 277
77, 276
77, 275
78, 274
78, 273
79, 272
79, 271
81, 269
81, 268
82, 267
82, 266
83, 265
83, 264
85, 262
85, 261
86, 260
86, 259
88, 257
88, 256
90, 254
90, 253
92, 251
92, 250
93, 249
93, 248
95, 246
95, 245
97, 243
97, 242
99, 240
99, 239
101, 237
101, 236
103, 234
103, 233
105, 231
105, 230
107, 228
107, 227
109, 225
109, 224
111, 222
111, 221
114, 218
114, 217
210, 132
212, 134
212, 136
213, 137
213, 139
214, 140
214, 141
215, 142
215, 144
216, 145
216, 148
217, 149
217, 152
218, 153
218, 156
219, 157
219, 161
220, 162
220, 180
219, 181
219, 182
218, 183
218, 184
211, 191
210, 191
209, 192
205, 192
204, 191
203, 191
201, 189
201, 188
200, 187
200, 186
199, 185
199, 182
198, 181
198, 173
199, 172
199, 164
200, 163
200, 159
201, 158
201, 154
202, 153
202, 150
203, 149
203, 147
204, 146
204, 144
205, 143
205, 142
206, 141
206, 139
207, 138
207, 137
208, 136
208, 134
198, 108
199, 108
201, 110
201, 111
202, 112
202, 113
204, 115
204, 117
205, 118
205, 119
206, 120
206, 121
207, 122
207, 124
208, 125
207, 126
207, 127
206, 128
206, 130
205, 131
205, 132
204, 133
204, 135
203, 136
203, 139
202, 140
202, 142
201, 143
201, 145
200, 146
200, 148
199, 149
199, 150
198, 151
198, 152
197, 153
197, 154
196, 155
196, 156
194, 158
194, 159
192, 161
192, 162
191, 163
191, 164
189, 166
189, 167
186, 170
186, 171
184, 173
184, 174
182, 176
182, 177
180, 179
180, 180
178, 182
178, 183
176, 185
176, 186
174, 188
174, 189
165, 198
164, 198
163, 197
163, 186
164, 185
164, 181
165, 180
165, 176
166, 175
166, 171
167, 170
167, 167
168, 166
168, 163
169, 162
169, 160
170, 159
170, 157
171, 156
171, 154
172, 153
172, 151
173, 150
173, 149
174, 148
174, 147
175, 146
175, 145
176, 144
176, 143
177, 142
177, 141
178, 140
178, 139
179, 138
179, 137
180, 136
180, 135
181, 134
181, 133
183, 131
183, 130
184, 129
184, 128
185, 127
185, 126
187, 124
187, 123
188, 122
188, 121
190, 119
190, 118
191, 117
191, 116
194, 113
194, 112
179, 89
180, 90
181, 90
182, 91
183, 91
184, 92
185, 92
187, 94
188, 94
195, 101
195, 102
197, 104
197, 105
195, 107
194, 107
190, 111
190, 112
188, 114
188, 115
187, 116
187, 117
186, 118
186, 119
184, 121
184, 122
183, 123
183, 124
182, 125
182, 126
180, 128
180, 129
177, 132
177, 133
168, 142
167, 142
153, 156
153, 157
148, 162
148, 163
146, 165
146, 166
143, 169
143, 170
141, 172
141, 173
139, 175
139, 176
137, 178
137, 179
135, 181
135, 182
133, 184
133, 185
131, 187
131, 188
130, 189
130, 190
127, 193
126, 192
126, 189
127, 188
127, 185
128, 184
128, 180
129, 179
129, 176
130, 175
130, 172
131, 171
131, 168
132, 167
132, 164
133, 163
133, 161
135, 159
135, 158
142, 151
142, 150
146, 146
146, 145
149, 142
149, 141
151, 139
151, 138
153, 136
153, 135
154, 134
154, 133
156, 131
156, 130
158, 128
158, 127
159, 126
159, 125
161, 123
161, 122
162, 121
162, 120
164, 118
164, 117
165, 116
165, 115
166, 114
166, 113
167, 112
167, 111
168, 110
168, 109
169, 108
169, 107
170, 106
170, 105
171, 104
171, 103
172, 102
172, 101
173, 100
173, 99
174, 98
174, 97
175, 96
175, 95
176, 94
176, 93
177, 92
177, 91
154, 83
159, 83
160, 84
163, 84
164, 85
167, 85
168, 86
171, 86
172, 87
174, 87
175, 88
175, 90
174, 91
174, 93
173, 94
173, 95
172, 96
172, 97
171, 98
171, 99
170, 100
170, 101
169, 102
169, 103
168, 104
168, 105
167, 106
167, 107
166, 108
166, 109
165, 110
165, 111
164, 112
164, 113
163, 114
163, 115
162, 116
162, 117
160, 119
160, 120
159, 121
159, 122
157, 124
157, 125
155, 127
155, 128
154, 129
154, 130
152, 132
152, 133
150, 135
150, 136
148, 138
148, 139
146, 141
146, 142
143, 145
143, 146
136, 148
137, 147
137, 144
138, 143
138, 140
139, 139
139, 136
140, 135
140, 132
141, 131
141, 128
142, 127
142, 123
143, 122
143, 119
144, 118
144, 115
145, 114
145, 111
146, 110
146, 107
147, 106
147, 103
148, 102
148, 99
149, 98
149, 95
150, 94
150, 92
151, 91
151, 88
152, 87
152, 85
120, 82
121, 81
142, 81
143, 82
150, 83
150, 86
149, 87
149, 89
148, 90
148, 93
147, 94
147, 97
146, 98
146, 101
145, 102
145, 105
144, 106
144, 109
143, 110
143, 113
142, 114
142, 117
141, 118
141, 121
140, 122
140, 125
139, 126
139, 129
138, 130
138, 133
137, 134
137, 137
136, 138
136, 141
135, 142
135, 145
134, 146
134, 149
133, 150
133, 153
132, 154
132, 157
131, 158
123, 167
123, 168
122, 169
121, 169
112, 178
111, 178
108, 181
107, 181
106, 182
105, 182
104, 183
101, 183
100, 184
99, 183
96, 183
95, 182
94, 182
93, 181
85, 174
85, 173
84, 172
84, 170
83, 169
83, 166
82, 165
82, 141
83, 140
83, 134
84, 133
84, 128
85, 127
85, 122
86, 121
86, 117
87, 116
87, 112
88, 111
88, 108
89, 107
89, 104
90, 103
90, 101
91, 100
91, 97
92, 96
92, 94
93, 93
93, 90
94, 89
94, 87
95, 86
96, 84
97, 84
98, 83
105, 83
106, 82
182, 26
184, 26
185, 27
185, 28
186, 29
186, 43
185, 44
185, 52
184, 53
184, 58
183, 59
183, 64
182, 65
182, 68
181, 69
181, 72
180, 73
180, 76
179, 77
179, 79
178, 80
178, 82
177, 83
177, 84
176, 85
173, 85
172, 84
169, 84
168, 83
165, 83
164, 82
161, 82
160, 81
156, 81
154, 79
154, 78
155, 77
155, 75
156, 74
156, 71
157, 70
157, 68
158, 67
158, 66
159, 65
159, 63
160, 62
160, 61
161, 60
161, 58
162, 57
162, 56
163, 55
163, 54
164, 53
164, 52
165, 51
165, 50
166, 49
166, 48
167, 47
167, 46
168, 45
168, 44
170, 42
170, 41
172, 39
172, 38
174, 36
174, 35
176, 33
176, 32
