242, 2
244, 367
4, 369
2, 4
145, 15
144, 16
142, 16
136, 22
136, 23
135, 24
135, 25
134, 26
134, 27
133, 28
133, 29
132, 30
132, 31
131, 32
131, 34
130, 35
130, 37
129, 38
129, 41
128, 42
128, 45
127, 46
127, 49
126, 50
126, 53
125, 54
125, 58
124, 59
124, 63
123, 64
123, 69
122, 70
122, 75
121, 76
121, 81
120, 82
120, 88
119, 89
119, 97
118, 98
118, 109
117, 110
117, 125
116, 126
116, 153
114, 155
112, 155
111, 156
109, 156
108, 157
106, 157
105, 158
104, 158
103, 159
101, 159
100, 160
99, 160
98, 161
97, 161
96, 162
95, 162
94, 163
93, 163
92, 164
91, 164
90, 165
89, 165
88, 166
87, 166
86, 167
85, 167
84, 166
84, 164
85, 163
85, 160
86, 159
86, 156
87, 155
87, 152
88, 151
88, 148
89, 147
89, 144
90, 143
90, 140
91, 139
91, 136
92, 135
92, 132
93, 131
93, 127
94, 126
94, 123
95, 122
95, 118
96, 117
96, 113
97, 112
97, 108
98, 107
98, 103
99, 102
99, 97
100, 96
100, 91
101, 90
101, 83
102, 82
102, 56
101, 55
101, 52
100, 51
100, 50
97, 47
94, 47
93, 46
92, 47
90, 47
89, 48
88, 48
87, 49
86, 49
79, 56
79, 57
76, 60
76, 61
74, 63
74, 64
73, 65
73, 66
72, 67
72, 68
70, 70
70, 71
69, 72
69, 74
68, 75
68, 76
67, 77
67, 78
66, 79
66, 80
65, 81
65, 83
64, 84
64, 85
63, 86
63, 88
62, 89
62, 91
61, 92
61, 94
60, 95
60, 97
59, 98
59, 101
58, 102
58, 112
59, 113
62, 113
62, 111
61, 110
61, 104
62, 103
62, 100
63, 99
63, 97
64, 96
64, 93
65, 92
65, 91
66, 90
66, 88
67, 87
67, 85
68, 84
68, 83
69, 82
69, 81
70, 80
70, 78
71, 77
71, 76
72, 75
72, 74
73, 73
73, 72
74, 71
74, 70
75, 69
75, 68
76, 67
76, 66
78, 64
78, 63
81, 60
81, 59
89, 51
90, 51
91, 50
95, 50
97, 52
97, 53
98, 54
98, 57
99, 58
99, 80
98, 81
98, 88
97, 89
97, 95
96, 96
96, 100
95, 101
95, 106
94, 107
94, 111
93, 112
93, 116
92, 117
92, 120
91, 121
91, 125
90, 126
90, 129
89, 130
89, 134
88, 135
88, 138
87, 139
87, 142
86, 143
86, 146
85, 147
85, 150
84, 151
84, 154
83, 155
83, 158
82, 159
82, 162
81, 163
81, 165
80, 166
80, 169
79, 170
79, 171
78, 172
77, 172
75, 174
74, 174
72, 176
71, 176
69, 178
68, 178
65, 181
64, 181
62, 183
61, 183
58, 186
57, 186
55, 188
54, 188
51, 191
50, 191
47, 194
46, 194
43, 197
42, 197
40, 199
39, 199
37, 201
36, 201
35, 202
34, 202
32, 204
31, 204
30, 205
29, 205
28, 206
27, 206
26, 207
23, 207
22, 208
19, 208
18, 207
17, 207
15, 205
15, 204
14, 203
14, 201
13, 200
13, 197
12, 196
10, 196
10, 202
11, 203
11, 205
12, 206
12, 207
15, 210
16, 210
17, 211
24, 211
25, 210
27, 210
28, 209
29, 209
30, 208
31, 208
32, 207
33, 207
34, 206
35, 206
36, 205
37, 205
39, 203
40, 203
42, 201
43, 201
45, 199
46, 199
49, 196
50, 196
53, 193
54, 193
57, 190
58, 190
60, 188
61, 188
64, 185
65, 185
67, 183
68, 183
71, 180
72, 180
74, 178
75, 178
76, 177
77, 178
77, 180
76, 181
76, 183
75, 184
75, 187
74, 188
74, 191
73, 192
73, 194
72, 195
72, 198
71, 199
71, 202
70, 203
70, 207
69, 208
69, 214
68, 215
68, 224
69, 225
69, 228
73, 232
77, 232
78, 231
79, 231
84, 226
84, 225
86, 223
86, 222
87, 221
87, 220
89, 218
89, 217
90, 216
90, 215
91, 214
91, 213
92, 212
92, 211
93, 210
93, 209
95, 207
95, 206
96, 205
96, 204
97, 203
97, 202
98, 201
98, 200
100, 198
100, 197
102, 195
102, 194
104, 192
104, 191
107, 188
107, 187
110, 184
110, 183
113, 180
113, 179
114, 178
115, 179
115, 198
114, 199
114, 220
113, 221
113, 232
112, 233
112, 234
109, 237
108, 237
102, 243
101, 243
95, 249
94, 249
90, 253
89, 253
82, 260
81, 260
71, 270
71, 271
66, 276
66, 277
62, 281
62, 282
59, 285
59, 286
58, 287
58, 288
56, 290
56, 291
55, 292
55, 293
54, 294
54, 295
53, 296
53, 297
52, 298
52, 300
51, 301
51, 303
50, 304
50, 306
49, 307
49, 309
48, 310
48, 313
47, 314
47, 318
46, 319
46, 323
45, 324
45, 329
44, 330
44, 340
45, 341
45, 345
46, 346
46, 347
47, 348
47, 349
49, 351
50, 351
52, 353
54, 353
55, 354
60, 354
61, 355
62, 354
68, 354
69, 353
70, 353
71, 352
73, 352
75, 350
76, 350
77, 349
78, 349
82, 345
83, 345
86, 342
86, 341
90, 337
90, 336
92, 334
92, 333
94, 331
94, 330
96, 328
96, 327
97, 326
97, 325
98, 324
98, 323
99, 322
99, 321
100, 320
100, 319
101, 318
101, 317
102, 316
102, 315
103, 314
103, 313
104, 312
104, 311
105, 310
105, 308
106, 307
106, 305
107, 304
107, 302
108, 301
108, 299
109, 298
109, 295
110, 294
110, 290
111, 289
111, 285
112, 284
112, 278
113, 277
113, 269
114, 268
114, 258
115, 257
115, 243
116, 242
116, 235
128, 223
128, 222
139, 211
140, 211
147, 204
148, 204
155, 197
156, 197
163, 190
164, 190
173, 181
173, 180
176, 177
176, 176
178, 174
178, 173
179, 172
180, 173
180, 176
179, 177
179, 180
178, 181
178, 185
177, 186
177, 190
176, 191
176, 197
175, 198
175, 211
176, 212
176, 215
177, 216
177, 217
181, 221
182, 221
183, 222
188, 222
189, 221
191, 221
192, 220
193, 220
195, 218
196, 218
199, 215
200, 215
204, 211
204, 210
209, 205
209, 204
212, 201
212, 200
213, 199
214, 200
214, 205
215, 206
215, 212
216, 213
216, 216
217, 217
217, 219
218, 220
218, 221
219, 222
219, 223
220, 224
220, 225
222, 227
222, 228
224, 230
225, 230
226, 231
228, 231
229, 230
230, 230
232, 228
232, 227
233, 226
233, 223
234, 222
234, 213
235, 212
235, 209
234, 208
234, 196
233, 195
233, 190
232, 189
232, 185
231, 184
231, 181
230, 180
230, 178
229, 177
229, 175
228, 174
228, 173
227, 172
227, 170
226, 169
227, 168
227, 165
228, 164
228, 163
229, 162
229, 161
230, 160
230, 159
231, 158
231, 154
232, 153
232, 149
233, 148
233, 141
234, 140
234, 132
235, 131
235, 107
234, 106
234, 104
233, 103
233, 102
231, 100
226, 100
224, 102
223, 102
218, 107
218, 108
214, 112
214, 113
211, 116
210, 116
209, 117
208, 117
207, 118
206, 118
200, 124
200, 125
198, 127
198, 128
197, 129
197, 130
196, 131
196, 132
194, 134
194, 136
193, 137
193, 138
192, 139
192, 140
191, 141
191, 142
190, 143
190, 145
189, 146
189, 147
188, 148
188, 150
187, 151
187, 152
186, 153
183, 153
182, 152
177, 152
176, 151
171, 151
170, 150
165, 150
164, 149
155, 149
154, 148
142, 148
141, 149
138, 149
137, 148
137, 147
138, 146
138, 145
139, 144
139, 143
140, 142
140, 141
141, 140
141, 139
142, 138
142, 136
143, 135
143, 134
144, 133
144, 131
145, 130
145, 129
146, 128
146, 126
147, 125
147, 123
148, 122
148, 119
149, 118
149, 116
150, 115
150, 112
151, 111
151, 108
152, 107
152, 104
153, 103
153, 100
154, 99
154, 95
155, 94
155, 90
156, 89
156, 84
157, 83
157, 77
158, 76
158, 67
159, 66
159, 36
158, 35
158, 31
157, 30
157, 27
156, 26
156, 24
155, 23
155, 22
154, 21
154, 20
150, 16
148, 16
147, 15
112, 240
112, 253
111, 254
111, 266
110, 267
110, 275
109, 276
109, 282
108, 283
108, 288
107, 289
107, 292
106, 293
106, 296
105, 297
105, 300
104, 301
104, 303
103, 304
103, 306
102, 307
102, 308
101, 309
101, 311
100, 312
100, 313
99, 314
99, 315
98, 316
98, 317
97, 318
97, 319
96, 320
96, 321
95, 322
93, 325
93, 326
92, 327
92, 328
90, 330
90, 331
88, 333
88, 334
85, 337
85, 338
79, 344
78, 344
76, 346
75, 346
73, 348
72, 348
71, 349
70, 349
69, 350
67, 350
66, 351
56, 351
55, 350
54, 350
53, 349
50, 347
50, 346
49, 345
49, 344
48, 343
48, 339
47, 338
47, 333
48, 332
48, 326
49, 325
49, 320
50, 319
50, 316
51, 315
51, 312
52, 311
52, 308
53, 307
53, 305
54, 304
54, 302
55, 301
55, 300
56, 299
56, 297
57, 296
59, 293
59, 292
60, 291
60, 290
62, 288
62, 287
64, 285
64, 284
68, 280
68, 279
72, 275
72, 274
84, 262
85, 262
92, 255
93, 255
98, 250
99, 250
104, 245
105, 245
225, 176
226, 177
226, 178
227, 179
227, 182
228, 183
228, 186
229, 187
229, 191
230, 192
230, 197
231, 198
231, 221
230, 222
230, 224
229, 225
229, 226
228, 227
226, 227
224, 225
224, 224
222, 222
222, 221
221, 220
221, 218
220, 217
220, 215
219, 214
219, 211
218, 210
218, 203
217, 202
217, 192
218, 191
218, 189
219, 188
219, 187
220, 186
220, 185
221, 184
221, 183
222, 182
222, 180
223, 179
223, 178
220, 170
222, 172
223, 159
225, 159
222, 164
223, 161
112, 159
113, 158
115, 158
116, 159
116, 166
115, 167
115, 171
113, 173
113, 174
111, 176
111, 177
108, 180
108, 181
105, 184
105, 185
102, 188
102, 189
100, 191
100, 192
98, 194
98, 195
96, 197
96, 198
95, 199
95, 200
93, 202
93, 203
92, 204
92, 205
91, 206
91, 207
90, 208
90, 209
89, 210
89, 211
87, 213
87, 214
86, 215
86, 216
85, 217
85, 218
83, 220
83, 221
82, 222
82, 223
77, 228
76, 228
75, 229
72, 226
72, 223
71, 222
71, 217
72, 216
72, 210
73, 209
73, 204
74, 203
74, 200
75, 199
75, 197
76, 196
76, 193
77, 192
77, 189
78, 188
78, 186
79, 185
79, 182
80, 181
80, 179
81, 178
81, 175
85, 171
86, 171
87, 170
88, 170
89, 169
90, 169
91, 168
92, 168
93, 167
94, 167
96, 165
97, 165
98, 164
100, 164
101, 163
102, 163
103, 162
104, 162
105, 161
106, 161
107, 160
109, 160
110, 159
189, 158
190, 157
194, 157
195, 158
201, 158
202, 159
206, 159
207, 160
209, 160
210, 161
212, 161
213, 162
214, 162
215, 163
218, 165
218, 167
217, 168
217, 171
216, 172
216, 177
215, 178
215, 186
214, 187
214, 191
213, 192
211, 195
211, 196
210, 197
210, 198
207, 201
207, 202
203, 206
203, 207
197, 213
196, 213
193, 216
192, 216
191, 217
190, 217
189, 218
187, 218
186, 219
185, 219
184, 218
180, 215
180, 214
179, 213
179, 210
178, 209
178, 201
179, 200
179, 193
180, 192
180, 187
181, 186
181, 183
182, 182
182, 178
183, 177
183, 174
184, 173
184, 171
185, 170
185, 167
186, 166
186, 164
187, 163
189, 159
125, 155
126, 154
127, 154
128, 155
126, 157
126, 158
120, 164
119, 163
119, 157
120, 156
121, 156
122, 155
146, 152
147, 151
151, 151
152, 152
162, 152
163, 153
168, 153
169, 154
174, 154
175, 155
181, 155
182, 156
184, 156
185, 157
185, 158
182, 161
182, 162
179, 165
179, 166
177, 168
177, 169
175, 171
175, 172
173, 174
173, 175
171, 177
171, 178
160, 189
159, 189
152, 196
151, 196
145, 202
144, 202
137, 209
136, 209
127, 218
127, 219
118, 228
117, 228
116, 227
116, 225
117, 224
117, 204
118, 203
118, 177
119, 176
119, 171
122, 168
122, 167
128, 161
128, 160
131, 157
131, 156
134, 153
135, 153
136, 152
197, 140
195, 141
203, 127
204, 129
203, 130
203, 131
201, 133
201, 134
200, 135
200, 136
199, 137
199, 138
197, 140
196, 138
197, 137
197, 136
198, 135
198, 134
199, 133
199, 132
201, 130
201, 129
203, 127
213, 121
214, 121
219, 126
219, 127
220, 128
220, 129
221, 130
221, 132
222, 133
222, 136
223, 137
223, 144
224, 145
224, 147
223, 148
223, 150
222, 151
222, 153
221, 154
221, 156
220, 157
220, 159
218, 161
216, 159
214, 159
213, 158
212, 158
211, 157
208, 157
207, 156
203, 156
202, 155
197, 155
196, 154
194, 154
193, 153
194, 152
194, 151
196, 149
196, 148
198, 146
198, 145
199, 144
199, 143
201, 141
201, 140
202, 139
202, 138
204, 136
204, 135
205, 134
205, 133
206, 132
206, 131
208, 129
208, 128
209, 127
209, 126
211, 124
211, 123
227, 104
228, 103
229, 103
231, 105
231, 108
232, 109
232, 128
231, 129
231, 132
230, 133
230, 134
228, 136
228, 137
227, 138
226, 137
226, 136
225, 135
225, 131
224, 130
224, 128
223, 127
223, 126
222, 125
222, 124
216, 118
216, 115
220, 111
220, 110
226, 104
143, 20
144, 19
148, 19
152, 23
152, 25
153, 26
153, 27
154, 28
154, 31
155, 32
155, 38
156, 39
156, 62
155, 63
155, 74
154, 75
154, 82
153, 83
153, 88
152, 89
152, 93
151, 94
151, 98
150, 99
150, 102
149, 103
149, 106
148, 107
148, 110
147, 111
147, 114
146, 115
146, 117
145, 118
145, 120
144, 121
144, 123
143, 124
143, 126
142, 127
142, 129
141, 130
141, 132
140, 133
140, 134
139, 135
139, 136
138, 137
138, 138
137, 139
137, 140
136, 141
136, 142
135, 143
135, 144
134, 145
134, 146
133, 147
133, 148
131, 150
129, 150
128, 151
124, 151
123, 152
120, 152
119, 151
119, 131
120, 130
120, 113
121, 112
121, 100
122, 99
122, 91
123, 90
123, 84
124, 83
124, 77
125, 76
125, 71
126, 70
126, 66
127, 65
127, 61
128, 60
128, 56
129, 55
129, 51
130, 50
130, 47
131, 46
131, 43
132, 42
132, 40
133, 39
133, 37
134, 36
134, 34
135, 33
135, 31
136, 30
136, 29
137, 28
137, 27
138, 26
138, 25
140, 23
140, 22
142, 20
