26, 371
28, 373
28, 375
30, 375
30, 373
32, 371
93, 371
95, 373
95, 375
97, 375
97, 373
99, 371
161, 371
163, 373
163, 375
165, 373
167, 371
170, 371
166, 2
168, 367
4, 369
2, 4
48, 15
47, 16
44, 16
43, 17
42, 17
41, 18
40, 18
39, 19
38, 19
33, 24
32, 24
32, 25
26, 31
26, 32
25, 33
25, 34
24, 35
24, 36
23, 37
23, 47
24, 48
24, 51
25, 52
25, 53
26, 54
26, 55
27, 56
27, 57
28, 58
28, 59
29, 60
29, 61
30, 62
30, 63
32, 65
32, 66
35, 69
35, 70
38, 73
38, 74
42, 78
42, 79
45, 82
45, 83
49, 87
49, 88
52, 91
52, 92
56, 96
56, 97
58, 99
58, 100
61, 103
61, 104
63, 106
63, 107
65, 109
65, 110
68, 113
68, 114
70, 116
70, 117
72, 119
72, 120
73, 121
73, 122
75, 124
75, 125
77, 127
77, 128
79, 130
79, 131
80, 132
80, 133
81, 134
81, 166
79, 168
78, 168
77, 167
74, 167
73, 166
70, 166
69, 165
67, 165
64, 162
64, 160
63, 159
63, 157
62, 156
62, 154
61, 153
61, 151
60, 150
60, 148
59, 147
59, 146
58, 145
58, 144
54, 140
50, 140
49, 141
48, 141
47, 142
47, 143
46, 144
46, 145
45, 146
45, 148
44, 149
44, 151
43, 152
43, 157
41, 159
40, 158
36, 158
35, 157
29, 157
28, 156
24, 156
23, 155
20, 155
19, 154
18, 154
17, 153
16, 153
11, 148
11, 147
10, 146
10, 143
9, 142
8, 142
7, 143
7, 147
8, 148
8, 149
9, 150
9, 151
12, 154
13, 154
15, 156
16, 156
17, 157
18, 157
19, 158
22, 158
23, 159
27, 159
28, 160
34, 160
35, 161
39, 161
40, 162
41, 162
42, 163
42, 172
43, 173
43, 186
44, 187
44, 196
45, 197
45, 205
46, 206
46, 215
47, 216
47, 227
48, 228
48, 243
49, 244
49, 281
50, 282
50, 292
49, 293
49, 308
48, 309
48, 310
47, 311
46, 311
45, 310
45, 309
43, 307
43, 306
42, 305
42, 304
41, 303
41, 302
39, 300
39, 298
38, 297
38, 296
37, 295
37, 294
36, 293
36, 292
35, 291
35, 289
34, 288
34, 287
33, 286
33, 284
32, 283
32, 281
31, 280
31, 279
30, 278
30, 276
29, 275
29, 273
28, 272
28, 270
27, 269
27, 268
26, 267
26, 265
25, 264
25, 262
24, 261
24, 259
23, 258
23, 255
22, 254
22, 252
21, 251
21, 248
20, 247
20, 244
19, 243
19, 240
18, 239
18, 232
15, 232
15, 240
16, 241
16, 244
17, 245
17, 248
18, 249
18, 252
19, 253
19, 255
20, 256
20, 259
21, 260
21, 262
22, 263
22, 265
23, 266
23, 268
24, 269
24, 271
25, 272
25, 273
26, 274
26, 276
27, 277
27, 279
28, 280
28, 282
29, 283
29, 284
30, 285
30, 287
31, 288
31, 289
32, 290
32, 292
33, 293
33, 294
34, 295
34, 297
35, 298
35, 299
36, 300
36, 301
37, 302
37, 303
38, 304
38, 305
39, 306
39, 307
41, 309
41, 310
43, 312
43, 313
45, 315
49, 315
50, 314
50, 313
51, 312
51, 310
52, 309
52, 300
53, 299
53, 271
52, 270
52, 241
51, 240
51, 225
50, 224
50, 214
49, 213
49, 204
48, 203
48, 195
47, 194
47, 185
46, 184
46, 164
47, 163
48, 163
49, 164
52, 164
53, 165
56, 165
57, 166
60, 166
61, 167
62, 167
63, 168
63, 169
64, 170
64, 173
65, 174
65, 176
66, 177
66, 179
67, 180
67, 182
68, 183
68, 185
69, 186
69, 189
70, 190
70, 192
71, 193
71, 195
72, 196
72, 198
73, 199
73, 200
74, 201
74, 203
75, 204
75, 205
76, 206
76, 207
77, 208
77, 210
76, 211
76, 220
75, 221
75, 230
74, 231
74, 239
73, 240
73, 252
72, 253
72, 278
73, 279
73, 289
74, 290
74, 296
75, 297
75, 302
76, 303
76, 307
77, 308
77, 312
78, 313
78, 316
79, 317
79, 320
80, 321
80, 323
81, 324
81, 326
82, 327
82, 329
83, 330
83, 332
84, 333
84, 335
85, 336
85, 337
86, 338
86, 339
87, 340
87, 341
88, 342
88, 343
89, 344
89, 345
90, 346
90, 347
92, 349
92, 350
96, 354
100, 354
102, 352
102, 331
101, 330
101, 315
100, 314
100, 295
99, 294
99, 270
98, 269
98, 258
97, 257
97, 253
96, 252
96, 249
95, 248
95, 246
94, 245
94, 242
93, 241
93, 239
92, 238
92, 237
91, 236
91, 234
90, 233
90, 231
89, 230
89, 229
88, 228
88, 226
87, 225
87, 224
86, 223
86, 221
85, 220
85, 218
84, 217
84, 216
83, 215
83, 213
82, 212
82, 209
81, 208
81, 193
82, 192
82, 183
83, 182
83, 173
84, 172
86, 172
87, 173
93, 173
94, 174
100, 174
101, 175
103, 175
104, 176
105, 176
108, 179
108, 182
109, 183
109, 188
110, 189
110, 192
111, 193
111, 195
112, 196
112, 198
113, 199
113, 201
114, 202
114, 204
115, 205
115, 208
116, 209
116, 211
117, 212
117, 214
118, 215
118, 217
119, 218
119, 220
120, 221
120, 222
121, 223
121, 224
124, 227
125, 227
126, 228
129, 228
130, 227
132, 227
134, 225
134, 224
135, 223
135, 222
136, 221
136, 219
137, 218
137, 215
138, 214
138, 209
139, 208
139, 199
141, 197
141, 171
144, 168
145, 168
153, 160
153, 159
155, 157
155, 156
157, 154
157, 153
158, 152
158, 150
159, 149
159, 148
160, 147
160, 145
161, 144
161, 141
162, 140
162, 128
161, 127
161, 126
159, 124
157, 124
156, 123
155, 124
153, 124
152, 125
151, 125
149, 127
148, 127
148, 128
145, 131
145, 132
144, 133
144, 134
143, 135
143, 137
142, 138
142, 140
141, 141
141, 144
140, 145
140, 149
139, 150
139, 153
138, 154
137, 153
137, 150
136, 149
136, 146
135, 145
135, 142
134, 141
134, 139
133, 138
133, 136
132, 135
132, 133
131, 132
131, 130
130, 129
130, 128
129, 127
129, 126
127, 124
127, 123
123, 119
122, 119
121, 118
117, 118
116, 119
115, 119
111, 123
111, 124
110, 125
110, 127
109, 128
109, 131
108, 132
108, 162
109, 163
109, 171
108, 172
105, 172
103, 170
103, 168
102, 167
102, 166
100, 164
100, 163
99, 162
99, 161
97, 159
97, 158
96, 157
96, 156
95, 155
95, 154
94, 153
94, 152
93, 151
93, 150
92, 149
92, 148
91, 147
91, 146
90, 145
90, 144
89, 143
89, 142
88, 141
88, 140
87, 139
87, 138
86, 137
86, 136
85, 135
85, 134
84, 133
84, 109
83, 108
83, 96
82, 95
82, 86
81, 85
81, 78
80, 77
80, 72
79, 71
79, 67
78, 66
78, 63
77, 62
77, 59
76, 58
76, 55
75, 54
75, 51
74, 50
74, 48
73, 47
73, 45
72, 44
72, 42
71, 41
71, 40
70, 39
70, 37
69, 36
69, 35
68, 34
68, 33
67, 32
67, 31
66, 30
66, 29
65, 28
65, 27
63, 25
63, 24
56, 17
55, 17
54, 16
51, 16
50, 15
79, 218
80, 217
81, 218
81, 219
82, 220
82, 221
83, 222
83, 224
84, 225
84, 226
85, 227
85, 229
86, 230
86, 231
87, 232
87, 234
88, 235
88, 237
89, 238
89, 240
90, 241
90, 243
91, 244
91, 246
92, 247
92, 249
93, 250
93, 253
94, 254
94, 259
95, 260
95, 273
96, 274
96, 298
97, 299
97, 317
98, 318
98, 333
99, 334
99, 349
98, 350
97, 350
94, 347
94, 346
92, 344
92, 343
91, 342
91, 341
90, 340
90, 339
89, 338
89, 337
88, 336
88, 334
87, 333
87, 332
86, 331
86, 329
85, 328
85, 326
84, 325
84, 323
83, 322
83, 319
82, 318
82, 316
81, 315
81, 312
80, 311
80, 307
79, 306
79, 302
78, 301
78, 296
77, 295
77, 289
76, 288
76, 277
75, 276
75, 257
76, 256
76, 242
77, 241
77, 233
78, 232
78, 223
79, 222
134, 173
135, 172
136, 172
137, 173
137, 179
138, 180
138, 181
137, 182
136, 182
134, 184
134, 187
133, 188
133, 197
132, 198
132, 206
131, 207
131, 213
130, 214
130, 217
129, 218
129, 220
127, 222
125, 220
125, 219
124, 218
124, 217
123, 216
123, 215
122, 214
122, 213
121, 212
121, 211
120, 210
120, 209
119, 208
119, 206
118, 205
118, 203
117, 202
117, 199
116, 198
116, 194
115, 193
115, 188
114, 187
114, 181
113, 180
113, 178
115, 176
116, 176
117, 175
124, 175
125, 174
130, 174
131, 173
67, 169
68, 168
69, 169
72, 169
73, 170
76, 170
77, 171
79, 171
80, 172
80, 179
79, 180
79, 190
78, 191
78, 198
77, 199
75, 197
75, 195
74, 194
74, 192
73, 191
73, 188
72, 187
72, 185
71, 184
71, 182
70, 181
70, 179
69, 178
69, 176
68, 175
68, 173
67, 172
84, 145
85, 144
87, 146
87, 147
88, 148
88, 149
89, 150
89, 151
90, 152
90, 153
91, 154
91, 155
92, 156
92, 157
94, 159
94, 160
95, 161
95, 162
97, 164
97, 165
98, 166
98, 167
99, 168
99, 170
98, 171
95, 171
94, 170
88, 170
87, 169
85, 169
84, 168
51, 143
52, 143
56, 147
56, 149
57, 150
57, 151
58, 152
58, 154
59, 155
59, 157
60, 158
60, 160
61, 161
61, 162
60, 163
58, 163
57, 162
54, 162
53, 161
50, 161
49, 160
47, 160
46, 159
46, 154
47, 153
47, 150
48, 149
48, 147
49, 146
49, 145
153, 128
154, 127
159, 129
159, 139
158, 140
158, 143
157, 144
156, 147
156, 148
155, 149
155, 150
154, 151
154, 152
153, 153
153, 154
152, 155
152, 156
143, 165
141, 164
141, 162
142, 161
142, 152
143, 151
143, 146
144, 145
144, 142
145, 141
145, 139
146, 138
147, 135
147, 134
149, 132
149, 131
152, 128
118, 121
120, 121
125, 126
125, 127
127, 129
127, 130
128, 131
128, 133
129, 134
129, 136
130, 137
130, 139
131, 140
131, 142
132, 143
132, 146
133, 147
133, 150
134, 151
134, 155
135, 156
135, 161
136, 162
136, 168
135, 169
134, 169
133, 170
130, 170
129, 171
124, 171
123, 172
114, 172
112, 170
112, 161
111, 160
111, 133
112, 132
112, 129
113, 128
113, 127
114, 126
114, 125
44, 20
45, 19
52, 19
53, 20
54, 20
55, 21
56, 21
58, 23
58, 24
61, 27
61, 28
63, 30
63, 31
64, 32
64, 33
65, 34
65, 35
66, 36
66, 37
67, 38
67, 40
68, 41
68, 42
69, 43
69, 45
70, 46
70, 48
71, 49
71, 52
72, 53
72, 55
73, 56
73, 59
74, 60
74, 63
75, 64
75, 67
76, 68
76, 73
77, 74
77, 79
78, 80
78, 86
79, 87
79, 97
80, 98
80, 111
81, 112
81, 124
80, 125
77, 122
77, 121
75, 119
75, 118
74, 117
74, 116
72, 114
72, 113
69, 110
69, 109
67, 107
67, 106
65, 104
65, 103
62, 100
62, 99
60, 97
60, 96
57, 93
57, 92
54, 89
54, 88
50, 84
50, 83
47, 80
47, 79
43, 75
43, 74
40, 71
40, 70
37, 67
37, 66
34, 63
34, 62
32, 60
32, 59
31, 58
31, 57
30, 56
30, 55
29, 54
29, 53
28, 52
28, 50
27, 49
27, 47
26, 46
26, 38
27, 37
27, 36
28, 35
28, 34
32, 30
32, 29
36, 25
37, 25
41, 21
42, 21
43, 20
