238, 2
240, 367
4, 369
2, 4
199, 16
198, 17
196, 17
195, 18
194, 18
193, 19
192, 19
191, 20
190, 20
187, 23
186, 23
184, 25
184, 26
181, 29
181, 30
180, 31
180, 32
179, 33
179, 34
178, 35
178, 36
177, 37
177, 38
176, 39
176, 41
175, 42
175, 44
174, 45
174, 49
173, 50
173, 54
172, 55
172, 61
171, 62
171, 69
170, 70
170, 80
169, 81
169, 89
168, 90
168, 102
167, 103
167, 129
166, 130
166, 134
165, 135
165, 137
163, 139
160, 139
159, 140
157, 140
156, 141
154, 141
153, 142
152, 142
151, 143
149, 143
148, 144
147, 144
146, 145
144, 145
143, 146
142, 146
141, 147
140, 147
139, 148
137, 148
136, 149
135, 149
134, 150
133, 150
131, 152
130, 152
128, 154
127, 154
125, 156
124, 156
121, 159
120, 159
117, 162
116, 162
114, 164
113, 164
110, 167
109, 167
100, 176
100, 177
98, 179
98, 180
96, 182
96, 183
95, 184
95, 185
93, 187
93, 188
92, 189
92, 190
91, 191
91, 192
90, 193
90, 194
89, 195
89, 196
88, 197
88, 199
87, 200
87, 202
86, 203
86, 205
85, 206
85, 208
84, 209
84, 213
83, 214
83, 220
82, 221
82, 247
83, 248
83, 258
84, 259
84, 266
85, 267
85, 274
86, 275
86, 279
87, 280
87, 283
88, 284
88, 286
89, 287
89, 289
90, 290
90, 291
91, 292
91, 294
93, 296
93, 297
94, 298
94, 299
95, 300
95, 301
97, 303
97, 304
99, 306
99, 307
102, 310
102, 311
109, 318
110, 318
113, 321
111, 323
111, 324
92, 343
91, 343
90, 344
89, 344
88, 345
86, 345
85, 346
82, 346
81, 347
78, 347
77, 348
75, 348
74, 349
73, 349
72, 350
70, 350
69, 351
65, 351
64, 352
61, 352
60, 351
58, 351
57, 350
55, 350
54, 349
52, 349
51, 348
50, 348
49, 347
47, 347
46, 346
45, 346
43, 344
42, 344
41, 343
41, 342
37, 338
37, 337
35, 335
35, 334
34, 333
34, 332
33, 331
33, 330
31, 328
31, 327
30, 326
30, 325
28, 323
28, 322
25, 319
25, 318
22, 315
22, 314
19, 311
19, 310
18, 309
18, 308
17, 307
17, 306
16, 305
16, 304
14, 302
14, 301
13, 301
12, 300
11, 301
11, 302
14, 305
14, 306
15, 307
15, 308
16, 309
16, 310
17, 311
17, 312
19, 314
19, 315
22, 318
22, 319
25, 322
25, 323
28, 326
28, 327
29, 328
29, 329
30, 330
30, 331
32, 333
32, 334
33, 335
33, 336
34, 337
34, 338
36, 340
36, 341
42, 347
43, 347
44, 348
45, 348
46, 349
48, 349
49, 350
50, 350
51, 351
53, 351
54, 352
56, 352
57, 353
59, 353
60, 354
66, 354
67, 353
70, 353
71, 352
73, 352
74, 351
75, 351
76, 350
78, 350
79, 349
82, 349
83, 348
86, 348
87, 347
89, 347
90, 346
91, 346
92, 345
93, 345
95, 343
96, 343
109, 330
109, 329
116, 322
133, 322
134, 321
141, 321
142, 320
145, 320
146, 319
147, 319
148, 318
150, 318
151, 317
152, 317
156, 313
157, 313
161, 309
161, 308
165, 304
165, 303
167, 301
167, 300
168, 299
168, 298
170, 296
170, 295
171, 294
171, 293
172, 292
172, 291
173, 290
173, 288
174, 287
174, 286
175, 285
175, 283
176, 282
176, 280
177, 279
177, 277
178, 276
178, 274
179, 273
179, 270
180, 269
180, 267
181, 266
181, 261
182, 260
182, 254
183, 253
183, 244
184, 243
184, 218
183, 217
183, 209
182, 208
182, 206
181, 205
181, 204
180, 203
180, 202
173, 195
172, 195
164, 187
163, 187
162, 186
162, 178
163, 177
163, 171
164, 170
164, 154
165, 153
165, 146
166, 145
166, 142
169, 139
170, 139
171, 138
172, 138
174, 136
175, 136
177, 134
178, 134
181, 131
182, 131
184, 129
185, 129
187, 127
188, 127
189, 126
190, 126
191, 125
192, 125
194, 123
195, 123
205, 113
205, 112
207, 110
207, 109
209, 107
209, 106
210, 105
210, 104
211, 103
211, 102
212, 101
212, 100
213, 99
213, 97
214, 96
214, 95
215, 94
215, 93
216, 92
216, 91
217, 90
217, 89
218, 88
218, 87
220, 85
220, 84
221, 83
221, 82
222, 81
222, 80
223, 79
223, 78
224, 77
224, 76
225, 75
225, 74
226, 73
226, 71
227, 70
227, 69
228, 68
228, 66
229, 65
229, 63
230, 62
230, 56
231, 55
231, 50
230, 49
230, 42
229, 41
229, 37
228, 36
228, 34
227, 33
227, 32
226, 31
226, 30
225, 29
225, 28
218, 21
217, 21
215, 19
214, 19
213, 18
212, 18
211, 17
209, 17
208, 16
161, 190
162, 189
163, 190
164, 190
179, 205
179, 206
180, 207
180, 209
181, 210
181, 222
182, 223
182, 236
181, 237
181, 252
180, 253
180, 259
179, 260
179, 264
178, 265
178, 268
177, 269
177, 272
176, 273
176, 275
175, 276
175, 278
174, 279
174, 281
173, 282
173, 283
172, 284
172, 286
171, 287
171, 288
170, 289
170, 291
169, 292
169, 293
167, 295
167, 296
166, 297
166, 298
165, 299
165, 300
162, 303
162, 304
152, 314
151, 314
149, 316
147, 316
146, 317
145, 317
144, 318
140, 318
139, 319
132, 319
131, 320
120, 320
119, 319
119, 318
122, 315
122, 314
125, 311
125, 310
126, 309
126, 308
128, 306
128, 305
129, 304
129, 303
130, 302
130, 301
131, 300
131, 299
132, 298
132, 297
133, 296
133, 294
134, 293
134, 292
135, 291
135, 289
136, 288
136, 287
137, 286
137, 284
138, 283
138, 282
139, 281
139, 279
140, 278
140, 277
141, 276
141, 274
142, 273
142, 271
143, 270
143, 268
144, 267
144, 264
145, 263
145, 260
146, 259
146, 256
147, 255
147, 252
148, 251
148, 249
149, 248
149, 246
150, 245
150, 242
151, 241
151, 239
152, 238
152, 236
153, 235
153, 233
154, 232
154, 229
155, 228
155, 225
156, 224
156, 220
157, 219
157, 214
158, 213
158, 208
159, 207
159, 199
160, 198
160, 192
161, 191
160, 142
161, 141
163, 141
164, 142
164, 144
163, 145
163, 151
162, 152
162, 167
161, 168
161, 176
160, 177
160, 184
158, 186
155, 186
154, 187
152, 187
151, 188
150, 188
148, 190
147, 190
146, 191
145, 191
142, 194
142, 195
141, 196
141, 197
142, 198
142, 199
143, 199
144, 198
144, 195
146, 193
147, 193
148, 192
149, 192
151, 190
152, 190
153, 189
156, 189
157, 188
158, 189
158, 197
157, 198
157, 206
156, 207
156, 212
155, 213
155, 218
154, 219
154, 222
153, 223
153, 227
152, 228
152, 230
151, 231
151, 234
150, 235
150, 237
149, 238
149, 240
148, 241
148, 243
147, 244
147, 246
146, 247
146, 250
145, 251
145, 254
144, 255
144, 258
143, 259
143, 262
142, 263
142, 266
141, 267
141, 269
140, 270
140, 272
139, 273
139, 274
138, 275
138, 277
137, 278
137, 279
136, 280
136, 282
135, 283
135, 285
134, 286
134, 287
133, 288
133, 290
132, 291
132, 292
131, 293
131, 295
130, 296
130, 297
129, 298
129, 299
128, 300
128, 301
127, 302
127, 303
125, 305
125, 306
124, 307
124, 308
122, 310
122, 311
119, 314
119, 315
116, 318
114, 318
113, 317
112, 317
110, 315
109, 315
106, 312
106, 311
102, 307
102, 306
100, 304
100, 303
97, 300
97, 299
96, 298
96, 297
95, 296
95, 295
94, 294
94, 293
93, 292
93, 291
92, 290
92, 289
91, 288
91, 286
90, 285
90, 283
89, 282
89, 279
88, 278
88, 273
87, 272
87, 266
86, 265
86, 256
85, 255
85, 245
84, 244
84, 223
85, 222
85, 216
86, 215
86, 211
87, 210
87, 207
88, 206
88, 204
89, 203
89, 201
90, 200
90, 198
91, 197
91, 196
92, 195
92, 194
93, 193
93, 192
94, 191
94, 190
96, 188
96, 187
97, 186
97, 185
99, 183
99, 182
100, 181
100, 180
103, 177
103, 176
110, 169
111, 169
113, 167
114, 167
117, 164
118, 164
120, 162
121, 162
125, 158
126, 158
128, 156
129, 156
131, 154
132, 154
133, 153
134, 153
136, 151
137, 151
138, 150
140, 150
141, 149
142, 149
143, 148
144, 148
145, 147
147, 147
148, 146
150, 146
151, 145
152, 145
153, 144
154, 144
155, 143
157, 143
158, 142
199, 19
200, 18
207, 18
208, 19
211, 20
212, 20
213, 21
214, 21
216, 23
217, 23
223, 29
223, 30
224, 31
224, 32
225, 33
225, 34
226, 35
226, 38
227, 39
227, 42
228, 43
228, 61
227, 62
227, 64
226, 65
225, 68
225, 69
224, 70
224, 72
223, 73
223, 74
222, 75
222, 76
221, 77
221, 78
220, 79
220, 80
219, 81
219, 82
218, 83
218, 84
216, 86
216, 87
215, 88
215, 89
214, 90
214, 91
213, 92
213, 93
212, 94
212, 95
211, 96
211, 97
210, 98
210, 100
209, 101
209, 102
208, 103
208, 104
206, 106
206, 107
205, 108
205, 109
201, 113
201, 114
195, 120
194, 120
192, 122
191, 122
189, 124
188, 124
187, 125
186, 125
185, 126
184, 126
181, 129
180, 129
178, 131
177, 131
174, 134
173, 134
172, 135
171, 135
170, 136
168, 135
168, 131
169, 130
169, 123
170, 122
170, 92
171, 91
171, 83
172, 82
172, 72
173, 71
173, 64
174, 63
174, 57
175, 56
175, 51
176, 50
176, 47
177, 46
177, 43
178, 42
179, 39
179, 38
180, 37
180, 36
181, 35
181, 34
182, 33
182, 32
184, 30
184, 29
191, 22
192, 22
193, 21
194, 21
195, 20
196, 20
197, 19
