26, 371
28, 373
28, 375
30, 375
30, 373
32, 371
74, 371
76, 373
76, 375
78, 375
78, 373
80, 371
122, 371
124, 373
124, 375
126, 375
126, 373
128, 371
170, 371
172, 373
172, 375
174, 375
174, 373
176, 371
218, 371
220, 373
220, 375
222, 373
224, 371
220, 2
222, 367
4, 369
2, 4
202, 14
201, 15
197, 15
196, 16
195, 16
193, 18
192, 18
191, 19
190, 19
188, 21
187, 21
185, 23
184, 23
181, 26
180, 26
177, 29
176, 29
166, 39
166, 40
163, 43
163, 44
161, 46
161, 47
159, 49
159, 50
157, 52
157, 53
156, 54
156, 55
155, 56
155, 58
154, 59
154, 60
153, 61
153, 63
152, 64
152, 65
151, 66
151, 68
150, 69
150, 70
149, 71
149, 73
148, 74
148, 75
147, 76
147, 78
146, 79
146, 81
145, 82
145, 84
144, 85
144, 88
143, 89
143, 91
142, 92
142, 93
140, 95
138, 95
137, 96
134, 96
133, 97
132, 97
131, 98
130, 98
128, 100
127, 100
124, 103
123, 103
109, 117
109, 118
105, 122
105, 123
102, 126
102, 127
99, 130
99, 131
96, 134
96, 135
93, 138
93, 139
90, 142
90, 143
87, 146
87, 147
85, 149
85, 150
83, 152
83, 153
81, 155
81, 156
79, 158
79, 159
77, 161
77, 162
75, 164
75, 165
73, 167
73, 168
72, 169
72, 170
71, 171
71, 172
70, 173
70, 175
69, 176
69, 177
68, 178
68, 180
67, 181
67, 184
66, 185
66, 188
65, 189
65, 195
64, 196
64, 211
65, 212
65, 218
66, 219
66, 222
67, 223
67, 227
68, 228
68, 230
69, 231
69, 233
70, 234
70, 236
71, 237
71, 239
72, 240
72, 242
73, 243
73, 245
74, 246
74, 247
75, 248
75, 249
76, 250
76, 251
77, 252
77, 253
78, 254
78, 256
80, 258
80, 259
82, 261
82, 262
89, 269
90, 269
92, 271
92, 274
91, 275
91, 278
90, 279
90, 282
89, 283
89, 285
88, 286
88, 289
87, 290
87, 292
86, 293
86, 295
85, 296
85, 298
84, 299
84, 301
83, 302
83, 303
82, 304
82, 306
81, 307
81, 308
80, 309
80, 310
79, 311
79, 312
78, 313
78, 314
77, 315
77, 316
75, 318
75, 319
73, 321
73, 322
68, 327
68, 328
59, 337
58, 337
49, 346
48, 346
47, 347
46, 347
44, 349
42, 349
41, 350
34, 350
33, 349
32, 349
27, 344
27, 343
25, 341
25, 340
24, 339
24, 338
23, 337
23, 336
22, 335
22, 334
21, 333
21, 332
20, 331
20, 329
19, 328
19, 327
18, 326
18, 324
17, 323
17, 320
16, 319
16, 316
15, 315
15, 311
14, 310
14, 302
13, 301
13, 288
14, 287
14, 277
15, 276
15, 272
16, 271
16, 268
17, 267
17, 264
18, 263
18, 260
19, 259
19, 257
20, 256
20, 254
21, 253
21, 251
22, 250
22, 248
23, 247
23, 245
24, 244
24, 243
25, 242
25, 240
26, 239
26, 238
27, 237
27, 235
28, 234
28, 233
29, 232
29, 231
31, 229
31, 228
32, 227
32, 226
34, 224
34, 223
38, 219
39, 219
40, 218
42, 218
43, 219
43, 220
44, 221
44, 222
45, 223
46, 223
47, 222
48, 222
48, 218
47, 217
47, 216
44, 213
39, 213
38, 214
37, 214
36, 215
35, 215
30, 220
30, 221
28, 223
28, 224
26, 226
26, 227
25, 228
25, 229
24, 230
24, 231
23, 232
23, 233
22, 234
22, 236
21, 237
21, 238
20, 239
20, 241
19, 242
19, 244
18, 245
18, 246
17, 247
17, 249
16, 250
16, 252
15, 253
15, 255
14, 256
14, 259
13, 260
13, 262
12, 263
12, 266
11, 267
11, 271
10, 272
10, 277
9, 278
9, 289
8, 290
8, 298
9, 299
9, 310
10, 311
10, 315
11, 316
11, 319
12, 320
12, 323
13, 324
13, 326
14, 327
14, 329
15, 330
15, 332
16, 333
16, 334
17, 335
17, 336
18, 337
18, 338
19, 339
19, 340
20, 341
20, 342
21, 343
21, 344
23, 346
23, 347
26, 350
26, 351
27, 351
29, 353
30, 353
31, 354
32, 354
33, 355
42, 355
43, 354
45, 354
46, 353
47, 353
48, 352
49, 352
51, 350
52, 350
58, 344
59, 344
74, 329
74, 328
77, 325
77, 324
80, 321
80, 320
81, 319
81, 318
82, 317
82, 316
83, 315
83, 314
84, 313
84, 312
85, 311
85, 310
86, 309
86, 308
87, 307
87, 305
88, 304
88, 302
89, 301
89, 300
90, 299
90, 297
91, 296
91, 294
92, 293
92, 290
93, 289
93, 287
94, 286
94, 283
95, 282
95, 279
96, 278
96, 276
97, 275
97, 274
98, 273
100, 273
101, 274
108, 274
109, 273
112, 273
113, 272
114, 272
115, 271
116, 271
117, 270
118, 270
121, 267
122, 267
132, 257
132, 256
134, 254
134, 253
135, 252
135, 251
136, 250
136, 249
137, 248
137, 246
138, 245
138, 244
139, 243
139, 241
140, 240
140, 237
141, 236
141, 229
142, 228
142, 218
141, 217
141, 208
140, 207
140, 201
139, 200
139, 196
138, 195
138, 191
137, 190
137, 187
136, 186
136, 184
135, 183
135, 182
134, 181
134, 180
133, 179
133, 178
132, 177
132, 176
129, 173
129, 172
128, 172
126, 170
126, 166
127, 165
127, 161
128, 160
128, 157
129, 156
129, 153
130, 152
130, 149
131, 148
131, 146
132, 145
132, 142
133, 141
133, 138
134, 137
134, 135
135, 134
135, 131
136, 130
136, 128
137, 127
137, 124
138, 123
138, 121
139, 120
139, 117
140, 116
140, 114
141, 113
141, 111
142, 110
142, 108
143, 107
143, 105
144, 104
144, 102
145, 101
145, 100
146, 99
159, 99
160, 100
164, 100
165, 101
169, 101
170, 102
173, 102
174, 103
176, 103
177, 104
179, 104
180, 105
182, 105
183, 106
186, 106
187, 107
195, 107
196, 106
199, 106
200, 105
201, 105
206, 100
206, 99
207, 98
207, 97
208, 96
208, 95
209, 94
209, 92
210, 91
210, 87
211, 86
211, 80
212, 79
212, 71
213, 70
213, 63
214, 62
214, 47
215, 46
215, 40
214, 39
214, 28
213, 27
213, 24
212, 23
212, 21
211, 20
211, 19
208, 16
207, 16
206, 15
203, 15
124, 178
125, 177
126, 177
128, 179
128, 180
129, 181
129, 182
130, 183
130, 184
131, 185
131, 187
132, 188
132, 191
133, 192
133, 194
134, 195
134, 200
135, 201
135, 207
136, 208
136, 215
137, 216
137, 230
136, 231
136, 236
135, 237
135, 239
134, 240
134, 242
133, 243
133, 244
132, 245
132, 247
131, 248
131, 249
129, 251
129, 252
128, 253
128, 254
119, 263
118, 263
116, 265
115, 265
113, 267
112, 267
111, 268
109, 268
108, 269
101, 269
99, 267
99, 265
100, 264
100, 261
101, 260
101, 257
102, 256
102, 254
103, 253
103, 250
104, 249
104, 246
105, 245
105, 243
106, 242
106, 239
107, 238
107, 236
108, 235
108, 233
109, 232
109, 230
110, 229
110, 227
111, 226
111, 224
112, 223
112, 221
113, 220
113, 218
114, 217
114, 215
115, 214
115, 213
116, 212
116, 210
117, 209
117, 207
118, 206
118, 204
119, 203
119, 201
120, 200
120, 198
121, 197
121, 193
122, 192
122, 189
123, 188
123, 183
124, 182
137, 101
138, 100
139, 101
139, 103
138, 104
138, 106
137, 107
137, 110
136, 111
136, 113
135, 114
135, 116
134, 117
134, 119
133, 120
133, 123
132, 124
132, 126
131, 127
131, 130
130, 131
130, 133
129, 134
129, 137
128, 138
128, 141
127, 142
127, 144
126, 145
126, 148
125, 149
125, 152
124, 153
124, 155
123, 156
123, 160
122, 161
122, 165
121, 166
121, 167
120, 168
118, 168
117, 169
115, 169
114, 170
112, 170
111, 171
110, 171
109, 172
108, 172
107, 173
106, 173
104, 175
103, 175
99, 179
99, 180
95, 184
95, 185
93, 187
93, 188
92, 189
92, 190
91, 191
91, 192
90, 193
90, 195
89, 196
89, 198
88, 199
88, 205
87, 206
87, 211
86, 212
86, 217
87, 218
90, 218
90, 217
91, 216
91, 212
92, 211
92, 205
93, 204
93, 200
94, 199
94, 196
95, 195
95, 194
96, 193
96, 192
98, 190
98, 189
100, 187
100, 186
104, 182
104, 181
105, 180
106, 180
109, 177
110, 177
111, 176
112, 176
113, 175
114, 175
115, 174
117, 174
118, 173
120, 175
120, 177
119, 178
119, 183
118, 184
118, 188
117, 189
117, 192
116, 193
116, 196
115, 197
115, 199
114, 200
114, 202
113, 203
113, 205
112, 206
112, 208
111, 209
111, 211
110, 212
110, 214
109, 215
109, 217
108, 218
108, 219
107, 220
107, 222
106, 223
106, 225
105, 226
105, 228
104, 229
104, 231
103, 232
103, 234
102, 235
102, 238
101, 239
101, 241
100, 242
100, 245
99, 246
99, 249
98, 250
98, 252
97, 253
97, 256
96, 257
96, 260
95, 261
95, 264
94, 265
92, 265
86, 259
86, 258
84, 256
84, 255
83, 254
83, 253
82, 252
82, 251
81, 250
81, 249
80, 248
80, 247
79, 246
79, 245
78, 244
78, 242
77, 241
77, 240
76, 239
76, 237
75, 236
75, 234
74, 233
74, 231
73, 230
73, 228
72, 227
72, 223
71, 222
71, 219
70, 218
70, 213
69, 212
69, 196
70, 195
70, 189
71, 188
71, 185
72, 184
72, 182
73, 181
73, 179
74, 178
74, 177
75, 176
75, 174
76, 173
76, 172
78, 170
78, 169
79, 168
79, 167
81, 165
81, 164
83, 162
83, 161
85, 159
85, 158
87, 156
87, 155
89, 153
89, 152
92, 149
92, 148
95, 145
95, 144
97, 142
97, 141
101, 137
101, 136
104, 133
104, 132
107, 129
107, 128
110, 125
110, 124
113, 121
113, 120
125, 108
126, 108
130, 104
131, 104
133, 102
134, 102
135, 101
200, 20
201, 19
203, 19
204, 20
205, 20
207, 22
207, 24
208, 25
208, 27
209, 28
209, 33
210, 34
210, 49
209, 50
209, 63
208, 64
208, 71
207, 72
207, 80
206, 81
206, 86
205, 87
205, 90
204, 91
204, 93
203, 94
203, 95
202, 96
202, 97
199, 100
198, 100
197, 101
196, 101
195, 102
187, 102
186, 101
184, 101
183, 100
181, 100
180, 99
177, 99
176, 98
174, 98
173, 97
171, 97
170, 96
165, 96
164, 95
160, 95
159, 94
148, 94
147, 93
147, 92
148, 91
148, 89
149, 88
149, 86
150, 85
150, 83
151, 82
151, 80
152, 79
152, 77
153, 76
153, 74
154, 73
154, 72
155, 71
155, 69
156, 68
156, 67
157, 66
157, 64
158, 63
158, 62
159, 61
159, 60
160, 59
160, 57
162, 55
162, 54
163, 53
163, 52
165, 50
165, 49
167, 47
167, 46
171, 42
171, 41
178, 34
179, 34
183, 30
184, 30
186, 28
187, 28
190, 25
191, 25
193, 23
194, 23
195, 22
196, 22
198, 20
