226, 2
228, 367
4, 369
2, 4
198, 16
197, 17
196, 17
195, 18
194, 18
193, 19
192, 19
183, 28
183, 29
179, 33
179, 34
175, 38
175, 39
172, 42
172, 43
170, 45
170, 46
168, 48
168, 49
166, 51
166, 52
165, 53
165, 54
163, 56
163, 57
162, 58
162, 59
161, 60
161, 61
160, 62
160, 63
159, 64
159, 65
158, 66
158, 67
157, 68
157, 69
156, 70
156, 71
155, 72
155, 73
154, 74
154, 75
153, 76
153, 78
152, 79
152, 80
151, 81
151, 82
150, 83
150, 85
149, 86
149, 87
148, 88
148, 89
147, 90
147, 92
146, 93
146, 94
145, 95
145, 97
144, 98
144, 99
143, 100
143, 102
142, 103
142, 104
141, 105
141, 107
140, 108
140, 109
139, 110
139, 112
138, 113
138, 115
137, 116
137, 118
136, 119
136, 121
135, 122
135, 124
134, 125
134, 127
132, 129
131, 129
130, 128
129, 128
128, 127
127, 127
126, 126
125, 126
124, 125
110, 125
109, 126
106, 126
105, 127
103, 127
102, 128
100, 128
99, 129
97, 129
96, 130
94, 130
93, 131
82, 131
81, 132
80, 132
79, 133
78, 133
76, 135
75, 135
70, 140
70, 141
66, 145
66, 146
64, 148
64, 149
62, 151
62, 152
60, 154
60, 155
59, 156
59, 157
57, 159
57, 160
56, 161
56, 162
55, 163
55, 165
54, 166
54, 167
53, 168
53, 170
52, 171
52, 174
51, 175
51, 179
50, 180
50, 184
49, 185
49, 190
48, 191
48, 197
47, 198
47, 205
46, 206
46, 213
45, 214
45, 236
46, 237
46, 241
47, 242
47, 246
48, 247
48, 249
49, 250
49, 252
50, 253
50, 255
51, 256
51, 257
52, 258
52, 259
54, 261
54, 262
55, 263
55, 264
58, 267
58, 268
65, 275
66, 275
69, 278
70, 278
72, 280
73, 280
74, 281
75, 281
76, 282
77, 282
78, 283
80, 283
81, 284
85, 284
86, 285
86, 287
85, 288
85, 290
84, 291
84, 293
83, 294
83, 295
82, 296
82, 298
81, 299
81, 300
80, 301
80, 303
79, 304
79, 305
78, 306
78, 307
77, 308
77, 309
76, 310
76, 311
75, 312
75, 313
74, 314
74, 315
73, 316
73, 317
72, 318
72, 319
71, 320
71, 321
69, 323
69, 324
68, 325
68, 326
66, 328
66, 329
65, 330
65, 331
63, 333
63, 334
59, 338
59, 339
52, 346
51, 346
49, 348
48, 348
47, 349
46, 349
45, 350
44, 350
43, 351
39, 351
38, 352
37, 352
36, 351
32, 351
31, 350
30, 350
29, 349
28, 349
27, 348
26, 348
18, 340
18, 339
17, 338
17, 337
16, 336
16, 335
15, 334
15, 332
14, 331
14, 328
13, 327
13, 322
12, 321
12, 314
13, 313
13, 307
14, 306
14, 302
15, 301
15, 299
16, 298
16, 296
17, 295
17, 291
18, 290
18, 286
19, 285
19, 284
18, 283
17, 283
16, 284
16, 287
15, 288
15, 292
14, 293
14, 296
13, 297
13, 299
12, 300
12, 302
11, 303
11, 309
10, 310
10, 325
11, 326
11, 330
12, 331
12, 333
13, 334
13, 336
14, 337
14, 338
15, 339
15, 340
17, 342
17, 343
24, 350
25, 350
26, 351
27, 351
28, 352
29, 352
30, 353
32, 353
33, 354
42, 354
43, 353
45, 353
46, 352
47, 352
48, 351
49, 351
50, 350
51, 350
54, 347
55, 347
61, 341
61, 340
64, 337
64, 336
67, 333
67, 332
68, 331
68, 330
70, 328
70, 327
71, 326
71, 325
73, 323
73, 322
74, 321
74, 320
75, 319
75, 318
76, 317
76, 316
77, 315
77, 314
78, 313
78, 312
79, 311
79, 310
80, 309
80, 308
81, 307
81, 306
82, 305
82, 303
83, 302
83, 301
84, 300
84, 298
85, 297
85, 296
86, 295
86, 293
87, 292
87, 291
88, 290
88, 288
89, 287
89, 286
91, 284
95, 284
96, 283
98, 283
99, 282
101, 282
103, 280
104, 280
105, 279
106, 279
108, 277
109, 277
114, 272
114, 271
117, 268
117, 267
119, 265
119, 264
121, 262
121, 261
123, 259
123, 258
125, 256
125, 255
126, 254
126, 253
128, 251
128, 250
129, 249
129, 248
131, 246
131, 245
132, 244
132, 243
133, 242
133, 240
134, 239
134, 238
135, 237
135, 236
136, 235
136, 233
137, 232
137, 231
138, 230
138, 228
139, 227
139, 225
140, 224
140, 222
141, 221
141, 218
142, 217
142, 213
143, 212
143, 207
144, 206
144, 191
143, 190
143, 187
142, 186
142, 184
141, 183
141, 181
140, 180
140, 177
139, 176
139, 174
138, 173
138, 171
137, 170
137, 169
136, 168
136, 167
132, 163
131, 163
130, 162
129, 162
128, 161
127, 161
126, 160
126, 158
127, 157
127, 155
128, 154
128, 152
129, 151
129, 149
130, 148
130, 145
131, 144
131, 142
132, 141
132, 139
133, 138
133, 136
135, 134
136, 135
139, 135
140, 136
154, 136
155, 135
159, 135
160, 134
164, 134
165, 133
169, 133
170, 132
172, 132
173, 131
175, 131
177, 129
178, 129
185, 122
185, 121
189, 117
189, 116
191, 114
191, 113
193, 111
193, 110
195, 108
195, 107
196, 106
196, 105
198, 103
198, 102
199, 101
199, 100
200, 99
200, 98
202, 96
202, 95
203, 94
203, 93
204, 92
204, 91
206, 89
206, 88
207, 87
207, 86
208, 85
208, 84
209, 83
209, 81
210, 80
210, 79
211, 78
211, 77
212, 76
212, 74
213, 73
213, 71
214, 70
214, 67
215, 66
215, 63
216, 62
216, 58
217, 57
217, 54
218, 53
218, 49
219, 48
219, 31
218, 30
218, 28
217, 27
217, 26
216, 25
216, 24
215, 23
215, 22
214, 21
213, 21
211, 19
210, 19
208, 17
207, 17
206, 16
126, 163
127, 164
128, 164
129, 165
130, 165
134, 169
134, 170
135, 171
135, 173
136, 174
136, 176
137, 177
137, 179
138, 180
138, 182
139, 183
139, 185
140, 186
140, 188
141, 189
141, 208
140, 209
140, 214
139, 215
139, 218
138, 219
138, 222
137, 223
137, 225
136, 226
136, 228
135, 229
135, 230
134, 231
134, 233
133, 234
133, 235
132, 236
132, 237
131, 238
131, 240
130, 241
130, 242
129, 243
129, 244
127, 246
127, 247
126, 248
126, 249
125, 250
125, 251
123, 253
123, 254
121, 256
121, 257
119, 259
119, 260
117, 262
117, 263
115, 265
115, 266
112, 269
112, 270
107, 275
106, 275
104, 277
103, 277
101, 279
100, 279
99, 280
97, 280
96, 281
92, 281
91, 280
91, 279
92, 278
92, 276
93, 275
93, 273
94, 272
94, 269
95, 268
95, 266
96, 265
96, 262
97, 261
97, 258
98, 257
98, 255
99, 254
99, 251
100, 250
100, 247
101, 246
101, 243
102, 242
102, 239
103, 238
103, 236
104, 235
104, 232
105, 231
105, 228
106, 227
106, 225
107, 224
107, 221
108, 220
108, 217
109, 216
109, 214
110, 213
110, 210
111, 209
111, 207
112, 206
112, 204
113, 203
113, 200
114, 199
114, 197
115, 196
115, 194
116, 193
116, 190
117, 189
117, 187
118, 186
118, 184
119, 183
119, 181
120, 180
120, 178
121, 177
121, 175
122, 174
122, 171
123, 170
123, 168
124, 167
124, 165
113, 128
114, 127
121, 127
122, 128
124, 128
125, 129
126, 129
127, 130
128, 130
129, 131
130, 131
131, 132
131, 136
130, 137
130, 139
129, 140
129, 142
128, 143
128, 145
127, 146
127, 148
126, 149
126, 151
125, 152
125, 155
124, 156
124, 157
123, 158
121, 158
120, 157
119, 157
118, 156
117, 156
116, 155
114, 155
113, 154
111, 154
110, 153
106, 153
105, 154
104, 154
103, 155
102, 155
98, 159
98, 160
96, 162
96, 164
95, 165
95, 169
96, 170
96, 171
97, 171
98, 172
99, 172
100, 171
100, 170
98, 168
98, 164
99, 163
99, 162
104, 157
105, 157
106, 156
111, 156
112, 157
114, 157
115, 158
116, 158
117, 159
118, 159
119, 160
120, 160
122, 162
122, 164
121, 165
121, 168
120, 169
120, 171
119, 172
119, 175
118, 176
118, 178
117, 179
117, 181
116, 182
116, 184
115, 185
115, 187
114, 188
114, 190
113, 191
113, 194
112, 195
112, 197
111, 198
111, 200
110, 201
110, 204
109, 205
109, 207
108, 208
108, 210
107, 211
107, 214
106, 215
106, 217
105, 218
105, 221
104, 222
104, 225
103, 226
103, 228
102, 229
102, 232
101, 233
101, 236
100, 237
100, 240
99, 241
99, 243
98, 244
98, 247
97, 248
97, 251
96, 252
96, 255
95, 256
95, 259
94, 260
94, 262
93, 263
93, 266
92, 267
92, 269
91, 270
91, 273
90, 274
90, 276
89, 277
89, 279
88, 280
88, 281
87, 282
84, 282
83, 281
80, 281
79, 280
78, 280
77, 279
76, 279
75, 278
74, 278
72, 276
71, 276
68, 273
67, 273
60, 266
60, 265
57, 262
57, 261
56, 260
56, 259
54, 257
54, 256
53, 255
53, 254
52, 253
52, 251
51, 250
51, 248
50, 247
50, 244
49, 243
49, 239
48, 238
48, 211
49, 210
49, 202
50, 201
50, 195
51, 194
51, 189
52, 188
52, 183
53, 182
53, 178
54, 177
54, 174
55, 173
55, 170
56, 169
56, 168
57, 167
57, 165
58, 164
58, 163
59, 162
59, 161
60, 160
60, 159
62, 157
62, 156
63, 155
63, 154
65, 152
65, 151
68, 148
68, 147
72, 143
72, 142
77, 137
78, 137
80, 135
81, 135
82, 134
84, 134
85, 133
95, 133
96, 132
99, 132
100, 131
102, 131
103, 130
104, 130
105, 129
108, 129
109, 128
199, 19
200, 18
203, 18
204, 19
206, 19
207, 20
208, 20
211, 23
212, 23
213, 24
213, 25
214, 26
214, 27
215, 28
215, 29
216, 30
216, 34
217, 35
217, 43
216, 44
216, 50
215, 51
215, 54
214, 55
214, 59
213, 60
213, 63
212, 64
212, 67
211, 68
211, 71
210, 72
210, 73
209, 74
209, 76
208, 77
208, 78
207, 79
207, 81
206, 82
206, 83
205, 84
205, 85
204, 86
204, 87
203, 88
203, 89
201, 91
201, 92
200, 93
200, 94
199, 95
199, 96
197, 98
197, 99
196, 100
196, 101
194, 103
194, 104
193, 105
193, 106
191, 108
191, 109
190, 110
190, 111
187, 114
187, 115
184, 118
184, 119
175, 128
174, 128
173, 129
171, 129
170, 130
167, 130
166, 131
162, 131
161, 132
157, 132
156, 133
152, 133
151, 134
144, 134
143, 133
139, 133
138, 132
137, 132
135, 130
136, 129
136, 127
137, 126
137, 124
138, 123
138, 121
139, 120
139, 118
140, 117
140, 115
141, 114
141, 113
142, 112
142, 110
143, 109
143, 107
144, 106
144, 105
145, 104
145, 102
146, 101
146, 100
147, 99
147, 97
148, 96
148, 95
149, 94
149, 92
150, 91
150, 90
151, 89
151, 88
152, 87
152, 85
153, 84
153, 83
154, 82
154, 81
155, 80
155, 78
156, 77
156, 76
157, 75
157, 74
158, 73
158, 72
159, 71
159, 70
160, 69
160, 68
161, 67
161, 66
162, 65
162, 64
163, 63
163, 62
164, 61
164, 60
165, 59
165, 58
167, 56
167, 55
168, 54
168, 53
170, 51
170, 50
172, 48
172, 47
174, 45
174, 44
177, 41
177, 40
180, 37
180, 36
184, 32
184, 31
194, 21
195, 21
196, 20
197, 20
198, 19
