4, 33
2, 35
0, 35
0, 37
2, 37
4, 39
4, 99
2, 101
0, 101
0, 103
2, 103
4, 105
4, 166
2, 168
0, 168
0, 170
2, 170
4, 172
4, 232
2, 234
0, 234
0, 236
2, 236
4, 238
4, 298
2, 300
0, 300
0, 302
2, 302
4, 304
4, 365
2, 367
0, 367
2, 369
4, 371
256, 2
258, 367
8, 369
6, 4
232, 16
231, 17
229, 17
228, 18
227, 18
225, 20
224, 20
222, 22
221, 22
213, 30
213, 31
210, 34
210, 35
207, 38
207, 39
205, 41
205, 42
203, 44
203, 45
202, 46
202, 47
200, 49
200, 50
199, 51
199, 52
197, 54
197, 55
196, 56
196, 57
195, 58
195, 59
193, 61
193, 62
192, 63
192, 64
190, 66
190, 67
189, 68
189, 69
188, 70
188, 71
186, 73
186, 74
185, 75
185, 76
184, 77
184, 78
183, 79
183, 80
182, 81
182, 82
181, 83
181, 84
180, 85
180, 86
179, 87
179, 88
178, 89
178, 90
177, 91
177, 92
176, 93
176, 95
174, 97
173, 97
172, 98
170, 98
169, 99
167, 99
166, 100
163, 100
162, 101
159, 101
158, 102
156, 102
155, 103
152, 103
151, 104
149, 104
148, 105
147, 105
146, 106
145, 106
144, 107
143, 107
142, 108
141, 108
138, 111
137, 111
114, 134
114, 135
110, 139
110, 140
108, 142
108, 143
106, 145
106, 146
104, 148
104, 149
103, 150
103, 151
101, 153
101, 154
100, 155
100, 156
99, 157
99, 158
98, 159
98, 160
97, 161
97, 162
96, 163
96, 164
95, 165
95, 166
93, 168
93, 169
92, 170
92, 171
91, 172
91, 173
90, 174
90, 175
89, 176
89, 177
88, 178
88, 179
87, 180
87, 181
86, 182
86, 183
85, 184
85, 185
84, 186
84, 187
83, 188
83, 190
82, 191
82, 192
81, 193
81, 194
80, 195
80, 197
79, 198
79, 199
78, 200
78, 202
77, 203
77, 204
76, 205
76, 206
75, 207
75, 209
74, 210
74, 211
73, 212
73, 214
72, 215
72, 216
71, 217
71, 220
70, 221
70, 223
69, 224
69, 226
68, 227
68, 229
67, 230
67, 233
66, 234
66, 237
65, 238
65, 242
64, 243
64, 248
63, 249
63, 256
62, 257
62, 267
63, 268
63, 272
64, 273
64, 276
65, 277
65, 278
66, 279
66, 280
67, 281
67, 282
69, 284
69, 285
72, 288
72, 289
78, 295
79, 295
81, 297
82, 297
83, 298
84, 298
85, 299
88, 299
89, 300
99, 300
100, 301
100, 303
98, 305
98, 306
96, 308
96, 309
94, 311
94, 312
91, 315
91, 316
89, 318
89, 319
86, 322
86, 323
83, 326
83, 327
78, 332
78, 333
69, 342
68, 342
65, 345
64, 345
63, 346
62, 346
60, 348
59, 348
58, 349
57, 349
56, 350
54, 350
53, 351
41, 351
40, 350
38, 350
37, 349
36, 349
35, 348
34, 348
32, 346
31, 346
22, 337
22, 336
16, 330
15, 331
15, 333
17, 335
17, 336
29, 348
30, 348
32, 350
33, 350
34, 351
35, 351
36, 352
37, 352
38, 353
40, 353
41, 354
53, 354
54, 353
56, 353
57, 352
58, 352
59, 351
60, 351
61, 350
62, 350
63, 349
64, 349
66, 347
67, 347
69, 345
70, 345
82, 333
82, 332
86, 328
86, 327
89, 324
89, 323
92, 320
92, 319
94, 317
94, 316
97, 313
97, 312
99, 310
99, 309
101, 307
101, 306
102, 305
102, 304
104, 302
104, 301
107, 298
108, 298
109, 297
110, 297
111, 296
112, 296
114, 294
115, 294
118, 291
119, 291
126, 284
126, 283
129, 280
129, 279
132, 276
132, 275
134, 273
134, 272
136, 270
136, 269
138, 267
138, 266
139, 265
139, 264
141, 262
141, 261
142, 260
142, 259
143, 258
143, 257
144, 256
144, 255
145, 254
145, 253
146, 252
146, 251
147, 250
147, 248
148, 247
148, 246
149, 245
149, 244
150, 243
150, 242
151, 241
151, 239
152, 238
152, 236
153, 235
153, 234
154, 233
154, 231
155, 230
155, 229
156, 228
156, 225
157, 224
157, 222
158, 221
158, 218
159, 217
159, 215
160, 214
160, 211
161, 210
161, 207
162, 206
162, 202
163, 201
163, 195
164, 194
164, 167
163, 166
163, 160
162, 159
162, 155
161, 154
161, 152
160, 151
160, 147
161, 146
161, 143
162, 142
162, 140
163, 139
163, 137
164, 136
164, 134
165, 133
165, 131
166, 130
166, 128
167, 127
167, 125
168, 124
168, 122
169, 121
169, 120
170, 119
170, 117
171, 116
171, 114
172, 113
172, 111
173, 110
173, 108
174, 107
174, 106
175, 105
175, 103
176, 102
176, 101
178, 99
179, 99
180, 98
182, 98
183, 97
184, 97
185, 96
187, 96
188, 95
189, 95
190, 94
191, 94
192, 93
194, 93
195, 92
196, 92
197, 91
198, 91
200, 89
201, 89
202, 88
203, 88
205, 86
206, 86
208, 84
209, 84
211, 82
212, 82
217, 77
218, 77
228, 67
228, 66
233, 61
233, 60
236, 57
236, 56
237, 55
237, 54
239, 52
239, 51
241, 49
241, 48
242, 47
242, 46
243, 45
243, 44
244, 43
244, 42
245, 41
245, 40
246, 39
246, 38
247, 37
247, 35
248, 34
248, 30
249, 29
249, 26
248, 25
248, 22
247, 21
247, 20
245, 18
244, 18
243, 17
242, 17
241, 16
157, 158
158, 157
159, 158
159, 159
160, 160
160, 165
161, 166
161, 175
162, 176
162, 183
161, 184
161, 195
160, 196
160, 201
159, 202
159, 206
158, 207
158, 210
157, 211
157, 214
156, 215
156, 217
155, 218
155, 221
154, 222
154, 224
153, 225
153, 227
152, 228
152, 230
151, 231
151, 232
150, 233
150, 235
149, 236
149, 238
148, 239
148, 240
147, 241
147, 243
146, 244
146, 245
145, 246
145, 247
144, 248
144, 249
143, 250
143, 251
142, 252
142, 253
141, 254
141, 255
140, 256
140, 257
139, 258
139, 259
138, 260
138, 261
137, 262
137, 263
135, 265
135, 266
133, 268
133, 269
131, 271
131, 272
129, 274
129, 275
126, 278
126, 279
114, 291
113, 291
111, 293
110, 293
109, 292
109, 291
110, 290
110, 289
111, 288
111, 287
112, 286
112, 285
114, 283
114, 282
115, 281
115, 280
116, 279
116, 278
117, 277
117, 276
118, 275
118, 274
119, 273
119, 271
120, 270
120, 269
121, 268
121, 267
122, 266
122, 265
123, 264
123, 262
124, 261
124, 260
125, 259
125, 257
126, 256
126, 255
127, 254
127, 253
128, 252
128, 250
129, 249
129, 247
130, 246
130, 245
131, 244
131, 242
132, 241
132, 239
133, 238
133, 237
134, 236
134, 234
135, 233
135, 231
136, 230
136, 229
137, 228
137, 226
138, 225
138, 223
139, 222
139, 220
140, 219
140, 217
141, 216
141, 214
142, 213
142, 210
143, 209
143, 206
144, 205
144, 203
145, 202
145, 199
146, 198
146, 196
147, 195
147, 192
148, 191
148, 189
149, 188
149, 185
150, 184
150, 182
151, 181
151, 178
152, 177
152, 175
153, 174
153, 171
154, 170
154, 168
155, 167
155, 164
156, 163
156, 161
157, 160
169, 102
170, 101
171, 101
172, 102
172, 105
171, 106
171, 107
170, 108
170, 110
169, 111
169, 113
168, 114
168, 116
167, 117
167, 118
166, 119
166, 121
165, 122
165, 124
164, 125
164, 127
163, 128
163, 130
162, 131
162, 132
161, 133
161, 135
160, 136
160, 139
159, 140
159, 141
158, 142
157, 142
155, 140
155, 139
151, 135
150, 135
148, 133
147, 133
146, 132
144, 132
143, 131
137, 131
136, 132
134, 132
131, 135
130, 135
126, 139
126, 140
124, 142
124, 143
122, 145
122, 146
121, 147
121, 148
120, 149
120, 150
119, 151
119, 153
118, 154
118, 156
117, 157
117, 161
116, 162
116, 169
119, 172
122, 172
122, 170
121, 170
119, 168
119, 161
120, 160
120, 157
121, 156
121, 154
122, 153
122, 151
123, 150
123, 149
125, 147
125, 146
127, 144
127, 143
135, 135
136, 135
137, 134
143, 134
144, 135
145, 135
146, 136
147, 136
149, 138
150, 138
152, 140
152, 141
155, 144
155, 145
156, 146
156, 148
157, 149
156, 150
156, 153
155, 154
155, 156
154, 157
154, 160
153, 161
153, 163
152, 164
152, 167
151, 168
151, 170
150, 171
150, 174
149, 175
149, 177
148, 178
148, 181
147, 182
147, 184
146, 185
146, 188
145, 189
145, 191
144, 192
144, 195
143, 196
143, 198
142, 199
142, 202
141, 203
141, 205
140, 206
140, 209
139, 210
139, 213
138, 214
138, 216
137, 217
137, 219
136, 220
136, 222
135, 223
135, 225
134, 226
134, 227
133, 228
133, 230
132, 231
132, 233
131, 234
131, 235
130, 236
130, 238
129, 239
129, 241
128, 242
128, 243
127, 244
127, 246
126, 247
126, 249
125, 250
125, 251
124, 252
124, 254
123, 255
123, 256
122, 257
122, 259
121, 260
121, 261
120, 262
120, 263
119, 264
119, 266
118, 267
118, 268
117, 269
117, 270
116, 271
116, 272
115, 273
115, 274
114, 275
114, 276
113, 277
113, 278
112, 279
112, 280
111, 281
111, 282
110, 283
110, 284
109, 285
109, 286
108, 287
108, 288
107, 289
107, 290
106, 291
106, 292
105, 293
105, 294
102, 297
89, 297
88, 296
86, 296
85, 295
84, 295
83, 294
82, 294
80, 292
79, 292
75, 288
75, 287
72, 284
72, 283
70, 281
70, 280
68, 278
68, 276
67, 275
67, 274
66, 273
66, 269
65, 268
65, 256
66, 255
66, 248
67, 247
67, 243
68, 242
68, 238
69, 237
69, 234
70, 233
70, 230
71, 229
71, 227
72, 226
72, 224
73, 223
73, 221
74, 220
74, 218
75, 217
75, 215
76, 214
76, 213
77, 212
77, 210
78, 209
78, 208
79, 207
79, 205
80, 204
80, 203
81, 202
81, 201
82, 200
82, 198
83, 197
83, 196
84, 195
84, 193
85, 192
85, 191
86, 190
86, 189
87, 188
87, 186
88, 185
88, 184
89, 183
89, 182
90, 181
90, 180
91, 179
91, 178
92, 177
92, 176
93, 175
93, 174
95, 172
95, 171
96, 170
96, 169
97, 168
97, 167
98, 166
98, 165
99, 164
99, 163
100, 162
100, 161
102, 159
102, 158
103, 157
103, 156
104, 155
104, 154
105, 153
105, 152
107, 150
107, 149
109, 147
109, 146
111, 144
111, 143
113, 141
113, 140
117, 136
117, 135
137, 115
138, 115
142, 111
143, 111
145, 109
146, 109
147, 108
148, 108
149, 107
151, 107
152, 106
155, 106
156, 105
158, 105
159, 104
162, 104
163, 103
166, 103
167, 102
235, 19
236, 18
237, 18
238, 19
241, 19
245, 23
245, 25
246, 26
246, 30
245, 31
245, 34
244, 35
244, 36
243, 37
243, 38
242, 39
242, 41
241, 42
241, 43
239, 45
239, 46
238, 47
238, 48
237, 49
237, 50
235, 52
235, 53
233, 55
233, 56
230, 59
230, 60
222, 68
222, 69
220, 71
219, 71
212, 78
211, 78
208, 81
207, 81
204, 84
203, 84
202, 85
201, 85
199, 87
198, 87
197, 88
196, 88
195, 89
194, 89
193, 90
192, 90
191, 91
190, 91
189, 92
187, 92
186, 93
185, 93
184, 94
182, 94
181, 95
180, 95
179, 94
180, 93
180, 92
181, 91
181, 90
182, 89
182, 87
183, 86
183, 85
184, 84
184, 83
185, 82
185, 81
186, 80
186, 79
188, 77
188, 76
189, 75
189, 74
190, 73
190, 72
191, 71
191, 70
193, 68
193, 67
194, 66
194, 65
196, 63
196, 62
197, 61
197, 60
199, 58
199, 57
200, 56
200, 55
201, 54
201, 53
203, 51
203, 50
204, 49
204, 48
206, 46
206, 45
208, 43
208, 42
210, 40
210, 39
213, 36
213, 35
217, 31
217, 30
222, 25
223, 25
226, 22
227, 22
228, 21
229, 21
230, 20
231, 20
232, 19
