234, 2
236, 367
4, 369
2, 4
165, 15
164, 16
163, 16
162, 17
161, 17
159, 19
158, 19
156, 21
155, 21
154, 22
154, 23
150, 27
150, 28
149, 29
149, 31
148, 32
148, 33
147, 34
147, 36
146, 37
146, 39
145, 40
145, 43
144, 44
144, 46
143, 47
143, 50
142, 51
142, 55
141, 56
141, 60
140, 61
140, 65
139, 66
139, 71
138, 72
138, 78
137, 79
137, 87
136, 88
136, 99
135, 100
135, 113
134, 114
134, 118
117, 135
116, 135
109, 142
108, 142
103, 147
102, 147
98, 151
97, 151
94, 154
93, 154
90, 157
89, 157
86, 160
85, 160
83, 162
82, 162
81, 163
80, 163
79, 164
78, 164
77, 165
72, 165
68, 161
68, 158
67, 157
67, 127
68, 126
68, 114
69, 113
69, 102
70, 101
70, 91
71, 90
71, 82
72, 81
72, 74
73, 73
73, 68
74, 67
74, 62
75, 61
75, 57
76, 56
76, 52
77, 51
77, 47
78, 46
78, 43
79, 42
79, 37
80, 36
80, 34
81, 33
81, 32
82, 31
82, 29
83, 28
83, 24
84, 23
84, 19
83, 18
82, 18
80, 20
80, 22
79, 23
79, 25
78, 26
78, 28
77, 29
77, 31
75, 33
74, 33
70, 37
69, 37
67, 39
66, 39
63, 42
62, 42
61, 43
60, 43
58, 45
57, 45
55, 47
54, 47
52, 49
51, 49
49, 51
48, 51
46, 53
45, 53
44, 54
43, 54
41, 56
40, 56
38, 58
37, 58
35, 60
34, 60
32, 62
31, 62
29, 64
28, 64
26, 66
25, 66
22, 69
21, 69
17, 73
16, 73
13, 76
13, 77
11, 79
11, 80
10, 81
10, 85
13, 85
14, 84
14, 82
15, 81
15, 80
20, 75
21, 75
25, 71
26, 71
29, 68
30, 68
32, 66
33, 66
35, 64
36, 64
38, 62
39, 62
40, 61
41, 61
43, 59
44, 59
46, 57
47, 57
49, 55
50, 55
52, 53
53, 53
55, 51
56, 51
58, 49
59, 49
61, 47
62, 47
63, 46
64, 46
66, 44
67, 44
69, 42
70, 42
73, 39
74, 39
75, 40
75, 42
74, 43
74, 47
73, 48
73, 52
72, 53
72, 57
71, 58
71, 62
70, 63
70, 68
69, 69
69, 74
68, 75
68, 83
67, 84
67, 92
66, 93
66, 103
65, 104
65, 115
64, 116
64, 129
63, 130
63, 157
64, 158
64, 161
65, 162
65, 164
69, 168
70, 168
71, 169
77, 169
78, 168
80, 168
81, 167
82, 167
83, 166
84, 166
86, 164
87, 164
89, 162
90, 162
93, 159
94, 159
97, 156
98, 156
101, 153
102, 153
107, 148
108, 148
113, 143
114, 143
122, 135
123, 135
132, 126
133, 127
133, 134
132, 135
132, 145
131, 146
131, 157
130, 158
130, 180
129, 181
129, 190
128, 191
128, 194
126, 196
125, 196
123, 198
122, 198
121, 199
120, 199
118, 201
117, 201
115, 203
114, 203
113, 204
112, 204
111, 205
110, 205
109, 206
108, 206
107, 207
106, 207
105, 208
103, 208
102, 209
100, 209
99, 210
98, 210
97, 211
97, 214
98, 215
99, 215
100, 216
102, 214
102, 213
103, 212
104, 212
105, 211
107, 211
108, 210
109, 210
110, 209
111, 209
112, 208
113, 208
114, 207
115, 207
117, 205
118, 205
119, 204
120, 204
122, 202
123, 202
125, 200
126, 200
127, 201
127, 204
126, 205
126, 209
125, 210
125, 213
124, 214
124, 218
123, 219
123, 223
122, 224
122, 228
121, 229
121, 232
120, 233
120, 235
119, 236
119, 239
118, 240
118, 243
117, 244
117, 246
116, 247
116, 249
115, 250
115, 252
114, 253
114, 255
113, 256
113, 258
112, 259
112, 260
111, 261
111, 263
110, 264
110, 265
109, 266
109, 267
108, 268
108, 269
107, 270
107, 272
106, 273
106, 274
105, 275
105, 276
104, 277
104, 278
102, 280
102, 281
101, 282
101, 283
100, 284
100, 285
98, 287
98, 288
96, 290
96, 291
94, 293
94, 294
91, 297
91, 298
85, 304
85, 305
73, 317
72, 317
71, 318
70, 318
68, 320
66, 320
65, 321
62, 321
61, 322
55, 322
54, 321
50, 321
49, 320
47, 320
46, 319
44, 319
43, 318
42, 318
41, 317
40, 317
38, 315
37, 315
35, 313
34, 313
26, 305
26, 304
24, 302
24, 301
19, 296
19, 295
17, 293
17, 292
15, 290
13, 290
12, 291
12, 293
14, 295
14, 296
17, 299
17, 300
22, 305
22, 306
34, 318
35, 318
36, 319
37, 319
39, 321
40, 321
41, 322
43, 322
44, 323
45, 323
46, 324
49, 324
50, 325
55, 325
56, 326
60, 326
61, 325
65, 325
66, 324
68, 324
69, 323
70, 323
71, 322
72, 322
73, 321
74, 321
76, 319
77, 319
86, 310
86, 309
92, 303
92, 302
96, 298
96, 297
98, 295
98, 294
100, 292
100, 291
102, 289
102, 288
104, 286
104, 285
105, 284
105, 283
106, 282
106, 281
107, 280
107, 279
108, 278
108, 277
109, 276
109, 275
110, 274
110, 273
111, 272
111, 271
112, 270
112, 269
113, 268
113, 266
114, 265
114, 264
115, 263
115, 262
116, 261
116, 259
117, 258
117, 256
118, 255
118, 253
119, 252
119, 250
120, 249
120, 247
121, 246
121, 244
122, 243
122, 240
123, 239
123, 236
124, 235
124, 232
125, 231
125, 228
126, 227
126, 224
127, 223
127, 219
128, 218
128, 214
129, 213
129, 209
130, 208
130, 204
131, 203
131, 198
132, 197
132, 196
133, 195
134, 195
136, 193
137, 193
139, 191
140, 191
142, 189
143, 189
145, 187
146, 187
148, 185
149, 185
152, 182
153, 182
156, 179
157, 179
160, 176
161, 176
164, 173
165, 173
168, 170
169, 170
172, 167
173, 167
176, 164
177, 164
180, 161
181, 161
184, 158
185, 158
188, 155
189, 155
192, 152
193, 152
196, 149
197, 149
199, 147
200, 147
201, 146
202, 146
204, 144
205, 144
207, 142
208, 142
209, 141
210, 141
211, 140
213, 140
214, 141
215, 141
216, 142
217, 142
218, 143
218, 144
219, 145
219, 146
220, 147
220, 160
219, 161
219, 165
218, 166
218, 169
217, 170
217, 173
216, 174
216, 175
215, 176
215, 178
214, 179
214, 180
213, 181
213, 183
212, 184
212, 185
211, 186
211, 187
210, 188
210, 189
208, 191
208, 192
207, 193
207, 194
204, 197
204, 198
198, 204
196, 204
195, 205
191, 205
190, 206
187, 206
186, 207
184, 207
183, 208
181, 208
180, 207
180, 201
179, 200
179, 181
178, 180
178, 179
177, 178
174, 178
174, 179
173, 180
173, 182
174, 183
174, 188
175, 189
175, 211
174, 212
174, 213
171, 216
171, 217
170, 218
170, 223
169, 224
169, 225
170, 226
170, 227
173, 227
174, 228
174, 247
173, 248
173, 258
172, 259
172, 266
171, 267
171, 274
170, 275
170, 280
169, 281
169, 286
168, 287
168, 292
167, 293
167, 297
166, 298
166, 302
165, 303
165, 306
164, 307
164, 311
163, 312
163, 315
162, 316
162, 319
161, 320
161, 322
160, 323
160, 325
159, 326
159, 328
158, 329
158, 330
157, 331
157, 332
156, 333
156, 334
155, 335
155, 336
154, 337
147, 337
147, 340
150, 340
151, 341
145, 347
144, 347
142, 349
140, 349
139, 350
136, 350
135, 349
133, 349
132, 350
132, 353
133, 354
135, 354
136, 355
140, 355
141, 354
143, 354
144, 353
145, 353
147, 351
148, 351
151, 348
152, 348
155, 345
155, 344
159, 340
164, 340
165, 339
169, 339
170, 338
173, 338
174, 337
176, 337
177, 336
178, 336
179, 335
181, 335
182, 334
183, 334
184, 333
185, 333
186, 332
187, 332
188, 331
189, 331
191, 329
192, 329
194, 327
195, 327
198, 324
199, 324
210, 313
210, 312
213, 309
213, 308
215, 306
215, 305
217, 303
217, 302
218, 301
218, 300
219, 299
219, 298
220, 297
220, 296
221, 295
221, 293
222, 292
222, 290
223, 289
223, 286
224, 285
224, 282
225, 281
225, 276
226, 275
226, 267
227, 266
227, 233
226, 232
226, 222
225, 221
225, 217
224, 216
224, 214
223, 213
223, 212
221, 210
221, 209
220, 208
219, 208
217, 206
215, 206
214, 205
213, 205
212, 204
207, 204
205, 202
207, 200
207, 199
209, 197
209, 196
211, 194
211, 193
212, 192
212, 191
214, 189
214, 188
215, 187
215, 186
216, 185
216, 183
217, 182
217, 181
218, 180
218, 178
219, 177
219, 175
220, 174
220, 172
221, 171
221, 168
222, 167
222, 163
223, 162
223, 144
221, 142
221, 141
219, 139
218, 139
217, 138
216, 138
215, 137
213, 137
212, 136
211, 136
210, 137
209, 137
208, 138
207, 138
205, 140
204, 140
203, 141
202, 141
200, 143
199, 143
197, 145
196, 145
195, 146
194, 146
191, 149
190, 149
187, 152
186, 152
183, 155
182, 155
179, 158
178, 158
175, 161
174, 161
171, 164
170, 164
167, 167
166, 167
162, 171
161, 171
159, 173
158, 173
155, 176
154, 176
151, 179
150, 179
147, 182
146, 182
143, 185
142, 185
140, 187
139, 187
138, 188
137, 188
135, 190
134, 190
133, 189
133, 178
134, 177
134, 155
135, 154
135, 144
136, 143
136, 133
137, 132
137, 123
138, 122
138, 120
139, 119
139, 118
146, 111
146, 110
149, 107
149, 106
152, 103
152, 102
154, 100
154, 99
156, 97
156, 96
157, 95
157, 94
158, 93
158, 92
159, 91
159, 90
161, 88
161, 87
162, 86
162, 85
163, 84
163, 83
164, 82
164, 80
165, 79
165, 78
166, 77
166, 76
167, 75
167, 74
168, 73
168, 72
169, 71
169, 70
170, 69
170, 68
171, 67
171, 66
172, 65
172, 64
173, 63
173, 62
174, 61
174, 60
175, 59
175, 58
176, 57
176, 55
177, 54
177, 53
178, 52
178, 51
179, 50
179, 48
180, 47
180, 43
181, 42
181, 27
180, 26
180, 24
179, 23
179, 21
178, 20
178, 19
176, 17
175, 17
173, 15
188, 210
189, 209
192, 209
193, 210
189, 214
188, 214
184, 218
183, 218
182, 219
180, 219
179, 218
179, 215
180, 214
180, 213
181, 212
182, 212
183, 211
185, 211
186, 210
201, 207
210, 207
211, 208
214, 209
215, 209
220, 214
220, 215
221, 216
221, 218
222, 219
222, 224
223, 225
223, 238
224, 239
224, 262
223, 263
223, 272
222, 273
222, 278
221, 279
221, 283
220, 284
220, 287
219, 288
219, 290
218, 291
217, 294
217, 295
216, 296
216, 297
215, 298
215, 299
214, 300
214, 301
212, 303
212, 304
210, 306
210, 307
207, 310
207, 311
196, 322
195, 322
193, 324
192, 324
189, 327
188, 327
187, 328
186, 328
185, 329
184, 329
183, 330
182, 330
181, 331
180, 331
179, 332
178, 332
177, 333
175, 333
174, 334
172, 334
171, 335
168, 335
167, 336
161, 335
161, 334
162, 333
162, 332
163, 331
163, 329
164, 328
164, 327
165, 326
165, 323
166, 322
166, 320
167, 319
167, 316
168, 315
168, 312
169, 311
169, 307
170, 306
170, 303
171, 302
171, 298
172, 297
172, 292
173, 291
173, 287
174, 286
174, 280
175, 279
175, 274
176, 273
176, 266
177, 265
177, 257
178, 256
178, 245
179, 244
180, 225
180, 224
181, 223
182, 223
183, 222
184, 222
186, 220
187, 220
190, 217
191, 217
165, 20
166, 19
172, 19
175, 22
175, 23
176, 24
176, 26
177, 27
177, 43
176, 44
176, 47
175, 48
175, 49
174, 50
174, 52
173, 53
173, 54
172, 55
172, 56
171, 57
171, 58
170, 59
170, 60
169, 61
169, 62
168, 63
168, 64
167, 65
167, 67
166, 68
166, 69
165, 70
165, 71
164, 72
164, 73
163, 74
163, 75
162, 76
162, 77
161, 78
161, 79
160, 80
160, 81
159, 82
159, 83
158, 84
158, 85
157, 86
157, 87
156, 88
156, 89
154, 91
154, 92
153, 93
153, 94
152, 95
152, 96
150, 98
150, 99
147, 102
147, 103
144, 106
144, 107
140, 111
139, 110
139, 96
140, 95
140, 86
141, 85
141, 78
142, 77
142, 71
143, 70
143, 65
144, 64
144, 60
145, 59
145, 55
146, 54
146, 51
147, 50
147, 47
148, 46
148, 44
149, 43
149, 41
150, 40
150, 37
151, 36
151, 35
152, 34
152, 32
153, 31
153, 30
155, 28
155, 27
159, 23
160, 23
162, 21
163, 21
164, 20
