4, 63
2, 65
0, 65
0, 67
2, 67
4, 69
4, 138
2, 140
0, 140
0, 142
2, 142
4, 144
4, 214
2, 216
0, 216
0, 218
2, 218
4, 220
4, 289
2, 291
0, 291
0, 293
2, 293
4, 295
4, 364
2, 366
0, 366
2, 368
4, 370
4, 371
190, 2
192, 367
8, 369
6, 4
57, 15
56, 16
55, 16
54, 17
54, 18
52, 20
52, 21
51, 22
51, 23
49, 25
49, 26
48, 27
48, 28
46, 30
46, 31
45, 32
45, 33
43, 35
43, 36
42, 37
42, 38
40, 40
40, 41
39, 42
39, 43
38, 44
38, 45
37, 46
37, 47
36, 48
36, 49
35, 50
35, 51
34, 52
34, 53
32, 55
32, 56
31, 57
31, 58
30, 59
30, 60
29, 61
29, 62
28, 63
28, 65
27, 66
27, 67
26, 68
26, 69
25, 70
25, 71
24, 72
24, 74
23, 75
23, 77
22, 78
22, 82
24, 82
25, 81
25, 79
26, 78
26, 76
27, 75
27, 74
28, 73
28, 72
29, 71
29, 70
30, 69
30, 67
31, 66
31, 65
32, 64
32, 63
33, 62
33, 61
34, 60
34, 59
35, 58
35, 57
36, 56
36, 55
37, 54
37, 53
38, 52
38, 51
40, 49
40, 48
41, 47
41, 46
42, 45
42, 44
43, 43
43, 42
44, 41
44, 40
46, 38
46, 37
47, 36
47, 35
49, 33
49, 32
50, 31
50, 30
51, 29
51, 28
53, 26
53, 25
55, 23
55, 22
57, 20
58, 21
58, 22
59, 23
59, 32
58, 33
58, 40
57, 41
57, 46
56, 47
56, 52
55, 53
55, 58
54, 59
54, 65
53, 66
53, 71
52, 72
52, 78
51, 79
51, 87
50, 88
50, 112
51, 113
51, 122
52, 123
52, 128
53, 129
53, 133
54, 134
54, 137
55, 138
55, 140
56, 141
56, 142
57, 143
57, 144
58, 145
58, 146
63, 151
65, 151
66, 152
70, 152
71, 151
73, 151
74, 150
75, 150
76, 149
77, 149
78, 148
79, 148
80, 147
81, 147
83, 145
84, 145
86, 143
87, 143
91, 139
92, 139
94, 137
95, 138
95, 147
94, 148
94, 155
93, 156
93, 162
92, 163
92, 169
91, 170
91, 175
90, 176
90, 181
89, 182
89, 186
86, 189
84, 189
83, 190
80, 190
79, 191
77, 191
76, 192
74, 192
73, 193
72, 193
71, 194
70, 194
68, 196
67, 196
65, 198
65, 199
64, 200
64, 201
63, 202
63, 208
64, 208
65, 209
66, 208
67, 208
67, 203
68, 202
68, 201
70, 199
71, 199
73, 197
74, 197
75, 196
77, 196
78, 195
80, 195
81, 194
83, 194
84, 193
86, 193
87, 194
87, 197
86, 198
86, 201
85, 202
85, 206
84, 207
84, 211
83, 212
83, 216
82, 217
82, 221
81, 222
81, 226
80, 227
80, 232
79, 233
79, 237
78, 238
78, 243
77, 244
77, 249
76, 250
76, 253
75, 254
75, 258
74, 259
74, 261
73, 262
73, 265
72, 266
72, 268
71, 269
71, 272
70, 273
70, 275
69, 276
69, 279
68, 280
68, 282
67, 283
67, 286
66, 287
66, 289
65, 290
65, 291
64, 292
64, 294
63, 295
63, 296
62, 297
62, 298
61, 299
61, 301
60, 302
60, 303
59, 304
59, 305
57, 307
57, 308
55, 310
55, 311
51, 315
49, 315
48, 316
46, 316
45, 315
40, 315
39, 314
37, 314
36, 313
35, 313
34, 312
33, 312
31, 310
30, 310
25, 305
25, 304
24, 303
24, 302
23, 301
23, 299
22, 298
22, 294
21, 293
21, 288
20, 287
20, 275
19, 274
19, 262
18, 261
18, 248
17, 247
14, 247
13, 248
13, 249
12, 250
12, 253
13, 254
13, 256
14, 257
14, 258
15, 259
15, 265
16, 266
16, 279
17, 280
17, 290
18, 291
18, 295
19, 296
19, 300
20, 301
20, 302
21, 303
21, 305
22, 306
22, 307
28, 313
29, 313
31, 315
32, 315
33, 316
35, 316
36, 317
38, 317
39, 318
42, 318
43, 319
50, 319
51, 318
53, 318
58, 313
58, 312
60, 310
60, 309
61, 308
61, 307
62, 306
62, 305
63, 304
63, 303
64, 302
64, 301
65, 300
65, 299
66, 298
66, 296
67, 295
67, 294
68, 293
68, 291
69, 290
69, 289
70, 288
70, 285
71, 284
71, 282
72, 281
72, 278
73, 277
73, 274
74, 273
74, 271
75, 270
75, 267
76, 266
76, 264
77, 263
77, 260
78, 259
78, 257
79, 256
79, 252
80, 251
80, 246
81, 245
81, 241
82, 240
82, 235
83, 234
83, 229
84, 228
84, 224
85, 223
85, 219
86, 218
86, 214
87, 213
87, 209
88, 208
88, 205
89, 204
89, 200
90, 199
90, 195
91, 194
91, 193
92, 192
96, 192
97, 191
109, 191
110, 192
120, 192
121, 193
126, 193
127, 194
127, 196
126, 197
126, 201
125, 202
125, 207
124, 208
124, 214
123, 215
123, 221
122, 222
122, 228
121, 229
121, 235
120, 236
120, 243
119, 244
119, 252
118, 253
118, 262
117, 263
117, 274
116, 275
116, 286
115, 287
115, 302
114, 303
114, 318
113, 319
113, 338
112, 339
112, 354
113, 355
114, 355
116, 353
116, 339
117, 338
117, 319
118, 318
118, 304
119, 303
119, 287
121, 285
123, 285
124, 284
127, 284
128, 283
129, 283
130, 282
132, 282
133, 281
135, 281
136, 280
139, 280
140, 279
142, 279
143, 278
149, 278
150, 277
158, 277
159, 278
163, 278
164, 279
165, 279
166, 280
167, 280
171, 284
171, 286
172, 287
172, 289
171, 290
171, 294
170, 295
170, 297
169, 298
169, 299
168, 300
168, 301
167, 302
167, 303
166, 304
166, 305
165, 306
165, 307
164, 308
164, 309
162, 311
162, 312
160, 314
160, 315
158, 317
158, 318
156, 320
156, 321
152, 325
152, 326
142, 336
141, 336
136, 341
135, 341
132, 344
131, 344
130, 345
129, 344
128, 344
127, 343
126, 343
125, 344
125, 346
128, 349
132, 349
133, 348
134, 348
138, 344
139, 344
144, 339
145, 339
155, 329
155, 328
159, 324
159, 323
161, 321
161, 320
164, 317
164, 316
165, 315
165, 314
167, 312
167, 311
168, 310
168, 309
169, 308
169, 307
170, 306
170, 305
171, 304
171, 303
172, 302
172, 301
173, 300
173, 299
174, 298
174, 296
175, 295
175, 291
176, 290
176, 287
175, 286
175, 283
174, 282
174, 281
170, 277
169, 277
168, 276
167, 276
166, 275
164, 275
163, 274
160, 274
159, 273
149, 273
148, 274
143, 274
142, 275
139, 275
138, 274
139, 273
140, 273
142, 271
143, 271
145, 269
146, 269
148, 267
149, 267
151, 265
152, 265
155, 262
156, 262
160, 258
161, 258
170, 249
170, 248
174, 244
174, 243
176, 241
176, 240
178, 238
178, 237
179, 236
179, 235
180, 234
180, 233
181, 232
181, 231
182, 230
182, 229
183, 228
183, 227
184, 226
184, 224
185, 223
185, 218
186, 217
186, 213
185, 212
185, 211
183, 209
182, 209
180, 207
178, 207
177, 206
176, 206
175, 205
174, 205
173, 204
172, 204
171, 203
169, 203
168, 202
167, 202
166, 201
164, 201
163, 200
162, 200
161, 199
159, 199
158, 198
157, 198
156, 197
154, 197
153, 196
152, 196
151, 195
149, 195
148, 194
146, 194
145, 193
142, 193
141, 192
139, 192
138, 191
134, 191
133, 190
133, 186
134, 185
134, 183
135, 182
135, 180
136, 179
136, 177
137, 176
138, 176
138, 175
139, 174
139, 171
138, 170
136, 170
134, 172
134, 173
133, 174
133, 175
132, 176
132, 178
131, 179
131, 181
130, 182
130, 184
129, 185
129, 188
128, 189
121, 189
120, 188
110, 188
109, 187
97, 187
96, 188
93, 188
92, 187
92, 184
93, 183
93, 178
94, 177
94, 172
95, 171
95, 165
96, 164
96, 158
97, 157
97, 151
98, 150
98, 141
99, 140
99, 133
100, 132
100, 131
102, 129
103, 129
107, 125
107, 124
118, 113
118, 112
123, 107
123, 106
126, 103
126, 102
129, 99
129, 98
131, 96
131, 95
132, 94
132, 93
133, 92
133, 91
135, 89
135, 88
136, 87
136, 86
137, 85
137, 83
138, 82
138, 81
139, 80
139, 78
140, 77
140, 76
141, 75
141, 73
142, 72
142, 70
143, 69
143, 67
144, 66
144, 49
143, 48
143, 44
142, 43
142, 41
141, 40
141, 39
140, 38
140, 36
139, 35
139, 34
137, 32
137, 31
136, 31
134, 29
128, 29
127, 30
126, 30
117, 39
117, 40
115, 42
115, 43
113, 45
113, 46
112, 47
112, 48
111, 49
111, 50
110, 51
110, 52
109, 53
109, 54
108, 55
108, 57
107, 58
107, 59
106, 60
106, 62
105, 63
105, 65
104, 66
104, 69
103, 70
103, 74
102, 75
102, 79
101, 80
101, 86
100, 87
100, 94
99, 95
99, 103
98, 104
98, 114
97, 115
97, 126
96, 127
96, 130
90, 136
89, 136
85, 140
84, 140
82, 142
81, 142
79, 144
78, 144
76, 146
75, 146
74, 147
73, 147
72, 148
65, 148
61, 144
61, 143
60, 142
60, 141
59, 140
59, 139
58, 138
58, 136
57, 135
57, 132
56, 131
56, 127
55, 126
55, 120
54, 119
54, 108
53, 107
53, 94
54, 93
54, 81
55, 80
55, 75
56, 74
56, 68
57, 67
57, 62
58, 61
58, 55
59, 54
59, 49
60, 48
60, 43
61, 42
61, 37
62, 36
62, 21
61, 20
61, 18
59, 16
58, 16
131, 196
132, 195
137, 195
138, 196
141, 196
142, 197
144, 197
145, 198
147, 198
148, 199
150, 199
151, 200
152, 200
153, 201
155, 201
156, 202
157, 202
158, 203
160, 203
161, 204
162, 204
163, 205
164, 205
165, 206
167, 206
168, 207
170, 207
171, 208
172, 208
173, 209
174, 209
175, 210
176, 210
177, 211
178, 211
179, 212
180, 212
182, 214
182, 217
181, 218
181, 222
180, 223
180, 225
179, 226
179, 227
178, 228
178, 229
177, 230
177, 231
176, 232
176, 233
175, 234
175, 235
173, 237
173, 238
171, 240
171, 241
167, 245
167, 246
158, 255
157, 255
153, 259
152, 259
149, 262
148, 262
146, 264
145, 264
143, 266
142, 266
140, 268
139, 268
137, 270
136, 270
135, 271
134, 271
132, 273
131, 273
130, 274
129, 274
127, 276
126, 276
124, 278
123, 278
122, 279
121, 279
120, 278
120, 275
121, 274
121, 264
122, 263
122, 253
123, 252
123, 244
124, 243
124, 236
125, 235
125, 229
126, 228
126, 222
127, 221
127, 215
128, 214
128, 209
129, 208
129, 203
130, 202
130, 198
131, 197
129, 33
130, 32
132, 32
136, 36
136, 37
137, 38
137, 39
138, 40
138, 42
139, 43
139, 45
140, 46
140, 50
141, 51
141, 64
140, 65
140, 67
139, 68
139, 70
138, 71
138, 73
137, 74
137, 76
136, 77
136, 78
135, 79
135, 81
134, 82
134, 83
133, 84
133, 85
132, 86
132, 87
131, 88
131, 89
130, 90
130, 91
128, 93
128, 94
126, 96
126, 97
124, 99
124, 100
121, 103
121, 104
115, 110
115, 111
104, 122
104, 123
102, 125
101, 125
100, 124
100, 119
101, 118
101, 108
102, 107
102, 98
103, 97
103, 89
104, 88
104, 83
105, 82
105, 77
106, 76
106, 72
107, 71
107, 68
108, 67
108, 65
109, 64
109, 62
110, 61
110, 59
111, 58
111, 57
112, 56
112, 54
113, 53
113, 52
114, 51
114, 50
116, 48
116, 47
117, 46
117, 45
120, 42
120, 41
128, 33
