176, 2
178, 367
4, 369
2, 4
135, 15
134, 16
129, 16
128, 17
127, 17
126, 18
125, 18
124, 19
123, 19
121, 21
120, 21
116, 25
116, 26
112, 30
112, 31
110, 33
110, 34
109, 35
109, 36
108, 37
108, 38
107, 39
107, 40
106, 41
106, 42
105, 43
105, 44
104, 45
104, 47
103, 48
103, 49
102, 50
102, 52
101, 53
101, 55
100, 56
100, 59
99, 60
99, 63
98, 64
98, 66
97, 67
97, 71
96, 72
96, 76
95, 77
95, 81
94, 82
94, 88
93, 89
93, 95
92, 96
92, 102
91, 103
91, 110
90, 111
90, 119
89, 120
89, 126
87, 128
86, 128
85, 129
84, 129
82, 131
81, 131
80, 132
79, 132
78, 133
77, 133
76, 134
75, 134
74, 135
73, 135
72, 136
71, 136
70, 137
68, 137
67, 138
64, 138
63, 139
59, 139
58, 138
56, 138
55, 137
54, 137
49, 132
49, 131
48, 130
48, 129
47, 128
47, 126
46, 125
46, 120
45, 119
45, 102
46, 101
46, 95
47, 94
47, 89
48, 88
48, 84
49, 83
49, 79
50, 78
50, 75
51, 74
51, 70
52, 69
52, 66
53, 65
53, 61
54, 60
54, 57
55, 56
55, 52
56, 51
56, 46
57, 45
57, 29
56, 28
56, 26
55, 25
54, 25
53, 24
51, 24
50, 25
49, 25
47, 27
46, 27
41, 32
41, 33
37, 37
37, 38
33, 42
33, 43
31, 45
31, 46
29, 48
29, 49
26, 52
26, 53
23, 56
23, 57
22, 58
22, 59
20, 61
20, 62
18, 64
18, 65
16, 67
16, 68
15, 69
15, 70
14, 71
14, 72
13, 73
13, 74
12, 75
12, 76
11, 77
11, 78
10, 79
10, 80
9, 81
9, 83
8, 84
8, 86
7, 87
7, 90
10, 90
10, 88
11, 87
11, 85
12, 84
12, 82
13, 81
13, 80
14, 79
14, 78
15, 77
15, 76
16, 75
16, 74
17, 73
17, 72
18, 71
18, 70
20, 68
20, 67
22, 65
22, 64
24, 62
24, 61
25, 60
25, 59
27, 57
27, 56
30, 53
30, 52
32, 50
32, 49
35, 46
35, 45
38, 42
38, 41
42, 37
42, 36
49, 29
50, 29
51, 28
52, 28
54, 30
54, 44
53, 45
53, 50
52, 51
52, 55
51, 56
51, 60
50, 61
50, 64
49, 65
49, 68
48, 69
48, 73
47, 74
47, 77
46, 78
46, 82
45, 83
45, 87
44, 88
44, 93
43, 94
43, 100
42, 101
42, 120
43, 121
43, 126
44, 127
44, 129
45, 130
45, 131
46, 132
46, 133
48, 135
48, 136
51, 139
52, 139
53, 140
54, 140
55, 141
57, 141
58, 142
64, 142
65, 141
68, 141
69, 140
71, 140
72, 139
73, 139
74, 138
75, 138
76, 137
78, 137
80, 135
81, 135
82, 134
83, 134
84, 133
85, 133
87, 131
88, 132
88, 148
87, 149
87, 182
76, 193
76, 194
68, 202
68, 203
66, 205
66, 206
64, 208
64, 210
65, 211
67, 211
68, 210
68, 209
70, 207
70, 206
78, 198
78, 197
85, 190
86, 190
87, 191
87, 226
86, 227
86, 246
85, 247
85, 256
84, 257
84, 264
83, 265
83, 269
82, 270
82, 275
81, 276
81, 279
80, 280
80, 283
79, 284
79, 287
78, 288
78, 290
77, 291
77, 293
76, 294
76, 296
75, 297
75, 299
74, 300
74, 302
73, 303
73, 304
72, 305
72, 306
71, 307
71, 308
70, 309
70, 310
69, 311
69, 312
68, 313
68, 314
67, 315
67, 316
66, 317
66, 318
64, 320
64, 321
63, 322
63, 323
60, 326
60, 327
51, 336
50, 336
48, 338
46, 338
45, 339
41, 339
40, 338
39, 338
38, 337
37, 337
31, 331
31, 330
29, 328
29, 327
28, 326
28, 324
27, 323
27, 316
28, 315
28, 314
29, 313
29, 312
33, 308
34, 308
43, 299
44, 299
45, 298
47, 298
48, 297
49, 297
50, 296
51, 296
52, 295
53, 295
53, 293
52, 292
51, 292
50, 293
49, 293
48, 294
47, 294
46, 295
44, 295
43, 296
42, 296
41, 297
40, 297
31, 306
30, 306
27, 309
27, 310
26, 311
26, 312
25, 313
25, 314
24, 315
24, 324
25, 325
25, 327
26, 328
26, 329
27, 330
27, 331
29, 333
29, 334
34, 339
35, 339
37, 341
39, 341
40, 342
46, 342
47, 341
49, 341
50, 340
51, 340
53, 338
54, 338
61, 331
61, 330
64, 327
64, 326
66, 324
66, 323
68, 321
68, 320
69, 319
69, 318
70, 317
70, 316
71, 315
71, 314
72, 313
72, 312
73, 311
73, 310
74, 309
74, 308
75, 307
75, 306
76, 305
76, 303
77, 302
77, 301
78, 300
78, 298
79, 297
79, 295
80, 294
80, 292
81, 291
81, 289
82, 288
82, 285
83, 284
83, 281
84, 280
84, 277
85, 276
85, 271
86, 270
86, 265
87, 264
87, 258
88, 257
88, 248
89, 247
89, 230
90, 229
90, 185
100, 175
101, 175
106, 170
107, 170
110, 167
111, 167
112, 166
113, 166
115, 164
116, 164
117, 163
119, 163
120, 162
121, 162
122, 161
124, 161
125, 160
127, 160
128, 159
131, 159
132, 158
138, 158
139, 159
139, 161
138, 162
138, 164
137, 165
137, 175
136, 176
136, 181
135, 182
135, 188
134, 189
134, 196
133, 197
133, 203
132, 204
132, 211
131, 212
131, 218
130, 219
130, 226
129, 227
129, 235
128, 236
128, 243
127, 244
127, 250
126, 251
126, 258
125, 259
125, 267
124, 268
124, 275
123, 276
123, 284
122, 285
122, 293
121, 294
121, 301
120, 302
120, 308
119, 309
119, 315
118, 316
118, 322
117, 323
117, 325
116, 326
116, 330
115, 331
115, 333
114, 334
114, 336
113, 337
113, 343
111, 345
110, 344
110, 343
109, 342
109, 340
108, 339
108, 328
107, 327
107, 323
106, 322
104, 322
103, 323
103, 332
104, 333
104, 342
105, 343
105, 345
106, 346
106, 347
107, 348
107, 349
109, 351
110, 351
111, 352
112, 352
115, 349
116, 349
118, 351
119, 351
120, 352
121, 352
122, 353
124, 353
125, 354
129, 354
130, 355
137, 355
138, 354
142, 354
143, 353
145, 353
146, 352
147, 352
148, 351
149, 351
150, 350
151, 350
152, 349
153, 349
162, 340
162, 339
164, 337
164, 336
165, 335
165, 334
166, 333
166, 332
167, 331
167, 330
168, 329
168, 327
169, 326
169, 324
170, 323
170, 320
171, 319
171, 314
172, 313
172, 303
173, 302
172, 301
172, 281
171, 280
171, 272
170, 271
170, 267
169, 266
169, 263
168, 262
168, 260
167, 259
167, 258
166, 257
166, 255
163, 252
163, 251
162, 250
161, 250
160, 249
159, 249
158, 248
157, 248
156, 247
146, 247
145, 248
144, 247
144, 246
145, 245
145, 244
147, 242
147, 241
148, 240
148, 239
149, 238
149, 237
150, 236
150, 235
151, 234
151, 233
152, 232
152, 231
153, 230
153, 229
154, 228
154, 227
155, 226
155, 225
156, 224
156, 223
157, 222
157, 221
158, 220
158, 219
159, 218
159, 217
160, 216
160, 214
161, 213
161, 212
162, 211
162, 210
163, 209
163, 207
164, 206
164, 205
165, 204
165, 202
166, 201
166, 199
167, 198
167, 195
168, 194
168, 191
169, 190
169, 186
170, 185
170, 172
169, 171
169, 168
168, 167
168, 166
167, 165
167, 164
161, 158
160, 158
159, 157
158, 157
157, 156
155, 156
154, 155
151, 155
150, 154
147, 154
146, 153
146, 151
144, 149
143, 149
141, 151
141, 152
139, 154
133, 154
132, 155
128, 155
127, 156
124, 156
123, 157
121, 157
120, 158
119, 158
118, 159
117, 159
116, 160
114, 160
112, 162
111, 162
110, 163
109, 163
107, 165
106, 165
103, 168
102, 168
97, 173
96, 173
91, 178
90, 177
90, 151
91, 150
91, 133
92, 132
92, 128
94, 126
95, 126
101, 120
102, 120
111, 111
111, 110
117, 104
117, 103
120, 100
120, 99
122, 97
122, 96
124, 94
124, 93
125, 92
125, 91
126, 90
126, 89
128, 87
128, 86
129, 85
129, 84
130, 83
130, 81
131, 80
131, 79
132, 78
132, 77
133, 76
133, 75
134, 74
134, 72
135, 71
135, 70
136, 69
136, 67
137, 66
137, 64
138, 63
138, 60
139, 59
139, 57
140, 56
140, 52
141, 51
141, 47
142, 46
142, 40
143, 39
143, 26
142, 25
142, 22
141, 21
141, 20
140, 19
140, 18
138, 16
136, 16
145, 252
146, 251
156, 252
157, 252
158, 253
159, 253
161, 255
161, 256
163, 258
163, 260
164, 261
164, 262
165, 263
165, 266
166, 267
166, 271
167, 272
167, 279
168, 280
168, 296
169, 297
169, 304
168, 305
168, 314
167, 315
166, 320
166, 322
165, 323
165, 325
164, 326
164, 328
163, 329
163, 330
162, 331
162, 332
161, 333
161, 334
159, 336
159, 337
150, 346
149, 346
148, 347
147, 347
146, 348
145, 348
144, 349
142, 349
141, 350
138, 350
137, 351
129, 351
128, 350
124, 349
123, 349
122, 348
121, 348
118, 345
118, 340
119, 339
119, 336
120, 335
120, 332
121, 331
121, 327
122, 326
122, 321
123, 320
123, 314
124, 313
124, 307
125, 306
125, 300
126, 299
126, 291
127, 290
127, 282
128, 281
128, 273
129, 272
130, 265
131, 265
134, 262
134, 261
141, 254
142, 254
144, 252
144, 159
145, 158
150, 158
151, 159
154, 159
155, 160
156, 160
157, 161
158, 161
164, 167
164, 168
165, 169
165, 171
166, 172
166, 185
165, 186
165, 190
164, 191
164, 194
163, 195
163, 198
162, 199
162, 201
161, 202
161, 203
160, 204
160, 206
159, 207
159, 208
158, 209
158, 210
157, 211
157, 213
156, 214
156, 215
155, 216
155, 217
154, 218
154, 220
152, 222
152, 223
151, 224
151, 225
150, 226
150, 227
149, 228
149, 229
148, 230
148, 231
147, 232
147, 233
146, 234
146, 235
145, 236
145, 237
144, 238
144, 239
142, 241
142, 242
141, 243
141, 244
139, 246
139, 247
138, 248
138, 249
136, 251
136, 252
132, 256
131, 255
131, 249
132, 248
132, 241
133, 240
133, 233
134, 232
134, 224
135, 223
135, 217
136, 216
136, 209
137, 208
137, 202
138, 201
138, 194
139, 193
139, 186
140, 185
140, 180
141, 179
141, 174
142, 173
142, 168
143, 167
143, 163
144, 162
129, 20
130, 19
136, 19
138, 21
138, 22
139, 23
139, 26
140, 27
140, 38
139, 39
139, 45
138, 46
138, 50
137, 51
137, 55
136, 56
136, 59
135, 60
135, 62
134, 63
134, 65
133, 66
133, 68
132, 69
132, 70
131, 71
131, 73
130, 74
130, 75
129, 76
129, 77
128, 78
128, 79
127, 80
127, 81
126, 82
126, 84
124, 86
124, 87
123, 88
123, 89
122, 90
122, 91
120, 93
120, 94
118, 96
118, 97
116, 99
116, 100
111, 105
111, 106
97, 120
96, 120
94, 122
93, 122
92, 121
93, 120
93, 112
94, 111
94, 103
95, 102
95, 96
96, 95
96, 90
97, 89
97, 83
98, 82
98, 78
99, 77
99, 73
100, 72
100, 68
101, 67
101, 65
102, 64
102, 61
103, 60
103, 57
104, 56
104, 54
105, 53
105, 51
106, 50
106, 48
107, 47
107, 46
108, 45
108, 44
109, 43
109, 42
110, 41
110, 40
111, 39
111, 38
112, 37
112, 36
114, 34
114, 33
117, 30
117, 29
123, 23
124, 23
126, 21
127, 21
128, 20
