84, 191
85, 191
86, 192
86, 194
85, 195
85, 197
84, 198
84, 200
83, 201
83, 203
82, 204
82, 206
81, 207
81, 210
80, 211
80, 214
79, 215
79, 217
78, 218
78, 222
77, 223
77, 226
76, 227
76, 230
75, 231
75, 234
74, 235
74, 239
73, 240
73, 244
72, 245
72, 246
70, 248
69, 247
69, 239
70, 238
70, 229
71, 228
71, 219
72, 218
72, 209
73, 208
73, 201
78, 196
79, 196
93, 190
94, 189
95, 190
95, 193
94, 194
94, 197
93, 198
93, 200
92, 201
92, 203
91, 204
91, 206
90, 207
90, 209
89, 210
89, 212
88, 213
88, 214
87, 215
87, 217
86, 218
86, 219
85, 220
84, 219
84, 217
85, 216
85, 213
86, 212
86, 210
87, 209
87, 206
88, 205
88, 203
89, 202
89, 200
90, 199
90, 197
91, 196
91, 194
92, 193
92, 192
93, 191
114, 21
115, 20
117, 22
117, 34
116, 35
116, 40
115, 41
115, 44
114, 45
114, 48
113, 49
113, 51
112, 52
112, 55
111, 56
111, 58
110, 59
110, 61
109, 62
109, 64
108, 65
108, 67
107, 68
107, 70
106, 71
106, 73
105, 74
105, 76
104, 77
104, 78
103, 79
103, 81
102, 82
102, 84
101, 85
101, 87
100, 88
100, 89
99, 90
99, 92
98, 93
98, 94
97, 95
97, 96
96, 97
96, 99
95, 100
95, 101
94, 102
94, 103
93, 104
93, 106
92, 107
92, 108
91, 109
91, 110
90, 111
90, 112
89, 113
89, 114
88, 115
88, 116
87, 117
87, 118
86, 119
86, 120
85, 121
85, 122
84, 123
84, 124
82, 126
81, 125
81, 122
82, 121
82, 115
83, 114
83, 107
84, 106
84, 101
85, 100
85, 94
86, 93
86, 88
87, 87
87, 83
88, 82
88, 78
89, 77
89, 73
90, 72
90, 69
91, 68
91, 65
92, 64
92, 61
93, 60
93, 58
94, 57
94, 54
95, 53
95, 51
96, 50
96, 49
97, 48
97, 46
98, 45
98, 44
99, 43
99, 42
100, 41
100, 40
101, 39
101, 38
102, 37
102, 36
103, 35
103, 34
104, 33
104, 32
106, 30
106, 29
109, 26
109, 25
113, 21
4, 2
126, 2
128, 4
128, 367
126, 369
4, 369
2, 367
2, 324
3, 323
5, 325
5, 328
6, 329
6, 330
7, 331
7, 333
8, 334
8, 335
9, 336
9, 337
11, 339
11, 340
18, 347
19, 347
20, 348
22, 348
23, 349
33, 349
34, 348
35, 348
36, 347
37, 347
39, 345
40, 345
46, 339
46, 338
48, 336
48, 335
50, 333
50, 332
51, 331
51, 330
53, 328
53, 327
54, 326
54, 324
55, 323
55, 322
56, 321
56, 319
57, 318
57, 316
58, 315
58, 313
59, 312
59, 309
60, 308
60, 305
61, 304
61, 300
62, 299
62, 295
63, 294
63, 288
64, 287
64, 281
65, 280
65, 274
66, 273
66, 266
67, 265
67, 260
69, 258
70, 259
70, 265
69, 266
69, 273
68, 274
68, 283
67, 284
67, 293
66, 294
66, 304
65, 305
65, 314
64, 315
64, 319
63, 320
63, 323
65, 325
66, 325
69, 322
69, 319
70, 318
70, 309
71, 308
71, 299
72, 298
72, 288
73, 287
73, 279
74, 278
74, 269
75, 268
75, 262
76, 261
76, 255
79, 252
80, 252
81, 251
82, 251
83, 250
84, 250
85, 249
86, 249
87, 248
89, 248
90, 247
92, 247
93, 246
96, 246
97, 245
111, 245
112, 246
114, 246
115, 247
116, 247
119, 250
119, 251
120, 252
120, 257
119, 258
119, 261
118, 262
118, 264
117, 265
117, 266
116, 267
116, 268
115, 269
115, 270
114, 271
114, 272
113, 273
113, 274
112, 275
112, 276
110, 278
110, 279
108, 281
108, 282
106, 284
106, 285
104, 287
104, 288
102, 290
102, 291
99, 294
99, 295
96, 298
96, 299
92, 303
92, 304
88, 308
88, 309
83, 314
83, 315
78, 320
78, 321
72, 327
72, 328
65, 335
65, 336
62, 339
62, 340
57, 345
57, 346
51, 352
51, 354
52, 355
53, 355
54, 356
64, 346
64, 345
68, 341
68, 340
72, 336
72, 335
79, 328
79, 327
85, 321
85, 320
90, 315
90, 314
94, 310
94, 309
98, 305
98, 304
101, 301
101, 300
104, 297
104, 296
107, 293
107, 292
109, 290
109, 289
111, 287
111, 286
113, 284
113, 283
115, 281
115, 280
116, 279
116, 278
118, 276
118, 275
119, 274
119, 273
120, 272
120, 271
121, 270
121, 269
122, 268
122, 266
123, 265
123, 263
124, 262
124, 259
125, 258
125, 251
124, 250
124, 248
122, 246
122, 245
121, 244
120, 244
118, 242
117, 242
116, 241
114, 241
113, 240
95, 240
94, 241
92, 241
91, 242
89, 242
88, 243
86, 243
85, 244
83, 244
82, 245
81, 245
80, 246
79, 245
79, 244
80, 243
80, 242
82, 240
82, 239
83, 238
83, 237
84, 236
84, 235
85, 234
85, 233
86, 232
86, 231
87, 230
87, 229
88, 228
88, 226
89, 225
89, 224
90, 223
90, 222
91, 221
91, 219
92, 218
92, 217
93, 216
93, 214
94, 213
94, 212
95, 211
95, 209
96, 208
96, 206
97, 205
97, 202
98, 201
98, 199
99, 198
99, 195
100, 194
100, 183
98, 181
97, 181
96, 180
93, 180
92, 181
90, 181
89, 182
88, 182
86, 184
85, 184
84, 185
83, 185
79, 189
78, 189
75, 192
74, 191
74, 187
75, 186
75, 176
76, 175
76, 166
77, 165
77, 156
78, 155
78, 147
79, 146
79, 143
80, 142
80, 141
81, 140
81, 139
83, 137
83, 136
84, 135
84, 134
85, 133
85, 132
86, 131
86, 130
88, 128
88, 127
89, 126
89, 125
90, 124
90, 123
91, 122
91, 121
92, 120
92, 119
93, 118
93, 117
94, 116
94, 115
95, 114
95, 113
96, 112
96, 111
97, 110
97, 108
98, 107
98, 106
99, 105
99, 104
100, 103
100, 101
101, 100
101, 99
102, 98
102, 97
103, 96
103, 94
104, 93
104, 92
105, 91
105, 89
106, 88
106, 87
107, 86
107, 84
108, 83
108, 81
109, 80
109, 78
110, 77
110, 75
111, 74
111, 73
112, 72
112, 70
113, 69
113, 67
114, 66
114, 64
115, 63
115, 60
116, 59
116, 57
117, 56
117, 54
118, 53
118, 50
119, 49
119, 46
120, 45
120, 42
121, 41
121, 37
122, 36
122, 21
121, 20
121, 18
118, 15
117, 15
116, 14
115, 15
112, 15
109, 18
108, 18
107, 19
107, 20
103, 24
103, 25
101, 27
101, 28
99, 30
99, 31
98, 32
98, 33
97, 34
97, 35
96, 36
96, 37
95, 38
95, 39
94, 40
94, 41
93, 42
93, 44
92, 45
92, 46
91, 47
91, 49
90, 50
90, 52
89, 53
89, 55
88, 56
88, 58
87, 59
87, 62
86, 63
86, 66
85, 67
85, 71
84, 72
84, 76
83, 77
83, 81
82, 82
82, 86
81, 87
81, 92
80, 93
80, 98
79, 99
79, 105
78, 106
78, 112
77, 113
77, 119
76, 120
76, 127
75, 128
75, 135
74, 136
74, 141
73, 142
73, 143
72, 144
72, 145
70, 147
70, 148
69, 149
69, 150
67, 152
67, 153
65, 155
65, 156
62, 159
62, 160
58, 164
57, 164
56, 163
56, 161
55, 160
55, 144
56, 143
56, 126
57, 125
57, 110
58, 109
58, 96
59, 95
59, 84
60, 83
60, 72
61, 71
61, 48
58, 45
53, 45
44, 54
44, 55
42, 57
42, 58
40, 60
40, 61
39, 62
39, 63
38, 64
38, 65
36, 67
36, 68
35, 69
35, 70
34, 71
34, 72
33, 73
33, 74
32, 75
32, 77
31, 78
31, 79
30, 80
30, 81
29, 82
29, 84
28, 85
28, 87
27, 88
27, 89
26, 90
26, 92
25, 93
25, 95
24, 96
24, 97
23, 98
23, 100
22, 101
22, 103
21, 104
21, 106
20, 107
20, 108
19, 109
19, 111
18, 112
18, 114
17, 115
17, 117
16, 118
16, 120
15, 121
15, 122
17, 124
19, 124
21, 122
21, 120
22, 119
22, 116
23, 115
23, 114
24, 113
24, 111
25, 110
25, 108
26, 107
26, 105
27, 104
27, 103
28, 102
28, 100
29, 99
29, 97
30, 96
30, 95
31, 94
31, 92
32, 91
32, 89
33, 88
33, 86
34, 85
34, 84
35, 83
35, 82
36, 81
36, 79
37, 78
37, 77
38, 76
38, 75
39, 74
39, 73
40, 72
40, 71
41, 70
41, 69
42, 68
42, 67
44, 65
44, 64
45, 63
45, 62
47, 60
47, 59
51, 55
51, 54
54, 51
55, 51
56, 52
56, 69
55, 70
55, 81
54, 82
54, 93
53, 94
53, 107
52, 108
52, 122
51, 123
51, 139
50, 140
50, 162
51, 163
51, 166
52, 167
52, 168
53, 169
54, 169
55, 170
59, 170
62, 167
63, 167
63, 166
68, 161
68, 160
71, 157
72, 158
72, 163
71, 164
71, 173
70, 174
70, 184
69, 185
69, 195
68, 196
68, 198
55, 211
55, 212
45, 222
45, 223
36, 232
36, 233
31, 238
31, 239
26, 244
26, 245
23, 248
23, 249
21, 251
21, 252
19, 254
19, 255
18, 256
18, 257
17, 258
17, 259
16, 260
16, 261
15, 262
15, 264
14, 265
14, 268
15, 269
18, 269
19, 268
19, 267
20, 266
20, 263
21, 262
21, 261
22, 260
22, 259
24, 257
24, 256
26, 254
26, 253
28, 251
28, 250
32, 246
32, 245
38, 239
38, 238
45, 231
45, 230
55, 220
55, 219
66, 208
67, 209
67, 216
66, 217
66, 226
65, 227
65, 236
64, 237
64, 246
63, 247
63, 255
62, 256
62, 257
61, 258
61, 260
62, 261
62, 263
61, 264
61, 271
60, 272
60, 279
59, 280
59, 286
58, 287
58, 292
57, 293
57, 298
56, 299
56, 302
55, 303
55, 307
54, 308
54, 310
53, 311
53, 314
52, 315
52, 316
51, 317
51, 319
50, 320
50, 322
49, 323
49, 324
48, 325
48, 326
47, 327
47, 328
45, 330
45, 331
43, 333
43, 334
35, 342
34, 342
33, 343
32, 343
31, 344
24, 344
23, 343
22, 343
20, 341
19, 341
17, 339
17, 338
14, 335
14, 334
13, 333
13, 332
12, 331
12, 330
11, 329
11, 327
10, 326
10, 323
9, 322
10, 321
10, 320
12, 318
12, 317
11, 316
11, 315
10, 315
9, 314
8, 315
7, 315
5, 317
5, 319
3, 321
2, 320
2, 4
