4, 2
496, 4
494, 319
2, 317
470, 126
469, 127
468, 127
467, 128
466, 128
465, 129
464, 129
462, 131
461, 131
459, 133
458, 133
454, 137
454, 138
453, 139
453, 140
452, 141
452, 146
454, 148
456, 148
457, 147
457, 142
458, 141
458, 140
461, 137
462, 137
465, 134
466, 134
467, 133
468, 133
469, 132
470, 132
471, 131
475, 131
476, 130
476, 127
475, 126
319, 72
319, 88
320, 89
320, 98
321, 99
321, 109
322, 110
322, 114
321, 115
321, 121
320, 122
320, 126
319, 127
319, 131
318, 132
318, 135
317, 136
317, 139
316, 140
316, 143
315, 144
315, 146
314, 147
314, 149
313, 150
313, 152
312, 153
312, 154
310, 156
310, 161
312, 161
313, 160
313, 159
314, 158
314, 156
315, 155
315, 153
316, 152
316, 150
317, 149
317, 147
318, 146
318, 144
319, 143
319, 140
320, 139
320, 136
321, 135
321, 132
322, 131
322, 127
323, 126
324, 126
325, 127
325, 132
326, 133
326, 136
327, 137
327, 139
332, 144
333, 144
334, 145
335, 145
338, 148
339, 148
340, 149
341, 149
342, 148
343, 148
348, 143
348, 141
349, 140
349, 139
350, 138
350, 136
351, 135
351, 132
352, 131
352, 128
353, 127
353, 125
354, 124
354, 123
355, 122
355, 120
356, 119
356, 118
361, 113
362, 114
362, 118
361, 119
361, 122
360, 123
360, 126
359, 127
359, 131
358, 132
358, 141
359, 142
359, 145
362, 148
365, 148
366, 147
367, 147
369, 145
370, 145
371, 144
373, 144
373, 143
378, 138
378, 137
379, 136
379, 134
380, 133
380, 131
381, 130
381, 128
382, 127
382, 125
383, 124
383, 122
384, 121
384, 118
385, 117
385, 113
386, 112
386, 109
387, 108
387, 106
388, 105
388, 103
389, 102
390, 103
390, 106
389, 107
389, 130
390, 131
390, 135
391, 136
391, 138
393, 140
393, 141
394, 142
395, 142
398, 145
400, 145
401, 146
405, 146
406, 147
406, 150
405, 151
405, 162
404, 163
404, 174
403, 175
403, 185
402, 186
402, 199
401, 200
401, 209
400, 210
400, 216
399, 217
399, 221
398, 222
398, 225
397, 226
397, 229
396, 230
396, 233
395, 234
395, 236
394, 237
394, 239
393, 240
393, 242
392, 243
392, 244
391, 245
391, 246
389, 248
389, 249
387, 251
387, 252
385, 254
385, 255
384, 256
384, 257
382, 259
382, 260
380, 262
380, 263
379, 264
379, 265
377, 267
377, 268
374, 271
374, 272
370, 276
370, 277
365, 282
364, 282
361, 285
360, 285
359, 286
358, 286
357, 287
356, 287
355, 288
353, 288
352, 289
349, 289
348, 290
344, 290
343, 291
339, 291
338, 292
334, 292
333, 293
330, 293
329, 294
324, 294
323, 295
295, 295
294, 296
288, 296
287, 297
283, 297
282, 298
279, 298
278, 299
276, 299
275, 300
272, 300
271, 301
268, 301
267, 302
263, 302
262, 303
248, 303
247, 302
243, 302
242, 301
239, 301
238, 300
233, 300
232, 299
217, 299
216, 300
202, 300
201, 299
197, 299
196, 298
193, 298
192, 297
188, 297
187, 296
183, 296
182, 295
159, 295
158, 296
141, 296
140, 295
131, 295
130, 294
126, 294
125, 293
122, 293
121, 292
120, 292
119, 291
118, 291
116, 289
115, 289
113, 287
113, 286
112, 285
112, 284
110, 282
110, 280
109, 279
109, 278
108, 277
108, 274
107, 273
107, 270
106, 269
106, 254
107, 253
107, 250
108, 249
108, 247
109, 246
109, 245
110, 244
110, 242
112, 240
112, 239
114, 237
114, 236
123, 227
124, 227
126, 225
127, 225
128, 224
129, 224
130, 223
134, 223
135, 222
146, 222
147, 221
159, 221
160, 220
175, 220
176, 221
184, 221
185, 222
191, 222
192, 223
208, 223
209, 222
218, 222
219, 221
232, 221
233, 222
243, 222
244, 223
267, 223
268, 222
273, 222
274, 221
278, 221
279, 220
284, 220
285, 219
292, 219
293, 218
300, 218
301, 217
305, 217
306, 216
308, 216
309, 215
311, 215
312, 214
314, 214
315, 213
316, 213
317, 212
318, 212
319, 211
320, 211
321, 210
322, 210
323, 209
325, 209
326, 208
328, 208
329, 207
339, 207
340, 208
342, 208
343, 209
346, 209
347, 210
352, 210
353, 209
355, 209
356, 208
357, 208
358, 207
359, 207
360, 206
362, 206
363, 207
364, 207
366, 209
366, 210
367, 211
367, 212
368, 213
368, 214
369, 215
369, 217
370, 218
371, 218
372, 217
372, 215
371, 214
371, 212
369, 210
369, 209
368, 208
368, 207
365, 204
363, 204
362, 203
361, 203
360, 204
357, 204
356, 205
355, 205
354, 206
353, 206
352, 207
347, 207
346, 206
343, 206
342, 205
339, 205
338, 204
330, 204
329, 205
325, 205
324, 206
323, 206
322, 207
321, 207
320, 208
319, 208
318, 209
316, 209
315, 210
314, 210
313, 211
312, 211
311, 212
309, 212
308, 213
306, 213
305, 214
302, 214
301, 215
294, 215
293, 216
286, 216
285, 217
280, 217
279, 218
274, 218
273, 219
268, 219
267, 220
259, 220
258, 221
255, 221
254, 220
243, 220
242, 219
209, 219
208, 220
191, 220
190, 219
184, 219
183, 218
174, 218
173, 217
162, 217
161, 218
150, 218
149, 219
136, 219
135, 220
130, 220
129, 221
127, 221
125, 223
124, 223
123, 224
122, 224
119, 227
118, 227
114, 231
114, 232
111, 235
111, 236
109, 238
109, 239
108, 240
108, 241
107, 242
107, 243
106, 244
106, 246
105, 247
105, 249
104, 250
104, 253
103, 254
103, 268
104, 269
104, 273
105, 274
105, 277
106, 278
106, 279
107, 280
107, 282
108, 283
108, 284
109, 285
109, 286
111, 288
111, 289
114, 292
115, 292
117, 294
118, 294
119, 295
121, 295
122, 296
125, 296
126, 297
131, 297
132, 298
142, 298
143, 299
156, 299
157, 298
171, 298
172, 297
173, 298
183, 298
184, 299
188, 299
189, 300
192, 300
193, 301
196, 301
197, 302
202, 302
203, 303
215, 303
216, 302
233, 302
234, 303
238, 303
239, 304
242, 304
243, 305
248, 305
249, 306
261, 306
262, 305
267, 305
268, 304
271, 304
272, 303
274, 303
275, 302
278, 302
279, 301
282, 301
283, 300
287, 300
288, 299
293, 299
294, 298
321, 298
322, 297
328, 297
329, 296
332, 296
333, 295
337, 295
338, 294
342, 294
343, 293
348, 293
349, 292
352, 292
353, 291
355, 291
356, 290
358, 290
359, 289
360, 289
361, 288
362, 288
364, 286
365, 286
374, 277
374, 276
377, 273
377, 272
379, 270
379, 269
381, 267
381, 266
383, 264
383, 263
385, 261
385, 260
386, 259
386, 258
388, 256
388, 255
389, 254
389, 253
391, 251
391, 250
393, 248
393, 247
394, 246
394, 245
395, 244
395, 243
396, 242
396, 240
397, 239
397, 237
398, 236
398, 234
399, 233
399, 230
400, 229
400, 226
401, 225
401, 221
402, 220
402, 216
403, 215
403, 209
404, 208
404, 198
405, 197
405, 185
406, 184
406, 173
407, 172
407, 162
408, 161
408, 149
409, 148
409, 144
411, 142
411, 141
413, 139
413, 138
415, 136
415, 135
416, 134
416, 133
418, 131
418, 130
419, 129
419, 128
420, 127
420, 126
421, 125
421, 123
422, 122
422, 121
423, 120
423, 117
424, 116
424, 114
425, 113
425, 110
426, 109
426, 106
427, 105
427, 96
426, 95
426, 91
425, 90
425, 88
424, 87
424, 86
422, 84
420, 84
419, 83
418, 84
416, 84
415, 85
415, 86
414, 87
414, 88
413, 89
413, 90
412, 91
412, 94
411, 95
411, 98
410, 99
410, 103
409, 104
409, 109
408, 110
408, 116
407, 117
407, 130
406, 131
406, 142
405, 143
401, 143
400, 142
399, 142
394, 137
394, 136
393, 135
393, 132
392, 131
392, 106
393, 105
393, 102
394, 101
394, 99
395, 98
395, 97
396, 96
396, 95
399, 92
400, 92
401, 91
401, 89
400, 88
398, 88
397, 89
394, 89
393, 90
392, 90
391, 91
391, 92
389, 94
389, 95
388, 96
388, 97
387, 98
387, 99
386, 100
386, 102
385, 103
385, 105
384, 106
384, 108
383, 109
383, 112
382, 113
382, 117
381, 118
381, 121
380, 122
380, 124
379, 125
379, 127
378, 128
378, 130
377, 131
377, 133
376, 134
376, 135
375, 136
375, 137
372, 140
371, 140
370, 141
369, 141
366, 144
365, 144
364, 145
363, 145
362, 144
362, 143
361, 142
361, 131
362, 130
362, 127
363, 126
363, 123
364, 122
364, 119
365, 118
365, 111
364, 110
360, 110
359, 111
358, 111
356, 113
356, 114
354, 116
354, 117
353, 118
353, 119
352, 120
352, 121
351, 122
351, 124
350, 125
350, 127
349, 128
349, 131
348, 132
348, 135
347, 136
347, 138
346, 139
341, 139
339, 141
338, 141
337, 142
334, 142
330, 138
330, 137
329, 136
329, 134
328, 133
328, 128
327, 127
327, 122
326, 121
326, 117
325, 116
325, 103
326, 102
326, 96
325, 95
325, 84
324, 83
324, 79
323, 78
323, 75
322, 74
322, 73
321, 72
419, 86
422, 89
422, 90
423, 91
423, 94
424, 95
424, 105
423, 106
423, 109
422, 110
422, 113
421, 114
421, 116
420, 117
420, 120
419, 121
419, 122
418, 123
418, 124
417, 125
417, 126
416, 127
416, 128
415, 129
415, 130
414, 131
414, 132
412, 134
412, 135
410, 137
409, 136
409, 128
410, 127
410, 116
411, 115
411, 109
412, 108
412, 104
413, 103
413, 99
414, 98
414, 95
415, 94
415, 91
416, 90
416, 89
234, 37
233, 38
233, 39
232, 40
232, 41
231, 42
231, 44
230, 45
230, 47
229, 48
229, 49
228, 50
228, 51
227, 52
227, 54
226, 55
226, 56
225, 57
225, 59
224, 60
224, 63
223, 64
223, 67
222, 68
222, 72
221, 73
221, 80
220, 81
220, 91
219, 92
219, 104
220, 105
220, 122
221, 123
221, 136
222, 137
222, 146
223, 147
223, 152
224, 153
224, 158
225, 159
225, 162
226, 163
226, 165
227, 166
227, 168
228, 169
228, 170
229, 171
229, 173
230, 174
230, 175
231, 176
231, 177
232, 178
232, 179
234, 181
234, 182
235, 183
235, 184
243, 192
244, 192
245, 193
248, 193
248, 189
247, 188
247, 187
246, 186
246, 185
244, 183
244, 182
243, 181
243, 180
241, 178
241, 177
239, 175
239, 174
238, 173
238, 172
237, 171
237, 170
236, 169
236, 167
235, 166
235, 164
234, 163
234, 137
235, 136
235, 129
236, 128
236, 124
237, 123
238, 124
238, 129
239, 130
239, 134
240, 135
240, 138
241, 139
241, 141
242, 142
242, 143
243, 144
243, 146
244, 147
244, 148
245, 149
245, 150
246, 151
246, 152
247, 153
247, 154
248, 155
248, 156
250, 158
250, 159
252, 161
252, 162
254, 164
254, 165
259, 170
260, 170
262, 172
263, 172
264, 173
265, 173
266, 174
267, 174
269, 176
272, 176
272, 174
270, 172
269, 172
268, 171
267, 171
266, 170
265, 170
263, 168
262, 168
256, 162
256, 161
253, 158
253, 157
252, 156
252, 155
250, 153
250, 152
249, 151
249, 150
248, 149
248, 148
247, 147
247, 146
246, 145
246, 143
245, 142
245, 141
244, 140
244, 138
243, 137
243, 134
242, 133
242, 128
241, 127
241, 119
242, 118
242, 113
243, 112
243, 109
244, 108
244, 105
245, 104
245, 102
246, 101
246, 98
247, 97
247, 95
248, 94
248, 92
249, 91
249, 89
250, 88
250, 86
251, 85
251, 84
252, 83
252, 81
253, 80
253, 79
254, 78
254, 77
255, 76
255, 75
256, 74
256, 73
257, 72
257, 71
259, 69
259, 68
260, 67
260, 66
261, 65
261, 64
263, 62
263, 61
264, 60
264, 59
266, 57
266, 56
267, 55
267, 54
269, 52
269, 51
271, 49
271, 48
273, 46
273, 45
274, 44
274, 43
272, 41
270, 41
269, 42
267, 42
265, 44
264, 44
259, 49
259, 50
257, 52
257, 53
255, 55
255, 56
253, 58
253, 59
252, 60
252, 61
251, 62
251, 63
250, 64
250, 65
249, 66
249, 67
248, 68
248, 69
247, 70
247, 71
246, 72
246, 74
245, 75
245, 76
244, 77
244, 79
243, 80
243, 82
242, 83
242, 85
241, 86
241, 89
240, 90
240, 92
239, 93
239, 96
238, 97
238, 100
237, 101
237, 105
236, 106
236, 110
235, 111
235, 115
234, 116
234, 121
233, 122
233, 127
232, 128
232, 134
231, 135
231, 148
230, 149
230, 156
231, 157
229, 164
229, 162
228, 161
228, 158
227, 157
227, 152
226, 151
226, 145
225, 144
225, 135
224, 134
224, 121
223, 120
223, 82
224, 81
224, 75
225, 74
225, 69
226, 68
226, 65
227, 64
227, 61
228, 60
228, 58
229, 57
229, 56
230, 55
230, 54
231, 53
231, 51
232, 50
232, 49
233, 48
233, 47
234, 46
234, 45
235, 44
235, 42
236, 41
236, 38
235, 37
232, 165
230, 166
244, 95
242, 96
243, 91
245, 93
244, 88
246, 90
266, 47
267, 48
267, 49
265, 51
265, 52
264, 53
264, 54
262, 56
262, 57
261, 58
261, 59
259, 61
259, 62
258, 63
258, 64
257, 65
257, 66
255, 68
255, 69
254, 70
254, 71
253, 72
253, 73
252, 74
252, 75
251, 76
251, 77
250, 78
250, 79
249, 80
249, 81
248, 82
248, 84
247, 85
247, 87
245, 84
246, 83
246, 81
247, 80
247, 79
248, 78
248, 76
249, 75
249, 73
250, 72
250, 71
251, 70
251, 69
252, 68
252, 67
253, 66
253, 65
254, 64
254, 63
255, 62
255, 61
257, 59
257, 58
258, 57
258, 56
261, 53
261, 52
142, 13
141, 14
130, 14
129, 15
121, 15
120, 16
116, 16
115, 17
113, 17
112, 18
110, 18
109, 19
107, 19
106, 20
105, 20
104, 21
102, 21
101, 22
100, 22
99, 23
98, 23
97, 24
96, 24
95, 25
94, 25
92, 27
91, 27
90, 28
89, 28
87, 30
86, 30
85, 31
84, 31
82, 33
81, 33
79, 35
78, 35
77, 36
76, 36
75, 37
74, 37
72, 39
71, 39
70, 40
69, 40
67, 42
66, 42
64, 44
63, 44
61, 46
60, 46
58, 48
57, 48
56, 49
55, 49
52, 52
51, 52
49, 54
48, 54
45, 57
44, 57
33, 68
33, 69
30, 72
30, 73
29, 74
29, 75
27, 77
27, 78
26, 79
26, 80
25, 81
25, 83
24, 84
24, 86
23, 87
23, 90
22, 91
22, 96
21, 97
21, 106
22, 107
22, 109
23, 110
23, 111
24, 112
24, 113
25, 114
26, 114
28, 116
29, 116
30, 117
35, 117
36, 118
38, 118
39, 117
47, 117
48, 116
53, 116
54, 115
55, 115
57, 117
57, 118
58, 119
58, 120
60, 122
61, 122
63, 124
64, 124
66, 126
67, 126
68, 127
70, 127
71, 128
73, 128
74, 129
77, 129
78, 130
82, 130
83, 131
84, 131
85, 132
87, 132
88, 133
89, 133
91, 135
92, 135
93, 136
94, 136
96, 138
97, 138
98, 139
99, 139
100, 140
102, 140
103, 141
105, 141
106, 142
110, 142
111, 143
114, 143
115, 142
119, 142
120, 143
119, 144
119, 145
118, 146
118, 147
117, 148
117, 149
116, 150
116, 151
115, 152
115, 153
113, 155
113, 156
111, 158
111, 159
108, 162
108, 163
103, 168
101, 168
100, 169
99, 169
95, 173
95, 174
93, 176
93, 177
92, 178
92, 179
91, 180
91, 181
90, 182
90, 184
89, 185
89, 191
90, 192
91, 192
92, 191
93, 191
95, 189
95, 188
98, 185
98, 184
99, 183
99, 182
100, 181
100, 180
102, 178
102, 177
104, 175
104, 174
107, 171
119, 171
120, 172
122, 172
123, 173
125, 173
126, 174
128, 174
129, 175
130, 175
131, 176
133, 176
134, 177
137, 177
138, 178
145, 178
146, 177
148, 177
149, 176
150, 176
151, 175
152, 175
154, 173
155, 173
162, 166
162, 165
166, 161
166, 160
169, 157
169, 156
171, 154
171, 153
174, 150
174, 149
175, 148
175, 147
177, 145
177, 144
178, 143
179, 143
182, 146
182, 147
185, 150
185, 151
186, 151
187, 152
188, 151
189, 151
189, 148
187, 146
187, 145
184, 142
184, 141
182, 139
182, 138
181, 137
181, 134
182, 133
182, 132
183, 131
183, 129
184, 128
184, 126
185, 125
185, 123
186, 122
186, 120
187, 119
187, 117
188, 116
188, 113
189, 112
189, 108
190, 107
190, 101
191, 100
191, 93
192, 92
192, 62
191, 61
191, 55
190, 54
190, 50
189, 49
189, 45
188, 44
188, 41
187, 40
187, 39
186, 38
186, 36
185, 35
185, 34
184, 33
184, 32
183, 31
183, 30
182, 29
182, 28
176, 22
175, 22
174, 21
173, 21
171, 19
170, 19
169, 18
168, 18
167, 17
166, 17
165, 16
163, 16
162, 15
160, 15
159, 14
154, 14
153, 13
85, 70
86, 69
91, 69
92, 70
94, 71
94, 72
95, 73
95, 80
94, 81
94, 83
93, 84
93, 85
92, 86
92, 87
91, 88
91, 89
90, 90
90, 91
89, 92
83, 99
82, 99
80, 101
79, 101
77, 103
76, 103
75, 104
74, 104
73, 105
72, 105
71, 106
70, 106
69, 107
68, 107
67, 108
66, 108
65, 109
64, 109
63, 110
59, 109
59, 104
60, 103
60, 94
61, 93
61, 90
62, 89
77, 73
78, 73
80, 71
82, 71
83, 70
138, 18
139, 17
154, 17
155, 18
158, 18
159, 19
162, 19
163, 20
164, 20
165, 21
166, 21
167, 22
168, 22
169, 23
170, 23
172, 25
173, 25
179, 31
179, 32
181, 34
181, 36
182, 37
182, 38
183, 39
183, 41
184, 42
184, 44
185, 45
185, 48
186, 49
186, 54
187, 55
187, 60
188, 61
188, 70
189, 71
189, 81
188, 82
188, 94
187, 95
187, 101
186, 102
186, 107
185, 108
185, 112
184, 113
184, 116
183, 117
183, 119
182, 120
182, 122
181, 123
181, 125
180, 126
180, 128
179, 129
179, 130
178, 131
178, 132
177, 133
175, 133
174, 132
173, 133
172, 133
171, 134
171, 139
172, 140
172, 141
173, 142
173, 144
171, 146
171, 147
169, 149
169, 150
167, 152
167, 153
164, 156
164, 157
161, 160
161, 161
151, 171
150, 171
149, 172
148, 172
147, 173
146, 173
145, 174
138, 174
137, 173
134, 173
133, 172
132, 172
131, 171
129, 171
128, 170
127, 170
126, 169
123, 169
122, 168
119, 168
118, 167
112, 167
111, 166
111, 165
113, 163
113, 162
115, 160
115, 159
117, 157
117, 156
119, 154
119, 153
120, 152
120, 151
121, 150
121, 149
122, 148
122, 147
123, 146
123, 144
124, 143
124, 142
126, 140
127, 140
129, 138
130, 138
132, 136
133, 136
134, 135
135, 135
136, 134
137, 134
141, 130
142, 130
144, 128
144, 127
146, 125
147, 125
148, 126
148, 128
149, 129
149, 132
150, 133
150, 134
152, 136
155, 136
156, 135
156, 134
157, 133
157, 132
158, 131
158, 129
159, 128
159, 124
160, 123
160, 119
161, 118
161, 114
162, 113
162, 109
163, 108
163, 105
164, 104
164, 101
165, 100
165, 99
166, 98
167, 99
167, 115
168, 116
168, 118
169, 119
169, 120
171, 122
176, 122
176, 119
175, 119
174, 118
173, 118
172, 117
172, 116
171, 115
171, 90
172, 89
172, 85
173, 84
173, 79
170, 79
168, 81
168, 82
167, 83
167, 84
166, 85
166, 86
165, 87
165, 88
164, 89
164, 91
163, 92
163, 93
162, 94
162, 97
161, 98
161, 100
160, 101
160, 104
159, 105
159, 108
158, 109
158, 113
157, 114
157, 119
156, 120
156, 124
155, 125
155, 128
154, 129
153, 129
152, 128
152, 125
151, 124
151, 118
150, 117
148, 117
146, 119
146, 120
144, 122
143, 122
143, 123
137, 129
136, 129
134, 131
133, 131
131, 133
129, 133
128, 132
129, 131
129, 129
130, 128
130, 126
131, 125
131, 124
132, 123
132, 121
133, 120
133, 118
134, 117
134, 115
135, 114
135, 113
136, 112
136, 110
137, 109
137, 107
138, 106
138, 104
139, 103
139, 101
140, 100
140, 98
141, 97
141, 95
142, 94
142, 91
143, 90
143, 87
144, 86
144, 83
145, 82
145, 79
146, 78
146, 74
147, 73
147, 68
148, 67
148, 61
149, 60
149, 54
150, 53
150, 48
152, 46
152, 44
151, 43
149, 43
147, 45
147, 47
146, 48
146, 54
145, 55
145, 61
144, 62
144, 68
143, 69
143, 74
142, 75
142, 78
141, 79
141, 82
140, 83
140, 87
139, 88
139, 90
138, 91
138, 94
137, 95
137, 97
136, 98
136, 100
135, 101
135, 103
134, 104
134, 106
133, 107
133, 109
132, 110
132, 111
131, 112
131, 114
130, 115
130, 117
129, 118
129, 120
128, 121
128, 122
127, 123
127, 125
126, 126
126, 128
125, 129
125, 131
124, 132
124, 133
123, 134
123, 135
121, 137
120, 137
119, 138
116, 138
115, 139
110, 139
109, 138
106, 138
105, 137
103, 137
102, 136
101, 136
100, 135
99, 135
98, 134
97, 134
95, 132
94, 132
93, 131
92, 131
91, 130
90, 130
89, 129
88, 129
87, 128
86, 128
85, 127
82, 127
81, 126
78, 126
77, 125
74, 125
73, 124
71, 124
70, 123
69, 123
68, 122
67, 122
65, 120
64, 120
61, 117
61, 116
60, 115
61, 114
63, 114
64, 113
66, 113
67, 112
68, 112
69, 111
70, 111
71, 110
72, 110
73, 109
74, 109
76, 107
77, 107
78, 106
79, 106
80, 105
81, 105
83, 103
84, 103
87, 100
88, 100
90, 98
90, 97
93, 94
93, 93
94, 92
94, 91
95, 90
95, 89
96, 88
96, 87
97, 86
97, 85
98, 84
98, 81
99, 80
99, 73
98, 72
98, 70
94, 66
93, 66
92, 65
86, 65
85, 66
82, 66
81, 67
80, 67
79, 68
78, 68
77, 69
76, 69
75, 70
74, 70
60, 84
60, 85
58, 87
58, 89
57, 90
57, 94
56, 95
56, 105
55, 106
55, 110
53, 112
49, 112
48, 113
42, 113
41, 114
34, 114
33, 113
31, 113
30, 112
29, 112
27, 110
27, 109
26, 108
26, 107
25, 106
25, 96
26, 95
26, 90
27, 89
27, 87
28, 86
28, 84
29, 83
29, 82
30, 81
30, 80
31, 79
31, 78
33, 76
33, 75
35, 73
35, 72
39, 68
39, 67
43, 63
44, 63
48, 59
49, 59
52, 56
53, 56
55, 54
56, 54
58, 52
59, 52
61, 50
62, 50
64, 48
65, 48
67, 46
68, 46
70, 44
71, 44
72, 43
73, 43
75, 41
76, 41
77, 40
78, 40
79, 39
80, 39
82, 37
83, 37
85, 35
86, 35
87, 34
88, 34
90, 32
91, 32
92, 31
93, 31
95, 29
96, 29
97, 28
98, 28
99, 27
100, 27
101, 26
102, 26
103, 25
104, 25
105, 24
107, 24
108, 23
109, 23
110, 22
112, 22
113, 21
115, 21
116, 20
119, 20
120, 19
127, 19
128, 18
