0, 301
4, 301
6, 303
8, 305
8, 303
10, 301
62, 301
64, 303
64, 305
66, 305
66, 303
68, 301
119, 301
121, 303
121, 305
123, 305
123, 303
125, 301
176, 301
178, 303
178, 305
180, 305
180, 303
182, 301
234, 301
236, 303
236, 305
238, 305
238, 303
240, 301
291, 301
293, 303
293, 305
295, 305
295, 303
297, 301
348, 301
350, 303
350, 305
352, 305
352, 303
354, 301
405, 301
407, 303
407, 305
409, 305
409, 303
411, 301
463, 301
465, 303
465, 305
467, 305
467, 303
469, 301
4, 2
496, 4
494, 299
2, 297
473, 89
472, 90
471, 90
468, 93
467, 93
466, 94
465, 94
463, 96
462, 96
460, 98
459, 98
456, 101
455, 101
453, 103
452, 103
448, 107
447, 107
444, 110
443, 110
437, 116
436, 116
432, 120
432, 122
433, 123
436, 123
443, 116
444, 116
448, 112
449, 112
453, 108
454, 108
457, 105
458, 105
460, 103
461, 103
463, 101
464, 101
466, 99
467, 99
469, 97
470, 97
472, 95
473, 95
476, 92
476, 90
475, 89
181, 68
180, 69
180, 70
179, 71
179, 75
178, 76
178, 90
177, 91
177, 109
176, 110
176, 135
175, 136
175, 173
174, 174
174, 182
175, 183
176, 183
177, 182
177, 180
178, 179
178, 177
179, 176
182, 179
188, 179
189, 178
191, 178
192, 177
193, 177
194, 176
196, 176
197, 175
198, 175
199, 174
200, 174
201, 173
202, 173
203, 172
205, 172
206, 171
207, 171
208, 170
209, 170
210, 169
211, 169
212, 168
213, 168
214, 167
215, 167
216, 166
217, 166
220, 163
220, 162
219, 161
217, 161
215, 163
214, 163
213, 164
212, 164
210, 166
209, 166
208, 167
206, 167
205, 168
204, 168
203, 169
202, 169
201, 170
200, 170
199, 171
197, 171
196, 172
195, 172
194, 173
193, 173
192, 174
190, 174
189, 175
188, 175
187, 176
184, 176
182, 174
182, 173
181, 172
181, 168
180, 167
180, 164
181, 163
181, 159
182, 158
182, 154
183, 153
183, 150
184, 149
184, 146
185, 145
185, 142
186, 141
186, 138
187, 137
187, 135
188, 134
188, 131
189, 130
189, 128
190, 127
190, 126
191, 125
191, 123
192, 122
192, 121
193, 120
193, 119
194, 118
194, 117
195, 116
195, 115
196, 114
196, 113
198, 111
198, 110
199, 109
199, 108
200, 107
200, 106
202, 104
202, 103
204, 101
204, 100
207, 97
207, 96
213, 90
213, 89
220, 82
220, 81
221, 80
221, 78
220, 78
219, 77
218, 78
217, 78
205, 90
205, 91
201, 95
201, 96
199, 98
199, 99
198, 100
198, 101
196, 103
196, 104
195, 105
195, 106
194, 107
194, 108
193, 109
193, 110
192, 111
192, 112
191, 113
191, 114
190, 115
190, 117
189, 118
189, 119
188, 120
188, 122
187, 123
187, 124
186, 125
186, 127
185, 128
185, 130
184, 131
184, 132
183, 133
183, 135
182, 136
182, 138
181, 139
181, 141
180, 142
179, 141
179, 118
180, 117
180, 97
181, 96
181, 80
182, 79
182, 75
183, 74
183, 73
184, 72
184, 71
183, 70
183, 69
182, 68
286, 41
284, 43
284, 45
283, 46
283, 49
282, 50
282, 55
281, 56
281, 62
280, 63
280, 69
279, 70
279, 77
278, 78
278, 85
277, 86
277, 91
276, 92
276, 95
275, 96
275, 99
274, 100
274, 103
273, 104
273, 108
272, 109
272, 112
271, 113
271, 117
270, 118
270, 122
269, 123
269, 127
268, 128
268, 132
267, 133
267, 137
266, 138
266, 141
265, 142
265, 145
264, 146
264, 149
263, 150
263, 153
262, 154
262, 156
261, 157
261, 158
260, 159
260, 161
259, 162
259, 163
256, 166
255, 166
254, 165
254, 155
253, 154
253, 147
254, 146
254, 140
251, 140
250, 141
250, 162
251, 163
251, 167
252, 168
252, 169
254, 171
256, 171
257, 170
258, 170
260, 168
260, 167
262, 165
262, 164
263, 163
263, 162
264, 161
264, 159
265, 158
265, 156
266, 155
266, 153
267, 152
267, 149
268, 148
268, 145
269, 144
269, 141
270, 140
270, 136
271, 135
271, 131
272, 130
272, 127
273, 126
274, 127
274, 143
273, 144
273, 169
274, 170
274, 178
275, 179
275, 182
276, 183
276, 184
278, 186
280, 186
282, 184
282, 183
283, 182
283, 180
284, 179
284, 177
285, 176
285, 174
286, 173
286, 170
287, 169
287, 167
288, 166
288, 163
289, 162
289, 160
290, 159
290, 156
291, 155
291, 153
292, 152
292, 149
293, 148
293, 146
294, 145
294, 143
295, 142
295, 141
296, 140
296, 138
297, 137
297, 136
298, 135
298, 134
299, 133
299, 132
301, 130
301, 129
304, 126
305, 126
306, 125
307, 125
308, 126
308, 129
307, 130
307, 135
306, 136
306, 140
305, 141
305, 144
304, 145
304, 148
303, 149
303, 152
302, 153
302, 156
301, 157
301, 160
300, 161
300, 164
299, 165
299, 169
298, 170
298, 176
300, 178
301, 178
302, 179
304, 179
305, 178
307, 178
308, 177
309, 177
310, 176
311, 176
313, 174
314, 174
326, 162
327, 162
328, 163
328, 170
329, 171
329, 172
330, 173
330, 174
331, 175
332, 175
333, 176
342, 176
343, 177
343, 189
342, 190
342, 217
341, 218
341, 231
340, 232
340, 237
339, 238
339, 243
338, 244
338, 247
337, 248
337, 251
336, 252
336, 254
335, 255
335, 256
334, 257
334, 258
333, 259
333, 260
324, 269
323, 269
321, 271
318, 271
317, 272
313, 272
312, 273
308, 273
307, 274
303, 274
302, 275
298, 275
297, 276
291, 276
290, 277
284, 277
283, 278
275, 278
274, 279
266, 279
265, 280
252, 280
251, 281
227, 281
226, 282
133, 282
132, 283
118, 283
117, 284
109, 284
108, 283
109, 282
110, 282
111, 281
112, 281
114, 279
115, 279
116, 278
117, 278
118, 277
119, 277
120, 276
121, 276
122, 275
123, 275
124, 274
125, 274
126, 273
128, 273
129, 272
130, 272
131, 271
132, 271
133, 270
134, 270
135, 269
137, 269
138, 268
139, 268
140, 267
141, 267
142, 266
144, 266
145, 265
146, 265
147, 264
148, 264
149, 263
151, 263
152, 262
153, 262
154, 261
155, 261
156, 260
158, 260
159, 259
160, 259
161, 258
162, 258
163, 257
164, 257
165, 256
167, 256
168, 255
169, 255
170, 254
171, 254
172, 253
174, 253
175, 252
176, 252
177, 251
179, 251
180, 250
182, 250
183, 249
185, 249
186, 248
187, 248
188, 247
190, 247
191, 246
193, 246
194, 245
196, 245
197, 244
200, 244
201, 243
203, 243
204, 242
207, 242
208, 241
211, 241
212, 240
216, 240
217, 239
220, 239
221, 238
225, 238
226, 237
231, 237
232, 236
236, 236
237, 235
242, 235
243, 234
248, 234
249, 233
253, 233
254, 232
258, 232
259, 231
261, 231
262, 230
265, 230
266, 229
267, 229
268, 228
270, 228
271, 227
272, 227
272, 226
273, 225
271, 223
270, 223
268, 225
266, 225
265, 226
263, 226
262, 227
260, 227
259, 228
256, 228
255, 229
251, 229
250, 230
245, 230
244, 231
240, 231
239, 232
234, 232
233, 233
228, 233
227, 234
223, 234
222, 235
218, 235
217, 236
214, 236
213, 237
209, 237
208, 238
205, 238
204, 239
202, 239
201, 240
198, 240
197, 241
195, 241
194, 242
192, 242
191, 243
189, 243
188, 244
186, 244
185, 245
183, 245
182, 246
180, 246
179, 247
178, 247
177, 248
175, 248
174, 249
173, 249
172, 250
170, 250
169, 251
168, 251
167, 252
166, 252
165, 253
163, 253
162, 254
161, 254
160, 255
159, 255
158, 256
156, 256
155, 257
154, 257
153, 258
152, 258
151, 259
149, 259
148, 260
147, 260
146, 261
145, 261
144, 262
142, 262
141, 263
140, 263
139, 264
138, 264
137, 265
136, 265
135, 266
133, 266
132, 267
131, 267
130, 268
129, 268
128, 269
126, 269
125, 270
124, 270
123, 271
122, 271
121, 272
120, 272
119, 273
118, 273
117, 274
116, 274
115, 275
114, 275
113, 276
112, 276
111, 277
110, 277
108, 279
107, 279
106, 280
105, 280
104, 281
102, 281
101, 282
100, 282
99, 283
98, 283
96, 285
96, 286
97, 287
98, 287
99, 288
112, 288
113, 287
125, 287
126, 286
143, 286
144, 285
193, 285
194, 286
202, 286
203, 285
240, 285
241, 284
259, 284
260, 283
270, 283
271, 282
280, 282
281, 281
287, 281
288, 280
294, 280
295, 279
300, 279
301, 278
305, 278
306, 277
310, 277
311, 276
315, 276
316, 275
320, 275
321, 274
323, 274
324, 273
325, 273
331, 267
332, 267
334, 265
334, 264
336, 262
336, 261
337, 260
337, 259
338, 258
338, 257
339, 256
339, 254
340, 253
340, 251
341, 250
341, 247
342, 246
342, 242
343, 241
343, 236
344, 235
344, 228
345, 227
345, 205
346, 204
346, 178
347, 177
347, 173
359, 161
359, 160
361, 158
361, 157
363, 155
363, 154
364, 153
364, 152
365, 151
365, 150
367, 148
367, 147
368, 146
368, 145
369, 144
369, 143
370, 142
370, 141
371, 140
371, 139
372, 138
372, 136
373, 135
373, 134
374, 133
374, 131
375, 130
375, 127
376, 126
376, 122
377, 121
377, 104
376, 103
376, 97
375, 96
375, 92
374, 91
374, 90
373, 89
373, 88
372, 87
371, 87
370, 86
365, 86
364, 87
363, 87
362, 88
361, 88
357, 92
357, 93
354, 96
354, 97
353, 98
353, 99
351, 101
351, 103
350, 104
350, 105
349, 106
349, 109
348, 110
348, 115
347, 116
347, 129
346, 130
346, 136
345, 137
345, 140
344, 141
344, 164
343, 165
343, 170
341, 172
340, 172
339, 173
335, 173
332, 170
332, 167
331, 166
331, 162
332, 161
332, 156
333, 155
333, 154
335, 152
335, 150
334, 150
333, 149
332, 150
331, 150
329, 152
329, 153
326, 156
326, 157
314, 169
313, 169
309, 173
308, 173
307, 174
306, 174
305, 175
303, 175
302, 174
302, 168
303, 167
303, 163
304, 162
304, 159
305, 158
305, 155
306, 154
306, 152
307, 151
307, 148
308, 147
308, 144
309, 143
309, 139
310, 138
310, 134
311, 133
311, 123
309, 121
305, 121
304, 122
303, 122
298, 127
298, 128
296, 130
296, 131
295, 132
295, 133
294, 134
294, 135
293, 136
293, 137
292, 138
292, 140
291, 141
291, 143
290, 144
290, 146
289, 147
289, 149
288, 150
288, 153
287, 154
287, 156
286, 157
286, 160
285, 161
285, 163
284, 164
284, 167
283, 168
283, 170
282, 171
282, 174
281, 175
281, 177
279, 179
278, 178
278, 175
277, 174
277, 134
278, 133
278, 115
279, 114
279, 101
280, 100
280, 91
281, 90
281, 86
282, 85
282, 82
283, 81
283, 77
284, 76
284, 72
285, 71
285, 67
286, 66
286, 62
287, 61
287, 56
288, 55
288, 49
289, 48
289, 43
287, 41
366, 90
367, 89
368, 89
371, 92
371, 94
372, 95
372, 100
373, 101
373, 108
374, 109
374, 115
373, 116
373, 123
372, 124
372, 128
371, 129
371, 131
370, 132
370, 133
369, 134
369, 135
368, 136
368, 137
367, 138
367, 140
366, 141
366, 142
365, 143
365, 144
363, 146
363, 147
362, 148
362, 149
361, 150
361, 151
359, 153
359, 154
358, 155
358, 156
356, 158
356, 159
349, 166
348, 166
347, 165
347, 149
348, 148
348, 140
349, 139
349, 134
350, 133
350, 122
351, 121
351, 113
352, 112
352, 109
353, 108
353, 106
354, 105
354, 104
355, 103
355, 102
356, 101
356, 100
357, 99
357, 98
365, 90
99, 12
98, 13
93, 13
92, 14
90, 14
89, 15
88, 15
87, 16
86, 16
84, 18
83, 18
81, 20
80, 20
75, 25
74, 25
66, 33
66, 34
61, 39
61, 40
58, 43
58, 44
56, 46
56, 47
55, 48
55, 49
53, 51
53, 52
51, 54
51, 55
50, 56
50, 57
48, 59
48, 60
47, 61
47, 62
46, 63
46, 64
44, 66
44, 67
43, 68
43, 69
42, 70
42, 71
41, 72
41, 73
40, 74
40, 75
39, 76
39, 77
38, 78
38, 79
36, 81
36, 82
35, 83
35, 84
34, 85
34, 86
33, 87
33, 88
32, 89
32, 91
31, 92
31, 93
30, 94
30, 96
29, 97
29, 99
28, 100
28, 102
27, 103
27, 105
26, 106
26, 109
25, 110
25, 113
24, 114
24, 120
23, 121
23, 128
22, 129
22, 142
23, 143
23, 145
24, 146
24, 148
28, 152
34, 152
35, 151
36, 151
37, 150
38, 150
40, 148
41, 148
44, 145
45, 145
48, 142
49, 142
54, 137
55, 137
58, 134
58, 133
62, 129
62, 128
64, 126
65, 126
67, 128
67, 129
68, 130
76, 130
77, 129
80, 129
81, 128
82, 128
84, 126
85, 126
87, 124
88, 125
88, 127
87, 128
87, 133
86, 134
86, 138
85, 139
85, 144
84, 145
84, 150
83, 151
83, 158
82, 159
82, 166
81, 167
81, 172
80, 173
80, 178
79, 179
79, 181
78, 182
78, 183
76, 185
76, 186
75, 187
75, 188
74, 189
74, 190
73, 191
73, 192
72, 193
72, 194
71, 195
71, 196
70, 197
70, 199
69, 200
69, 203
68, 204
68, 210
67, 211
67, 215
69, 217
71, 215
71, 214
72, 213
72, 211
73, 210
73, 208
74, 207
74, 205
75, 204
75, 201
76, 200
76, 198
77, 197
77, 195
78, 194
78, 192
79, 191
79, 188
80, 187
80, 186
81, 185
81, 184
84, 181
85, 181
86, 180
87, 180
89, 178
90, 178
91, 177
92, 177
93, 176
94, 176
95, 175
96, 175
98, 173
99, 173
100, 172
101, 172
102, 171
103, 171
104, 170
105, 170
106, 169
107, 169
108, 168
109, 168
110, 167
111, 167
113, 165
114, 165
115, 164
116, 164
118, 162
119, 162
120, 161
121, 161
123, 159
124, 159
125, 158
126, 158
129, 155
130, 155
134, 151
135, 151
145, 141
145, 140
151, 134
151, 133
154, 130
154, 129
156, 127
156, 126
157, 125
157, 124
159, 122
159, 120
160, 119
160, 118
161, 117
161, 116
162, 115
162, 114
163, 113
163, 111
164, 110
164, 109
165, 108
165, 106
166, 105
166, 104
167, 103
167, 101
168, 100
168, 98
169, 97
169, 95
170, 94
170, 91
171, 90
171, 85
172, 84
172, 73
171, 72
171, 63
170, 62
170, 55
169, 54
169, 49
168, 48
168, 45
167, 44
167, 43
166, 42
166, 41
164, 39
164, 38
158, 32
157, 32
154, 29
153, 29
149, 25
148, 25
144, 21
143, 21
141, 19
140, 19
139, 18
138, 18
137, 17
136, 17
135, 16
133, 16
132, 15
129, 15
128, 14
117, 14
116, 13
104, 13
103, 12
74, 93
75, 92
76, 93
76, 97
75, 98
75, 100
74, 101
74, 103
73, 104
73, 106
72, 107
72, 108
71, 109
71, 110
69, 112
69, 113
68, 114
67, 113
67, 109
68, 108
68, 106
69, 105
69, 104
70, 103
70, 101
71, 100
71, 99
72, 98
72, 97
73, 96
73, 95
74, 94
95, 16
96, 15
108, 15
109, 16
123, 16
124, 17
129, 17
130, 18
133, 18
134, 19
135, 19
136, 20
137, 20
138, 21
139, 21
141, 23
142, 23
146, 27
147, 27
150, 30
151, 30
155, 34
156, 34
162, 40
162, 41
164, 43
164, 44
165, 45
165, 47
166, 48
166, 51
167, 52
167, 59
168, 60
168, 67
169, 68
169, 87
168, 88
168, 91
167, 92
167, 95
166, 96
166, 98
165, 99
165, 101
164, 102
164, 103
163, 104
163, 106
162, 107
162, 108
161, 109
161, 111
160, 112
160, 113
159, 114
159, 115
158, 116
158, 117
157, 118
156, 117
156, 114
157, 113
157, 110
158, 109
158, 106
159, 105
159, 102
160, 101
160, 98
161, 97
161, 93
162, 92
162, 87
163, 86
163, 84
164, 83
164, 82
165, 81
165, 80
163, 78
161, 78
160, 79
160, 83
159, 84
159, 89
158, 90
158, 94
157, 95
157, 99
156, 100
156, 103
155, 104
155, 107
154, 108
154, 111
153, 112
153, 115
152, 116
152, 119
151, 120
151, 122
152, 123
153, 123
154, 124
154, 125
153, 126
153, 127
149, 131
149, 132
143, 138
143, 139
133, 149
132, 149
127, 154
126, 154
124, 156
123, 156
121, 158
120, 158
119, 159
118, 159
117, 160
116, 160
114, 162
113, 162
112, 163
111, 163
109, 165
108, 165
107, 166
106, 166
105, 167
104, 167
103, 168
102, 168
101, 169
100, 169
99, 170
98, 170
96, 172
95, 172
94, 173
93, 173
92, 174
91, 174
90, 175
89, 175
88, 176
87, 176
85, 178
83, 178
82, 177
83, 176
83, 171
84, 170
84, 163
85, 162
85, 155
86, 154
86, 149
87, 148
87, 143
88, 142
88, 137
89, 136
89, 132
90, 131
90, 126
91, 125
91, 121
92, 120
92, 119
94, 117
95, 117
102, 110
102, 109
106, 105
106, 104
111, 99
111, 98
116, 93
116, 92
121, 87
122, 88
122, 89
121, 90
121, 92
120, 93
120, 96
119, 97
119, 104
120, 105
120, 106
122, 108
126, 108
130, 104
130, 103
132, 101
132, 100
133, 99
133, 98
134, 97
134, 96
135, 95
135, 94
136, 93
136, 92
137, 91
137, 90
138, 89
138, 88
140, 86
141, 87
141, 88
140, 89
140, 95
139, 96
139, 102
140, 103
140, 104
141, 105
144, 105
148, 101
148, 100
151, 97
151, 96
153, 94
153, 93
155, 91
155, 90
152, 90
151, 91
151, 92
149, 94
149, 95
146, 98
146, 99
144, 101
143, 101
142, 100
142, 93
143, 92
143, 86
144, 85
144, 79
145, 78
145, 73
146, 72
146, 69
147, 68
147, 64
145, 64
145, 65
144, 66
144, 67
143, 68
143, 69
142, 70
142, 72
141, 73
141, 75
140, 76
140, 77
139, 78
139, 80
138, 81
138, 82
137, 83
137, 85
136, 86
136, 87
135, 88
135, 89
134, 90
134, 91
133, 92
133, 93
132, 94
132, 95
131, 96
131, 97
130, 98
130, 99
128, 101
128, 102
125, 105
123, 105
122, 104
122, 96
123, 95
123, 92
124, 91
124, 90
125, 89
125, 88
126, 87
126, 85
127, 84
127, 83
128, 82
128, 80
129, 79
129, 77
130, 76
130, 75
131, 74
131, 72
128, 72
126, 74
126, 75
124, 77
124, 78
122, 80
122, 81
119, 84
119, 85
114, 90
114, 91
109, 96
109, 97
104, 102
104, 103
100, 107
100, 108
94, 114
93, 114
92, 113
92, 110
93, 109
93, 101
94, 100
94, 93
95, 92
95, 87
96, 86
96, 81
97, 80
97, 76
98, 75
98, 70
99, 69
99, 66
100, 65
100, 62
101, 61
101, 58
102, 57
102, 54
101, 53
100, 53
99, 54
99, 55
98, 56
98, 57
96, 59
96, 60
95, 61
95, 62
93, 64
93, 65
92, 66
92, 67
91, 68
91, 69
90, 70
90, 74
92, 74
93, 73
93, 70
94, 69
94, 68
95, 67
96, 68
96, 71
95, 72
95, 77
94, 78
94, 82
93, 83
93, 88
92, 89
92, 95
91, 96
91, 103
90, 104
90, 112
89, 113
89, 118
83, 124
82, 124
80, 126
78, 126
77, 127
75, 127
74, 128
71, 128
68, 125
68, 124
67, 123
67, 121
68, 120
68, 119
70, 117
70, 116
71, 115
71, 114
73, 112
73, 111
74, 110
74, 109
75, 108
75, 106
76, 105
76, 104
77, 103
77, 101
78, 100
78, 96
79, 95
79, 87
78, 87
77, 86
76, 86
73, 89
73, 90
72, 91
72, 92
71, 93
71, 94
70, 95
70, 96
69, 97
69, 98
68, 99
68, 101
67, 102
67, 103
66, 104
66, 106
65, 107
65, 110
64, 111
64, 121
63, 122
63, 123
60, 126
60, 127
57, 130
57, 131
52, 136
51, 136
46, 141
45, 141
42, 144
41, 144
39, 146
38, 146
36, 148
35, 148
34, 149
33, 149
32, 150
30, 150
26, 146
26, 144
25, 143
25, 139
24, 138
24, 134
25, 133
25, 125
26, 124
26, 118
27, 117
27, 112
28, 111
28, 108
29, 107
29, 105
30, 104
30, 102
31, 101
31, 99
32, 98
32, 96
33, 95
33, 94
34, 93
34, 91
35, 90
35, 89
36, 88
36, 87
37, 86
37, 85
38, 84
38, 83
39, 82
39, 81
41, 79
41, 78
42, 77
42, 76
43, 75
43, 74
44, 73
44, 72
45, 71
45, 70
46, 69
46, 68
47, 67
47, 66
49, 64
49, 63
50, 62
50, 61
52, 59
52, 58
53, 57
53, 56
55, 54
55, 53
56, 52
56, 51
58, 49
58, 48
60, 46
60, 45
63, 42
63, 41
68, 36
68, 35
77, 26
78, 26
82, 22
83, 22
85, 20
86, 20
88, 18
89, 18
90, 17
91, 17
92, 16
