4, 2
496, 4
494, 343
2, 341
474, 142
473, 143
469, 143
468, 144
463, 144
462, 145
458, 145
457, 146
453, 146
452, 147
450, 147
449, 148
448, 148
447, 149
446, 149
444, 151
443, 151
441, 153
440, 153
440, 154
439, 155
439, 156
440, 157
440, 158
441, 159
442, 159
443, 160
444, 159
445, 159
446, 158
447, 158
449, 156
450, 156
451, 155
452, 155
453, 154
454, 154
455, 153
459, 153
460, 152
464, 152
465, 151
470, 151
471, 150
475, 150
476, 149
477, 149
478, 148
478, 146
477, 145
477, 143
476, 142
209, 107
208, 108
208, 110
209, 111
209, 115
210, 116
210, 121
211, 122
211, 127
212, 128
212, 133
213, 134
213, 138
214, 139
214, 143
215, 144
215, 148
216, 149
216, 153
217, 154
217, 159
218, 160
218, 166
219, 167
219, 176
220, 177
221, 177
223, 175
223, 171
224, 170
224, 166
225, 165
225, 161
226, 160
226, 158
227, 157
227, 156
228, 155
229, 156
229, 158
230, 159
230, 160
231, 161
231, 163
232, 164
232, 165
233, 166
233, 167
238, 172
239, 172
241, 174
242, 174
244, 176
245, 176
248, 179
249, 179
256, 186
258, 186
259, 185
259, 183
255, 179
254, 179
253, 178
252, 178
248, 174
247, 174
245, 172
244, 172
242, 170
241, 170
235, 164
235, 163
234, 162
234, 160
233, 159
233, 157
232, 156
232, 146
233, 145
233, 143
234, 142
234, 141
235, 140
235, 139
236, 138
236, 137
237, 136
237, 135
238, 134
238, 133
239, 132
239, 131
240, 130
240, 129
241, 128
241, 127
242, 126
242, 125
243, 124
243, 123
244, 122
244, 121
245, 120
245, 119
246, 118
246, 117
248, 115
248, 114
251, 111
251, 110
250, 109
248, 109
241, 116
241, 117
238, 120
238, 121
237, 122
237, 123
236, 124
236, 125
235, 126
235, 127
234, 128
234, 129
233, 130
233, 131
232, 132
232, 133
231, 134
231, 136
230, 137
230, 138
229, 139
229, 140
228, 141
228, 143
227, 144
227, 146
226, 147
226, 149
225, 150
225, 152
224, 153
224, 156
223, 157
223, 158
222, 159
220, 157
220, 153
219, 152
219, 148
218, 147
218, 143
217, 142
217, 138
216, 137
216, 132
215, 131
215, 127
214, 126
214, 120
213, 119
213, 111
212, 110
212, 109
211, 108
211, 107
306, 94
306, 103
305, 104
305, 111
304, 112
304, 118
303, 119
303, 127
302, 128
302, 134
301, 135
301, 140
300, 141
300, 145
299, 146
299, 149
298, 150
298, 153
297, 154
297, 156
296, 157
296, 158
295, 159
295, 161
294, 162
294, 163
293, 164
293, 165
292, 166
292, 167
290, 169
290, 170
286, 174
284, 172
284, 171
283, 170
283, 164
282, 163
282, 159
281, 158
280, 158
279, 159
279, 165
280, 166
279, 167
279, 169
280, 170
280, 171
281, 172
281, 173
282, 174
282, 175
283, 176
284, 176
285, 177
287, 177
289, 175
290, 175
290, 174
293, 171
293, 170
295, 168
295, 167
296, 166
296, 165
297, 164
297, 163
298, 162
298, 160
299, 159
299, 157
300, 156
300, 154
301, 153
301, 150
302, 149
302, 146
303, 145
303, 141
304, 140
304, 135
305, 134
305, 129
306, 128
307, 129
307, 133
308, 134
308, 145
309, 146
309, 149
310, 150
310, 152
311, 153
311, 155
312, 156
312, 157
313, 158
313, 160
317, 164
321, 164
322, 163
323, 163
325, 161
326, 161
327, 160
327, 159
330, 156
331, 157
331, 158
332, 159
332, 161
333, 162
333, 163
337, 167
341, 167
342, 166
343, 166
344, 165
345, 165
350, 160
350, 159
352, 157
352, 156
354, 154
354, 153
355, 152
355, 151
356, 150
356, 149
357, 148
357, 147
358, 146
358, 145
359, 144
359, 143
361, 141
362, 142
362, 150
363, 151
363, 156
364, 157
364, 160
365, 161
365, 163
366, 164
366, 165
369, 168
371, 168
372, 169
373, 169
374, 168
377, 168
378, 167
379, 167
382, 164
383, 164
384, 163
385, 164
385, 192
384, 193
384, 200
383, 201
383, 207
382, 208
382, 213
381, 214
381, 218
380, 219
380, 223
379, 224
379, 228
378, 229
378, 232
377, 233
377, 236
376, 237
376, 240
375, 241
375, 243
374, 244
374, 247
373, 248
373, 250
372, 251
372, 253
371, 254
371, 257
370, 258
370, 260
369, 261
369, 262
368, 263
368, 265
367, 266
367, 268
366, 269
366, 270
365, 271
365, 272
364, 273
364, 274
363, 275
363, 276
362, 277
362, 278
361, 279
361, 280
359, 282
359, 283
357, 285
357, 286
354, 289
354, 290
340, 304
339, 304
336, 307
335, 307
332, 310
331, 310
330, 311
329, 311
327, 313
326, 313
325, 314
324, 314
323, 315
322, 315
321, 316
320, 316
319, 317
318, 317
317, 318
316, 318
315, 319
314, 319
313, 320
311, 320
310, 321
308, 321
307, 322
305, 322
304, 323
301, 323
300, 324
295, 324
294, 325
288, 325
287, 326
247, 326
246, 325
235, 325
234, 324
225, 324
224, 323
217, 323
216, 322
210, 322
209, 321
203, 321
202, 320
198, 320
197, 319
193, 319
192, 318
188, 318
187, 317
184, 317
183, 316
179, 316
178, 315
175, 315
174, 314
172, 314
171, 313
168, 313
167, 312
165, 312
164, 311
162, 311
161, 310
160, 310
159, 309
157, 309
156, 308
155, 308
154, 307
152, 307
151, 306
150, 306
149, 305
148, 305
147, 304
146, 304
145, 303
144, 303
143, 302
142, 302
141, 301
140, 301
138, 299
137, 299
136, 298
135, 298
133, 296
132, 296
129, 293
128, 293
125, 290
124, 290
113, 279
113, 278
110, 275
110, 274
108, 272
108, 271
106, 269
106, 268
105, 267
105, 265
104, 264
104, 263
103, 262
103, 258
102, 257
102, 256
103, 255
103, 251
104, 250
104, 249
105, 248
105, 247
111, 241
112, 241
115, 238
116, 238
118, 236
119, 236
120, 235
121, 235
122, 234
123, 234
124, 233
125, 233
126, 232
128, 232
129, 231
130, 231
131, 230
133, 230
134, 229
136, 229
137, 228
139, 228
140, 227
142, 227
143, 226
146, 226
147, 225
150, 225
151, 224
154, 224
155, 223
159, 223
160, 222
165, 222
166, 221
171, 221
172, 220
180, 220
181, 219
192, 219
193, 218
210, 218
211, 217
290, 217
291, 216
303, 216
304, 215
306, 215
306, 213
305, 212
304, 212
303, 213
292, 213
291, 214
211, 214
210, 215
193, 215
192, 216
181, 216
180, 217
172, 217
171, 218
166, 218
165, 219
160, 219
159, 220
155, 220
154, 221
151, 221
150, 222
147, 222
146, 223
143, 223
142, 224
139, 224
138, 225
136, 225
135, 226
133, 226
132, 227
131, 227
130, 228
128, 228
127, 229
126, 229
125, 230
123, 230
122, 231
121, 231
120, 232
119, 232
118, 233
117, 233
115, 235
114, 235
112, 237
111, 237
107, 241
106, 241
105, 242
105, 243
102, 246
102, 247
101, 248
101, 249
100, 250
100, 255
99, 256
99, 257
100, 258
100, 262
101, 263
101, 265
102, 266
102, 268
103, 269
103, 270
105, 272
105, 273
106, 274
106, 275
109, 278
109, 279
124, 294
125, 294
128, 297
129, 297
131, 299
132, 299
134, 301
135, 301
136, 302
137, 302
138, 303
139, 303
141, 305
142, 305
143, 306
144, 306
145, 307
146, 307
147, 308
148, 308
149, 309
151, 309
152, 310
153, 310
154, 311
155, 311
156, 312
158, 312
159, 313
161, 313
162, 314
164, 314
165, 315
167, 315
168, 316
170, 316
171, 317
174, 317
175, 318
178, 318
179, 319
182, 319
183, 320
187, 320
188, 321
191, 321
192, 322
196, 322
197, 323
202, 323
203, 324
209, 324
210, 325
216, 325
217, 326
224, 326
225, 327
234, 327
235, 328
247, 328
248, 329
287, 329
288, 328
295, 328
296, 327
300, 327
301, 326
304, 326
305, 325
307, 325
308, 324
310, 324
311, 323
313, 323
314, 322
316, 322
317, 321
318, 321
319, 320
320, 320
321, 319
322, 319
323, 318
324, 318
325, 317
326, 317
327, 316
328, 316
330, 314
331, 314
332, 313
333, 313
335, 311
336, 311
339, 308
340, 308
344, 304
345, 304
354, 295
354, 294
358, 290
358, 289
360, 287
360, 286
362, 284
362, 283
364, 281
364, 280
365, 279
365, 278
366, 277
366, 276
367, 275
367, 274
368, 273
368, 272
369, 271
369, 269
370, 268
370, 267
371, 266
371, 264
372, 263
372, 261
373, 260
373, 258
374, 257
374, 255
375, 254
375, 252
376, 251
376, 248
377, 247
377, 245
378, 244
378, 241
379, 240
379, 237
380, 236
380, 233
381, 232
381, 229
382, 228
382, 224
383, 223
383, 220
384, 219
384, 215
385, 214
385, 208
386, 207
386, 201
387, 200
387, 193
388, 192
388, 159
389, 158
389, 157
392, 154
392, 153
394, 151
394, 150
395, 149
395, 148
396, 147
396, 146
397, 145
397, 144
398, 143
398, 142
399, 141
399, 140
400, 139
400, 138
401, 137
401, 136
402, 135
402, 132
403, 131
403, 116
400, 113
396, 113
395, 114
394, 114
393, 115
393, 116
392, 117
392, 118
391, 119
391, 121
390, 122
390, 124
389, 125
389, 128
388, 129
388, 134
387, 135
387, 142
386, 143
386, 156
378, 164
377, 164
376, 165
374, 165
373, 166
372, 166
368, 162
368, 161
367, 160
367, 157
366, 156
366, 151
365, 150
365, 128
366, 127
366, 125
367, 124
367, 122
368, 121
368, 113
367, 112
367, 110
365, 110
364, 111
364, 112
363, 113
363, 120
362, 121
362, 129
361, 130
361, 132
360, 133
360, 134
359, 135
359, 136
358, 137
358, 139
357, 140
357, 141
356, 142
356, 143
355, 144
355, 145
354, 146
354, 147
353, 148
353, 149
352, 150
352, 151
351, 152
351, 153
349, 155
349, 156
342, 163
341, 163
340, 164
338, 164
336, 162
336, 161
335, 160
335, 158
334, 157
334, 154
333, 153
333, 150
334, 149
334, 148
335, 147
335, 146
337, 144
337, 143
338, 142
338, 141
339, 140
339, 139
340, 138
340, 135
341, 134
341, 128
342, 127
341, 126
341, 122
340, 121
340, 120
339, 119
334, 119
333, 120
333, 121
332, 122
332, 125
331, 126
331, 130
330, 131
330, 150
329, 151
329, 152
326, 155
326, 156
322, 160
321, 160
320, 161
318, 161
316, 159
316, 158
315, 157
315, 155
314, 154
314, 152
313, 151
313, 150
312, 149
312, 146
311, 145
311, 134
310, 133
310, 103
309, 102
309, 94
335, 123
336, 122
337, 122
338, 123
338, 125
339, 126
339, 127
338, 128
338, 134
337, 135
337, 137
336, 138
336, 139
335, 140
335, 141
334, 142
333, 141
333, 131
334, 130
334, 126
335, 125
397, 116
398, 116
400, 118
400, 130
399, 131
399, 134
398, 135
398, 137
397, 138
397, 139
396, 140
396, 141
395, 142
395, 143
394, 144
394, 145
392, 147
392, 148
390, 150
389, 149
389, 143
390, 142
390, 135
391, 134
391, 129
392, 128
392, 125
393, 124
393, 123
394, 122
394, 120
395, 119
395, 118
86, 15
85, 16
81, 16
80, 17
77, 17
76, 18
74, 18
73, 19
71, 19
70, 20
68, 20
67, 21
65, 21
64, 22
63, 22
62, 23
61, 23
60, 24
59, 24
58, 25
57, 25
55, 27
54, 27
53, 28
52, 28
51, 29
50, 29
49, 30
48, 30
46, 32
45, 32
34, 44
31, 47
31, 48
29, 50
29, 51
27, 53
27, 54
26, 55
26, 56
25, 57
25, 59
24, 60
24, 62
23, 63
23, 66
22, 67
22, 81
23, 82
23, 85
24, 86
24, 88
25, 89
25, 90
26, 91
26, 92
27, 93
27, 94
28, 95
28, 96
30, 98
30, 99
31, 100
31, 101
38, 108
39, 108
40, 109
41, 109
42, 110
49, 110
50, 109
52, 109
53, 108
56, 108
57, 109
57, 113
58, 114
58, 116
59, 117
59, 119
60, 120
60, 121
61, 122
61, 123
62, 124
62, 125
63, 126
63, 127
65, 129
65, 130
73, 138
74, 138
76, 140
77, 140
80, 143
80, 144
77, 147
76, 147
73, 150
72, 150
70, 152
69, 152
68, 153
67, 153
65, 155
64, 155
63, 156
61, 156
60, 157
59, 157
58, 158
49, 158
48, 159
51, 161
52, 162
54, 162
55, 163
57, 163
58, 164
61, 164
62, 165
66, 165
67, 166
73, 166
74, 167
80, 167
81, 168
85, 168
86, 169
89, 169
90, 170
93, 170
94, 171
99, 171
100, 172
110, 172
111, 173
126, 173
127, 172
134, 172
135, 171
138, 171
139, 170
142, 170
143, 169
145, 169
146, 168
152, 168
153, 169
156, 169
157, 170
158, 170
159, 169
159, 168
158, 167
155, 167
153, 165
154, 164
155, 164
157, 162
158, 162
166, 154
167, 154
169, 156
169, 157
170, 158
170, 159
172, 161
172, 162
179, 169
182, 169
183, 167
175, 159
175, 158
174, 157
174, 156
172, 154
172, 153
171, 152
171, 151
170, 150
170, 147
171, 146
171, 145
172, 144
172, 143
173, 142
173, 141
174, 140
174, 139
175, 138
175, 136
176, 135
176, 132
177, 131
177, 115
176, 114
176, 111
175, 110
175, 108
174, 107
174, 106
173, 105
173, 104
172, 103
172, 102
171, 101
171, 100
170, 99
170, 97
169, 96
169, 95
168, 94
168, 93
167, 92
167, 91
166, 90
166, 89
165, 88
165, 86
164, 85
164, 84
163, 83
163, 82
162, 81
162, 79
161, 78
161, 77
160, 76
160, 74
159, 73
159, 72
158, 71
158, 69
157, 68
157, 67
156, 66
156, 64
155, 63
155, 62
154, 61
154, 60
153, 59
153, 58
152, 57
152, 56
150, 54
150, 53
148, 51
148, 50
146, 48
146, 47
142, 43
142, 42
125, 26
123, 24
122, 24
120, 22
119, 22
118, 21
117, 21
116, 20
115, 20
114, 19
113, 19
112, 18
110, 18
109, 17
107, 17
106, 16
102, 16
101, 15
132, 157
133, 156
134, 156
135, 157
135, 158
136, 159
136, 160
142, 166
140, 168
137, 168
136, 169
133, 169
132, 170
129, 170
128, 169
128, 168
129, 167
129, 165
130, 164
130, 163
131, 162
131, 160
132, 159
115, 134
116, 135
116, 139
117, 140
117, 145
118, 146
118, 150
119, 151
119, 155
120, 156
120, 160
121, 161
121, 164
122, 165
122, 167
123, 168
123, 169
122, 170
121, 170
120, 171
116, 171
115, 170
104, 170
103, 169
96, 169
95, 168
92, 168
91, 167
88, 167
87, 166
83, 166
82, 165
76, 165
75, 164
70, 164
69, 163
64, 163
63, 162
60, 162
59, 161
59, 160
60, 159
62, 159
63, 158
64, 158
65, 157
66, 157
67, 156
68, 156
69, 155
70, 155
72, 153
73, 153
75, 151
76, 151
80, 147
81, 147
84, 144
86, 144
87, 145
91, 145
92, 146
95, 146
96, 145
100, 145
101, 144
103, 144
104, 143
105, 143
107, 141
108, 141
62, 82
69, 84
69, 85
70, 86
70, 92
69, 93
68, 96
68, 97
65, 100
64, 100
62, 102
61, 102
60, 103
58, 102
58, 91
59, 90
60, 85
60, 84
88, 18
89, 17
99, 17
100, 18
104, 18
105, 19
107, 19
108, 20
110, 20
111, 21
113, 21
114, 22
115, 22
117, 24
118, 24
119, 25
120, 25
122, 27
123, 27
126, 30
127, 30
137, 40
137, 41
142, 46
142, 47
145, 50
145, 51
147, 53
147, 54
149, 56
149, 57
150, 58
150, 59
151, 60
151, 61
152, 62
152, 63
153, 64
153, 65
154, 66
154, 67
155, 68
155, 70
156, 71
156, 72
157, 73
157, 75
158, 76
158, 77
159, 78
159, 80
160, 81
160, 82
161, 83
161, 84
162, 85
162, 87
163, 88
163, 89
164, 90
164, 91
165, 92
165, 94
166, 95
166, 96
167, 97
167, 98
168, 99
168, 100
169, 101
169, 102
170, 103
170, 104
171, 105
171, 106
172, 107
172, 109
173, 110
173, 112
174, 113
174, 116
175, 117
175, 129
174, 130
174, 134
173, 135
173, 137
172, 138
172, 139
171, 140
171, 141
170, 142
170, 143
168, 145
168, 146
167, 147
166, 147
165, 148
165, 150
164, 151
164, 152
155, 161
154, 161
152, 163
151, 163
150, 164
149, 164
148, 165
147, 165
146, 164
144, 164
142, 162
141, 162
138, 159
138, 158
137, 157
137, 153
138, 152
138, 151
139, 150
139, 148
140, 147
140, 146
141, 145
141, 144
142, 143
142, 142
143, 141
143, 140
144, 139
144, 138
145, 137
145, 136
146, 135
146, 134
147, 133
147, 132
148, 131
148, 130
149, 129
149, 128
150, 127
150, 126
151, 125
151, 123
152, 122
152, 121
154, 119
154, 118
155, 117
155, 116
156, 115
156, 114
158, 112
158, 110
157, 109
156, 109
152, 113
152, 114
148, 118
148, 119
146, 121
146, 122
145, 123
145, 124
144, 125
144, 126
142, 128
142, 129
141, 130
141, 131
140, 132
140, 133
139, 134
139, 135
138, 136
138, 137
137, 138
137, 139
136, 140
136, 141
135, 142
135, 144
134, 145
134, 146
133, 147
133, 149
132, 150
132, 152
131, 153
131, 154
130, 155
130, 157
129, 158
129, 160
128, 161
128, 163
127, 164
127, 165
126, 166
125, 166
124, 165
124, 163
123, 162
123, 159
122, 158
122, 154
121, 153
121, 149
120, 148
120, 144
119, 143
119, 138
118, 137
118, 132
117, 131
117, 126
118, 125
118, 115
117, 114
117, 110
116, 109
114, 109
114, 130
113, 131
113, 132
105, 140
104, 140
102, 142
99, 142
98, 143
88, 143
87, 142
87, 140
88, 139
88, 138
91, 135
91, 134
93, 132
93, 131
95, 129
95, 128
96, 127
96, 126
97, 125
97, 124
98, 123
98, 122
99, 121
99, 120
100, 119
100, 117
101, 116
101, 115
102, 114
102, 112
103, 111
103, 110
104, 109
104, 107
105, 106
105, 104
106, 103
106, 101
107, 100
107, 98
108, 97
108, 95
109, 94
109, 91
110, 90
110, 88
111, 87
111, 84
112, 83
112, 81
113, 80
113, 77
114, 76
114, 73
115, 72
115, 69
116, 68
116, 65
117, 64
117, 61
118, 60
118, 57
119, 56
119, 53
120, 52
120, 50
121, 49
121, 46
122, 45
122, 44
124, 42
124, 41
121, 41
121, 42
120, 43
120, 44
119, 45
119, 47
118, 48
118, 51
117, 52
117, 54
116, 55
116, 58
115, 59
115, 62
114, 63
114, 66
113, 67
113, 70
112, 71
112, 74
111, 75
111, 78
110, 79
110, 82
109, 83
109, 85
108, 86
108, 89
107, 90
107, 92
106, 93
106, 96
105, 97
105, 99
104, 100
104, 102
103, 103
103, 105
102, 106
102, 107
101, 108
101, 110
100, 111
100, 112
99, 113
99, 115
98, 116
98, 117
97, 118
97, 119
96, 120
96, 121
95, 122
95, 123
94, 124
94, 125
93, 126
93, 127
92, 128
92, 129
90, 131
90, 132
88, 134
88, 135
85, 138
85, 139
84, 140
81, 140
80, 139
79, 139
77, 137
76, 137
66, 127
66, 126
64, 124
64, 123
63, 122
63, 121
62, 120
62, 118
61, 117
61, 116
60, 115
60, 112
59, 111
59, 106
60, 105
61, 105
62, 104
63, 104
64, 103
65, 103
70, 98
70, 97
71, 96
71, 95
72, 94
72, 91
73, 90
73, 89
72, 88
72, 84
68, 80
67, 80
66, 79
63, 79
62, 80
61, 80
58, 83
58, 84
57, 85
57, 87
56, 88
56, 104
55, 105
54, 105
53, 106
52, 106
51, 107
48, 107
47, 108
44, 108
43, 107
41, 107
39, 105
38, 105
35, 102
35, 101
33, 99
33, 98
31, 96
31, 95
30, 94
30, 93
29, 92
29, 91
27, 89
27, 87
26, 86
26, 84
25, 83
25, 79
24, 78
24, 69
25, 68
25, 64
26, 63
26, 61
27, 60
27, 59
28, 58
28, 57
29, 56
29, 55
30, 54
30, 53
32, 51
32, 50
34, 48
34, 47
48, 33
49, 33
51, 31
52, 31
53, 30
54, 30
55, 29
56, 29
57, 28
58, 28
59, 27
60, 27
61, 26
62, 26
63, 25
64, 25
65, 24
66, 24
67, 23
68, 23
69, 22
71, 22
72, 21
75, 21
76, 20
78, 20
79, 19
82, 19
83, 18
