3, 333
3, 331
5, 329
66, 329
68, 331
68, 333
70, 333
70, 331
72, 329
133, 329
135, 331
135, 333
137, 333
137, 331
139, 329
200, 329
202, 331
202, 333
204, 333
204, 331
206, 329
267, 329
269, 331
269, 333
271, 333
271, 331
273, 329
334, 329
336, 331
336, 333
338, 333
338, 331
340, 329
401, 329
403, 331
403, 333
405, 333
405, 331
407, 329
468, 329
470, 331
470, 333
472, 333
472, 331
474, 329
4, 2
496, 4
494, 327
2, 325
434, 188
433, 189
433, 190
431, 192
431, 193
432, 194
432, 195
433, 195
434, 196
435, 196
437, 198
439, 198
440, 199
442, 199
443, 200
445, 200
446, 201
449, 201
450, 202
453, 202
454, 203
459, 203
460, 204
467, 204
468, 205
471, 205
472, 206
476, 206
477, 205
477, 203
478, 202
478, 201
477, 200
477, 199
474, 199
473, 198
470, 198
469, 197
462, 197
461, 196
455, 196
454, 195
452, 195
451, 194
448, 194
447, 193
445, 193
444, 192
442, 192
441, 191
440, 191
439, 190
438, 190
437, 189
436, 189
435, 188
58, 168
58, 170
60, 172
61, 172
65, 176
66, 176
68, 178
69, 178
71, 180
72, 180
75, 183
76, 183
87, 194
86, 195
84, 195
83, 194
72, 194
71, 195
69, 195
68, 196
67, 196
66, 197
64, 197
63, 198
62, 198
60, 200
59, 200
56, 203
56, 204
53, 207
50, 207
49, 206
45, 206
44, 205
43, 205
42, 206
39, 206
38, 207
37, 207
36, 208
35, 208
27, 216
27, 217
26, 218
26, 219
25, 220
25, 221
24, 222
24, 224
23, 225
23, 228
22, 229
22, 249
23, 250
23, 255
24, 256
24, 259
25, 260
25, 263
26, 264
26, 267
27, 268
27, 270
28, 271
29, 274
29, 275
30, 276
30, 277
31, 278
31, 279
32, 280
32, 281
34, 283
34, 284
36, 286
36, 287
39, 290
39, 291
43, 295
43, 296
46, 299
47, 299
50, 302
51, 302
52, 303
53, 303
54, 304
55, 304
56, 305
57, 305
58, 306
59, 306
60, 307
61, 307
62, 308
63, 308
64, 309
65, 309
66, 310
68, 310
69, 311
71, 311
72, 312
74, 312
75, 313
79, 313
80, 314
93, 314
94, 313
99, 313
100, 312
103, 312
104, 311
106, 311
107, 310
109, 310
110, 309
112, 309
113, 308
115, 308
116, 307
119, 306
120, 306
121, 305
122, 305
123, 304
124, 304
125, 303
126, 303
127, 302
128, 302
130, 300
131, 300
133, 298
134, 298
143, 289
143, 288
145, 286
145, 285
147, 283
147, 282
148, 281
148, 280
149, 279
149, 278
150, 277
150, 276
151, 275
151, 274
152, 273
152, 272
153, 271
153, 270
154, 269
154, 268
155, 267
155, 266
156, 265
156, 264
157, 263
157, 262
158, 261
158, 260
159, 259
159, 258
161, 256
161, 255
162, 254
162, 253
163, 252
163, 251
164, 250
164, 249
165, 248
165, 246
166, 245
166, 244
167, 243
167, 240
168, 239
168, 234
169, 233
169, 227
168, 226
168, 219
167, 218
167, 216
166, 215
166, 213
165, 212
165, 210
164, 209
164, 208
163, 207
163, 206
160, 203
160, 202
151, 193
150, 193
148, 191
148, 190
150, 188
151, 188
152, 187
154, 187
155, 186
156, 186
157, 185
158, 185
159, 184
160, 184
161, 183
161, 182
162, 181
159, 180
156, 183
155, 183
154, 184
152, 184
151, 185
149, 185
148, 186
147, 186
146, 187
143, 187
142, 186
141, 186
139, 184
138, 184
136, 182
135, 182
133, 180
132, 180
129, 177
129, 176
128, 175
126, 175
125, 176
124, 176
123, 175
122, 175
121, 174
119, 174
118, 173
116, 173
115, 172
113, 172
112, 171
110, 171
109, 170
106, 170
105, 169
101, 169
100, 168
95, 168
94, 167
85, 167
84, 166
54, 214
56, 213
57, 214
58, 214
65, 221
65, 222
67, 224
67, 226
68, 230
69, 231
69, 235
68, 236
68, 238
65, 241
64, 241
59, 242
54, 237
54, 235
53, 216
54, 215
132, 185
133, 184
134, 184
136, 186
137, 186
140, 189
141, 189
142, 190
142, 192
141, 193
141, 196
140, 197
140, 201
139, 202
138, 201
138, 200
137, 199
137, 197
136, 196
136, 195
135, 194
135, 192
134, 191
134, 189
133, 188
133, 187
132, 186
127, 184
128, 183
129, 184
129, 186
130, 187
130, 189
131, 190
131, 191
132, 192
132, 194
133, 195
133, 197
134, 198
134, 199
135, 200
135, 201
136, 202
136, 204
137, 205
137, 206
138, 207
138, 208
139, 209
139, 210
140, 211
140, 212
141, 213
141, 214
143, 216
143, 217
144, 218
144, 219
146, 221
146, 222
149, 225
149, 226
151, 228
153, 228
154, 227
154, 225
153, 224
153, 223
152, 222
152, 221
151, 220
151, 219
150, 218
150, 217
149, 216
149, 215
148, 214
148, 213
147, 212
147, 211
146, 210
146, 209
145, 208
145, 207
144, 206
144, 203
143, 202
143, 196
144, 195
144, 194
145, 193
146, 193
150, 197
151, 197
158, 204
158, 205
160, 207
160, 208
161, 209
161, 210
162, 211
162, 212
163, 213
163, 215
164, 216
164, 218
165, 219
165, 224
166, 225
166, 234
165, 235
165, 240
164, 241
164, 243
163, 244
163, 245
162, 246
162, 248
160, 250
160, 251
159, 252
159, 253
158, 254
158, 255
157, 256
157, 257
156, 258
156, 259
154, 261
154, 262
153, 263
153, 264
152, 265
152, 266
151, 267
151, 268
150, 269
150, 270
149, 271
149, 272
148, 273
148, 274
147, 275
147, 276
146, 277
146, 278
145, 279
145, 280
144, 281
144, 282
143, 283
143, 284
140, 287
140, 288
133, 295
132, 295
130, 297
129, 297
127, 299
126, 299
124, 301
123, 301
122, 302
121, 302
120, 303
118, 303
117, 304
116, 304
115, 305
113, 305
112, 306
110, 306
109, 307
107, 307
106, 308
104, 308
103, 309
100, 309
99, 310
95, 310
94, 311
79, 311
78, 310
75, 310
74, 309
72, 309
71, 308
69, 308
68, 307
66, 307
65, 306
64, 306
63, 305
62, 305
61, 304
60, 304
59, 303
58, 303
57, 302
56, 302
54, 300
53, 300
52, 299
51, 299
42, 290
42, 289
39, 286
39, 285
36, 282
36, 281
35, 280
35, 279
33, 277
33, 276
32, 275
32, 274
31, 273
31, 271
30, 270
30, 268
29, 267
29, 265
28, 264
28, 261
27, 260
27, 256
26, 255
26, 251
25, 250
25, 241
24, 240
24, 238
25, 237
25, 228
26, 227
26, 225
27, 224
27, 222
28, 221
28, 220
29, 219
29, 218
36, 211
37, 211
38, 210
39, 210
40, 209
41, 209
42, 208
46, 208
47, 209
49, 209
52, 212
51, 213
51, 216
50, 217
50, 234
51, 235
51, 237
52, 238
52, 239
53, 240
53, 241
55, 243
56, 243
57, 244
58, 244
59, 245
63, 245
64, 244
66, 244
67, 243
68, 243
70, 241
70, 239
71, 238
71, 234
72, 233
71, 232
71, 227
70, 226
70, 224
69, 223
69, 222
68, 221
68, 220
59, 211
58, 211
56, 209
56, 208
63, 201
64, 201
65, 200
66, 200
67, 199
68, 199
69, 198
71, 198
72, 197
83, 197
84, 198
86, 198
87, 199
88, 199
89, 200
90, 200
91, 201
92, 201
94, 203
94, 204
96, 206
96, 207
98, 209
98, 210
99, 211
99, 212
100, 213
100, 214
101, 215
101, 216
102, 217
102, 218
103, 219
103, 220
104, 221
104, 222
105, 223
105, 225
106, 226
106, 227
107, 228
107, 230
108, 231
108, 232
109, 233
109, 235
110, 236
110, 238
111, 239
111, 240
112, 241
112, 243
113, 244
113, 246
114, 247
114, 249
115, 250
115, 252
116, 253
116, 256
117, 257
117, 259
118, 260
118, 262
119, 263
119, 266
120, 267
120, 270
121, 271
121, 274
122, 275
122, 278
123, 279
123, 282
124, 283
124, 287
125, 288
125, 290
126, 291
126, 293
127, 294
127, 295
129, 295
130, 294
130, 293
129, 292
129, 291
128, 290
128, 288
127, 287
127, 284
126, 283
126, 279
125, 278
125, 275
124, 274
124, 271
123, 270
123, 267
122, 266
122, 263
121, 262
121, 260
120, 259
120, 257
119, 256
119, 253
118, 252
118, 250
117, 249
117, 247
116, 246
116, 244
115, 243
115, 241
114, 240
114, 238
113, 237
113, 236
112, 235
112, 233
111, 232
111, 231
110, 230
110, 228
109, 227
109, 225
108, 224
108, 223
107, 222
107, 221
106, 220
106, 218
105, 217
105, 216
104, 215
104, 214
103, 213
103, 212
102, 211
102, 210
103, 209
114, 220
114, 221
117, 224
117, 225
119, 227
119, 239
120, 240
120, 243
121, 244
123, 244
124, 243
124, 240
125, 239
125, 234
124, 233
124, 230
123, 229
123, 213
124, 212
124, 204
125, 203
125, 194
126, 193
126, 186
127, 185
63, 170
64, 169
86, 169
87, 170
95, 170
96, 171
101, 171
102, 172
105, 172
106, 173
109, 173
110, 174
112, 174
113, 175
115, 175
116, 176
118, 176
119, 177
120, 177
121, 178
122, 178
124, 180
124, 186
123, 187
123, 195
122, 196
122, 204
121, 205
121, 214
120, 215
120, 220
119, 221
118, 221
117, 220
117, 219
111, 213
111, 212
108, 209
107, 209
102, 204
101, 204
98, 201
97, 201
91, 195
91, 194
84, 187
84, 186
83, 185
82, 185
77, 180
76, 180
74, 178
73, 178
70, 175
69, 175
67, 173
66, 173
174, 164
174, 165
172, 167
172, 168
171, 169
171, 170
170, 171
170, 172
169, 173
169, 174
168, 175
168, 176
167, 177
167, 179
166, 180
166, 181
165, 182
164, 182
163, 183
163, 185
164, 186
164, 187
166, 187
168, 185
168, 184
169, 183
169, 181
170, 180
170, 178
171, 177
171, 176
172, 175
172, 174
173, 173
173, 172
175, 170
175, 169
176, 168
176, 167
177, 166
177, 164
244, 157
242, 159
241, 159
239, 161
238, 161
235, 164
234, 164
229, 169
229, 170
226, 173
226, 174
225, 175
225, 177
224, 178
223, 178
222, 177
222, 174
221, 173
221, 169
220, 168
220, 164
219, 163
219, 161
217, 159
216, 159
214, 161
214, 163
213, 164
213, 166
212, 167
212, 170
211, 171
211, 175
210, 176
210, 180
209, 181
209, 185
208, 186
208, 190
207, 191
207, 196
206, 197
206, 200
205, 201
205, 204
204, 205
204, 208
203, 209
203, 211
202, 212
202, 214
201, 215
201, 217
200, 218
200, 220
199, 221
199, 222
197, 224
196, 224
196, 228
197, 229
199, 229
200, 228
200, 227
201, 226
201, 225
202, 224
202, 222
203, 221
203, 219
204, 218
204, 216
205, 215
205, 213
206, 212
206, 210
207, 209
207, 206
208, 205
208, 202
209, 201
209, 198
210, 197
210, 192
211, 191
211, 187
212, 186
212, 182
213, 181
213, 177
214, 176
214, 172
215, 171
215, 169
216, 168
218, 170
218, 174
219, 175
219, 179
220, 180
220, 184
221, 185
221, 189
222, 190
222, 193
223, 194
223, 198
224, 199
224, 203
225, 204
225, 207
226, 208
226, 211
227, 212
227, 213
228, 214
228, 216
229, 217
229, 219
230, 220
230, 221
231, 222
231, 224
232, 225
232, 227
233, 228
233, 230
234, 231
234, 233
235, 234
235, 236
236, 237
236, 239
237, 240
237, 241
238, 242
238, 244
240, 246
241, 246
242, 245
242, 243
241, 242
241, 241
240, 240
240, 239
239, 238
239, 236
238, 235
238, 233
237, 232
237, 230
236, 229
236, 227
235, 226
235, 224
234, 223
234, 221
233, 220
233, 219
232, 218
232, 216
231, 215
231, 213
230, 212
230, 211
229, 210
229, 207
228, 206
228, 203
227, 202
227, 199
228, 198
229, 198
230, 197
229, 196
229, 195
228, 195
227, 194
227, 178
228, 177
228, 176
229, 175
229, 174
239, 164
240, 164
242, 162
243, 162
244, 161
245, 161
246, 160
246, 158
245, 157
264, 14
263, 15
257, 15
256, 16
252, 16
251, 17
248, 17
247, 18
244, 18
243, 19
240, 19
239, 20
237, 20
236, 21
233, 21
232, 22
230, 22
229, 23
227, 23
226, 24
224, 24
223, 25
221, 25
220, 26
219, 26
218, 27
216, 27
215, 28
213, 28
212, 29
210, 29
209, 30
208, 30
207, 31
205, 31
204, 32
203, 32
202, 33
200, 33
199, 34
198, 34
197, 35
196, 35
195, 36
193, 36
192, 37
191, 37
190, 38
189, 38
188, 39
187, 39
186, 40
185, 40
184, 41
183, 41
182, 42
181, 42
179, 44
178, 44
177, 45
176, 45
175, 46
174, 46
172, 48
171, 48
170, 49
169, 49
167, 51
166, 51
164, 53
163, 53
161, 55
160, 55
158, 57
157, 57
154, 60
153, 60
150, 63
149, 63
146, 66
145, 66
141, 70
140, 70
137, 73
136, 73
131, 78
130, 78
127, 81
126, 81
122, 85
121, 85
117, 89
116, 89
112, 93
111, 93
102, 102
102, 104
103, 105
103, 106
106, 109
107, 109
108, 110
110, 110
111, 111
112, 111
113, 112
115, 112
116, 113
118, 113
119, 114
122, 114
123, 115
126, 115
127, 116
130, 116
131, 117
134, 117
135, 118
139, 118
140, 119
144, 119
145, 120
150, 120
151, 121
157, 121
158, 122
164, 122
165, 123
174, 123
175, 124
198, 124
199, 125
202, 125
203, 124
227, 124
228, 123
237, 123
238, 122
248, 122
249, 121
256, 121
257, 120
263, 120
264, 119
271, 119
272, 118
279, 118
280, 117
287, 117
288, 116
295, 116
296, 115
302, 115
303, 114
314, 114
316, 112
315, 111
303, 111
302, 112
296, 112
295, 113
288, 113
287, 114
280, 114
279, 115
272, 115
271, 116
264, 116
263, 117
257, 117
256, 118
249, 118
248, 119
238, 119
237, 120
228, 120
227, 121
203, 121
202, 122
199, 122
198, 121
175, 121
174, 120
165, 120
164, 119
158, 119
157, 118
151, 118
150, 117
146, 117
145, 116
140, 116
139, 115
135, 115
134, 114
131, 114
130, 113
127, 113
126, 112
123, 112
122, 111
120, 111
119, 110
116, 110
115, 109
114, 109
113, 108
111, 108
110, 107
109, 107
106, 104
106, 102
109, 99
110, 99
115, 94
116, 94
120, 90
121, 90
126, 85
127, 85
130, 82
131, 82
135, 78
136, 78
140, 74
141, 74
145, 70
146, 70
149, 67
150, 67
153, 64
154, 64
157, 61
158, 61
161, 58
162, 58
164, 56
165, 56
167, 54
168, 54
170, 52
171, 52
172, 51
173, 51
175, 49
176, 49
177, 48
178, 48
179, 47
180, 47
182, 45
183, 45
184, 44
185, 44
186, 43
187, 43
188, 42
189, 42
190, 41
191, 41
192, 40
193, 40
194, 39
195, 39
196, 38
198, 38
199, 37
200, 37
201, 36
202, 36
203, 35
205, 35
206, 34
207, 34
208, 33
210, 33
211, 32
213, 32
214, 31
215, 31
216, 30
218, 30
219, 29
221, 29
222, 28
224, 28
225, 27
227, 27
228, 26
230, 26
231, 25
233, 25
234, 24
236, 24
237, 23
240, 23
241, 22
244, 22
245, 21
248, 21
249, 20
252, 20
253, 19
257, 19
258, 18
263, 18
264, 17
286, 17
287, 18
291, 18
292, 19
295, 19
296, 20
298, 20
299, 21
301, 21
302, 22
303, 22
304, 23
305, 23
306, 24
307, 24
308, 25
309, 25
310, 26
311, 26
312, 27
313, 27
315, 29
316, 29
318, 31
319, 31
323, 35
324, 35
330, 41
330, 42
334, 46
334, 47
337, 50
337, 51
338, 52
338, 53
340, 55
340, 56
341, 57
341, 58
342, 59
342, 60
344, 62
344, 63
345, 64
345, 65
346, 66
346, 67
347, 68
347, 70
348, 71
348, 72
349, 73
349, 74
350, 75
350, 76
351, 77
351, 79
352, 80
352, 81
353, 82
353, 84
354, 85
354, 86
355, 87
355, 89
356, 90
356, 91
357, 92
357, 94
358, 95
358, 97
359, 98
359, 100
360, 101
360, 103
361, 104
361, 106
362, 107
362, 109
363, 110
363, 113
364, 114
364, 117
365, 118
365, 121
366, 122
366, 125
367, 126
367, 130
368, 131
368, 135
369, 136
369, 141
370, 142
370, 147
371, 148
371, 153
372, 154
372, 159
373, 160
373, 164
374, 165
374, 171
375, 172
375, 180
374, 181
372, 179
372, 178
370, 176
370, 175
364, 169
363, 169
361, 167
359, 167
358, 166
354, 166
353, 167
352, 167
350, 169
350, 170
349, 171
349, 172
348, 173
348, 176
347, 177
347, 187
346, 188
345, 187
345, 186
344, 185
344, 184
342, 182
342, 181
341, 180
341, 179
339, 177
339, 176
336, 173
336, 172
327, 163
325, 163
324, 162
322, 162
319, 165
319, 167
318, 168
318, 177
317, 178
316, 178
315, 177
315, 176
314, 175
314, 174
313, 173
313, 172
312, 171
312, 170
311, 169
311, 168
309, 166
309, 165
304, 160
302, 160
301, 159
299, 159
298, 160
297, 160
293, 164
293, 165
292, 166
292, 167
291, 168
291, 170
290, 171
290, 177
289, 178
289, 208
287, 210
286, 209
286, 208
285, 207
285, 205
284, 204
284, 203
283, 202
283, 200
282, 199
282, 198
281, 197
281, 196
280, 195
280, 193
279, 192
279, 191
278, 190
278, 188
277, 187
277, 186
276, 185
276, 183
275, 182
275, 181
274, 180
274, 178
273, 177
273, 176
272, 175
272, 174
271, 173
271, 171
270, 170
270, 169
268, 167
268, 166
267, 165
267, 164
266, 163
266, 162
262, 158
260, 158
259, 157
256, 157
255, 158
254, 158
253, 159
253, 160
252, 161
252, 162
251, 163
251, 167
254, 167
254, 164
255, 163
255, 162
257, 160
259, 160
264, 165
264, 166
266, 168
266, 169
267, 170
267, 171
268, 172
268, 173
269, 174
269, 176
270, 177
270, 178
271, 179
271, 180
272, 181
272, 183
273, 184
273, 186
274, 187
274, 188
275, 189
275, 190
276, 191
276, 193
277, 194
277, 195
278, 196
278, 198
279, 199
279, 200
280, 201
280, 202
281, 203
281, 205
282, 206
282, 208
283, 209
283, 210
284, 211
284, 213
285, 214
285, 216
286, 217
286, 219
287, 220
287, 223
288, 224
288, 227
289, 228
289, 231
290, 232
291, 232
292, 231
292, 218
291, 217
291, 210
292, 209
292, 178
293, 177
293, 171
294, 170
294, 169
295, 168
295, 167
296, 166
296, 165
298, 163
299, 163
300, 162
301, 162
308, 169
308, 170
309, 171
309, 172
311, 174
311, 176
312, 177
312, 178
313, 179
313, 180
314, 181
314, 182
315, 183
315, 185
316, 186
316, 187
317, 188
317, 207
318, 208
318, 211
321, 214
323, 214
324, 213
324, 211
325, 210
325, 202
324, 201
324, 198
323, 197
323, 195
322, 194
322, 192
321, 191
321, 189
320, 188
320, 179
321, 178
321, 169
322, 168
322, 167
324, 165
326, 167
327, 167
329, 169
329, 170
336, 177
336, 178
338, 180
338, 181
339, 182
339, 183
341, 185
341, 186
342, 187
342, 188
343, 189
343, 190
344, 191
344, 192
345, 193
345, 194
346, 195
346, 196
347, 197
347, 199
348, 200
348, 212
349, 213
349, 219
350, 220
350, 221
352, 221
354, 219
354, 205
353, 204
353, 202
352, 201
352, 200
351, 199
351, 197
350, 196
350, 177
351, 176
351, 174
352, 173
352, 172
355, 169
358, 169
359, 170
360, 170
363, 173
364, 173
367, 176
367, 177
369, 179
369, 180
370, 181
370, 182
372, 184
372, 185
374, 187
374, 188
376, 190
376, 207
377, 208
377, 212
378, 213
378, 215
379, 216
379, 218
380, 219
380, 221
383, 224
386, 224
388, 222
388, 205
387, 204
387, 202
386, 201
386, 200
385, 199
385, 198
384, 197
384, 196
382, 194
382, 193
380, 191
380, 190
379, 189
379, 186
378, 185
378, 172
377, 171
377, 165
376, 164
376, 160
375, 159
375, 154
374, 153
374, 148
373, 147
373, 142
372, 141
372, 136
371, 135
371, 131
370, 130
370, 126
369, 125
369, 121
368, 120
368, 117
367, 116
367, 113
366, 112
366, 110
365, 109
365, 106
364, 105
364, 103
363, 102
363, 100
362, 99
362, 97
361, 96
361, 94
360, 93
360, 92
359, 91
359, 89
358, 88
358, 86
357, 85
357, 84
356, 83
356, 81
355, 80
355, 79
354, 78
354, 76
353, 75
353, 74
352, 73
352, 72
351, 71
351, 70
350, 69
350, 68
349, 67
349, 65
347, 63
347, 62
346, 61
346, 60
345, 59
345, 58
344, 57
344, 56
343, 55
343, 54
341, 52
341, 51
340, 50
340, 49
338, 47
338, 46
335, 43
335, 42
323, 30
322, 30
319, 27
318, 27
316, 25
315, 25
314, 24
313, 24
312, 23
311, 23
310, 22
309, 22
308, 21
307, 21
306, 20
305, 20
304, 19
302, 19
301, 18
300, 18
299, 17
297, 17
296, 16
292, 16
291, 15
287, 15
286, 14
379, 198
380, 197
382, 199
382, 200
383, 201
383, 202
384, 203
384, 204
385, 205
385, 219
384, 220
383, 219
383, 218
382, 217
382, 216
381, 215
381, 212
380, 211
380, 208
379, 207
