316, 2
318, 367
4, 369
2, 4
58, 15
57, 16
54, 16
52, 18
51, 18
47, 22
47, 23
45, 25
45, 26
44, 27
44, 28
43, 29
43, 30
42, 31
42, 32
41, 33
41, 34
40, 35
40, 36
39, 37
39, 39
38, 40
38, 41
37, 42
37, 44
36, 45
36, 47
35, 48
35, 51
34, 52
34, 54
33, 55
33, 58
32, 59
32, 61
31, 62
31, 65
30, 66
30, 69
29, 70
29, 73
28, 74
28, 77
27, 78
27, 81
26, 82
26, 85
25, 86
25, 89
24, 90
24, 95
23, 96
23, 102
22, 103
22, 117
23, 118
23, 120
24, 121
24, 122
25, 123
25, 124
26, 125
26, 126
28, 128
29, 128
31, 130
31, 131
30, 132
30, 133
29, 134
29, 135
28, 136
28, 137
27, 138
27, 140
26, 141
26, 142
25, 143
25, 144
24, 145
24, 147
23, 148
23, 149
22, 150
22, 152
21, 153
21, 155
20, 156
20, 159
19, 160
19, 164
18, 165
18, 168
17, 169
17, 174
16, 175
16, 179
15, 180
15, 186
14, 187
14, 195
13, 196
13, 203
14, 204
14, 209
15, 210
15, 212
16, 213
16, 214
17, 215
17, 217
18, 218
18, 219
19, 220
19, 223
20, 224
20, 226
21, 227
21, 230
22, 231
22, 235
23, 236
23, 238
24, 239
24, 241
26, 243
26, 244
27, 245
28, 245
30, 247
32, 247
33, 248
42, 248
43, 247
46, 247
47, 246
51, 246
52, 245
55, 245
56, 244
58, 244
68, 234
68, 233
70, 231
70, 230
71, 229
71, 228
72, 227
72, 226
74, 224
74, 223
75, 222
75, 221
76, 220
76, 219
77, 218
77, 217
79, 215
79, 214
80, 213
80, 212
81, 211
81, 210
82, 209
82, 208
83, 207
83, 206
84, 205
84, 204
85, 203
85, 202
86, 201
86, 199
87, 198
87, 197
88, 196
88, 194
89, 193
89, 190
90, 189
90, 187
91, 186
91, 185
92, 184
92, 182
93, 181
93, 179
94, 178
94, 175
95, 174
95, 171
96, 170
96, 166
97, 165
97, 162
98, 161
98, 156
99, 155
99, 150
100, 149
100, 146
101, 145
101, 143
102, 142
102, 139
103, 138
103, 136
104, 135
104, 133
105, 132
105, 131
110, 126
120, 126
121, 127
122, 127
124, 129
124, 130
125, 131
125, 145
124, 146
124, 151
123, 152
123, 155
122, 156
122, 157
121, 158
121, 160
120, 161
120, 163
119, 164
119, 166
118, 167
118, 169
117, 170
117, 173
116, 174
116, 176
115, 177
115, 180
114, 181
114, 183
113, 184
113, 187
112, 188
112, 190
111, 191
111, 193
110, 194
110, 197
109, 198
109, 200
108, 201
108, 204
107, 205
107, 209
106, 210
106, 228
107, 229
107, 234
108, 235
108, 236
110, 238
111, 238
112, 239
115, 239
116, 238
122, 238
123, 237
124, 237
125, 236
126, 236
134, 228
134, 227
136, 225
136, 224
139, 221
139, 220
143, 216
143, 215
144, 214
145, 215
145, 219
146, 220
146, 226
147, 227
147, 229
150, 232
152, 232
153, 233
154, 233
157, 236
158, 236
160, 238
160, 239
162, 241
164, 241
165, 242
166, 241
168, 241
170, 239
171, 239
173, 237
173, 236
175, 234
175, 233
177, 231
177, 230
178, 229
178, 228
179, 227
179, 226
180, 225
180, 224
181, 223
181, 222
182, 221
191, 221
192, 220
194, 220
195, 219
198, 219
199, 218
201, 218
202, 217
204, 217
205, 216
209, 216
210, 215
215, 215
216, 214
219, 214
220, 213
222, 213
223, 212
225, 212
226, 211
227, 211
228, 210
229, 210
242, 197
243, 198
243, 213
242, 214
242, 215
241, 216
241, 217
240, 218
240, 220
239, 221
239, 222
238, 223
238, 224
237, 225
237, 226
236, 227
236, 228
235, 229
235, 231
234, 232
234, 233
233, 234
233, 235
232, 236
232, 238
231, 239
231, 241
230, 242
230, 244
229, 245
229, 246
228, 247
228, 250
227, 251
227, 253
226, 254
226, 257
225, 258
225, 260
224, 261
224, 264
223, 265
223, 269
222, 270
222, 274
221, 275
221, 279
220, 280
220, 285
219, 286
219, 290
218, 291
218, 296
217, 297
217, 301
216, 302
216, 307
215, 308
215, 313
214, 314
214, 319
213, 320
213, 327
212, 328
212, 336
213, 337
213, 339
214, 340
214, 341
215, 342
215, 343
217, 345
217, 346
223, 352
224, 352
225, 353
226, 353
227, 354
233, 354
236, 351
236, 350
237, 349
237, 347
238, 346
238, 344
239, 343
239, 341
240, 340
240, 338
241, 337
241, 335
242, 334
242, 332
243, 331
243, 327
244, 326
244, 323
245, 322
245, 319
246, 318
246, 314
247, 313
247, 309
248, 308
248, 304
249, 303
249, 297
250, 296
250, 286
251, 285
251, 279
250, 278
250, 267
249, 266
249, 255
248, 254
248, 242
247, 241
247, 223
246, 222
246, 214
247, 213
247, 211
249, 209
249, 208
250, 207
250, 206
251, 205
251, 204
253, 202
253, 201
255, 199
255, 198
260, 193
261, 193
263, 191
264, 191
268, 187
269, 187
272, 184
273, 184
275, 186
275, 196
276, 197
276, 214
275, 215
275, 220
274, 221
274, 225
273, 226
273, 229
272, 230
272, 234
271, 235
271, 243
272, 244
272, 249
273, 250
273, 253
274, 254
274, 257
275, 258
275, 262
276, 263
276, 265
277, 266
277, 267
278, 268
278, 269
281, 272
282, 272
283, 273
285, 273
286, 272
287, 272
288, 271
289, 271
296, 264
296, 263
299, 260
299, 259
304, 254
304, 253
305, 252
305, 248
303, 248
302, 249
302, 251
298, 255
298, 256
294, 260
294, 261
286, 269
283, 269
280, 266
280, 265
279, 264
279, 262
278, 261
278, 257
277, 256
277, 253
276, 252
276, 249
275, 248
275, 242
274, 241
274, 237
275, 236
275, 232
276, 231
276, 227
277, 226
277, 222
278, 221
278, 217
279, 216
279, 194
278, 193
278, 185
277, 184
277, 183
276, 182
276, 181
275, 181
274, 180
272, 180
271, 181
270, 181
265, 186
264, 186
261, 189
260, 189
258, 191
257, 191
253, 195
253, 196
251, 198
251, 199
249, 201
249, 202
247, 204
246, 203
246, 193
245, 192
246, 191
246, 190
247, 189
247, 188
248, 187
248, 186
249, 185
249, 184
251, 182
251, 181
252, 180
252, 179
254, 177
254, 176
255, 175
255, 174
256, 173
256, 172
257, 171
257, 170
258, 169
258, 168
259, 167
259, 165
260, 164
260, 162
261, 161
261, 158
262, 157
262, 155
263, 154
263, 150
264, 149
264, 144
265, 143
265, 136
266, 135
266, 127
267, 126
267, 111
266, 110
266, 107
265, 106
265, 102
264, 101
264, 97
263, 96
263, 93
262, 92
262, 91
258, 87
254, 87
253, 88
252, 88
252, 89
250, 91
250, 92
249, 93
249, 95
248, 96
248, 97
247, 98
247, 100
246, 101
246, 103
245, 104
245, 106
244, 107
244, 109
243, 110
243, 112
242, 113
242, 116
241, 117
241, 121
240, 122
240, 131
239, 132
239, 149
240, 150
240, 169
241, 170
241, 185
242, 186
242, 190
241, 191
241, 192
239, 194
239, 195
226, 208
225, 208
224, 209
222, 209
221, 210
219, 210
218, 211
214, 211
213, 212
209, 212
208, 213
203, 213
202, 214
200, 214
199, 215
197, 215
196, 216
194, 216
193, 217
190, 217
189, 218
186, 218
184, 216
184, 215
185, 214
185, 213
186, 212
186, 210
187, 209
187, 208
188, 207
188, 205
189, 204
189, 201
190, 200
190, 197
191, 196
191, 190
192, 189
192, 174
191, 173
191, 169
190, 168
190, 167
189, 166
189, 164
188, 163
188, 162
187, 161
187, 160
181, 154
180, 154
179, 153
177, 153
175, 151
175, 140
172, 137
171, 137
170, 136
167, 136
161, 142
161, 143
159, 145
159, 146
158, 147
158, 148
157, 149
157, 150
155, 152
155, 153
154, 154
154, 155
152, 157
152, 158
150, 160
150, 162
149, 163
149, 165
148, 166
148, 170
147, 171
147, 176
146, 177
146, 183
145, 184
145, 206
144, 207
144, 208
143, 209
143, 210
141, 212
141, 213
138, 216
138, 217
134, 221
134, 222
132, 224
132, 225
123, 234
122, 234
121, 235
114, 235
113, 236
110, 233
110, 225
109, 224
109, 211
110, 210
110, 206
111, 205
111, 202
112, 201
112, 199
113, 198
113, 195
114, 194
114, 192
115, 191
115, 189
116, 188
116, 185
117, 184
117, 182
118, 181
118, 178
119, 177
119, 175
120, 174
120, 172
121, 171
121, 168
122, 167
122, 165
123, 164
123, 162
124, 161
124, 159
125, 158
125, 157
126, 156
126, 153
127, 152
127, 147
128, 146
128, 130
127, 129
127, 128
123, 124
122, 124
121, 123
109, 123
108, 124
107, 124
103, 128
103, 129
102, 130
102, 131
101, 132
101, 134
100, 135
100, 137
99, 138
99, 141
98, 142
98, 144
97, 145
97, 148
96, 149
96, 154
95, 155
95, 160
94, 161
94, 164
93, 165
93, 168
92, 169
92, 173
91, 174
91, 177
90, 178
90, 180
89, 181
89, 182
88, 183
88, 185
87, 186
87, 188
86, 189
86, 192
85, 193
85, 194
84, 195
84, 197
83, 198
83, 200
82, 201
82, 202
81, 203
81, 204
80, 205
80, 206
79, 207
79, 208
78, 209
78, 210
77, 211
77, 212
75, 214
75, 215
74, 216
74, 217
73, 218
73, 219
71, 221
71, 222
70, 223
70, 224
69, 225
69, 226
68, 227
68, 228
66, 230
66, 231
63, 234
63, 235
60, 238
59, 238
56, 241
55, 241
54, 242
51, 242
50, 243
46, 243
45, 244
42, 244
41, 245
34, 245
33, 244
32, 244
31, 243
30, 243
28, 241
28, 240
27, 239
27, 238
26, 237
26, 234
25, 233
25, 230
24, 229
24, 226
23, 225
23, 223
22, 222
22, 219
21, 218
21, 216
20, 215
20, 214
19, 213
19, 212
18, 211
18, 208
17, 207
17, 201
16, 200
16, 199
17, 198
17, 188
18, 187
18, 182
19, 181
19, 176
20, 175
20, 171
21, 170
21, 166
22, 165
22, 161
23, 160
23, 157
24, 156
24, 154
25, 153
25, 151
26, 150
26, 149
27, 148
27, 147
28, 146
28, 144
29, 143
29, 142
30, 141
30, 140
31, 139
31, 138
32, 137
32, 136
33, 135
33, 133
35, 131
39, 131
40, 132
42, 132
43, 131
51, 131
52, 130
55, 130
56, 129
57, 129
58, 128
59, 128
60, 127
61, 127
64, 124
65, 124
68, 121
68, 120
69, 119
69, 117
70, 116
70, 110
69, 109
69, 108
68, 107
67, 107
66, 106
65, 106
64, 107
62, 107
61, 108
59, 108
58, 109
57, 109
56, 110
55, 110
54, 111
53, 111
52, 112
50, 112
49, 113
48, 113
47, 114
46, 114
45, 115
44, 115
43, 116
42, 116
36, 122
36, 123
33, 126
31, 126
28, 123
28, 122
27, 121
27, 120
26, 119
26, 116
25, 115
25, 105
26, 104
26, 97
27, 96
27, 91
28, 90
28, 87
29, 86
29, 83
30, 82
30, 79
31, 78
31, 75
32, 74
32, 71
33, 70
33, 67
34, 66
34, 63
35, 62
35, 60
36, 59
36, 56
37, 55
37, 53
38, 52
38, 49
39, 48
39, 46
40, 45
40, 44
41, 43
41, 41
42, 40
42, 38
43, 37
43, 36
44, 35
44, 34
45, 33
45, 32
46, 31
46, 30
47, 29
47, 28
49, 26
49, 25
54, 20
55, 20
56, 19
63, 19
65, 21
66, 21
69, 24
69, 25
70, 26
70, 27
71, 28
71, 39
70, 40
70, 42
71, 43
73, 43
73, 41
74, 40
74, 34
75, 33
75, 31
74, 30
74, 26
73, 25
73, 24
71, 22
71, 21
69, 19
68, 19
66, 17
65, 17
64, 16
62, 16
61, 15
241, 224
242, 223
243, 224
243, 227
244, 228
244, 243
245, 244
245, 256
246, 257
246, 268
247, 269
247, 295
246, 296
246, 301
245, 302
245, 307
244, 308
244, 312
243, 313
243, 316
242, 317
242, 321
241, 322
241, 325
240, 326
240, 329
239, 330
239, 333
238, 334
238, 336
237, 337
237, 339
236, 340
236, 342
235, 343
235, 345
234, 346
234, 347
233, 348
233, 349
231, 351
228, 351
227, 350
226, 350
218, 342
218, 341
217, 340
217, 339
216, 338
216, 336
215, 335
215, 330
216, 329
216, 322
217, 321
217, 315
218, 314
218, 309
219, 308
219, 303
220, 302
220, 298
221, 297
221, 292
222, 291
222, 287
223, 286
223, 281
224, 280
224, 276
225, 275
225, 271
226, 270
226, 266
227, 265
227, 263
228, 262
228, 259
229, 258
229, 255
230, 254
230, 252
231, 251
231, 249
232, 248
232, 246
233, 245
233, 243
234, 242
234, 240
235, 239
235, 237
236, 236
236, 235
237, 234
237, 233
238, 232
238, 231
239, 230
239, 228
240, 227
240, 226
241, 225
150, 202
152, 201
153, 202
153, 204
154, 205
154, 207
156, 209
156, 210
158, 212
159, 212
160, 213
161, 213
162, 214
164, 214
165, 215
167, 215
168, 216
170, 216
171, 217
173, 217
174, 218
175, 218
176, 219
177, 219
178, 221
177, 222
177, 223
176, 224
176, 225
175, 226
175, 227
174, 228
174, 229
173, 230
173, 231
171, 233
171, 234
168, 237
167, 237
164, 238
157, 231
156, 231
155, 230
154, 230
153, 229
152, 229
150, 227
150, 226
149, 217
148, 216
148, 206
149, 205
149, 204
150, 203
169, 164
168, 165
168, 166
166, 168
166, 169
164, 171
164, 172
163, 173
163, 174
162, 175
162, 176
160, 178
160, 179
159, 180
159, 181
157, 183
156, 182
156, 181
157, 180
157, 178
158, 177
158, 176
160, 174
160, 173
161, 172
161, 171
163, 169
163, 168
165, 166
165, 165
166, 164
166, 163
174, 157
178, 156
185, 163
185, 164
186, 165
186, 167
187, 168
187, 170
188, 171
188, 174
189, 188
188, 189
188, 195
187, 196
187, 199
186, 200
186, 203
185, 204
185, 205
184, 206
184, 208
183, 209
183, 210
182, 211
182, 213
181, 214
181, 215
178, 216
177, 215
175, 215
174, 214
173, 214
172, 213
169, 213
168, 212
166, 212
165, 211
163, 211
162, 210
161, 210
158, 207
158, 206
157, 205
157, 204
156, 203
156, 200
155, 196
156, 195
156, 194
157, 193
157, 191
158, 190
158, 189
159, 188
159, 187
160, 186
160, 185
161, 184
161, 183
163, 181
163, 180
164, 179
164, 178
165, 177
165, 176
166, 175
166, 174
168, 172
168, 171
170, 169
170, 168
171, 167
171, 166
172, 165
172, 164
173, 163
173, 161
174, 160
166, 141
167, 140
170, 140
172, 142
172, 152
164, 160
164, 161
163, 162
163, 163
161, 165
161, 166
159, 168
159, 169
158, 170
158, 171
156, 173
156, 174
155, 175
155, 176
154, 177
154, 179
153, 180
153, 184
152, 185
152, 194
151, 195
151, 196
149, 198
148, 197
148, 185
149, 184
149, 179
150, 178
150, 172
151, 171
151, 167
152, 166
152, 164
153, 163
153, 162
154, 161
154, 160
155, 159
155, 158
157, 156
157, 155
159, 153
159, 152
160, 151
160, 150
161, 149
161, 148
163, 146
163, 145
166, 142
62, 111
63, 110
65, 110
67, 112
67, 115
66, 116
66, 118
61, 123
60, 123
58, 125
57, 125
56, 126
54, 126
53, 127
51, 127
50, 128
38, 128
37, 127
38, 126
38, 125
45, 118
46, 118
47, 117
48, 117
49, 116
50, 116
51, 115
53, 115
54, 114
55, 114
56, 113
57, 113
58, 112
60, 112
61, 111
254, 91
255, 90
256, 90
259, 93
259, 94
260, 95
260, 97
261, 98
261, 102
262, 103
262, 107
263, 108
263, 111
264, 112
264, 124
263, 125
263, 133
262, 134
262, 142
261, 143
261, 148
260, 149
260, 153
259, 154
259, 156
258, 157
258, 160
257, 161
257, 163
256, 164
256, 166
255, 167
255, 168
254, 169
254, 170
253, 171
253, 172
252, 173
252, 174
250, 176
250, 177
249, 178
249, 179
247, 181
247, 182
246, 183
245, 183
244, 182
244, 167
243, 166
243, 146
242, 145
242, 135
243, 134
243, 123
244, 122
244, 118
245, 117
245, 114
246, 113
246, 111
247, 110
247, 108
248, 107
248, 105
249, 104
249, 102
250, 101
250, 99
251, 98
251, 97
252, 96
252, 94
254, 92
