228, 2
230, 367
4, 369
2, 4
133, 352
182, 204
181, 205
181, 206
180, 207
180, 208
179, 209
179, 210
178, 211
178, 213
177, 214
177, 215
178, 215
178, 214
179, 213
179, 212
180, 211
180, 210
181, 209
181, 208
182, 207
182, 206
183, 205
183, 204
173, 195
170, 198
170, 199
160, 209
160, 210
161, 210
170, 201
170, 200
173, 197
173, 196
174, 195
100, 166
99, 167
99, 168
97, 170
97, 172
98, 172
98, 171
100, 169
100, 168
101, 167
101, 166
153, 164
150, 167
150, 168
148, 170
148, 171
146, 173
146, 174
145, 175
145, 176
144, 177
144, 178
143, 179
143, 180
142, 181
142, 182
141, 183
141, 184
140, 185
140, 186
139, 187
139, 188
138, 189
138, 190
137, 191
137, 193
136, 194
136, 195
138, 193
138, 192
139, 191
139, 190
140, 189
140, 188
141, 187
141, 186
142, 185
142, 184
143, 183
143, 182
145, 180
145, 179
148, 176
148, 175
150, 173
150, 172
151, 171
151, 170
153, 168
153, 167
154, 166
154, 164
204, 146
204, 147
203, 148
203, 149
201, 151
201, 152
200, 153
200, 154
199, 155
199, 156
198, 157
198, 158
197, 159
197, 160
196, 161
196, 162
195, 163
195, 164
194, 165
194, 167
196, 165
196, 164
197, 163
197, 162
198, 161
198, 160
199, 159
199, 158
200, 157
200, 156
201, 155
201, 154
202, 153
202, 152
203, 151
203, 150
204, 149
204, 148
205, 147
205, 146
219, 124
218, 125
220, 125
