4, 2
450, 4
448, 369
2, 367
87, 14
86, 15
81, 15
80, 16
77, 16
76, 17
75, 17
74, 18
73, 18
72, 19
71, 19
70, 20
69, 20
67, 22
66, 22
61, 27
60, 27
60, 28
56, 32
56, 33
54, 35
54, 36
53, 37
53, 39
52, 40
52, 42
51, 43
51, 45
50, 46
50, 50
49, 51
49, 55
48, 56
48, 60
47, 61
47, 66
46, 67
46, 72
45, 73
45, 79
44, 80
44, 86
43, 87
43, 94
42, 95
42, 103
41, 104
41, 114
40, 115
40, 124
39, 125
38, 125
30, 133
30, 134
28, 136
28, 137
26, 139
26, 140
25, 141
25, 142
24, 143
24, 144
23, 145
23, 147
22, 148
22, 151
21, 152
21, 154
20, 155
20, 159
19, 160
19, 178
20, 179
20, 183
21, 184
21, 187
22, 188
22, 191
23, 192
23, 193
24, 194
24, 196
25, 197
25, 198
27, 200
27, 201
28, 202
28, 203
31, 206
31, 207
37, 213
38, 213
41, 216
42, 216
44, 218
45, 218
46, 219
47, 219
49, 221
50, 221
51, 222
52, 222
53, 223
55, 223
56, 224
58, 224
59, 225
69, 225
70, 224
72, 224
73, 223
74, 223
75, 222
76, 222
77, 221
78, 221
79, 220
80, 220
82, 218
83, 218
84, 217
85, 217
87, 215
88, 215
91, 212
92, 212
95, 209
96, 209
99, 206
100, 206
103, 203
104, 203
111, 196
112, 196
118, 190
118, 189
123, 184
123, 183
126, 180
126, 179
129, 176
129, 175
131, 173
131, 172
133, 170
133, 169
135, 167
135, 166
136, 165
136, 164
137, 163
137, 162
139, 160
139, 159
140, 158
140, 157
141, 156
141, 155
142, 154
142, 153
144, 151
144, 150
145, 149
145, 148
147, 146
147, 145
148, 144
148, 143
150, 141
150, 140
152, 138
152, 137
154, 135
154, 134
158, 130
158, 129
159, 128
160, 128
163, 125
164, 125
165, 124
166, 124
167, 123
169, 123
170, 124
170, 125
171, 126
171, 130
170, 131
170, 143
169, 144
169, 149
168, 150
168, 153
167, 154
167, 157
166, 158
166, 160
165, 161
165, 163
164, 164
164, 166
163, 167
163, 169
162, 170
162, 172
161, 173
161, 175
160, 176
160, 177
159, 178
159, 180
158, 181
158, 182
157, 183
157, 185
156, 186
156, 188
155, 189
155, 191
154, 192
154, 195
153, 196
153, 199
152, 200
152, 203
153, 204
153, 207
154, 208
154, 209
155, 210
155, 211
159, 215
161, 215
162, 216
169, 216
170, 215
173, 215
174, 214
176, 214
177, 213
178, 213
179, 212
180, 212
181, 211
182, 211
184, 209
185, 209
187, 207
188, 207
192, 203
193, 203
197, 199
198, 200
198, 201
199, 202
199, 211
200, 212
200, 216
201, 217
201, 220
202, 221
202, 222
203, 223
203, 224
206, 227
207, 227
208, 228
211, 228
212, 229
222, 229
223, 230
236, 230
237, 229
241, 229
242, 228
246, 228
247, 227
251, 227
252, 226
255, 226
256, 225
261, 225
262, 224
270, 224
271, 223
275, 223
276, 222
280, 222
281, 221
284, 221
285, 220
287, 220
288, 219
290, 219
291, 218
292, 218
293, 217
295, 217
296, 216
297, 216
298, 215
300, 215
301, 214
303, 214
304, 213
305, 213
306, 212
307, 212
308, 213
308, 221
307, 222
307, 230
306, 231
306, 232
305, 233
305, 234
302, 237
302, 238
300, 240
300, 241
298, 243
298, 244
297, 245
297, 246
295, 248
295, 249
294, 250
294, 251
292, 253
292, 254
291, 255
291, 256
290, 257
290, 258
288, 260
288, 261
287, 262
287, 263
286, 264
286, 265
284, 267
284, 268
283, 269
283, 270
282, 271
282, 272
280, 274
280, 275
279, 276
279, 277
278, 278
278, 279
277, 280
277, 281
276, 282
276, 283
274, 285
274, 286
273, 287
273, 288
272, 289
272, 290
271, 291
271, 292
270, 293
270, 294
269, 295
269, 296
268, 297
268, 298
267, 299
267, 300
266, 301
266, 302
265, 303
265, 304
264, 305
264, 306
263, 307
263, 309
262, 310
262, 311
261, 312
261, 314
260, 315
260, 317
259, 318
259, 320
258, 321
258, 324
257, 325
257, 330
256, 331
256, 342
257, 343
257, 345
258, 346
258, 347
259, 348
259, 349
264, 354
265, 354
266, 355
273, 355
274, 354
275, 354
279, 350
279, 349
281, 347
281, 346
282, 345
282, 344
283, 343
283, 342
284, 341
284, 340
285, 339
285, 338
286, 337
286, 335
287, 334
287, 332
288, 331
288, 330
289, 329
289, 327
290, 326
290, 324
291, 323
291, 321
292, 320
292, 318
293, 317
293, 315
294, 314
294, 311
295, 310
295, 308
296, 307
296, 304
297, 303
297, 301
298, 300
298, 297
299, 296
299, 293
300, 292
300, 290
301, 289
301, 286
302, 285
302, 282
303, 281
303, 277
304, 276
304, 273
305, 272
305, 269
306, 268
306, 264
307, 263
307, 258
308, 257
308, 253
309, 252
309, 247
310, 246
310, 240
311, 239
311, 234
313, 232
313, 231
316, 228
316, 227
320, 223
320, 222
324, 218
324, 217
328, 213
328, 212
333, 207
333, 206
336, 203
336, 202
339, 199
339, 198
342, 195
342, 194
345, 191
345, 190
348, 187
348, 186
351, 183
351, 182
358, 175
358, 174
369, 163
369, 162
379, 152
379, 151
384, 146
384, 145
386, 143
386, 142
388, 140
388, 139
390, 137
391, 138
391, 141
390, 142
390, 144
389, 145
389, 147
388, 148
388, 151
387, 152
387, 154
386, 155
386, 157
385, 158
385, 161
384, 162
384, 164
383, 165
383, 167
382, 168
382, 170
381, 171
381, 173
380, 174
380, 176
379, 177
379, 180
378, 181
378, 186
377, 187
377, 190
378, 191
378, 194
379, 195
379, 196
382, 199
391, 199
392, 198
394, 198
395, 197
398, 197
399, 196
401, 196
402, 195
404, 195
405, 194
406, 194
407, 193
409, 193
410, 192
413, 192
414, 191
415, 191
416, 190
417, 190
418, 189
419, 189
420, 188
421, 188
422, 187
423, 187
424, 186
425, 186
426, 185
428, 185
429, 184
431, 184
432, 183
432, 180
431, 179
428, 179
427, 180
425, 180
424, 181
422, 181
421, 182
420, 182
419, 183
418, 183
417, 184
416, 184
414, 186
413, 186
412, 187
409, 187
408, 188
405, 188
404, 189
403, 189
402, 190
400, 190
399, 191
397, 191
396, 192
394, 192
393, 193
391, 193
390, 194
385, 194
383, 192
383, 183
384, 182
384, 179
385, 178
385, 176
386, 175
386, 172
387, 171
387, 169
388, 168
388, 166
389, 165
389, 163
390, 162
390, 160
391, 159
391, 157
392, 156
392, 153
393, 152
393, 150
394, 149
394, 147
395, 146
395, 143
396, 142
396, 139
397, 138
397, 129
395, 127
392, 127
385, 134
385, 135
383, 137
383, 138
380, 141
380, 142
377, 145
377, 146
369, 154
369, 155
357, 167
357, 168
349, 176
349, 177
345, 181
345, 182
342, 185
342, 186
339, 189
339, 190
336, 193
336, 194
333, 197
333, 198
330, 201
330, 202
326, 206
326, 207
322, 211
322, 212
318, 216
318, 217
314, 221
313, 220
313, 215
314, 214
314, 210
316, 208
317, 208
318, 207
319, 207
320, 206
321, 206
325, 202
325, 201
327, 199
327, 198
328, 197
328, 196
329, 195
329, 193
330, 192
330, 190
331, 189
331, 187
332, 186
332, 183
333, 182
333, 180
334, 179
334, 178
335, 177
335, 175
336, 174
336, 173
337, 172
337, 170
338, 169
338, 167
339, 166
339, 164
340, 163
340, 160
341, 159
341, 153
342, 152
342, 143
343, 142
343, 137
340, 134
332, 134
331, 135
330, 135
325, 140
325, 141
324, 142
324, 143
323, 144
323, 146
322, 147
322, 148
321, 149
321, 151
320, 152
320, 154
319, 155
319, 157
318, 158
318, 162
317, 163
317, 166
316, 167
316, 171
315, 172
315, 175
314, 176
314, 180
313, 181
313, 185
312, 186
312, 190
311, 191
311, 197
310, 198
310, 204
308, 206
307, 206
306, 207
305, 207
304, 208
302, 208
301, 209
299, 209
298, 210
297, 210
296, 211
294, 211
293, 212
292, 212
291, 213
289, 213
288, 214
286, 214
285, 215
283, 215
282, 216
280, 216
279, 217
275, 217
274, 218
269, 218
268, 219
260, 219
259, 220
254, 220
253, 221
250, 221
249, 220
251, 218
251, 217
252, 216
252, 215
253, 214
253, 213
254, 212
254, 211
256, 209
256, 208
257, 207
257, 206
259, 204
259, 202
260, 201
260, 200
261, 199
261, 197
262, 196
262, 194
263, 193
263, 188
264, 187
264, 173
263, 172
263, 165
262, 164
262, 160
261, 159
261, 155
260, 154
260, 152
259, 151
259, 150
257, 148
257, 147
256, 147
255, 146
254, 146
253, 145
250, 145
249, 144
231, 144
229, 142
229, 140
228, 140
227, 139
226, 139
222, 143
222, 144
221, 145
221, 146
218, 149
217, 149
212, 154
212, 155
211, 156
211, 157
210, 158
210, 159
208, 161
208, 162
207, 163
207, 164
206, 165
206, 167
205, 168
205, 169
204, 170
204, 171
203, 172
203, 173
202, 174
202, 175
201, 176
201, 177
200, 178
200, 180
199, 181
199, 184
198, 185
198, 190
187, 201
186, 201
183, 204
182, 204
180, 206
179, 206
178, 207
177, 207
176, 208
175, 208
174, 209
173, 209
172, 210
169, 210
168, 211
164, 211
163, 210
162, 210
159, 207
159, 206
158, 205
158, 197
159, 196
159, 194
160, 193
160, 191
161, 190
161, 188
162, 187
162, 185
163, 184
163, 182
164, 181
164, 180
165, 179
165, 177
166, 176
166, 175
167, 174
167, 172
168, 171
168, 169
169, 168
169, 166
170, 165
170, 162
171, 161
171, 159
172, 158
172, 155
173, 154
173, 151
174, 150
174, 146
175, 145
175, 134
176, 133
176, 124
175, 123
175, 121
173, 119
172, 119
171, 118
166, 118
165, 119
163, 119
162, 120
161, 120
159, 122
158, 122
152, 128
152, 129
149, 132
149, 133
147, 135
147, 136
145, 138
145, 139
143, 141
143, 142
142, 143
142, 144
140, 146
140, 147
139, 148
139, 149
137, 151
137, 152
136, 153
136, 154
135, 155
135, 156
134, 157
134, 158
132, 160
132, 161
131, 162
131, 163
130, 164
130, 165
128, 167
128, 168
126, 170
126, 171
123, 174
123, 175
121, 177
121, 178
117, 182
117, 183
104, 196
103, 196
99, 200
98, 200
95, 203
94, 203
91, 206
90, 206
87, 209
86, 209
84, 211
83, 211
81, 213
80, 213
78, 215
77, 215
76, 216
75, 216
74, 217
73, 217
72, 218
71, 218
70, 219
68, 219
67, 220
61, 220
60, 219
58, 219
57, 218
55, 218
54, 217
53, 217
52, 216
51, 216
49, 214
48, 214
47, 213
46, 213
43, 210
42, 210
33, 201
33, 200
32, 199
32, 198
30, 196
30, 195
29, 194
29, 193
28, 192
28, 190
27, 189
27, 187
26, 186
26, 183
25, 182
25, 177
24, 176
24, 162
25, 161
25, 157
26, 156
26, 153
27, 152
27, 150
28, 149
28, 147
29, 146
29, 145
30, 144
30, 143
31, 142
31, 141
33, 139
33, 138
40, 131
41, 132
41, 136
42, 137
42, 139
46, 143
48, 143
49, 144
57, 144
58, 143
61, 143
62, 142
64, 142
65, 141
66, 141
67, 140
68, 140
70, 138
71, 138
72, 137
72, 136
73, 135
73, 128
72, 127
72, 126
68, 122
67, 122
66, 121
64, 121
63, 120
59, 120
58, 119
55, 119
54, 120
49, 120
48, 121
46, 121
45, 120
45, 118
46, 117
46, 106
47, 105
47, 97
48, 96
48, 89
49, 88
49, 81
50, 80
50, 75
51, 74
51, 69
52, 68
52, 63
53, 62
53, 57
54, 56
54, 52
55, 51
55, 48
56, 47
56, 44
57, 43
57, 42
58, 41
58, 39
59, 38
59, 37
61, 35
61, 34
66, 29
67, 29
71, 25
72, 25
73, 24
74, 24
75, 23
76, 23
77, 22
78, 22
79, 21
81, 21
82, 20
94, 20
95, 21
95, 22
96, 23
96, 29
95, 30
95, 32
94, 33
94, 35
93, 36
93, 37
92, 38
92, 40
91, 41
91, 42
90, 43
90, 44
89, 45
89, 46
87, 48
87, 49
84, 52
82, 52
81, 53
80, 53
79, 54
79, 57
80, 58
81, 58
82, 59
83, 59
84, 58
86, 58
91, 53
91, 52
92, 51
92, 50
94, 48
94, 47
95, 46
95, 44
96, 43
96, 42
97, 41
97, 40
98, 39
98, 38
99, 37
99, 35
100, 34
100, 32
101, 31
101, 21
100, 20
100, 19
99, 18
99, 17
98, 17
96, 15
94, 15
93, 14
303, 247
304, 248
304, 250
303, 251
303, 256
302, 257
302, 262
301, 263
301, 266
300, 267
300, 271
299, 272
299, 275
298, 276
298, 279
297, 280
297, 283
296, 284
296, 287
295, 288
295, 291
294, 292
294, 295
293, 296
293, 298
292, 299
292, 302
291, 303
291, 306
290, 307
290, 309
289, 310
289, 312
288, 313
288, 315
287, 316
287, 319
286, 320
286, 322
285, 323
285, 324
284, 325
284, 327
283, 328
283, 330
282, 331
282, 332
281, 333
281, 335
280, 336
280, 337
279, 338
279, 339
278, 340
278, 341
277, 342
277, 343
276, 344
276, 345
271, 350
268, 350
267, 349
266, 349
264, 347
264, 346
262, 344
262, 342
261, 341
261, 332
262, 331
262, 327
263, 326
263, 323
264, 322
264, 319
265, 318
265, 316
266, 315
266, 314
267, 313
267, 311
268, 310
268, 309
269, 308
269, 307
270, 306
270, 305
271, 304
271, 303
272, 302
272, 300
273, 299
273, 298
275, 296
275, 295
276, 294
276, 293
277, 292
277, 291
278, 290
278, 289
279, 288
279, 287
280, 286
280, 285
282, 283
282, 282
283, 281
283, 280
284, 279
284, 278
285, 277
285, 276
287, 274
287, 273
288, 272
288, 271
289, 270
289, 269
291, 267
291, 266
292, 265
292, 264
293, 263
293, 262
295, 260
295, 259
296, 258
296, 257
297, 256
297, 255
299, 253
299, 252
300, 251
300, 250
206, 188
207, 187
208, 187
209, 188
209, 207
210, 208
210, 211
211, 212
211, 215
212, 216
212, 217
213, 218
213, 220
214, 221
214, 222
213, 223
210, 223
207, 220
207, 219
206, 218
206, 216
205, 215
205, 210
204, 209
204, 200
203, 199
203, 193
204, 192
204, 191
206, 189
231, 150
232, 149
247, 149
248, 150
252, 151
253, 151
254, 152
254, 153
255, 154
255, 155
256, 156
256, 160
257, 161
257, 166
258, 167
258, 173
259, 174
259, 185
258, 186
258, 191
257, 192
257, 194
256, 195
256, 197
255, 198
254, 201
254, 202
253, 203
253, 204
251, 206
251, 207
249, 209
249, 210
248, 211
248, 212
247, 213
247, 214
246, 215
246, 216
240, 222
239, 222
238, 223
237, 223
236, 224
225, 224
224, 223
219, 220
219, 219
218, 218
218, 217
217, 216
217, 214
216, 213
216, 211
215, 210
215, 207
214, 206
214, 178
215, 177
216, 173
216, 172
217, 171
217, 170
218, 169
218, 167
220, 165
220, 164
221, 163
221, 162
222, 161
222, 160
223, 159
223, 158
224, 157
224, 156
225, 155
225, 153
228, 150
333, 140
334, 139
337, 139
338, 140
337, 141
337, 150
336, 151
336, 157
335, 158
335, 162
334, 163
334, 165
333, 166
333, 168
332, 169
332, 170
331, 171
331, 173
330, 174
330, 175
329, 176
329, 178
328, 179
328, 181
327, 182
327, 184
326, 185
326, 188
325, 189
325, 190
324, 191
324, 193
323, 194
323, 195
322, 196
322, 197
317, 202
316, 202
315, 201
315, 200
316, 199
316, 193
317, 192
317, 188
318, 187
318, 183
319, 182
319, 178
320, 177
320, 173
321, 172
321, 169
322, 168
322, 164
323, 163
323, 160
324, 159
324, 156
325, 155
325, 153
326, 152
326, 151
327, 150
327, 148
328, 147
328, 146
329, 145
329, 144
331, 142
331, 141
332, 140
49, 126
50, 125
63, 126
64, 126
68, 130
66, 135
65, 135
64, 136
63, 136
62, 137
60, 137
59, 138
56, 138
55, 139
49, 138
48, 138
47, 137
47, 135
46, 134
47, 126
