4, 23
2, 25
0, 25
0, 27
2, 27
4, 29
4, 80
2, 82
0, 82
0, 84
2, 84
4, 86
4, 137
2, 139
0, 139
0, 141
2, 141
4, 143
4, 194
2, 196
0, 196
0, 198
2, 198
4, 200
4, 251
2, 253
0, 253
0, 255
2, 255
4, 257
4, 308
2, 310
0, 310
0, 312
2, 312
4, 314
4, 365
2, 367
0, 367
2, 369
4, 371
262, 2
264, 367
8, 369
6, 4
120, 16
119, 17
116, 17
115, 18
114, 18
113, 19
111, 19
110, 20
109, 20
107, 22
106, 22
105, 23
104, 23
102, 25
101, 25
98, 28
97, 28
81, 44
81, 45
77, 49
77, 50
74, 53
74, 54
71, 57
71, 58
69, 60
69, 61
67, 63
67, 64
65, 66
65, 67
63, 69
63, 70
62, 71
62, 72
61, 73
61, 74
59, 76
59, 77
58, 78
58, 79
57, 80
57, 81
56, 82
56, 83
55, 84
55, 86
54, 87
54, 88
53, 89
53, 91
52, 92
52, 94
51, 95
51, 98
50, 99
50, 102
49, 103
49, 112
48, 113
48, 114
47, 115
46, 115
39, 122
39, 123
36, 126
36, 127
33, 130
33, 131
31, 133
31, 134
30, 135
30, 136
28, 138
28, 139
27, 140
27, 141
26, 142
26, 143
25, 144
25, 146
24, 147
24, 148
23, 149
23, 150
22, 151
22, 153
21, 154
21, 156
20, 157
20, 160
19, 161
19, 163
18, 164
18, 167
17, 168
17, 172
16, 173
16, 179
15, 180
15, 194
16, 195
16, 199
17, 200
17, 203
18, 204
18, 205
19, 206
19, 207
20, 208
20, 209
21, 210
21, 211
28, 218
29, 218
31, 220
33, 220
34, 221
45, 221
46, 220
49, 220
50, 219
52, 219
53, 218
54, 218
55, 217
56, 217
57, 216
58, 216
59, 215
60, 215
61, 214
62, 214
63, 213
64, 213
65, 212
66, 212
68, 210
69, 210
70, 209
71, 209
73, 207
74, 207
77, 204
78, 204
80, 202
81, 202
84, 199
85, 199
90, 194
91, 194
95, 190
96, 190
106, 180
107, 180
120, 167
121, 167
130, 158
132, 160
130, 162
130, 163
128, 165
128, 166
125, 169
125, 170
123, 172
123, 173
121, 175
121, 176
119, 178
119, 179
118, 180
118, 181
116, 183
116, 184
115, 185
115, 186
113, 188
113, 189
112, 190
112, 191
111, 192
111, 193
110, 194
110, 195
109, 196
109, 197
108, 198
108, 199
107, 200
107, 201
106, 202
106, 203
105, 204
105, 205
104, 206
104, 207
103, 208
103, 209
102, 210
102, 212
101, 213
101, 214
100, 215
100, 217
99, 218
99, 220
98, 221
98, 223
97, 224
97, 227
96, 228
96, 231
95, 232
95, 239
96, 240
96, 241
97, 242
97, 243
98, 243
99, 244
100, 244
101, 245
107, 245
108, 244
110, 244
111, 243
113, 243
114, 242
115, 242
116, 241
117, 241
119, 239
120, 239
122, 237
123, 237
128, 232
129, 232
140, 221
141, 221
142, 222
142, 233
143, 234
143, 235
147, 239
153, 239
154, 238
155, 238
156, 237
157, 237
158, 236
159, 236
160, 235
161, 235
164, 232
165, 232
173, 224
174, 224
176, 222
177, 222
179, 220
180, 220
182, 218
183, 218
185, 216
186, 216
189, 213
190, 213
195, 208
196, 208
206, 198
207, 198
208, 199
208, 200
207, 201
207, 202
206, 203
206, 204
205, 205
205, 206
203, 208
203, 209
201, 211
201, 212
198, 215
198, 216
195, 219
195, 220
193, 222
193, 223
192, 224
192, 225
190, 227
190, 228
188, 230
188, 231
187, 232
187, 233
186, 234
186, 235
184, 237
184, 238
183, 239
183, 240
182, 241
182, 242
181, 243
181, 244
180, 245
180, 246
179, 247
179, 248
178, 249
178, 250
177, 251
177, 252
176, 253
176, 254
175, 255
175, 256
174, 257
174, 259
173, 260
173, 261
172, 262
172, 263
171, 264
171, 266
170, 267
170, 268
169, 269
169, 271
168, 272
168, 274
167, 275
167, 276
166, 277
166, 279
165, 280
165, 282
164, 283
164, 285
163, 286
163, 287
162, 288
162, 290
161, 291
161, 293
160, 294
160, 296
159, 297
159, 299
158, 300
158, 301
157, 302
157, 304
156, 305
156, 307
155, 308
155, 310
154, 311
154, 314
153, 315
153, 317
152, 318
152, 320
151, 321
151, 323
150, 324
150, 327
149, 328
149, 331
148, 332
148, 336
147, 337
147, 343
146, 344
146, 350
147, 351
147, 352
148, 353
150, 353
153, 350
153, 349
154, 348
154, 347
155, 346
155, 345
156, 344
156, 343
157, 342
157, 341
158, 340
158, 339
159, 338
159, 337
160, 336
160, 334
161, 333
161, 332
162, 331
162, 329
163, 328
163, 327
164, 326
164, 324
165, 323
165, 322
166, 321
166, 319
167, 318
167, 317
168, 316
168, 314
169, 313
169, 311
170, 310
170, 309
171, 308
171, 306
172, 305
172, 303
173, 302
173, 301
174, 300
174, 298
175, 297
175, 295
176, 294
176, 292
177, 291
177, 290
178, 289
178, 287
179, 286
179, 284
180, 283
180, 281
181, 280
181, 279
182, 278
182, 276
183, 275
183, 273
184, 272
184, 270
185, 269
185, 267
186, 266
186, 265
187, 264
187, 262
188, 261
188, 259
189, 258
189, 256
190, 255
190, 254
191, 253
191, 251
192, 250
192, 248
193, 247
193, 245
194, 244
194, 243
195, 242
195, 240
196, 239
196, 237
197, 236
197, 234
198, 233
198, 232
199, 231
199, 229
200, 228
200, 226
201, 225
201, 223
202, 222
202, 220
203, 219
203, 217
204, 216
204, 215
205, 214
205, 212
206, 211
206, 209
207, 208
207, 207
210, 204
210, 203
226, 187
227, 187
228, 186
229, 187
229, 190
228, 191
228, 193
227, 194
227, 195
226, 196
226, 198
225, 199
225, 201
224, 202
224, 204
223, 205
223, 207
222, 208
222, 211
221, 212
221, 215
220, 216
220, 221
219, 222
219, 233
220, 234
220, 237
221, 238
221, 239
226, 244
228, 244
229, 245
234, 245
235, 244
238, 244
239, 243
240, 243
241, 242
242, 242
243, 241
243, 239
242, 239
240, 241
239, 241
238, 242
236, 242
235, 243
229, 243
228, 242
227, 242
222, 237
222, 234
221, 233
221, 221
222, 220
222, 216
223, 215
223, 212
224, 211
224, 208
225, 207
225, 205
226, 204
226, 202
227, 201
227, 199
228, 198
228, 196
229, 195
229, 193
230, 192
230, 191
231, 190
231, 186
232, 185
231, 184
231, 183
228, 183
224, 187
223, 187
212, 198
211, 197
211, 195
212, 194
212, 193
214, 191
214, 190
220, 184
220, 183
227, 176
227, 175
232, 170
232, 169
236, 165
236, 164
239, 161
239, 160
241, 158
241, 157
244, 154
244, 153
246, 151
246, 150
248, 148
248, 147
249, 146
249, 145
250, 144
250, 143
251, 142
251, 141
252, 140
252, 139
253, 138
253, 136
254, 135
254, 132
253, 131
253, 129
252, 128
251, 128
250, 127
247, 127
246, 128
245, 128
244, 129
243, 129
235, 137
235, 138
233, 140
233, 141
231, 143
231, 144
230, 145
230, 146
229, 147
229, 148
228, 149
228, 150
227, 151
227, 152
226, 153
226, 154
225, 155
225, 156
224, 157
224, 159
223, 160
223, 161
222, 162
222, 163
221, 164
221, 166
220, 167
220, 169
219, 170
219, 171
218, 172
218, 174
217, 175
217, 176
216, 177
216, 179
215, 180
215, 181
214, 182
214, 184
213, 185
213, 186
212, 187
212, 188
211, 189
211, 190
193, 208
192, 208
188, 212
187, 212
184, 215
183, 215
181, 217
179, 215
181, 213
181, 212
183, 210
183, 209
184, 208
184, 207
185, 206
185, 205
186, 204
186, 203
187, 202
187, 200
188, 199
188, 198
189, 197
189, 195
190, 194
190, 191
191, 190
191, 184
192, 183
192, 175
191, 174
191, 169
190, 168
190, 166
189, 165
189, 164
185, 160
179, 160
178, 161
177, 161
175, 163
174, 163
171, 166
171, 167
168, 170
168, 171
166, 173
166, 174
164, 176
164, 177
163, 178
163, 179
161, 181
161, 182
154, 189
154, 190
152, 192
152, 193
150, 195
150, 196
149, 197
149, 198
148, 199
148, 201
147, 202
147, 203
146, 204
146, 205
145, 206
145, 209
144, 210
144, 212
143, 213
143, 215
126, 232
125, 232
121, 236
120, 236
118, 238
117, 238
115, 240
114, 240
113, 241
111, 241
110, 242
108, 242
107, 243
101, 243
100, 242
99, 242
98, 241
98, 240
97, 239
97, 232
98, 231
98, 227
99, 226
99, 224
100, 223
100, 221
101, 220
101, 218
102, 217
102, 215
103, 214
103, 213
104, 212
104, 210
105, 209
105, 208
106, 207
106, 206
107, 205
107, 204
108, 203
108, 202
109, 201
109, 200
110, 199
110, 198
111, 197
111, 196
112, 195
112, 194
113, 193
113, 192
114, 191
114, 190
116, 188
116, 187
117, 186
117, 185
119, 183
119, 182
120, 181
120, 180
122, 178
122, 177
124, 175
124, 174
126, 172
126, 171
129, 168
129, 167
131, 165
131, 164
133, 162
133, 161
136, 158
136, 157
138, 155
138, 154
141, 151
141, 150
144, 147
144, 144
143, 144
142, 145
141, 145
127, 159
126, 159
117, 168
116, 168
102, 182
101, 182
93, 190
92, 190
88, 194
87, 194
83, 198
82, 198
79, 201
78, 201
75, 204
74, 204
72, 206
71, 206
69, 208
68, 208
67, 209
66, 209
64, 211
63, 211
62, 212
61, 212
60, 213
59, 213
58, 214
57, 214
56, 215
55, 215
54, 216
53, 216
52, 217
50, 217
49, 218
46, 218
45, 219
34, 219
33, 218
32, 218
31, 217
30, 217
28, 215
27, 215
24, 212
24, 211
22, 209
22, 208
21, 207
21, 206
20, 205
20, 204
19, 203
19, 201
18, 200
18, 196
17, 195
17, 179
18, 178
18, 173
19, 172
19, 168
20, 167
20, 164
21, 163
21, 160
22, 159
22, 157
23, 156
23, 154
24, 153
24, 151
25, 150
25, 149
26, 148
26, 147
27, 146
27, 144
28, 143
28, 142
29, 141
29, 140
31, 138
31, 137
32, 136
32, 135
34, 133
34, 132
36, 130
36, 129
39, 126
39, 125
47, 117
48, 117
50, 119
50, 120
51, 121
51, 122
54, 125
55, 125
56, 126
65, 126
66, 125
67, 125
68, 124
69, 124
75, 118
75, 117
76, 116
76, 114
75, 113
75, 111
73, 109
72, 109
71, 108
69, 108
68, 107
64, 107
63, 108
59, 108
58, 109
56, 109
55, 110
54, 110
53, 111
52, 111
51, 110
51, 103
52, 102
52, 98
53, 97
53, 95
54, 94
54, 92
55, 91
55, 89
56, 88
56, 87
57, 86
57, 84
58, 83
58, 82
59, 81
59, 80
60, 79
60, 78
62, 76
62, 75
63, 74
63, 73
64, 72
64, 71
66, 69
66, 68
68, 66
68, 65
69, 64
69, 63
72, 60
72, 59
74, 57
74, 56
77, 53
77, 52
81, 48
81, 47
88, 40
88, 39
93, 34
94, 34
99, 29
100, 29
103, 26
104, 26
106, 24
107, 24
108, 23
109, 23
111, 21
113, 21
114, 20
115, 20
116, 19
118, 19
119, 18
128, 18
129, 19
130, 19
136, 25
136, 27
137, 28
137, 29
138, 30
139, 29
139, 28
138, 27
138, 25
137, 24
137, 23
132, 18
131, 18
130, 17
128, 17
127, 16
199, 217
200, 216
201, 217
201, 219
200, 220
200, 222
199, 223
199, 225
198, 226
198, 228
197, 229
197, 231
196, 232
196, 234
195, 235
195, 236
194, 237
194, 239
193, 240
193, 242
192, 243
192, 245
191, 246
191, 247
190, 248
190, 250
189, 251
189, 253
188, 254
188, 256
187, 257
187, 258
186, 259
186, 261
185, 262
185, 264
184, 265
184, 267
183, 268
183, 269
182, 270
182, 272
181, 273
181, 275
180, 276
180, 278
179, 279
179, 281
178, 282
178, 283
177, 284
177, 286
176, 287
176, 289
175, 290
175, 292
174, 293
174, 294
173, 295
173, 297
172, 298
172, 300
171, 301
171, 303
170, 304
170, 305
169, 306
169, 308
168, 309
168, 310
167, 311
167, 313
166, 314
166, 316
165, 317
165, 318
164, 319
164, 321
163, 322
163, 324
162, 325
162, 326
161, 327
161, 328
160, 329
160, 331
159, 332
159, 333
158, 334
158, 336
157, 337
157, 338
156, 339
156, 340
155, 341
155, 342
154, 343
154, 344
153, 345
153, 346
152, 347
152, 348
150, 350
149, 350
148, 349
148, 343
149, 342
149, 336
150, 335
150, 332
151, 331
151, 328
152, 327
152, 324
153, 323
153, 320
154, 319
154, 317
155, 316
155, 314
156, 313
156, 311
157, 310
157, 308
158, 307
158, 305
159, 304
159, 302
160, 301
160, 299
161, 298
161, 296
162, 295
162, 294
163, 293
163, 291
164, 290
164, 288
165, 287
165, 285
166, 284
166, 283
167, 282
167, 280
168, 279
168, 277
169, 276
169, 274
170, 273
170, 272
171, 271
171, 269
172, 268
172, 267
173, 266
173, 264
174, 263
174, 262
175, 261
175, 260
176, 259
176, 257
177, 256
177, 255
178, 254
178, 253
179, 252
179, 251
180, 250
180, 249
181, 248
181, 247
182, 246
182, 245
183, 244
183, 243
184, 242
184, 241
185, 240
185, 239
187, 237
187, 236
188, 235
188, 234
189, 233
189, 232
191, 230
191, 229
192, 228
192, 227
194, 225
194, 224
196, 222
196, 221
199, 218
150, 211
151, 211
152, 212
152, 222
153, 223
153, 224
156, 227
157, 227
158, 228
164, 228
165, 229
163, 231
162, 231
159, 234
158, 234
157, 235
156, 235
155, 236
154, 236
153, 237
148, 237
147, 236
146, 236
145, 235
145, 234
144, 233
144, 218
146, 216
146, 215
155, 192
156, 193
156, 195
155, 196
155, 199
154, 200
154, 202
153, 203
153, 205
148, 210
147, 209
147, 206
148, 205
148, 204
149, 203
149, 202
150, 201
150, 199
151, 198
151, 197
153, 195
153, 194
165, 182
167, 182
168, 183
168, 184
167, 185
167, 186
166, 187
166, 188
164, 190
164, 191
162, 193
162, 194
158, 198
157, 197
157, 196
158, 195
158, 193
159, 192
159, 191
160, 190
160, 188
161, 187
161, 186
179, 162
187, 164
187, 165
188, 166
188, 168
189, 169
189, 173
190, 174
190, 184
189, 185
189, 190
188, 191
188, 194
187, 195
187, 197
186, 198
185, 201
185, 202
184, 203
184, 204
183, 205
183, 206
182, 207
182, 208
180, 210
180, 211
178, 213
178, 214
176, 216
176, 217
169, 224
168, 224
167, 225
165, 225
164, 226
154, 222
154, 208
155, 207
155, 206
156, 205
156, 204
160, 200
160, 199
163, 196
163, 195
165, 193
165, 192
167, 190
167, 189
168, 188
168, 187
169, 186
169, 185
170, 184
170, 182
169, 181
169, 180
167, 180
167, 176
167, 175
169, 173
169, 172
171, 170
171, 169
176, 164
177, 164
246, 130
247, 129
250, 129
252, 131
252, 135
251, 136
251, 138
250, 139
250, 140
249, 141
249, 142
248, 143
248, 144
247, 145
247, 146
245, 148
245, 149
243, 151
243, 152
241, 154
241, 155
238, 158
238, 159
235, 162
235, 163
232, 166
232, 167
227, 172
227, 173
221, 179
221, 180
218, 183
217, 182
217, 180
218, 179
218, 177
219, 176
219, 175
220, 174
220, 172
221, 171
221, 169
222, 168
222, 167
223, 166
223, 164
224, 163
224, 162
225, 161
225, 160
226, 159
226, 157
227, 156
227, 155
228, 154
228, 153
229, 152
229, 151
230, 150
230, 149
231, 148
231, 147
232, 146
232, 145
234, 143
234, 142
236, 140
236, 139
239, 136
239, 135
242, 132
243, 132
245, 130
62, 110
63, 109
68, 109
69, 110
73, 112
73, 113
74, 114
72, 118
72, 119
70, 121
69, 121
67, 123
66, 123
62, 124
61, 125
59, 125
58, 124
56, 124
52, 120
52, 119
51, 115
54, 112
55, 112
58, 111
59, 110
