4, 2
380, 4
378, 369
2, 367
246, 15
245, 16
243, 16
242, 17
242, 18
241, 19
241, 20
240, 21
240, 25
239, 26
239, 42
240, 43
240, 50
241, 51
241, 56
242, 57
242, 61
243, 62
243, 65
244, 66
244, 69
245, 70
245, 74
246, 75
246, 78
247, 79
247, 82
248, 83
248, 86
249, 87
249, 91
250, 92
250, 96
251, 97
251, 102
252, 103
252, 108
253, 109
253, 114
254, 115
254, 121
255, 122
255, 125
256, 126
256, 129
257, 130
257, 133
258, 134
258, 136
259, 137
259, 139
260, 140
260, 141
261, 142
261, 143
262, 144
262, 145
263, 146
263, 147
264, 148
264, 149
265, 150
265, 151
267, 153
267, 154
269, 156
269, 169
268, 170
267, 170
259, 162
258, 162
252, 156
251, 156
250, 155
248, 155
247, 154
243, 154
242, 153
241, 153
240, 152
239, 152
238, 151
235, 151
234, 150
230, 150
229, 149
226, 149
225, 148
224, 148
223, 147
222, 147
217, 142
216, 142
215, 141
214, 141
212, 139
211, 139
210, 138
209, 138
208, 137
206, 137
205, 136
202, 136
201, 135
193, 135
190, 138
190, 140
187, 143
187, 144
183, 148
183, 149
182, 150
182, 151
181, 152
181, 153
180, 154
180, 157
179, 158
179, 160
178, 161
177, 160
177, 159
175, 157
175, 156
174, 155
174, 154
173, 153
173, 152
171, 150
171, 149
164, 142
163, 142
161, 140
160, 140
157, 137
156, 137
155, 136
154, 136
152, 134
151, 134
148, 131
147, 131
145, 129
144, 129
143, 128
141, 128
140, 127
138, 127
137, 128
136, 128
135, 129
135, 130
134, 131
134, 133
133, 134
133, 136
132, 137
132, 141
131, 142
131, 166
132, 167
132, 173
133, 174
133, 177
134, 178
134, 180
135, 181
135, 183
136, 184
136, 186
137, 187
137, 188
139, 190
139, 191
141, 193
141, 194
146, 199
146, 200
148, 202
148, 203
150, 205
150, 206
151, 207
151, 208
152, 209
152, 215
151, 216
151, 217
150, 218
150, 219
148, 221
148, 222
147, 223
147, 224
145, 226
145, 227
143, 229
138, 229
137, 230
129, 230
128, 229
127, 229
126, 228
125, 228
119, 222
118, 222
114, 218
114, 217
109, 212
109, 211
107, 209
107, 208
105, 206
105, 205
104, 204
104, 203
103, 202
103, 201
101, 199
101, 198
100, 197
100, 196
99, 195
99, 194
98, 193
98, 192
96, 190
96, 189
95, 188
95, 187
94, 186
94, 185
90, 181
90, 180
85, 175
85, 174
83, 172
82, 172
77, 167
76, 167
73, 164
72, 164
71, 163
70, 163
68, 161
66, 161
65, 160
64, 160
63, 159
61, 159
60, 158
59, 158
58, 157
56, 157
55, 156
53, 156
52, 155
50, 155
49, 154
47, 154
46, 153
43, 153
42, 152
39, 152
38, 151
35, 151
34, 152
33, 152
32, 153
31, 153
30, 154
30, 155
28, 157
28, 158
26, 160
26, 161
25, 162
25, 164
24, 165
24, 166
23, 167
23, 168
22, 169
22, 170
21, 171
21, 173
20, 174
20, 175
19, 176
19, 179
18, 180
18, 183
17, 184
17, 194
16, 195
16, 210
17, 211
17, 217
18, 218
18, 221
19, 222
19, 224
20, 225
20, 226
21, 227
21, 229
23, 231
23, 232
24, 233
24, 234
26, 236
26, 237
29, 240
29, 241
32, 244
32, 245
36, 249
36, 250
39, 253
39, 254
42, 257
42, 258
43, 259
42, 260
42, 261
41, 262
41, 264
40, 265
40, 266
39, 267
39, 269
38, 270
38, 272
37, 273
37, 276
36, 277
36, 280
35, 281
35, 284
34, 285
34, 291
33, 292
33, 312
34, 313
34, 316
35, 317
35, 319
36, 320
36, 321
37, 322
37, 324
38, 325
38, 326
40, 328
40, 329
41, 330
41, 331
43, 333
43, 334
47, 338
47, 339
48, 339
53, 344
54, 344
57, 347
58, 347
59, 348
60, 348
61, 349
62, 349
63, 350
64, 350
65, 351
67, 351
68, 352
71, 352
72, 353
78, 353
79, 354
96, 354
97, 355
101, 355
102, 354
107, 354
108, 353
111, 353
112, 352
113, 352
114, 351
115, 351
119, 347
119, 344
116, 344
114, 346
113, 346
112, 347
111, 347
109, 349
108, 349
107, 350
92, 350
91, 349
88, 349
86, 351
83, 351
82, 350
75, 350
74, 349
70, 349
69, 348
67, 348
66, 347
65, 347
64, 346
63, 346
62, 345
61, 345
60, 344
59, 344
56, 341
55, 341
46, 332
46, 331
44, 329
44, 328
42, 326
42, 325
41, 324
41, 323
40, 322
40, 320
39, 319
39, 318
38, 317
38, 315
37, 314
37, 311
36, 310
36, 295
37, 294
37, 288
38, 287
38, 283
39, 282
39, 279
40, 278
40, 275
41, 274
41, 272
42, 271
42, 269
43, 268
43, 266
44, 265
44, 264
45, 263
46, 263
55, 272
56, 272
58, 274
59, 274
60, 275
61, 275
62, 276
63, 276
64, 277
68, 277
69, 278
72, 278
73, 277
78, 277
79, 276
82, 276
83, 275
84, 275
85, 274
86, 274
91, 269
91, 268
93, 266
93, 265
94, 264
94, 263
95, 262
95, 261
96, 260
96, 254
90, 248
89, 248
87, 246
86, 246
85, 245
84, 245
83, 244
81, 244
80, 243
77, 243
76, 242
73, 242
72, 241
64, 241
63, 242
60, 242
59, 243
58, 243
57, 244
56, 244
54, 246
53, 246
50, 249
50, 250
45, 255
42, 252
42, 251
39, 248
39, 247
35, 243
35, 242
32, 239
32, 238
29, 235
29, 234
27, 232
27, 231
26, 230
26, 229
24, 227
24, 226
23, 225
23, 223
22, 222
22, 220
21, 219
21, 215
20, 214
20, 187
21, 186
21, 182
22, 181
22, 178
23, 177
23, 175
24, 174
24, 173
25, 172
25, 171
26, 170
26, 169
27, 168
27, 166
28, 165
28, 164
29, 163
29, 162
31, 160
31, 159
35, 155
40, 155
41, 156
44, 156
45, 157
47, 157
48, 158
50, 158
51, 159
53, 159
54, 160
56, 160
57, 161
58, 161
59, 162
61, 162
62, 163
64, 163
65, 164
66, 164
68, 166
69, 166
70, 167
71, 167
74, 170
75, 170
87, 182
87, 183
91, 187
91, 188
92, 189
92, 190
94, 192
94, 193
95, 194
95, 195
96, 196
96, 197
97, 198
97, 199
98, 200
98, 201
100, 203
100, 204
101, 205
101, 206
102, 207
102, 208
104, 210
104, 211
106, 213
106, 214
110, 218
110, 219
117, 226
118, 226
123, 231
124, 231
125, 232
126, 232
127, 233
141, 233
142, 232
145, 232
148, 229
148, 228
150, 226
150, 225
151, 224
151, 223
153, 221
153, 220
154, 219
154, 218
155, 217
155, 214
156, 213
156, 211
155, 210
155, 207
154, 206
154, 205
153, 204
153, 203
151, 201
151, 200
149, 198
149, 197
144, 192
144, 191
141, 188
141, 187
140, 186
140, 185
139, 184
139, 182
138, 181
138, 179
137, 178
137, 176
136, 175
136, 172
135, 171
135, 157
134, 156
134, 145
135, 144
135, 139
136, 138
136, 136
137, 135
137, 133
139, 131
141, 131
142, 132
143, 132
146, 135
147, 135
149, 137
150, 137
152, 139
153, 139
154, 140
155, 140
158, 143
159, 143
161, 145
162, 145
168, 151
168, 152
170, 154
170, 155
171, 156
171, 157
173, 159
173, 160
174, 161
174, 162
175, 163
175, 164
176, 165
176, 166
178, 168
178, 169
179, 170
179, 171
180, 172
180, 173
181, 174
181, 175
182, 176
182, 177
183, 178
183, 179
184, 180
184, 181
186, 183
186, 184
187, 185
187, 186
190, 189
190, 190
192, 192
192, 193
197, 198
197, 199
207, 209
208, 209
211, 212
212, 212
216, 216
217, 216
219, 218
220, 218
221, 219
223, 219
224, 220
226, 220
227, 219
228, 219
229, 218
230, 218
233, 215
233, 214
239, 208
239, 207
240, 206
240, 205
241, 204
241, 203
242, 202
242, 200
243, 199
243, 187
242, 186
242, 182
241, 181
241, 178
240, 177
240, 175
239, 174
239, 173
238, 172
238, 171
237, 170
237, 169
236, 168
236, 167
235, 166
235, 165
233, 163
233, 162
231, 160
231, 159
230, 158
230, 157
228, 155
228, 153
229, 152
230, 153
233, 153
234, 154
236, 154
237, 155
239, 155
240, 156
241, 156
242, 157
246, 157
247, 158
249, 158
252, 161
253, 161
264, 172
265, 172
267, 174
268, 174
270, 176
270, 180
271, 181
271, 185
270, 186
270, 195
269, 196
269, 210
270, 211
270, 214
271, 215
271, 217
272, 218
272, 219
274, 221
274, 222
279, 227
280, 227
281, 228
283, 228
284, 229
286, 229
287, 228
288, 228
292, 224
292, 223
293, 222
293, 221
294, 220
294, 219
295, 218
295, 217
296, 216
296, 212
297, 211
297, 210
296, 209
296, 205
295, 204
295, 203
294, 202
294, 200
293, 199
293, 198
292, 197
292, 195
291, 194
291, 193
290, 192
290, 190
289, 189
289, 187
288, 186
288, 185
282, 179
281, 179
279, 177
278, 177
276, 175
275, 175
273, 173
273, 169
272, 168
272, 163
273, 162
274, 162
275, 163
275, 164
296, 185
296, 186
308, 198
309, 198
315, 204
316, 204
317, 205
318, 205
319, 206
320, 206
321, 207
322, 207
323, 208
328, 208
329, 207
330, 207
333, 204
333, 203
334, 202
334, 199
333, 198
333, 194
332, 193
332, 190
331, 189
331, 188
330, 187
330, 186
329, 185
329, 183
328, 182
328, 181
327, 180
327, 178
326, 177
326, 176
325, 175
325, 173
324, 172
324, 169
323, 168
323, 165
322, 164
322, 150
323, 149
323, 147
324, 146
324, 145
328, 141
329, 141
330, 140
342, 140
343, 141
345, 141
346, 142
348, 142
349, 143
350, 143
351, 144
352, 144
353, 145
354, 145
356, 147
357, 147
358, 148
359, 148
362, 151
364, 151
364, 149
360, 145
359, 145
358, 144
357, 144
355, 142
354, 142
353, 141
352, 141
351, 140
349, 140
348, 139
347, 139
346, 138
343, 138
342, 137
329, 137
328, 138
327, 138
326, 139
325, 139
323, 141
323, 142
321, 144
321, 145
320, 146
320, 149
319, 150
319, 164
320, 165
320, 169
321, 170
321, 172
322, 173
322, 175
323, 176
323, 178
324, 179
324, 180
325, 181
325, 183
326, 184
326, 185
327, 186
327, 188
328, 189
328, 190
329, 191
329, 193
330, 194
330, 198
331, 199
331, 201
330, 202
330, 203
329, 204
328, 204
327, 205
324, 205
323, 204
322, 204
321, 203
320, 203
319, 202
318, 202
315, 199
314, 199
297, 182
297, 181
274, 158
274, 157
272, 155
272, 127
271, 126
271, 116
270, 115
270, 107
269, 106
269, 97
268, 96
268, 88
267, 87
267, 80
266, 79
266, 71
265, 70
265, 63
264, 62
264, 56
263, 55
263, 50
262, 49
262, 45
261, 44
261, 41
260, 40
260, 38
259, 37
259, 34
258, 33
258, 31
257, 30
257, 28
256, 27
256, 25
255, 24
255, 22
254, 21
254, 20
250, 16
248, 16
247, 15
66, 245
68, 244
69, 245
74, 245
75, 246
78, 246
79, 247
81, 247
82, 248
83, 248
84, 249
85, 249
87, 251
88, 251
92, 255
92, 256
93, 258
92, 259
92, 260
91, 261
91, 262
90, 263
90, 264
88, 266
88, 267
84, 271
83, 271
82, 272
81, 272
80, 273
77, 273
66, 274
65, 273
64, 273
63, 272
62, 272
61, 271
60, 271
58, 269
57, 269
50, 262
50, 261
48, 259
49, 257
49, 256
54, 251
54, 250
55, 249
56, 249
58, 247
59, 247
60, 246
61, 246
62, 245
274, 180
276, 179
277, 180
278, 180
281, 183
282, 183
285, 186
285, 187
286, 188
286, 189
287, 190
287, 192
288, 193
288, 195
289, 196
289, 198
290, 199
290, 200
291, 201
291, 202
292, 203
292, 205
293, 215
292, 216
292, 217
291, 218
291, 219
290, 220
290, 221
284, 226
283, 225
282, 225
275, 218
275, 217
274, 216
274, 214
273, 213
273, 210
272, 196
273, 195
273, 187
274, 186
193, 155
195, 154
201, 168
200, 169
200, 170
195, 169
194, 169
193, 168
193, 166
192, 163
193, 162
193, 161
194, 160
193, 159
187, 149
188, 151
187, 152
187, 156
189, 158
189, 168
190, 169
190, 170
192, 172
193, 172
195, 174
195, 175
194, 176
188, 176
184, 172
184, 170
183, 169
183, 167
182, 166
182, 158
183, 157
183, 155
184, 154
184, 153
185, 152
185, 151
189, 148
187, 149
193, 143
198, 142
199, 143
201, 143
202, 144
204, 144
205, 145
207, 145
208, 146
209, 146
210, 147
212, 147
213, 148
215, 148
216, 149
218, 149
219, 150
220, 150
223, 153
223, 154
225, 156
225, 157
227, 159
227, 160
228, 161
228, 162
230, 164
230, 165
232, 167
232, 168
234, 170
234, 171
235, 174
236, 175
236, 176
237, 177
237, 179
238, 180
238, 183
239, 184
239, 190
240, 191
240, 196
239, 197
239, 200
238, 201
238, 203
236, 205
236, 206
223, 216
222, 215
221, 215
218, 212
217, 212
214, 209
213, 209
209, 205
208, 205
200, 197
200, 196
195, 191
195, 190
193, 188
193, 187
190, 184
190, 183
189, 182
189, 181
189, 179
195, 179
196, 178
197, 178
202, 173
202, 172
203, 171
203, 170
204, 169
204, 160
203, 159
203, 157
199, 153
198, 153
193, 148
244, 20
245, 19
249, 19
251, 21
251, 22
252, 23
252, 24
253, 25
253, 27
254, 28
254, 30
255, 31
255, 34
256, 35
256, 37
257, 38
257, 41
258, 42
258, 45
259, 46
259, 50
260, 51
260, 55
261, 56
261, 63
262, 64
262, 70
263, 71
263, 79
264, 80
264, 88
265, 89
265, 96
266, 97
266, 106
267, 107
267, 115
268, 116
268, 126
269, 127
269, 147
268, 148
266, 146
266, 145
265, 144
265, 143
264, 142
264, 141
263, 140
263, 139
262, 138
262, 137
261, 136
261, 133
260, 132
260, 129
259, 128
259, 125
258, 124
258, 121
257, 120
257, 115
256, 114
256, 109
255, 108
255, 102
254, 101
254, 97
253, 96
253, 91
252, 90
252, 87
251, 86
251, 82
250, 81
250, 78
249, 77
249, 74
248, 73
248, 70
247, 69
247, 66
246, 65
246, 61
245, 60
245, 57
244, 56
244, 50
243, 49
243, 42
242, 41
242, 26
243, 25
243, 22
244, 21
