250, 2
252, 367
4, 369
2, 4
85, 15
84, 16
79, 16
78, 17
75, 17
74, 18
72, 18
71, 19
70, 19
69, 20
68, 20
66, 22
65, 22
64, 23
63, 23
62, 24
61, 24
59, 26
58, 26
55, 29
54, 29
48, 35
48, 36
43, 41
43, 42
41, 44
41, 45
39, 47
39, 48
37, 50
37, 51
36, 52
36, 53
35, 54
35, 55
33, 57
33, 58
32, 59
32, 60
31, 61
31, 62
30, 63
30, 64
29, 65
29, 66
28, 67
28, 68
27, 69
27, 70
26, 71
26, 72
25, 73
25, 74
24, 75
24, 77
23, 78
23, 79
22, 80
22, 82
21, 83
21, 85
20, 86
20, 91
19, 92
19, 101
20, 102
20, 106
21, 107
21, 109
22, 110
22, 111
23, 112
23, 113
30, 120
29, 121
29, 122
28, 123
28, 124
27, 125
27, 126
26, 127
26, 128
25, 129
25, 131
24, 132
24, 133
23, 134
23, 136
22, 137
22, 138
21, 139
21, 141
20, 142
20, 144
19, 145
19, 147
18, 148
18, 150
17, 151
17, 154
16, 155
16, 158
15, 159
15, 163
14, 164
14, 168
13, 169
13, 174
12, 175
12, 182
11, 183
11, 204
12, 205
12, 208
13, 209
13, 212
14, 213
14, 214
15, 215
15, 216
16, 217
16, 218
17, 219
17, 220
21, 224
22, 224
23, 225
24, 225
25, 226
27, 226
28, 227
36, 227
37, 226
40, 226
41, 225
42, 225
43, 224
45, 224
46, 223
47, 223
48, 222
49, 222
50, 221
51, 221
53, 219
54, 219
56, 217
57, 217
60, 214
61, 214
66, 209
67, 209
81, 195
81, 194
85, 190
85, 189
87, 187
87, 186
90, 183
90, 182
92, 180
92, 179
93, 178
93, 177
95, 175
95, 174
97, 172
97, 171
99, 169
99, 168
101, 166
101, 165
103, 163
103, 162
105, 160
106, 161
106, 162
105, 163
105, 165
104, 166
104, 168
103, 169
103, 171
102, 172
102, 174
101, 175
101, 177
100, 178
100, 180
99, 181
99, 183
98, 184
98, 186
97, 187
97, 189
96, 190
96, 192
95, 193
95, 195
94, 196
94, 198
93, 199
93, 201
92, 202
92, 205
91, 206
91, 209
90, 210
90, 213
89, 214
89, 218
88, 219
88, 223
87, 224
87, 229
86, 230
86, 246
89, 249
93, 249
94, 248
95, 248
97, 246
98, 246
105, 239
105, 238
110, 233
110, 232
115, 227
115, 226
119, 222
119, 221
122, 218
123, 219
123, 228
124, 229
124, 232
125, 233
125, 234
126, 235
126, 236
128, 238
129, 238
130, 239
132, 239
133, 240
136, 240
137, 239
139, 239
140, 238
141, 238
142, 237
143, 237
152, 228
152, 227
155, 224
155, 223
156, 222
156, 221
162, 215
163, 215
168, 210
169, 210
186, 193
187, 194
187, 195
186, 196
186, 198
185, 199
185, 201
184, 202
184, 204
183, 205
183, 208
182, 209
182, 211
181, 212
181, 214
180, 215
180, 217
179, 218
179, 221
178, 222
178, 224
177, 225
177, 226
176, 227
176, 229
175, 230
175, 232
174, 233
174, 234
173, 235
173, 237
172, 238
172, 239
171, 240
171, 242
170, 243
170, 244
169, 245
169, 247
168, 248
168, 250
167, 251
167, 253
166, 254
166, 256
165, 257
165, 259
164, 260
164, 261
163, 262
163, 264
162, 265
162, 267
161, 268
161, 270
160, 271
160, 273
159, 274
159, 276
158, 277
158, 279
157, 280
157, 282
156, 283
156, 285
155, 286
155, 288
154, 289
154, 291
153, 292
153, 294
152, 295
152, 297
151, 298
151, 300
150, 301
150, 303
149, 304
149, 306
148, 307
148, 309
147, 310
147, 311
146, 312
146, 314
145, 315
145, 317
144, 318
144, 320
143, 321
143, 323
142, 324
142, 325
141, 326
141, 328
140, 329
140, 331
139, 332
139, 334
138, 335
138, 336
137, 337
137, 339
136, 340
136, 342
135, 343
135, 344
134, 345
134, 347
133, 348
133, 350
132, 351
132, 353
133, 354
134, 354
136, 352
136, 350
137, 349
137, 347
138, 346
138, 345
139, 344
139, 342
140, 341
140, 340
141, 339
141, 337
142, 336
142, 334
143, 333
143, 332
144, 331
144, 329
145, 328
145, 326
146, 325
146, 324
147, 323
147, 321
148, 320
148, 318
149, 317
149, 315
150, 314
150, 312
151, 311
151, 309
152, 308
152, 306
153, 305
153, 303
154, 302
154, 300
155, 299
155, 297
156, 296
156, 294
157, 293
157, 292
158, 291
158, 289
159, 288
159, 286
160, 285
160, 283
161, 282
161, 280
162, 279
162, 277
163, 276
163, 275
164, 274
164, 272
165, 271
165, 269
166, 268
166, 266
167, 265
167, 263
168, 262
168, 261
169, 260
169, 258
170, 257
170, 255
171, 254
171, 252
172, 251
172, 249
173, 248
173, 246
174, 245
174, 243
175, 242
175, 240
176, 239
176, 237
177, 236
177, 235
178, 234
178, 232
179, 231
179, 230
180, 229
180, 227
181, 226
181, 225
182, 224
182, 223
183, 222
183, 221
184, 220
184, 219
185, 218
185, 216
186, 215
186, 214
187, 213
187, 212
188, 211
188, 210
189, 209
189, 208
190, 207
190, 206
191, 205
191, 204
192, 203
192, 202
193, 201
193, 200
194, 199
194, 198
196, 196
197, 197
197, 200
196, 201
196, 212
195, 213
195, 227
194, 228
194, 232
195, 233
195, 241
196, 242
196, 244
198, 246
198, 247
201, 250
202, 250
203, 251
204, 251
205, 252
211, 252
212, 251
213, 251
214, 250
216, 250
218, 248
219, 248
221, 246
222, 246
224, 244
225, 244
232, 237
233, 237
238, 232
238, 231
240, 229
240, 228
242, 226
242, 224
239, 224
239, 225
237, 227
237, 228
228, 237
227, 237
221, 243
220, 243
218, 245
217, 245
215, 247
214, 247
213, 248
211, 248
210, 249
206, 249
205, 248
204, 248
199, 243
199, 241
198, 240
198, 233
197, 232
197, 229
198, 228
198, 213
199, 212
199, 201
200, 200
200, 191
199, 190
199, 189
196, 189
196, 190
194, 192
194, 193
192, 195
192, 196
191, 197
191, 198
190, 199
189, 198
189, 196
190, 195
190, 193
191, 192
191, 189
192, 188
192, 186
193, 185
193, 183
195, 181
195, 180
198, 177
198, 176
201, 173
201, 172
205, 168
205, 167
208, 164
208, 163
210, 161
210, 160
212, 158
212, 157
214, 155
214, 154
215, 153
215, 152
217, 150
217, 149
218, 148
218, 147
219, 146
219, 145
220, 144
220, 142
221, 141
221, 139
222, 138
222, 133
221, 132
221, 131
219, 129
218, 129
217, 128
216, 128
215, 129
213, 129
208, 134
208, 135
207, 136
207, 137
205, 139
205, 140
204, 141
204, 143
203, 144
203, 145
202, 146
202, 147
201, 148
201, 150
200, 151
200, 153
199, 154
199, 156
198, 157
198, 159
197, 160
197, 162
196, 163
196, 165
195, 166
195, 168
194, 169
194, 171
193, 172
193, 174
192, 175
192, 177
191, 178
191, 180
190, 181
190, 182
188, 184
188, 185
185, 188
185, 189
180, 194
180, 195
170, 205
169, 205
164, 210
162, 206
163, 205
163, 202
164, 201
164, 180
163, 179
163, 176
162, 175
162, 173
161, 172
161, 171
160, 170
160, 169
159, 168
159, 167
156, 164
155, 164
154, 163
147, 163
146, 164
145, 164
138, 171
138, 172
137, 173
137, 174
135, 176
135, 177
134, 178
134, 179
133, 180
133, 181
132, 182
132, 183
131, 184
131, 185
130, 186
130, 187
129, 188
129, 190
128, 191
128, 193
127, 194
127, 196
126, 197
126, 199
125, 200
125, 203
124, 204
124, 209
123, 210
123, 211
121, 213
121, 214
118, 217
118, 218
115, 221
115, 222
110, 227
110, 228
105, 233
105, 234
94, 245
93, 245
92, 246
90, 246
89, 245
89, 230
90, 229
90, 225
91, 224
91, 220
92, 219
92, 215
93, 214
93, 210
94, 209
94, 206
95, 205
95, 203
96, 202
96, 200
97, 199
97, 196
98, 195
98, 193
99, 192
99, 190
100, 189
100, 187
101, 186
101, 184
102, 183
102, 182
103, 181
103, 179
104, 178
104, 176
105, 175
105, 173
106, 172
106, 170
107, 169
107, 167
108, 166
108, 164
109, 163
109, 161
110, 160
110, 158
111, 157
111, 154
112, 153
112, 151
113, 150
113, 148
112, 147
110, 147
107, 150
107, 151
105, 153
105, 154
103, 156
103, 157
101, 159
101, 160
99, 162
99, 163
97, 165
97, 166
96, 167
96, 168
94, 170
94, 171
92, 173
92, 174
90, 176
90, 177
88, 179
88, 180
86, 182
86, 183
84, 185
84, 186
81, 189
81, 190
62, 209
61, 209
57, 213
56, 213
53, 216
52, 216
51, 217
50, 217
48, 219
47, 219
46, 220
45, 220
44, 221
43, 221
42, 222
40, 222
39, 223
36, 223
35, 224
29, 224
28, 223
25, 223
19, 217
19, 216
18, 215
18, 214
17, 213
17, 212
16, 211
16, 209
15, 208
15, 204
14, 203
14, 183
15, 182
15, 175
16, 174
16, 169
17, 168
17, 164
18, 163
18, 160
19, 159
19, 156
20, 155
20, 152
21, 151
21, 148
22, 147
22, 146
23, 145
23, 143
24, 142
24, 140
25, 139
25, 137
26, 136
26, 135
27, 134
27, 132
28, 131
28, 130
29, 129
29, 128
30, 127
30, 126
31, 125
31, 124
32, 123
32, 122
33, 121
38, 121
39, 122
48, 122
49, 121
52, 121
53, 120
55, 120
56, 119
57, 119
58, 118
59, 118
61, 116
62, 116
65, 113
65, 108
61, 104
59, 104
58, 103
54, 103
53, 104
50, 104
49, 105
47, 105
46, 106
45, 106
44, 107
43, 107
41, 109
40, 109
38, 111
37, 111
32, 116
31, 116
30, 115
29, 115
26, 112
26, 111
25, 110
25, 109
24, 108
24, 107
23, 106
23, 101
22, 100
22, 92
23, 91
23, 87
24, 86
24, 84
25, 83
25, 81
26, 80
26, 79
27, 78
27, 76
28, 75
28, 74
29, 73
29, 72
30, 71
30, 70
31, 69
31, 68
32, 67
32, 66
33, 65
33, 64
34, 63
34, 62
35, 61
35, 60
36, 59
36, 58
38, 56
38, 55
39, 54
39, 53
40, 52
40, 51
42, 49
42, 48
44, 46
44, 45
48, 41
48, 40
58, 30
59, 30
62, 27
63, 27
64, 26
65, 26
67, 24
68, 24
69, 23
70, 23
71, 22
72, 22
73, 21
75, 21
76, 20
78, 20
79, 19
84, 19
85, 18
86, 18
87, 19
90, 19
94, 23
94, 25
95, 26
95, 31
94, 32
94, 35
95, 36
96, 36
97, 35
97, 32
98, 31
98, 25
97, 24
97, 22
96, 21
96, 20
94, 18
93, 18
91, 16
87, 16
86, 15
126, 213
127, 212
129, 214
129, 216
130, 217
130, 218
132, 220
132, 221
133, 221
135, 223
136, 223
137, 224
147, 224
148, 223
150, 223
151, 224
148, 227
148, 228
143, 233
142, 233
140, 235
139, 235
138, 236
137, 236
136, 237
133, 237
132, 236
131, 236
128, 233
128, 232
127, 231
127, 228
126, 227
137, 182
138, 183
138, 186
137, 187
137, 188
136, 189
136, 190
135, 191
135, 192
134, 193
134, 194
133, 195
132, 194
132, 192
133, 191
133, 189
134, 188
134, 186
135, 185
135, 184
148, 166
157, 170
157, 171
158, 172
158, 173
159, 174
159, 176
160, 177
160, 180
161, 181
161, 201
160, 202
159, 206
159, 208
158, 209
158, 211
157, 212
157, 213
156, 214
156, 215
153, 218
152, 218
151, 219
150, 219
149, 220
147, 220
146, 221
137, 220
136, 220
133, 217
133, 216
132, 215
132, 214
131, 213
131, 204
133, 202
133, 201
134, 200
134, 199
136, 197
136, 196
137, 195
137, 194
138, 193
138, 192
139, 191
139, 190
140, 189
140, 187
141, 186
141, 180
140, 179
139, 179
138, 178
140, 175
140, 174
142, 172
142, 171
145, 168
146, 168
216, 131
219, 134
219, 138
218, 139
218, 141
217, 142
217, 143
216, 144
216, 145
215, 146
215, 147
214, 148
214, 149
212, 151
212, 152
211, 153
211, 154
209, 156
209, 157
207, 159
207, 160
204, 163
204, 164
201, 167
201, 168
199, 170
198, 169
198, 166
199, 165
199, 163
200, 162
200, 160
201, 159
201, 157
202, 156
202, 154
203, 153
203, 152
204, 151
204, 149
205, 148
205, 147
206, 146
206, 145
207, 144
207, 142
208, 141
208, 140
210, 138
210, 137
212, 135
212, 134
213, 133
214, 133
54, 107
55, 106
57, 106
58, 107
60, 107
62, 111
58, 115
57, 115
56, 116
55, 116
54, 117
52, 117
48, 118
47, 119
39, 119
38, 118
37, 118
41, 112
42, 112
44, 110
45, 110
46, 109
47, 109
48, 108
49, 108
