4, 19
2, 21
0, 21
0, 23
2, 23
4, 25
4, 77
2, 79
0, 79
0, 81
2, 81
4, 83
4, 134
2, 136
0, 136
0, 138
2, 138
4, 140
4, 192
2, 194
0, 194
0, 196
2, 196
4, 198
4, 249
2, 251
0, 251
0, 253
2, 253
4, 255
4, 307
2, 309
0, 309
0, 311
2, 311
4, 313
4, 365
2, 367
0, 367
2, 369
4, 371
152, 2
154, 367
8, 369
6, 4
80, 15
78, 17
78, 18
77, 19
77, 21
76, 22
76, 25
75, 26
75, 30
74, 31
74, 37
73, 38
73, 45
72, 46
72, 54
71, 55
71, 62
70, 63
70, 69
69, 70
69, 76
67, 78
67, 79
63, 83
63, 84
60, 87
60, 88
58, 90
58, 91
56, 93
56, 94
55, 95
55, 96
53, 98
53, 99
52, 100
52, 101
50, 103
50, 104
49, 105
49, 106
48, 107
48, 108
47, 109
47, 110
46, 111
46, 112
45, 113
45, 114
44, 115
44, 116
43, 117
43, 118
42, 119
42, 121
41, 122
41, 123
40, 124
40, 126
39, 127
39, 128
38, 129
38, 130
37, 131
37, 133
36, 134
36, 136
35, 137
35, 139
34, 140
34, 141
33, 142
33, 144
32, 145
32, 148
31, 149
31, 151
30, 152
30, 154
29, 155
29, 157
28, 158
28, 161
27, 162
27, 165
26, 166
26, 168
25, 169
25, 172
24, 173
24, 176
23, 177
23, 180
22, 181
22, 184
21, 185
21, 189
20, 190
20, 193
19, 194
19, 198
18, 199
18, 203
17, 204
17, 208
16, 209
16, 213
15, 214
15, 218
14, 219
14, 223
13, 224
13, 228
12, 229
12, 234
11, 235
11, 241
10, 242
10, 248
9, 249
9, 272
10, 273
10, 276
11, 277
11, 278
12, 279
12, 280
14, 282
16, 282
17, 283
18, 283
19, 282
20, 282
24, 278
24, 277
26, 275
26, 274
27, 273
27, 272
29, 270
29, 269
30, 268
30, 267
31, 266
31, 265
32, 264
32, 263
33, 262
33, 260
34, 259
34, 258
35, 257
35, 256
36, 255
36, 253
37, 252
37, 250
38, 249
38, 248
39, 247
39, 245
40, 244
40, 242
41, 241
41, 240
42, 239
42, 237
43, 236
43, 234
44, 233
44, 231
45, 230
45, 228
46, 227
46, 225
47, 224
47, 222
48, 221
48, 219
49, 218
49, 216
50, 215
50, 213
51, 212
51, 209
52, 208
52, 206
53, 205
53, 202
54, 201
54, 199
55, 198
55, 195
56, 194
56, 191
57, 190
57, 187
58, 186
58, 182
59, 181
59, 177
60, 176
60, 172
61, 171
61, 167
62, 166
62, 161
63, 160
63, 155
64, 154
64, 148
65, 147
65, 141
66, 140
66, 133
67, 132
67, 124
68, 123
68, 116
69, 115
69, 107
70, 106
70, 99
71, 98
71, 89
72, 88
72, 81
73, 80
73, 79
80, 72
81, 72
83, 70
84, 70
85, 69
86, 69
87, 68
88, 68
89, 67
91, 67
92, 66
94, 66
96, 68
96, 74
95, 75
95, 79
94, 80
94, 83
93, 84
93, 86
92, 87
92, 90
91, 91
91, 93
90, 94
90, 96
89, 97
89, 100
88, 101
88, 103
87, 104
87, 106
86, 107
86, 109
85, 110
85, 112
84, 113
84, 115
83, 116
83, 118
82, 119
82, 121
81, 122
81, 124
80, 125
80, 127
79, 128
79, 130
78, 131
78, 133
77, 134
77, 136
76, 137
76, 139
75, 140
75, 143
74, 144
74, 146
73, 147
73, 149
72, 150
72, 153
71, 154
71, 157
70, 158
70, 161
69, 162
69, 166
68, 167
68, 171
67, 172
67, 178
66, 179
66, 185
67, 186
67, 190
68, 191
68, 192
70, 194
72, 194
73, 195
74, 195
75, 194
78, 194
79, 193
80, 193
82, 191
83, 191
85, 189
86, 189
96, 179
97, 180
97, 181
96, 182
96, 183
95, 184
95, 185
93, 187
93, 188
92, 189
92, 190
91, 191
91, 192
90, 193
90, 195
89, 196
89, 197
88, 198
88, 199
87, 200
87, 201
86, 202
86, 203
85, 204
85, 205
84, 206
84, 208
83, 209
83, 210
82, 211
82, 213
81, 214
81, 215
80, 216
80, 219
79, 220
79, 224
78, 225
78, 226
79, 227
79, 231
80, 232
80, 233
82, 235
83, 235
84, 236
86, 236
87, 237
87, 239
85, 241
85, 242
84, 243
84, 244
83, 245
83, 246
82, 247
82, 248
81, 249
81, 250
80, 251
80, 252
79, 253
79, 254
78, 255
78, 256
77, 257
77, 258
76, 259
76, 261
75, 262
75, 264
74, 265
74, 267
73, 268
73, 270
72, 271
72, 274
71, 275
71, 278
70, 279
70, 284
69, 285
69, 295
68, 296
68, 303
69, 304
69, 313
70, 314
70, 318
71, 319
71, 322
72, 323
72, 325
73, 326
73, 328
74, 329
74, 330
75, 331
75, 332
76, 333
76, 334
77, 335
77, 336
81, 340
81, 341
84, 344
85, 344
88, 347
89, 347
91, 349
93, 349
94, 350
96, 350
97, 351
98, 351
99, 352
102, 352
103, 353
105, 353
106, 354
109, 354
110, 355
113, 355
113, 354
114, 353
114, 352
113, 351
112, 351
111, 350
108, 350
107, 349
104, 349
103, 348
101, 348
100, 347
98, 347
97, 346
96, 346
95, 345
93, 345
91, 343
90, 343
81, 334
81, 333
80, 332
80, 331
79, 330
79, 329
78, 328
78, 327
77, 326
77, 324
76, 323
76, 321
75, 320
75, 317
74, 316
74, 312
73, 311
73, 287
74, 286
74, 281
75, 280
75, 276
76, 275
76, 272
77, 271
77, 269
78, 268
78, 266
79, 265
79, 263
80, 262
80, 261
81, 260
81, 259
82, 258
82, 257
83, 256
83, 255
84, 254
84, 252
86, 250
86, 249
87, 248
87, 247
88, 246
88, 245
89, 244
89, 243
91, 241
91, 240
93, 238
93, 237
96, 234
98, 234
99, 233
100, 233
101, 232
103, 232
104, 231
105, 231
106, 230
108, 230
109, 229
111, 229
112, 228
114, 228
115, 227
118, 227
119, 226
121, 226
122, 225
125, 225
126, 224
128, 224
129, 223
132, 223
133, 222
135, 222
136, 221
137, 221
138, 220
139, 220
140, 219
142, 219
144, 217
145, 217
149, 213
149, 212
150, 211
150, 204
149, 203
149, 202
148, 201
148, 200
146, 198
144, 198
143, 197
137, 197
136, 198
134, 198
133, 199
131, 199
130, 200
129, 200
128, 201
126, 201
125, 202
124, 202
123, 203
122, 203
120, 205
119, 205
118, 206
117, 206
115, 208
114, 208
110, 212
109, 212
98, 223
98, 224
94, 228
94, 229
92, 231
91, 231
90, 232
86, 232
83, 229
83, 221
84, 220
84, 218
85, 217
85, 215
86, 214
86, 213
87, 212
87, 211
88, 210
88, 208
89, 207
89, 206
90, 205
90, 204
91, 203
91, 202
92, 201
92, 199
93, 198
93, 197
94, 196
94, 195
95, 194
95, 193
96, 192
96, 191
97, 190
97, 189
99, 187
99, 186
100, 185
100, 184
101, 183
101, 182
103, 180
103, 179
104, 178
104, 177
106, 175
106, 174
109, 171
109, 170
113, 166
113, 165
118, 160
119, 160
122, 157
122, 156
124, 154
124, 151
123, 150
121, 150
120, 151
119, 151
114, 156
114, 157
108, 163
107, 163
102, 168
101, 168
87, 182
86, 182
81, 187
80, 187
78, 189
77, 189
76, 190
73, 190
71, 188
71, 174
72, 173
72, 169
73, 168
73, 164
74, 163
74, 160
75, 159
75, 156
76, 155
76, 152
77, 151
77, 149
78, 148
78, 145
79, 144
79, 142
80, 141
80, 139
81, 138
81, 136
82, 135
82, 133
83, 132
83, 130
84, 129
84, 127
85, 126
85, 124
86, 123
86, 121
87, 120
87, 118
88, 117
88, 115
89, 114
89, 112
90, 111
90, 109
91, 108
91, 106
92, 105
92, 102
93, 101
93, 99
94, 98
94, 96
95, 95
95, 92
96, 91
96, 89
97, 88
97, 86
98, 85
98, 82
99, 81
99, 77
100, 76
100, 66
99, 65
99, 64
98, 63
97, 63
96, 62
90, 62
89, 63
87, 63
86, 64
85, 64
84, 65
83, 65
82, 66
81, 66
79, 68
78, 68
76, 70
75, 70
74, 69
74, 65
75, 64
75, 57
76, 56
76, 49
77, 48
77, 40
78, 39
78, 33
79, 32
79, 27
80, 26
80, 24
81, 23
81, 21
82, 20
82, 19
83, 18
83, 16
82, 15
138, 202
139, 201
142, 201
145, 204
145, 205
146, 206
146, 209
145, 210
145, 211
143, 213
142, 213
140, 215
139, 215
138, 216
136, 216
135, 217
134, 217
133, 218
131, 218
130, 219
128, 219
127, 220
124, 220
123, 221
120, 221
119, 222
117, 222
116, 223
113, 223
112, 224
110, 224
109, 225
107, 225
106, 226
106, 222
106, 221
109, 218
110, 218
116, 212
117, 212
119, 210
120, 210
121, 209
122, 209
124, 207
125, 207
126, 206
127, 206
128, 205
129, 205
130, 204
132, 204
133, 203
135, 203
136, 202
65, 88
66, 87
67, 88
67, 95
66, 96
66, 104
65, 105
65, 112
64, 113
64, 121
63, 122
63, 129
62, 130
62, 138
61, 139
61, 145
60, 146
60, 152
59, 153
59, 158
58, 159
58, 164
57, 165
57, 170
56, 171
56, 174
55, 175
55, 179
54, 180
54, 184
53, 185
53, 188
52, 189
52, 192
51, 193
51, 196
50, 197
50, 200
49, 201
49, 203
48, 204
48, 207
47, 208
47, 210
46, 211
46, 213
45, 214
45, 216
44, 217
44, 220
43, 221
43, 223
42, 224
42, 226
41, 227
41, 229
40, 230
40, 231
39, 232
39, 234
38, 235
38, 237
37, 238
37, 240
36, 241
36, 242
35, 243
35, 245
34, 246
34, 248
33, 249
33, 250
32, 251
32, 253
31, 254
31, 255
30, 256
30, 257
29, 258
29, 260
28, 261
28, 262
27, 263
27, 264
26, 265
26, 266
25, 267
25, 268
24, 269
24, 270
22, 272
22, 273
19, 276
19, 277
18, 278
17, 278
15, 276
15, 275
14, 274
14, 271
13, 270
13, 253
14, 252
14, 244
15, 243
15, 237
16, 236
16, 231
17, 230
17, 226
18, 225
18, 221
19, 220
19, 216
20, 215
20, 211
21, 210
21, 206
22, 205
22, 201
23, 200
23, 196
24, 195
24, 192
25, 191
25, 187
26, 186
26, 183
27, 182
27, 179
28, 178
28, 175
29, 174
29, 171
30, 170
30, 167
31, 166
31, 164
32, 163
32, 160
33, 159
33, 157
34, 156
34, 154
35, 153
35, 150
36, 149
36, 147
37, 146
37, 144
38, 143
38, 141
39, 140
39, 139
40, 138
40, 136
41, 135
41, 133
42, 132
42, 131
43, 130
43, 128
44, 127
44, 126
45, 125
45, 124
46, 123
46, 121
47, 120
47, 119
48, 118
48, 117
49, 116
49, 115
50, 114
50, 113
51, 112
51, 111
52, 110
52, 109
53, 108
53, 107
54, 106
54, 105
56, 103
56, 102
57, 101
57, 100
59, 98
59, 97
60, 96
60, 95
62, 93
62, 92
65, 89
