160, 2
162, 367
4, 369
2, 4
86, 15
85, 16
85, 20
84, 21
84, 30
83, 31
83, 40
82, 41
82, 50
81, 51
81, 58
80, 59
80, 66
79, 67
79, 74
78, 75
78, 82
77, 83
77, 90
76, 91
76, 96
75, 97
75, 99
73, 101
73, 102
72, 103
72, 104
71, 105
71, 106
70, 107
70, 108
69, 109
69, 110
68, 111
68, 112
67, 113
67, 114
66, 115
66, 116
65, 117
65, 118
64, 119
64, 120
63, 121
63, 122
62, 123
62, 124
61, 125
61, 126
60, 127
60, 128
59, 129
59, 130
58, 131
58, 132
57, 133
57, 134
56, 135
56, 137
55, 138
55, 139
54, 140
54, 141
53, 142
53, 143
52, 144
52, 145
51, 146
51, 147
50, 148
50, 149
49, 150
49, 151
48, 152
48, 153
47, 154
47, 155
46, 156
46, 157
45, 158
45, 159
44, 160
44, 161
43, 162
43, 164
42, 165
42, 166
41, 167
41, 168
40, 169
40, 170
39, 171
39, 173
38, 174
38, 175
37, 176
37, 177
36, 178
36, 180
35, 181
35, 182
34, 183
34, 184
33, 185
33, 187
32, 188
32, 189
31, 190
31, 192
30, 193
30, 194
29, 195
29, 197
28, 198
28, 199
27, 200
27, 202
26, 203
26, 205
25, 206
25, 208
24, 209
24, 210
23, 211
23, 213
22, 214
22, 216
21, 217
21, 219
20, 220
20, 222
19, 223
19, 225
18, 226
18, 229
17, 230
17, 232
16, 233
16, 235
15, 236
15, 239
14, 240
14, 243
13, 244
13, 246
12, 247
12, 250
11, 251
11, 255
10, 256
10, 259
9, 260
9, 264
8, 265
8, 270
7, 271
7, 277
6, 278
6, 302
7, 303
7, 306
8, 307
8, 309
9, 310
9, 311
10, 312
10, 313
13, 316
15, 316
16, 317
19, 317
20, 316
22, 316
24, 314
25, 314
30, 309
30, 308
32, 306
32, 305
34, 303
34, 302
35, 301
35, 300
36, 299
36, 298
37, 297
37, 296
38, 295
38, 294
39, 293
39, 292
40, 291
40, 290
41, 289
41, 288
42, 287
42, 285
43, 284
43, 283
44, 282
44, 280
45, 279
45, 278
46, 277
46, 275
47, 274
47, 272
48, 271
48, 270
49, 269
49, 267
50, 266
50, 264
51, 263
51, 261
52, 260
52, 258
53, 257
53, 254
54, 253
54, 251
55, 250
55, 248
56, 247
56, 244
57, 243
57, 241
58, 240
58, 237
59, 236
59, 233
60, 232
60, 229
61, 228
61, 225
62, 224
62, 221
63, 220
63, 217
64, 216
64, 212
65, 211
65, 207
66, 206
66, 202
67, 201
67, 196
68, 195
68, 191
69, 190
69, 184
70, 183
70, 177
71, 176
71, 170
72, 169
72, 162
73, 161
73, 153
74, 152
74, 144
75, 143
75, 135
76, 134
76, 126
77, 125
77, 117
78, 116
78, 108
79, 107
79, 100
80, 99
80, 97
81, 96
81, 95
82, 94
82, 93
83, 92
83, 91
84, 90
84, 89
85, 88
85, 87
86, 86
86, 85
87, 84
87, 83
89, 81
89, 80
90, 79
90, 78
91, 77
91, 76
92, 75
92, 74
94, 72
94, 71
95, 70
95, 69
96, 68
96, 67
98, 65
98, 64
100, 62
100, 61
101, 60
101, 59
104, 56
104, 55
107, 52
108, 53
108, 68
107, 69
107, 75
106, 76
106, 82
105, 83
105, 86
104, 87
104, 91
103, 92
103, 96
102, 97
102, 100
101, 101
101, 105
100, 106
100, 109
99, 110
99, 113
98, 114
98, 116
97, 117
97, 120
96, 121
96, 124
95, 125
95, 127
94, 128
94, 131
93, 132
93, 134
92, 135
92, 138
91, 139
91, 141
90, 142
90, 145
89, 146
89, 148
88, 149
88, 151
87, 152
87, 154
86, 155
86, 157
85, 158
85, 160
84, 161
84, 163
83, 164
83, 165
82, 166
82, 168
81, 169
81, 171
80, 172
80, 173
79, 174
79, 176
78, 177
78, 179
77, 180
77, 182
76, 183
76, 185
75, 186
75, 189
74, 190
74, 202
75, 203
75, 204
78, 207
79, 207
80, 208
84, 208
85, 207
88, 207
89, 206
90, 206
92, 204
93, 204
95, 202
96, 202
99, 199
100, 199
102, 197
103, 197
106, 194
107, 194
109, 192
110, 193
110, 194
109, 195
109, 196
108, 197
108, 198
107, 199
107, 200
106, 201
106, 202
105, 203
105, 204
104, 205
104, 206
103, 207
103, 208
102, 209
102, 211
101, 212
101, 214
100, 215
100, 217
99, 218
99, 220
98, 221
98, 224
97, 225
97, 228
96, 229
96, 231
95, 232
95, 235
94, 236
94, 238
93, 239
93, 241
92, 242
92, 244
91, 245
91, 246
90, 247
90, 249
89, 250
89, 252
88, 253
88, 256
90, 258
91, 258
92, 259
97, 259
98, 258
100, 258
101, 257
103, 257
104, 258
104, 259
103, 260
103, 261
101, 263
101, 264
100, 265
100, 266
98, 268
98, 269
97, 270
97, 271
96, 272
96, 273
95, 274
95, 275
94, 276
94, 278
93, 279
93, 280
92, 281
92, 283
91, 284
91, 285
90, 286
90, 288
89, 289
89, 292
88, 293
88, 296
87, 297
87, 301
86, 302
86, 322
87, 323
87, 326
88, 327
88, 329
89, 330
89, 331
90, 332
90, 333
93, 336
93, 337
97, 341
98, 341
100, 343
101, 343
103, 345
104, 345
105, 346
106, 346
107, 347
108, 347
109, 348
111, 348
112, 349
113, 349
114, 350
116, 350
117, 351
119, 351
120, 352
122, 352
123, 353
128, 353
129, 354
132, 354
133, 355
136, 355
137, 354
140, 354
142, 352
143, 352
145, 350
145, 348
144, 347
142, 347
140, 349
139, 349
138, 350
137, 350
136, 351
134, 351
133, 350
130, 350
129, 349
124, 349
123, 348
121, 348
120, 347
118, 347
117, 346
115, 346
114, 345
113, 345
112, 344
111, 344
110, 343
108, 343
107, 342
106, 342
104, 340
103, 340
101, 338
100, 338
96, 334
96, 333
93, 330
93, 329
92, 328
92, 326
91, 325
91, 322
90, 321
90, 303
91, 302
91, 297
92, 296
92, 294
93, 293
93, 290
94, 289
94, 287
95, 286
95, 285
96, 284
96, 282
97, 281
97, 280
98, 279
98, 278
99, 277
99, 275
100, 274
100, 273
101, 272
101, 271
103, 269
103, 268
104, 267
104, 266
106, 264
106, 263
107, 262
107, 261
110, 258
110, 257
113, 254
113, 253
116, 250
117, 250
119, 248
120, 248
121, 247
122, 247
124, 245
125, 245
127, 243
128, 243
129, 242
130, 242
132, 240
133, 240
135, 238
136, 238
138, 236
139, 236
140, 235
141, 235
144, 232
145, 232
147, 230
148, 230
149, 229
150, 229
153, 226
154, 226
157, 223
157, 221
155, 219
150, 219
149, 220
147, 220
146, 221
145, 221
144, 222
143, 222
142, 223
141, 223
139, 225
138, 225
136, 227
135, 227
133, 229
132, 229
129, 232
128, 232
121, 239
120, 239
116, 243
116, 244
112, 248
111, 248
110, 249
109, 249
108, 250
107, 250
106, 251
105, 251
104, 252
103, 252
102, 253
101, 253
100, 254
97, 254
96, 255
94, 255
93, 254
93, 251
94, 250
94, 248
95, 247
95, 245
96, 244
96, 242
97, 241
97, 239
98, 238
98, 236
99, 235
99, 233
100, 232
100, 229
101, 228
101, 226
102, 225
102, 222
103, 221
103, 219
104, 218
104, 216
105, 215
105, 213
106, 212
106, 210
107, 209
107, 208
108, 207
108, 206
109, 205
109, 204
110, 203
110, 202
111, 201
111, 200
112, 199
112, 198
114, 196
114, 195
116, 193
116, 192
118, 190
118, 189
122, 185
122, 184
135, 171
135, 170
139, 166
139, 165
140, 164
140, 163
141, 162
141, 161
142, 160
142, 157
141, 156
140, 156
139, 157
138, 157
138, 158
134, 162
134, 163
131, 166
131, 167
127, 171
127, 172
118, 181
117, 181
114, 184
113, 184
111, 186
110, 186
107, 189
106, 189
104, 191
103, 191
100, 194
99, 194
96, 197
95, 197
93, 199
92, 199
90, 201
89, 201
87, 203
85, 203
84, 204
81, 204
78, 201
78, 190
79, 189
79, 187
80, 186
80, 184
81, 183
81, 181
82, 180
82, 178
83, 177
83, 175
84, 174
84, 173
85, 172
85, 170
86, 169
86, 167
87, 166
87, 164
88, 163
88, 162
89, 161
89, 159
90, 158
90, 156
91, 155
91, 153
92, 152
92, 150
93, 149
93, 146
94, 145
94, 143
95, 142
95, 139
96, 138
96, 136
97, 135
97, 133
98, 132
98, 129
99, 128
99, 125
100, 124
100, 122
101, 121
101, 118
102, 117
102, 114
103, 113
103, 110
104, 109
104, 106
105, 105
105, 102
106, 101
106, 98
107, 97
107, 93
108, 92
108, 88
109, 87
109, 83
110, 82
110, 76
111, 75
111, 69
112, 68
112, 52
111, 51
111, 50
108, 47
106, 47
101, 52
101, 53
98, 56
98, 57
97, 58
97, 59
95, 61
95, 62
93, 64
93, 65
92, 66
92, 67
90, 69
90, 70
89, 71
89, 72
88, 73
88, 74
87, 75
87, 76
85, 78
85, 79
84, 80
84, 81
83, 82
82, 81
82, 76
83, 75
83, 68
84, 67
84, 60
85, 59
85, 51
86, 50
86, 41
87, 40
87, 31
88, 30
88, 21
89, 20
89, 17
87, 15
73, 112
74, 113
74, 116
73, 117
73, 125
72, 126
72, 134
71, 135
71, 143
70, 144
70, 152
69, 153
69, 161
68, 162
68, 168
67, 169
67, 176
66, 177
66, 183
65, 184
65, 189
64, 190
64, 195
63, 196
63, 200
62, 201
62, 206
61, 207
61, 210
60, 211
60, 215
59, 216
59, 220
58, 221
58, 224
57, 225
57, 228
56, 229
56, 232
55, 233
55, 235
54, 236
54, 239
53, 240
53, 243
52, 244
52, 246
51, 247
51, 249
50, 250
50, 253
49, 254
49, 256
48, 257
48, 259
47, 260
47, 262
46, 263
46, 265
45, 266
45, 268
44, 269
44, 271
43, 272
43, 273
42, 274
42, 276
41, 277
41, 278
40, 279
40, 281
39, 282
39, 283
38, 284
38, 286
37, 287
37, 288
36, 289
36, 290
35, 291
35, 292
34, 293
34, 294
33, 295
33, 296
32, 297
32, 298
31, 299
31, 300
29, 302
29, 303
27, 305
27, 306
22, 311
21, 311
20, 312
19, 312
18, 313
17, 313
16, 312
15, 312
13, 310
13, 309
12, 308
12, 306
11, 305
11, 303
10, 302
10, 278
11, 277
11, 271
12, 270
12, 265
13, 264
13, 261
14, 260
14, 256
15, 255
15, 252
16, 251
16, 248
17, 247
17, 244
18, 243
18, 241
19, 240
19, 237
20, 236
20, 234
21, 233
21, 230
22, 229
22, 227
23, 226
23, 224
24, 223
24, 221
25, 220
25, 218
26, 217
26, 215
27, 214
27, 212
28, 211
28, 209
29, 208
29, 207
30, 206
30, 204
31, 203
31, 201
32, 200
32, 199
33, 198
33, 196
34, 195
34, 193
35, 192
35, 191
36, 190
36, 189
37, 188
37, 186
38, 185
38, 184
39, 183
39, 182
40, 181
40, 179
41, 178
41, 177
42, 176
42, 175
43, 174
43, 172
44, 171
44, 170
45, 169
45, 168
46, 167
46, 166
47, 165
47, 164
48, 163
48, 161
49, 160
49, 159
50, 158
50, 157
51, 156
51, 155
52, 154
52, 153
53, 152
53, 151
54, 150
54, 149
55, 148
55, 147
56, 146
56, 145
57, 144
57, 143
58, 142
58, 141
59, 140
59, 139
60, 138
60, 137
61, 136
61, 135
62, 134
62, 132
63, 131
63, 130
64, 129
64, 128
65, 127
65, 126
66, 125
66, 124
67, 123
67, 122
68, 121
68, 120
69, 119
69, 118
70, 117
70, 116
71, 115
71, 114
