348, 2
350, 367
4, 369
2, 4
89, 73
88, 74
88, 75
87, 76
87, 78
86, 79
86, 80
85, 81
85, 84
84, 85
84, 88
83, 89
83, 92
82, 93
82, 96
81, 97
81, 100
80, 101
80, 104
79, 105
79, 108
78, 109
78, 111
77, 112
77, 115
76, 116
76, 119
75, 120
75, 122
74, 123
74, 125
73, 126
73, 129
72, 130
72, 132
71, 133
71, 135
70, 136
70, 138
69, 139
69, 142
68, 143
68, 145
67, 146
67, 148
66, 149
66, 151
65, 152
65, 154
64, 155
64, 158
63, 159
63, 161
62, 162
62, 164
61, 165
61, 167
60, 168
60, 171
59, 172
59, 174
58, 175
58, 177
57, 178
57, 180
56, 181
56, 183
55, 184
55, 186
54, 187
54, 189
53, 190
53, 192
52, 193
52, 195
51, 196
51, 197
50, 198
50, 200
49, 201
49, 203
48, 204
48, 205
47, 206
47, 207
46, 208
46, 210
45, 211
45, 212
44, 213
44, 214
43, 215
43, 217
42, 218
42, 219
41, 220
41, 221
40, 222
40, 223
39, 224
39, 225
38, 226
38, 227
37, 228
37, 229
36, 230
36, 231
35, 232
35, 233
34, 234
34, 235
33, 236
33, 237
32, 238
32, 239
30, 241
30, 242
29, 243
29, 244
27, 246
27, 247
24, 250
24, 251
22, 253
22, 254
18, 258
18, 259
15, 262
15, 265
17, 265
21, 261
21, 260
25, 256
25, 255
27, 253
27, 252
30, 249
30, 248
31, 247
31, 246
33, 244
33, 243
34, 242
34, 241
36, 239
36, 238
37, 237
37, 236
38, 235
38, 234
39, 233
39, 232
40, 231
40, 230
41, 229
41, 228
42, 227
42, 226
43, 225
43, 224
44, 223
44, 222
45, 221
45, 219
46, 218
46, 217
47, 216
47, 215
48, 214
48, 213
49, 212
49, 210
50, 209
50, 208
51, 207
51, 205
52, 204
52, 203
53, 202
53, 200
54, 199
54, 197
55, 196
55, 195
56, 194
56, 192
57, 191
57, 189
58, 188
58, 186
59, 185
59, 183
60, 182
60, 180
61, 179
61, 177
62, 176
62, 173
63, 172
63, 170
64, 169
64, 167
65, 166
65, 164
66, 163
66, 161
67, 160
67, 157
68, 156
68, 154
69, 153
69, 151
70, 150
70, 148
71, 147
71, 144
72, 143
72, 141
73, 140
73, 138
74, 137
74, 135
75, 134
75, 132
76, 131
76, 128
77, 127
77, 125
78, 124
78, 122
79, 121
79, 118
80, 117
80, 114
81, 113
81, 111
82, 110
82, 107
83, 106
83, 103
84, 102
84, 99
85, 98
85, 95
86, 94
86, 91
87, 90
87, 87
88, 86
88, 83
89, 82
89, 81
90, 80
90, 78
91, 77
91, 74
90, 73
287, 69
285, 71
285, 72
284, 73
284, 74
283, 75
283, 77
282, 78
282, 82
281, 83
281, 86
280, 87
280, 89
279, 90
279, 91
278, 92
278, 93
277, 94
277, 96
276, 97
276, 98
275, 99
275, 100
274, 101
274, 103
273, 104
273, 106
272, 107
272, 109
271, 110
271, 111
270, 112
270, 114
269, 115
269, 117
268, 118
268, 119
267, 120
267, 121
265, 123
265, 124
264, 125
264, 126
262, 128
262, 129
261, 130
261, 131
259, 133
259, 134
257, 136
257, 137
255, 139
255, 140
253, 142
253, 143
251, 145
251, 146
250, 147
250, 148
248, 150
248, 151
247, 152
247, 153
245, 155
245, 156
242, 159
242, 160
239, 163
239, 164
233, 166
234, 165
234, 163
235, 162
235, 160
236, 159
236, 157
237, 156
237, 154
238, 153
238, 151
239, 150
239, 148
240, 147
240, 145
241, 144
241, 142
242, 141
242, 139
243, 138
243, 136
244, 135
244, 133
245, 132
245, 130
246, 129
246, 126
245, 125
244, 125
243, 126
243, 127
242, 128
242, 130
241, 131
241, 133
240, 134
240, 137
239, 138
239, 139
238, 140
238, 141
236, 143
236, 144
235, 145
235, 146
234, 147
234, 148
233, 149
233, 150
232, 151
232, 153
231, 154
231, 156
230, 157
230, 159
228, 161
228, 162
227, 163
227, 164
224, 167
224, 168
222, 170
222, 171
220, 173
220, 174
218, 176
218, 177
216, 179
216, 180
214, 182
214, 183
212, 185
212, 186
210, 188
210, 189
200, 199
198, 197
198, 186
199, 185
199, 182
200, 181
200, 178
201, 177
201, 174
202, 173
202, 170
203, 169
203, 167
204, 166
204, 163
205, 162
205, 160
206, 159
206, 157
207, 156
207, 154
208, 153
208, 151
209, 150
209, 147
210, 146
210, 144
211, 143
211, 141
212, 140
212, 138
213, 137
213, 135
212, 134
210, 134
209, 135
209, 136
208, 137
208, 139
207, 140
207, 143
206, 144
206, 146
205, 147
205, 149
204, 150
204, 152
203, 153
203, 154
202, 155
202, 156
201, 157
201, 158
200, 159
200, 160
198, 162
198, 163
197, 164
197, 165
195, 167
195, 168
194, 169
194, 170
192, 172
192, 173
190, 175
190, 176
188, 178
188, 179
185, 182
185, 183
182, 186
182, 187
176, 193
175, 193
174, 192
174, 181
175, 180
175, 174
176, 173
176, 169
177, 168
177, 164
178, 163
178, 160
179, 159
179, 156
180, 155
180, 153
181, 152
181, 150
182, 149
182, 147
183, 146
183, 142
184, 141
184, 133
182, 133
181, 134
181, 137
180, 138
180, 141
179, 142
179, 146
178, 147
178, 150
177, 151
177, 153
176, 154
176, 155
175, 156
175, 157
174, 158
174, 159
173, 160
173, 161
172, 162
172, 163
170, 165
170, 166
169, 167
169, 168
167, 170
167, 171
165, 173
165, 174
163, 176
163, 177
162, 178
162, 179
160, 181
160, 182
157, 185
157, 186
154, 189
154, 190
148, 196
147, 196
145, 194
145, 186
146, 185
146, 178
147, 177
147, 173
148, 172
148, 169
149, 168
149, 167
150, 166
150, 164
151, 163
151, 162
152, 161
152, 160
153, 159
153, 158
154, 157
154, 156
155, 155
155, 154
156, 153
156, 151
157, 150
157, 146
156, 145
155, 146
154, 146
154, 147
153, 148
153, 150
152, 151
152, 152
151, 153
151, 154
150, 155
150, 157
149, 158
149, 159
148, 160
148, 161
147, 162
147, 163
145, 165
145, 166
143, 168
143, 169
141, 171
141, 172
139, 174
139, 175
138, 176
138, 177
136, 179
136, 180
134, 182
134, 183
132, 185
132, 186
129, 189
129, 190
121, 198
120, 198
119, 197
119, 185
120, 184
120, 178
121, 177
121, 172
122, 171
122, 168
123, 167
123, 164
124, 163
124, 162
125, 161
125, 160
126, 159
126, 157
127, 156
127, 155
128, 154
128, 153
129, 152
129, 150
130, 149
130, 146
131, 145
131, 140
130, 139
130, 138
128, 138
127, 139
127, 140
126, 141
126, 143
125, 144
125, 146
124, 147
124, 150
123, 151
123, 153
122, 154
122, 157
121, 158
121, 161
120, 162
120, 163
119, 164
119, 165
118, 166
118, 167
117, 168
117, 169
116, 170
116, 171
114, 173
114, 174
113, 175
113, 176
111, 178
111, 179
109, 181
109, 182
108, 183
108, 184
106, 186
106, 187
104, 189
104, 190
101, 193
101, 194
99, 196
99, 197
97, 199
97, 200
94, 203
94, 204
90, 208
90, 209
86, 213
86, 214
83, 217
83, 218
81, 220
81, 221
78, 224
78, 225
74, 229
73, 228
73, 227
74, 226
74, 225
77, 222
76, 221
73, 221
72, 222
72, 223
71, 224
71, 225
70, 226
70, 228
69, 229
69, 230
68, 231
68, 234
69, 235
72, 235
73, 234
74, 234
79, 229
79, 228
82, 225
82, 224
84, 222
84, 221
86, 219
86, 218
90, 214
90, 213
94, 209
94, 208
97, 205
97, 204
100, 201
100, 200
102, 198
102, 197
105, 194
105, 193
107, 191
107, 190
109, 188
109, 187
111, 185
111, 184
112, 183
112, 182
114, 180
114, 179
116, 177
117, 178
117, 185
116, 186
116, 200
117, 201
122, 201
125, 198
126, 198
128, 196
128, 195
132, 191
132, 190
135, 187
135, 186
137, 184
137, 183
139, 181
139, 180
141, 178
141, 177
143, 175
144, 176
144, 177
143, 178
143, 185
142, 186
142, 194
143, 195
143, 198
144, 199
148, 199
149, 198
150, 198
158, 190
158, 189
161, 186
161, 185
163, 183
163, 182
165, 180
165, 179
166, 178
166, 177
168, 175
168, 174
170, 172
170, 171
172, 169
173, 170
173, 173
172, 174
172, 180
171, 181
171, 194
172, 195
172, 196
173, 197
175, 197
176, 196
177, 196
186, 187
186, 186
189, 183
189, 182
191, 180
191, 179
193, 177
193, 176
195, 174
195, 173
197, 171
197, 170
198, 169
199, 170
199, 173
198, 174
198, 177
197, 178
197, 180
196, 181
196, 185
195, 186
195, 198
196, 199
196, 200
198, 202
201, 202
202, 201
203, 201
210, 194
210, 193
213, 190
213, 189
216, 186
216, 185
217, 184
217, 183
219, 181
219, 180
221, 178
221, 177
223, 175
223, 174
225, 172
225, 171
228, 168
229, 169
229, 170
228, 171
228, 173
227, 174
227, 176
226, 177
226, 179
227, 180
228, 180
239, 169
239, 168
243, 164
243, 163
246, 160
246, 159
248, 157
248, 156
250, 154
250, 153
251, 152
251, 151
253, 149
253, 148
254, 147
254, 146
256, 144
256, 143
258, 141
258, 140
260, 143
259, 144
259, 146
258, 147
258, 149
257, 150
257, 152
256, 153
256, 156
255, 157
255, 159
254, 160
254, 163
253, 164
253, 167
252, 168
252, 171
251, 172
251, 174
250, 175
250, 178
249, 179
249, 182
248, 183
248, 185
247, 186
247, 189
246, 190
246, 193
245, 194
245, 196
244, 197
244, 200
243, 201
243, 204
242, 205
242, 208
241, 209
241, 212
240, 213
240, 215
239, 216
239, 219
238, 220
238, 223
237, 224
237, 226
236, 227
236, 230
235, 231
235, 233
234, 234
234, 237
233, 238
233, 240
232, 241
232, 243
231, 244
231, 246
230, 247
230, 250
229, 251
229, 253
228, 254
228, 255
227, 256
227, 258
226, 259
226, 260
225, 261
225, 262
224, 263
224, 264
223, 265
223, 266
222, 267
222, 269
221, 270
221, 271
220, 272
220, 273
219, 274
219, 275
218, 276
218, 278
217, 279
217, 280
216, 281
216, 282
215, 283
215, 285
214, 286
214, 287
213, 288
213, 289
212, 290
212, 291
211, 292
211, 294
210, 295
210, 296
209, 297
209, 298
208, 299
208, 300
207, 301
207, 303
206, 304
206, 305
205, 306
205, 307
204, 308
204, 310
203, 311
203, 312
202, 313
202, 315
201, 316
201, 317
200, 318
200, 320
199, 321
199, 323
198, 324
198, 326
197, 327
197, 330
196, 331
196, 335
195, 336
195, 347
196, 348
196, 350
197, 351
197, 352
199, 354
201, 354
202, 353
202, 352
203, 351
203, 349
204, 348
204, 346
205, 345
205, 342
206, 341
206, 338
207, 337
207, 334
208, 333
208, 331
209, 330
209, 327
210, 326
210, 323
211, 322
211, 319
212, 318
212, 316
213, 315
213, 312
214, 311
214, 309
215, 308
215, 305
216, 304
216, 302
217, 301
217, 299
218, 298
218, 296
219, 295
219, 292
220, 291
220, 289
221, 288
221, 286
222, 285
222, 283
223, 282
223, 280
224, 279
224, 277
225, 276
225, 273
226, 272
226, 270
227, 269
227, 267
228, 266
228, 264
229, 263
229, 261
230, 260
230, 258
231, 257
231, 256
232, 255
232, 254
234, 252
234, 251
236, 249
236, 248
237, 247
237, 246
239, 244
239, 243
241, 241
241, 240
243, 238
243, 237
245, 235
245, 234
247, 232
247, 231
249, 229
249, 228
251, 226
251, 225
253, 223
253, 222
254, 221
254, 220
256, 218
256, 217
257, 216
257, 215
258, 214
258, 213
260, 211
260, 209
261, 208
261, 207
262, 206
262, 205
263, 204
263, 202
265, 200
265, 199
266, 198
266, 197
268, 195
268, 194
269, 193
269, 192
272, 189
272, 188
273, 187
273, 186
275, 184
276, 185
276, 187
275, 188
275, 190
274, 191
274, 192
273, 193
273, 194
272, 195
272, 197
271, 198
271, 199
270, 200
270, 202
269, 203
269, 204
268, 205
268, 206
267, 207
267, 209
266, 210
266, 212
265, 213
265, 215
264, 216
264, 218
263, 219
263, 224
265, 224
266, 223
266, 222
267, 221
267, 219
268, 218
268, 217
269, 216
269, 214
270, 213
270, 212
271, 211
271, 209
272, 208
272, 206
273, 205
273, 204
274, 203
274, 201
275, 200
275, 198
276, 197
276, 195
277, 194
277, 193
290, 180
291, 180
299, 172
299, 171
304, 166
304, 165
306, 163
306, 162
308, 160
308, 159
310, 157
310, 156
312, 154
313, 155
313, 156
312, 157
312, 158
311, 159
311, 161
310, 162
310, 164
309, 165
309, 167
308, 168
308, 169
307, 170
307, 172
306, 173
306, 175
305, 176
305, 178
304, 179
304, 181
303, 182
303, 184
302, 185
302, 187
301, 188
301, 190
300, 191
300, 193
299, 194
299, 196
298, 197
298, 200
297, 201
297, 203
296, 204
296, 207
295, 208
295, 210
294, 211
294, 213
293, 214
293, 216
292, 217
292, 219
291, 220
291, 224
293, 224
293, 223
294, 222
294, 221
295, 220
295, 218
296, 217
296, 215
297, 214
297, 212
298, 211
298, 208
299, 207
299, 204
300, 203
300, 201
301, 200
301, 198
302, 197
302, 195
303, 194
303, 192
304, 191
304, 188
305, 187
305, 185
306, 184
306, 182
307, 181
307, 179
308, 178
308, 176
309, 175
309, 174
310, 173
310, 171
311, 170
311, 168
312, 167
312, 165
313, 164
313, 163
314, 162
314, 160
315, 159
315, 157
316, 156
316, 155
317, 154
317, 152
318, 151
318, 150
319, 149
319, 147
320, 146
320, 145
321, 144
321, 143
322, 142
322, 140
323, 139
323, 138
324, 137
324, 136
326, 134
326, 133
328, 131
328, 130
329, 129
329, 128
331, 126
331, 125
332, 124
332, 123
333, 122
333, 120
334, 119
334, 118
335, 117
335, 115
336, 114
336, 110
333, 110
333, 111
332, 112
332, 113
331, 114
331, 115
330, 116
330, 117
329, 118
329, 119
328, 120
328, 121
327, 122
327, 123
326, 124
326, 125
325, 126
325, 127
324, 128
324, 130
323, 131
323, 132
322, 133
322, 134
320, 136
320, 137
317, 140
317, 141
315, 143
315, 144
313, 146
313, 147
311, 149
311, 150
309, 152
309, 153
307, 155
307, 156
305, 158
305, 159
303, 161
303, 162
300, 165
300, 166
285, 181
284, 181
281, 184
280, 183
280, 182
281, 181
281, 179
282, 178
282, 176
283, 175
283, 173
284, 172
284, 170
285, 169
285, 167
286, 166
286, 164
287, 163
287, 161
288, 160
288, 158
289, 157
289, 155
290, 154
290, 152
291, 151
291, 149
292, 148
292, 146
293, 145
293, 144
294, 143
294, 141
295, 140
295, 139
296, 138
296, 136
297, 135
297, 134
298, 133
298, 132
300, 130
300, 129
301, 128
301, 127
302, 126
302, 124
303, 123
302, 122
300, 122
299, 123
299, 124
298, 125
298, 126
297, 127
297, 128
296, 129
296, 130
294, 132
294, 133
293, 134
293, 135
292, 136
292, 138
291, 139
291, 141
290, 142
290, 143
289, 144
289, 146
288, 147
288, 149
287, 150
287, 152
286, 153
286, 155
285, 156
285, 157
284, 158
284, 160
283, 161
283, 162
282, 163
282, 165
281, 166
281, 167
280, 168
280, 169
279, 170
279, 171
278, 172
278, 173
277, 174
277, 175
275, 177
275, 178
274, 179
274, 180
272, 182
272, 183
270, 185
270, 186
268, 188
268, 189
266, 191
266, 192
265, 193
265, 194
263, 196
263, 197
262, 198
262, 199
261, 200
261, 201
260, 202
260, 203
259, 204
259, 205
258, 206
258, 208
257, 209
257, 210
256, 211
256, 212
254, 214
254, 215
253, 216
253, 217
251, 219
251, 220
250, 221
250, 222
248, 224
248, 225
246, 227
246, 228
244, 230
244, 231
242, 233
242, 234
240, 236
240, 237
237, 240
236, 239
236, 238
237, 237
237, 234
238, 233
238, 231
239, 230
239, 227
240, 226
240, 224
241, 223
241, 220
242, 219
242, 217
243, 216
243, 213
244, 212
244, 209
245, 208
245, 205
246, 204
246, 201
247, 200
247, 198
248, 197
248, 194
249, 193
249, 190
250, 189
250, 186
251, 185
251, 183
252, 182
252, 179
253, 178
253, 176
254, 175
254, 172
255, 171
255, 168
256, 167
256, 164
257, 163
257, 160
258, 159
258, 157
259, 156
259, 153
260, 152
260, 150
261, 149
261, 147
262, 146
262, 144
263, 143
263, 141
264, 140
264, 138
265, 137
265, 135
266, 134
266, 133
267, 132
267, 130
268, 129
268, 127
269, 126
269, 124
270, 123
270, 122
271, 121
271, 120
272, 119
272, 117
273, 116
273, 114
274, 113
274, 112
275, 111
275, 109
276, 108
276, 106
277, 105
277, 104
278, 103
278, 101
279, 100
279, 99
280, 98
280, 96
281, 95
281, 94
282, 93
282, 92
283, 91
283, 89
284, 88
284, 86
285, 85
285, 84
286, 83
286, 81
287, 80
287, 78
288, 77
288, 74
289, 73
289, 70
288, 69
212, 298
213, 297
214, 301
213, 302
213, 304
212, 305
212, 308
211, 309
211, 311
210, 312
210, 314
209, 315
209, 318
208, 319
208, 322
207, 323
207, 326
206, 327
206, 329
205, 330
205, 333
204, 334
204, 337
203, 338
203, 341
202, 342
202, 345
201, 346
201, 348
200, 349
198, 347
198, 336
199, 335
199, 331
200, 330
200, 327
201, 326
201, 324
202, 323
202, 321
203, 320
203, 319
204, 318
204, 316
205, 315
205, 314
206, 313
206, 311
207, 310
207, 309
208, 308
208, 307
209, 306
209, 304
210, 303
210, 302
211, 301
211, 300
212, 299
215, 296
213, 297
162, 15
161, 16
160, 16
158, 18
157, 18
156, 19
155, 19
154, 20
153, 20
151, 22
150, 22
149, 23
148, 23
147, 24
146, 24
145, 25
144, 25
143, 26
142, 26
141, 27
140, 27
139, 28
138, 28
137, 29
136, 29
135, 30
134, 30
133, 31
132, 31
131, 32
130, 32
129, 33
128, 33
127, 34
126, 34
125, 35
124, 35
123, 36
122, 36
121, 37
120, 37
119, 38
117, 38
116, 39
115, 39
114, 40
113, 40
112, 41
111, 41
110, 42
109, 42
108, 43
107, 43
106, 44
105, 44
104, 45
103, 45
102, 46
101, 46
100, 47
99, 47
98, 48
97, 48
95, 50
94, 50
93, 51
92, 51
91, 52
90, 52
89, 53
88, 53
87, 54
86, 54
84, 56
83, 56
82, 57
81, 57
80, 58
79, 58
77, 60
76, 60
74, 62
73, 62
72, 63
71, 63
68, 66
67, 66
65, 68
64, 68
61, 71
60, 71
57, 74
56, 74
48, 82
47, 82
39, 90
39, 91
34, 96
34, 97
32, 99
32, 100
30, 102
30, 103
29, 104
29, 105
28, 106
28, 107
27, 108
27, 109
26, 110
26, 111
25, 112
25, 114
24, 115
24, 117
23, 118
23, 120
22, 121
22, 126
24, 128
25, 128
26, 129
28, 127
27, 126
27, 125
26, 124
26, 120
27, 119
27, 117
28, 116
28, 114
29, 113
29, 112
30, 111
30, 110
31, 109
31, 108
32, 107
32, 106
33, 105
33, 104
35, 102
35, 101
37, 99
37, 98
44, 91
44, 90
45, 89
46, 89
57, 78
58, 78
62, 74
63, 74
66, 71
67, 71
69, 69
70, 69
72, 67
73, 67
75, 65
76, 65
78, 63
79, 63
81, 61
82, 61
83, 60
84, 60
85, 59
86, 59
87, 58
88, 58
90, 56
91, 56
92, 55
93, 55
94, 54
95, 54
96, 53
97, 53
99, 51
100, 51
101, 50
102, 50
103, 49
104, 49
105, 48
106, 48
107, 47
108, 47
109, 46
110, 46
111, 45
112, 45
113, 44
114, 44
115, 43
116, 43
117, 42
118, 42
119, 41
121, 41
122, 40
123, 40
124, 39
125, 39
126, 38
127, 38
128, 37
129, 37
130, 36
131, 36
132, 35
133, 35
134, 34
135, 34
136, 33
137, 33
138, 32
139, 32
140, 31
141, 31
142, 30
143, 30
144, 29
145, 29
146, 28
147, 28
148, 27
149, 27
150, 26
151, 26
152, 25
153, 25
154, 24
155, 24
157, 22
158, 22
159, 21
160, 21
162, 19
163, 19
163, 18
164, 17
