4, 2
456, 4
454, 369
2, 367
60, 251
60, 252
59, 253
59, 254
58, 255
58, 257
59, 258
59, 260
60, 261
60, 263
62, 265
62, 266
63, 267
63, 268
67, 272
67, 273
75, 281
76, 281
80, 285
81, 285
84, 288
85, 288
87, 290
88, 290
91, 293
92, 293
94, 295
95, 295
97, 297
98, 297
100, 299
101, 299
102, 300
103, 300
105, 302
106, 302
108, 304
109, 304
110, 305
111, 305
113, 307
114, 307
115, 308
116, 308
117, 309
118, 309
120, 311
121, 311
122, 312
123, 312
124, 313
125, 313
126, 314
127, 314
128, 315
129, 315
130, 316
131, 316
132, 317
133, 317
134, 318
135, 318
136, 319
137, 319
138, 320
139, 320
140, 321
141, 321
142, 322
144, 322
145, 323
146, 323
147, 324
148, 324
149, 325
151, 325
152, 326
153, 326
154, 327
155, 327
156, 328
158, 328
159, 329
161, 329
162, 330
163, 330
164, 331
166, 331
167, 332
169, 332
170, 333
172, 333
173, 334
174, 334
175, 335
177, 335
178, 336
180, 336
181, 337
183, 337
184, 338
186, 338
187, 339
189, 339
190, 340
192, 340
193, 341
196, 341
197, 342
200, 342
201, 343
203, 343
204, 344
207, 344
208, 345
210, 345
211, 346
214, 346
215, 347
218, 347
219, 348
222, 348
223, 349
227, 349
228, 350
231, 350
232, 351
236, 351
237, 352
242, 352
243, 353
248, 353
249, 354
259, 354
260, 355
273, 355
274, 354
276, 354
277, 353
278, 353
280, 351
280, 350
281, 349
281, 343
280, 342
280, 341
277, 338
276, 338
275, 339
275, 342
277, 344
277, 348
275, 350
274, 350
273, 351
258, 351
257, 350
249, 350
248, 349
243, 349
242, 348
237, 348
236, 347
232, 347
231, 346
228, 346
227, 345
223, 345
222, 344
220, 344
219, 343
216, 343
215, 342
212, 342
211, 341
208, 341
207, 340
204, 340
203, 339
201, 339
200, 338
197, 338
196, 337
194, 337
193, 336
191, 336
190, 335
188, 335
187, 334
185, 334
184, 333
182, 333
181, 332
179, 332
178, 331
176, 331
175, 330
173, 330
172, 329
170, 329
169, 328
168, 328
167, 327
165, 327
164, 326
162, 326
161, 325
159, 325
158, 324
157, 324
156, 323
155, 323
154, 322
152, 322
151, 321
150, 321
149, 320
148, 320
147, 319
145, 319
144, 318
143, 318
142, 317
141, 317
140, 316
139, 316
138, 315
137, 315
136, 314
135, 314
134, 313
133, 313
132, 312
131, 312
130, 311
129, 311
128, 310
127, 310
126, 309
125, 309
124, 308
123, 308
122, 307
121, 307
119, 305
118, 305
117, 304
116, 304
115, 303
114, 303
112, 301
111, 301
110, 300
109, 300
107, 298
106, 298
104, 296
103, 296
101, 294
100, 294
98, 292
97, 292
95, 290
94, 290
92, 288
91, 288
88, 285
87, 285
84, 282
83, 282
80, 279
79, 279
69, 269
69, 268
66, 265
66, 264
64, 262
64, 261
63, 260
63, 257
62, 256
63, 255
63, 251
20, 29
20, 34
21, 35
21, 37
22, 38
22, 39
23, 40
23, 41
24, 42
24, 43
25, 44
25, 45
26, 46
26, 47
27, 48
27, 49
28, 50
28, 52
29, 53
29, 54
30, 55
30, 56
31, 57
31, 58
32, 59
32, 61
33, 62
33, 63
34, 64
34, 65
35, 66
35, 67
36, 68
36, 69
37, 70
37, 71
39, 73
39, 75
40, 76
40, 78
41, 79
41, 81
42, 82
42, 84
43, 85
43, 87
44, 88
44, 89
45, 90
46, 90
47, 89
47, 85
46, 84
46, 82
45, 81
45, 79
44, 78
44, 76
43, 75
43, 73
42, 72
42, 71
41, 70
41, 69
40, 68
40, 67
39, 66
43, 67
43, 68
45, 70
45, 71
46, 72
46, 73
48, 75
48, 76
50, 78
50, 79
51, 80
51, 81
53, 83
53, 84
55, 86
55, 87
56, 88
56, 89
58, 91
58, 92
60, 94
60, 95
61, 96
61, 97
63, 99
63, 100
64, 101
64, 102
66, 104
66, 105
67, 106
67, 107
69, 109
69, 110
70, 111
70, 112
71, 113
71, 114
73, 116
73, 117
74, 118
74, 119
76, 121
76, 122
77, 123
77, 124
78, 125
78, 126
80, 128
80, 129
81, 130
81, 131
83, 133
83, 134
84, 135
84, 136
85, 137
85, 138
87, 140
87, 141
88, 142
88, 143
89, 144
89, 145
91, 147
91, 148
92, 149
92, 150
93, 151
93, 152
95, 154
95, 155
96, 156
96, 157
97, 158
97, 159
99, 161
99, 162
100, 163
100, 164
101, 165
101, 166
103, 168
103, 169
104, 170
104, 171
106, 173
106, 174
107, 175
107, 176
108, 177
108, 178
110, 180
110, 181
111, 182
111, 183
112, 184
112, 185
114, 187
114, 188
115, 189
115, 190
116, 191
116, 192
118, 194
118, 195
119, 196
119, 197
120, 198
120, 199
121, 200
121, 201
122, 202
122, 203
124, 205
124, 206
125, 207
125, 208
126, 209
126, 210
127, 211
127, 212
128, 213
128, 214
129, 215
129, 216
130, 217
130, 218
131, 219
131, 220
132, 221
132, 222
133, 223
133, 225
134, 226
134, 227
135, 228
135, 229
136, 230
136, 231
137, 232
137, 234
138, 235
138, 236
139, 237
139, 238
140, 239
140, 241
141, 242
141, 243
142, 244
142, 246
143, 247
143, 248
144, 249
144, 251
145, 252
145, 253
144, 254
144, 257
145, 258
145, 259
146, 260
146, 261
147, 262
147, 263
148, 264
148, 265
149, 266
151, 266
152, 265
152, 263
151, 262
151, 260
150, 259
150, 256
149, 255
149, 253
148, 252
148, 249
147, 248
147, 247
146, 246
146, 244
145, 243
145, 242
144, 241
144, 239
143, 238
143, 237
142, 236
142, 235
141, 234
141, 232
140, 231
140, 230
139, 229
139, 227
138, 226
138, 225
137, 224
137, 223
136, 222
136, 221
135, 220
135, 219
134, 218
134, 217
133, 216
133, 215
132, 214
132, 213
131, 212
131, 211
130, 210
130, 209
129, 208
129, 207
128, 206
128, 205
127, 204
127, 203
126, 202
126, 201
125, 200
125, 199
123, 197
123, 196
122, 195
122, 194
121, 193
121, 192
120, 191
120, 190
118, 188
118, 187
117, 186
117, 185
116, 184
116, 183
114, 181
114, 180
113, 179
113, 178
112, 177
112, 176
110, 174
110, 173
109, 172
109, 171
108, 170
108, 169
106, 167
106, 166
105, 165
105, 164
104, 163
104, 162
102, 160
102, 159
101, 158
101, 157
99, 155
99, 154
98, 153
98, 152
97, 151
97, 150
95, 148
95, 147
94, 146
94, 145
93, 144
93, 143
91, 141
91, 140
90, 139
90, 138
89, 137
89, 136
87, 134
87, 133
86, 132
86, 131
85, 130
85, 129
83, 127
83, 126
82, 125
82, 124
80, 122
80, 121
79, 120
79, 119
78, 118
78, 117
76, 115
76, 114
75, 113
75, 112
73, 110
73, 109
72, 108
72, 107
71, 106
71, 105
69, 103
69, 102
68, 101
68, 100
66, 98
66, 97
65, 96
65, 95
63, 93
63, 92
61, 90
61, 89
60, 88
60, 87
58, 85
58, 84
57, 83
57, 82
55, 80
55, 79
53, 77
53, 76
52, 75
52, 74
50, 72
50, 71
48, 69
48, 68
46, 66
46, 65
44, 63
44, 62
42, 60
42, 59
40, 57
40, 56
38, 54
38, 53
36, 51
36, 50
35, 49
35, 48
33, 46
33, 45
31, 43
31, 42
30, 41
30, 40
28, 38
28, 37
26, 35
26, 34
24, 32
24, 31
23, 30
23, 29
40, 63
38, 64
254, 14
252, 16
252, 19
253, 20
253, 21
254, 22
254, 23
255, 24
255, 26
256, 27
256, 28
257, 29
257, 30
258, 31
258, 32
259, 33
259, 35
260, 36
260, 37
261, 38
261, 39
262, 40
262, 41
263, 42
263, 43
264, 44
264, 45
265, 46
265, 48
266, 49
266, 50
267, 51
267, 52
268, 53
268, 54
269, 55
269, 56
270, 57
270, 58
271, 59
271, 60
272, 61
272, 62
273, 63
273, 64
274, 65
274, 66
275, 67
275, 68
276, 69
276, 70
277, 71
277, 72
278, 73
278, 74
279, 75
279, 76
280, 77
280, 78
281, 79
281, 80
282, 81
282, 82
283, 83
283, 84
285, 86
285, 87
286, 88
286, 89
287, 90
287, 91
288, 92
288, 93
289, 94
289, 95
290, 96
290, 97
291, 98
291, 99
292, 100
292, 101
293, 102
293, 103
294, 104
294, 105
295, 106
295, 107
296, 108
296, 109
297, 110
297, 111
298, 112
298, 113
299, 114
299, 115
300, 116
300, 117
301, 118
301, 119
302, 120
302, 121
303, 122
303, 123
304, 124
304, 125
305, 126
305, 127
306, 128
306, 129
307, 130
307, 131
309, 133
309, 134
310, 135
310, 136
311, 137
311, 138
312, 139
312, 140
313, 141
313, 142
314, 143
314, 144
315, 145
315, 146
317, 148
317, 149
318, 150
318, 151
319, 152
319, 153
320, 154
320, 155
321, 156
321, 157
323, 159
323, 160
324, 161
324, 162
325, 163
325, 164
327, 166
327, 167
328, 168
328, 169
330, 171
330, 172
331, 173
331, 174
332, 175
331, 176
330, 176
327, 173
326, 173
323, 170
322, 170
320, 168
319, 168
317, 166
316, 166
314, 164
313, 164
311, 162
310, 162
308, 160
307, 160
306, 159
305, 159
303, 157
302, 157
300, 155
299, 155
297, 153
296, 153
294, 151
293, 151
291, 149
290, 149
288, 147
287, 147
285, 145
284, 145
283, 144
282, 144
281, 143
280, 143
278, 141
277, 141
276, 140
275, 140
273, 138
272, 138
271, 137
270, 137
269, 136
268, 136
267, 135
266, 135
265, 134
264, 134
263, 133
262, 133
261, 132
259, 132
258, 131
255, 131
254, 130
251, 130
250, 131
249, 131
246, 134
246, 136
245, 137
245, 139
244, 140
243, 140
241, 138
240, 138
236, 134
235, 134
234, 133
233, 133
232, 132
231, 132
230, 131
229, 131
228, 130
223, 130
221, 132
221, 142
222, 143
222, 146
223, 147
223, 149
224, 150
224, 151
223, 152
221, 150
220, 150
215, 145
214, 145
210, 141
209, 141
207, 139
206, 139
203, 136
202, 136
199, 133
198, 133
196, 131
195, 131
194, 130
193, 130
192, 129
191, 129
189, 127
188, 127
187, 126
186, 126
185, 125
183, 125
182, 124
175, 124
172, 127
172, 128
171, 129
171, 141
170, 142
169, 141
168, 141
164, 137
163, 137
157, 131
156, 131
154, 129
153, 129
151, 127
150, 127
148, 125
147, 125
144, 122
143, 122
141, 120
140, 120
139, 119
138, 119
137, 118
136, 118
135, 117
134, 117
133, 116
132, 116
131, 115
129, 115
128, 114
125, 114
124, 113
122, 113
121, 114
118, 114
117, 115
116, 115
115, 116
114, 116
112, 118
112, 119
110, 121
110, 123
109, 124
109, 128
107, 130
104, 127
104, 126
100, 122
100, 121
97, 118
97, 117
94, 114
94, 113
91, 110
91, 109
88, 106
88, 105
86, 103
86, 102
84, 100
84, 99
82, 97
82, 96
81, 95
81, 94
80, 93
80, 92
79, 91
78, 91
77, 92
77, 95
78, 96
78, 97
79, 98
79, 99
81, 101
81, 102
83, 104
83, 105
85, 107
85, 108
88, 111
88, 112
91, 115
91, 116
94, 119
94, 120
97, 123
97, 124
100, 127
100, 128
104, 132
104, 133
108, 137
108, 138
111, 141
111, 143
112, 144
112, 145
113, 146
113, 147
115, 149
115, 150
116, 151
116, 152
118, 154
118, 155
120, 157
120, 158
123, 161
123, 162
136, 175
137, 175
140, 178
141, 178
142, 179
145, 179
146, 178
146, 177
145, 176
145, 175
137, 167
137, 166
129, 158
129, 157
124, 152
124, 151
120, 147
120, 146
116, 142
116, 141
114, 139
114, 138
113, 137
113, 135
112, 134
112, 126
113, 125
113, 123
118, 118
119, 118
120, 117
126, 117
127, 118
129, 118
130, 119
131, 119
132, 120
133, 120
134, 121
135, 121
136, 122
137, 122
139, 124
140, 124
142, 126
143, 126
145, 128
146, 128
148, 130
149, 130
151, 132
152, 132
155, 135
156, 135
162, 141
163, 141
166, 144
167, 144
173, 150
173, 153
174, 154
174, 156
175, 157
175, 159
176, 160
176, 161
177, 162
177, 164
178, 165
178, 166
179, 167
179, 168
181, 170
181, 171
182, 172
182, 173
184, 175
184, 176
187, 179
187, 180
191, 184
191, 185
193, 187
194, 187
201, 194
202, 194
203, 195
204, 195
205, 196
206, 196
207, 197
210, 197
212, 195
212, 191
211, 190
211, 189
210, 188
210, 187
209, 186
209, 185
208, 184
208, 183
206, 181
206, 180
204, 178
204, 177
201, 174
201, 173
197, 169
197, 168
193, 164
193, 163
190, 160
189, 160
175, 146
175, 143
174, 142
174, 132
175, 131
175, 129
176, 128
177, 128
178, 127
179, 127
180, 128
182, 128
183, 129
185, 129
187, 131
188, 131
189, 132
190, 132
191, 133
192, 133
193, 134
194, 134
196, 136
197, 136
201, 140
202, 140
204, 142
205, 142
208, 145
209, 145
213, 149
214, 149
218, 153
219, 153
223, 157
224, 157
230, 163
230, 164
232, 166
232, 167
233, 168
233, 169
234, 170
234, 171
235, 172
235, 173
236, 174
236, 175
238, 177
238, 178
239, 179
239, 180
240, 181
240, 182
243, 185
243, 186
246, 189
246, 190
256, 200
257, 200
259, 202
260, 202
262, 204
263, 204
264, 205
265, 205
266, 206
270, 206
271, 205
271, 203
269, 201
269, 200
267, 198
267, 197
264, 194
264, 193
260, 189
260, 188
253, 181
253, 180
231, 158
231, 157
230, 156
230, 154
229, 153
229, 152
228, 151
228, 150
227, 149
227, 148
226, 147
226, 145
225, 144
225, 141
224, 140
224, 135
225, 134
228, 134
229, 135
230, 135
231, 136
232, 136
234, 138
235, 138
238, 141
239, 141
241, 143
242, 143
248, 149
248, 150
249, 151
249, 152
250, 153
250, 154
251, 155
251, 156
252, 157
252, 158
254, 160
254, 161
255, 162
255, 163
257, 165
257, 166
259, 168
259, 169
262, 172
262, 173
265, 176
265, 177
268, 180
268, 181
273, 186
273, 187
282, 196
282, 197
284, 199
285, 199
289, 203
290, 203
292, 205
293, 205
294, 206
295, 206
296, 207
300, 207
300, 204
299, 203
299, 202
297, 200
297, 199
293, 195
293, 194
290, 191
290, 190
288, 188
288, 187
285, 184
285, 183
281, 179
281, 178
278, 175
278, 174
273, 169
273, 168
264, 159
264, 158
257, 151
256, 151
250, 145
250, 144
249, 143
249, 136
251, 134
256, 134
257, 135
258, 135
259, 136
261, 136
262, 137
263, 137
264, 138
265, 138
266, 139
267, 139
268, 140
269, 140
270, 141
271, 141
273, 143
274, 143
276, 145
277, 145
278, 146
279, 146
280, 147
281, 147
282, 148
283, 148
285, 150
286, 150
288, 152
289, 152
291, 154
292, 154
295, 157
296, 157
297, 158
298, 158
300, 160
301, 160
303, 162
304, 162
305, 163
306, 163
308, 165
309, 165
311, 167
312, 167
314, 169
315, 169
317, 171
318, 171
321, 174
322, 174
324, 176
325, 176
328, 179
329, 179
331, 181
332, 181
334, 183
335, 183
341, 189
341, 190
343, 192
343, 193
345, 195
345, 196
347, 198
347, 199
349, 201
349, 202
351, 204
351, 205
354, 208
354, 209
356, 211
356, 212
358, 214
358, 215
360, 217
360, 218
363, 221
363, 222
366, 225
366, 226
368, 228
368, 229
371, 232
371, 233
374, 236
374, 237
378, 241
378, 242
383, 247
383, 248
399, 264
400, 264
401, 265
402, 264
403, 264
403, 263
404, 262
404, 260
399, 255
398, 255
392, 249
392, 248
386, 242
386, 241
381, 236
381, 235
378, 232
378, 231
375, 228
375, 227
372, 224
372, 223
369, 220
369, 219
366, 216
366, 215
364, 213
364, 212
362, 210
362, 209
360, 207
360, 206
357, 203
357, 202
355, 200
355, 196
347, 188
347, 187
345, 185
345, 184
343, 182
343, 181
341, 179
341, 178
340, 177
340, 176
338, 174
338, 173
337, 172
337, 171
335, 169
335, 168
334, 167
334, 166
332, 164
332, 163
331, 162
331, 161
329, 159
329, 158
328, 157
328, 156
327, 155
327, 154
326, 153
326, 152
324, 150
324, 149
323, 148
323, 147
322, 146
322, 145
321, 144
321, 143
320, 142
320, 141
318, 139
318, 138
317, 137
317, 136
316, 135
316, 134
315, 133
315, 132
314, 131
314, 130
313, 129
313, 128
312, 127
312, 126
311, 125
311, 124
310, 123
310, 122
309, 121
309, 120
307, 118
307, 117
306, 116
306, 115
305, 114
305, 113
304, 112
304, 111
303, 110
303, 109
302, 108
302, 107
301, 106
301, 105
300, 104
300, 103
301, 102
304, 102
306, 100
306, 99
305, 98
305, 95
304, 94
304, 92
303, 91
303, 90
302, 89
302, 88
301, 87
301, 85
300, 84
300, 83
299, 82
299, 80
298, 79
298, 77
300, 75
301, 75
302, 76
304, 76
306, 78
307, 78
309, 80
310, 80
313, 83
314, 83
318, 87
319, 87
325, 93
326, 93
335, 102
336, 102
341, 107
342, 107
346, 111
346, 112
364, 130
364, 131
367, 134
367, 135
370, 138
370, 139
373, 142
373, 143
376, 146
376, 147
382, 153
382, 154
390, 162
391, 162
394, 165
395, 165
396, 166
397, 166
399, 164
399, 161
395, 157
395, 156
390, 151
390, 150
382, 142
382, 141
374, 133
374, 132
370, 128
370, 127
368, 125
368, 124
366, 122
366, 121
364, 119
364, 118
362, 116
362, 115
361, 114
361, 113
359, 111
359, 110
358, 109
358, 108
357, 107
357, 106
355, 104
355, 103
354, 102
354, 101
353, 100
353, 99
352, 98
352, 97
350, 95
350, 94
349, 93
349, 92
348, 91
348, 90
347, 89
347, 88
346, 87
346, 86
345, 85
345, 84
343, 82
343, 81
342, 80
342, 79
341, 78
341, 77
339, 75
339, 74
338, 73
338, 72
337, 71
337, 70
336, 69
336, 68
335, 67
335, 66
334, 65
334, 64
332, 62
332, 61
331, 60
331, 59
330, 58
330, 57
328, 55
328, 54
327, 53
327, 52
326, 51
326, 50
325, 49
325, 48
324, 47
324, 46
322, 44
322, 43
321, 42
321, 41
320, 40
320, 39
319, 38
319, 37
318, 36
318, 35
317, 34
317, 33
316, 32
316, 31
315, 30
315, 29
316, 28
321, 33
321, 34
326, 39
326, 40
330, 44
330, 45
333, 48
333, 49
336, 52
336, 53
339, 56
339, 57
342, 60
342, 61
345, 64
345, 65
347, 67
347, 68
350, 71
350, 72
352, 74
352, 75
353, 76
353, 77
355, 79
357, 79
358, 78
359, 78
359, 74
358, 73
358, 72
359, 71
360, 71
366, 77
367, 77
376, 86
377, 86
393, 102
393, 103
401, 111
401, 112
403, 114
403, 115
405, 117
405, 118
407, 120
407, 121
408, 122
408, 123
409, 124
409, 125
412, 128
412, 129
415, 132
415, 133
417, 135
417, 136
427, 146
428, 146
429, 147
430, 147
431, 148
433, 148
434, 149
436, 149
437, 148
438, 148
438, 144
437, 143
437, 142
428, 133
428, 132
421, 125
421, 124
411, 114
411, 113
407, 109
407, 108
404, 105
404, 104
403, 103
403, 102
402, 101
402, 100
401, 99
401, 98
399, 96
399, 95
398, 94
398, 93
397, 92
397, 91
396, 90
396, 89
394, 87
394, 86
393, 85
393, 84
392, 83
392, 82
391, 81
391, 80
390, 79
390, 78
389, 77
389, 76
388, 75
388, 74
386, 72
386, 71
385, 70
385, 69
384, 68
384, 67
383, 66
383, 65
382, 64
382, 63
381, 62
381, 61
380, 60
380, 59
379, 58
379, 57
378, 56
378, 55
377, 54
377, 53
376, 52
376, 50
375, 49
375, 48
374, 47
374, 46
373, 45
373, 43
372, 42
372, 39
371, 38
371, 36
370, 35
370, 34
368, 32
367, 32
366, 33
365, 33
364, 34
364, 37
365, 38
365, 39
366, 40
366, 42
367, 43
367, 46
368, 47
368, 48
369, 49
369, 50
370, 51
370, 53
371, 54
371, 55
372, 56
372, 57
373, 58
373, 59
374, 60
374, 61
375, 62
375, 63
376, 64
376, 65
377, 66
377, 67
378, 68
378, 69
379, 70
379, 71
380, 72
380, 73
381, 74
381, 75
382, 76
382, 77
383, 78
383, 79
384, 80
384, 81
386, 83
386, 84
385, 85
384, 85
373, 74
372, 74
366, 68
365, 68
361, 64
360, 64
356, 60
355, 60
353, 58
352, 58
351, 57
349, 57
348, 56
347, 56
342, 51
342, 50
339, 47
339, 46
336, 43
336, 42
334, 40
334, 39
329, 34
329, 33
324, 28
324, 27
315, 18
314, 18
312, 16
311, 16
310, 15
307, 15
305, 17
305, 22
306, 23
306, 24
307, 25
307, 27
308, 28
308, 29
309, 30
309, 31
310, 32
310, 33
311, 34
311, 35
312, 36
312, 37
313, 38
313, 39
314, 40
314, 41
315, 42
315, 43
316, 44
316, 45
317, 46
317, 47
318, 48
318, 49
319, 50
319, 51
320, 52
320, 53
322, 55
322, 56
323, 57
323, 58
324, 59
324, 60
326, 62
326, 63
327, 64
327, 65
328, 66
328, 67
329, 68
329, 69
331, 71
331, 72
332, 73
332, 74
333, 75
333, 76
334, 77
334, 78
335, 79
335, 80
337, 82
337, 83
338, 84
338, 85
339, 86
339, 87
340, 88
340, 89
342, 91
342, 92
343, 93
343, 94
344, 95
344, 96
345, 97
345, 98
346, 99
346, 100
347, 101
347, 102
346, 103
342, 99
341, 99
332, 90
331, 90
328, 87
327, 87
320, 80
319, 80
315, 76
314, 76
312, 74
311, 74
309, 72
308, 72
307, 71
306, 71
305, 70
303, 70
302, 69
298, 69
297, 70
296, 70
292, 74
291, 73
291, 72
289, 70
289, 69
287, 67
287, 66
285, 64
285, 63
284, 62
284, 61
283, 60
283, 59
282, 58
282, 57
280, 55
280, 54
278, 52
278, 51
277, 50
277, 49
276, 48
276, 47
275, 46
275, 45
273, 43
273, 42
272, 41
272, 40
270, 38
270, 37
269, 36
269, 35
268, 34
268, 33
267, 32
267, 31
266, 30
266, 29
264, 27
264, 26
263, 25
263, 24
262, 23
262, 22
260, 20
260, 19
259, 18
259, 17
256, 14
241, 175
242, 174
248, 180
248, 181
256, 189
256, 190
260, 194
260, 195
263, 198
262, 199
261, 199
258, 196
257, 196
250, 189
250, 188
247, 185
247, 184
244, 181
244, 180
242, 178
242, 177
241, 176
268, 168
268, 169
275, 176
275, 177
278, 180
278, 181
281, 184
281, 185
284, 188
284, 189
287, 192
287, 193
289, 195
276, 185
276, 184
273, 181
273, 180
268, 175
268, 174
266, 172
266, 171
262, 167
262, 166
260, 164
260, 163
259, 162
179, 157
180, 156
193, 169
193, 170
198, 175
198, 176
201, 179
201, 180
203, 182
203, 183
205, 185
205, 186
206, 187
206, 188
207, 189
207, 190
208, 191
208, 192
207, 193
206, 192
205, 192
204, 191
203, 191
190, 178
190, 177
187, 174
187, 173
185, 171
185, 170
184, 169
184, 168
183, 167
183, 166
181, 164
181, 163
180, 162
180, 160
179, 159
297, 93
295, 94
296, 91
294, 92
295, 89
293, 90
