4, 2
496, 4
494, 369
2, 367
156, 117
141, 132
141, 133
134, 140
134, 141
124, 151
124, 152
115, 161
115, 162
104, 173
104, 174
93, 185
93, 186
79, 200
79, 201
67, 213
67, 214
55, 226
55, 227
44, 238
44, 239
38, 245
38, 246
34, 250
34, 251
31, 254
31, 255
28, 258
28, 259
26, 261
26, 262
25, 263
25, 264
23, 266
23, 267
22, 268
22, 269
21, 270
21, 273
22, 273
23, 274
24, 274
28, 270
28, 267
29, 266
29, 265
31, 263
31, 262
34, 259
34, 258
37, 255
37, 254
40, 251
40, 250
45, 245
45, 244
55, 234
55, 233
67, 221
67, 220
80, 207
80, 206
94, 192
94, 191
105, 180
105, 179
116, 168
116, 167
125, 158
125, 157
135, 147
135, 146
143, 138
143, 137
157, 123
157, 122
160, 119
159, 118
159, 117
402, 113
401, 114
400, 114
394, 120
394, 121
393, 122
392, 122
368, 146
367, 146
359, 154
358, 154
352, 160
351, 160
348, 163
347, 163
344, 166
343, 166
340, 169
339, 169
336, 172
335, 172
333, 174
332, 174
330, 176
329, 176
327, 178
326, 178
325, 179
324, 179
322, 181
321, 181
320, 182
319, 182
317, 184
316, 184
315, 185
314, 185
312, 187
311, 187
310, 188
309, 188
308, 189
307, 189
306, 190
305, 190
304, 191
303, 191
302, 192
301, 192
300, 193
299, 193
298, 194
297, 194
296, 195
295, 195
294, 196
293, 196
292, 197
291, 197
290, 198
289, 198
288, 199
287, 199
286, 200
285, 200
284, 201
282, 201
281, 202
280, 202
279, 203
278, 203
277, 204
276, 204
275, 205
273, 205
272, 206
271, 206
270, 207
269, 207
268, 208
266, 208
265, 209
263, 209
262, 210
259, 210
258, 211
253, 211
252, 212
251, 212
250, 211
248, 211
245, 208
245, 207
244, 206
244, 200
245, 199
245, 197
246, 196
246, 194
247, 193
247, 192
250, 189
250, 188
261, 177
261, 176
265, 172
265, 171
266, 170
266, 168
265, 167
263, 167
262, 168
260, 168
259, 169
258, 169
254, 173
254, 174
251, 177
251, 178
249, 180
249, 181
248, 182
248, 183
247, 184
247, 185
245, 187
245, 188
241, 192
240, 192
236, 196
235, 196
233, 198
232, 198
230, 200
229, 200
228, 201
227, 201
226, 202
225, 202
224, 203
223, 203
222, 204
217, 204
214, 201
214, 200
213, 199
213, 197
212, 196
212, 189
213, 188
213, 186
214, 185
214, 184
215, 183
215, 182
216, 181
216, 180
227, 169
228, 169
234, 163
234, 162
232, 160
231, 160
230, 161
229, 161
227, 163
226, 163
217, 172
217, 173
205, 185
204, 185
189, 200
188, 200
183, 205
182, 205
177, 210
176, 210
174, 212
173, 212
171, 214
170, 214
168, 216
167, 216
165, 218
164, 218
163, 219
162, 219
161, 220
160, 220
159, 221
157, 221
156, 222
154, 222
151, 219
151, 216
150, 215
150, 211
151, 210
151, 206
152, 205
152, 203
153, 202
153, 200
154, 199
154, 197
155, 196
155, 195
156, 194
156, 192
157, 191
157, 190
158, 189
158, 188
159, 187
159, 186
160, 185
160, 184
162, 182
162, 181
163, 180
163, 179
165, 177
165, 176
166, 175
166, 174
168, 172
168, 171
170, 169
170, 168
171, 167
171, 166
172, 165
172, 164
173, 163
173, 162
174, 161
174, 159
175, 158
175, 157
174, 156
171, 156
170, 157
169, 157
166, 160
165, 160
162, 163
161, 163
158, 166
157, 166
152, 171
151, 171
146, 176
145, 176
137, 184
136, 184
128, 192
127, 192
108, 211
108, 212
105, 215
105, 218
106, 219
107, 218
108, 218
109, 217
109, 216
133, 192
134, 192
143, 183
144, 183
150, 177
151, 177
157, 171
158, 171
162, 167
163, 167
165, 165
166, 165
167, 166
166, 167
166, 168
164, 170
164, 171
163, 172
163, 173
161, 175
161, 176
160, 177
160, 178
158, 180
158, 181
157, 182
157, 183
156, 184
156, 185
155, 186
155, 187
154, 188
154, 189
153, 190
153, 191
152, 192
152, 193
151, 194
151, 196
150, 197
150, 199
149, 200
149, 202
148, 203
148, 206
147, 207
147, 219
148, 220
148, 222
151, 225
159, 225
160, 224
161, 224
162, 223
163, 223
164, 222
165, 222
166, 221
167, 221
168, 220
169, 220
171, 218
172, 218
174, 216
175, 216
177, 214
178, 214
181, 211
182, 211
187, 206
188, 206
198, 196
199, 196
207, 188
208, 188
209, 189
209, 190
208, 191
208, 194
209, 195
209, 199
210, 200
210, 202
211, 203
211, 204
213, 206
214, 206
215, 207
216, 207
217, 208
222, 208
223, 207
225, 207
226, 206
227, 206
228, 205
229, 205
230, 204
231, 204
233, 202
234, 202
236, 200
237, 200
239, 198
240, 198
241, 199
241, 200
240, 201
240, 206
241, 207
241, 209
242, 210
242, 211
245, 214
246, 214
247, 215
258, 215
259, 214
262, 214
263, 213
265, 213
266, 212
268, 212
269, 211
271, 211
272, 210
273, 210
274, 209
275, 209
276, 208
277, 208
278, 207
280, 207
281, 206
282, 206
283, 205
284, 205
285, 204
286, 204
287, 203
288, 203
289, 202
290, 202
291, 201
292, 201
293, 200
294, 200
295, 199
296, 199
297, 198
298, 198
299, 197
301, 197
302, 196
303, 196
304, 195
305, 195
306, 194
307, 194
308, 193
309, 193
311, 191
312, 191
313, 190
314, 190
315, 189
316, 189
318, 187
319, 187
320, 186
321, 186
322, 185
323, 185
325, 183
326, 183
328, 181
329, 181
330, 180
331, 180
333, 178
334, 178
336, 176
337, 176
340, 173
341, 173
343, 171
344, 171
347, 168
348, 168
351, 165
352, 165
356, 161
357, 161
365, 153
366, 153
374, 145
375, 147
375, 148
373, 150
373, 151
371, 153
371, 154
369, 156
369, 157
366, 160
366, 161
364, 163
364, 164
361, 167
361, 168
359, 170
359, 171
357, 173
357, 174
355, 176
355, 177
352, 180
352, 181
350, 183
350, 184
347, 187
347, 188
345, 190
345, 191
342, 194
342, 195
340, 197
340, 198
337, 201
337, 202
334, 205
334, 206
332, 208
332, 209
329, 212
329, 213
326, 216
326, 217
323, 220
323, 221
320, 224
320, 225
317, 228
317, 229
314, 232
314, 233
311, 236
311, 237
308, 240
308, 241
305, 244
305, 245
302, 248
302, 249
299, 252
299, 253
296, 256
296, 257
293, 260
293, 261
291, 263
291, 264
288, 267
288, 268
286, 270
286, 271
284, 273
284, 274
282, 276
282, 277
280, 279
280, 280
278, 282
278, 283
277, 284
277, 285
275, 287
275, 288
274, 289
274, 290
272, 292
272, 293
271, 294
271, 295
270, 296
270, 297
269, 298
269, 299
268, 300
268, 301
267, 302
267, 303
266, 304
266, 305
265, 306
265, 307
264, 308
264, 312
265, 313
270, 313
271, 312
272, 312
274, 310
275, 310
282, 303
282, 302
286, 298
286, 297
288, 295
288, 294
290, 292
290, 291
292, 289
292, 288
295, 285
295, 284
296, 283
296, 282
298, 280
298, 279
300, 277
300, 276
302, 274
302, 273
304, 271
304, 270
306, 268
306, 267
307, 266
307, 265
309, 263
309, 262
312, 259
316, 263
317, 263
318, 264
320, 264
321, 265
338, 265
339, 264
344, 264
345, 263
348, 263
349, 262
353, 262
354, 261
356, 261
357, 260
360, 260
361, 259
363, 259
364, 258
366, 258
367, 257
369, 257
370, 256
371, 256
372, 255
374, 255
375, 254
376, 254
377, 253
379, 253
380, 252
382, 252
383, 251
384, 251
385, 250
386, 251
386, 252
383, 255
383, 256
380, 259
380, 260
376, 264
376, 265
373, 268
373, 269
370, 272
370, 273
368, 275
368, 276
366, 278
366, 279
363, 282
363, 283
362, 284
362, 285
360, 287
360, 288
358, 290
358, 291
356, 293
356, 294
355, 295
355, 296
354, 297
354, 298
352, 300
352, 301
351, 302
351, 303
350, 304
350, 305
349, 306
349, 307
348, 308
348, 309
347, 310
347, 311
346, 312
346, 313
345, 314
345, 315
344, 316
344, 317
343, 318
343, 319
342, 320
342, 322
341, 323
341, 325
340, 326
340, 328
339, 329
339, 332
340, 333
340, 334
341, 334
342, 335
343, 335
344, 334
346, 334
347, 333
348, 333
349, 332
350, 332
356, 326
357, 326
361, 322
361, 321
370, 312
370, 311
378, 303
379, 304
387, 304
388, 303
390, 303
391, 302
392, 302
393, 301
394, 301
395, 300
396, 300
397, 299
398, 299
399, 298
400, 298
401, 297
402, 297
403, 296
404, 296
406, 294
407, 294
408, 293
409, 293
410, 292
411, 292
413, 290
414, 290
415, 289
416, 289
417, 288
418, 288
420, 286
421, 286
423, 284
424, 284
426, 282
427, 282
428, 281
429, 281
431, 279
432, 279
434, 277
435, 277
437, 275
438, 275
440, 273
441, 274
441, 275
437, 279
437, 280
434, 283
434, 284
430, 288
430, 289
428, 291
428, 292
426, 294
426, 295
424, 297
424, 298
422, 300
422, 301
420, 303
420, 304
419, 305
419, 306
418, 307
418, 308
416, 310
416, 311
415, 312
415, 313
414, 314
414, 315
413, 316
413, 317
411, 319
411, 321
410, 322
410, 323
408, 325
408, 326
407, 327
407, 328
406, 329
406, 330
405, 331
405, 332
404, 333
404, 334
403, 335
403, 336
400, 339
400, 340
399, 341
399, 342
398, 343
398, 344
397, 345
397, 346
392, 351
392, 353
393, 354
395, 354
398, 351
398, 350
401, 347
401, 346
402, 345
402, 344
403, 343
403, 342
404, 341
404, 340
407, 337
407, 335
408, 334
408, 333
409, 332
409, 331
411, 329
411, 328
412, 327
412, 326
413, 325
413, 324
414, 323
414, 322
415, 321
415, 320
416, 319
416, 318
417, 317
417, 316
419, 314
419, 313
420, 312
420, 311
421, 310
421, 309
423, 307
423, 306
424, 305
424, 304
426, 302
426, 301
428, 299
428, 298
430, 296
430, 295
432, 293
432, 292
435, 289
435, 288
438, 285
438, 284
442, 280
442, 279
447, 274
447, 273
452, 268
452, 267
457, 262
457, 261
475, 243
475, 239
472, 239
452, 259
451, 259
446, 264
445, 264
441, 268
440, 268
437, 271
436, 271
434, 273
433, 273
431, 275
430, 275
428, 277
427, 277
425, 279
424, 279
423, 280
422, 280
420, 282
419, 282
417, 284
416, 284
415, 285
414, 285
412, 287
411, 287
410, 288
409, 288
408, 289
407, 289
405, 291
404, 291
403, 292
402, 292
401, 293
400, 293
399, 294
398, 294
397, 295
396, 295
395, 296
394, 296
393, 297
392, 297
391, 298
390, 298
389, 299
388, 299
387, 300
384, 300
383, 301
381, 299
383, 297
383, 296
386, 293
386, 292
388, 290
388, 287
387, 286
385, 286
383, 288
382, 288
380, 290
380, 291
379, 292
379, 293
378, 294
378, 295
377, 296
377, 297
376, 298
376, 299
370, 305
370, 306
364, 312
364, 313
352, 325
351, 325
347, 329
346, 329
345, 330
344, 330
343, 329
344, 328
344, 326
345, 325
345, 323
346, 322
346, 320
347, 319
347, 318
348, 317
348, 316
349, 315
349, 314
350, 313
350, 312
351, 311
351, 310
352, 309
352, 308
353, 307
353, 306
355, 304
355, 303
356, 302
356, 301
357, 300
357, 299
359, 297
359, 296
360, 295
360, 294
362, 292
362, 291
364, 289
364, 288
365, 287
365, 286
368, 283
368, 282
370, 280
370, 279
372, 277
372, 276
375, 273
375, 272
377, 270
377, 269
381, 265
381, 264
384, 261
384, 260
388, 256
388, 255
391, 252
391, 251
398, 244
399, 244
400, 243
401, 243
402, 242
403, 242
404, 241
406, 241
408, 239
409, 239
410, 238
411, 238
412, 237
413, 237
415, 235
416, 235
417, 234
418, 234
422, 230
422, 228
421, 228
420, 227
414, 227
413, 228
411, 228
410, 229
409, 229
407, 231
406, 231
404, 233
403, 233
394, 242
393, 242
392, 243
391, 243
390, 244
389, 244
388, 245
387, 245
386, 246
385, 246
384, 247
382, 247
381, 248
380, 248
379, 249
377, 249
376, 250
375, 250
374, 251
372, 251
371, 252
369, 252
368, 253
367, 253
366, 254
364, 254
363, 255
361, 255
360, 256
358, 256
357, 257
354, 257
353, 258
350, 258
349, 259
346, 259
345, 260
341, 260
340, 261
332, 261
331, 262
326, 262
325, 261
321, 261
320, 260
319, 260
318, 259
317, 259
315, 257
315, 256
314, 255
314, 254
315, 253
315, 252
316, 251
316, 250
317, 249
317, 248
318, 247
318, 246
319, 245
319, 243
320, 242
320, 240
319, 239
317, 239
315, 241
314, 241
313, 240
316, 237
316, 236
319, 233
319, 232
321, 230
321, 229
324, 226
324, 225
327, 222
327, 221
330, 218
330, 217
333, 214
333, 213
336, 210
336, 209
339, 206
339, 205
341, 203
341, 202
344, 199
344, 198
346, 196
346, 195
349, 192
349, 191
351, 189
351, 188
354, 185
354, 184
356, 182
356, 181
359, 178
359, 177
361, 175
361, 174
363, 172
363, 171
366, 168
366, 167
368, 165
368, 164
370, 162
370, 161
373, 158
373, 157
375, 155
375, 154
377, 152
377, 151
379, 149
379, 148
382, 145
382, 144
385, 141
385, 140
388, 137
388, 136
391, 133
391, 132
394, 129
394, 128
399, 123
399, 122
402, 119
402, 118
404, 116
404, 115
310, 245
311, 248
310, 249
310, 253
309, 254
309, 255
308, 256
308, 257
307, 258
307, 259
305, 261
305, 262
303, 264
303, 265
302, 266
302, 267
300, 269
300, 270
298, 272
298, 273
296, 275
296, 276
294, 278
294, 279
293, 280
293, 281
291, 283
291, 284
288, 287
288, 288
286, 290
286, 291
284, 293
284, 294
281, 297
281, 298
271, 308
270, 308
269, 307
269, 306
270, 305
270, 304
271, 303
271, 302
272, 301
272, 300
273, 299
273, 298
274, 297
274, 296
276, 294
276, 293
277, 292
277, 291
279, 289
279, 288
280, 287
280, 286
282, 284
282, 283
284, 281
284, 280
286, 278
286, 277
288, 275
288, 274
290, 272
290, 271
292, 269
292, 268
295, 265
295, 264
297, 262
297, 261
300, 258
300, 257
303, 254
303, 253
306, 250
306, 249
312, 244
310, 245
291, 15
290, 16
280, 16
279, 17
272, 17
271, 18
267, 18
266, 19
261, 19
260, 20
255, 20
254, 21
249, 21
248, 22
244, 22
243, 23
239, 23
238, 24
234, 24
233, 25
229, 25
228, 26
224, 26
223, 27
220, 27
219, 28
215, 28
214, 29
211, 29
210, 30
207, 30
206, 31
203, 31
202, 32
199, 32
198, 33
195, 33
194, 34
191, 34
190, 35
187, 35
186, 36
183, 36
182, 37
179, 37
178, 38
176, 38
175, 39
172, 39
171, 40
168, 40
167, 41
165, 41
164, 42
161, 42
160, 43
157, 43
156, 44
154, 44
153, 45
151, 45
150, 46
148, 46
147, 47
145, 47
144, 48
142, 48
141, 49
139, 49
138, 50
136, 50
135, 51
134, 51
133, 52
131, 52
130, 53
128, 53
127, 54
126, 54
125, 55
123, 55
122, 56
120, 56
119, 57
118, 57
117, 58
116, 58
115, 59
114, 59
113, 60
112, 60
111, 61
109, 61
108, 62
107, 62
106, 63
105, 63
104, 64
103, 64
102, 65
101, 65
100, 66
99, 66
98, 67
97, 67
96, 68
95, 68
94, 69
93, 69
92, 70
91, 70
89, 72
88, 72
87, 73
86, 73
84, 75
83, 75
82, 76
81, 76
79, 78
78, 78
76, 80
75, 80
73, 82
72, 82
69, 85
68, 85
58, 95
58, 96
57, 97
57, 98
56, 99
56, 100
57, 101
60, 101
60, 100
61, 99
61, 98
71, 88
72, 88
75, 85
76, 85
78, 83
79, 83
81, 81
82, 81
84, 79
85, 79
86, 78
87, 78
89, 76
90, 76
91, 75
92, 75
93, 74
94, 74
96, 72
97, 72
98, 71
99, 71
100, 70
101, 70
102, 69
103, 69
104, 68
105, 68
106, 67
107, 67
108, 66
110, 66
111, 65
112, 65
113, 64
114, 64
115, 63
116, 63
117, 62
118, 62
119, 61
120, 61
121, 60
123, 60
124, 59
126, 59
127, 58
128, 58
129, 57
131, 57
132, 56
134, 56
135, 55
136, 55
137, 54
139, 54
140, 53
142, 53
143, 52
145, 52
146, 51
148, 51
149, 50
151, 50
152, 49
154, 49
155, 48
157, 48
158, 47
161, 47
162, 46
164, 46
165, 45
168, 45
169, 44
172, 44
173, 43
175, 43
176, 42
179, 42
180, 41
183, 41
184, 40
187, 40
188, 39
190, 39
191, 38
194, 38
195, 37
198, 37
199, 36
202, 36
203, 35
206, 35
207, 34
211, 34
212, 33
215, 33
216, 32
219, 32
220, 31
224, 31
225, 30
229, 30
230, 29
233, 29
234, 28
238, 28
239, 27
243, 27
244, 26
248, 26
249, 25
254, 25
255, 24
260, 24
261, 23
266, 23
267, 22
272, 22
273, 21
279, 21
280, 20
290, 20
291, 19
295, 19
296, 20
299, 20
301, 22
301, 24
304, 24
305, 23
305, 22
304, 21
304, 19
303, 18
303, 17
302, 17
301, 16
296, 16
295, 15
