344, 2
346, 367
4, 369
2, 4
327, 120
326, 121
325, 121
323, 123
322, 123
318, 127
317, 127
313, 131
313, 132
307, 138
307, 139
303, 143
303, 144
301, 146
301, 147
299, 149
299, 150
297, 152
297, 153
295, 155
295, 156
287, 164
286, 164
283, 167
282, 167
279, 170
278, 170
276, 172
275, 172
273, 174
272, 174
271, 175
270, 175
269, 176
268, 176
267, 177
266, 177
265, 178
264, 178
263, 179
261, 179
260, 180
259, 180
258, 181
255, 181
254, 182
248, 182
247, 181
245, 181
242, 178
242, 177
241, 176
241, 175
240, 174
240, 168
239, 167
240, 166
240, 160
241, 159
241, 157
245, 153
245, 152
248, 149
248, 148
249, 147
249, 145
248, 144
245, 144
241, 148
241, 149
240, 150
240, 151
239, 152
239, 153
235, 157
235, 158
229, 164
228, 164
222, 170
221, 170
218, 173
217, 173
215, 175
214, 175
212, 177
211, 177
210, 178
209, 178
208, 179
207, 179
206, 180
205, 180
204, 181
202, 181
201, 182
196, 182
192, 178
192, 170
193, 169
193, 167
199, 161
199, 160
203, 156
203, 155
207, 151
207, 150
209, 148
209, 147
212, 144
212, 143
214, 141
214, 140
216, 138
216, 137
217, 136
217, 134
216, 133
214, 133
213, 134
212, 134
211, 135
210, 135
207, 138
206, 138
205, 139
205, 140
201, 144
201, 145
198, 148
198, 149
196, 151
196, 152
195, 153
195, 154
194, 155
194, 156
193, 157
193, 158
192, 159
192, 160
191, 161
191, 162
190, 163
190, 164
179, 175
178, 175
174, 179
173, 179
171, 181
170, 181
168, 183
167, 183
166, 184
165, 184
163, 186
162, 186
161, 187
160, 187
159, 188
158, 188
157, 189
155, 189
154, 190
152, 190
151, 191
144, 191
143, 190
143, 189
142, 188
142, 182
143, 181
143, 179
144, 178
144, 177
149, 172
149, 171
155, 165
155, 164
158, 161
158, 160
161, 157
161, 156
164, 153
164, 152
167, 149
167, 148
168, 147
168, 145
167, 144
165, 144
164, 145
163, 145
161, 147
160, 147
153, 154
153, 155
149, 159
149, 160
147, 162
147, 163
145, 165
145, 166
144, 167
144, 168
143, 169
143, 170
142, 171
142, 172
141, 173
141, 174
128, 187
127, 187
123, 191
122, 191
119, 194
118, 194
116, 196
115, 196
113, 198
112, 198
110, 200
109, 200
108, 201
107, 201
105, 203
104, 203
103, 204
101, 204
100, 205
99, 205
98, 206
95, 206
94, 207
92, 207
91, 206
90, 206
87, 203
87, 201
86, 200
86, 193
87, 192
87, 189
88, 188
88, 186
89, 185
89, 184
90, 183
90, 182
91, 181
91, 180
93, 178
93, 177
94, 176
94, 175
95, 174
95, 173
96, 172
96, 171
97, 170
97, 169
99, 167
99, 166
100, 165
100, 163
101, 162
101, 161
102, 160
102, 156
103, 155
103, 153
101, 151
100, 151
98, 153
97, 153
90, 160
90, 161
75, 176
75, 178
76, 179
78, 179
93, 164
93, 163
94, 162
95, 162
96, 163
95, 164
95, 165
94, 166
94, 167
93, 168
93, 169
92, 170
92, 171
91, 172
91, 173
90, 174
90, 175
88, 177
88, 178
87, 179
87, 180
86, 181
86, 182
85, 183
85, 184
84, 185
84, 187
83, 188
83, 192
82, 193
82, 201
83, 202
83, 204
84, 205
84, 206
88, 210
91, 210
92, 211
94, 211
95, 210
98, 210
99, 209
101, 209
102, 208
104, 208
105, 207
106, 207
107, 206
108, 206
110, 204
111, 204
112, 203
113, 203
115, 201
116, 201
118, 199
119, 199
121, 197
122, 197
125, 194
126, 194
131, 189
132, 189
136, 185
137, 185
138, 186
138, 189
139, 190
139, 191
140, 192
140, 193
141, 194
142, 194
143, 195
152, 195
153, 194
155, 194
156, 193
157, 193
158, 192
160, 192
161, 191
162, 191
163, 190
164, 190
165, 189
166, 189
168, 187
169, 187
170, 186
171, 186
173, 184
174, 184
177, 181
178, 181
182, 177
183, 177
186, 174
187, 174
188, 175
188, 178
189, 179
189, 181
193, 185
194, 185
195, 186
201, 186
202, 185
204, 185
205, 184
207, 184
208, 183
209, 183
210, 182
211, 182
212, 181
213, 181
215, 179
216, 179
217, 178
218, 178
220, 176
221, 176
224, 173
225, 173
232, 166
233, 166
234, 165
235, 165
236, 166
236, 174
237, 175
237, 177
238, 178
238, 179
239, 180
239, 181
242, 184
243, 184
244, 185
247, 185
248, 186
253, 186
254, 185
258, 185
259, 184
261, 184
262, 183
264, 183
265, 182
266, 182
267, 181
268, 181
269, 180
270, 180
271, 179
272, 179
273, 178
274, 178
275, 177
276, 177
278, 175
279, 175
281, 173
282, 173
283, 174
282, 175
282, 176
280, 178
280, 179
279, 180
279, 181
277, 183
277, 184
275, 186
275, 187
274, 188
274, 189
272, 191
272, 192
271, 193
271, 194
269, 196
269, 197
268, 198
268, 199
266, 201
266, 202
265, 203
265, 204
264, 205
264, 206
262, 208
262, 209
261, 210
261, 211
260, 212
260, 213
258, 215
258, 216
257, 217
257, 218
256, 219
256, 220
255, 221
255, 222
253, 224
253, 225
252, 226
252, 227
251, 228
251, 229
250, 230
250, 231
249, 232
249, 233
247, 235
247, 236
246, 237
246, 238
245, 239
245, 240
244, 241
244, 242
243, 243
243, 244
242, 245
242, 246
241, 247
241, 248
240, 249
240, 250
238, 252
238, 253
237, 254
237, 255
236, 256
236, 257
235, 258
235, 259
234, 260
234, 261
233, 262
233, 263
232, 264
232, 265
231, 266
231, 267
229, 269
229, 270
228, 271
228, 272
227, 273
227, 274
226, 275
226, 276
225, 277
225, 278
224, 279
224, 280
222, 282
222, 283
221, 284
221, 285
220, 286
220, 287
218, 289
218, 290
217, 291
217, 292
216, 293
216, 294
214, 296
214, 297
213, 298
213, 299
212, 300
212, 301
210, 303
210, 304
209, 305
209, 306
208, 307
208, 308
207, 309
207, 310
205, 312
205, 313
204, 314
204, 315
203, 316
203, 317
202, 318
202, 319
201, 320
201, 321
200, 322
200, 323
199, 324
199, 325
198, 326
198, 327
197, 328
197, 329
196, 330
196, 331
195, 332
195, 333
194, 334
194, 335
193, 336
193, 337
192, 338
192, 339
191, 340
191, 341
190, 342
190, 344
189, 345
189, 346
188, 347
188, 348
187, 349
187, 351
186, 352
186, 353
187, 354
190, 354
191, 353
191, 352
192, 351
192, 350
193, 349
193, 348
194, 347
194, 346
195, 345
195, 344
196, 343
196, 342
197, 341
197, 340
198, 339
198, 338
199, 337
199, 336
200, 335
200, 334
201, 333
201, 332
202, 331
202, 330
203, 329
203, 328
204, 327
204, 326
205, 325
205, 324
206, 323
206, 322
207, 321
207, 320
208, 319
208, 318
209, 317
209, 316
210, 315
210, 314
211, 313
211, 312
212, 311
212, 310
214, 308
214, 307
215, 306
215, 305
216, 304
216, 303
217, 302
217, 301
218, 300
218, 299
219, 298
219, 297
220, 296
220, 295
221, 294
221, 293
222, 292
222, 291
224, 289
224, 288
225, 287
225, 286
227, 284
227, 283
230, 280
230, 279
234, 275
235, 275
237, 277
245, 277
246, 276
247, 276
248, 275
249, 275
250, 274
251, 274
252, 273
253, 273
254, 272
255, 272
256, 271
257, 271
259, 269
260, 269
262, 267
263, 267
265, 265
266, 265
269, 262
270, 262
274, 258
275, 258
277, 256
278, 257
278, 258
276, 260
276, 261
274, 263
274, 264
271, 267
271, 268
269, 270
269, 271
267, 273
267, 274
265, 276
265, 277
263, 279
263, 280
261, 282
261, 283
259, 285
259, 286
257, 288
257, 289
255, 291
255, 292
253, 294
253, 295
252, 296
252, 297
250, 299
250, 300
249, 301
249, 302
248, 303
248, 304
246, 306
246, 307
245, 308
245, 309
244, 310
244, 311
242, 313
242, 314
241, 315
241, 316
240, 317
240, 318
239, 319
239, 320
238, 321
238, 322
236, 324
236, 325
235, 326
235, 330
238, 330
239, 329
239, 328
240, 327
240, 326
242, 324
242, 323
244, 321
244, 320
247, 317
247, 316
249, 314
249, 313
254, 308
254, 307
258, 303
258, 302
261, 299
262, 300
262, 303
263, 304
263, 305
264, 306
270, 306
271, 305
273, 305
275, 303
276, 303
277, 302
278, 302
281, 299
282, 299
285, 296
286, 296
289, 293
290, 293
293, 290
294, 290
298, 286
299, 286
301, 287
299, 289
299, 290
298, 291
298, 292
296, 294
296, 295
295, 296
295, 297
293, 299
293, 300
292, 301
292, 302
290, 304
290, 305
289, 306
289, 307
287, 309
287, 310
286, 311
286, 312
285, 313
285, 314
284, 315
284, 316
283, 317
283, 318
282, 319
282, 320
281, 321
281, 322
280, 323
280, 325
279, 326
281, 328
282, 328
283, 327
283, 326
284, 325
284, 324
285, 323
285, 322
286, 321
286, 320
287, 319
287, 318
288, 317
288, 316
289, 315
289, 314
290, 313
290, 312
292, 310
292, 309
293, 308
293, 307
294, 306
294, 305
296, 303
296, 302
297, 301
297, 300
299, 298
299, 297
300, 296
300, 295
302, 293
302, 292
304, 290
304, 289
306, 287
306, 286
308, 284
308, 283
311, 280
311, 279
314, 276
314, 275
317, 272
317, 271
322, 266
322, 265
330, 257
330, 256
333, 253
333, 251
332, 250
330, 250
321, 259
321, 260
310, 271
309, 271
302, 278
301, 278
295, 284
294, 284
291, 287
290, 287
286, 291
285, 291
283, 293
282, 293
279, 296
278, 296
275, 299
274, 299
273, 300
272, 300
270, 302
267, 302
266, 301
266, 297
267, 296
267, 292
266, 291
266, 290
262, 288
263, 287
263, 286
266, 283
266, 282
268, 280
268, 279
270, 277
270, 276
272, 274
272, 273
274, 271
274, 270
276, 268
276, 267
278, 265
278, 264
281, 261
281, 260
283, 258
283, 257
285, 255
285, 254
287, 252
287, 251
289, 249
289, 248
291, 246
291, 245
294, 242
294, 241
298, 237
298, 236
304, 230
304, 229
306, 227
306, 225
305, 224
303, 224
296, 231
296, 232
278, 250
277, 250
272, 255
271, 255
266, 260
265, 260
263, 262
262, 262
259, 265
258, 265
257, 266
256, 266
254, 268
253, 268
252, 269
251, 269
250, 270
249, 270
248, 271
247, 271
246, 272
245, 272
244, 273
239, 273
236, 270
235, 270
234, 269
235, 268
235, 267
236, 266
236, 265
237, 264
237, 263
238, 262
238, 261
239, 260
239, 259
240, 258
240, 257
241, 256
241, 255
243, 253
243, 252
244, 251
244, 250
245, 249
245, 248
246, 247
246, 246
247, 245
247, 244
248, 243
248, 242
249, 241
249, 240
250, 239
250, 238
252, 236
252, 235
253, 234
253, 233
254, 232
254, 231
255, 230
255, 229
256, 228
256, 227
258, 225
258, 224
259, 223
259, 222
260, 221
260, 220
261, 219
261, 218
263, 216
263, 215
264, 214
264, 213
265, 212
265, 211
267, 209
267, 208
268, 207
268, 206
269, 205
269, 204
271, 202
271, 201
272, 200
272, 199
274, 197
274, 196
275, 195
275, 194
277, 192
277, 191
278, 190
278, 189
280, 187
280, 186
281, 185
281, 184
283, 182
283, 181
285, 179
285, 178
287, 176
287, 175
288, 174
288, 173
290, 171
290, 170
292, 168
292, 167
294, 165
294, 164
312, 146
312, 145
320, 137
320, 136
325, 131
325, 130
328, 127
328, 126
330, 124
330, 121
329, 120
123, 82
121, 84
121, 85
120, 86
120, 87
118, 89
118, 90
116, 92
116, 93
114, 95
114, 96
112, 98
112, 99
111, 100
111, 101
109, 103
109, 104
106, 107
106, 108
104, 110
104, 111
102, 113
102, 114
100, 116
100, 117
98, 119
98, 120
95, 123
95, 124
93, 126
93, 127
91, 129
91, 130
88, 133
88, 134
86, 136
86, 137
83, 140
83, 141
81, 143
81, 144
78, 147
78, 148
75, 151
75, 152
72, 155
72, 156
69, 159
69, 160
66, 163
66, 164
64, 166
64, 167
61, 170
61, 171
58, 174
58, 175
54, 179
54, 180
51, 183
51, 184
48, 187
48, 188
44, 192
44, 193
41, 196
41, 197
37, 201
37, 202
33, 206
33, 207
30, 210
30, 211
27, 214
27, 215
24, 218
24, 219
22, 221
22, 222
20, 224
20, 225
19, 226
19, 227
17, 229
17, 230
16, 231
16, 232
15, 233
15, 234
14, 235
14, 237
15, 238
18, 238
20, 236
20, 232
22, 230
22, 229
24, 227
24, 226
26, 224
26, 223
28, 221
28, 220
30, 218
30, 217
33, 214
33, 213
37, 209
37, 208
41, 204
41, 203
44, 200
44, 199
48, 195
48, 194
52, 190
52, 189
55, 186
55, 185
58, 182
58, 181
61, 178
61, 177
64, 174
64, 173
67, 170
67, 169
70, 166
70, 165
73, 162
73, 161
76, 158
76, 157
78, 155
78, 154
81, 151
81, 150
84, 147
84, 146
87, 143
87, 142
90, 139
90, 138
92, 136
92, 135
94, 133
94, 132
96, 130
96, 129
99, 126
99, 125
101, 123
101, 122
103, 120
103, 119
105, 117
105, 116
108, 113
108, 112
110, 110
110, 109
112, 107
112, 106
114, 104
114, 103
116, 101
116, 100
118, 98
118, 97
120, 95
120, 94
121, 93
121, 92
123, 90
123, 89
125, 87
125, 83
124, 82
208, 15
207, 16
199, 16
198, 17
191, 17
190, 18
184, 18
183, 19
178, 19
177, 20
172, 20
171, 21
166, 21
165, 22
162, 22
161, 23
157, 23
156, 24
153, 24
152, 25
148, 25
147, 26
144, 26
143, 27
140, 27
139, 28
136, 28
135, 29
133, 29
132, 30
129, 30
128, 31
126, 31
125, 32
123, 32
122, 33
120, 33
119, 34
117, 34
116, 35
114, 35
113, 36
112, 36
111, 37
109, 37
108, 38
106, 38
105, 39
104, 39
103, 40
101, 40
100, 41
99, 41
98, 42
97, 42
96, 43
95, 43
94, 44
92, 44
91, 45
90, 45
89, 46
88, 46
87, 47
86, 47
85, 48
84, 48
83, 49
82, 49
81, 50
80, 50
78, 52
77, 52
76, 53
75, 53
73, 55
72, 55
71, 56
70, 56
68, 58
67, 58
66, 59
65, 59
63, 61
62, 61
60, 63
59, 63
57, 65
56, 65
53, 68
52, 68
50, 70
50, 71
49, 72
51, 74
52, 74
55, 71
56, 71
59, 68
60, 68
62, 66
63, 66
65, 64
66, 64
68, 62
69, 62
70, 61
71, 61
73, 59
74, 59
75, 58
76, 58
78, 56
79, 56
80, 55
81, 55
82, 54
83, 54
85, 52
87, 52
88, 51
89, 51
90, 50
91, 50
92, 49
93, 49
94, 48
95, 48
96, 47
97, 47
98, 46
99, 46
100, 45
101, 45
102, 44
104, 44
105, 43
106, 43
107, 42
109, 42
110, 41
112, 41
113, 40
114, 40
115, 39
117, 39
118, 38
120, 38
121, 37
123, 37
124, 36
126, 36
127, 35
129, 35
130, 34
132, 34
133, 33
136, 33
137, 32
140, 32
141, 31
144, 31
145, 30
148, 30
149, 29
152, 29
153, 28
157, 28
158, 27
161, 27
162, 26
166, 26
167, 25
171, 25
172, 24
177, 24
178, 23
183, 23
184, 22
190, 22
191, 21
198, 21
199, 20
207, 20
208, 19
224, 19
225, 20
226, 20
228, 22
228, 24
229, 25
231, 25
232, 24
232, 21
231, 20
231, 19
228, 16
226, 16
225, 15
