4, 2
496, 4
494, 347
2, 345
422, 165
421, 166
420, 166
419, 167
418, 167
417, 168
416, 168
415, 169
414, 169
412, 171
411, 171
410, 172
409, 172
407, 174
406, 174
403, 177
402, 177
398, 181
397, 181
391, 187
390, 187
384, 193
384, 194
375, 203
375, 204
370, 209
370, 210
366, 214
366, 215
362, 219
362, 220
356, 226
355, 226
354, 227
353, 227
352, 228
351, 228
350, 229
349, 229
348, 230
347, 230
346, 231
345, 231
344, 232
343, 232
342, 233
341, 233
339, 235
338, 235
337, 236
336, 236
335, 237
333, 237
332, 238
331, 238
330, 239
329, 239
328, 240
326, 240
325, 241
324, 241
323, 242
322, 242
321, 243
320, 243
319, 244
318, 244
317, 245
316, 245
315, 246
313, 246
312, 247
311, 247
310, 248
308, 248
307, 249
306, 249
305, 250
303, 250
302, 251
301, 251
300, 252
299, 252
298, 253
296, 253
295, 254
293, 254
292, 255
290, 255
289, 256
286, 256
285, 257
275, 257
274, 256
273, 256
270, 253
270, 242
271, 241
271, 239
272, 238
272, 236
273, 235
273, 234
274, 233
274, 232
275, 231
275, 230
278, 227
279, 227
281, 225
282, 225
284, 223
285, 223
287, 221
288, 221
290, 219
291, 219
297, 213
298, 213
303, 208
304, 208
316, 196
316, 195
319, 192
319, 190
317, 188
315, 188
314, 187
313, 188
309, 188
308, 189
307, 189
306, 190
305, 190
304, 191
303, 191
301, 193
300, 193
289, 204
289, 205
285, 209
285, 210
283, 212
283, 213
280, 216
280, 217
277, 220
277, 221
276, 222
276, 223
273, 226
272, 226
271, 227
270, 227
269, 228
268, 228
266, 230
265, 230
264, 231
263, 231
262, 232
261, 232
260, 233
259, 233
258, 234
256, 234
255, 235
254, 235
253, 236
252, 236
251, 237
250, 237
249, 238
247, 238
246, 239
244, 239
243, 240
240, 240
239, 241
232, 241
230, 239
230, 238
235, 233
236, 233
242, 227
243, 227
262, 208
262, 207
268, 201
268, 200
271, 197
271, 196
272, 195
272, 194
273, 193
273, 189
267, 189
266, 190
265, 190
264, 191
263, 191
262, 192
261, 192
260, 193
259, 193
255, 197
254, 197
236, 215
236, 216
232, 220
232, 221
230, 223
230, 224
228, 226
228, 227
227, 228
227, 229
226, 230
226, 232
225, 233
225, 237
223, 239
222, 239
219, 242
218, 242
215, 245
214, 245
212, 247
211, 247
210, 248
209, 248
207, 250
206, 250
204, 252
203, 252
201, 254
200, 254
199, 255
198, 255
197, 256
196, 256
195, 257
194, 257
192, 259
191, 259
190, 260
189, 260
188, 261
187, 261
186, 262
185, 262
184, 263
183, 263
182, 264
180, 264
179, 265
178, 265
177, 266
176, 266
175, 267
173, 267
172, 268
171, 268
170, 269
168, 269
167, 270
165, 270
164, 271
162, 271
161, 272
154, 272
151, 269
151, 263
152, 262
152, 260
153, 259
153, 258
154, 257
154, 256
155, 255
155, 254
157, 252
157, 251
159, 249
159, 248
161, 246
161, 245
163, 243
163, 242
166, 239
166, 238
168, 236
168, 235
171, 232
171, 231
173, 229
173, 228
176, 225
176, 224
178, 222
178, 221
180, 219
180, 218
182, 216
182, 215
184, 213
184, 212
185, 211
185, 210
186, 209
186, 208
187, 207
187, 206
188, 205
188, 203
189, 202
189, 198
188, 197
187, 197
186, 198
185, 198
184, 199
183, 199
182, 200
181, 200
178, 203
177, 203
172, 208
171, 208
166, 213
165, 213
155, 223
154, 223
123, 254
123, 255
118, 260
118, 262
119, 263
120, 262
121, 262
126, 257
126, 256
156, 226
157, 226
167, 216
168, 216
174, 210
175, 210
179, 206
180, 206
183, 203
184, 204
184, 205
183, 206
183, 208
181, 210
181, 211
179, 213
179, 214
177, 216
177, 217
175, 219
175, 220
173, 222
173, 223
171, 225
171, 226
168, 229
168, 230
166, 232
166, 233
163, 236
163, 237
161, 239
161, 240
158, 243
158, 244
156, 246
156, 247
154, 249
154, 250
153, 251
153, 252
152, 253
152, 254
151, 255
151, 256
150, 257
150, 258
149, 259
149, 260
148, 261
148, 270
149, 271
149, 272
151, 274
152, 274
153, 275
163, 275
164, 274
166, 274
167, 273
169, 273
170, 272
172, 272
173, 271
174, 271
175, 270
176, 270
177, 269
179, 269
180, 268
181, 268
182, 267
183, 267
184, 266
185, 266
186, 265
187, 265
188, 264
189, 264
190, 263
191, 263
192, 262
193, 262
194, 261
195, 261
196, 260
197, 260
198, 259
199, 259
200, 258
201, 258
203, 256
204, 256
205, 255
206, 255
208, 253
209, 253
211, 251
212, 251
214, 249
215, 249
217, 247
218, 247
220, 245
221, 245
225, 241
226, 241
228, 243
229, 243
230, 244
241, 244
242, 243
245, 243
246, 242
248, 242
249, 241
250, 241
251, 240
252, 240
253, 239
254, 239
255, 238
257, 238
258, 237
259, 237
260, 236
262, 236
263, 235
264, 235
266, 233
267, 233
268, 232
269, 232
270, 233
270, 234
269, 235
269, 236
268, 237
268, 239
267, 240
267, 244
266, 245
266, 251
267, 252
267, 254
268, 255
268, 256
271, 259
272, 259
273, 260
275, 260
276, 261
282, 261
283, 260
287, 260
288, 259
291, 259
292, 258
294, 258
295, 257
297, 257
298, 256
299, 256
300, 255
302, 255
303, 254
304, 254
305, 253
307, 253
308, 252
309, 252
310, 251
311, 251
312, 250
314, 250
315, 249
316, 249
317, 248
318, 248
319, 247
321, 247
322, 246
323, 246
324, 245
325, 245
326, 244
327, 244
328, 243
329, 243
330, 242
332, 242
333, 241
334, 241
335, 240
336, 240
337, 239
338, 239
339, 238
340, 238
341, 237
342, 237
343, 236
344, 236
345, 235
346, 235
347, 234
348, 234
349, 233
350, 233
351, 234
349, 236
349, 237
346, 240
346, 241
343, 244
343, 245
340, 248
340, 249
338, 251
338, 252
335, 255
335, 256
333, 258
333, 259
331, 261
331, 262
328, 265
328, 266
326, 268
326, 269
324, 271
324, 272
322, 274
322, 275
320, 277
320, 278
318, 280
318, 281
316, 283
316, 284
314, 286
314, 287
312, 289
312, 290
310, 292
310, 293
306, 297
306, 298
303, 301
303, 302
300, 305
300, 306
297, 309
297, 310
296, 311
296, 312
295, 313
295, 314
293, 316
293, 317
292, 318
292, 319
291, 320
291, 322
290, 323
290, 325
291, 326
293, 326
294, 325
294, 324
296, 322
296, 321
298, 319
298, 318
299, 317
299, 316
301, 314
301, 313
303, 311
303, 310
305, 308
305, 307
306, 306
306, 305
308, 303
308, 302
310, 300
310, 299
312, 297
312, 296
314, 294
314, 293
319, 288
319, 287
326, 280
327, 281
327, 282
328, 283
328, 284
329, 285
330, 285
331, 286
334, 286
335, 285
338, 285
339, 284
341, 284
342, 283
344, 283
345, 282
346, 282
347, 281
349, 281
350, 280
351, 280
352, 279
353, 279
354, 278
356, 278
357, 277
358, 277
359, 276
360, 276
361, 275
362, 275
363, 274
364, 274
365, 273
366, 273
367, 272
368, 272
370, 270
371, 270
372, 269
373, 269
374, 268
375, 268
377, 266
378, 266
379, 267
378, 268
378, 269
375, 272
375, 273
372, 276
372, 277
370, 279
370, 280
368, 282
368, 283
367, 284
367, 285
365, 287
365, 288
364, 289
364, 290
362, 292
362, 293
361, 294
361, 295
359, 297
359, 298
358, 299
358, 300
356, 302
356, 303
355, 304
355, 305
354, 306
354, 307
352, 309
352, 310
351, 311
351, 312
349, 314
349, 315
347, 317
347, 320
351, 320
353, 318
354, 318
356, 316
357, 316
368, 305
368, 304
384, 288
384, 287
387, 284
388, 284
389, 285
389, 287
392, 290
398, 290
399, 289
401, 289
402, 288
403, 288
404, 287
405, 287
406, 286
408, 286
409, 285
410, 285
411, 284
412, 284
413, 283
414, 283
415, 282
416, 282
417, 281
418, 281
419, 280
421, 280
422, 279
423, 279
424, 278
425, 278
426, 277
427, 277
428, 276
429, 276
430, 275
431, 275
432, 274
433, 274
434, 273
435, 273
436, 272
437, 272
438, 271
439, 271
440, 272
436, 276
436, 277
432, 281
432, 282
429, 285
429, 286
426, 289
426, 290
423, 293
423, 294
420, 297
420, 298
418, 300
418, 301
416, 303
416, 304
414, 306
414, 307
409, 312
409, 313
407, 315
407, 316
405, 318
405, 319
404, 320
404, 321
402, 323
402, 324
401, 325
401, 326
400, 327
400, 328
399, 329
399, 333
401, 333
402, 332
402, 331
403, 330
403, 329
404, 328
404, 327
405, 326
405, 325
406, 324
406, 323
408, 321
408, 320
409, 319
409, 318
412, 315
412, 314
416, 310
416, 309
418, 307
418, 306
420, 304
420, 303
422, 301
422, 300
426, 296
426, 295
429, 292
429, 291
431, 289
431, 288
434, 285
434, 284
438, 280
438, 279
446, 271
446, 270
451, 265
452, 265
455, 262
456, 262
458, 260
459, 260
461, 258
462, 258
463, 257
464, 257
466, 255
467, 255
468, 254
469, 254
472, 251
473, 251
475, 249
475, 247
470, 247
469, 248
468, 248
467, 249
466, 249
465, 250
464, 250
462, 252
461, 252
458, 255
457, 255
453, 259
452, 259
450, 261
449, 261
447, 263
446, 263
445, 264
444, 264
443, 265
442, 265
441, 266
440, 266
439, 267
438, 267
437, 268
436, 268
435, 269
434, 269
433, 270
432, 270
431, 271
430, 271
429, 272
428, 272
427, 273
426, 273
425, 274
424, 274
423, 275
422, 275
421, 276
420, 276
419, 277
418, 277
417, 278
416, 278
415, 279
414, 279
413, 280
412, 280
411, 281
409, 281
408, 282
407, 282
406, 283
405, 283
404, 284
402, 284
401, 285
400, 285
399, 286
397, 286
396, 287
394, 287
392, 285
392, 284
393, 283
393, 281
394, 280
394, 278
395, 277
395, 276
397, 274
397, 273
399, 271
399, 269
398, 268
397, 268
396, 269
395, 269
394, 270
394, 271
392, 273
392, 274
382, 284
382, 285
366, 301
366, 302
360, 308
358, 306
359, 305
359, 304
360, 303
360, 302
362, 300
362, 299
363, 298
363, 297
365, 295
365, 294
366, 293
366, 292
368, 290
368, 289
369, 288
369, 287
371, 285
371, 284
373, 282
373, 281
375, 279
375, 278
377, 276
377, 275
380, 272
380, 271
384, 267
384, 266
388, 262
388, 261
395, 254
396, 254
399, 251
400, 251
403, 248
404, 248
406, 246
407, 246
410, 243
411, 243
413, 241
414, 241
417, 238
418, 238
421, 235
422, 235
425, 232
426, 232
429, 229
429, 227
424, 227
423, 228
422, 228
421, 229
420, 229
419, 230
418, 230
417, 231
416, 231
415, 232
414, 232
412, 234
411, 234
409, 236
408, 236
405, 239
404, 239
387, 256
386, 256
384, 258
383, 258
381, 260
380, 260
378, 262
377, 262
375, 264
374, 264
373, 265
372, 265
370, 267
369, 267
368, 268
367, 268
366, 269
365, 269
364, 270
363, 270
362, 271
361, 271
360, 272
359, 272
358, 273
357, 273
356, 274
355, 274
354, 275
353, 275
352, 276
350, 276
349, 277
348, 277
347, 278
346, 278
345, 279
343, 279
342, 280
340, 280
339, 281
337, 281
336, 282
332, 282
331, 281
331, 278
332, 277
332, 276
334, 274
334, 273
336, 271
336, 270
339, 267
339, 266
347, 258
347, 257
349, 255
349, 253
348, 253
347, 252
346, 253
345, 253
342, 256
342, 257
337, 262
337, 263
333, 264
335, 262
335, 261
338, 258
338, 257
340, 255
340, 254
343, 251
343, 250
346, 247
346, 246
348, 244
348, 243
351, 240
351, 239
354, 236
354, 235
357, 232
357, 231
362, 226
363, 226
365, 224
366, 224
368, 222
369, 222
371, 220
372, 220
374, 218
375, 218
377, 216
378, 216
380, 214
381, 214
385, 210
386, 210
389, 207
390, 207
395, 202
396, 202
401, 197
402, 197
420, 179
420, 178
424, 174
424, 173
427, 170
427, 169
428, 168
428, 167
426, 165
266, 194
267, 193
268, 194
268, 195
265, 198
265, 199
260, 204
260, 205
241, 224
240, 224
233, 231
232, 231
231, 232
230, 231
230, 230
231, 229
231, 228
232, 227
232, 226
234, 224
234, 223
239, 218
239, 217
257, 199
258, 199
261, 196
262, 196
263, 195
264, 195
265, 194
310, 192
311, 191
313, 191
314, 192
313, 193
313, 194
302, 205
301, 205
295, 211
294, 211
289, 216
288, 216
286, 218
285, 216
285, 215
288, 212
288, 211
292, 207
292, 206
302, 196
303, 196
305, 194
306, 194
307, 193
308, 193
309, 192
419, 170
421, 170
422, 171
417, 176
417, 177
400, 194
399, 194
393, 200
392, 200
388, 204
387, 204
383, 208
382, 208
379, 211
378, 211
376, 213
375, 213
373, 215
373, 212
373, 211
377, 207
377, 206
399, 184
400, 184
405, 179
406, 179
409, 176
410, 176
411, 175
412, 175
414, 173
415, 173
416, 172
417, 172
226, 94
225, 95
224, 95
216, 103
216, 104
206, 114
206, 115
201, 120
201, 121
195, 127
195, 128
191, 132
191, 133
186, 138
186, 139
181, 144
181, 145
175, 151
175, 152
169, 158
169, 159
163, 165
163, 166
153, 176
153, 177
111, 219
110, 219
95, 234
94, 234
79, 249
78, 249
48, 279
48, 280
42, 286
42, 287
38, 291
38, 292
35, 295
35, 296
32, 299
32, 300
30, 302
30, 303
28, 305
28, 306
27, 307
27, 308
25, 310
25, 311
24, 312
24, 313
23, 314
23, 315
22, 316
22, 318
21, 319
22, 320
22, 321
23, 321
24, 322
27, 322
28, 321
30, 321
44, 307
44, 306
49, 301
49, 300
63, 286
63, 284
62, 283
60, 283
47, 296
47, 297
42, 302
42, 303
28, 317
27, 316
27, 315
28, 314
28, 313
30, 311
30, 310
31, 309
31, 308
33, 306
33, 305
35, 303
35, 302
38, 299
38, 298
41, 295
41, 294
45, 290
45, 289
50, 284
50, 283
83, 250
84, 250
98, 236
99, 236
115, 220
116, 220
154, 182
154, 181
166, 169
166, 168
172, 162
172, 161
177, 156
177, 155
183, 149
183, 148
189, 142
189, 141
193, 137
193, 136
198, 131
198, 130
203, 125
203, 124
209, 118
209, 117
216, 110
218, 110
222, 106
222, 105
225, 102
225, 101
228, 98
228, 95
227, 94
329, 14
328, 15
315, 15
314, 16
308, 16
307, 17
301, 17
300, 18
296, 18
295, 19
290, 19
289, 20
285, 20
284, 21
281, 21
280, 22
276, 22
275, 23
272, 23
271, 24
267, 24
266, 25
263, 25
262, 26
260, 26
259, 27
256, 27
255, 28
252, 28
251, 29
248, 29
247, 30
245, 30
244, 31
241, 31
240, 32
238, 32
237, 33
234, 33
233, 34
231, 34
230, 35
228, 35
227, 36
225, 36
224, 37
222, 37
221, 38
219, 38
218, 39
216, 39
215, 40
213, 40
212, 41
211, 41
210, 42
209, 42
208, 43
206, 43
205, 44
204, 44
203, 45
201, 45
200, 46
199, 46
198, 47
196, 47
195, 48
194, 48
193, 49
192, 49
191, 50
189, 50
188, 51
187, 51
186, 52
185, 52
184, 53
182, 53
181, 54
180, 54
179, 55
178, 55
177, 56
176, 56
175, 57
174, 57
173, 58
172, 58
171, 59
170, 59
168, 61
167, 61
166, 62
165, 62
164, 63
163, 63
162, 64
161, 64
159, 66
158, 66
157, 67
156, 67
154, 69
153, 69
152, 70
151, 70
149, 72
148, 72
145, 75
144, 75
142, 77
141, 77
138, 80
137, 80
132, 85
131, 85
125, 91
124, 91
117, 98
117, 101
118, 102
119, 101
120, 101
132, 89
133, 89
138, 84
139, 84
143, 80
144, 80
146, 78
147, 78
150, 75
151, 75
153, 73
154, 73
155, 72
156, 72
158, 70
159, 70
160, 69
161, 69
163, 67
164, 67
165, 66
166, 66
167, 65
168, 65
169, 64
170, 64
171, 63
172, 63
174, 61
175, 61
176, 60
177, 60
178, 59
179, 59
180, 58
181, 58
182, 57
184, 57
185, 56
186, 56
187, 55
188, 55
189, 54
190, 54
191, 53
193, 53
194, 52
195, 52
196, 51
197, 51
198, 50
200, 50
201, 49
202, 49
203, 48
205, 48
206, 47
207, 47
208, 46
210, 46
211, 45
212, 45
213, 44
215, 44
216, 43
218, 43
219, 42
221, 42
222, 41
224, 41
225, 40
226, 40
227, 39
229, 39
230, 38
232, 38
233, 37
236, 37
237, 36
239, 36
240, 35
243, 35
244, 34
246, 34
247, 33
249, 33
250, 32
253, 32
254, 31
257, 31
258, 30
261, 30
262, 29
265, 29
266, 28
269, 28
270, 27
273, 27
274, 26
278, 26
279, 25
282, 25
283, 24
287, 24
288, 23
292, 23
293, 22
298, 22
299, 21
303, 21
304, 20
311, 20
312, 19
320, 19
321, 18
340, 18
341, 19
347, 19
348, 20
350, 20
351, 21
353, 21
354, 22
355, 22
359, 26
359, 27
360, 28
360, 31
361, 32
362, 32
363, 31
363, 26
362, 25
362, 24
361, 23
361, 22
360, 21
359, 21
357, 19
356, 19
355, 18
354, 18
353, 17
351, 17
350, 16
345, 16
344, 15
332, 15
331, 14
