4, 29
2, 31
0, 31
0, 33
2, 33
4, 35
4, 86
2, 88
0, 88
0, 90
2, 90
4, 92
4, 142
2, 144
0, 144
0, 146
2, 146
4, 148
4, 198
2, 200
0, 200
0, 202
2, 202
4, 204
4, 254
2, 256
0, 256
0, 258
2, 258
4, 260
4, 310
2, 312
0, 312
0, 314
2, 314
4, 316
4, 367
2, 369
0, 369
8, 2
400, 4
398, 369
6, 367
344, 164
343, 165
341, 165
340, 166
339, 166
338, 167
337, 167
336, 168
335, 168
332, 171
331, 171
322, 180
322, 181
319, 184
319, 185
317, 187
317, 188
315, 190
315, 191
314, 192
314, 193
312, 195
312, 196
311, 197
311, 198
310, 199
310, 200
309, 201
309, 202
307, 204
307, 205
306, 206
306, 207
305, 208
305, 209
304, 210
304, 211
303, 212
303, 213
302, 214
302, 215
301, 216
301, 217
300, 218
300, 219
299, 220
299, 221
295, 225
294, 225
292, 227
291, 227
290, 228
289, 228
288, 229
287, 229
286, 230
285, 230
284, 231
283, 231
281, 229
277, 229
277, 230
276, 231
276, 232
273, 235
273, 236
275, 238
273, 240
272, 240
271, 241
270, 241
269, 242
268, 242
267, 243
266, 243
265, 244
264, 244
263, 245
262, 245
261, 246
260, 246
259, 247
258, 247
257, 248
256, 248
255, 249
254, 249
253, 250
251, 250
250, 251
249, 251
248, 250
247, 250
246, 249
246, 248
245, 247
245, 245
246, 244
246, 243
247, 242
247, 241
248, 240
248, 238
249, 237
249, 236
250, 235
250, 234
251, 233
251, 232
252, 231
252, 230
253, 229
253, 228
254, 227
254, 226
255, 225
255, 224
256, 223
256, 222
258, 220
258, 219
265, 212
265, 211
266, 210
266, 209
268, 207
268, 206
270, 204
270, 203
271, 202
271, 201
273, 199
273, 195
270, 195
265, 200
265, 201
263, 203
263, 204
261, 206
261, 207
259, 209
259, 210
257, 212
257, 213
256, 214
256, 215
243, 228
242, 228
239, 231
238, 231
235, 234
234, 234
232, 236
231, 236
227, 240
226, 240
224, 242
223, 242
220, 245
219, 245
217, 247
215, 247
214, 248
213, 248
211, 246
211, 242
212, 241
212, 239
213, 238
213, 236
214, 235
214, 233
215, 232
215, 231
216, 230
216, 228
217, 227
217, 226
218, 225
218, 223
219, 222
219, 221
220, 220
220, 219
221, 218
221, 217
222, 216
222, 215
223, 214
223, 213
232, 204
232, 203
235, 200
235, 199
238, 196
238, 195
240, 193
240, 192
241, 191
241, 190
242, 189
242, 188
243, 187
243, 185
244, 184
244, 183
245, 182
245, 181
243, 179
242, 179
238, 183
238, 184
234, 188
234, 189
231, 192
231, 193
229, 195
229, 196
228, 197
228, 198
226, 200
226, 201
224, 203
224, 204
223, 205
223, 206
221, 208
221, 209
220, 210
220, 211
217, 214
217, 215
212, 220
212, 221
203, 230
202, 230
200, 232
199, 232
198, 233
197, 233
196, 234
195, 234
193, 236
192, 236
190, 238
189, 238
187, 240
186, 240
184, 242
182, 242
181, 243
177, 243
175, 241
175, 240
176, 239
176, 237
177, 236
177, 234
178, 233
178, 232
179, 231
179, 230
180, 229
180, 227
181, 226
180, 225
180, 224
178, 224
169, 233
169, 234
167, 236
166, 236
159, 243
158, 243
156, 245
155, 245
152, 248
151, 248
150, 249
149, 249
148, 250
147, 250
146, 251
145, 251
144, 252
142, 252
140, 250
141, 249
141, 247
142, 246
142, 245
143, 244
143, 242
144, 241
144, 240
146, 238
146, 237
147, 236
147, 235
149, 233
149, 232
150, 231
150, 230
152, 228
152, 227
153, 226
153, 225
154, 224
154, 223
155, 222
155, 221
156, 220
156, 219
157, 218
157, 217
158, 216
158, 215
159, 214
159, 213
160, 212
160, 210
161, 209
161, 207
162, 206
162, 196
161, 196
160, 195
158, 195
157, 196
154, 196
153, 197
152, 197
151, 198
150, 198
146, 202
146, 203
145, 204
145, 208
146, 209
147, 209
148, 210
149, 210
150, 211
151, 210
152, 210
152, 208
149, 205
153, 201
154, 201
155, 200
156, 200
157, 199
159, 201
159, 202
158, 203
158, 206
157, 207
157, 209
156, 210
156, 211
155, 212
155, 213
154, 214
154, 215
153, 216
153, 218
152, 219
152, 220
151, 221
151, 222
149, 224
149, 225
148, 226
148, 227
147, 228
147, 229
145, 231
145, 232
143, 234
143, 235
142, 236
142, 237
141, 238
141, 239
140, 240
140, 241
139, 242
139, 244
138, 245
138, 246
137, 247
137, 253
140, 256
144, 256
145, 255
147, 255
148, 254
149, 254
150, 253
151, 253
152, 252
153, 252
156, 249
157, 249
159, 247
160, 247
162, 245
163, 245
165, 243
166, 243
167, 242
168, 242
169, 241
171, 241
172, 242
172, 244
175, 247
180, 247
181, 246
184, 246
185, 245
186, 245
187, 244
188, 244
190, 242
191, 242
193, 240
194, 240
196, 238
197, 238
198, 237
199, 237
200, 236
201, 236
203, 234
204, 234
206, 232
207, 232
211, 232
210, 233
210, 235
209, 236
209, 238
208, 239
208, 241
207, 242
207, 247
208, 248
208, 249
210, 251
212, 251
213, 252
214, 252
215, 251
217, 251
218, 250
219, 250
220, 249
221, 249
223, 247
224, 247
227, 244
228, 244
231, 241
232, 241
235, 238
236, 238
239, 235
240, 235
242, 233
243, 233
246, 230
247, 231
247, 233
246, 234
246, 235
245, 236
245, 237
244, 238
244, 239
243, 240
243, 241
242, 242
242, 245
241, 246
242, 247
242, 250
244, 252
244, 253
245, 253
246, 254
253, 254
254, 253
255, 253
256, 252
257, 252
258, 251
259, 251
260, 250
261, 250
262, 249
263, 249
264, 248
266, 248
267, 247
268, 247
269, 246
270, 246
271, 245
272, 245
273, 244
274, 244
276, 242
277, 242
285, 234
287, 234
288, 233
289, 233
290, 232
291, 232
292, 231
293, 231
294, 232
293, 233
293, 234
292, 235
292, 236
291, 237
291, 238
289, 240
289, 241
288, 242
288, 243
287, 244
287, 245
286, 246
286, 247
284, 249
284, 250
283, 251
283, 252
281, 254
281, 255
279, 257
279, 258
277, 260
277, 261
274, 264
274, 265
272, 267
272, 268
269, 271
269, 272
267, 274
267, 275
264, 278
264, 279
262, 281
262, 282
260, 284
260, 285
257, 288
257, 289
255, 291
255, 292
253, 294
253, 295
249, 299
248, 299
246, 301
245, 301
242, 304
241, 304
239, 306
238, 306
236, 308
235, 308
234, 309
233, 309
231, 311
230, 311
228, 313
227, 313
224, 316
223, 316
222, 317
221, 317
219, 319
218, 319
216, 321
215, 321
213, 323
212, 323
210, 325
209, 325
207, 327
206, 327
203, 330
202, 330
199, 333
198, 333
190, 341
190, 342
189, 343
189, 344
188, 345
188, 346
187, 347
187, 351
188, 352
188, 353
189, 354
191, 354
192, 355
197, 355
198, 354
202, 354
203, 353
204, 353
205, 352
207, 352
209, 350
210, 350
212, 348
213, 348
233, 328
233, 327
238, 322
238, 321
242, 317
242, 316
246, 312
246, 311
249, 308
249, 307
251, 305
251, 304
253, 302
253, 301
256, 298
257, 298
260, 295
261, 295
264, 292
265, 292
269, 288
270, 288
274, 284
275, 284
279, 280
280, 280
293, 267
294, 267
298, 263
299, 263
302, 260
303, 260
304, 259
307, 259
309, 257
310, 257
311, 256
312, 256
313, 255
314, 255
315, 254
317, 256
316, 257
316, 259
315, 260
315, 261
314, 262
314, 263
313, 264
313, 265
312, 266
312, 267
311, 268
311, 269
310, 270
310, 271
309, 272
309, 273
308, 274
308, 275
307, 276
307, 277
306, 278
306, 279
304, 281
304, 282
303, 283
303, 284
302, 285
302, 287
300, 289
300, 290
299, 291
298, 291
296, 293
295, 293
294, 294
293, 294
291, 296
290, 296
287, 299
286, 299
284, 301
283, 301
277, 307
277, 308
275, 310
275, 311
274, 312
274, 314
273, 315
273, 323
274, 324
274, 325
275, 326
276, 326
277, 327
279, 327
280, 326
281, 326
286, 321
286, 320
289, 317
289, 316
291, 314
291, 313
293, 311
293, 310
294, 309
294, 308
296, 306
296, 305
297, 304
297, 303
298, 302
298, 301
299, 300
299, 299
301, 297
301, 296
302, 295
302, 294
305, 291
306, 291
307, 290
308, 290
310, 288
311, 288
313, 286
314, 286
316, 284
317, 284
319, 282
320, 282
323, 279
324, 279
327, 276
328, 276
332, 272
333, 272
338, 267
339, 267
353, 253
354, 253
356, 251
357, 251
359, 249
360, 249
361, 248
362, 248
363, 247
364, 247
365, 248
364, 249
364, 250
363, 251
363, 252
362, 253
362, 254
360, 256
360, 258
361, 259
363, 259
364, 258
364, 257
365, 256
365, 255
366, 254
366, 253
367, 252
367, 251
369, 249
369, 248
370, 247
370, 246
371, 245
371, 244
372, 243
372, 242
374, 240
374, 239
375, 238
375, 237
377, 235
377, 234
378, 233
378, 232
379, 231
379, 230
380, 229
380, 228
381, 227
381, 226
382, 225
382, 223
383, 222
383, 221
384, 220
384, 216
383, 215
382, 215
379, 218
379, 219
378, 220
378, 221
376, 223
376, 224
375, 225
375, 226
373, 228
373, 229
372, 230
372, 231
367, 236
367, 237
365, 239
365, 240
361, 244
360, 244
358, 246
357, 246
356, 247
355, 247
353, 249
352, 249
349, 252
348, 252
333, 267
332, 267
328, 271
327, 271
323, 275
322, 275
319, 278
318, 278
316, 280
315, 280
313, 282
312, 282
310, 284
309, 284
308, 283
308, 282
309, 281
309, 280
310, 279
310, 278
311, 277
311, 276
312, 275
312, 274
313, 273
313, 272
314, 271
314, 270
315, 269
315, 268
316, 267
316, 266
317, 265
317, 264
318, 263
318, 262
319, 261
319, 260
320, 259
320, 258
321, 257
321, 256
322, 255
322, 254
323, 253
323, 252
324, 251
324, 250
325, 249
325, 248
327, 246
328, 246
330, 244
331, 244
336, 239
336, 238
338, 236
338, 235
339, 234
339, 233
340, 232
340, 231
341, 230
341, 229
342, 228
342, 227
343, 226
343, 224
344, 223
344, 218
343, 217
341, 217
337, 221
337, 222
334, 225
334, 226
332, 228
332, 229
330, 231
330, 232
328, 234
328, 235
327, 236
327, 237
326, 238
326, 239
325, 240
325, 241
324, 242
324, 243
320, 247
319, 247
317, 249
316, 249
315, 250
314, 250
313, 251
312, 251
310, 253
309, 253
308, 254
303, 254
299, 258
298, 258
294, 262
293, 262
287, 268
286, 268
275, 279
274, 279
270, 283
269, 283
266, 286
265, 286
264, 285
266, 283
266, 282
269, 279
269, 278
271, 276
271, 275
274, 272
274, 271
276, 269
276, 268
278, 266
278, 265
281, 262
281, 261
283, 259
283, 258
285, 256
285, 255
287, 253
287, 252
288, 251
288, 250
289, 249
289, 248
291, 246
291, 245
292, 244
292, 243
293, 242
293, 241
294, 240
294, 239
296, 237
296, 236
297, 235
297, 234
298, 233
298, 232
299, 231
299, 230
300, 229
300, 227
306, 221
307, 221
310, 218
311, 218
315, 214
316, 214
319, 211
320, 211
323, 208
324, 208
332, 200
332, 199
337, 194
337, 193
340, 190
340, 189
343, 186
343, 185
346, 182
346, 181
347, 180
347, 179
348, 178
348, 177
349, 176
349, 175
350, 174
350, 172
351, 171
351, 166
350, 165
349, 165
348, 164
238, 311
239, 310
241, 312
237, 316
237, 317
232, 322
232, 323
226, 329
226, 330
214, 342
213, 342
209, 346
208, 346
206, 348
205, 348
204, 349
203, 349
202, 350
199, 350
198, 351
192, 351
191, 350
191, 347
192, 346
192, 345
194, 343
194, 342
198, 338
199, 338
202, 335
203, 335
206, 332
207, 332
210, 329
211, 329
213, 327
214, 327
216, 325
217, 325
219, 323
220, 323
222, 321
223, 321
225, 319
226, 319
228, 317
229, 317
231, 315
232, 315
234, 313
235, 313
237, 311
292, 300
293, 299
294, 299
295, 300
294, 301
294, 302
292, 304
292, 305
291, 306
291, 307
289, 309
289, 310
287, 312
287, 313
285, 315
285, 316
282, 319
282, 320
279, 323
278, 323
276, 321
276, 318
277, 317
277, 315
278, 314
278, 313
279, 312
279, 311
281, 309
281, 308
283, 306
284, 306
287, 303
288, 303
291, 300
343, 169
344, 168
346, 168
347, 169
347, 171
346, 172
346, 174
345, 175
345, 176
344, 177
344, 178
341, 181
341, 182
339, 184
339, 185
336, 188
336, 189
332, 193
332, 194
319, 207
318, 207
316, 209
315, 209
311, 213
310, 213
308, 215
307, 214
307, 213
308, 212
308, 211
309, 210
309, 209
310, 208
310, 207
311, 206
311, 205
312, 204
312, 203
313, 202
313, 201
315, 199
315, 198
316, 197
316, 196
317, 195
317, 194
319, 192
319, 191
321, 189
321, 188
323, 186
323, 185
327, 181
327, 180
332, 175
333, 175
336, 172
337, 172
338, 171
339, 171
340, 170
341, 170
342, 169
307, 14
306, 15
305, 15
304, 16
303, 16
302, 17
300, 17
299, 18
298, 18
297, 19
295, 19
294, 20
293, 20
292, 21
290, 21
289, 22
288, 22
287, 23
285, 23
284, 24
282, 24
281, 25
279, 25
278, 26
276, 26
275, 27
273, 27
272, 28
270, 28
269, 29
266, 29
265, 30
263, 30
262, 31
259, 31
258, 32
255, 32
254, 33
252, 33
251, 34
248, 34
247, 35
245, 35
244, 36
242, 36
241, 37
239, 37
238, 38
235, 38
234, 39
232, 39
231, 40
229, 40
228, 41
225, 41
224, 42
222, 42
221, 43
218, 43
217, 44
215, 44
214, 45
211, 45
210, 46
208, 46
207, 47
205, 47
204, 48
201, 48
200, 49
198, 49
197, 50
195, 50
194, 51
192, 51
191, 52
189, 52
188, 53
185, 53
184, 54
182, 54
181, 55
179, 55
178, 56
176, 56
175, 57
173, 57
172, 58
170, 58
169, 59
166, 59
165, 60
163, 60
162, 61
160, 61
159, 62
157, 62
156, 63
154, 63
153, 64
152, 64
151, 65
149, 65
148, 66
147, 66
146, 67
144, 67
143, 68
141, 68
140, 69
139, 69
138, 70
136, 70
135, 71
134, 71
133, 72
131, 72
130, 73
129, 73
128, 74
126, 74
125, 75
124, 75
123, 76
122, 76
121, 77
119, 77
118, 78
117, 78
116, 79
115, 79
114, 80
112, 80
111, 81
110, 81
109, 82
108, 82
107, 83
106, 83
105, 84
103, 84
102, 85
101, 85
100, 86
99, 86
98, 87
97, 87
96, 88
95, 88
94, 89
93, 89
92, 90
91, 90
90, 91
89, 91
88, 92
87, 92
86, 93
85, 93
84, 94
83, 94
82, 95
81, 95
80, 96
79, 96
78, 97
77, 97
76, 98
75, 98
74, 99
73, 99
72, 100
71, 100
70, 101
69, 101
68, 102
67, 102
66, 103
65, 103
63, 105
62, 105
61, 106
60, 106
59, 107
58, 107
57, 108
56, 108
55, 109
54, 109
52, 111
51, 111
50, 112
49, 112
47, 114
46, 114
45, 115
44, 115
42, 117
41, 117
40, 118
39, 118
38, 119
37, 119
35, 121
34, 121
33, 122
32, 122
31, 123
30, 123
28, 125
27, 125
25, 127
24, 127
22, 129
21, 129
19, 131
19, 133
21, 135
23, 135
24, 134
25, 134
27, 132
28, 132
30, 130
31, 130
32, 129
33, 129
35, 127
36, 127
37, 126
38, 126
39, 125
40, 125
41, 124
42, 124
44, 122
45, 122
46, 121
47, 121
49, 119
50, 119
51, 118
52, 118
54, 116
55, 116
56, 115
57, 115
58, 114
59, 114
60, 113
61, 113
63, 111
64, 111
65, 110
66, 110
67, 109
68, 109
69, 108
70, 108
71, 107
72, 107
74, 105
75, 105
76, 104
77, 104
78, 103
79, 103
80, 102
81, 102
82, 101
83, 101
84, 100
85, 100
86, 99
87, 99
88, 98
89, 98
90, 97
91, 97
92, 96
93, 96
94, 95
95, 95
96, 94
97, 94
98, 93
99, 93
100, 92
102, 92
103, 91
104, 91
105, 90
106, 90
107, 89
108, 89
109, 88
110, 88
111, 87
112, 87
113, 86
115, 86
116, 85
117, 85
118, 84
119, 84
120, 83
122, 83
123, 82
124, 82
125, 81
127, 81
128, 80
129, 80
130, 79
131, 79
132, 78
134, 78
135, 77
136, 77
137, 76
139, 76
140, 75
141, 75
142, 74
144, 74
145, 73
147, 73
148, 72
149, 72
150, 71
152, 71
153, 70
154, 70
155, 69
157, 69
158, 68
160, 68
161, 67
163, 67
164, 66
166, 66
167, 65
169, 65
170, 64
174, 66
172, 68
172, 69
171, 70
171, 71
170, 72
170, 73
169, 74
169, 75
168, 76
168, 77
167, 78
167, 79
166, 80
166, 81
165, 82
165, 83
164, 84
164, 85
163, 86
163, 87
162, 88
162, 89
161, 90
161, 91
160, 92
160, 93
159, 94
159, 95
158, 96
158, 97
157, 98
157, 100
156, 101
156, 102
155, 103
155, 104
154, 105
154, 106
153, 107
153, 108
152, 109
152, 110
151, 111
151, 112
150, 113
150, 114
149, 115
149, 116
148, 117
148, 118
147, 119
147, 120
146, 121
146, 122
145, 123
145, 124
144, 125
144, 126
143, 127
143, 128
141, 130
141, 131
140, 132
140, 133
139, 134
139, 135
138, 136
138, 137
136, 139
136, 140
135, 141
135, 142
134, 143
134, 144
132, 146
132, 147
131, 148
131, 149
129, 151
129, 152
128, 153
128, 154
126, 156
126, 157
125, 158
125, 159
124, 160
124, 161
122, 163
122, 164
121, 165
121, 166
120, 167
120, 168
119, 169
119, 170
117, 172
117, 173
116, 174
116, 175
115, 176
115, 177
114, 178
114, 179
112, 181
112, 182
111, 183
111, 184
110, 185
110, 186
109, 187
109, 188
108, 189
108, 190
106, 192
106, 193
105, 194
105, 195
104, 196
104, 197
103, 198
103, 199
101, 201
101, 202
100, 203
100, 204
99, 205
99, 206
98, 207
98, 208
97, 209
97, 210
95, 212
95, 213
94, 214
94, 215
92, 217
92, 218
91, 219
91, 220
90, 221
90, 222
88, 224
88, 225
87, 226
87, 227
86, 228
86, 229
84, 231
84, 232
83, 233
83, 234
81, 236
81, 237
80, 238
80, 239
79, 240
79, 241
77, 243
77, 244
76, 245
76, 246
74, 248
74, 249
73, 250
73, 251
72, 252
72, 253
71, 254
71, 255
70, 256
70, 257
69, 258
69, 259
68, 260
68, 261
67, 262
67, 263
63, 267
63, 268
62, 269
62, 273
63, 274
66, 271
66, 269
67, 268
67, 267
68, 266
68, 265
69, 264
69, 263
70, 262
70, 260
71, 259
71, 258
72, 257
72, 256
73, 255
73, 254
75, 252
75, 251
76, 250
76, 249
78, 247
78, 246
79, 245
79, 244
80, 243
80, 242
81, 241
81, 240
83, 238
83, 237
84, 236
84, 235
86, 233
86, 232
87, 231
87, 230
88, 229
88, 228
90, 226
90, 225
91, 224
91, 223
92, 222
92, 221
94, 219
94, 218
95, 217
95, 216
97, 214
97, 213
98, 212
98, 211
99, 210
99, 209
101, 207
101, 206
102, 205
102, 204
103, 203
103, 202
104, 201
104, 200
105, 199
105, 198
107, 196
107, 195
108, 194
108, 193
109, 192
109, 191
110, 190
110, 189
112, 187
112, 186
113, 185
113, 184
114, 183
114, 182
115, 181
115, 180
117, 178
117, 177
118, 176
118, 175
119, 174
119, 173
120, 172
120, 171
121, 170
121, 169
122, 168
122, 167
124, 165
124, 164
125, 163
125, 162
127, 160
127, 159
128, 158
128, 157
129, 156
129, 155
131, 153
131, 152
132, 151
132, 150
134, 148
134, 147
135, 146
135, 145
137, 143
137, 142
138, 141
138, 140
139, 139
139, 138
141, 136
141, 135
142, 134
142, 133
143, 132
143, 131
144, 130
144, 129
145, 128
145, 127
147, 125
147, 124
148, 123
148, 122
149, 121
149, 120
150, 119
150, 118
151, 117
151, 116
152, 115
152, 114
153, 113
153, 112
154, 111
154, 110
155, 109
155, 107
156, 106
156, 105
157, 104
157, 103
158, 102
158, 101
159, 100
159, 99
160, 98
160, 97
161, 96
161, 95
162, 94
162, 93
163, 92
163, 91
166, 88
166, 87
167, 86
167, 85
168, 84
168, 83
170, 81
170, 80
171, 79
171, 78
173, 76
173, 75
174, 74
174, 72
175, 71
175, 70
176, 69
176, 65
177, 62
179, 62
180, 61
182, 61
183, 60
185, 60
186, 59
188, 59
189, 58
192, 58
193, 57
195, 57
196, 56
198, 56
199, 55
201, 55
202, 54
204, 54
205, 53
208, 53
209, 52
211, 52
212, 51
214, 51
215, 50
218, 50
219, 49
221, 49
222, 48
225, 48
226, 47
228, 47
229, 46
232, 46
233, 45
235, 45
236, 44
238, 44
239, 43
242, 43
243, 42
245, 42
246, 41
248, 41
249, 40
251, 40
252, 39
255, 39
256, 38
259, 38
260, 37
262, 37
263, 36
266, 36
267, 35
269, 35
270, 34
273, 34
274, 33
276, 33
277, 32
279, 32
280, 31
282, 31
283, 30
285, 30
286, 29
288, 29
289, 28
290, 28
291, 27
293, 27
294, 26
296, 26
297, 25
298, 25
299, 24
300, 24
301, 23
303, 23
304, 22
305, 22
306, 21
308, 21
309, 20
310, 20
312, 18
312, 16
311, 15
311, 14
