278, 2
280, 367
4, 369
2, 4
22, 181
21, 182
20, 182
19, 183
18, 183
17, 184
17, 185
15, 187
15, 188
14, 189
14, 190
13, 191
13, 194
12, 195
12, 217
13, 218
13, 222
14, 223
14, 226
15, 227
15, 230
16, 231
16, 233
17, 234
17, 236
18, 237
18, 238
19, 239
19, 240
20, 241
20, 242
21, 243
21, 244
22, 245
22, 246
24, 248
24, 249
25, 250
25, 251
28, 254
28, 255
31, 258
31, 259
36, 264
36, 265
52, 281
53, 281
58, 286
59, 286
63, 290
64, 290
67, 293
68, 293
71, 296
72, 296
74, 298
75, 298
77, 300
78, 300
80, 302
81, 302
83, 304
84, 304
86, 306
87, 306
88, 307
89, 307
91, 309
92, 309
93, 310
94, 310
95, 311
96, 311
97, 312
98, 312
99, 313
100, 313
101, 314
102, 314
103, 315
104, 315
105, 316
106, 316
107, 317
109, 317
110, 318
111, 318
112, 319
113, 319
114, 320
116, 320
117, 321
118, 321
119, 322
120, 322
121, 323
123, 323
124, 324
126, 324
127, 325
128, 325
129, 326
131, 326
132, 327
134, 327
135, 328
137, 328
138, 329
140, 329
141, 330
143, 330
144, 331
146, 331
147, 332
150, 332
151, 333
153, 333
154, 334
157, 334
158, 335
161, 335
162, 336
164, 336
165, 337
168, 337
169, 338
173, 338
174, 339
177, 339
178, 340
181, 340
182, 341
186, 341
187, 342
190, 342
191, 343
195, 343
196, 344
199, 344
200, 345
204, 345
205, 346
209, 346
210, 347
215, 347
216, 348
221, 348
222, 349
227, 349
228, 350
233, 350
234, 351
240, 351
241, 352
247, 352
248, 353
254, 353
255, 354
266, 354
266, 352
265, 351
258, 351
257, 350
250, 350
249, 349
243, 349
242, 348
237, 348
236, 347
230, 347
229, 346
224, 346
223, 345
218, 345
217, 344
212, 344
211, 343
207, 343
206, 342
202, 342
201, 341
198, 341
197, 340
193, 340
192, 339
189, 339
188, 338
184, 338
183, 337
180, 337
179, 336
175, 336
174, 335
171, 335
170, 334
167, 334
166, 333
163, 333
162, 332
160, 332
159, 331
156, 331
155, 330
152, 330
151, 329
149, 329
148, 328
146, 328
145, 327
143, 327
142, 326
139, 326
138, 325
136, 325
135, 324
134, 324
133, 323
131, 323
130, 322
128, 322
127, 321
126, 321
125, 320
123, 320
122, 319
121, 319
120, 318
118, 318
117, 317
116, 317
115, 316
113, 316
112, 315
111, 315
110, 314
109, 314
108, 313
107, 313
106, 312
105, 312
104, 311
103, 311
102, 310
101, 310
100, 309
99, 309
98, 308
97, 308
96, 307
95, 307
94, 306
93, 306
92, 305
91, 305
89, 303
88, 303
86, 301
85, 301
84, 300
83, 300
81, 298
80, 298
78, 296
77, 296
74, 293
73, 293
71, 291
70, 291
66, 287
65, 287
62, 284
61, 284
56, 279
55, 279
39, 263
39, 262
33, 256
33, 255
30, 252
30, 251
28, 249
28, 248
26, 246
26, 245
25, 244
25, 243
24, 242
24, 241
23, 240
23, 239
22, 238
22, 237
21, 236
21, 235
20, 234
20, 232
19, 231
19, 229
18, 228
18, 226
17, 225
17, 221
16, 220
16, 216
15, 215
15, 197
16, 196
16, 193
17, 192
17, 190
19, 188
19, 187
21, 185
22, 185
23, 184
30, 184
30, 181
169, 16
166, 19
166, 20
165, 21
165, 37
166, 38
166, 43
167, 44
167, 48
168, 49
168, 51
169, 52
169, 55
170, 56
170, 58
171, 59
171, 61
172, 62
172, 64
173, 65
173, 68
174, 69
174, 71
175, 72
175, 74
176, 75
176, 77
177, 78
177, 80
178, 81
178, 82
179, 83
179, 85
180, 86
180, 88
181, 89
181, 90
182, 91
182, 93
183, 94
183, 95
184, 96
184, 97
185, 98
185, 100
186, 101
186, 102
187, 103
187, 104
188, 105
188, 106
189, 107
189, 108
190, 109
190, 111
191, 112
191, 113
192, 114
192, 115
193, 116
193, 117
194, 118
194, 119
195, 120
195, 121
196, 122
196, 123
197, 124
197, 125
198, 126
198, 127
199, 128
199, 129
200, 130
200, 131
201, 132
201, 133
202, 134
202, 135
203, 136
203, 138
204, 139
204, 146
205, 147
205, 155
206, 156
206, 165
207, 166
207, 175
208, 176
208, 185
209, 186
209, 195
208, 196
207, 195
207, 194
206, 193
206, 192
205, 191
205, 189
204, 188
204, 187
203, 186
203, 184
202, 183
202, 182
201, 181
201, 180
200, 179
200, 178
199, 177
199, 176
198, 175
198, 173
197, 172
197, 171
196, 170
196, 169
194, 167
194, 166
193, 165
193, 164
192, 163
192, 162
191, 161
191, 160
190, 159
190, 158
189, 157
189, 156
187, 154
187, 153
186, 152
186, 151
185, 150
185, 149
184, 148
184, 147
182, 145
182, 144
181, 143
181, 142
180, 141
180, 140
178, 138
178, 137
177, 136
177, 135
176, 134
176, 133
175, 132
175, 131
173, 129
173, 128
172, 127
172, 126
171, 125
171, 124
170, 123
170, 122
168, 120
168, 119
167, 118
167, 117
166, 116
166, 115
164, 113
164, 112
163, 111
163, 109
162, 108
162, 100
161, 99
161, 90
160, 89
160, 83
159, 82
159, 76
158, 75
158, 70
157, 69
157, 65
156, 64
156, 61
155, 60
155, 57
154, 56
154, 54
153, 53
153, 51
152, 50
152, 48
151, 47
151, 46
150, 45
150, 43
149, 42
149, 41
148, 40
148, 39
147, 38
147, 37
146, 36
146, 35
144, 33
144, 32
142, 30
142, 29
134, 21
133, 21
131, 19
130, 19
129, 18
122, 18
121, 19
121, 20
120, 21
120, 30
121, 31
121, 34
122, 35
122, 38
123, 39
123, 41
124, 42
124, 43
125, 44
125, 46
126, 47
126, 48
127, 49
127, 50
128, 51
128, 52
129, 53
129, 54
130, 55
130, 56
131, 57
131, 58
132, 59
132, 60
133, 61
133, 62
134, 63
134, 64
135, 65
135, 66
136, 67
136, 68
137, 69
137, 70
139, 72
139, 73
140, 74
140, 75
141, 76
141, 77
142, 78
142, 79
143, 80
143, 81
144, 82
144, 83
146, 85
146, 86
147, 87
147, 88
148, 89
148, 90
149, 91
149, 92
151, 94
151, 95
152, 96
152, 97
153, 98
153, 99
155, 101
155, 102
156, 103
156, 104
158, 106
158, 107
159, 108
159, 109
160, 110
160, 112
161, 113
161, 126
162, 127
162, 147
161, 148
160, 147
160, 146
159, 145
159, 143
158, 142
158, 141
157, 140
157, 138
156, 137
156, 136
155, 135
155, 134
154, 133
154, 132
153, 131
153, 129
152, 128
152, 127
151, 126
151, 125
150, 124
150, 123
149, 122
149, 121
148, 120
148, 119
147, 118
147, 117
146, 116
146, 115
145, 114
145, 113
144, 112
144, 111
143, 110
143, 109
142, 108
142, 107
140, 105
140, 104
138, 102
138, 101
135, 98
135, 97
133, 95
132, 95
130, 93
129, 93
128, 92
126, 92
125, 91
117, 91
116, 92
115, 92
114, 93
114, 94
113, 95
113, 100
114, 101
114, 104
115, 105
115, 108
116, 109
116, 111
117, 112
117, 115
118, 116
118, 119
119, 120
119, 124
120, 125
120, 128
121, 129
121, 133
122, 134
122, 138
123, 139
123, 144
124, 145
124, 149
125, 150
125, 154
126, 155
126, 158
127, 159
127, 163
128, 164
128, 167
129, 168
129, 171
130, 172
130, 175
131, 176
131, 179
132, 180
132, 183
133, 184
133, 187
134, 188
134, 190
135, 191
135, 193
136, 194
136, 197
137, 198
137, 200
138, 201
138, 204
139, 205
139, 207
140, 208
140, 210
141, 211
141, 214
142, 215
142, 218
143, 219
143, 222
144, 223
144, 226
145, 227
145, 230
146, 231
146, 236
147, 237
147, 246
146, 247
146, 248
145, 249
144, 249
141, 246
141, 245
139, 243
138, 243
115, 220
115, 219
113, 217
113, 216
111, 214
111, 213
109, 211
109, 210
108, 209
108, 208
107, 207
107, 206
105, 204
105, 202
104, 201
104, 200
103, 199
103, 198
102, 197
102, 196
101, 195
101, 193
100, 192
100, 190
99, 189
99, 188
98, 187
98, 185
97, 184
97, 182
96, 181
96, 179
95, 178
95, 176
94, 175
94, 167
93, 166
93, 151
92, 150
92, 138
91, 137
91, 128
90, 127
90, 121
89, 120
89, 116
88, 115
88, 111
87, 110
87, 107
86, 106
86, 104
85, 103
85, 101
84, 100
84, 98
83, 97
83, 96
82, 95
82, 93
81, 92
81, 91
80, 90
80, 89
79, 88
79, 87
76, 84
76, 83
75, 83
73, 81
70, 81
67, 84
67, 86
66, 87
66, 105
67, 106
67, 111
68, 112
68, 115
69, 116
69, 119
70, 120
70, 123
71, 124
71, 126
72, 127
72, 129
73, 130
73, 132
74, 133
74, 135
75, 136
75, 137
76, 138
76, 140
77, 141
77, 142
78, 143
78, 144
79, 145
79, 147
80, 148
80, 149
81, 150
81, 151
82, 152
82, 153
83, 154
83, 156
84, 157
84, 158
85, 159
85, 160
86, 161
86, 162
87, 163
87, 164
88, 165
88, 166
89, 167
89, 168
90, 169
90, 171
91, 172
91, 174
92, 175
92, 184
93, 185
93, 199
94, 200
94, 212
95, 213
95, 225
96, 226
96, 238
97, 239
97, 251
98, 252
98, 262
99, 263
99, 273
100, 274
100, 284
101, 285
101, 293
102, 294
103, 294
103, 284
102, 283
102, 273
101, 272
101, 262
100, 261
100, 250
99, 249
99, 238
98, 237
98, 225
97, 224
97, 212
96, 211
96, 198
95, 197
95, 189
96, 188
97, 189
97, 190
98, 191
98, 193
99, 194
99, 195
100, 196
100, 198
101, 199
101, 200
102, 201
102, 202
103, 203
103, 204
104, 205
104, 206
105, 207
105, 208
106, 209
106, 210
108, 212
108, 213
109, 214
109, 215
111, 217
111, 218
113, 220
113, 221
119, 227
119, 228
127, 236
128, 236
143, 251
146, 251
148, 249
148, 248
149, 247
149, 237
148, 236
148, 231
147, 230
147, 226
146, 225
146, 222
145, 221
145, 218
144, 217
144, 214
143, 213
143, 211
142, 210
142, 207
141, 206
141, 204
140, 203
140, 201
139, 200
139, 197
138, 196
138, 194
137, 193
137, 190
136, 189
136, 187
135, 186
135, 183
134, 182
134, 179
133, 178
133, 176
132, 175
132, 172
131, 171
131, 168
130, 167
130, 163
129, 162
129, 159
128, 158
128, 154
127, 153
127, 149
126, 148
126, 144
125, 143
125, 139
124, 138
124, 133
123, 132
123, 129
122, 128
122, 124
121, 123
121, 120
120, 119
120, 116
119, 115
119, 112
118, 111
118, 108
117, 107
117, 104
116, 103
116, 101
115, 100
115, 96
118, 93
124, 93
125, 94
127, 94
128, 95
129, 95
136, 102
136, 103
139, 106
139, 107
140, 108
140, 109
141, 110
141, 111
143, 113
143, 114
144, 115
144, 116
145, 117
145, 118
146, 119
146, 121
147, 122
147, 123
148, 124
148, 125
149, 126
149, 127
150, 128
150, 129
151, 130
151, 131
152, 132
152, 133
153, 134
153, 136
154, 137
154, 138
155, 139
155, 141
156, 142
156, 143
157, 144
157, 146
158, 147
158, 148
159, 149
159, 151
160, 152
160, 153
161, 154
161, 156
162, 157
162, 159
163, 160
163, 170
164, 171
164, 189
165, 190
165, 203
166, 204
166, 213
167, 214
167, 221
168, 222
168, 227
169, 228
169, 232
170, 233
170, 235
171, 236
171, 238
172, 239
172, 241
173, 242
173, 244
174, 245
174, 246
176, 248
176, 249
179, 252
183, 252
184, 251
184, 250
185, 249
185, 247
186, 246
186, 233
185, 232
185, 226
184, 225
184, 221
183, 220
183, 216
182, 215
182, 211
181, 210
181, 207
180, 206
180, 203
179, 202
179, 199
178, 198
178, 196
177, 195
177, 193
176, 192
176, 189
175, 188
175, 186
174, 185
174, 183
173, 182
173, 180
172, 179
172, 177
171, 176
171, 175
170, 174
170, 172
169, 171
169, 169
168, 168
168, 167
167, 166
167, 164
166, 163
166, 161
165, 160
165, 146
164, 145
164, 126
163, 125
163, 119
164, 118
167, 121
167, 122
168, 123
168, 124
169, 125
169, 126
170, 127
170, 128
172, 130
172, 131
173, 132
173, 133
174, 134
174, 135
175, 136
175, 137
177, 139
177, 140
178, 141
178, 142
179, 143
179, 144
180, 145
180, 146
182, 148
182, 149
183, 150
183, 151
184, 152
184, 153
186, 155
186, 156
187, 157
187, 158
188, 159
188, 160
189, 161
189, 162
190, 163
190, 164
192, 166
192, 167
193, 168
193, 169
194, 170
194, 171
195, 172
195, 173
196, 174
196, 175
197, 176
197, 178
198, 179
198, 180
199, 181
199, 182
200, 183
200, 184
201, 185
201, 186
202, 187
202, 189
203, 190
203, 191
204, 192
204, 194
205, 195
205, 196
206, 197
206, 199
207, 200
207, 202
208, 203
208, 204
209, 205
209, 207
210, 208
210, 211
211, 212
211, 217
212, 218
212, 226
213, 227
213, 233
214, 234
214, 240
215, 241
215, 245
216, 246
216, 250
217, 251
217, 253
218, 254
218, 255
219, 256
219, 257
221, 259
223, 259
224, 258
224, 256
225, 255
225, 254
224, 253
224, 247
223, 246
223, 243
222, 242
222, 239
221, 238
221, 235
220, 234
220, 232
219, 231
219, 229
218, 228
218, 226
217, 225
217, 223
216, 222
216, 220
215, 219
215, 216
214, 215
214, 213
213, 212
213, 206
212, 205
212, 195
211, 194
211, 185
210, 184
210, 175
209, 174
209, 165
208, 164
208, 155
207, 154
207, 148
208, 147
210, 149
210, 150
211, 151
211, 152
213, 154
213, 155
214, 156
214, 157
215, 158
215, 159
216, 160
216, 161
217, 162
217, 163
218, 164
218, 165
220, 167
220, 168
221, 169
221, 170
222, 171
222, 172
223, 173
223, 174
224, 175
224, 176
225, 177
225, 178
226, 179
226, 180
227, 181
227, 182
228, 183
228, 184
229, 185
229, 186
230, 187
230, 188
232, 190
232, 191
233, 192
233, 193
234, 194
234, 195
235, 196
235, 197
236, 198
236, 199
237, 200
237, 201
238, 202
238, 203
239, 204
239, 205
240, 206
240, 207
241, 208
241, 209
242, 210
242, 211
243, 212
243, 213
244, 214
244, 215
245, 216
245, 217
246, 218
246, 219
247, 220
247, 221
248, 222
248, 223
249, 224
249, 225
251, 227
251, 228
252, 229
252, 230
253, 231
253, 232
254, 233
254, 234
255, 235
255, 236
256, 237
256, 238
258, 240
258, 241
259, 242
259, 243
261, 245
261, 246
262, 247
262, 248
264, 250
264, 251
266, 253
266, 254
267, 255
268, 255
268, 253
267, 252
267, 251
266, 250
266, 249
264, 247
264, 246
263, 245
263, 244
261, 242
261, 241
260, 240
260, 239
258, 237
258, 236
257, 235
257, 234
256, 233
256, 232
255, 231
255, 230
254, 229
254, 228
252, 226
252, 225
251, 224
251, 223
250, 222
250, 221
249, 220
249, 219
248, 218
248, 217
247, 216
247, 215
246, 214
246, 213
245, 212
245, 211
244, 210
244, 209
243, 208
243, 207
242, 206
242, 205
241, 204
241, 203
240, 202
240, 201
239, 200
239, 199
238, 198
238, 197
236, 195
236, 194
235, 193
235, 192
234, 191
234, 190
233, 189
233, 188
232, 187
232, 186
231, 185
231, 184
230, 183
230, 182
229, 181
229, 180
228, 179
228, 178
227, 177
227, 176
226, 175
226, 174
225, 173
225, 172
224, 171
224, 170
222, 168
222, 167
221, 166
221, 165
220, 164
220, 163
219, 162
219, 161
218, 160
218, 159
217, 158
217, 157
215, 155
215, 154
214, 153
214, 152
213, 151
213, 150
212, 149
212, 148
211, 147
211, 146
210, 145
210, 144
209, 143
209, 142
207, 140
207, 138
206, 137
206, 135
205, 134
205, 127
204, 126
204, 117
203, 116
203, 109
202, 108
202, 101
201, 100
201, 93
200, 92
200, 85
199, 84
199, 78
198, 77
198, 72
197, 71
197, 66
196, 65
196, 61
195, 60
195, 56
194, 55
194, 52
193, 51
193, 49
192, 48
192, 45
191, 44
191, 43
190, 42
190, 40
189, 39
189, 38
188, 37
188, 35
187, 34
187, 33
186, 32
186, 31
184, 29
184, 28
183, 27
183, 26
181, 24
181, 23
176, 18
175, 18
174, 17
173, 17
172, 16
218, 233
218, 235
219, 236
219, 239
220, 240
220, 243
221, 244
221, 247
222, 248
222, 254
221, 255
220, 254
220, 253
219, 252
219, 250
218, 249
218, 246
217, 245
217, 240
216, 239
217, 231
215, 232
166, 173
167, 172
168, 173
168, 174
169, 175
169, 177
170, 178
170, 180
171, 181
171, 183
172, 184
172, 186
173, 187
173, 189
174, 190
174, 192
175, 193
175, 196
176, 197
176, 199
177, 200
177, 203
178, 204
178, 207
179, 208
179, 211
180, 212
180, 216
181, 217
181, 220
182, 221
182, 226
183, 227
183, 233
184, 234
184, 245
183, 246
183, 248
181, 250
180, 250
177, 247
177, 246
176, 245
176, 244
175, 243
175, 241
174, 240
174, 239
173, 238
173, 236
172, 235
172, 232
171, 231
171, 227
170, 226
170, 221
169, 220
169, 213
168, 212
168, 203
167, 202
167, 188
166, 187
71, 83
72, 83
77, 88
77, 89
78, 90
78, 91
79, 92
79, 93
80, 94
80, 96
81, 97
81, 98
82, 99
82, 101
83, 102
83, 104
84, 105
84, 107
85, 108
85, 111
86, 112
86, 115
87, 116
87, 121
88, 122
88, 128
89, 129
89, 138
90, 139
90, 151
91, 152
91, 162
90, 163
88, 161
88, 160
87, 159
87, 158
86, 157
86, 156
85, 155
85, 154
84, 153
84, 152
83, 151
83, 149
82, 148
82, 147
81, 146
81, 145
80, 144
80, 142
79, 141
79, 140
78, 139
78, 137
77, 136
77, 135
76, 134
76, 132
75, 131
75, 129
74, 128
74, 126
73, 125
73, 123
72, 122
72, 120
71, 119
71, 116
70, 115
70, 111
69, 110
69, 105
68, 104
68, 88
69, 87
69, 85
124, 20
128, 20
129, 21
130, 21
132, 23
133, 23
140, 30
140, 31
142, 33
142, 34
144, 36
144, 37
145, 38
145, 39
146, 40
146, 41
147, 42
147, 43
148, 44
148, 45
149, 46
149, 48
150, 49
150, 51
151, 52
151, 54
152, 55
152, 57
153, 58
153, 61
154, 62
154, 65
155, 66
155, 70
156, 71
156, 76
157, 77
157, 82
158, 83
158, 90
159, 91
159, 101
158, 102
157, 101
157, 100
155, 98
155, 97
154, 96
154, 95
152, 93
152, 92
151, 91
151, 90
150, 89
150, 88
149, 87
149, 86
147, 84
147, 83
146, 82
146, 81
145, 80
145, 79
144, 78
144, 77
143, 76
143, 75
141, 73
141, 72
140, 71
140, 70
139, 69
139, 68
138, 67
138, 66
137, 65
137, 64
136, 63
136, 62
135, 61
135, 60
133, 58
133, 57
132, 56
132, 55
131, 54
131, 53
130, 52
130, 50
129, 49
129, 48
128, 47
128, 46
127, 45
127, 43
126, 42
126, 41
125, 40
125, 38
124, 37
124, 35
123, 34
123, 31
122, 30
122, 22
170, 18
172, 18
174, 20
175, 20
179, 24
179, 25
181, 27
181, 28
183, 30
183, 31
184, 32
184, 33
185, 34
185, 35
186, 36
186, 37
187, 38
187, 40
188, 41
188, 42
189, 43
189, 45
190, 46
190, 48
191, 49
191, 52
192, 53
192, 56
193, 57
193, 60
194, 61
194, 66
195, 67
195, 71
196, 72
196, 78
197, 79
197, 85
198, 86
198, 93
199, 94
199, 101
200, 102
200, 109
201, 110
201, 117
202, 118
202, 126
201, 127
200, 126
200, 125
199, 124
199, 123
198, 122
198, 121
197, 120
197, 119
196, 118
196, 117
195, 116
195, 115
194, 114
194, 113
193, 112
193, 111
192, 110
192, 109
191, 108
191, 107
190, 106
190, 104
189, 103
189, 102
188, 101
188, 100
187, 99
187, 98
186, 97
186, 95
185, 94
185, 93
184, 92
184, 90
183, 89
183, 88
182, 87
182, 85
181, 84
181, 83
180, 82
180, 80
179, 79
179, 77
178, 76
178, 74
177, 73
177, 71
176, 70
176, 68
175, 67
175, 65
174, 64
174, 62
173, 61
173, 59
172, 58
172, 55
171, 54
171, 52
170, 51
170, 48
169, 47
169, 43
168, 42
168, 37
167, 36
167, 22
168, 21
168, 20
