246, 2
248, 367
4, 369
2, 4
10, 166
10, 172
11, 173
11, 175
12, 176
12, 177
13, 178
13, 179
14, 180
14, 181
15, 182
15, 183
16, 184
16, 185
18, 187
18, 188
19, 189
19, 190
21, 192
21, 193
23, 195
23, 196
25, 198
25, 199
27, 201
27, 202
29, 204
29, 205
32, 208
32, 209
35, 212
35, 213
38, 216
38, 217
42, 221
42, 222
46, 226
46, 227
51, 232
51, 233
56, 238
56, 239
65, 248
65, 249
112, 296
113, 296
125, 308
126, 308
134, 316
135, 316
141, 322
142, 322
146, 326
147, 326
152, 331
153, 331
156, 334
157, 334
160, 337
161, 337
164, 340
165, 340
167, 342
168, 342
170, 344
171, 344
172, 345
173, 345
175, 347
176, 347
177, 348
178, 348
180, 350
181, 350
182, 351
183, 351
184, 352
185, 352
186, 353
188, 353
189, 354
191, 354
192, 355
195, 355
196, 354
196, 351
195, 350
195, 349
194, 348
190, 348
189, 349
188, 348
186, 348
185, 347
184, 347
182, 345
181, 345
180, 344
179, 344
178, 343
177, 343
175, 341
174, 341
172, 339
171, 339
169, 337
168, 337
166, 335
165, 335
162, 332
161, 332
158, 329
157, 329
153, 325
152, 325
147, 320
146, 320
141, 315
140, 315
134, 309
133, 309
122, 298
121, 298
101, 278
100, 278
79, 257
79, 256
64, 241
64, 240
57, 233
57, 232
52, 227
52, 226
48, 222
48, 221
43, 216
43, 215
40, 212
40, 211
37, 208
37, 207
34, 204
34, 203
31, 200
31, 199
29, 197
29, 196
27, 194
27, 193
25, 191
25, 190
23, 188
23, 187
22, 186
22, 185
21, 184
21, 183
19, 181
19, 180
18, 179
18, 178
17, 177
17, 176
16, 175
16, 174
15, 173
15, 171
14, 170
14, 167
13, 166
115, 15
113, 17
113, 19
112, 20
112, 28
113, 29
113, 34
114, 35
114, 39
115, 40
115, 43
116, 44
116, 46
117, 47
117, 50
118, 51
118, 53
119, 54
119, 56
120, 57
120, 58
121, 59
121, 61
122, 62
122, 64
123, 65
123, 66
124, 67
124, 69
125, 70
125, 71
126, 72
126, 73
127, 74
127, 76
128, 77
128, 78
129, 79
129, 80
130, 81
130, 82
131, 83
131, 85
132, 86
132, 87
133, 88
133, 89
134, 90
134, 91
135, 92
135, 93
136, 94
136, 95
137, 96
137, 98
138, 99
138, 100
139, 101
139, 102
140, 103
140, 104
141, 105
141, 106
142, 107
142, 108
143, 109
143, 110
144, 111
144, 112
145, 113
145, 114
147, 116
147, 117
148, 118
148, 119
149, 120
149, 122
150, 123
150, 125
151, 126
151, 130
152, 131
152, 134
153, 135
153, 139
154, 140
154, 144
155, 145
155, 149
156, 150
156, 154
157, 155
157, 158
158, 159
158, 163
159, 164
159, 168
160, 169
160, 173
161, 174
161, 178
162, 179
162, 183
163, 184
163, 188
164, 189
164, 193
165, 194
165, 198
166, 199
166, 203
167, 204
167, 208
168, 209
168, 213
167, 214
165, 212
165, 211
164, 210
164, 209
163, 208
163, 207
162, 206
162, 204
161, 203
161, 202
159, 200
159, 199
158, 198
158, 197
157, 196
157, 195
156, 194
156, 193
155, 192
155, 191
154, 190
154, 189
153, 188
153, 187
152, 186
152, 185
151, 184
151, 179
150, 178
150, 170
149, 169
149, 164
148, 163
148, 158
147, 157
147, 153
146, 152
146, 149
145, 148
145, 145
144, 144
144, 141
143, 140
143, 137
142, 136
142, 133
141, 132
141, 129
140, 128
140, 126
139, 125
139, 123
138, 122
138, 120
137, 119
137, 117
136, 116
136, 114
135, 113
135, 111
134, 110
134, 108
133, 107
133, 106
132, 105
132, 103
131, 102
131, 100
130, 99
130, 98
129, 97
129, 96
128, 95
128, 93
127, 92
127, 91
126, 90
126, 88
125, 87
125, 86
124, 85
124, 84
123, 83
123, 81
122, 80
122, 79
121, 78
121, 77
120, 76
120, 75
119, 74
119, 73
118, 72
118, 71
117, 70
117, 69
116, 68
116, 67
115, 66
115, 65
113, 63
113, 62
112, 61
112, 60
111, 59
111, 58
109, 56
109, 55
108, 54
108, 53
106, 51
106, 50
104, 48
104, 47
101, 44
101, 43
98, 40
97, 40
96, 39
93, 39
92, 40
92, 42
91, 43
91, 46
92, 47
92, 53
93, 54
93, 57
94, 58
94, 61
95, 62
95, 65
96, 66
96, 69
97, 70
97, 72
98, 73
98, 75
99, 76
99, 79
100, 80
100, 82
101, 83
101, 84
102, 85
102, 87
103, 88
103, 90
104, 91
104, 93
105, 94
105, 95
106, 96
106, 98
107, 99
107, 101
108, 102
108, 103
109, 104
109, 106
110, 107
110, 108
111, 109
111, 111
112, 112
112, 113
113, 114
113, 115
114, 116
114, 118
115, 119
115, 120
116, 121
116, 122
117, 123
117, 125
118, 126
118, 127
119, 128
119, 129
120, 130
120, 131
121, 132
121, 133
122, 134
122, 136
123, 137
123, 138
124, 139
124, 140
125, 141
125, 142
126, 143
126, 144
127, 145
127, 146
128, 147
128, 148
129, 149
129, 150
130, 151
130, 152
131, 153
131, 154
132, 155
132, 157
133, 158
133, 159
134, 160
134, 161
135, 162
135, 163
136, 164
136, 165
137, 166
137, 167
138, 168
138, 169
139, 170
139, 171
140, 172
140, 173
141, 174
141, 175
142, 176
142, 177
143, 178
143, 179
144, 180
144, 181
145, 182
145, 183
146, 184
146, 192
145, 193
145, 195
144, 196
144, 197
141, 200
137, 200
136, 199
135, 199
133, 197
132, 197
119, 184
119, 183
116, 180
116, 179
113, 176
113, 175
112, 174
112, 173
111, 172
111, 168
110, 167
110, 162
109, 161
109, 157
108, 156
108, 152
107, 151
107, 147
106, 146
106, 142
105, 141
105, 138
104, 137
104, 133
103, 132
103, 128
102, 127
102, 124
101, 123
101, 120
100, 119
100, 116
99, 115
99, 112
98, 111
98, 108
97, 107
97, 105
96, 104
96, 101
95, 100
95, 98
94, 97
94, 95
93, 94
93, 91
92, 90
92, 88
91, 87
91, 85
90, 84
90, 82
89, 81
89, 79
88, 78
88, 76
87, 75
87, 73
86, 72
86, 71
85, 70
85, 68
84, 67
84, 66
83, 65
83, 64
82, 63
82, 62
81, 61
81, 60
78, 57
76, 57
73, 60
73, 61
72, 62
72, 64
71, 65
71, 70
70, 71
70, 85
71, 86
71, 92
72, 93
72, 96
73, 97
73, 100
74, 101
74, 103
75, 104
75, 107
76, 108
76, 110
77, 111
77, 112
78, 113
78, 115
79, 116
79, 118
80, 119
80, 120
81, 121
81, 123
82, 124
82, 125
83, 126
83, 128
84, 129
84, 130
85, 131
85, 132
86, 133
86, 135
87, 136
87, 137
88, 138
88, 139
89, 140
89, 142
90, 143
90, 144
91, 145
91, 146
92, 147
92, 148
93, 149
93, 150
94, 151
94, 152
95, 153
95, 154
96, 155
96, 156
97, 157
97, 158
98, 159
98, 160
99, 161
99, 162
100, 163
100, 164
102, 166
102, 167
103, 168
103, 169
104, 170
104, 171
106, 173
106, 174
107, 175
107, 178
108, 179
108, 184
109, 185
109, 192
110, 193
110, 200
111, 201
111, 208
112, 209
112, 217
113, 218
113, 227
114, 228
114, 236
115, 237
115, 245
116, 246
116, 250
118, 252
119, 252
121, 250
121, 243
120, 242
120, 234
119, 233
119, 230
118, 229
118, 220
117, 219
117, 211
116, 210
116, 202
115, 201
115, 194
114, 193
114, 188
115, 187
129, 201
130, 201
132, 203
133, 203
134, 204
136, 204
137, 205
142, 205
143, 204
144, 204
148, 200
148, 199
149, 198
149, 197
151, 195
152, 196
152, 197
154, 199
154, 200
155, 201
155, 202
156, 203
156, 204
157, 205
157, 206
158, 207
158, 208
159, 209
159, 210
160, 211
160, 212
161, 213
161, 214
162, 215
162, 216
163, 217
163, 219
164, 220
164, 221
165, 222
165, 223
166, 224
166, 225
167, 226
167, 227
168, 228
168, 229
169, 230
169, 231
170, 232
170, 233
171, 234
171, 235
172, 236
172, 237
173, 238
173, 239
174, 240
174, 242
175, 243
175, 246
176, 247
176, 250
177, 251
177, 254
178, 255
178, 258
179, 259
179, 262
180, 263
180, 266
181, 267
181, 269
182, 270
182, 273
183, 274
183, 276
184, 277
184, 280
185, 281
185, 283
186, 284
186, 285
187, 286
187, 288
188, 289
188, 290
189, 291
189, 292
190, 293
190, 294
195, 299
196, 299
197, 300
198, 300
199, 299
200, 299
201, 298
201, 297
202, 296
202, 294
201, 293
201, 290
200, 289
200, 287
199, 286
199, 284
198, 283
198, 281
197, 280
197, 279
196, 278
196, 277
195, 276
195, 274
194, 273
194, 272
193, 271
193, 270
192, 269
192, 267
191, 266
191, 265
190, 264
190, 263
189, 262
189, 261
188, 260
188, 258
187, 257
187, 256
186, 255
186, 254
185, 253
185, 252
184, 251
184, 250
183, 249
183, 248
182, 247
182, 245
181, 244
181, 243
180, 242
180, 241
179, 240
179, 238
178, 237
178, 234
177, 233
177, 230
176, 229
176, 225
175, 224
175, 220
174, 219
174, 215
173, 214
173, 210
172, 209
172, 205
171, 204
171, 200
170, 199
170, 195
169, 194
169, 190
168, 189
168, 185
167, 184
167, 180
166, 179
166, 175
165, 174
165, 170
164, 169
164, 165
163, 164
163, 160
162, 159
162, 155
161, 154
161, 150
160, 149
160, 146
161, 145
162, 146
162, 147
163, 148
163, 149
165, 151
165, 152
166, 153
166, 154
167, 155
167, 156
168, 157
168, 158
169, 159
169, 160
170, 161
170, 162
171, 163
171, 164
172, 165
172, 166
173, 167
173, 168
174, 169
174, 170
175, 171
175, 172
176, 173
176, 174
177, 175
177, 176
178, 177
178, 178
179, 179
179, 180
181, 182
181, 183
182, 184
182, 185
183, 186
183, 187
184, 188
184, 189
185, 190
185, 191
186, 192
186, 193
187, 194
187, 195
188, 196
188, 197
189, 198
189, 199
190, 200
190, 201
191, 202
191, 203
192, 204
192, 205
193, 206
193, 207
194, 208
194, 209
196, 211
196, 212
197, 213
197, 214
198, 215
198, 216
199, 217
199, 218
200, 219
200, 220
201, 221
201, 222
202, 223
202, 224
203, 225
203, 226
204, 227
204, 228
205, 229
205, 230
206, 231
206, 232
207, 233
207, 234
208, 235
208, 237
209, 238
209, 240
210, 241
210, 243
211, 244
211, 245
212, 246
212, 248
213, 249
213, 251
214, 252
214, 253
215, 254
215, 256
216, 257
216, 258
217, 259
217, 261
218, 262
218, 263
219, 264
219, 265
220, 266
220, 267
221, 268
221, 269
222, 270
222, 271
224, 273
224, 274
225, 275
225, 276
227, 278
227, 279
229, 281
229, 282
235, 288
237, 288
238, 287
239, 287
239, 281
238, 280
238, 278
237, 277
237, 276
236, 275
236, 274
235, 273
235, 272
234, 271
234, 270
233, 269
233, 268
231, 266
231, 265
230, 264
230, 263
228, 261
228, 260
227, 259
227, 258
225, 256
225, 255
224, 254
224, 253
222, 251
222, 250
221, 249
221, 248
220, 247
220, 246
218, 244
218, 243
217, 242
217, 241
216, 240
216, 239
215, 238
215, 237
213, 235
213, 233
212, 232
212, 231
211, 230
211, 228
210, 227
210, 225
209, 224
209, 222
208, 221
208, 219
207, 218
207, 215
206, 214
206, 212
205, 211
205, 209
204, 208
204, 205
203, 204
203, 202
202, 201
202, 198
201, 197
201, 194
200, 193
200, 190
199, 189
199, 186
198, 185
198, 183
197, 182
197, 179
196, 178
196, 175
195, 174
195, 171
194, 170
194, 167
193, 166
193, 163
192, 162
192, 160
191, 159
191, 156
190, 155
190, 152
189, 151
189, 148
188, 147
188, 144
187, 143
187, 141
186, 140
186, 137
185, 136
185, 133
184, 132
184, 129
183, 128
183, 126
182, 125
182, 122
181, 121
181, 118
180, 117
180, 115
179, 114
179, 111
178, 110
178, 108
179, 107
180, 108
180, 109
181, 110
181, 111
182, 112
182, 113
183, 114
183, 116
184, 117
184, 118
185, 119
185, 120
186, 121
186, 122
187, 123
187, 124
188, 125
188, 126
189, 127
189, 128
190, 129
190, 130
191, 131
191, 132
192, 133
192, 134
193, 135
193, 136
194, 137
194, 138
195, 139
195, 140
197, 142
197, 143
198, 144
198, 145
199, 146
199, 147
200, 148
200, 149
202, 151
202, 152
203, 153
203, 154
205, 156
205, 157
206, 158
206, 159
208, 161
208, 162
210, 164
210, 165
213, 168
213, 169
216, 172
217, 172
219, 170
219, 168
216, 165
216, 164
214, 162
214, 161
211, 158
211, 157
210, 156
210, 155
208, 153
208, 152
207, 151
207, 150
205, 148
205, 147
204, 146
204, 145
203, 144
203, 143
202, 142
202, 141
200, 139
200, 138
199, 137
199, 136
198, 135
198, 134
197, 133
197, 132
196, 131
196, 130
195, 129
195, 128
194, 127
194, 126
193, 125
193, 124
192, 123
192, 122
191, 121
191, 120
190, 119
190, 118
189, 117
189, 116
188, 115
188, 114
187, 113
187, 112
186, 111
186, 109
185, 108
185, 107
184, 106
184, 105
183, 104
183, 103
182, 102
182, 101
181, 100
181, 99
180, 98
180, 96
179, 95
179, 94
178, 93
178, 92
177, 91
177, 90
176, 89
176, 87
175, 86
175, 85
174, 84
174, 83
173, 82
173, 80
172, 79
172, 78
171, 77
171, 76
170, 75
170, 73
169, 72
169, 71
168, 70
168, 69
167, 68
167, 66
166, 65
166, 63
165, 62
165, 60
164, 59
164, 57
163, 56
163, 54
162, 53
162, 51
161, 50
161, 48
160, 47
160, 45
159, 44
159, 42
158, 41
158, 39
157, 38
157, 36
156, 35
156, 33
155, 32
155, 30
154, 29
154, 27
153, 26
153, 24
152, 23
152, 22
151, 21
148, 21
147, 22
147, 25
148, 26
148, 29
149, 30
149, 32
150, 33
150, 36
151, 37
151, 39
152, 40
152, 41
153, 42
153, 44
154, 45
154, 47
155, 48
155, 50
156, 51
156, 53
157, 54
157, 55
158, 56
158, 58
159, 59
159, 61
160, 62
160, 64
161, 65
161, 67
162, 68
162, 70
163, 71
163, 73
164, 74
164, 77
165, 78
165, 80
166, 81
166, 84
167, 85
167, 88
168, 89
168, 91
169, 92
169, 95
170, 96
170, 99
171, 100
171, 102
172, 103
172, 106
173, 107
173, 110
174, 111
174, 113
175, 114
175, 117
176, 118
176, 121
177, 122
177, 125
178, 126
178, 128
179, 129
179, 132
180, 133
180, 136
181, 137
181, 139
182, 140
182, 143
183, 144
183, 147
184, 148
184, 151
185, 152
185, 155
186, 156
186, 158
187, 159
187, 162
188, 163
188, 166
189, 167
189, 170
190, 171
190, 174
191, 175
191, 178
192, 179
192, 181
193, 182
193, 185
194, 186
194, 189
195, 190
195, 193
196, 194
196, 197
197, 198
197, 200
196, 201
195, 200
195, 199
194, 198
194, 197
193, 196
193, 195
192, 194
192, 193
191, 192
191, 191
190, 190
190, 189
189, 188
189, 187
188, 186
188, 185
187, 184
187, 183
186, 182
186, 181
184, 179
184, 178
183, 177
183, 176
182, 175
182, 174
181, 173
181, 172
180, 171
180, 170
179, 169
179, 168
178, 167
178, 166
177, 165
177, 164
176, 163
176, 162
175, 161
175, 160
174, 159
174, 158
173, 157
173, 156
172, 155
172, 154
171, 153
171, 152
170, 151
170, 150
168, 148
168, 147
167, 146
167, 145
166, 144
166, 143
165, 142
165, 141
164, 140
164, 139
163, 138
163, 137
162, 136
162, 135
161, 134
161, 133
160, 132
160, 131
159, 130
159, 129
158, 128
158, 127
157, 126
157, 125
156, 124
156, 123
155, 122
155, 121
154, 120
154, 117
153, 116
153, 112
152, 111
152, 107
151, 106
151, 102
150, 101
150, 98
149, 97
149, 93
148, 92
148, 88
147, 87
147, 84
146, 83
146, 80
145, 79
145, 76
144, 75
144, 72
143, 71
143, 69
142, 68
142, 65
141, 64
141, 62
140, 61
140, 59
139, 58
139, 56
138, 55
138, 53
137, 52
137, 50
136, 49
136, 47
135, 46
135, 44
134, 43
134, 41
133, 40
133, 38
132, 37
132, 36
131, 35
131, 33
130, 32
130, 31
129, 30
129, 29
128, 28
128, 27
127, 26
127, 25
126, 24
126, 23
125, 22
125, 21
123, 19
123, 18
121, 16
120, 16
119, 15
192, 280
192, 281
193, 282
193, 283
194, 284
194, 286
195, 287
193, 289
193, 288
192, 287
192, 286
191, 285
191, 283
190, 282
191, 278
189, 279
76, 66
77, 65
79, 67
79, 68
80, 69
80, 71
81, 72
81, 73
82, 74
82, 76
83, 77
83, 78
84, 79
84, 81
85, 82
85, 84
86, 85
86, 87
87, 88
87, 90
88, 91
88, 94
89, 95
89, 97
90, 98
90, 100
91, 101
91, 104
92, 105
92, 107
93, 108
93, 111
94, 112
94, 115
95, 116
95, 119
96, 120
96, 123
97, 124
97, 127
98, 128
98, 131
99, 132
99, 136
100, 137
100, 141
101, 142
101, 146
102, 147
102, 150
103, 151
103, 155
102, 156
101, 155
101, 154
100, 153
100, 152
99, 151
99, 150
98, 149
98, 148
97, 147
97, 146
96, 145
96, 144
95, 143
95, 142
94, 141
94, 140
93, 139
93, 137
92, 136
92, 135
91, 134
91, 133
90, 132
90, 130
89, 129
89, 128
88, 127
88, 126
87, 125
87, 123
86, 122
86, 121
85, 120
85, 118
84, 117
84, 116
83, 115
83, 113
82, 112
82, 110
81, 109
81, 107
80, 106
80, 104
79, 103
79, 101
78, 100
78, 97
77, 96
77, 93
76, 92
76, 88
75, 87
75, 69
76, 68
97, 49
98, 48
100, 50
100, 51
102, 53
102, 54
104, 56
104, 57
105, 58
105, 59
107, 61
107, 62
108, 63
108, 64
109, 65
109, 66
111, 68
111, 69
112, 70
112, 71
113, 72
113, 73
114, 74
114, 75
115, 76
115, 77
116, 78
116, 79
117, 80
117, 81
118, 82
118, 83
119, 84
119, 86
120, 87
120, 88
121, 89
121, 90
122, 91
122, 93
123, 94
123, 95
124, 96
124, 98
125, 99
125, 100
126, 101
126, 103
127, 104
127, 105
128, 106
128, 108
129, 109
129, 110
130, 111
130, 113
131, 114
131, 116
132, 117
132, 119
133, 120
133, 122
134, 123
134, 125
135, 126
135, 128
136, 129
136, 132
137, 133
137, 136
138, 137
138, 139
139, 140
139, 143
140, 144
140, 147
141, 148
141, 152
142, 153
142, 156
143, 157
143, 162
144, 163
144, 165
143, 166
141, 164
141, 163
140, 162
140, 161
139, 160
139, 159
138, 158
138, 157
137, 156
137, 155
136, 154
136, 153
135, 152
135, 151
134, 150
134, 148
133, 147
133, 146
132, 145
132, 144
131, 143
131, 142
130, 141
130, 140
129, 139
129, 138
128, 137
128, 136
127, 135
127, 134
126, 133
126, 132
125, 131
125, 129
124, 128
124, 127
123, 126
123, 125
122, 124
122, 123
121, 122
121, 121
120, 120
120, 118
119, 117
119, 116
118, 115
118, 114
117, 113
117, 111
116, 110
116, 109
115, 108
115, 106
114, 105
114, 104
113, 103
113, 101
112, 100
112, 99
111, 98
111, 96
110, 95
110, 93
109, 92
109, 91
108, 90
108, 88
107, 87
107, 85
106, 84
106, 82
105, 81
105, 79
104, 78
104, 76
103, 75
103, 73
102, 72
102, 70
101, 69
101, 66
100, 65
100, 63
99, 62
99, 59
98, 58
98, 54
97, 53
117, 22
118, 21
121, 24
121, 25
122, 26
122, 27
123, 28
123, 29
124, 30
124, 31
125, 32
125, 33
126, 34
126, 35
127, 36
127, 38
128, 39
128, 41
129, 42
129, 43
130, 44
130, 46
131, 47
131, 49
132, 50
132, 52
133, 53
133, 55
134, 56
134, 58
135, 59
135, 61
136, 62
136, 64
137, 65
137, 68
138, 69
138, 71
139, 72
139, 75
140, 76
140, 79
141, 80
141, 83
142, 84
142, 87
143, 88
143, 91
144, 92
144, 96
145, 97
145, 98
144, 99
142, 97
142, 96
141, 95
141, 94
140, 93
140, 91
139, 90
139, 89
138, 88
138, 87
137, 86
137, 85
136, 84
136, 83
135, 82
135, 81
134, 80
134, 78
133, 77
133, 76
132, 75
132, 74
131, 73
131, 71
130, 70
130, 69
129, 68
129, 67
128, 66
128, 64
127, 63
127, 62
126, 61
126, 59
125, 58
125, 56
124, 55
124, 53
123, 52
123, 51
122, 50
122, 47
121, 46
121, 44
120, 43
120, 40
119, 39
119, 36
118, 35
118, 31
117, 30
