4, 59
2, 61
0, 61
0, 63
2, 63
4, 65
4, 135
2, 137
0, 137
0, 139
2, 139
4, 141
4, 212
2, 214
0, 214
0, 216
2, 216
4, 218
4, 288
2, 290
0, 290
0, 292
2, 292
4, 294
4, 365
2, 367
0, 367
2, 369
4, 371
282, 2
284, 367
8, 369
6, 4
128, 15
126, 17
126, 21
127, 22
127, 24
128, 25
128, 26
129, 27
129, 28
130, 29
130, 30
131, 31
131, 32
132, 33
132, 34
134, 36
134, 37
135, 38
135, 39
136, 40
136, 41
138, 43
138, 44
140, 46
140, 47
142, 49
142, 50
144, 52
144, 53
146, 55
146, 56
148, 58
148, 59
151, 62
151, 63
154, 66
154, 67
156, 69
156, 70
160, 74
160, 75
163, 78
163, 79
166, 82
166, 83
169, 86
169, 87
173, 91
173, 92
176, 95
176, 96
180, 100
180, 101
184, 105
184, 106
188, 110
188, 111
192, 115
192, 116
196, 120
196, 121
200, 125
200, 126
205, 131
205, 132
213, 140
213, 141
216, 144
216, 145
217, 146
217, 147
218, 148
218, 149
220, 151
220, 152
221, 153
221, 154
222, 155
222, 156
223, 157
223, 158
224, 159
224, 161
225, 162
223, 164
222, 163
220, 163
218, 161
217, 161
216, 160
215, 160
213, 158
212, 158
210, 156
209, 156
206, 153
205, 153
202, 150
201, 150
198, 147
197, 147
192, 142
191, 142
185, 136
184, 136
162, 114
162, 113
155, 106
155, 105
150, 100
150, 99
146, 95
146, 94
142, 90
142, 89
139, 86
139, 85
136, 82
136, 81
134, 79
134, 78
132, 76
132, 75
130, 73
130, 72
128, 70
128, 69
126, 67
126, 66
124, 64
124, 63
123, 62
123, 61
121, 59
121, 58
119, 56
119, 55
117, 53
117, 52
116, 51
113, 51
113, 54
114, 55
114, 56
116, 58
116, 59
118, 61
118, 62
120, 64
120, 65
121, 66
121, 67
123, 69
123, 70
124, 71
124, 72
126, 74
126, 75
127, 76
127, 77
128, 78
128, 79
130, 81
130, 82
131, 83
131, 84
132, 85
132, 86
133, 87
133, 88
134, 89
134, 90
135, 91
135, 92
136, 93
136, 94
137, 95
137, 96
138, 97
138, 98
139, 99
139, 100
140, 101
140, 102
141, 103
141, 104
142, 105
142, 106
143, 107
143, 109
144, 110
144, 111
145, 112
145, 113
146, 114
146, 115
147, 116
147, 118
148, 119
148, 120
149, 121
149, 123
150, 124
150, 125
151, 126
151, 127
152, 128
152, 130
153, 131
153, 132
154, 133
154, 135
155, 136
155, 137
156, 138
156, 140
157, 141
157, 143
158, 144
158, 145
159, 146
159, 148
160, 149
160, 150
161, 151
161, 153
162, 154
162, 155
163, 156
163, 158
164, 159
164, 161
165, 162
165, 163
166, 164
166, 166
167, 167
167, 168
168, 169
168, 171
169, 172
169, 174
170, 175
170, 176
171, 177
171, 179
172, 180
172, 181
173, 182
173, 184
174, 185
174, 186
175, 187
175, 189
176, 190
176, 191
177, 192
177, 194
178, 195
178, 196
179, 197
179, 199
180, 200
180, 201
181, 202
181, 204
182, 205
182, 206
183, 207
183, 208
184, 209
184, 211
185, 212
185, 213
186, 214
186, 216
187, 217
187, 218
188, 219
188, 220
189, 221
189, 222
188, 223
186, 221
186, 220
185, 219
185, 218
183, 216
183, 215
182, 214
182, 213
180, 211
180, 210
179, 209
179, 208
178, 207
178, 206
176, 204
176, 203
175, 202
175, 201
174, 200
174, 199
172, 197
172, 196
171, 195
171, 194
170, 193
170, 192
168, 190
168, 189
167, 188
167, 187
166, 186
166, 185
164, 183
164, 182
163, 181
163, 180
162, 179
162, 178
160, 176
160, 175
159, 174
159, 173
158, 172
158, 171
156, 169
156, 168
155, 167
155, 166
154, 165
154, 164
153, 163
153, 162
151, 160
151, 159
150, 158
150, 157
149, 156
149, 155
148, 154
148, 153
146, 151
146, 150
145, 149
145, 148
144, 147
144, 146
143, 145
143, 144
142, 143
142, 142
141, 141
141, 140
140, 139
140, 138
138, 136
138, 135
137, 134
137, 132
136, 131
136, 130
135, 129
135, 127
134, 126
134, 124
133, 123
133, 121
132, 120
132, 118
131, 117
131, 115
130, 114
130, 112
129, 111
129, 109
128, 108
128, 106
127, 105
127, 103
126, 102
126, 101
125, 100
125, 98
124, 97
124, 96
123, 95
123, 93
122, 92
122, 91
121, 90
121, 88
120, 87
120, 86
119, 85
119, 84
118, 83
118, 81
117, 80
117, 79
116, 78
116, 76
115, 75
115, 74
114, 73
114, 71
113, 70
113, 69
112, 68
112, 66
111, 65
111, 64
110, 63
110, 61
109, 60
109, 59
108, 58
108, 56
107, 55
107, 54
106, 53
106, 52
104, 50
104, 49
103, 49
102, 48
99, 48
98, 49
98, 56
99, 57
99, 59
100, 60
100, 63
101, 64
101, 66
102, 67
102, 68
103, 69
103, 71
104, 72
104, 74
105, 75
105, 76
106, 77
106, 79
107, 80
107, 81
108, 82
108, 83
109, 84
109, 85
110, 86
110, 88
111, 89
111, 90
112, 91
112, 92
113, 93
113, 94
114, 95
114, 96
115, 97
115, 98
116, 99
116, 100
117, 101
117, 102
118, 103
118, 104
119, 105
119, 106
120, 107
120, 108
121, 109
121, 110
122, 111
122, 112
123, 113
123, 114
124, 115
124, 116
125, 117
125, 118
126, 119
126, 120
127, 121
127, 122
128, 123
128, 124
129, 125
129, 126
130, 127
130, 128
131, 129
131, 130
132, 131
132, 132
133, 133
133, 135
134, 136
134, 138
135, 139
135, 141
136, 142
136, 145
137, 146
137, 148
138, 149
138, 152
139, 153
139, 155
140, 156
140, 159
141, 160
141, 163
142, 164
142, 167
143, 168
143, 171
144, 172
144, 175
145, 176
145, 179
146, 180
146, 183
147, 184
147, 187
148, 188
148, 190
149, 191
149, 192
148, 193
146, 191
146, 190
145, 189
145, 188
144, 187
144, 185
143, 184
143, 183
142, 182
142, 181
141, 180
141, 179
140, 178
140, 177
139, 176
139, 175
138, 174
138, 173
137, 172
137, 170
136, 169
136, 168
135, 167
135, 166
134, 165
134, 164
133, 163
133, 161
132, 160
132, 159
131, 158
131, 157
130, 156
130, 155
129, 154
129, 152
128, 151
128, 150
127, 149
127, 148
126, 147
126, 145
125, 144
125, 143
124, 142
124, 141
123, 140
123, 138
122, 137
122, 136
121, 135
121, 134
120, 133
120, 132
119, 131
119, 129
118, 128
118, 127
117, 126
117, 125
116, 124
116, 123
115, 122
115, 121
114, 120
114, 118
113, 117
113, 116
112, 115
112, 114
111, 113
111, 111
110, 110
110, 109
109, 108
109, 106
108, 105
108, 103
107, 102
107, 100
106, 99
106, 97
105, 96
105, 95
104, 94
104, 92
103, 91
103, 90
102, 89
102, 87
101, 86
101, 85
100, 84
100, 82
99, 81
99, 80
98, 79
98, 78
97, 77
97, 76
96, 75
96, 73
95, 72
95, 71
94, 70
94, 69
93, 68
93, 67
91, 65
91, 64
90, 63
90, 62
88, 60
88, 59
82, 53
81, 53
80, 52
76, 52
75, 53
75, 56
79, 60
79, 61
81, 63
81, 64
83, 66
83, 67
84, 68
84, 69
86, 71
86, 72
87, 73
87, 74
88, 75
88, 76
89, 77
89, 78
90, 79
90, 80
91, 81
91, 82
92, 83
92, 84
94, 86
94, 87
95, 88
95, 89
96, 90
96, 91
97, 92
97, 93
98, 94
98, 95
99, 96
99, 97
100, 98
100, 99
101, 100
101, 101
102, 102
102, 103
103, 104
103, 105
104, 106
104, 107
105, 108
105, 109
106, 110
106, 111
107, 112
107, 114
108, 115
108, 117
109, 118
109, 120
110, 121
110, 123
111, 124
111, 126
112, 127
112, 130
113, 131
113, 134
114, 135
114, 138
115, 139
115, 143
116, 144
116, 149
117, 150
117, 163
116, 164
116, 165
114, 167
109, 167
107, 165
106, 165
103, 162
102, 162
94, 154
94, 153
92, 151
92, 148
91, 147
91, 143
90, 142
90, 138
89, 137
89, 133
88, 132
88, 128
87, 127
87, 123
86, 122
86, 118
85, 117
85, 113
84, 112
84, 108
83, 107
83, 103
82, 102
82, 99
81, 98
81, 95
80, 94
80, 92
79, 91
79, 89
78, 88
78, 86
77, 85
77, 84
76, 83
76, 82
75, 81
75, 79
73, 77
73, 76
72, 75
72, 74
70, 72
70, 71
64, 65
63, 65
62, 64
60, 64
59, 63
54, 63
53, 64
52, 64
49, 67
49, 68
48, 69
48, 73
47, 74
47, 78
48, 79
48, 85
49, 86
49, 88
50, 89
50, 91
51, 92
51, 94
52, 95
52, 97
53, 98
53, 99
54, 100
54, 101
55, 102
55, 103
56, 104
56, 105
57, 106
57, 107
58, 108
58, 109
59, 110
59, 111
60, 112
60, 113
62, 115
62, 116
63, 117
63, 118
65, 120
65, 121
66, 122
66, 123
68, 125
68, 126
70, 128
70, 129
72, 131
72, 132
74, 134
74, 135
77, 138
77, 139
80, 142
80, 143
83, 146
83, 147
88, 152
88, 153
89, 154
89, 155
90, 156
90, 159
91, 160
91, 164
92, 165
92, 168
93, 169
93, 173
94, 174
94, 177
95, 178
95, 182
96, 183
96, 187
97, 188
97, 191
98, 192
98, 196
99, 197
99, 201
100, 202
100, 207
101, 208
101, 217
100, 218
99, 218
85, 204
85, 203
74, 192
74, 191
68, 185
68, 184
62, 178
62, 177
57, 172
57, 171
53, 167
53, 166
50, 163
50, 162
47, 159
47, 158
44, 155
44, 154
42, 152
42, 151
40, 149
40, 148
37, 145
37, 144
36, 143
36, 142
34, 140
34, 139
33, 138
33, 137
31, 135
31, 134
30, 133
30, 132
29, 131
29, 130
28, 129
28, 128
26, 126
26, 124
25, 123
25, 122
24, 121
24, 120
23, 119
23, 117
22, 116
22, 115
21, 114
21, 111
20, 110
20, 106
21, 105
22, 105
23, 104
23, 101
19, 97
18, 97
17, 98
16, 98
16, 99
15, 100
15, 110
16, 111
16, 113
17, 114
17, 117
18, 118
18, 119
19, 120
19, 122
20, 123
20, 124
21, 125
21, 126
22, 127
22, 128
23, 129
23, 130
24, 131
24, 132
25, 133
25, 134
26, 135
26, 136
27, 137
27, 138
29, 140
29, 141
30, 142
30, 143
32, 145
32, 146
34, 148
34, 149
36, 151
36, 152
38, 154
38, 155
41, 158
41, 159
44, 162
44, 163
46, 165
46, 166
50, 170
50, 171
54, 175
54, 176
58, 180
58, 181
64, 187
64, 188
71, 195
71, 196
81, 206
81, 207
106, 232
107, 232
120, 245
121, 245
129, 253
130, 253
137, 260
138, 260
143, 265
144, 265
149, 270
150, 270
155, 275
156, 275
159, 278
160, 278
164, 282
165, 282
169, 286
170, 286
173, 289
174, 289
177, 292
178, 292
181, 295
182, 295
185, 298
186, 298
189, 301
190, 301
192, 303
193, 303
196, 306
197, 306
199, 308
200, 308
203, 311
204, 311
206, 313
207, 313
209, 315
210, 315
213, 318
214, 318
216, 320
217, 320
219, 322
220, 322
223, 325
224, 325
226, 327
227, 327
229, 329
230, 329
232, 331
233, 331
235, 333
236, 333
238, 335
239, 335
241, 337
242, 337
243, 338
244, 338
246, 340
247, 340
249, 342
250, 342
252, 344
253, 344
255, 346
256, 346
257, 347
258, 347
260, 349
261, 349
262, 350
263, 350
265, 352
266, 352
267, 353
268, 353
270, 355
273, 355
274, 354
274, 351
273, 351
271, 349
270, 349
269, 348
268, 348
267, 347
266, 347
264, 345
263, 345
262, 344
261, 344
259, 342
258, 342
256, 340
255, 340
254, 339
253, 339
251, 337
250, 337
248, 335
247, 335
245, 333
244, 333
242, 331
241, 331
239, 329
238, 329
236, 327
235, 327
233, 325
232, 325
230, 323
229, 323
227, 321
226, 321
224, 319
223, 319
220, 316
219, 316
217, 314
216, 314
214, 312
213, 312
210, 309
209, 309
207, 307
206, 307
204, 305
203, 305
200, 302
199, 302
197, 300
196, 300
193, 297
192, 297
190, 295
189, 295
186, 292
185, 292
182, 289
181, 289
178, 286
177, 286
174, 283
173, 283
169, 279
168, 279
164, 275
163, 275
159, 271
158, 271
153, 266
152, 266
147, 261
146, 261
141, 256
140, 256
133, 249
132, 249
124, 241
123, 241
110, 228
109, 228
104, 223
105, 222
105, 202
103, 200
103, 199
102, 198
102, 194
101, 193
101, 189
100, 188
100, 185
99, 184
99, 180
98, 179
98, 175
97, 174
97, 171
96, 170
96, 166
95, 165
95, 162
96, 161
101, 166
102, 166
105, 169
106, 169
107, 170
109, 170
110, 171
115, 171
116, 170
117, 170
119, 168
119, 167
120, 166
120, 162
121, 161
121, 154
120, 153
122, 145
122, 147
123, 148
123, 149
124, 150
124, 151
125, 152
125, 154
126, 155
126, 156
127, 157
127, 158
128, 159
128, 160
129, 161
129, 163
130, 164
130, 165
131, 166
131, 167
132, 168
132, 169
133, 170
133, 172
134, 173
134, 174
135, 175
135, 176
136, 177
136, 178
137, 179
137, 180
138, 181
138, 182
139, 183
139, 185
140, 186
140, 187
141, 188
141, 189
142, 190
142, 191
143, 192
143, 193
144, 194
144, 195
145, 196
145, 197
146, 198
146, 199
147, 200
147, 201
148, 202
148, 203
149, 204
149, 205
150, 206
150, 208
151, 209
151, 210
152, 211
152, 212
153, 213
153, 214
154, 215
154, 216
155, 217
155, 218
156, 219
156, 220
157, 221
157, 222
158, 223
158, 224
159, 225
159, 226
160, 227
160, 228
161, 229
161, 231
162, 232
162, 233
163, 234
163, 235
164, 236
164, 238
165, 239
165, 240
166, 241
166, 242
167, 243
167, 244
168, 245
168, 247
169, 248
169, 249
170, 250
170, 251
172, 253
172, 254
174, 256
177, 256
177, 253
176, 252
176, 251
175, 250
175, 249
174, 248
174, 247
173, 246
173, 245
172, 244
172, 243
171, 242
171, 241
170, 240
170, 239
169, 238
169, 237
168, 236
168, 235
167, 234
167, 233
166, 232
166, 231
165, 230
165, 228
164, 227
164, 226
163, 225
163, 223
162, 222
162, 221
161, 220
161, 218
160, 217
160, 215
159, 214
159, 212
158, 211
158, 209
157, 208
157, 206
156, 205
156, 203
155, 202
155, 199
154, 198
154, 196
153, 195
153, 192
152, 191
152, 189
151, 188
151, 185
150, 184
150, 181
149, 180
149, 177
148, 176
148, 173
147, 172
147, 169
146, 168
146, 165
145, 164
145, 162
144, 161
144, 158
145, 157
147, 159
147, 160
148, 161
148, 162
149, 163
149, 164
151, 166
151, 167
152, 168
152, 169
153, 170
153, 171
155, 173
155, 174
156, 175
156, 176
157, 177
157, 178
158, 179
158, 180
160, 182
160, 183
161, 184
161, 185
162, 186
162, 187
164, 189
164, 190
165, 191
165, 192
166, 193
166, 194
168, 196
168, 197
169, 198
169, 199
170, 200
170, 201
172, 203
172, 204
173, 205
173, 206
174, 207
174, 208
176, 210
176, 211
177, 212
177, 213
178, 214
178, 215
180, 217
180, 218
181, 219
181, 220
183, 222
183, 223
184, 224
184, 225
186, 227
186, 228
187, 229
187, 230
189, 232
189, 233
191, 235
191, 236
192, 237
192, 238
194, 240
194, 241
196, 243
196, 244
197, 245
197, 246
199, 248
199, 249
201, 251
201, 252
203, 254
203, 255
206, 258
206, 259
207, 259
208, 260
210, 258
210, 257
209, 256
209, 255
208, 254
208, 253
207, 252
207, 251
206, 250
206, 249
205, 248
205, 247
204, 246
204, 245
203, 244
203, 243
202, 242
202, 241
201, 240
201, 239
200, 238
200, 237
199, 236
199, 235
198, 234
198, 232
197, 231
197, 230
196, 229
196, 228
195, 227
195, 226
194, 225
194, 224
193, 223
193, 221
192, 220
192, 219
191, 218
191, 217
190, 216
190, 214
189, 213
189, 212
188, 211
188, 210
187, 209
187, 207
186, 206
186, 205
185, 204
185, 202
184, 201
184, 200
183, 199
183, 198
182, 197
182, 195
181, 194
181, 193
180, 192
180, 190
179, 189
179, 187
178, 186
178, 185
177, 184
177, 182
176, 181
176, 180
175, 179
175, 177
174, 176
174, 175
173, 174
173, 172
172, 171
172, 170
171, 169
171, 167
170, 166
170, 165
169, 164
169, 162
168, 161
168, 159
167, 158
167, 157
166, 156
166, 154
165, 153
165, 152
164, 151
164, 149
163, 148
163, 146
162, 145
162, 144
161, 143
161, 141
160, 140
160, 139
159, 138
159, 136
158, 135
158, 134
157, 133
157, 131
156, 130
156, 129
155, 128
155, 126
154, 125
154, 124
153, 123
153, 121
152, 120
152, 119
151, 118
151, 117
150, 116
150, 114
149, 113
149, 112
148, 111
148, 110
147, 109
147, 107
146, 106
146, 105
145, 104
145, 103
144, 102
144, 101
143, 100
143, 99
144, 98
146, 100
146, 101
151, 106
151, 107
157, 113
157, 114
184, 141
185, 141
191, 147
192, 147
196, 151
197, 151
200, 154
201, 154
204, 157
205, 157
207, 159
208, 159
210, 161
211, 161
213, 163
214, 163
216, 165
217, 165
218, 166
220, 166
221, 167
227, 167
228, 166
228, 160
227, 159
227, 157
228, 156
237, 165
239, 165
240, 164
240, 163
232, 155
232, 154
217, 139
217, 138
215, 136
215, 135
213, 133
213, 132
212, 131
212, 130
210, 128
210, 127
209, 126
209, 125
207, 123
207, 122
206, 121
206, 120
204, 118
204, 117
202, 115
202, 114
201, 113
201, 112
199, 110
199, 109
197, 107
197, 106
196, 105
196, 104
194, 102
194, 101
192, 99
192, 98
191, 97
191, 96
189, 94
189, 93
188, 92
188, 91
186, 89
186, 88
184, 86
184, 85
183, 84
183, 83
181, 81
181, 80
179, 78
179, 77
177, 75
177, 74
175, 72
175, 71
173, 69
173, 68
171, 66
171, 65
169, 63
169, 62
167, 60
167, 59
164, 56
164, 55
162, 53
162, 52
159, 49
159, 48
156, 45
156, 44
153, 41
153, 40
150, 37
150, 36
147, 33
147, 32
142, 27
142, 26
133, 17
132, 17
131, 16
130, 16
129, 15
117, 88
115, 89
116, 86
114, 87
54, 67
60, 67
62, 69
63, 69
67, 73
67, 74
69, 76
69, 77
70, 78
70, 79
71, 80
71, 81
72, 82
72, 83
73, 84
73, 85
74, 86
74, 88
75, 89
75, 91
76, 92
76, 94
77, 95
77, 97
78, 98
78, 101
79, 102
79, 105
80, 106
80, 110
81, 111
81, 115
82, 116
82, 120
83, 121
83, 125
84, 126
84, 130
85, 131
85, 136
86, 137
86, 141
87, 142
86, 143
85, 143
84, 142
84, 141
81, 138
81, 137
78, 134
78, 133
76, 131
76, 130
73, 127
73, 126
71, 124
71, 123
70, 122
70, 121
68, 119
68, 118
66, 116
66, 115
65, 114
65, 113
63, 111
63, 110
62, 109
62, 108
61, 107
61, 106
60, 105
60, 104
59, 103
59, 102
58, 101
58, 100
57, 99
57, 98
56, 97
56, 95
55, 94
55, 93
54, 92
54, 90
53, 89
53, 87
52, 86
52, 82
51, 81
51, 72
52, 71
52, 69
106, 63
107, 64
107, 65
108, 66
108, 68
109, 69
109, 70
110, 71
110, 73
111, 74
111, 75
112, 76
112, 77
113, 78
113, 80
114, 81
114, 82
115, 83
113, 85
113, 84
112, 83
112, 82
111, 81
111, 80
110, 79
110, 77
109, 76
109, 75
108, 74
108, 73
107, 72
107, 70
106, 69
106, 67
105, 66
106, 63
105, 59
103, 60
131, 23
132, 22
133, 22
136, 25
136, 26
142, 32
142, 33
147, 38
147, 39
150, 42
150, 43
153, 46
153, 47
155, 49
155, 50
158, 53
158, 54
161, 57
161, 58
163, 60
163, 61
165, 63
165, 64
168, 67
168, 68
170, 70
170, 71
172, 73
172, 74
174, 76
174, 77
176, 79
176, 80
178, 82
178, 83
179, 84
179, 85
181, 87
181, 88
183, 90
183, 91
184, 92
184, 93
186, 95
186, 96
188, 98
188, 99
189, 100
189, 101
191, 103
191, 104
192, 105
192, 106
194, 108
194, 109
196, 111
192, 110
192, 109
188, 105
188, 104
184, 100
184, 99
180, 95
180, 94
177, 91
177, 90
173, 86
173, 85
170, 82
170, 81
166, 77
166, 76
163, 73
163, 72
160, 69
160, 68
157, 65
157, 64
155, 62
155, 61
152, 58
152, 57
149, 54
149, 53
147, 51
147, 50
145, 48
145, 47
143, 45
143, 44
142, 43
142, 42
140, 40
140, 39
138, 37
138, 36
137, 35
137, 34
136, 33
136, 32
134, 30
134, 29
133, 28
133, 27
132, 26
132, 25
131, 24
