324, 2
326, 367
4, 369
2, 4
174, 15
173, 16
171, 16
167, 20
167, 26
166, 27
160, 21
159, 21
157, 19
151, 19
149, 21
149, 32
150, 33
150, 37
151, 38
151, 40
152, 41
152, 44
153, 45
153, 47
154, 48
154, 50
155, 51
155, 52
156, 53
156, 55
157, 56
157, 58
158, 59
158, 60
159, 61
159, 63
160, 64
160, 65
161, 66
161, 68
162, 69
162, 70
163, 71
163, 73
164, 74
164, 75
165, 76
165, 77
166, 78
166, 79
167, 80
167, 81
168, 82
168, 83
169, 84
169, 86
170, 87
170, 88
171, 89
171, 90
172, 91
172, 92
173, 93
173, 94
175, 96
175, 97
176, 98
176, 99
177, 100
177, 101
178, 102
178, 103
179, 104
179, 105
181, 107
181, 108
182, 109
182, 110
183, 111
183, 112
185, 114
185, 115
186, 116
186, 117
187, 118
187, 123
188, 124
188, 134
189, 135
189, 146
190, 147
190, 158
191, 159
191, 169
192, 170
192, 177
191, 178
190, 177
190, 176
188, 174
188, 173
187, 172
187, 171
186, 170
186, 169
184, 167
184, 166
183, 165
183, 164
182, 163
182, 162
180, 160
180, 159
179, 158
179, 157
177, 155
177, 154
176, 153
176, 152
175, 151
175, 150
173, 148
173, 147
172, 146
172, 145
171, 144
171, 143
169, 141
169, 140
168, 139
168, 138
167, 137
167, 136
166, 135
166, 134
165, 133
165, 132
164, 131
164, 128
163, 127
163, 123
162, 122
162, 118
161, 117
161, 114
160, 113
160, 109
159, 108
159, 105
158, 104
158, 101
157, 100
157, 97
156, 96
156, 93
155, 92
155, 89
154, 88
154, 85
153, 84
153, 82
152, 81
152, 78
151, 77
151, 75
150, 74
150, 72
149, 71
149, 69
148, 68
148, 66
147, 65
147, 63
146, 62
146, 60
145, 59
145, 58
144, 57
144, 55
143, 54
143, 53
142, 52
142, 51
141, 50
141, 49
140, 48
140, 46
139, 45
139, 44
138, 43
138, 42
136, 40
136, 39
135, 38
135, 37
134, 36
134, 35
132, 33
132, 32
129, 29
129, 28
123, 22
122, 22
120, 20
119, 20
118, 19
115, 19
114, 20
113, 20
112, 21
112, 22
111, 23
111, 31
112, 32
112, 34
113, 35
113, 37
114, 38
114, 40
115, 41
115, 43
116, 44
116, 45
117, 46
117, 47
118, 48
118, 49
119, 50
119, 52
120, 53
120, 54
121, 55
121, 56
122, 57
122, 58
123, 59
123, 60
124, 61
124, 62
125, 63
125, 64
126, 65
126, 66
127, 67
127, 69
128, 70
128, 71
129, 72
129, 73
130, 74
130, 75
131, 76
131, 77
132, 78
132, 79
133, 80
133, 81
134, 82
134, 83
135, 84
135, 85
136, 86
136, 87
137, 88
137, 89
138, 90
138, 91
139, 92
139, 93
141, 95
141, 96
142, 97
142, 98
143, 99
143, 100
144, 101
144, 102
145, 103
145, 104
146, 105
146, 106
147, 107
147, 108
148, 109
148, 110
149, 111
149, 112
150, 113
150, 114
151, 115
151, 116
152, 117
152, 118
153, 119
153, 120
154, 121
154, 122
156, 124
156, 125
157, 126
157, 127
158, 128
158, 129
159, 130
159, 131
160, 132
160, 133
161, 134
161, 137
162, 138
162, 143
163, 144
163, 152
164, 153
164, 174
163, 175
163, 178
162, 179
162, 181
158, 185
152, 185
151, 184
150, 184
149, 183
148, 183
145, 180
144, 180
135, 171
135, 169
134, 168
134, 163
133, 162
133, 157
132, 156
132, 151
131, 150
131, 145
130, 144
130, 139
129, 138
129, 134
128, 133
128, 129
127, 128
127, 124
126, 123
126, 119
125, 118
125, 114
124, 113
124, 110
123, 109
123, 106
122, 105
122, 102
121, 101
121, 99
120, 98
120, 95
119, 94
119, 92
118, 91
118, 89
117, 88
117, 87
116, 86
116, 84
115, 83
115, 82
114, 81
114, 80
113, 79
113, 77
111, 75
111, 74
110, 73
110, 72
108, 70
108, 69
105, 66
105, 65
98, 58
97, 58
96, 57
93, 57
92, 58
91, 58
91, 59
90, 60
90, 61
89, 62
89, 66
88, 67
88, 72
89, 73
89, 83
90, 84
90, 89
91, 90
91, 95
92, 96
92, 99
93, 100
93, 103
94, 104
94, 107
95, 108
95, 110
96, 111
96, 113
97, 114
97, 116
98, 117
98, 118
99, 119
99, 121
100, 122
100, 123
101, 124
101, 125
102, 126
102, 127
103, 128
103, 129
104, 130
104, 131
105, 132
105, 133
106, 134
106, 135
107, 136
107, 137
108, 138
108, 139
109, 140
109, 141
111, 143
111, 144
112, 145
112, 146
113, 147
113, 148
115, 150
115, 151
117, 153
117, 154
119, 156
119, 157
121, 159
121, 160
124, 163
124, 164
127, 167
127, 168
131, 172
131, 173
132, 174
132, 179
133, 180
133, 186
134, 187
134, 192
135, 193
135, 198
136, 199
136, 205
137, 206
137, 211
138, 212
138, 217
139, 218
139, 222
140, 223
140, 227
141, 228
141, 230
140, 231
139, 230
138, 230
94, 186
94, 185
84, 175
84, 174
75, 165
75, 164
69, 158
69, 157
63, 151
63, 150
58, 145
58, 144
53, 139
53, 138
49, 134
49, 133
44, 128
44, 127
41, 124
41, 123
37, 119
37, 118
34, 115
34, 114
31, 111
31, 110
28, 107
28, 106
26, 104
26, 103
24, 101
24, 100
22, 98
22, 97
21, 96
21, 95
20, 94
20, 93
18, 91
18, 90
17, 89
14, 89
12, 91
12, 93
13, 94
13, 95
15, 97
15, 98
16, 99
16, 100
17, 101
17, 102
19, 104
19, 105
21, 107
21, 108
23, 110
23, 111
26, 114
26, 115
29, 118
29, 119
32, 122
32, 123
36, 127
36, 128
39, 131
39, 132
44, 137
44, 138
48, 142
48, 143
53, 148
53, 149
58, 154
58, 155
63, 160
63, 161
70, 168
70, 169
78, 177
78, 178
88, 188
88, 189
103, 204
103, 205
116, 218
117, 218
135, 236
136, 236
144, 244
144, 248
145, 249
145, 252
146, 253
146, 256
147, 257
147, 261
148, 262
148, 264
149, 265
149, 266
151, 266
152, 265
152, 261
151, 260
151, 256
150, 255
150, 252
149, 251
149, 250
150, 249
154, 253
155, 253
161, 259
162, 259
167, 264
168, 264
173, 269
174, 269
178, 273
179, 273
183, 277
184, 277
187, 280
188, 280
191, 283
192, 283
195, 286
196, 286
199, 289
200, 289
203, 292
204, 292
207, 295
208, 295
210, 297
211, 297
214, 300
215, 300
217, 302
218, 302
220, 304
221, 304
224, 307
225, 307
227, 309
228, 309
230, 311
231, 311
233, 313
234, 313
236, 315
237, 315
238, 316
239, 316
241, 318
242, 318
244, 320
245, 320
247, 322
248, 322
249, 323
250, 323
252, 325
253, 325
255, 327
256, 327
257, 328
258, 328
260, 330
261, 330
262, 331
263, 331
264, 332
265, 332
267, 334
268, 334
269, 335
270, 335
272, 337
273, 337
274, 338
275, 338
276, 339
277, 339
279, 341
280, 341
281, 342
282, 342
283, 343
284, 343
285, 344
286, 344
287, 345
288, 345
289, 346
290, 346
291, 347
292, 347
293, 348
294, 348
295, 349
296, 349
297, 350
298, 350
299, 351
300, 351
301, 352
302, 352
303, 353
305, 353
306, 354
307, 354
308, 355
309, 355
310, 356
313, 356
314, 355
314, 354
315, 353
315, 352
313, 350
312, 350
311, 349
310, 349
309, 348
307, 348
306, 347
305, 347
304, 346
303, 346
302, 345
301, 345
300, 344
299, 344
298, 343
297, 343
296, 342
295, 342
294, 341
293, 341
292, 340
291, 340
290, 339
289, 339
288, 338
287, 338
286, 337
285, 337
284, 336
283, 336
281, 334
280, 334
279, 333
278, 333
277, 332
276, 332
274, 330
273, 330
272, 329
271, 329
270, 328
269, 328
267, 326
266, 326
265, 325
264, 325
262, 323
261, 323
260, 322
259, 322
257, 320
256, 320
254, 318
253, 318
252, 317
251, 317
249, 315
248, 315
246, 313
245, 313
243, 311
242, 311
241, 310
240, 310
238, 308
237, 308
235, 306
234, 306
232, 304
231, 304
229, 302
228, 302
226, 300
225, 300
222, 297
221, 297
219, 295
218, 295
215, 292
214, 292
212, 290
211, 290
208, 287
207, 287
205, 285
204, 285
201, 282
200, 282
196, 278
195, 278
192, 275
191, 275
188, 272
187, 272
183, 268
182, 268
178, 264
177, 264
172, 259
171, 259
166, 254
165, 254
159, 248
158, 248
150, 240
149, 240
146, 237
146, 235
145, 234
145, 230
144, 229
144, 224
143, 223
143, 219
142, 218
142, 213
141, 212
141, 207
140, 206
140, 201
139, 200
139, 194
138, 193
138, 188
137, 187
137, 182
136, 181
136, 180
137, 179
139, 181
140, 181
144, 185
145, 185
146, 186
147, 186
148, 187
149, 187
150, 188
151, 188
152, 189
159, 189
160, 188
161, 188
164, 185
164, 184
165, 183
165, 182
166, 181
166, 179
167, 178
167, 173
168, 172
168, 156
167, 155
167, 148
168, 147
170, 149
170, 150
171, 151
171, 152
172, 153
172, 154
174, 156
174, 157
175, 158
175, 159
176, 160
176, 161
178, 163
178, 164
179, 165
179, 166
181, 168
181, 169
182, 170
182, 171
183, 172
183, 173
185, 175
185, 176
186, 177
186, 178
187, 179
187, 180
189, 182
189, 183
190, 184
190, 185
191, 186
191, 187
192, 188
192, 189
193, 190
193, 191
194, 192
194, 198
195, 199
195, 206
196, 207
196, 214
197, 215
197, 221
198, 222
198, 229
199, 230
199, 236
200, 237
200, 244
201, 245
201, 252
202, 253
202, 259
203, 260
203, 264
204, 265
204, 266
205, 267
205, 268
206, 268
207, 269
213, 269
214, 268
215, 268
218, 265
218, 264
219, 263
219, 261
220, 260
220, 252
219, 251
219, 246
218, 245
218, 242
217, 241
217, 238
216, 237
216, 235
215, 234
215, 232
214, 231
214, 229
213, 228
213, 226
212, 225
212, 223
211, 222
211, 220
210, 219
210, 218
209, 217
209, 215
208, 214
208, 212
207, 211
207, 210
206, 209
206, 208
205, 207
205, 206
204, 205
204, 203
203, 202
203, 201
202, 200
202, 199
201, 198
201, 197
200, 196
200, 195
199, 194
199, 193
198, 192
198, 191
197, 190
197, 183
196, 182
196, 173
195, 172
195, 162
194, 161
194, 150
193, 149
193, 139
192, 138
192, 130
193, 129
195, 131
195, 132
197, 134
197, 135
198, 136
198, 137
199, 138
199, 139
201, 141
201, 142
202, 143
202, 144
204, 146
204, 147
205, 148
205, 149
206, 150
206, 151
208, 153
208, 154
209, 155
209, 156
210, 157
210, 158
212, 160
212, 161
213, 162
213, 163
214, 164
214, 165
215, 166
215, 167
217, 169
217, 170
218, 171
218, 172
219, 173
219, 174
220, 175
220, 176
221, 177
221, 179
222, 180
222, 188
223, 189
223, 196
224, 197
224, 203
225, 204
225, 210
226, 211
226, 216
227, 217
227, 221
228, 222
228, 227
229, 228
229, 232
230, 233
230, 237
231, 238
231, 242
232, 243
232, 246
233, 247
233, 250
234, 251
234, 254
235, 255
235, 257
236, 258
236, 260
237, 261
237, 263
239, 265
239, 266
241, 268
242, 268
243, 269
244, 269
245, 268
246, 268
249, 265
249, 264
250, 263
250, 261
251, 260
251, 255
252, 254
252, 250
251, 249
251, 242
250, 241
250, 237
249, 236
249, 233
248, 232
248, 230
247, 229
247, 227
246, 226
246, 224
245, 223
245, 221
244, 220
244, 218
243, 217
243, 215
242, 214
242, 213
241, 212
241, 210
240, 209
240, 208
239, 207
239, 206
238, 205
238, 204
237, 203
237, 202
236, 201
236, 199
235, 198
235, 197
234, 196
234, 195
233, 194
233, 193
232, 192
232, 191
231, 190
231, 189
230, 188
230, 187
229, 186
229, 185
228, 184
228, 183
227, 182
227, 181
226, 180
226, 178
225, 177
225, 172
224, 171
224, 163
223, 162
223, 153
222, 152
222, 141
221, 140
221, 126
220, 125
220, 112
221, 111
226, 116
226, 117
231, 122
233, 122
233, 121
234, 120
233, 119
233, 118
226, 111
226, 110
220, 104
220, 103
219, 102
219, 83
218, 82
218, 72
217, 71
217, 65
216, 64
216, 59
215, 58
215, 54
214, 53
214, 50
213, 49
213, 47
212, 46
212, 44
211, 43
211, 42
210, 41
210, 39
209, 38
209, 37
208, 36
208, 35
206, 33
206, 32
204, 30
204, 29
197, 22
196, 22
194, 20
193, 20
192, 19
191, 19
190, 18
189, 18
188, 17
186, 17
185, 16
182, 16
181, 15
199, 207
200, 206
202, 208
202, 209
203, 210
203, 212
204, 213
204, 214
205, 215
205, 217
206, 218
206, 219
207, 220
207, 222
208, 223
208, 225
209, 226
209, 228
210, 229
210, 231
211, 232
211, 234
212, 235
212, 237
213, 238
213, 240
214, 241
214, 244
215, 245
215, 249
216, 250
216, 260
215, 261
215, 262
212, 265
211, 265
210, 266
209, 266
207, 264
207, 261
206, 260
206, 255
205, 254
205, 247
204, 246
204, 239
203, 238
203, 232
202, 231
202, 224
201, 223
201, 216
200, 215
200, 209
199, 208
227, 194
228, 193
230, 195
230, 197
231, 198
231, 199
232, 200
232, 201
233, 202
233, 203
234, 204
234, 205
235, 206
235, 207
236, 208
236, 210
237, 211
237, 212
238, 213
238, 214
239, 215
239, 217
240, 218
240, 220
241, 221
241, 223
242, 224
242, 226
243, 227
243, 229
244, 230
244, 232
245, 233
245, 236
246, 237
246, 240
247, 241
247, 246
248, 247
248, 256
247, 257
247, 260
246, 261
246, 262
244, 264
243, 264
241, 262
241, 261
240, 260
240, 258
239, 257
239, 255
238, 254
238, 252
237, 251
237, 248
236, 247
236, 244
235, 243
235, 239
234, 238
234, 234
233, 233
233, 229
232, 228
232, 224
231, 223
231, 218
230, 217
230, 212
229, 211
229, 206
228, 205
228, 199
227, 198
93, 62
94, 61
95, 61
96, 62
97, 62
101, 66
101, 67
104, 70
104, 71
106, 73
106, 74
108, 76
108, 77
109, 78
109, 79
110, 80
110, 81
111, 82
111, 83
112, 84
112, 86
113, 87
113, 88
114, 89
114, 91
115, 92
115, 94
116, 95
116, 97
117, 98
117, 101
118, 102
118, 104
119, 105
119, 108
120, 109
120, 113
121, 114
121, 117
122, 118
122, 122
123, 123
123, 127
124, 128
124, 132
125, 133
125, 137
126, 138
126, 143
127, 144
127, 149
128, 150
128, 154
129, 155
129, 161
128, 162
126, 160
126, 159
123, 156
123, 155
121, 153
121, 152
119, 150
119, 149
117, 147
117, 146
116, 145
116, 144
114, 142
114, 141
113, 140
113, 139
112, 138
112, 137
111, 136
111, 135
110, 134
110, 133
109, 132
109, 131
108, 130
108, 129
106, 127
106, 125
105, 124
105, 123
104, 122
104, 121
103, 120
103, 119
102, 118
102, 116
101, 115
101, 114
100, 113
100, 111
99, 110
99, 108
98, 107
98, 105
97, 104
97, 101
96, 100
96, 97
95, 96
95, 91
94, 90
94, 86
93, 85
93, 77
92, 76
92, 65
93, 64
177, 54
178, 53
180, 55
180, 56
181, 57
181, 58
183, 60
183, 61
185, 63
185, 64
187, 66
187, 67
189, 69
189, 70
191, 72
191, 73
193, 75
193, 76
196, 79
196, 80
198, 82
198, 83
201, 86
201, 87
205, 91
205, 92
209, 96
209, 97
214, 102
214, 103
216, 105
216, 120
217, 121
217, 136
218, 137
218, 149
219, 150
219, 159
220, 160
220, 163
219, 164
217, 162
217, 161
215, 159
215, 158
214, 157
214, 156
213, 155
213, 154
211, 152
211, 151
210, 150
210, 149
209, 148
209, 147
207, 145
207, 144
206, 143
206, 142
205, 141
205, 140
203, 138
203, 137
202, 136
202, 135
200, 133
200, 132
199, 131
199, 130
197, 128
197, 127
196, 126
196, 125
194, 123
194, 122
193, 121
193, 120
192, 119
192, 118
191, 117
191, 116
190, 115
190, 110
189, 109
189, 103
188, 102
188, 98
187, 97
187, 93
186, 92
186, 88
185, 87
185, 84
184, 83
184, 80
183, 79
183, 76
182, 75
182, 72
181, 71
181, 68
180, 67
180, 64
179, 63
179, 60
178, 59
178, 56
177, 55
115, 24
116, 23
117, 23
118, 24
119, 24
128, 33
128, 34
130, 36
130, 37
131, 38
131, 39
133, 41
133, 42
134, 43
134, 44
135, 45
135, 46
136, 47
136, 48
137, 49
137, 50
138, 51
138, 52
139, 53
139, 55
140, 56
140, 57
141, 58
141, 60
142, 61
142, 62
143, 63
143, 65
144, 66
144, 68
145, 69
145, 71
146, 72
146, 74
147, 75
147, 77
148, 78
148, 81
149, 82
149, 84
150, 85
150, 88
151, 89
151, 91
152, 92
152, 95
153, 96
153, 99
154, 100
154, 103
155, 104
155, 108
156, 109
156, 112
157, 113
157, 115
156, 116
155, 115
155, 114
154, 113
154, 112
153, 111
153, 110
151, 108
151, 107
150, 106
150, 105
149, 104
149, 103
148, 102
148, 101
147, 100
147, 99
146, 98
146, 97
145, 96
145, 95
144, 94
144, 93
143, 92
143, 91
142, 90
142, 89
141, 88
141, 87
140, 86
140, 85
139, 84
139, 83
138, 82
138, 81
137, 80
137, 79
136, 78
136, 77
135, 76
135, 75
134, 74
134, 73
133, 72
133, 71
132, 70
132, 69
131, 68
131, 67
130, 66
130, 65
129, 64
129, 63
128, 62
128, 61
127, 60
127, 59
126, 58
126, 56
125, 55
125, 54
124, 53
124, 52
123, 51
123, 50
122, 49
122, 48
121, 47
121, 45
120, 44
120, 43
119, 42
119, 41
118, 40
118, 38
117, 37
117, 36
116, 35
116, 32
115, 31
153, 23
154, 22
155, 23
156, 23
164, 31
164, 32
166, 34
166, 35
167, 36
167, 37
168, 38
168, 39
169, 40
169, 42
170, 43
170, 45
171, 46
171, 48
172, 49
172, 52
173, 53
173, 55
174, 56
174, 59
175, 60
175, 63
176, 64
176, 67
177, 68
177, 70
178, 71
178, 74
179, 75
179, 78
180, 79
180, 82
181, 83
181, 87
182, 88
182, 91
183, 92
183, 96
184, 97
184, 101
185, 102
185, 103
184, 104
182, 102
182, 101
181, 100
181, 99
179, 97
179, 96
178, 95
178, 94
177, 93
177, 92
176, 91
176, 90
175, 89
175, 88
174, 87
174, 86
173, 85
173, 84
172, 83
172, 82
171, 81
171, 80
170, 79
170, 78
169, 77
169, 75
168, 74
168, 73
167, 72
167, 71
166, 70
166, 69
165, 68
165, 66
164, 65
164, 64
163, 63
163, 61
162, 60
162, 59
161, 58
161, 56
160, 55
160, 53
159, 52
159, 51
158, 50
158, 48
157, 47
157, 45
156, 44
156, 42
155, 41
155, 38
154, 37
154, 34
153, 33
153, 28
152, 27
152, 25
153, 24
173, 20
174, 19
182, 19
183, 20
185, 20
186, 21
187, 21
188, 22
189, 22
190, 23
191, 23
192, 24
193, 24
202, 33
202, 34
204, 36
204, 37
205, 38
205, 39
206, 40
206, 41
207, 42
207, 43
208, 44
208, 46
209, 47
209, 49
210, 50
210, 53
211, 54
211, 57
212, 58
212, 62
213, 63
213, 69
214, 70
214, 78
215, 79
215, 95
214, 96
210, 92
210, 91
206, 87
206, 86
203, 83
203, 82
200, 79
200, 78
197, 75
197, 74
195, 72
195, 71
193, 69
193, 68
191, 66
191, 65
189, 63
189, 62
187, 60
187, 59
185, 57
185, 56
184, 55
184, 54
182, 52
182, 51
181, 50
181, 49
179, 47
179, 46
178, 45
178, 44
177, 43
177, 42
176, 41
176, 40
175, 39
175, 38
174, 37
174, 36
173, 35
173, 33
172, 32
172, 30
171, 29
171, 26
170, 25
170, 24
171, 23
171, 21
172, 20
