4, 41
2, 43
0, 43
0, 45
2, 45
4, 47
4, 95
2, 97
0, 97
0, 99
2, 99
4, 101
4, 149
2, 151
0, 151
0, 153
2, 153
4, 155
4, 203
2, 205
0, 205
0, 207
2, 207
4, 209
4, 257
2, 259
0, 259
0, 261
2, 261
4, 263
4, 311
2, 313
0, 313
0, 315
2, 315
4, 317
4, 365
2, 367
0, 367
2, 369
4, 371
8, 2
376, 4
374, 369
6, 367
293, 15
292, 16
279, 16
278, 17
271, 17
270, 18
264, 18
263, 19
258, 19
257, 20
252, 20
251, 21
247, 21
246, 22
243, 22
242, 23
238, 23
237, 24
234, 24
233, 25
230, 25
229, 26
226, 26
225, 27
222, 27
221, 28
219, 28
218, 29
215, 29
214, 30
212, 30
211, 31
209, 31
208, 32
206, 32
205, 33
203, 33
202, 34
200, 34
199, 35
197, 35
196, 36
194, 36
193, 37
192, 37
191, 38
189, 38
188, 39
187, 39
186, 40
185, 40
184, 41
182, 41
181, 42
180, 42
179, 43
178, 43
177, 44
176, 44
175, 45
173, 45
172, 46
171, 46
170, 47
169, 47
168, 48
167, 48
166, 49
165, 49
164, 50
163, 50
162, 51
161, 51
160, 52
159, 52
158, 53
157, 53
156, 54
155, 54
154, 55
153, 55
152, 56
151, 56
150, 57
149, 57
147, 59
146, 59
145, 58
145, 50
146, 49
146, 37
143, 37
143, 42
142, 43
142, 58
141, 59
141, 62
140, 63
139, 63
138, 64
137, 64
136, 65
135, 65
133, 67
132, 67
131, 68
130, 68
128, 70
127, 70
125, 72
124, 72
123, 73
122, 73
120, 75
119, 75
118, 76
117, 76
115, 78
114, 78
112, 80
111, 80
109, 82
108, 82
107, 83
106, 83
104, 85
103, 85
101, 87
100, 87
98, 89
97, 89
95, 91
94, 91
93, 92
92, 92
90, 94
89, 94
87, 96
86, 96
84, 98
83, 98
82, 99
81, 99
79, 101
78, 101
76, 103
75, 103
73, 105
72, 105
71, 106
70, 106
68, 108
67, 108
65, 110
64, 110
63, 111
62, 111
60, 113
59, 113
57, 115
56, 115
54, 117
53, 117
51, 119
50, 119
49, 120
48, 120
45, 123
44, 123
42, 125
41, 125
39, 127
38, 127
36, 129
35, 129
32, 132
31, 132
23, 140
23, 141
22, 142
22, 143
21, 144
21, 145
20, 146
20, 152
22, 154
24, 154
25, 153
25, 151
24, 150
24, 146
25, 145
25, 144
27, 142
27, 141
31, 137
32, 137
35, 134
36, 134
39, 131
40, 131
42, 129
43, 129
45, 127
46, 127
48, 125
49, 125
51, 123
52, 123
54, 121
55, 121
57, 119
58, 119
60, 117
61, 117
63, 115
64, 115
66, 113
67, 113
68, 112
69, 112
71, 110
72, 110
73, 109
74, 109
76, 107
77, 107
79, 105
80, 105
82, 103
83, 103
84, 102
85, 102
87, 100
88, 100
90, 98
91, 98
93, 96
94, 96
95, 95
96, 95
98, 93
99, 93
101, 91
102, 91
104, 89
105, 89
107, 87
108, 87
109, 86
110, 86
112, 84
113, 84
115, 82
116, 82
118, 80
119, 80
120, 79
121, 79
123, 77
124, 77
126, 75
127, 75
128, 74
129, 74
131, 72
132, 72
133, 71
134, 71
136, 69
137, 69
138, 68
140, 68
141, 69
141, 72
140, 73
140, 87
139, 88
139, 105
138, 106
138, 127
137, 128
137, 145
136, 146
136, 156
135, 157
135, 165
134, 166
134, 173
133, 174
133, 180
132, 181
132, 187
131, 188
131, 194
130, 195
130, 201
129, 202
129, 208
128, 209
128, 217
127, 218
127, 223
126, 224
126, 225
123, 228
123, 229
120, 232
120, 233
119, 234
119, 235
117, 237
117, 238
116, 239
116, 240
114, 242
114, 243
109, 248
109, 249
108, 250
108, 251
107, 252
107, 253
106, 254
106, 255
105, 256
105, 258
104, 259
104, 262
103, 263
103, 266
102, 267
102, 271
101, 272
101, 277
100, 278
100, 296
101, 297
101, 299
102, 300
102, 301
103, 301
104, 302
107, 302
108, 301
109, 301
110, 300
110, 299
112, 297
112, 296
113, 295
113, 294
114, 293
114, 292
115, 291
115, 289
116, 288
116, 283
117, 282
117, 277
118, 276
118, 274
119, 273
119, 271
120, 270
120, 269
121, 268
121, 266
122, 265
122, 264
123, 263
123, 260
124, 259
124, 257
125, 256
125, 253
126, 252
126, 249
127, 248
127, 245
128, 244
128, 239
129, 238
129, 231
130, 230
130, 226
132, 224
133, 224
135, 222
136, 222
150, 208
151, 208
154, 205
155, 205
157, 203
158, 203
163, 198
164, 198
165, 199
165, 200
164, 201
164, 206
163, 207
163, 212
162, 213
162, 219
161, 220
161, 225
160, 226
160, 234
159, 235
159, 246
158, 247
158, 256
157, 257
157, 276
156, 277
156, 278
154, 280
154, 281
153, 282
153, 283
151, 285
151, 286
145, 292
144, 292
141, 295
141, 296
126, 311
126, 312
124, 314
124, 315
123, 316
123, 317
122, 318
122, 320
121, 321
121, 327
122, 328
122, 329
128, 335
129, 335
130, 336
131, 336
132, 337
138, 337
139, 336
140, 336
141, 335
142, 335
144, 333
145, 333
147, 331
147, 330
149, 328
149, 327
150, 326
150, 324
151, 323
151, 320
152, 319
152, 317
153, 316
153, 313
154, 312
154, 310
155, 309
155, 306
156, 305
156, 303
157, 302
157, 299
158, 298
158, 295
159, 294
159, 290
160, 289
160, 282
161, 281
161, 277
166, 272
167, 272
174, 265
174, 264
182, 256
183, 256
186, 253
187, 253
188, 254
188, 258
187, 259
187, 266
186, 267
186, 273
185, 274
185, 279
184, 280
184, 284
183, 285
183, 290
182, 291
182, 295
181, 296
181, 301
178, 304
178, 305
176, 307
176, 308
174, 310
174, 311
173, 312
173, 313
172, 314
172, 315
171, 316
171, 319
170, 320
170, 322
169, 323
169, 326
168, 327
168, 336
169, 337
169, 341
170, 342
170, 344
171, 345
171, 346
172, 347
172, 348
173, 349
173, 350
176, 353
177, 353
178, 354
180, 354
181, 355
182, 355
183, 354
186, 354
187, 353
189, 353
190, 352
191, 352
194, 349
194, 348
195, 347
195, 345
196, 344
196, 342
197, 341
197, 338
198, 337
198, 325
197, 324
197, 323
196, 322
196, 321
195, 320
195, 319
192, 316
192, 315
189, 312
189, 311
186, 308
186, 307
185, 306
185, 301
189, 297
189, 296
207, 278
207, 277
215, 269
216, 269
219, 266
220, 266
222, 264
223, 264
224, 263
225, 263
227, 261
227, 259
226, 258
225, 258
223, 260
222, 260
221, 261
220, 261
218, 263
217, 263
214, 266
213, 266
204, 275
204, 276
187, 293
186, 292
186, 288
187, 287
187, 283
188, 282
188, 277
189, 276
189, 271
190, 270
190, 263
191, 262
191, 254
192, 253
192, 249
194, 247
194, 246
197, 243
197, 242
200, 239
200, 238
202, 236
202, 235
204, 233
204, 232
207, 229
207, 228
211, 224
211, 223
216, 218
216, 217
218, 215
218, 214
219, 213
219, 212
220, 211
220, 210
221, 209
221, 208
222, 207
222, 206
223, 205
223, 203
224, 202
224, 200
225, 199
225, 196
226, 195
226, 192
227, 191
227, 189
228, 188
228, 185
229, 184
229, 182
228, 181
228, 180
224, 176
223, 176
222, 175
220, 175
219, 176
217, 176
211, 182
211, 183
208, 186
208, 187
207, 188
207, 189
206, 190
206, 191
205, 192
205, 193
204, 194
204, 196
203, 197
203, 198
202, 199
202, 201
201, 202
201, 205
200, 206
200, 208
199, 209
199, 212
198, 213
198, 215
197, 216
197, 219
196, 220
196, 222
195, 223
195, 226
194, 227
194, 230
193, 231
193, 233
192, 234
192, 236
191, 237
191, 240
190, 241
190, 244
189, 245
189, 246
185, 250
184, 250
181, 253
180, 253
171, 262
171, 263
165, 269
164, 269
162, 271
161, 270
161, 251
162, 250
162, 240
163, 239
163, 229
164, 228
164, 223
165, 222
165, 216
166, 215
166, 209
167, 208
167, 203
168, 202
168, 198
169, 197
169, 193
170, 192
170, 190
172, 188
172, 187
176, 183
176, 182
181, 177
181, 176
184, 173
184, 172
185, 171
185, 169
186, 168
186, 166
187, 165
187, 161
188, 160
188, 158
189, 157
189, 155
190, 154
190, 151
187, 148
186, 148
184, 146
179, 146
174, 151
174, 152
172, 154
172, 156
171, 157
171, 166
170, 167
170, 175
169, 176
169, 180
168, 181
168, 185
167, 186
167, 188
165, 190
165, 191
156, 200
155, 200
153, 202
152, 202
149, 205
148, 205
134, 219
133, 219
132, 220
131, 219
131, 212
132, 211
132, 205
133, 204
133, 198
134, 197
134, 191
135, 190
135, 184
136, 183
136, 177
137, 176
137, 169
138, 168
138, 161
139, 160
139, 151
140, 150
140, 136
141, 135
141, 115
142, 114
142, 95
143, 94
143, 79
144, 78
144, 66
147, 63
148, 63
150, 61
151, 61
152, 60
153, 60
154, 59
155, 59
156, 58
157, 58
158, 57
159, 57
160, 56
161, 56
162, 55
163, 55
164, 54
165, 54
166, 53
167, 53
168, 52
169, 52
170, 51
171, 51
172, 50
173, 50
174, 49
175, 49
176, 48
177, 48
178, 47
179, 47
180, 46
182, 46
183, 45
184, 45
185, 44
186, 44
187, 43
189, 43
190, 42
191, 42
192, 41
194, 41
195, 40
196, 40
197, 39
199, 39
200, 38
202, 38
203, 37
205, 37
206, 36
208, 36
209, 35
211, 35
212, 34
214, 34
215, 33
218, 33
219, 32
221, 32
222, 31
225, 31
226, 30
229, 30
230, 29
232, 29
233, 28
236, 28
237, 27
241, 27
242, 26
245, 26
246, 25
250, 25
251, 24
256, 24
257, 23
262, 23
263, 22
268, 22
269, 21
276, 21
277, 20
288, 20
289, 19
330, 19
331, 20
343, 20
344, 21
353, 21
354, 22
360, 22
361, 21
361, 19
360, 19
359, 18
352, 18
351, 17
340, 17
339, 16
325, 16
324, 15
184, 310
184, 311
186, 313
186, 314
189, 317
189, 318
192, 321
192, 322
193, 323
193, 324
194, 325
194, 326
195, 334
194, 335
194, 339
193, 340
193, 343
192, 344
192, 345
191, 346
191, 347
189, 349
188, 349
187, 350
186, 350
180, 351
179, 350
178, 350
176, 348
176, 347
175, 346
175, 345
174, 344
174, 343
173, 342
173, 340
172, 325
173, 324
173, 321
174, 320
174, 318
175, 317
175, 316
176, 315
176, 314
177, 313
177, 312
179, 310
179, 309
154, 287
155, 286
156, 287
156, 292
155, 293
155, 296
154, 297
154, 300
153, 301
153, 303
152, 304
152, 307
151, 308
151, 310
150, 311
150, 314
149, 315
149, 317
148, 318
148, 321
147, 322
147, 324
146, 325
146, 326
140, 332
139, 332
138, 333
136, 333
135, 334
134, 334
133, 333
132, 333
131, 332
130, 332
125, 327
125, 325
124, 324
125, 323
125, 320
126, 319
126, 318
127, 317
127, 316
130, 313
130, 312
154, 288
125, 232
126, 233
126, 235
125, 236
125, 241
124, 242
124, 246
123, 247
123, 250
122, 251
122, 254
121, 255
121, 257
120, 258
120, 261
119, 262
119, 263
118, 264
118, 266
117, 267
117, 269
116, 270
116, 271
115, 272
115, 274
114, 275
114, 280
113, 281
113, 286
112, 287
112, 289
111, 290
111, 291
110, 292
110, 293
109, 294
109, 295
106, 298
105, 298
104, 297
104, 294
103, 293
103, 283
104, 282
104, 274
105, 273
105, 269
106, 268
106, 265
107, 264
107, 261
108, 260
108, 258
109, 257
109, 256
110, 255
110, 254
111, 253
111, 252
112, 251
112, 250
117, 245
117, 244
119, 242
119, 241
120, 240
120, 239
121, 238
121, 237
123, 235
123, 234
219, 179
222, 179
225, 182
225, 186
224, 187
224, 189
223, 190
223, 192
222, 193
222, 197
221, 198
221, 200
220, 201
220, 203
219, 204
219, 205
218, 206
218, 208
217, 209
217, 210
215, 212
215, 213
213, 215
213, 216
208, 221
208, 222
204, 226
204, 227
202, 229
202, 230
199, 233
199, 234
196, 232
197, 231
197, 229
198, 228
198, 225
199, 224
199, 222
200, 221
200, 218
201, 217
201, 215
202, 214
202, 211
203, 210
203, 208
204, 207
204, 204
205, 203
205, 201
206, 200
206, 198
207, 197
207, 196
208, 195
208, 194
209, 193
209, 192
210, 191
210, 190
211, 189
211, 188
213, 186
213, 185
181, 149
182, 150
183, 150
184, 151
185, 151
186, 152
186, 155
185, 156
185, 158
184, 159
184, 162
183, 163
183, 167
182, 168
182, 169
181, 170
181, 171
178, 174
178, 175
174, 179
173, 178
173, 172
174, 171
174, 159
175, 158
175, 156
177, 154
177, 153
