362, 2
364, 367
4, 369
2, 4
22, 265
21, 266
21, 270
22, 271
22, 277
23, 278
23, 281
24, 282
24, 286
25, 287
25, 290
26, 291
26, 294
27, 295
27, 298
28, 299
28, 301
29, 302
29, 304
30, 305
30, 307
31, 308
31, 310
32, 311
32, 312
33, 313
33, 314
34, 315
34, 316
35, 317
35, 318
36, 319
36, 320
37, 321
37, 322
39, 324
39, 325
44, 330
46, 330
49, 327
49, 326
50, 325
50, 322
51, 321
51, 318
52, 317
52, 315
53, 314
53, 313
56, 310
57, 310
58, 309
62, 309
63, 310
64, 310
65, 311
66, 311
76, 321
76, 322
81, 327
81, 328
89, 336
89, 337
106, 354
109, 354
110, 353
110, 352
109, 352
87, 330
87, 329
81, 323
81, 322
76, 317
76, 316
70, 310
69, 310
67, 308
66, 308
65, 307
63, 307
62, 306
57, 306
56, 307
55, 307
53, 309
52, 309
52, 310
50, 312
50, 313
49, 314
49, 316
48, 317
48, 320
47, 321
47, 324
45, 326
44, 326
43, 325
43, 324
40, 321
40, 320
39, 319
39, 318
37, 316
37, 315
36, 314
36, 312
35, 311
35, 310
34, 309
34, 307
33, 306
33, 304
32, 303
32, 301
31, 300
31, 298
30, 297
30, 295
29, 294
29, 291
28, 290
28, 287
27, 286
27, 282
26, 281
26, 277
25, 276
25, 271
24, 270
24, 265
326, 204
326, 205
325, 206
327, 208
328, 208
329, 209
332, 209
333, 210
346, 210
350, 206
349, 205
349, 204
346, 204
344, 206
334, 206
333, 205
331, 205
330, 204
53, 16
53, 21
54, 22
54, 28
55, 29
55, 34
56, 35
56, 40
57, 41
57, 46
58, 47
58, 51
59, 52
59, 56
60, 57
60, 61
61, 62
61, 66
62, 67
62, 72
63, 73
63, 77
64, 78
64, 83
65, 84
65, 89
66, 90
66, 96
67, 97
67, 102
68, 103
68, 109
69, 110
69, 116
70, 117
70, 124
71, 125
71, 132
72, 133
72, 140
73, 141
73, 147
74, 148
74, 155
75, 156
75, 162
76, 163
76, 168
77, 169
77, 175
78, 176
78, 182
79, 183
79, 188
78, 189
77, 188
77, 187
76, 186
76, 185
75, 184
75, 183
74, 182
74, 181
72, 179
72, 178
71, 177
71, 176
70, 175
70, 174
69, 173
69, 172
68, 171
68, 170
67, 169
67, 168
66, 167
66, 166
65, 165
65, 164
63, 162
63, 161
62, 160
62, 159
61, 158
61, 157
60, 156
60, 155
59, 154
59, 153
57, 151
57, 150
56, 149
56, 148
55, 147
55, 146
53, 144
53, 143
52, 142
52, 141
51, 140
51, 139
49, 137
49, 136
47, 134
47, 133
46, 132
46, 131
42, 127
42, 126
39, 123
39, 122
38, 121
38, 119
37, 118
37, 116
35, 114
35, 113
33, 111
32, 111
31, 110
27, 110
26, 111
25, 111
20, 116
20, 117
19, 118
19, 119
18, 120
18, 122
17, 123
17, 127
16, 128
16, 136
17, 137
18, 137
19, 136
19, 130
20, 129
20, 125
21, 124
21, 122
22, 121
22, 120
23, 119
23, 118
27, 114
28, 114
29, 113
30, 114
31, 114
33, 116
33, 117
34, 118
34, 120
35, 121
35, 123
36, 124
36, 127
37, 128
37, 132
38, 133
38, 138
39, 139
39, 145
40, 146
40, 152
41, 153
41, 160
42, 161
42, 169
43, 170
43, 178
44, 179
44, 193
45, 194
45, 220
44, 221
44, 242
43, 243
43, 280
42, 281
42, 286
41, 287
41, 288
42, 289
44, 289
45, 288
45, 284
46, 283
46, 248
47, 247
47, 230
48, 229
48, 188
47, 187
47, 176
46, 175
46, 167
45, 166
45, 158
44, 157
44, 151
43, 150
43, 143
42, 142
42, 137
41, 136
41, 133
42, 132
44, 134
44, 135
46, 137
46, 138
48, 140
48, 141
49, 142
49, 143
51, 145
51, 146
52, 147
52, 148
53, 149
53, 150
55, 152
55, 153
56, 154
56, 155
57, 156
57, 157
58, 158
58, 159
59, 160
59, 161
61, 163
61, 164
62, 165
62, 166
63, 167
63, 168
64, 169
64, 170
65, 171
65, 172
66, 173
66, 174
67, 175
67, 176
69, 178
69, 179
70, 180
70, 181
71, 182
71, 183
72, 184
72, 185
73, 186
73, 187
74, 188
74, 189
75, 190
75, 191
76, 192
76, 193
77, 194
77, 195
78, 196
78, 197
79, 198
81, 198
82, 197
82, 195
83, 194
83, 192
82, 191
82, 183
81, 182
81, 176
80, 175
80, 169
79, 168
79, 163
78, 162
78, 156
77, 155
77, 148
76, 147
76, 141
75, 140
76, 132
77, 133
77, 136
78, 137
78, 140
79, 141
79, 144
80, 145
80, 148
81, 149
81, 152
82, 153
82, 155
83, 156
83, 159
84, 160
84, 162
85, 163
85, 165
86, 166
86, 168
87, 169
87, 171
88, 172
88, 174
89, 175
89, 177
90, 178
90, 179
91, 180
91, 182
92, 183
92, 184
93, 185
93, 187
94, 188
94, 189
95, 190
95, 192
96, 193
96, 194
98, 196
100, 196
101, 195
102, 195
102, 194
103, 193
103, 192
104, 191
104, 187
105, 186
105, 164
104, 163
104, 150
103, 149
103, 137
102, 136
102, 123
101, 122
101, 105
103, 103
105, 105
105, 106
106, 107
106, 108
107, 109
107, 110
108, 111
108, 113
109, 114
109, 116
110, 117
110, 118
111, 119
111, 121
112, 122
112, 124
113, 125
113, 127
114, 128
114, 131
115, 132
115, 134
116, 135
116, 137
117, 138
117, 141
118, 142
118, 144
119, 145
119, 147
120, 148
120, 151
121, 152
121, 154
122, 155
122, 157
123, 158
123, 160
124, 161
124, 163
125, 164
125, 169
126, 170
126, 175
127, 176
127, 178
128, 179
128, 181
130, 183
132, 183
132, 177
131, 176
131, 174
130, 173
130, 170
129, 169
129, 167
128, 166
128, 162
127, 161
127, 123
128, 122
129, 122
130, 123
130, 124
131, 125
131, 127
132, 128
132, 129
133, 130
133, 132
134, 133
134, 135
135, 136
135, 138
136, 139
136, 141
137, 142
137, 144
138, 145
138, 147
139, 148
139, 151
140, 152
140, 155
141, 156
141, 159
142, 160
142, 165
143, 166
143, 170
144, 171
144, 175
145, 176
145, 180
146, 181
146, 185
147, 186
147, 187
148, 188
149, 188
150, 187
150, 182
149, 181
149, 171
148, 170
148, 119
149, 118
150, 119
150, 121
151, 122
151, 124
152, 125
152, 128
153, 129
153, 132
154, 133
154, 136
155, 137
155, 139
156, 140
156, 143
157, 144
157, 146
158, 147
158, 149
159, 150
159, 152
160, 153
160, 154
161, 155
161, 157
162, 158
162, 159
163, 160
163, 162
164, 163
164, 164
165, 165
165, 166
166, 167
166, 169
167, 170
167, 171
168, 172
168, 173
169, 174
169, 175
170, 176
170, 177
171, 178
171, 180
172, 181
172, 182
173, 183
173, 184
174, 185
174, 186
176, 188
176, 189
179, 189
179, 188
180, 187
180, 179
179, 178
179, 171
178, 170
178, 164
177, 163
177, 156
176, 155
176, 145
175, 144
175, 126
176, 125
176, 122
177, 121
182, 126
182, 127
184, 129
184, 130
185, 131
185, 132
186, 133
186, 134
187, 135
187, 136
188, 137
188, 142
189, 143
189, 148
190, 149
190, 153
191, 154
191, 158
192, 159
192, 163
193, 164
193, 167
194, 168
194, 171
195, 172
195, 174
196, 175
196, 177
197, 178
197, 179
201, 183
202, 183
203, 184
208, 184
209, 183
210, 183
211, 182
212, 182
216, 178
216, 177
217, 176
217, 175
218, 174
218, 173
219, 172
219, 169
220, 168
220, 167
221, 166
222, 167
222, 168
223, 169
223, 172
224, 173
224, 175
225, 176
225, 179
226, 180
226, 182
227, 183
227, 185
228, 186
228, 187
229, 188
229, 189
230, 190
232, 190
232, 189
233, 188
233, 180
232, 179
232, 169
231, 168
231, 160
232, 159
233, 160
233, 162
234, 163
234, 164
235, 165
235, 167
236, 168
236, 169
237, 170
237, 172
238, 173
238, 174
239, 175
239, 177
240, 178
240, 179
241, 180
241, 181
242, 182
242, 184
244, 186
246, 186
247, 185
247, 184
248, 183
248, 179
249, 178
249, 170
248, 169
248, 155
247, 154
247, 138
246, 137
246, 111
247, 110
247, 104
248, 103
250, 103
251, 104
251, 105
253, 107
253, 108
254, 109
254, 110
255, 111
255, 113
256, 114
256, 116
257, 117
257, 119
258, 120
258, 123
259, 124
259, 127
260, 128
260, 131
261, 132
261, 135
262, 136
262, 139
263, 140
263, 143
264, 144
264, 147
265, 148
265, 154
266, 155
266, 161
267, 162
267, 166
268, 167
268, 171
269, 172
269, 174
270, 175
270, 176
271, 177
273, 177
274, 176
274, 174
273, 173
273, 169
272, 168
272, 165
271, 164
271, 160
270, 159
270, 156
269, 155
269, 152
268, 151
268, 143
267, 142
267, 127
268, 126
270, 128
270, 129
271, 130
271, 132
272, 133
272, 135
273, 136
273, 138
274, 139
274, 141
275, 142
275, 145
276, 146
276, 149
277, 150
277, 153
278, 154
278, 157
279, 158
279, 161
280, 162
280, 164
281, 165
281, 167
282, 168
282, 170
283, 171
283, 174
284, 175
284, 177
285, 178
285, 179
286, 180
286, 181
289, 181
289, 180
290, 179
290, 159
289, 158
289, 120
290, 119
290, 115
291, 114
294, 117
294, 118
295, 119
295, 120
296, 121
296, 123
297, 124
297, 125
298, 126
298, 128
299, 129
299, 131
300, 132
300, 134
301, 135
301, 137
302, 138
302, 140
303, 141
303, 143
304, 144
304, 147
305, 148
305, 150
306, 151
306, 154
307, 155
307, 158
308, 159
308, 162
309, 163
309, 166
310, 167
312, 167
312, 158
311, 157
311, 149
310, 148
310, 138
309, 137
309, 126
310, 125
310, 120
311, 119
311, 118
312, 117
314, 117
315, 118
315, 119
318, 122
318, 123
319, 124
319, 125
320, 126
320, 128
321, 129
321, 130
322, 131
322, 132
323, 133
323, 135
324, 136
324, 138
325, 139
325, 140
326, 141
326, 143
327, 144
327, 146
328, 147
328, 149
329, 150
329, 152
330, 153
330, 155
331, 156
331, 159
332, 160
332, 171
333, 172
333, 178
334, 179
334, 181
335, 182
335, 183
336, 183
337, 184
338, 183
338, 174
337, 173
337, 168
336, 167
336, 164
335, 163
335, 135
336, 134
336, 132
337, 131
338, 131
341, 134
341, 135
342, 136
343, 136
344, 135
344, 134
343, 133
343, 132
342, 131
342, 130
341, 130
339, 128
338, 128
337, 127
336, 127
334, 129
334, 130
333, 131
333, 134
332, 135
332, 145
331, 146
330, 145
330, 144
329, 143
329, 141
328, 140
328, 138
327, 137
327, 135
326, 134
326, 133
325, 132
325, 130
324, 129
324, 128
323, 127
323, 126
322, 125
322, 123
320, 121
320, 120
319, 119
319, 118
315, 114
314, 114
313, 113
311, 113
308, 116
308, 118
307, 119
307, 126
306, 127
306, 137
305, 138
304, 137
304, 135
303, 134
303, 132
302, 131
302, 129
301, 128
301, 126
300, 125
300, 123
299, 122
299, 120
298, 119
298, 118
297, 117
297, 116
295, 114
295, 113
293, 111
289, 111
288, 112
288, 113
287, 114
287, 119
286, 120
286, 157
287, 158
287, 169
286, 170
285, 169
285, 168
284, 167
284, 165
283, 164
283, 161
282, 160
282, 158
281, 157
281, 154
280, 153
280, 150
279, 149
279, 146
278, 145
278, 142
277, 141
277, 139
276, 138
276, 135
275, 134
275, 132
274, 131
274, 130
273, 129
273, 128
272, 127
272, 125
270, 123
270, 122
269, 121
265, 121
265, 123
264, 124
264, 126
263, 127
262, 126
262, 124
261, 123
261, 120
260, 119
260, 117
259, 116
259, 113
258, 112
258, 111
257, 110
257, 108
256, 107
256, 106
254, 104
254, 103
251, 100
250, 100
249, 99
248, 99
247, 100
246, 100
245, 101
245, 103
244, 104
244, 111
243, 112
243, 137
244, 138
244, 154
245, 155
245, 169
246, 170
246, 178
245, 179
244, 179
243, 178
243, 177
242, 176
242, 175
241, 174
241, 172
240, 171
240, 170
239, 169
239, 167
238, 166
238, 165
237, 164
237, 162
236, 161
236, 159
235, 158
235, 156
234, 155
234, 153
233, 152
233, 150
232, 149
232, 147
231, 146
231, 143
230, 142
230, 140
229, 139
229, 136
228, 135
228, 130
227, 129
227, 122
226, 121
226, 114
225, 113
225, 106
224, 105
224, 100
223, 99
223, 94
222, 93
222, 88
221, 87
221, 83
220, 82
220, 77
219, 76
219, 72
218, 71
218, 67
217, 66
217, 61
216, 60
216, 56
215, 55
215, 50
214, 49
214, 45
213, 44
213, 39
212, 38
212, 34
211, 33
211, 29
210, 28
210, 23
209, 22
209, 21
208, 20
207, 20
206, 21
206, 28
207, 29
207, 37
208, 38
208, 44
209, 45
209, 50
210, 51
210, 55
211, 56
211, 61
212, 62
212, 66
213, 67
213, 71
214, 72
214, 77
215, 78
215, 82
216, 83
216, 87
217, 88
217, 93
218, 94
218, 99
219, 100
219, 105
220, 106
220, 110
221, 111
221, 116
222, 117
222, 121
223, 122
223, 126
224, 127
224, 131
225, 132
225, 139
226, 140
226, 148
227, 149
227, 157
228, 158
228, 167
229, 168
229, 174
228, 175
227, 174
227, 172
226, 171
226, 169
225, 168
225, 165
224, 164
224, 162
223, 161
223, 158
222, 157
222, 155
221, 154
221, 152
220, 151
220, 149
219, 148
219, 146
218, 145
218, 142
217, 141
217, 139
216, 138
216, 136
215, 135
215, 134
214, 133
214, 131
213, 130
213, 129
212, 128
212, 127
211, 126
211, 124
210, 123
210, 122
209, 121
209, 120
205, 116
204, 116
203, 115
199, 115
197, 117
195, 117
194, 118
193, 118
190, 121
190, 122
189, 123
189, 125
188, 126
188, 127
187, 128
185, 126
185, 125
183, 123
183, 122
179, 118
175, 118
174, 119
174, 120
173, 121
173, 125
172, 126
172, 144
173, 145
173, 155
174, 156
174, 163
175, 164
175, 170
176, 171
176, 178
177, 179
177, 180
176, 181
174, 179
174, 178
173, 177
173, 176
172, 175
172, 174
171, 173
171, 171
170, 170
170, 169
169, 168
169, 167
168, 166
168, 164
167, 163
167, 162
166, 161
166, 160
165, 159
165, 157
164, 156
164, 155
163, 154
163, 152
162, 151
162, 149
161, 148
161, 147
160, 146
160, 143
159, 142
159, 140
158, 139
158, 136
157, 135
157, 132
156, 131
156, 129
155, 128
155, 125
154, 124
154, 121
153, 120
153, 118
152, 117
152, 115
151, 114
151, 113
148, 110
147, 110
145, 112
145, 153
144, 154
143, 153
143, 152
142, 151
142, 148
141, 147
141, 145
140, 144
140, 141
139, 140
139, 138
138, 137
138, 135
137, 134
137, 132
136, 131
136, 130
135, 129
135, 127
134, 126
134, 125
133, 124
133, 122
131, 120
131, 119
129, 117
126, 117
125, 118
125, 121
124, 122
124, 146
123, 147
122, 146
122, 145
121, 144
121, 141
120, 140
120, 138
119, 137
119, 135
118, 134
118, 131
117, 130
117, 128
116, 127
116, 125
115, 124
115, 122
114, 121
114, 119
113, 118
113, 116
112, 115
112, 113
111, 112
111, 111
110, 110
110, 108
109, 107
109, 106
108, 105
108, 104
106, 102
106, 101
104, 99
101, 99
99, 101
99, 103
98, 104
98, 122
99, 123
99, 135
100, 136
100, 149
101, 150
101, 163
102, 164
102, 186
101, 187
101, 190
99, 192
98, 191
98, 190
97, 189
97, 187
96, 186
96, 185
95, 184
95, 182
94, 181
94, 180
93, 179
93, 177
92, 176
92, 175
91, 174
91, 172
90, 171
90, 169
89, 168
89, 166
88, 165
88, 163
87, 162
87, 159
86, 158
86, 156
85, 155
85, 152
84, 151
84, 149
83, 148
83, 145
82, 144
82, 141
81, 140
81, 137
80, 136
80, 133
79, 132
79, 129
78, 128
78, 124
77, 123
77, 120
76, 119
76, 115
75, 114
75, 111
74, 110
74, 106
73, 105
73, 102
72, 101
72, 97
71, 96
71, 93
70, 92
70, 88
69, 87
69, 84
68, 83
68, 79
67, 78
67, 75
66, 74
66, 70
65, 69
65, 65
64, 64
64, 60
63, 59
63, 54
62, 53
62, 48
61, 47
61, 42
60, 41
60, 36
59, 35
59, 31
58, 30
58, 26
57, 25
57, 20
56, 19
56, 16
74, 130
76, 132
191, 127
193, 129
194, 124
192, 125
198, 122
201, 121
205, 125
205, 126
207, 128
207, 129
208, 130
208, 131
209, 132
209, 133
210, 134
210, 135
211, 136
211, 137
212, 138
212, 139
213, 140
213, 141
214, 142
214, 144
215, 145
215, 147
216, 148
216, 151
217, 168
216, 169
216, 171
215, 172
215, 173
214, 174
214, 175
212, 177
212, 178
211, 179
210, 179
204, 181
203, 180
202, 180
200, 178
200, 177
199, 176
199, 174
198, 173
198, 171
197, 170
197, 168
196, 167
196, 164
195, 163
195, 159
194, 158
194, 154
193, 153
193, 149
192, 148
192, 143
191, 141
193, 139
193, 138
194, 137
194, 135
195, 134
195, 131
196, 130
196, 127
197, 126
197, 124
198, 123
