4, 2
496, 4
494, 325
2, 323
44, 225
43, 226
42, 226
41, 227
40, 227
38, 229
38, 230
37, 231
37, 232
36, 233
36, 239
37, 240
37, 246
38, 247
38, 251
39, 252
39, 255
40, 256
40, 259
41, 260
41, 262
42, 263
42, 265
43, 266
43, 268
44, 269
44, 270
45, 271
45, 273
46, 274
46, 275
47, 276
47, 278
48, 279
48, 280
49, 281
49, 282
50, 283
50, 284
51, 285
51, 286
52, 287
52, 288
53, 289
53, 290
55, 292
55, 293
56, 294
56, 295
58, 297
58, 298
60, 300
60, 301
63, 304
63, 305
70, 312
71, 312
72, 313
74, 313
75, 312
76, 312
77, 311
78, 311
78, 310
80, 308
80, 307
81, 306
81, 305
82, 304
82, 303
83, 302
83, 301
85, 299
85, 298
87, 296
87, 295
91, 291
92, 291
95, 288
97, 288
98, 287
100, 287
101, 286
119, 286
120, 287
126, 287
127, 288
131, 288
132, 289
135, 289
136, 290
138, 290
139, 291
140, 291
141, 292
143, 292
145, 294
146, 294
148, 296
148, 297
149, 298
149, 300
150, 301
150, 303
151, 304
154, 304
154, 303
155, 302
154, 301
154, 299
153, 298
153, 296
152, 295
152, 294
151, 293
151, 292
150, 292
147, 289
146, 289
145, 288
144, 288
143, 287
141, 287
140, 286
138, 286
137, 285
135, 285
134, 284
130, 284
129, 283
124, 283
123, 282
99, 282
98, 283
95, 283
94, 284
93, 284
91, 286
90, 286
82, 294
82, 295
80, 297
80, 298
79, 299
79, 300
78, 301
78, 302
77, 303
77, 304
76, 305
76, 306
74, 308
73, 308
65, 300
65, 299
62, 296
62, 295
60, 293
60, 292
59, 291
59, 290
57, 288
57, 287
56, 286
56, 285
55, 284
55, 283
54, 282
54, 281
53, 280
53, 279
52, 278
52, 277
51, 276
51, 274
50, 273
50, 272
49, 271
49, 269
48, 268
48, 267
47, 266
47, 264
46, 263
46, 261
45, 260
45, 257
44, 256
44, 254
43, 253
43, 249
42, 248
42, 244
41, 243
41, 233
44, 230
45, 230
46, 229
47, 229
48, 228
48, 226
47, 225
461, 187
460, 188
455, 188
454, 189
450, 189
449, 190
445, 190
444, 191
439, 191
438, 192
435, 192
434, 193
432, 193
431, 194
430, 194
427, 197
427, 199
429, 201
431, 201
432, 200
433, 200
434, 199
435, 199
436, 198
439, 198
440, 197
445, 197
446, 196
450, 196
451, 195
455, 195
456, 194
461, 194
462, 193
465, 193
466, 194
469, 194
470, 195
472, 195
473, 196
476, 196
476, 195
477, 194
477, 191
476, 190
474, 190
473, 189
471, 189
470, 188
467, 188
466, 187
25, 108
24, 109
23, 109
23, 110
22, 111
22, 114
21, 115
21, 137
22, 138
25, 138
27, 136
29, 136
29, 135
30, 134
30, 133
28, 131
26, 131
25, 130
25, 129
26, 128
26, 115
27, 114
30, 114
31, 115
34, 115
35, 114
38, 114
42, 118
42, 119
43, 120
43, 121
44, 122
44, 123
45, 124
45, 125
46, 126
46, 127
47, 128
47, 129
48, 130
48, 132
49, 133
49, 136
50, 137
50, 139
51, 140
51, 143
52, 144
52, 147
53, 148
53, 152
54, 153
54, 157
55, 158
55, 162
56, 163
56, 168
57, 169
57, 173
58, 174
58, 178
59, 179
59, 184
60, 185
60, 190
61, 191
61, 196
62, 197
62, 203
63, 204
63, 209
64, 210
64, 215
65, 216
65, 221
66, 222
66, 226
67, 227
67, 231
68, 232
68, 236
69, 237
69, 241
70, 242
70, 245
71, 246
71, 250
72, 251
72, 254
73, 255
73, 259
74, 260
74, 263
75, 264
75, 267
76, 268
76, 271
77, 272
77, 274
78, 275
78, 277
80, 279
82, 279
83, 278
83, 277
84, 276
83, 275
83, 269
82, 268
82, 266
81, 265
80, 265
79, 264
79, 261
78, 260
78, 256
77, 255
77, 252
76, 251
76, 247
75, 246
75, 243
74, 242
74, 238
73, 237
73, 233
72, 232
72, 229
71, 228
71, 223
70, 222
70, 218
69, 217
69, 212
68, 211
68, 206
67, 205
67, 199
66, 198
66, 193
65, 192
65, 187
64, 186
64, 181
63, 180
63, 176
62, 175
62, 170
61, 169
61, 165
60, 164
60, 159
59, 158
59, 154
58, 153
58, 149
57, 148
57, 145
56, 144
56, 141
55, 140
55, 137
54, 136
54, 134
53, 133
53, 130
52, 129
52, 128
51, 127
51, 125
50, 124
50, 123
49, 122
49, 121
48, 120
48, 119
47, 118
47, 117
45, 115
45, 114
41, 110
39, 110
38, 109
36, 109
35, 110
30, 110
29, 109
28, 109
27, 108
245, 15
244, 16
244, 19
245, 20
245, 25
246, 26
246, 29
247, 30
247, 33
248, 34
248, 36
249, 37
249, 40
250, 41
250, 43
251, 44
251, 46
252, 47
252, 50
253, 51
253, 54
254, 55
254, 58
255, 59
255, 64
256, 65
256, 72
257, 73
257, 78
258, 79
258, 84
259, 85
259, 89
260, 90
260, 94
261, 95
261, 98
262, 99
262, 102
263, 103
263, 107
264, 108
264, 111
265, 112
265, 115
266, 116
266, 120
267, 121
267, 124
268, 125
268, 128
269, 129
269, 132
270, 133
270, 135
271, 136
271, 139
272, 140
272, 142
271, 143
269, 141
269, 140
268, 139
268, 137
267, 136
267, 135
266, 134
266, 132
256, 122
256, 121
253, 118
253, 117
252, 116
252, 115
251, 114
251, 113
249, 111
249, 110
248, 109
248, 108
246, 106
246, 105
241, 100
238, 100
237, 99
236, 99
235, 98
234, 98
233, 97
231, 97
230, 96
227, 96
226, 95
225, 95
224, 96
222, 96
221, 97
221, 98
220, 99
220, 111
221, 112
221, 117
222, 118
222, 121
221, 122
218, 119
218, 118
216, 116
216, 115
206, 105
205, 105
203, 103
202, 103
200, 101
199, 101
198, 100
196, 100
195, 99
192, 99
191, 100
190, 100
190, 101
189, 102
189, 110
190, 111
190, 116
191, 117
191, 121
192, 122
192, 126
193, 127
193, 132
194, 133
194, 136
195, 137
195, 143
196, 144
196, 149
195, 150
193, 148
193, 147
192, 146
192, 145
191, 144
191, 143
190, 142
190, 141
189, 140
189, 139
188, 138
188, 137
187, 136
187, 135
185, 133
185, 132
184, 131
184, 130
182, 128
182, 127
180, 125
180, 124
178, 122
178, 121
176, 119
176, 118
172, 114
172, 113
163, 104
162, 104
161, 103
160, 103
159, 102
154, 102
152, 104
152, 105
151, 106
151, 110
150, 111
150, 120
151, 121
151, 125
150, 126
148, 124
148, 123
146, 121
146, 120
145, 119
145, 118
143, 116
143, 115
142, 114
142, 113
140, 111
140, 110
139, 109
139, 108
137, 106
137, 105
135, 103
135, 102
132, 99
131, 99
130, 98
127, 98
126, 99
126, 100
125, 101
125, 113
126, 114
126, 120
127, 121
127, 123
126, 124
124, 122
124, 121
121, 118
121, 117
117, 113
117, 112
110, 105
109, 105
107, 103
106, 103
105, 102
102, 102
101, 103
101, 105
100, 106
100, 111
101, 112
101, 118
102, 119
102, 123
103, 124
103, 128
104, 129
104, 133
105, 134
105, 138
106, 139
106, 145
107, 146
107, 152
106, 153
106, 154
105, 155
104, 155
101, 152
101, 151
100, 150
100, 149
99, 148
99, 147
98, 146
98, 145
97, 144
97, 143
96, 142
96, 141
95, 140
95, 139
94, 138
94, 137
93, 136
93, 135
92, 134
92, 133
91, 132
91, 131
90, 130
90, 129
89, 128
89, 127
88, 126
88, 124
87, 123
87, 122
86, 121
86, 120
85, 119
85, 118
84, 117
84, 116
83, 115
83, 114
82, 113
82, 112
81, 111
81, 109
80, 108
80, 107
79, 106
79, 105
78, 104
78, 103
77, 102
77, 100
76, 99
76, 98
75, 97
75, 95
74, 94
74, 92
73, 91
73, 89
72, 88
72, 86
71, 85
71, 83
70, 82
70, 80
69, 79
69, 77
68, 76
68, 73
67, 72
67, 70
66, 69
66, 66
65, 65
65, 63
64, 62
64, 59
63, 58
63, 56
62, 55
62, 52
61, 51
61, 49
60, 48
60, 45
59, 44
59, 42
58, 41
58, 39
57, 38
57, 35
56, 34
56, 32
55, 31
55, 27
54, 26
54, 24
53, 23
51, 23
51, 30
52, 31
52, 36
53, 37
53, 41
54, 42
54, 45
55, 46
55, 49
56, 50
56, 53
57, 54
57, 57
58, 58
58, 60
59, 61
59, 63
60, 64
60, 66
61, 67
61, 69
62, 70
62, 72
63, 73
63, 75
64, 76
64, 78
65, 79
65, 80
66, 81
66, 83
67, 84
67, 85
68, 86
68, 87
69, 88
69, 90
70, 91
70, 92
71, 93
71, 95
72, 96
72, 97
73, 98
73, 100
74, 101
74, 103
75, 104
75, 107
76, 108
76, 110
77, 111
77, 113
78, 114
78, 117
79, 118
79, 121
80, 122
80, 125
81, 126
81, 129
82, 130
82, 133
83, 134
83, 137
84, 138
84, 141
85, 142
85, 145
86, 146
86, 149
87, 150
87, 153
88, 154
88, 156
89, 157
89, 159
88, 160
82, 154
82, 153
75, 146
75, 145
68, 138
68, 137
63, 132
63, 131
60, 128
60, 127
57, 124
57, 123
55, 121
55, 120
53, 118
53, 117
51, 115
51, 114
50, 113
50, 112
48, 110
48, 109
47, 108
47, 106
48, 105
48, 104
45, 101
44, 101
43, 102
43, 105
44, 106
44, 107
45, 108
45, 109
46, 110
46, 111
47, 112
47, 113
49, 115
49, 116
51, 118
51, 119
53, 121
53, 122
55, 124
55, 125
57, 127
57, 128
60, 131
60, 132
64, 136
64, 137
71, 144
71, 145
78, 152
78, 153
85, 160
85, 161
91, 167
92, 167
93, 166
93, 163
92, 162
92, 160
91, 159
91, 156
90, 155
90, 153
89, 152
89, 149
88, 148
88, 145
87, 144
87, 141
86, 140
86, 137
85, 136
85, 133
84, 132
84, 129
83, 128
83, 125
82, 124
82, 122
83, 121
85, 123
85, 124
86, 125
86, 127
87, 128
87, 129
88, 130
88, 131
89, 132
89, 133
90, 134
90, 135
91, 136
91, 137
92, 138
92, 139
93, 140
93, 141
94, 142
94, 143
95, 144
95, 145
96, 146
96, 147
97, 148
97, 149
98, 150
98, 151
99, 152
99, 153
101, 155
101, 156
102, 157
103, 157
104, 158
105, 157
106, 157
108, 155
108, 154
109, 153
109, 145
108, 144
108, 138
107, 137
107, 133
106, 132
106, 128
105, 127
105, 123
104, 122
104, 118
103, 117
103, 110
102, 109
102, 107
104, 105
106, 105
119, 118
119, 119
121, 121
121, 122
124, 125
124, 126
126, 128
126, 129
127, 130
127, 131
128, 132
128, 133
129, 134
129, 135
130, 136
130, 138
131, 139
131, 142
132, 143
132, 146
133, 147
133, 150
134, 151
134, 154
135, 155
135, 156
136, 157
137, 157
138, 156
138, 152
137, 151
137, 146
136, 145
136, 143
135, 142
135, 140
134, 139
134, 138
133, 137
133, 136
132, 135
132, 133
131, 132
131, 129
130, 128
130, 125
129, 124
129, 120
128, 119
128, 113
127, 112
127, 102
129, 100
135, 106
135, 107
137, 109
137, 110
138, 111
138, 112
140, 114
140, 115
141, 116
141, 117
142, 118
142, 119
144, 121
144, 122
146, 124
146, 125
147, 126
147, 127
149, 129
149, 130
150, 131
150, 132
151, 133
151, 134
152, 135
152, 137
153, 138
153, 141
154, 142
154, 145
155, 146
155, 148
156, 149
156, 151
158, 153
159, 152
159, 147
158, 146
158, 144
157, 143
157, 141
156, 140
156, 138
155, 137
155, 135
154, 134
154, 129
153, 128
153, 119
152, 118
152, 113
153, 112
153, 107
156, 104
158, 104
159, 105
160, 105
162, 107
163, 107
169, 113
169, 114
173, 118
173, 119
176, 122
176, 123
178, 125
178, 126
180, 128
180, 129
181, 130
181, 131
183, 133
183, 134
185, 136
185, 137
186, 138
186, 139
187, 140
187, 141
188, 142
188, 143
189, 144
189, 145
190, 146
190, 147
191, 148
191, 149
192, 150
192, 151
193, 152
193, 153
194, 154
194, 155
195, 156
195, 157
196, 158
197, 158
198, 157
198, 143
197, 142
197, 137
196, 136
196, 132
195, 131
195, 126
194, 125
194, 121
193, 120
193, 116
192, 115
192, 109
191, 108
191, 103
193, 101
194, 101
195, 102
197, 102
198, 103
199, 103
201, 105
202, 105
206, 109
207, 109
212, 114
212, 115
216, 119
216, 120
219, 123
219, 124
220, 125
220, 126
222, 128
222, 129
223, 130
223, 131
224, 132
224, 133
225, 134
225, 135
226, 136
226, 138
227, 139
227, 141
228, 142
228, 143
230, 145
230, 146
234, 146
241, 153
243, 153
244, 154
246, 154
247, 153
248, 153
252, 149
252, 147
253, 146
253, 139
252, 138
252, 123
253, 122
264, 133
264, 134
265, 135
265, 137
266, 138
266, 139
267, 140
267, 142
268, 143
268, 144
273, 149
275, 149
275, 144
274, 143
274, 139
273, 138
273, 135
272, 134
272, 132
271, 131
271, 128
270, 127
270, 124
269, 123
269, 120
268, 119
268, 115
267, 114
267, 111
266, 110
266, 107
265, 106
265, 102
264, 101
264, 98
263, 97
263, 94
262, 93
262, 89
261, 88
261, 84
260, 83
260, 81
261, 80
262, 81
262, 82
263, 83
263, 85
264, 86
264, 88
265, 89
265, 91
266, 92
266, 95
267, 96
267, 98
268, 99
268, 101
269, 102
269, 103
270, 104
270, 106
271, 107
271, 109
272, 110
272, 111
273, 112
273, 114
274, 115
274, 117
275, 118
275, 119
276, 120
276, 122
277, 123
277, 124
278, 125
278, 126
279, 127
279, 129
280, 130
280, 131
281, 132
281, 133
283, 135
283, 136
284, 137
284, 138
286, 140
286, 141
291, 146
295, 146
296, 145
296, 144
297, 143
297, 137
296, 136
296, 131
295, 130
295, 126
294, 125
294, 122
293, 121
293, 117
292, 116
292, 113
291, 112
291, 106
290, 105
290, 103
292, 101
294, 101
295, 102
296, 102
299, 105
300, 105
310, 115
310, 116
315, 121
315, 122
318, 125
318, 126
319, 127
319, 128
320, 129
320, 130
321, 131
321, 133
322, 134
322, 135
323, 136
323, 138
324, 139
324, 140
325, 141
325, 142
326, 143
328, 143
328, 140
327, 139
327, 137
326, 136
326, 135
325, 134
325, 132
324, 131
324, 130
323, 129
323, 128
322, 127
322, 126
321, 125
321, 124
320, 123
320, 120
319, 119
319, 117
318, 116
318, 113
317, 112
317, 105
320, 102
326, 102
327, 103
331, 103
332, 104
335, 104
336, 105
338, 105
339, 106
340, 106
341, 107
342, 107
343, 108
344, 108
346, 110
347, 110
354, 117
354, 118
355, 119
355, 121
356, 122
356, 124
357, 125
357, 127
358, 128
358, 130
359, 131
359, 133
360, 134
360, 135
361, 136
361, 137
362, 138
362, 140
363, 141
363, 142
365, 144
365, 145
367, 145
368, 144
368, 138
367, 137
367, 133
366, 132
366, 130
365, 129
365, 127
364, 126
364, 125
362, 123
362, 122
357, 117
357, 116
356, 115
356, 114
355, 113
355, 110
354, 109
354, 101
357, 98
361, 98
362, 99
363, 99
364, 100
365, 100
366, 101
367, 101
368, 102
369, 102
371, 104
372, 104
374, 106
375, 106
381, 112
382, 112
385, 115
385, 116
390, 121
390, 122
391, 123
391, 124
392, 125
392, 127
393, 128
393, 130
394, 131
394, 133
395, 134
395, 135
396, 136
396, 138
397, 139
397, 140
398, 141
398, 142
400, 144
401, 144
402, 143
402, 138
401, 137
401, 134
400, 133
400, 131
399, 130
399, 129
397, 127
397, 126
395, 124
395, 123
393, 121
393, 120
392, 119
392, 117
391, 116
391, 112
390, 111
390, 104
393, 101
394, 101
395, 102
397, 102
398, 103
399, 103
400, 104
401, 104
402, 105
403, 105
404, 106
405, 106
407, 108
408, 108
410, 110
411, 110
417, 116
417, 117
420, 120
420, 121
422, 123
422, 124
423, 125
423, 126
424, 127
424, 128
425, 129
425, 130
426, 131
426, 133
427, 134
427, 136
428, 137
428, 138
429, 139
429, 140
430, 141
430, 142
432, 142
433, 141
432, 140
432, 138
431, 137
431, 136
430, 135
430, 133
429, 132
429, 131
428, 130
428, 128
427, 127
427, 124
426, 123
426, 115
429, 112
431, 112
432, 113
434, 113
435, 114
437, 114
438, 115
439, 115
441, 117
442, 117
444, 119
445, 119
448, 122
449, 122
451, 124
451, 125
452, 126
453, 126
453, 123
450, 120
449, 120
446, 117
445, 117
443, 115
442, 115
440, 113
439, 113
438, 112
436, 112
435, 111
433, 111
432, 110
428, 110
427, 111
426, 111
424, 113
424, 117
422, 119
420, 117
420, 116
412, 108
411, 108
409, 106
408, 106
406, 104
405, 104
404, 103
403, 103
402, 102
401, 102
400, 101
399, 101
398, 100
396, 100
395, 99
392, 99
391, 100
390, 100
388, 102
388, 113
387, 114
380, 107
379, 107
376, 104
375, 104
373, 102
372, 102
370, 100
369, 100
368, 99
367, 99
366, 98
365, 98
364, 97
362, 97
361, 96
355, 96
353, 98
353, 99
352, 100
352, 109
351, 110
350, 110
348, 108
347, 108
345, 106
344, 106
343, 105
342, 105
341, 104
340, 104
339, 103
337, 103
336, 102
333, 102
332, 101
328, 101
327, 100
319, 100
318, 101
317, 101
316, 102
316, 103
315, 104
315, 113
316, 114
316, 116
315, 117
300, 102
299, 102
297, 100
296, 100
295, 99
293, 99
292, 98
291, 98
288, 101
288, 107
289, 108
289, 113
290, 114
290, 117
291, 118
291, 122
292, 123
292, 126
293, 127
293, 131
294, 132
294, 137
295, 138
295, 142
293, 144
292, 143
291, 143
290, 142
290, 141
286, 137
286, 136
285, 135
285, 134
283, 132
283, 131
282, 130
282, 129
281, 128
281, 126
280, 125
280, 124
279, 123
279, 122
278, 121
278, 119
277, 118
277, 117
276, 116
276, 114
275, 113
275, 112
274, 111
274, 109
273, 108
273, 106
272, 105
272, 104
271, 103
271, 101
270, 100
270, 98
269, 97
269, 95
268, 94
268, 92
267, 91
267, 88
266, 87
266, 85
265, 84
265, 82
264, 81
264, 79
263, 78
263, 75
262, 74
262, 72
261, 71
261, 69
260, 68
260, 66
259, 65
259, 63
258, 62
258, 59
257, 58
257, 55
256, 54
256, 49
255, 48
255, 44
254, 43
254, 39
253, 38
253, 34
252, 33
252, 30
251, 29
251, 26
250, 25
250, 23
249, 22
249, 20
248, 19
248, 17
247, 16
247, 15
363, 128
363, 130
364, 131
364, 133
365, 134
365, 136
364, 137
363, 136
363, 135
362, 134
362, 133
361, 132
361, 130
360, 129
361, 125
359, 126
238, 103
247, 112
247, 113
248, 114
248, 115
249, 116
249, 118
250, 139
251, 140
251, 145
250, 146
250, 148
242, 151
236, 145
236, 144
235, 143
235, 142
233, 140
233, 138
232, 129
231, 128
231, 119
232, 118
232, 117
233, 116
233, 106
232, 105
224, 98
229, 98
230, 99
231, 99
232, 100
232, 101
230, 103
230, 107
231, 108
231, 115
230, 116
230, 117
229, 118
229, 132
228, 133
227, 132
227, 130
226, 129
226, 126
225, 125
225, 122
224, 121
224, 117
223, 116
223, 111
222, 110
222, 100
