4, 2
496, 4
494, 267
2, 265
444, 137
443, 138
442, 138
442, 141
443, 142
444, 142
445, 143
447, 143
448, 144
450, 144
451, 145
453, 145
454, 146
458, 146
459, 147
465, 147
466, 148
471, 148
472, 147
473, 147
474, 146
474, 143
462, 143
461, 142
457, 142
456, 141
453, 141
452, 140
450, 140
449, 139
447, 139
446, 138
445, 138
59, 11
58, 12
58, 21
59, 22
59, 24
60, 25
60, 28
61, 29
61, 31
62, 32
62, 34
63, 35
63, 36
64, 37
64, 39
65, 40
65, 41
66, 42
66, 44
67, 45
67, 46
68, 47
68, 48
69, 49
69, 50
70, 51
70, 52
72, 54
72, 55
73, 56
73, 58
74, 59
74, 61
75, 62
75, 64
76, 65
76, 67
77, 68
77, 70
78, 71
78, 72
79, 73
79, 75
80, 76
80, 77
81, 78
81, 81
82, 82
82, 85
83, 86
83, 89
84, 90
84, 94
85, 95
85, 98
84, 99
73, 88
72, 88
65, 81
64, 81
63, 80
62, 80
61, 79
56, 79
54, 81
54, 82
52, 84
50, 82
49, 82
47, 80
46, 80
45, 79
40, 79
39, 80
38, 80
37, 81
36, 81
34, 83
34, 84
31, 87
31, 88
29, 90
29, 91
28, 92
28, 93
27, 94
27, 95
26, 96
26, 98
25, 99
25, 102
24, 103
24, 107
23, 108
23, 114
22, 115
22, 124
21, 125
21, 126
22, 127
22, 134
23, 135
23, 138
24, 139
24, 140
25, 141
25, 142
26, 143
26, 145
27, 146
27, 147
29, 149
29, 150
30, 151
31, 151
32, 152
33, 152
34, 151
34, 149
33, 149
32, 148
32, 147
31, 146
31, 145
29, 143
29, 142
28, 141
28, 140
27, 139
27, 137
26, 136
26, 134
25, 133
25, 117
26, 116
26, 110
27, 109
27, 104
28, 103
28, 100
29, 99
29, 98
30, 97
30, 95
31, 94
31, 93
33, 91
33, 90
36, 87
36, 86
39, 83
40, 83
41, 82
44, 82
46, 84
47, 84
50, 87
50, 88
54, 92
54, 93
56, 95
56, 96
57, 97
57, 98
58, 99
58, 100
59, 101
59, 102
60, 103
60, 104
61, 105
61, 107
62, 108
62, 110
63, 111
63, 113
64, 114
64, 116
65, 117
65, 119
66, 120
66, 123
67, 124
67, 127
68, 128
68, 131
69, 132
69, 135
70, 136
70, 139
71, 140
71, 143
72, 144
72, 147
73, 148
73, 152
74, 153
74, 157
75, 158
75, 163
76, 164
76, 167
77, 168
77, 171
78, 172
78, 176
79, 177
79, 179
80, 180
80, 183
81, 184
81, 187
82, 188
82, 192
83, 193
83, 199
84, 200
84, 208
85, 209
85, 213
87, 215
85, 217
85, 218
84, 219
84, 221
83, 222
83, 224
82, 225
82, 227
81, 228
81, 230
80, 231
80, 233
79, 234
79, 235
78, 236
78, 237
74, 241
73, 241
72, 242
70, 242
64, 236
64, 235
60, 231
60, 230
58, 228
58, 227
57, 226
57, 225
56, 224
56, 223
55, 222
55, 220
54, 219
54, 215
55, 214
55, 213
54, 212
53, 212
52, 213
51, 213
51, 218
52, 219
52, 221
53, 222
53, 224
54, 225
54, 226
55, 227
55, 228
56, 229
56, 230
59, 233
59, 234
63, 238
63, 239
68, 244
69, 244
70, 245
71, 245
72, 244
74, 244
75, 243
76, 243
79, 240
79, 239
81, 237
81, 236
82, 235
82, 233
83, 232
83, 230
84, 229
84, 227
85, 226
85, 224
86, 223
86, 221
87, 220
87, 219
93, 213
94, 213
95, 212
97, 212
98, 211
102, 211
103, 212
104, 212
105, 213
106, 213
109, 216
110, 216
119, 225
119, 226
131, 238
131, 239
132, 240
132, 241
134, 243
134, 244
135, 245
135, 246
137, 248
137, 249
139, 251
139, 252
140, 253
140, 254
142, 256
145, 256
145, 255
142, 252
142, 251
140, 249
140, 248
138, 246
138, 245
137, 244
137, 243
135, 241
135, 240
134, 239
134, 238
132, 236
132, 235
119, 222
119, 221
114, 216
113, 216
109, 212
108, 212
106, 210
105, 210
104, 209
96, 209
95, 210
93, 210
91, 212
89, 212
88, 211
88, 206
87, 205
87, 198
86, 197
86, 192
85, 191
85, 187
84, 186
84, 182
83, 181
83, 179
82, 178
82, 175
81, 174
81, 171
80, 170
80, 167
79, 166
79, 162
78, 161
78, 157
77, 156
77, 151
76, 150
76, 147
75, 146
75, 142
74, 141
74, 139
73, 138
73, 135
72, 134
72, 130
71, 129
71, 127
70, 126
70, 123
69, 122
69, 119
68, 118
68, 116
67, 115
67, 113
66, 112
66, 110
65, 109
65, 107
64, 106
64, 104
63, 103
63, 101
62, 100
62, 99
60, 97
60, 96
59, 95
59, 94
58, 93
58, 92
56, 90
56, 89
54, 87
54, 86
56, 84
56, 83
57, 82
61, 82
63, 84
64, 84
73, 93
74, 93
80, 99
80, 100
83, 103
83, 104
85, 106
85, 107
87, 109
87, 110
88, 111
88, 113
89, 114
89, 117
90, 118
90, 122
92, 124
93, 124
94, 123
94, 116
93, 115
93, 114
92, 113
92, 112
91, 111
91, 109
90, 108
90, 105
89, 104
89, 100
88, 99
88, 95
87, 94
87, 91
88, 90
96, 98
97, 98
100, 101
103, 101
106, 98
106, 96
107, 95
107, 89
106, 88
106, 84
105, 83
105, 79
104, 78
104, 73
103, 72
103, 68
104, 67
104, 65
106, 63
109, 63
110, 64
111, 64
113, 66
114, 66
118, 70
118, 71
120, 73
120, 74
121, 75
121, 77
122, 78
122, 80
123, 81
123, 82
124, 83
124, 85
125, 86
125, 87
126, 88
126, 90
127, 91
127, 92
128, 93
128, 95
129, 96
129, 98
130, 99
130, 100
131, 101
133, 101
133, 92
132, 91
132, 84
131, 83
131, 73
132, 72
132, 69
133, 68
133, 67
135, 65
136, 65
137, 66
139, 66
146, 73
146, 74
147, 75
147, 76
148, 77
148, 78
149, 79
149, 80
150, 81
150, 82
151, 83
151, 84
152, 85
152, 86
153, 87
153, 89
154, 90
154, 91
155, 92
155, 93
156, 94
156, 96
157, 97
157, 99
158, 100
158, 101
161, 101
161, 89
160, 88
160, 82
159, 81
159, 75
158, 74
158, 65
159, 64
159, 63
162, 60
163, 60
164, 61
165, 61
171, 67
171, 68
174, 71
174, 72
176, 74
176, 75
178, 77
178, 78
179, 79
179, 80
181, 82
181, 83
182, 84
182, 85
183, 86
183, 87
184, 88
184, 90
185, 91
185, 92
186, 93
186, 95
187, 96
187, 97
188, 98
188, 99
189, 100
189, 101
190, 102
190, 103
191, 104
192, 104
193, 105
194, 105
195, 104
196, 104
197, 103
197, 102
198, 101
198, 100
199, 99
199, 79
198, 78
198, 73
199, 72
199, 71
200, 70
204, 70
205, 71
206, 71
216, 81
216, 82
219, 85
219, 86
221, 88
221, 89
222, 90
222, 91
223, 92
223, 93
224, 94
224, 96
225, 97
225, 100
226, 101
226, 104
227, 105
227, 107
228, 108
228, 109
231, 109
231, 97
232, 96
232, 91
233, 90
233, 89
234, 88
234, 87
235, 86
235, 85
240, 80
241, 80
242, 79
243, 80
243, 81
242, 82
242, 83
241, 84
241, 86
240, 87
240, 89
239, 90
239, 93
238, 94
238, 102
239, 103
239, 104
240, 105
240, 106
242, 108
242, 109
244, 111
245, 111
248, 114
249, 114
250, 115
251, 115
252, 116
254, 116
255, 117
257, 117
258, 116
259, 116
261, 114
261, 112
262, 111
262, 103
261, 102
261, 100
260, 99
260, 97
259, 96
259, 94
258, 93
258, 91
257, 90
257, 88
256, 87
256, 86
255, 85
255, 84
254, 83
254, 82
251, 79
251, 77
252, 76
261, 76
262, 77
263, 77
264, 78
265, 78
271, 84
271, 85
273, 87
273, 88
274, 89
274, 90
275, 91
275, 93
276, 94
276, 95
277, 96
277, 97
278, 98
278, 100
279, 101
279, 103
280, 104
280, 105
281, 106
281, 108
282, 109
282, 111
283, 112
283, 113
284, 114
284, 115
286, 115
287, 114
287, 109
286, 108
286, 105
285, 104
285, 101
284, 100
284, 97
283, 96
283, 93
282, 92
282, 89
281, 88
281, 85
280, 84
280, 81
279, 80
279, 76
278, 75
278, 72
277, 71
277, 67
276, 66
276, 63
275, 62
275, 58
274, 57
274, 54
275, 53
276, 54
276, 55
277, 56
277, 58
278, 59
278, 61
279, 62
279, 64
280, 65
280, 67
281, 68
281, 70
282, 71
282, 73
283, 74
283, 75
284, 76
284, 78
285, 79
285, 81
286, 82
286, 84
287, 85
287, 87
288, 88
288, 89
289, 90
289, 91
290, 92
290, 93
291, 94
291, 95
292, 96
292, 97
294, 99
294, 100
298, 104
299, 104
300, 105
301, 105
302, 106
305, 106
308, 103
308, 100
309, 99
309, 88
308, 87
308, 81
307, 80
307, 67
309, 65
314, 65
315, 66
317, 66
318, 67
319, 67
323, 71
324, 71
325, 72
325, 73
331, 79
331, 80
332, 81
332, 82
333, 83
333, 84
334, 85
334, 87
335, 88
335, 89
336, 90
336, 91
337, 92
337, 93
338, 94
338, 95
339, 96
339, 98
340, 99
340, 103
341, 104
341, 106
344, 106
344, 103
343, 102
343, 97
342, 96
342, 89
341, 88
341, 69
342, 68
342, 67
343, 66
343, 65
344, 64
345, 64
346, 63
353, 63
354, 64
356, 64
357, 65
358, 65
364, 71
364, 72
365, 73
365, 74
366, 75
366, 76
367, 77
367, 78
368, 79
368, 81
369, 82
369, 84
370, 85
370, 88
371, 89
371, 91
372, 92
372, 95
373, 96
373, 97
374, 98
374, 100
376, 102
377, 102
378, 101
378, 91
377, 90
377, 83
376, 82
376, 74
375, 73
375, 65
376, 64
376, 62
377, 61
377, 60
380, 57
383, 57
384, 58
385, 58
386, 59
387, 59
391, 63
392, 63
395, 66
395, 67
399, 71
399, 72
400, 73
400, 74
402, 76
402, 77
403, 78
403, 79
404, 80
404, 82
405, 83
405, 84
406, 85
406, 87
407, 88
407, 91
408, 92
408, 94
409, 95
409, 98
410, 99
410, 101
411, 102
411, 104
412, 105
413, 105
414, 104
414, 99
413, 98
413, 94
412, 93
412, 90
411, 89
411, 85
410, 84
410, 74
411, 73
411, 71
412, 70
412, 69
416, 65
426, 65
427, 66
428, 66
429, 67
430, 67
435, 72
435, 73
437, 75
437, 76
438, 77
438, 78
439, 79
439, 80
441, 82
441, 83
442, 84
442, 85
443, 86
443, 87
444, 88
444, 89
445, 90
445, 91
446, 92
446, 93
447, 94
447, 95
448, 96
448, 97
449, 98
449, 99
450, 100
450, 101
451, 102
451, 103
452, 104
452, 106
454, 108
455, 108
456, 107
456, 105
455, 104
455, 102
454, 101
454, 99
453, 98
453, 95
452, 94
452, 90
451, 89
451, 84
450, 83
450, 80
451, 79
451, 76
453, 74
457, 74
458, 75
459, 75
460, 76
461, 76
463, 78
464, 78
465, 79
466, 79
472, 85
473, 85
474, 86
475, 85
475, 84
474, 83
474, 82
473, 81
472, 81
468, 77
467, 77
465, 75
464, 75
463, 74
462, 74
461, 73
460, 73
459, 72
458, 72
457, 71
452, 71
451, 72
450, 72
449, 73
449, 74
448, 75
448, 86
447, 87
445, 85
445, 84
444, 83
444, 82
443, 81
443, 80
442, 79
442, 78
441, 77
441, 76
439, 74
439, 73
437, 71
437, 70
431, 64
430, 64
429, 63
427, 63
426, 62
416, 62
415, 63
414, 63
413, 64
412, 64
410, 66
410, 67
409, 68
409, 69
408, 70
408, 73
407, 74
407, 76
406, 77
404, 75
404, 74
403, 73
403, 72
401, 70
401, 69
399, 67
399, 66
393, 60
392, 60
389, 57
388, 57
387, 56
386, 56
385, 55
383, 55
382, 54
380, 54
379, 55
377, 55
375, 57
375, 58
374, 59
374, 61
373, 62
373, 65
372, 66
372, 72
373, 73
373, 81
372, 82
371, 81
371, 79
370, 78
370, 76
369, 75
369, 74
368, 73
368, 72
367, 71
367, 70
360, 63
359, 63
358, 62
357, 62
356, 61
354, 61
353, 60
346, 60
345, 61
343, 61
340, 64
340, 65
339, 66
339, 68
338, 69
338, 84
337, 85
336, 84
336, 83
335, 82
335, 81
334, 80
334, 79
333, 78
333, 77
330, 74
330, 73
324, 67
323, 67
321, 65
320, 65
319, 64
318, 64
317, 63
315, 63
314, 62
308, 62
307, 63
306, 63
305, 64
305, 65
304, 66
304, 78
305, 79
305, 86
306, 87
306, 100
305, 101
305, 102
304, 103
302, 103
300, 101
299, 101
297, 99
297, 98
294, 95
294, 94
293, 93
293, 92
292, 91
292, 90
291, 89
291, 87
290, 86
290, 85
289, 84
289, 82
288, 81
288, 79
287, 78
287, 76
286, 75
286, 74
285, 73
285, 71
284, 70
284, 68
283, 67
283, 65
282, 64
282, 62
281, 61
281, 59
280, 58
280, 56
279, 55
279, 53
278, 52
278, 51
277, 50
277, 49
276, 48
276, 47
275, 46
275, 45
274, 44
274, 43
273, 42
273, 41
272, 40
272, 39
271, 38
271, 36
270, 35
270, 33
269, 32
269, 30
268, 29
268, 27
267, 26
267, 25
266, 24
266, 22
265, 21
265, 20
264, 19
264, 17
263, 16
263, 15
262, 14
262, 13
261, 12
259, 12
258, 13
258, 15
259, 16
259, 20
260, 21
260, 23
261, 24
261, 25
262, 26
262, 27
263, 28
263, 29
264, 30
264, 31
265, 32
265, 33
266, 34
266, 35
267, 36
267, 37
268, 38
268, 42
269, 43
269, 46
270, 47
270, 51
271, 52
271, 56
272, 57
272, 61
273, 62
273, 66
274, 67
274, 70
275, 71
275, 75
276, 76
276, 79
277, 80
277, 83
278, 84
276, 88
276, 87
275, 86
275, 85
273, 83
273, 82
267, 76
266, 76
265, 75
264, 75
263, 74
262, 74
261, 73
252, 73
251, 74
250, 74
249, 75
248, 75
247, 76
241, 76
239, 78
238, 78
232, 84
232, 85
231, 86
231, 87
230, 88
230, 91
229, 92
229, 95
228, 96
227, 95
227, 94
226, 93
226, 92
225, 91
225, 89
223, 87
223, 86
221, 84
221, 83
219, 81
219, 80
214, 75
214, 74
213, 74
207, 68
205, 68
204, 67
199, 67
198, 68
197, 68
197, 69
196, 70
196, 99
194, 101
193, 101
191, 99
191, 98
190, 97
190, 95
189, 94
189, 93
188, 92
188, 90
187, 89
187, 88
186, 87
186, 86
185, 85
185, 84
184, 83
184, 82
183, 81
183, 80
182, 79
182, 78
180, 76
180, 75
179, 74
179, 73
176, 70
176, 69
174, 67
174, 66
167, 59
166, 59
165, 58
164, 58
163, 57
162, 58
160, 58
156, 62
156, 64
155, 65
155, 73
156, 74
156, 80
157, 81
157, 86
156, 87
155, 86
155, 85
154, 84
154, 82
153, 81
153, 80
152, 79
152, 78
151, 77
151, 76
150, 75
150, 74
148, 72
148, 71
145, 68
145, 67
144, 67
141, 64
140, 64
139, 63
137, 63
136, 62
135, 62
134, 63
132, 63
132, 64
130, 66
130, 68
129, 69
129, 74
128, 75
128, 82
127, 83
126, 82
126, 80
125, 79
125, 78
124, 77
124, 75
123, 74
123, 73
122, 72
122, 71
121, 70
121, 69
115, 63
114, 63
113, 62
112, 62
111, 61
110, 61
109, 60
105, 60
101, 64
101, 69
100, 70
101, 71
101, 77
102, 78
102, 82
103, 83
103, 87
104, 88
104, 95
103, 96
103, 97
102, 98
101, 98
97, 94
96, 94
92, 90
92, 89
87, 84
87, 83
86, 82
86, 81
85, 80
85, 79
84, 78
84, 77
83, 76
83, 74
82, 73
82, 69
81, 68
81, 64
80, 63
80, 59
79, 58
79, 55
78, 54
78, 50
77, 49
77, 46
76, 45
76, 43
75, 42
75, 40
74, 39
74, 37
73, 36
73, 35
72, 34
72, 33
71, 32
71, 31
70, 30
70, 28
69, 27
69, 26
68, 25
68, 24
67, 23
67, 22
66, 21
66, 20
65, 19
65, 18
64, 17
64, 16
63, 15
63, 14
62, 13
62, 12
61, 11
248, 80
251, 83
251, 84
252, 85
252, 86
253, 87
253, 88
254, 89
254, 90
255, 91
255, 93
256, 94
256, 96
257, 97
257, 99
258, 100
258, 102
259, 103
259, 111
258, 112
258, 113
257, 114
255, 114
254, 113
252, 113
250, 111
249, 111
242, 104
242, 103
241, 102
241, 93
242, 92
242, 89
243, 88
243, 87
244, 86
244, 85
245, 84
245, 83
62, 23
63, 22
64, 23
64, 24
65, 25
65, 26
66, 27
66, 28
67, 29
67, 30
68, 31
68, 32
69, 33
69, 34
70, 35
70, 36
71, 37
71, 39
72, 40
72, 42
73, 43
73, 45
74, 46
71, 48
71, 47
70, 46
70, 44
69, 43
69, 42
68, 41
68, 40
67, 39
67, 37
66, 36
66, 35
65, 34
65, 32
64, 31
64, 29
63, 28
63, 26
62, 25
