4, 2
496, 4
494, 281
2, 279
39, 210
39, 223
40, 224
40, 226
41, 227
41, 229
42, 230
42, 231
44, 233
44, 234
45, 235
45, 236
47, 238
47, 239
49, 241
49, 242
52, 245
52, 246
55, 249
55, 250
59, 254
59, 255
69, 265
70, 265
72, 267
73, 267
74, 268
75, 268
76, 269
77, 269
78, 270
80, 270
81, 271
83, 271
84, 270
85, 270
86, 269
87, 269
87, 268
88, 267
88, 266
89, 265
89, 262
90, 261
90, 255
91, 254
91, 251
92, 250
92, 249
93, 248
93, 247
97, 243
100, 243
101, 242
104, 242
105, 243
109, 243
110, 242
120, 242
121, 243
123, 243
125, 245
126, 245
131, 250
132, 250
145, 263
146, 263
148, 265
149, 265
150, 266
155, 266
157, 264
157, 263
156, 262
151, 262
150, 261
149, 261
139, 251
138, 251
129, 242
128, 242
126, 240
125, 240
124, 239
121, 239
120, 238
112, 238
111, 239
96, 239
95, 240
94, 240
90, 244
90, 245
89, 246
89, 247
88, 248
88, 250
87, 251
87, 255
86, 256
86, 261
85, 262
85, 265
84, 266
83, 266
82, 267
81, 267
80, 266
79, 266
78, 265
76, 265
74, 263
73, 263
61, 251
61, 250
57, 246
57, 245
54, 242
54, 241
51, 238
51, 237
49, 235
49, 234
48, 233
48, 232
46, 230
46, 229
45, 228
45, 227
44, 226
44, 224
43, 223
43, 214
42, 213
42, 211
41, 210
444, 196
442, 198
442, 201
445, 204
446, 204
447, 205
448, 205
449, 206
454, 206
455, 207
470, 207
471, 208
473, 208
474, 209
475, 209
477, 207
477, 203
476, 202
474, 202
473, 201
471, 201
470, 200
452, 200
451, 199
450, 199
449, 198
448, 198
446, 196
237, 12
236, 13
236, 15
237, 16
237, 19
238, 20
238, 22
239, 23
239, 25
240, 26
240, 28
241, 29
241, 31
242, 32
242, 34
243, 35
243, 37
244, 38
244, 39
245, 40
245, 42
246, 43
246, 45
247, 46
247, 47
248, 48
248, 50
249, 51
249, 53
250, 54
250, 56
251, 57
251, 59
252, 60
252, 62
253, 63
253, 65
254, 66
254, 69
255, 70
255, 73
256, 74
256, 77
257, 78
257, 80
258, 81
258, 84
259, 85
259, 88
260, 89
260, 92
261, 93
261, 95
262, 96
262, 99
263, 100
263, 103
264, 104
264, 107
265, 108
265, 110
266, 111
266, 113
267, 114
267, 117
268, 118
268, 120
267, 121
263, 117
263, 116
258, 111
258, 110
247, 99
246, 99
241, 94
240, 94
238, 92
237, 92
235, 90
234, 90
233, 89
232, 89
231, 88
229, 88
228, 87
227, 87
226, 86
224, 86
223, 85
216, 85
215, 84
212, 84
211, 85
210, 85
208, 87
208, 100
209, 101
209, 105
208, 106
207, 105
207, 104
205, 102
205, 101
202, 98
202, 97
199, 94
199, 93
189, 83
189, 82
187, 80
187, 79
185, 77
185, 76
183, 74
181, 74
181, 75
180, 76
181, 77
181, 83
182, 84
182, 91
183, 92
183, 98
184, 99
184, 104
185, 105
185, 108
186, 109
186, 112
187, 113
187, 117
188, 118
188, 121
189, 122
189, 124
190, 125
190, 128
191, 129
191, 131
190, 132
188, 130
188, 129
186, 127
186, 126
184, 124
184, 123
181, 120
181, 119
179, 117
179, 116
177, 114
177, 113
175, 111
175, 110
174, 109
174, 108
172, 106
172, 105
166, 99
165, 99
164, 98
162, 98
161, 99
160, 99
156, 103
156, 105
155, 106
152, 119
152, 118
151, 117
151, 116
149, 114
149, 113
147, 111
147, 110
144, 107
144, 106
141, 103
141, 102
137, 98
136, 98
134, 96
133, 96
132, 95
127, 95
125, 97
125, 101
124, 102
124, 105
125, 106
125, 115
126, 116
126, 120
125, 121
123, 119
123, 118
121, 116
121, 115
119, 113
119, 112
117, 110
117, 109
115, 107
115, 106
113, 104
113, 103
111, 101
111, 100
108, 97
108, 96
101, 89
97, 89
95, 91
95, 95
94, 96
95, 97
95, 107
96, 108
96, 115
97, 116
97, 124
98, 125
98, 132
97, 133
95, 131
95, 130
94, 129
94, 128
92, 126
92, 125
91, 124
91, 123
89, 121
89, 120
88, 119
88, 118
87, 117
87, 116
86, 115
86, 114
84, 112
84, 111
83, 110
83, 109
82, 108
82, 107
81, 106
81, 105
80, 104
80, 103
79, 102
79, 100
78, 99
78, 98
77, 97
77, 96
76, 95
76, 92
75, 91
75, 89
74, 88
74, 85
73, 84
73, 81
72, 80
72, 78
71, 77
71, 74
70, 73
70, 70
69, 69
69, 67
68, 66
68, 63
67, 62
67, 60
66, 59
66, 56
65, 55
65, 52
64, 51
64, 49
63, 48
63, 45
62, 44
62, 41
61, 40
61, 38
60, 37
60, 34
59, 33
59, 32
58, 31
56, 31
55, 32
55, 39
56, 40
56, 44
57, 45
57, 48
58, 49
58, 53
59, 54
59, 56
60, 57
60, 60
61, 61
61, 63
62, 64
62, 67
63, 68
63, 70
64, 71
64, 73
65, 74
65, 76
66, 77
66, 79
67, 80
67, 82
68, 83
68, 84
69, 85
69, 87
70, 88
70, 89
71, 90
71, 92
72, 93
72, 95
73, 96
73, 98
74, 99
74, 103
75, 104
75, 108
76, 109
76, 114
77, 115
77, 120
78, 121
78, 126
79, 127
79, 132
80, 133
80, 135
79, 136
75, 132
75, 131
73, 129
73, 128
71, 126
71, 125
69, 123
69, 122
67, 120
67, 119
65, 117
65, 116
63, 114
63, 113
61, 111
61, 110
60, 109
60, 108
58, 106
58, 105
56, 103
56, 102
54, 100
54, 99
53, 98
53, 97
51, 95
51, 94
50, 93
50, 92
49, 91
49, 90
48, 89
48, 88
51, 85
51, 84
50, 83
46, 83
45, 84
44, 84
42, 82
42, 81
38, 77
30, 77
29, 78
27, 78
26, 79
25, 79
21, 83
21, 88
22, 89
22, 90
23, 91
23, 92
25, 94
25, 95
26, 96
26, 97
27, 98
27, 99
28, 100
31, 100
32, 99
32, 98
31, 97
31, 95
29, 93
29, 92
28, 91
28, 90
26, 88
26, 85
28, 83
29, 83
30, 82
31, 82
32, 81
35, 81
39, 85
39, 86
41, 88
41, 89
42, 90
42, 91
44, 93
44, 94
45, 95
45, 96
46, 97
46, 98
47, 99
47, 100
48, 101
48, 102
49, 103
49, 105
50, 106
50, 107
51, 108
51, 109
52, 110
52, 112
53, 113
53, 115
54, 116
54, 118
55, 119
55, 121
56, 122
56, 124
57, 125
57, 127
58, 128
58, 131
59, 132
59, 135
60, 136
60, 140
61, 141
61, 145
62, 146
62, 150
63, 151
63, 155
64, 156
64, 160
65, 161
65, 165
66, 166
66, 171
67, 172
67, 176
68, 177
68, 182
69, 183
69, 188
70, 189
70, 194
71, 195
71, 199
72, 200
72, 205
73, 206
73, 210
74, 211
74, 215
75, 216
75, 220
76, 221
76, 228
77, 229
77, 232
78, 233
78, 236
79, 237
79, 239
80, 239
81, 240
82, 239
83, 239
83, 233
82, 232
82, 228
81, 227
81, 223
80, 222
80, 218
79, 217
79, 213
78, 212
78, 208
77, 207
77, 203
76, 202
76, 198
75, 197
75, 192
74, 191
74, 186
73, 185
73, 180
72, 179
72, 174
71, 173
71, 169
70, 168
70, 164
69, 163
69, 159
68, 158
68, 154
67, 153
67, 149
66, 148
66, 144
65, 143
65, 138
64, 137
64, 134
63, 133
63, 130
62, 129
62, 126
61, 125
61, 123
60, 122
60, 119
59, 118
59, 117
60, 116
63, 119
63, 120
64, 121
64, 122
66, 124
66, 125
68, 127
68, 128
70, 130
70, 131
73, 134
73, 135
76, 138
76, 139
79, 142
79, 143
81, 145
83, 145
84, 144
84, 136
83, 135
83, 131
82, 130
82, 124
81, 123
81, 118
80, 117
80, 115
81, 114
83, 116
83, 117
84, 118
84, 119
85, 120
85, 121
87, 123
87, 124
88, 125
88, 126
90, 128
90, 129
91, 130
91, 131
93, 133
93, 134
94, 135
94, 136
96, 138
96, 139
99, 142
99, 143
102, 143
102, 142
103, 141
103, 138
102, 137
102, 130
101, 129
101, 122
100, 121
100, 113
99, 112
99, 105
98, 104
98, 94
99, 93
100, 93
106, 99
106, 100
108, 102
108, 103
110, 105
110, 106
113, 109
113, 110
115, 112
115, 113
117, 115
117, 116
119, 118
119, 119
121, 121
121, 122
123, 124
123, 125
125, 127
125, 128
127, 130
127, 131
128, 132
128, 133
129, 134
129, 136
130, 137
130, 140
131, 141
131, 142
133, 144
136, 144
136, 143
137, 142
137, 140
136, 139
136, 138
135, 137
135, 136
133, 134
133, 133
132, 132
132, 130
131, 129
131, 124
130, 123
130, 119
129, 118
129, 113
128, 112
128, 99
129, 98
131, 98
134, 101
135, 101
136, 102
136, 103
142, 109
142, 110
144, 112
144, 113
146, 115
146, 116
148, 118
148, 119
150, 121
150, 122
151, 123
151, 124
152, 125
152, 126
154, 128
154, 129
155, 130
155, 131
156, 132
156, 133
157, 134
157, 135
159, 137
160, 137
161, 136
161, 130
160, 129
160, 125
159, 124
159, 118
158, 117
158, 107
159, 106
159, 105
162, 102
164, 102
169, 107
169, 108
171, 110
171, 111
173, 113
173, 114
175, 116
175, 117
177, 119
177, 120
179, 122
179, 123
181, 125
181, 126
183, 128
183, 129
186, 132
186, 133
189, 136
189, 137
191, 139
192, 139
193, 140
194, 139
195, 139
195, 131
194, 130
194, 127
193, 126
193, 123
192, 122
192, 120
191, 119
191, 116
190, 115
190, 112
189, 111
189, 108
188, 107
188, 103
187, 102
187, 96
186, 95
186, 89
185, 88
185, 86
186, 85
196, 95
196, 96
199, 99
199, 100
202, 103
202, 104
204, 106
204, 107
207, 110
207, 111
209, 113
209, 114
211, 116
211, 117
212, 118
212, 119
214, 121
214, 122
215, 123
215, 124
216, 125
216, 127
217, 128
217, 129
218, 130
218, 131
219, 132
219, 133
221, 135
222, 135
223, 134
223, 132
222, 131
222, 129
223, 128
225, 130
225, 131
231, 137
232, 137
234, 139
235, 139
236, 140
237, 140
238, 141
245, 141
247, 139
247, 138
248, 137
248, 134
249, 133
249, 122
248, 121
248, 119
247, 118
247, 116
246, 115
246, 114
245, 113
245, 112
244, 111
244, 110
243, 109
243, 108
241, 106
241, 105
239, 103
239, 102
236, 99
236, 98
236, 95
238, 97
239, 97
244, 102
245, 102
255, 112
255, 113
260, 118
260, 119
264, 123
264, 124
268, 128
268, 129
271, 132
271, 133
274, 136
274, 137
275, 138
275, 139
276, 140
276, 141
277, 142
277, 143
278, 144
278, 145
280, 147
280, 148
283, 151
285, 151
286, 150
286, 149
285, 148
285, 147
284, 146
284, 145
283, 144
283, 143
281, 141
281, 140
279, 138
279, 137
278, 136
278, 135
277, 134
277, 133
276, 132
276, 131
275, 130
275, 128
274, 127
274, 125
273, 124
273, 122
272, 121
272, 119
271, 118
271, 116
270, 115
270, 113
269, 112
269, 109
268, 108
268, 106
267, 105
267, 102
266, 101
268, 98
268, 99
269, 100
269, 101
270, 102
270, 104
271, 105
271, 106
272, 107
272, 108
273, 109
273, 110
274, 111
274, 113
275, 114
275, 115
276, 116
276, 117
277, 118
277, 119
278, 120
278, 121
279, 122
279, 123
280, 124
280, 125
282, 127
282, 128
283, 129
283, 130
285, 132
285, 133
287, 135
287, 136
294, 143
295, 143
296, 144
297, 144
298, 145
303, 145
304, 144
305, 144
305, 143
306, 142
306, 135
305, 134
305, 131
304, 130
304, 129
303, 128
303, 126
302, 125
302, 123
301, 122
301, 121
300, 120
300, 118
299, 117
299, 116
298, 115
298, 113
297, 112
297, 111
296, 110
296, 108
295, 107
295, 106
294, 105
294, 103
293, 102
293, 100
292, 99
292, 96
291, 95
291, 94
292, 93
295, 93
298, 96
299, 96
305, 102
305, 103
313, 111
313, 112
318, 117
318, 118
322, 122
322, 123
326, 127
326, 128
328, 130
328, 131
329, 132
329, 133
330, 134
330, 135
331, 136
331, 137
335, 141
337, 141
338, 140
338, 138
336, 136
336, 135
335, 134
335, 133
332, 130
332, 129
331, 128
331, 127
330, 126
330, 125
329, 124
329, 121
328, 120
328, 117
327, 116
327, 107
329, 105
330, 105
331, 106
332, 106
333, 107
334, 107
337, 110
338, 110
353, 125
353, 126
357, 130
357, 131
358, 132
358, 134
359, 135
359, 136
360, 137
360, 138
362, 140
362, 141
365, 144
366, 144
367, 145
370, 145
371, 144
371, 141
370, 140
370, 139
366, 135
366, 134
360, 128
360, 127
359, 126
359, 125
358, 124
358, 122
357, 121
357, 118
356, 117
356, 112
358, 110
359, 111
360, 111
361, 112
362, 112
364, 114
365, 114
367, 116
368, 116
371, 119
372, 119
376, 123
377, 123
386, 132
386, 133
387, 134
387, 135
388, 136
388, 137
390, 139
390, 140
393, 143
394, 143
395, 144
397, 144
397, 143
398, 142
397, 141
397, 140
395, 138
395, 137
391, 133
391, 132
389, 130
389, 129
388, 128
388, 126
387, 125
387, 123
386, 122
386, 119
385, 118
385, 115
384, 114
384, 106
385, 105
388, 105
389, 106
390, 106
400, 116
401, 116
417, 132
417, 133
421, 137
421, 138
427, 144
429, 144
430, 143
430, 141
424, 135
424, 134
421, 131
421, 130
420, 129
420, 127
419, 126
419, 120
422, 117
429, 117
430, 118
433, 118
434, 119
435, 119
436, 120
437, 120
439, 122
440, 122
442, 124
442, 125
443, 126
443, 131
444, 132
444, 135
447, 135
447, 130
446, 129
446, 124
445, 123
445, 122
442, 119
441, 119
439, 117
438, 117
437, 116
435, 116
434, 115
432, 115
431, 114
428, 114
427, 113
423, 113
422, 114
420, 114
419, 115
418, 115
417, 116
417, 117
416, 118
416, 123
415, 124
414, 124
402, 112
401, 112
393, 104
392, 104
390, 102
389, 102
388, 101
384, 101
381, 104
381, 108
380, 109
381, 110
381, 116
382, 117
382, 120
383, 121
383, 122
382, 123
380, 121
379, 121
374, 116
373, 116
370, 113
369, 113
367, 111
366, 111
364, 109
363, 109
362, 108
361, 108
360, 107
355, 107
354, 108
354, 109
353, 110
353, 118
352, 119
341, 108
340, 108
336, 104
335, 104
334, 103
333, 103
332, 102
327, 102
325, 104
325, 105
324, 106
324, 109
323, 110
323, 111
324, 112
324, 117
323, 118
321, 116
321, 115
315, 109
315, 108
308, 101
308, 100
301, 93
300, 93
298, 91
297, 91
296, 90
295, 90
294, 89
291, 89
290, 90
289, 90
289, 91
288, 92
288, 97
289, 98
289, 101
290, 102
290, 104
291, 105
291, 106
292, 107
292, 109
293, 110
293, 111
294, 112
294, 114
295, 115
295, 116
296, 117
296, 119
297, 120
297, 121
298, 122
298, 124
299, 125
299, 126
300, 127
300, 129
301, 130
301, 132
302, 133
302, 135
303, 136
303, 140
301, 142
300, 142
299, 141
298, 141
297, 140
296, 140
290, 134
290, 133
287, 130
287, 129
286, 128
286, 127
284, 125
284, 124
283, 123
283, 122
282, 121
282, 120
281, 119
281, 118
280, 117
280, 116
279, 115
279, 114
278, 113
278, 112
277, 111
277, 110
276, 109
276, 107
275, 106
275, 105
274, 104
274, 103
273, 102
273, 101
272, 100
272, 98
271, 97
271, 96
270, 95
270, 94
269, 93
269, 91
268, 90
268, 89
267, 88
267, 87
266, 86
266, 84
265, 83
265, 82
264, 81
264, 79
263, 78
263, 77
262, 76
262, 74
261, 73
261, 72
260, 71
260, 70
259, 69
259, 67
258, 66
258, 65
257, 64
257, 62
256, 61
256, 59
255, 58
255, 57
254, 56
254, 54
253, 53
253, 51
252, 50
252, 48
251, 47
251, 44
250, 43
250, 41
249, 40
249, 38
248, 37
248, 35
247, 34
247, 31
246, 30
246, 28
245, 27
245, 26
244, 25
244, 23
243, 22
243, 20
242, 19
242, 18
241, 17
241, 15
240, 14
240, 13
239, 12
267, 96
265, 97
219, 90
220, 90
221, 91
222, 91
223, 92
224, 92
227, 95
228, 95
232, 99
232, 100
236, 104
236, 105
238, 107
238, 108
240, 111
241, 112
241, 113
242, 114
242, 115
243, 116
243, 117
244, 118
244, 120
245, 121
245, 124
246, 125
246, 130
245, 131
245, 135
244, 136
244, 137
240, 138
239, 137
238, 137
237, 136
236, 136
235, 135
234, 135
228, 129
228, 128
225, 124
224, 123
224, 122
223, 121
223, 120
222, 119
222, 118
221, 117
221, 116
220, 115
220, 114
219, 113
219, 110
218, 109
218, 104
217, 103
217, 97
216, 96
216, 91
211, 90
212, 89
213, 90
213, 97
212, 98
211, 97
