4, 2
496, 4
494, 313
2, 311
420, 157
419, 158
419, 160
420, 160
421, 161
423, 161
424, 162
428, 162
429, 163
432, 163
433, 164
434, 164
435, 165
438, 165
439, 166
440, 166
441, 167
442, 167
446, 171
448, 171
448, 169
447, 168
447, 167
445, 165
444, 165
443, 164
442, 164
441, 163
439, 163
438, 162
436, 162
435, 161
433, 161
432, 160
429, 160
428, 159
424, 159
423, 158
422, 158
421, 157
43, 14
43, 15
42, 16
42, 23
43, 24
43, 27
44, 28
44, 30
45, 31
45, 33
46, 34
46, 36
47, 37
47, 38
48, 39
48, 41
49, 42
49, 43
50, 44
50, 45
51, 46
51, 47
52, 48
52, 49
53, 50
53, 51
54, 52
54, 53
55, 54
55, 55
56, 56
56, 57
58, 59
58, 60
59, 61
59, 62
60, 63
60, 64
61, 65
61, 66
63, 68
63, 69
64, 70
64, 71
66, 73
66, 74
67, 75
67, 76
69, 78
69, 79
71, 81
71, 82
73, 84
73, 85
75, 87
75, 88
76, 89
76, 90
77, 91
77, 93
78, 94
78, 95
79, 96
79, 98
80, 99
80, 100
81, 101
81, 103
82, 104
82, 105
83, 106
83, 108
84, 109
84, 111
85, 112
85, 113
86, 114
86, 116
87, 117
87, 118
88, 119
88, 121
89, 122
89, 124
90, 125
90, 126
91, 127
91, 129
92, 130
92, 131
93, 132
93, 134
94, 135
94, 137
95, 138
95, 140
96, 141
96, 142
97, 143
97, 145
98, 146
98, 148
99, 149
99, 152
98, 153
96, 151
95, 151
88, 144
87, 144
81, 138
80, 138
75, 133
74, 133
68, 127
67, 127
62, 122
61, 122
53, 114
53, 112
52, 111
52, 110
51, 109
51, 108
50, 107
50, 106
49, 105
49, 104
47, 102
47, 101
45, 99
45, 98
43, 96
43, 95
39, 91
39, 90
37, 88
36, 88
34, 86
33, 86
32, 85
30, 85
29, 84
27, 84
26, 85
25, 85
23, 87
23, 89
22, 90
22, 96
21, 97
21, 108
22, 109
22, 116
23, 117
23, 120
25, 122
27, 122
28, 121
28, 119
27, 118
27, 117
26, 116
26, 111
25, 110
25, 94
26, 93
26, 90
28, 88
30, 88
31, 89
32, 89
39, 96
39, 97
41, 99
41, 100
43, 102
43, 103
45, 105
45, 106
46, 107
46, 108
47, 109
47, 110
48, 111
48, 112
49, 113
49, 114
50, 115
50, 117
51, 118
51, 119
52, 120
52, 122
53, 123
53, 125
54, 126
54, 129
55, 130
55, 133
56, 134
56, 138
57, 139
57, 143
58, 144
58, 148
59, 149
59, 154
60, 155
60, 160
61, 161
61, 165
62, 166
62, 171
63, 172
63, 178
64, 179
64, 185
65, 186
65, 193
66, 194
66, 202
67, 203
67, 213
68, 214
68, 228
69, 229
69, 260
68, 261
67, 261
66, 260
65, 260
62, 257
61, 257
49, 245
49, 244
45, 240
45, 239
43, 237
43, 236
42, 235
42, 234
41, 233
41, 232
40, 231
40, 230
39, 229
39, 227
38, 226
38, 223
37, 222
37, 219
36, 218
36, 212
38, 210
38, 208
36, 208
34, 210
34, 219
35, 220
35, 224
36, 225
36, 227
37, 228
37, 230
38, 231
38, 232
39, 233
39, 234
40, 235
40, 236
41, 237
41, 238
42, 239
42, 240
45, 243
45, 244
51, 250
51, 251
57, 257
58, 257
61, 260
62, 260
64, 262
65, 262
66, 263
67, 263
68, 264
69, 264
70, 265
71, 265
72, 266
77, 266
78, 267
79, 266
86, 266
87, 265
90, 265
91, 264
93, 264
94, 263
95, 263
96, 262
98, 262
99, 261
102, 261
103, 260
108, 260
109, 259
118, 259
119, 260
122, 260
123, 261
125, 261
126, 262
127, 262
128, 263
129, 263
130, 264
131, 264
132, 265
133, 265
134, 266
135, 266
137, 268
138, 268
140, 270
141, 270
143, 272
144, 272
147, 275
148, 275
151, 278
152, 278
154, 280
155, 280
158, 283
159, 283
162, 286
163, 286
168, 291
169, 291
172, 294
173, 294
178, 299
180, 299
181, 300
183, 300
183, 298
182, 298
181, 297
180, 297
179, 296
178, 296
173, 291
172, 291
168, 287
167, 287
163, 283
162, 283
159, 280
158, 280
155, 277
154, 277
152, 275
151, 275
148, 272
147, 272
144, 269
143, 269
141, 267
140, 267
138, 265
137, 265
136, 264
135, 264
134, 263
133, 263
131, 261
130, 261
129, 260
127, 260
126, 259
125, 259
124, 258
121, 258
120, 257
107, 257
106, 258
102, 258
101, 259
98, 259
97, 260
95, 260
94, 261
92, 261
91, 262
89, 262
88, 263
85, 263
84, 264
76, 264
73, 261
73, 247
72, 246
72, 218
71, 217
71, 206
70, 205
70, 197
69, 196
69, 188
68, 187
68, 181
67, 180
67, 174
66, 173
66, 168
65, 167
65, 162
64, 161
64, 156
63, 155
63, 150
62, 149
62, 145
61, 144
61, 140
60, 139
60, 135
59, 134
59, 131
58, 130
58, 127
57, 126
57, 124
58, 123
60, 125
61, 125
66, 130
67, 130
72, 135
73, 135
80, 142
81, 142
86, 147
87, 147
94, 154
95, 154
97, 156
98, 156
100, 158
102, 158
103, 157
103, 153
102, 152
102, 149
101, 148
101, 146
100, 145
100, 143
99, 142
99, 141
98, 140
98, 138
97, 137
97, 135
96, 134
96, 132
95, 131
95, 130
94, 129
94, 127
93, 126
93, 125
92, 124
92, 122
91, 121
91, 119
90, 118
90, 117
89, 116
89, 114
88, 113
88, 112
87, 111
87, 109
88, 108
89, 109
89, 110
91, 112
91, 113
93, 115
93, 116
95, 118
95, 119
97, 121
97, 122
99, 124
99, 125
101, 127
101, 128
103, 130
103, 131
107, 135
107, 136
112, 141
112, 142
119, 149
120, 149
122, 151
123, 151
124, 152
125, 151
125, 145
124, 144
124, 141
123, 140
123, 138
122, 137
122, 136
121, 135
121, 133
120, 132
120, 130
119, 129
119, 127
118, 126
118, 125
117, 124
117, 122
116, 121
116, 119
115, 118
115, 117
114, 116
114, 114
113, 113
113, 110
112, 109
112, 107
111, 106
111, 102
110, 101
110, 96
112, 94
114, 94
115, 95
117, 95
119, 97
120, 97
124, 101
125, 101
140, 116
140, 117
146, 123
146, 124
152, 130
152, 131
154, 133
154, 134
156, 136
156, 137
158, 139
158, 140
159, 141
159, 142
160, 143
160, 144
161, 145
161, 146
165, 150
166, 150
166, 146
164, 144
164, 143
163, 142
163, 141
161, 139
161, 138
160, 137
160, 136
159, 135
159, 134
158, 133
158, 131
157, 130
157, 129
156, 128
156, 127
155, 126
155, 123
154, 122
154, 120
153, 119
153, 115
152, 114
152, 109
151, 108
151, 100
152, 99
152, 96
154, 94
159, 94
160, 95
161, 95
163, 97
164, 97
168, 101
168, 102
171, 105
171, 106
173, 108
173, 109
175, 111
175, 112
176, 113
176, 114
177, 115
177, 116
178, 117
178, 118
180, 120
180, 121
181, 122
181, 124
182, 125
182, 126
183, 127
183, 128
184, 129
184, 130
185, 131
185, 132
187, 134
190, 134
190, 132
189, 131
189, 130
188, 129
188, 128
186, 126
186, 125
185, 124
185, 123
184, 122
184, 121
183, 120
183, 118
182, 117
182, 114
181, 113
181, 99
182, 98
182, 97
184, 95
189, 95
191, 97
192, 97
201, 106
201, 107
204, 110
204, 111
206, 113
206, 114
209, 117
209, 118
211, 120
211, 121
213, 123
213, 124
216, 127
216, 128
219, 131
220, 131
221, 130
221, 127
220, 126
220, 122
219, 121
219, 117
218, 116
218, 114
217, 113
217, 110
216, 109
216, 97
217, 96
217, 95
219, 93
223, 93
224, 94
225, 94
226, 95
227, 95
229, 97
230, 97
240, 107
240, 108
242, 110
242, 111
243, 112
243, 113
244, 114
244, 115
245, 116
245, 117
246, 118
246, 120
247, 121
247, 122
248, 123
248, 125
249, 126
249, 128
250, 129
250, 130
251, 131
251, 133
252, 134
252, 135
253, 136
253, 137
254, 138
254, 139
255, 140
255, 141
257, 143
257, 144
262, 149
263, 149
264, 150
265, 150
266, 151
271, 151
272, 150
273, 150
274, 149
274, 148
275, 147
275, 146
276, 145
276, 143
277, 142
277, 136
278, 135
278, 131
279, 130
290, 141
291, 141
294, 144
295, 144
296, 145
301, 145
303, 143
303, 131
302, 130
302, 128
301, 127
301, 124
300, 123
300, 121
299, 120
299, 119
300, 118
313, 131
314, 131
316, 133
320, 133
320, 127
319, 126
319, 124
318, 123
318, 122
317, 121
317, 120
316, 119
316, 117
315, 116
315, 115
314, 114
314, 113
313, 112
313, 111
312, 110
312, 109
311, 108
311, 106
310, 105
310, 104
309, 103
309, 101
308, 100
308, 98
307, 97
307, 90
308, 89
309, 89
310, 88
311, 89
314, 89
315, 90
316, 90
317, 91
318, 91
319, 92
320, 92
321, 93
322, 93
325, 96
326, 96
329, 99
330, 99
339, 108
339, 109
340, 110
340, 111
341, 112
341, 114
342, 115
342, 117
343, 118
343, 120
344, 121
344, 122
345, 123
345, 124
346, 125
346, 126
347, 127
347, 128
348, 129
348, 130
351, 133
352, 133
353, 134
356, 134
357, 133
357, 131
356, 130
356, 129
355, 128
355, 127
353, 125
353, 124
352, 123
352, 122
350, 120
350, 119
348, 117
348, 116
347, 115
347, 114
345, 112
345, 111
343, 109
343, 108
342, 107
342, 102
341, 101
341, 90
342, 89
342, 87
343, 86
343, 85
344, 84
349, 84
350, 85
351, 85
365, 99
365, 100
368, 103
368, 104
370, 106
370, 107
371, 108
371, 109
373, 111
373, 112
374, 113
374, 115
375, 116
375, 117
376, 118
376, 119
377, 120
377, 121
378, 122
378, 123
379, 124
379, 125
380, 126
380, 127
381, 128
381, 129
382, 130
382, 131
384, 133
385, 133
386, 132
386, 130
385, 129
385, 128
384, 127
384, 126
383, 125
383, 124
382, 123
382, 122
381, 121
381, 120
380, 119
380, 118
379, 117
379, 116
378, 115
378, 114
377, 113
377, 111
376, 110
376, 99
377, 98
377, 95
381, 91
385, 91
393, 99
393, 100
395, 102
395, 103
397, 105
397, 106
399, 108
399, 109
400, 110
400, 111
402, 113
402, 114
403, 115
403, 117
404, 118
404, 119
405, 120
405, 121
406, 122
406, 124
407, 125
407, 126
408, 127
408, 129
409, 130
409, 131
410, 132
410, 134
411, 135
411, 136
412, 137
412, 138
414, 140
415, 140
416, 139
416, 137
415, 136
415, 135
414, 134
414, 133
413, 132
413, 131
412, 130
412, 128
411, 127
411, 126
410, 125
410, 123
409, 122
409, 120
408, 119
408, 114
407, 113
407, 106
406, 105
406, 99
407, 98
407, 94
408, 93
408, 92
411, 89
412, 89
413, 90
415, 90
426, 101
426, 102
429, 105
429, 106
431, 108
431, 109
433, 111
433, 112
434, 113
434, 114
436, 116
436, 117
437, 118
437, 119
439, 121
439, 122
441, 124
441, 125
443, 127
443, 128
446, 131
446, 132
448, 134
450, 134
450, 130
448, 128
448, 127
447, 126
447, 125
445, 123
445, 122
444, 121
444, 120
443, 119
443, 118
442, 117
442, 116
441, 115
441, 113
440, 112
440, 110
439, 109
439, 107
438, 106
438, 102
437, 101
437, 98
438, 97
438, 95
439, 94
439, 93
441, 91
448, 91
449, 92
450, 92
452, 94
453, 94
460, 101
461, 101
471, 111
471, 113
472, 114
472, 115
473, 116
475, 116
475, 113
474, 112
474, 111
473, 110
473, 109
462, 98
461, 98
459, 96
459, 95
458, 95
455, 92
454, 92
452, 90
451, 90
450, 89
449, 89
448, 88
441, 88
440, 89
439, 89
436, 92
436, 93
435, 94
435, 106
436, 107
436, 108
435, 109
433, 107
433, 106
431, 104
431, 103
429, 101
429, 100
425, 96
425, 95
420, 90
419, 90
417, 88
416, 88
415, 87
409, 87
408, 88
407, 88
406, 89
406, 90
405, 91
405, 93
404, 94
404, 107
403, 108
402, 108
401, 107
401, 106
400, 105
400, 104
398, 102
398, 101
395, 98
395, 97
391, 93
391, 92
390, 91
389, 91
387, 89
386, 89
385, 88
381, 88
380, 89
378, 89
376, 91
376, 92
375, 93
375, 94
374, 95
374, 98
373, 99
373, 102
372, 103
371, 103
370, 102
370, 101
368, 99
368, 98
363, 93
363, 92
356, 85
355, 85
353, 83
352, 83
351, 82
350, 82
349, 81
344, 81
343, 82
342, 82
340, 84
340, 86
339, 87
339, 90
338, 91
338, 100
339, 101
338, 102
337, 102
331, 96
330, 96
327, 93
326, 93
324, 91
323, 91
321, 89
320, 89
319, 88
318, 88
317, 87
315, 87
314, 86
307, 86
305, 88
305, 89
304, 90
304, 97
305, 98
305, 100
306, 101
306, 103
307, 104
307, 106
308, 107
308, 108
309, 109
309, 110
310, 111
310, 113
311, 114
311, 115
312, 116
312, 117
313, 118
313, 119
314, 120
314, 121
315, 122
315, 123
316, 124
316, 126
317, 127
317, 128
316, 129
315, 128
314, 128
303, 117
303, 116
299, 112
299, 111
295, 107
295, 106
293, 104
293, 102
292, 101
292, 100
291, 99
291, 97
290, 96
290, 95
289, 94
289, 93
288, 92
288, 90
287, 89
287, 88
286, 87
286, 86
285, 85
285, 84
284, 83
284, 81
283, 80
283, 79
282, 78
282, 77
281, 76
281, 75
280, 74
280, 73
279, 72
279, 71
278, 70
278, 69
277, 68
277, 67
276, 66
276, 65
275, 64
275, 63
274, 62
274, 61
273, 60
273, 59
272, 58
272, 57
271, 56
271, 55
270, 54
270, 53
269, 52
269, 51
267, 49
267, 48
266, 47
266, 46
265, 45
265, 44
264, 43
264, 42
262, 40
262, 39
261, 38
261, 37
259, 35
259, 34
258, 33
258, 32
256, 30
256, 29
255, 28
255, 27
252, 24
252, 23
250, 21
248, 21
248, 29
249, 30
249, 34
250, 35
250, 37
251, 38
251, 40
252, 41
252, 43
253, 44
253, 46
254, 47
254, 48
255, 49
255, 50
256, 51
256, 53
257, 54
257, 55
258, 56
258, 57
259, 58
259, 59
260, 60
260, 61
261, 62
261, 63
262, 64
262, 65
264, 67
264, 68
265, 69
265, 70
266, 71
266, 72
267, 73
267, 74
269, 76
269, 77
271, 79
271, 80
272, 81
272, 82
275, 85
275, 86
277, 88
277, 89
280, 92
280, 93
283, 96
283, 97
286, 100
286, 101
290, 105
290, 106
292, 108
292, 110
293, 111
293, 112
294, 113
294, 115
295, 116
295, 118
296, 119
296, 120
297, 121
297, 123
298, 124
298, 126
299, 127
299, 130
300, 131
300, 136
301, 137
301, 140
299, 142
297, 142
296, 141
295, 141
292, 138
291, 138
279, 126
279, 125
276, 122
276, 121
275, 120
275, 119
274, 118
274, 117
273, 116
273, 115
272, 114
272, 113
271, 112
271, 111
270, 110
270, 109
268, 107
268, 106
266, 104
266, 103
257, 94
256, 94
254, 92
252, 92
251, 91
250, 92
248, 92
247, 93
247, 94
246, 95
246, 97
245, 98
245, 106
244, 107
243, 107
242, 106
242, 105
238, 101
238, 100
237, 99
236, 99
231, 94
230, 94
229, 93
228, 93
227, 92
226, 92
225, 91
223, 91
222, 90
219, 90
218, 91
217, 91
214, 94
214, 96
213, 97
213, 108
214, 109
214, 112
215, 113
215, 116
216, 117
216, 120
215, 121
214, 120
214, 119
211, 116
211, 115
209, 113
209, 112
207, 110
207, 109
204, 106
204, 105
193, 94
192, 94
191, 93
190, 93
189, 92
183, 92
179, 96
179, 98
178, 99
178, 107
177, 108
176, 108
175, 107
175, 106
174, 105
174, 104
171, 101
171, 100
165, 94
164, 94
162, 92
160, 92
159, 91
153, 91
150, 94
150, 95
149, 96
149, 101
148, 102
148, 106
149, 107
149, 113
150, 114
150, 118
151, 119
151, 122
150, 123
144, 117
144, 116
125, 97
124, 97
121, 94
120, 94
119, 93
118, 93
117, 92
115, 92
114, 91
112, 91
111, 92
109, 92
108, 93
108, 95
107, 96
107, 100
108, 101
108, 105
109, 106
109, 109
110, 110
110, 112
111, 113
111, 116
112, 117
112, 118
113, 119
113, 121
114, 122
114, 124
115, 125
115, 126
116, 127
116, 129
117, 130
117, 132
118, 133
118, 135
119, 136
119, 137
120, 138
120, 140
121, 141
119, 145
117, 143
117, 142
110, 135
110, 134
106, 130
106, 129
104, 127
104, 126
102, 124
102, 123
99, 120
99, 119
97, 117
97, 116
95, 114
95, 113
93, 111
93, 110
92, 109
92, 108
90, 106
90, 105
88, 103
88, 102
86, 100
86, 99
85, 98
85, 97
83, 95
83, 94
81, 92
81, 91
79, 89
79, 88
78, 87
78, 86
77, 85
77, 83
76, 82
76, 81
75, 80
75, 78
74, 77
74, 76
73, 75
73, 73
72, 72
72, 71
71, 70
71, 68
70, 67
70, 66
69, 65
69, 63
68, 62
68, 61
67, 60
67, 58
66, 57
66, 56
65, 55
65, 53
64, 52
64, 50
63, 49
63, 48
62, 47
62, 46
61, 45
61, 43
60, 42
60, 41
59, 40
59, 39
58, 38
58, 36
57, 35
57, 34
56, 33
56, 32
55, 31
55, 30
54, 29
54, 28
53, 27
53, 26
52, 25
52, 24
51, 23
51, 22
50, 21
50, 20
49, 19
49, 18
48, 17
48, 16
46, 14
253, 105
254, 106
255, 106
256, 107
257, 107
259, 109
260, 109
270, 119
270, 120
273, 123
273, 124
274, 128
275, 129
275, 137
274, 138
274, 142
273, 143
273, 145
266, 148
265, 147
264, 147
260, 143
260, 142
258, 140
258, 139
256, 137
256, 136
255, 135
255, 134
254, 131
253, 130
253, 129
252, 128
252, 126
251, 125
251, 123
250, 122
250, 120
249, 119
249, 111
248, 110
248, 107
251, 94
252, 95
253, 95
254, 96
263, 104
263, 105
265, 107
264, 109
261, 106
260, 106
258, 104
257, 104
256, 103
254, 103
253, 102
248, 101
248, 98
249, 97
252, 31
253, 30
254, 31
254, 32
256, 34
256, 35
257, 36
257, 37
259, 39
259, 40
260, 41
260, 42
261, 43
261, 44
262, 45
262, 46
264, 48
264, 49
265, 50
265, 51
266, 52
266, 53
267, 54
267, 55
269, 57
269, 59
270, 60
270, 61
271, 62
271, 63
272, 64
272, 65
273, 66
273, 67
274, 68
274, 69
276, 71
276, 72
277, 73
277, 74
278, 75
278, 77
279, 78
279, 79
280, 80
280, 81
281, 82
281, 83
282, 84
282, 85
283, 86
283, 87
284, 88
284, 90
285, 91
285, 92
284, 93
282, 91
282, 90
280, 88
280, 87
277, 84
277, 83
275, 81
275, 80
273, 78
273, 77
271, 75
271, 74
270, 73
270, 72
268, 70
268, 69
267, 68
267, 67
266, 66
266, 65
265, 64
265, 63
264, 62
264, 61
263, 60
263, 59
262, 58
262, 57
261, 56
261, 55
260, 54
260, 53
259, 52
259, 51
258, 50
258, 49
257, 48
257, 47
256, 46
256, 44
255, 43
255, 41
254, 40
254, 39
253, 38
253, 35
252, 34
45, 21
46, 20
48, 22
48, 23
49, 24
49, 25
50, 26
50, 27
51, 28
51, 29
52, 30
52, 31
53, 32
53, 33
54, 34
54, 35
55, 36
55, 38
56, 39
56, 40
57, 41
57, 43
58, 44
58, 45
59, 46
59, 47
60, 48
60, 50
61, 51
61, 52
62, 53
62, 55
63, 56
63, 57
64, 58
64, 60
65, 61
65, 62
66, 63
64, 65
64, 64
62, 62
62, 61
61, 60
61, 59
60, 58
60, 57
59, 56
59, 55
58, 54
58, 53
56, 51
56, 50
55, 49
55, 48
54, 47
54, 46
53, 45
53, 44
52, 43
52, 42
51, 41
51, 39
50, 38
50, 37
49, 36
49, 34
48, 33
48, 32
47, 31
47, 28
46, 27
46, 24
45, 23
