330, 2
332, 367
4, 369
2, 4
107, 15
106, 16
104, 16
103, 17
102, 17
101, 18
100, 18
99, 19
98, 19
94, 23
93, 23
84, 32
84, 33
78, 39
78, 40
75, 43
75, 44
73, 46
73, 47
71, 49
71, 50
69, 52
69, 53
68, 54
68, 55
67, 56
67, 57
66, 58
66, 59
65, 60
65, 61
64, 62
64, 63
63, 64
63, 66
62, 67
62, 68
61, 69
61, 71
60, 72
60, 74
59, 75
59, 76
60, 77
62, 77
62, 76
63, 75
63, 73
64, 72
64, 70
65, 69
65, 68
66, 67
66, 66
67, 65
67, 63
68, 62
68, 61
69, 60
69, 59
70, 58
70, 57
71, 56
71, 55
73, 53
73, 52
74, 51
74, 50
76, 48
76, 47
79, 44
79, 43
84, 38
84, 37
97, 24
98, 24
101, 21
102, 21
103, 20
104, 20
105, 19
111, 19
112, 20
113, 20
115, 22
115, 23
117, 25
117, 27
118, 28
118, 32
119, 33
119, 39
118, 40
118, 46
117, 47
117, 50
116, 51
116, 55
115, 56
115, 59
114, 60
114, 64
113, 65
113, 68
112, 69
112, 73
111, 74
111, 78
110, 79
110, 83
109, 84
109, 88
108, 89
108, 93
107, 94
107, 98
106, 99
106, 103
105, 104
105, 108
104, 109
104, 114
103, 115
103, 120
102, 121
102, 126
101, 127
101, 132
100, 133
100, 139
99, 140
99, 162
100, 163
100, 169
101, 170
101, 174
102, 175
102, 177
103, 178
103, 179
104, 180
104, 181
107, 184
108, 184
109, 185
111, 185
112, 186
116, 186
117, 185
118, 185
119, 184
120, 184
122, 182
123, 182
126, 179
126, 178
131, 173
131, 172
134, 169
134, 168
136, 166
136, 165
138, 163
138, 162
140, 160
140, 159
141, 158
141, 157
143, 155
143, 154
145, 152
145, 151
146, 150
146, 149
148, 147
148, 146
150, 144
150, 143
152, 141
152, 140
153, 139
153, 138
155, 136
155, 135
157, 133
157, 132
158, 131
158, 130
160, 128
160, 127
161, 126
161, 125
163, 123
163, 122
164, 121
164, 120
166, 118
166, 117
167, 116
167, 115
169, 113
169, 112
170, 111
170, 110
171, 109
171, 108
173, 106
173, 105
174, 104
174, 103
175, 102
175, 101
176, 100
176, 99
177, 98
177, 97
178, 96
178, 95
179, 94
179, 93
180, 92
180, 91
181, 90
181, 89
182, 88
183, 89
183, 91
182, 92
182, 95
181, 96
181, 99
180, 100
180, 103
179, 104
179, 106
178, 107
178, 110
177, 111
177, 114
176, 115
176, 117
175, 118
175, 121
174, 122
174, 125
173, 126
173, 129
172, 130
172, 132
171, 133
171, 136
170, 137
170, 141
169, 142
169, 145
168, 146
168, 150
167, 151
167, 162
168, 163
168, 166
169, 167
169, 168
174, 173
176, 173
177, 174
179, 174
180, 173
184, 173
185, 172
186, 172
188, 170
189, 170
199, 160
199, 159
203, 155
203, 154
205, 152
205, 151
208, 148
208, 147
210, 145
210, 144
211, 143
211, 142
213, 140
213, 139
215, 137
215, 136
216, 135
216, 134
217, 133
217, 132
219, 130
219, 129
220, 128
220, 127
221, 126
221, 125
222, 124
222, 123
224, 121
224, 120
225, 119
225, 118
226, 117
226, 116
227, 115
227, 114
228, 113
228, 112
229, 111
229, 110
231, 108
231, 107
232, 106
232, 105
233, 104
233, 103
234, 102
234, 101
235, 100
235, 99
236, 98
236, 97
237, 96
237, 95
238, 94
238, 93
239, 92
239, 91
240, 90
241, 91
241, 93
240, 94
240, 97
239, 98
239, 102
238, 103
238, 106
237, 107
237, 111
236, 112
236, 116
235, 117
235, 121
234, 122
234, 126
233, 127
233, 131
232, 132
232, 136
231, 137
231, 151
232, 152
232, 154
235, 157
236, 157
237, 158
239, 158
240, 159
250, 159
251, 158
254, 158
255, 157
256, 157
257, 156
258, 156
259, 155
260, 155
261, 154
262, 154
266, 150
267, 150
270, 147
271, 147
272, 146
273, 146
274, 145
278, 145
286, 153
286, 154
301, 169
301, 170
303, 172
303, 173
304, 174
304, 175
306, 177
306, 178
307, 179
307, 180
308, 181
308, 183
309, 184
309, 185
310, 186
310, 188
311, 189
311, 191
312, 192
312, 194
313, 195
313, 199
314, 200
314, 205
315, 206
315, 215
316, 216
316, 239
315, 240
315, 249
314, 250
314, 256
313, 257
313, 262
312, 263
312, 266
311, 267
311, 270
310, 271
310, 274
309, 275
309, 278
308, 279
308, 281
307, 282
307, 284
306, 285
306, 287
305, 288
305, 289
304, 290
304, 292
303, 293
303, 294
302, 295
302, 296
301, 297
301, 298
300, 299
300, 301
299, 302
299, 303
297, 305
297, 306
296, 307
296, 308
295, 309
295, 310
294, 311
294, 312
293, 313
293, 314
291, 316
291, 317
289, 319
289, 320
286, 323
286, 324
272, 338
271, 338
269, 340
268, 340
266, 342
265, 342
264, 343
263, 343
262, 344
261, 344
260, 345
258, 345
257, 346
255, 346
254, 347
251, 347
250, 348
247, 348
246, 349
242, 349
241, 350
233, 350
232, 351
159, 351
158, 350
139, 350
138, 349
129, 349
128, 348
121, 348
120, 347
114, 347
113, 346
108, 346
107, 345
103, 345
102, 344
97, 344
96, 343
92, 343
91, 342
87, 342
86, 341
83, 341
82, 340
78, 340
77, 339
74, 339
73, 338
70, 338
69, 337
66, 337
65, 336
62, 336
61, 335
58, 335
57, 334
55, 334
54, 333
51, 333
50, 332
47, 332
46, 331
44, 331
43, 330
40, 330
39, 329
37, 329
36, 328
35, 328
34, 327
32, 327
31, 326
30, 326
29, 325
28, 325
27, 324
26, 324
24, 322
23, 322
19, 318
19, 317
18, 316
18, 315
17, 314
17, 309
18, 308
18, 306
19, 305
19, 304
20, 303
20, 302
26, 296
27, 296
29, 294
30, 294
31, 293
32, 293
33, 292
34, 292
35, 291
37, 291
38, 290
40, 290
41, 289
44, 289
45, 288
48, 288
49, 287
53, 287
54, 286
58, 286
59, 285
63, 285
64, 284
68, 284
69, 283
72, 283
73, 282
76, 282
77, 281
80, 281
81, 280
84, 280
85, 279
88, 279
89, 278
92, 278
93, 277
96, 277
97, 276
100, 276
101, 275
104, 275
105, 274
109, 274
110, 273
113, 273
114, 272
117, 272
118, 271
121, 271
122, 270
125, 270
126, 269
130, 269
131, 268
134, 268
135, 267
138, 267
139, 266
143, 266
144, 265
148, 265
149, 264
152, 264
153, 263
157, 263
158, 262
162, 262
163, 261
167, 261
168, 260
172, 260
173, 259
177, 259
178, 258
184, 258
185, 257
191, 257
192, 256
198, 256
199, 255
205, 255
206, 254
213, 254
214, 253
231, 253
232, 252
252, 252
253, 253
260, 253
261, 254
266, 254
267, 255
269, 255
270, 256
272, 256
273, 257
275, 257
276, 258
277, 257
277, 255
276, 254
274, 254
273, 253
271, 253
270, 252
268, 252
267, 251
262, 251
261, 250
254, 250
253, 249
229, 249
228, 250
213, 250
212, 251
205, 251
204, 252
197, 252
196, 253
191, 253
190, 254
184, 254
183, 255
177, 255
176, 256
172, 256
171, 257
167, 257
166, 258
162, 258
161, 259
157, 259
156, 260
152, 260
151, 261
148, 261
147, 262
143, 262
142, 263
138, 263
137, 264
134, 264
133, 265
130, 265
129, 266
125, 266
124, 267
121, 267
120, 268
117, 268
116, 269
113, 269
112, 270
109, 270
108, 271
104, 271
103, 272
100, 272
99, 273
96, 273
95, 274
92, 274
91, 275
88, 275
87, 276
84, 276
83, 277
81, 277
80, 278
76, 278
75, 279
72, 279
71, 280
68, 280
67, 281
63, 281
62, 282
58, 282
57, 283
53, 283
52, 284
48, 284
47, 285
44, 285
43, 286
40, 286
39, 287
37, 287
36, 288
34, 288
33, 289
32, 289
31, 290
30, 290
29, 291
28, 291
27, 292
26, 292
24, 294
23, 294
18, 299
18, 300
16, 302
16, 304
15, 305
15, 307
14, 308
14, 315
15, 316
15, 317
16, 318
16, 319
18, 321
18, 322
20, 324
21, 324
23, 326
24, 326
25, 327
26, 327
27, 328
28, 328
29, 329
30, 329
31, 330
33, 330
34, 331
35, 331
36, 332
38, 332
39, 333
42, 333
43, 334
45, 334
46, 335
49, 335
50, 336
53, 336
54, 337
56, 337
57, 338
60, 338
61, 339
64, 339
65, 340
68, 340
69, 341
72, 341
73, 342
76, 342
77, 343
81, 343
82, 344
85, 344
86, 345
90, 345
91, 346
95, 346
96, 347
101, 347
102, 348
106, 348
107, 349
112, 349
113, 350
119, 350
120, 351
127, 351
128, 352
137, 352
138, 353
155, 353
156, 354
234, 354
235, 353
242, 353
243, 352
247, 352
248, 351
251, 351
252, 350
255, 350
256, 349
258, 349
259, 348
261, 348
262, 347
263, 347
264, 346
265, 346
266, 345
267, 345
268, 344
269, 344
271, 342
272, 342
275, 339
276, 339
287, 328
287, 327
290, 324
290, 323
293, 320
293, 319
294, 318
294, 317
296, 315
296, 314
297, 313
297, 312
298, 311
298, 310
300, 308
300, 307
301, 306
301, 305
302, 304
302, 303
303, 302
303, 301
304, 300
304, 298
305, 297
305, 296
306, 295
306, 294
307, 293
307, 292
308, 291
308, 289
309, 288
309, 286
310, 285
310, 283
311, 282
311, 280
312, 279
312, 276
313, 275
313, 272
314, 271
314, 268
315, 267
315, 264
316, 263
316, 258
317, 257
317, 251
318, 250
318, 242
319, 241
319, 215
318, 214
318, 205
317, 204
317, 199
316, 198
316, 194
315, 193
315, 191
314, 190
314, 187
313, 186
313, 185
312, 184
312, 182
311, 181
311, 180
310, 179
310, 178
309, 177
309, 176
308, 175
308, 174
306, 172
306, 171
305, 170
305, 169
302, 166
302, 165
287, 150
287, 149
281, 143
280, 143
279, 142
273, 142
272, 143
271, 143
270, 144
269, 144
267, 146
266, 146
263, 149
262, 149
259, 152
258, 152
257, 153
256, 153
255, 154
254, 154
253, 155
250, 155
249, 156
242, 156
241, 155
238, 155
235, 152
235, 151
234, 150
234, 138
235, 137
235, 133
236, 132
236, 128
237, 127
237, 123
238, 122
238, 118
239, 117
239, 113
240, 112
240, 108
241, 107
241, 104
242, 103
242, 99
243, 98
243, 95
244, 94
244, 91
245, 90
245, 87
246, 86
246, 83
247, 82
247, 80
248, 79
248, 77
249, 76
249, 74
250, 73
250, 71
251, 70
251, 67
252, 66
252, 64
253, 63
253, 61
254, 60
254, 58
255, 57
255, 55
256, 54
256, 52
257, 51
257, 46
255, 46
254, 47
254, 48
253, 49
253, 51
252, 52
252, 54
251, 55
251, 57
250, 58
250, 59
249, 60
249, 62
248, 63
248, 65
247, 66
247, 67
246, 68
246, 70
245, 71
245, 72
244, 73
244, 74
243, 75
243, 76
242, 77
242, 78
241, 79
241, 80
240, 81
240, 83
239, 84
239, 85
237, 87
237, 88
236, 89
236, 90
235, 91
235, 92
234, 93
234, 94
233, 95
233, 96
232, 97
232, 98
231, 99
231, 100
230, 101
230, 102
229, 103
229, 104
228, 105
228, 106
227, 107
227, 108
226, 109
226, 110
225, 111
225, 112
224, 113
224, 114
223, 115
223, 116
222, 117
222, 118
220, 120
220, 121
219, 122
219, 123
218, 124
218, 125
217, 126
217, 127
215, 129
215, 130
214, 131
214, 132
213, 133
213, 134
211, 136
211, 137
210, 138
210, 139
208, 141
208, 142
206, 144
206, 145
204, 147
204, 148
201, 151
201, 152
198, 155
198, 156
185, 169
184, 169
183, 170
176, 170
175, 169
174, 169
173, 168
173, 167
172, 166
172, 165
171, 164
171, 161
170, 160
170, 152
171, 151
171, 147
172, 146
172, 143
173, 142
173, 138
174, 137
174, 134
175, 133
175, 131
176, 130
176, 127
177, 126
177, 123
178, 122
178, 119
179, 118
179, 116
180, 115
180, 112
181, 111
181, 108
182, 107
182, 105
183, 104
183, 101
184, 100
184, 97
185, 96
185, 93
186, 92
186, 89
187, 88
187, 85
188, 84
188, 82
189, 81
189, 78
190, 77
190, 75
191, 74
191, 72
192, 71
192, 68
193, 67
193, 65
194, 64
194, 61
195, 60
195, 58
196, 57
196, 54
197, 53
197, 48
194, 48
194, 50
193, 51
193, 53
192, 54
192, 55
191, 56
191, 58
190, 59
190, 61
189, 62
189, 64
188, 65
188, 66
187, 67
187, 69
186, 70
186, 71
185, 72
185, 74
184, 75
184, 76
183, 77
183, 78
182, 79
182, 81
181, 82
181, 83
180, 84
180, 85
179, 86
179, 87
178, 88
178, 89
177, 90
177, 91
176, 92
176, 93
175, 94
175, 95
174, 96
174, 97
173, 98
173, 99
172, 100
172, 101
171, 102
171, 103
169, 105
169, 106
168, 107
168, 108
167, 109
167, 110
165, 112
165, 113
164, 114
164, 115
162, 117
162, 118
161, 119
161, 120
159, 122
159, 123
158, 124
158, 125
156, 127
156, 128
155, 129
155, 130
153, 132
153, 133
152, 134
152, 135
150, 137
150, 138
148, 140
148, 141
146, 143
146, 144
145, 145
145, 146
143, 148
143, 149
141, 151
141, 152
139, 154
139, 155
138, 156
138, 157
136, 159
136, 160
134, 162
134, 163
132, 165
132, 166
129, 169
129, 170
126, 173
126, 174
119, 181
118, 181
117, 182
116, 182
115, 183
113, 183
112, 182
110, 182
106, 178
106, 177
105, 176
105, 174
104, 173
104, 169
103, 168
103, 162
102, 161
102, 142
103, 141
103, 134
104, 133
104, 128
105, 127
105, 122
106, 121
106, 116
107, 115
107, 110
108, 109
108, 105
109, 104
109, 100
110, 99
110, 95
111, 94
111, 90
112, 89
112, 85
113, 84
113, 80
114, 79
114, 75
115, 74
115, 70
116, 69
116, 66
117, 65
117, 61
118, 60
118, 57
119, 56
119, 52
120, 51
120, 48
121, 47
121, 41
122, 40
122, 32
121, 31
121, 27
120, 26
120, 24
119, 23
119, 22
117, 20
117, 19
116, 18
115, 18
113, 16
111, 16
110, 15
