4, 2
432, 4
430, 369
2, 367
85, 16
84, 17
81, 17
80, 18
78, 18
77, 19
76, 19
75, 20
74, 20
73, 21
72, 21
71, 22
70, 22
68, 24
67, 24
65, 26
64, 26
61, 29
60, 29
58, 31
57, 31
54, 34
53, 34
48, 39
47, 39
42, 44
41, 44
25, 60
25, 61
20, 66
20, 67
21, 68
28, 61
28, 60
39, 49
40, 49
47, 42
48, 42
53, 37
54, 37
57, 34
58, 34
61, 31
62, 31
64, 29
65, 29
68, 26
69, 26
71, 24
72, 24
73, 23
74, 23
75, 22
76, 22
77, 21
78, 21
79, 20
81, 20
82, 19
85, 19
86, 18
92, 18
93, 19
94, 19
97, 22
97, 23
99, 25
99, 27
100, 28
100, 31
101, 32
101, 46
102, 47
101, 48
101, 64
100, 65
100, 74
99, 75
99, 82
98, 83
98, 89
97, 90
97, 96
96, 97
96, 102
95, 103
95, 107
94, 108
94, 113
93, 114
93, 118
92, 119
92, 123
91, 124
91, 128
90, 129
90, 133
89, 134
89, 137
88, 138
88, 142
87, 143
87, 147
86, 148
86, 152
85, 153
85, 157
84, 158
84, 163
83, 164
83, 171
82, 172
82, 182
83, 183
83, 187
84, 188
84, 189
87, 192
88, 192
89, 193
91, 193
92, 194
94, 194
95, 193
98, 193
99, 192
100, 192
101, 191
102, 191
103, 190
104, 190
105, 189
106, 189
107, 188
108, 188
109, 187
110, 187
112, 185
113, 185
115, 183
116, 183
119, 180
120, 180
123, 177
124, 177
128, 173
129, 173
137, 165
138, 165
158, 145
158, 144
170, 132
170, 131
180, 121
180, 120
196, 104
196, 103
234, 65
235, 65
240, 60
241, 60
254, 47
256, 47
258, 49
258, 61
257, 62
257, 69
256, 70
256, 76
255, 77
255, 84
254, 85
254, 91
253, 92
253, 98
252, 99
252, 107
251, 108
251, 141
252, 142
252, 145
253, 146
253, 147
254, 148
254, 149
256, 151
257, 151
258, 152
263, 152
264, 151
265, 151
266, 150
267, 150
268, 149
269, 149
270, 148
271, 148
273, 146
274, 146
277, 143
278, 143
281, 140
282, 140
286, 136
287, 136
291, 132
292, 132
297, 127
298, 127
304, 121
305, 121
313, 113
314, 113
323, 104
324, 104
348, 80
349, 80
363, 66
364, 66
368, 62
369, 62
371, 60
372, 60
373, 59
374, 59
375, 58
378, 58
379, 59
379, 69
378, 70
378, 75
377, 76
377, 80
376, 81
376, 85
375, 86
375, 90
374, 91
374, 95
373, 96
373, 101
372, 102
372, 108
371, 109
371, 153
370, 154
369, 154
368, 155
366, 155
365, 156
363, 156
362, 157
360, 157
359, 158
357, 158
356, 159
354, 159
353, 160
351, 160
350, 161
348, 161
347, 162
345, 162
344, 163
342, 163
341, 164
340, 164
339, 165
337, 165
336, 166
334, 166
333, 167
332, 167
331, 168
329, 168
328, 169
327, 169
326, 170
324, 170
323, 171
322, 171
321, 172
319, 172
318, 173
317, 173
316, 174
314, 174
313, 175
311, 175
310, 176
309, 176
308, 177
306, 177
305, 178
304, 178
303, 179
302, 179
301, 180
299, 180
298, 181
297, 181
296, 182
294, 182
293, 183
292, 183
291, 184
289, 184
288, 185
287, 185
286, 186
284, 186
283, 187
282, 187
281, 188
279, 188
278, 189
277, 189
276, 190
275, 190
274, 191
273, 191
272, 192
270, 192
269, 193
268, 193
267, 194
266, 194
265, 195
264, 195
263, 196
261, 196
260, 197
259, 197
258, 198
257, 198
256, 199
255, 199
254, 200
252, 200
251, 201
250, 201
249, 202
248, 202
247, 203
246, 203
245, 204
244, 204
243, 205
241, 205
240, 206
239, 206
238, 207
237, 207
236, 208
235, 208
234, 209
233, 209
232, 210
230, 210
229, 211
228, 211
227, 212
226, 212
225, 213
224, 213
223, 214
222, 214
221, 215
220, 215
219, 216
218, 216
217, 217
216, 217
215, 218
214, 218
213, 219
212, 219
211, 220
210, 220
209, 221
208, 221
207, 222
206, 222
205, 223
204, 223
203, 224
202, 224
201, 225
200, 225
199, 226
198, 226
197, 227
196, 227
195, 228
194, 228
193, 229
192, 229
191, 230
190, 230
189, 231
188, 231
187, 232
186, 232
184, 234
183, 234
182, 235
181, 235
180, 236
179, 236
177, 238
176, 238
175, 239
174, 239
173, 240
172, 240
170, 242
169, 242
168, 243
167, 243
166, 244
165, 244
163, 246
162, 246
161, 247
160, 247
158, 249
157, 249
155, 251
154, 251
152, 253
151, 253
149, 255
148, 255
146, 257
145, 257
143, 259
142, 259
141, 260
140, 260
137, 263
136, 263
133, 266
132, 266
129, 269
128, 269
125, 272
124, 272
121, 275
120, 275
111, 284
110, 284
101, 293
101, 294
96, 299
96, 300
94, 302
94, 303
92, 305
92, 306
90, 308
90, 309
89, 310
89, 312
88, 313
88, 314
87, 315
87, 318
86, 319
86, 330
87, 331
87, 333
89, 335
89, 336
91, 338
91, 339
93, 341
94, 341
97, 344
98, 344
99, 345
100, 345
101, 346
102, 346
103, 347
104, 347
105, 348
107, 348
108, 349
110, 349
111, 350
114, 350
115, 351
118, 351
119, 352
124, 352
125, 353
133, 353
134, 354
155, 354
156, 353
166, 353
167, 352
175, 352
176, 351
181, 351
182, 350
187, 350
188, 349
192, 349
193, 348
197, 348
198, 347
201, 347
202, 346
205, 346
206, 345
209, 345
210, 344
212, 344
213, 343
216, 343
217, 342
219, 342
220, 341
223, 341
224, 340
226, 340
227, 339
229, 339
230, 338
231, 338
232, 337
234, 337
235, 336
237, 336
238, 335
240, 335
241, 334
242, 334
243, 333
245, 333
246, 332
247, 332
248, 331
250, 331
251, 330
252, 330
253, 329
254, 329
255, 328
257, 328
258, 327
259, 327
260, 326
261, 326
262, 325
263, 325
264, 324
265, 324
266, 323
267, 323
268, 322
269, 322
270, 321
271, 321
272, 320
273, 320
274, 319
275, 319
276, 318
277, 318
278, 317
279, 317
280, 316
281, 316
283, 314
284, 314
285, 313
286, 313
288, 311
289, 311
291, 309
292, 309
293, 308
294, 308
296, 306
297, 306
300, 303
301, 303
303, 301
304, 301
306, 299
307, 299
311, 295
312, 295
317, 290
318, 290
331, 277
331, 276
336, 271
336, 270
340, 266
340, 265
342, 263
342, 262
345, 259
345, 258
347, 256
347, 255
348, 254
348, 253
350, 251
350, 250
352, 248
352, 247
353, 246
353, 245
354, 244
354, 243
355, 242
355, 241
356, 240
356, 239
357, 238
357, 237
358, 236
358, 235
359, 234
359, 232
360, 231
360, 230
361, 229
361, 228
362, 227
362, 225
363, 224
363, 222
364, 221
364, 220
365, 219
365, 216
366, 215
366, 213
367, 212
367, 210
368, 209
368, 207
369, 206
369, 203
370, 202
370, 198
371, 197
371, 193
372, 192
372, 185
373, 184
373, 171
374, 170
374, 156
376, 154
378, 154
379, 153
383, 153
384, 152
388, 152
389, 151
394, 151
395, 150
399, 150
400, 149
405, 149
406, 148
410, 148
411, 147
412, 147
413, 146
412, 145
410, 145
409, 146
405, 146
404, 147
399, 147
398, 148
394, 148
393, 149
389, 149
388, 150
383, 150
382, 151
378, 151
377, 152
375, 152
374, 151
374, 146
373, 145
373, 110
374, 109
374, 103
375, 102
375, 97
376, 96
376, 92
377, 91
377, 86
378, 85
378, 81
379, 80
379, 76
380, 75
380, 71
381, 70
381, 58
379, 56
374, 56
373, 57
372, 57
371, 58
370, 58
369, 59
368, 59
365, 62
364, 62
354, 72
353, 72
329, 96
328, 96
315, 109
314, 109
306, 117
305, 117
299, 123
298, 123
292, 129
291, 129
287, 133
286, 133
281, 138
280, 138
277, 141
276, 141
273, 144
272, 144
270, 146
269, 146
268, 147
267, 147
266, 148
265, 148
264, 149
263, 149
262, 150
259, 150
258, 149
257, 149
256, 148
256, 147
255, 146
255, 145
254, 144
254, 141
253, 140
253, 110
254, 109
254, 100
255, 99
255, 93
256, 92
256, 86
257, 85
257, 78
258, 77
258, 71
259, 70
259, 63
260, 62
260, 49
259, 48
259, 46
257, 44
254, 44
241, 57
240, 57
235, 62
234, 62
223, 73
222, 73
218, 77
218, 78
185, 111
185, 112
176, 121
176, 122
165, 133
165, 134
152, 147
152, 148
142, 158
141, 158
129, 170
128, 170
124, 174
123, 174
119, 178
118, 178
115, 181
114, 181
112, 183
111, 183
109, 185
108, 185
107, 186
106, 186
104, 188
103, 188
102, 189
100, 189
99, 190
98, 190
97, 191
90, 191
89, 190
88, 190
86, 188
86, 187
85, 186
85, 182
84, 181
84, 173
85, 172
85, 165
86, 164
86, 159
87, 158
87, 154
88, 153
88, 149
89, 148
89, 144
90, 143
90, 139
91, 138
91, 135
92, 134
92, 130
93, 129
93, 125
94, 124
94, 120
95, 119
95, 114
96, 113
96, 109
97, 108
97, 103
98, 102
98, 98
99, 97
99, 91
100, 90
100, 85
101, 84
101, 76
102, 75
102, 67
103, 66
103, 51
104, 50
104, 41
103, 40
103, 31
102, 30
102, 27
101, 26
101, 24
99, 22
99, 21
95, 17
94, 17
93, 16
369, 157
370, 156
372, 158
372, 165
371, 166
371, 183
370, 184
370, 191
369, 192
369, 196
368, 197
368, 201
367, 202
367, 205
366, 206
366, 208
365, 209
365, 211
364, 212
364, 215
363, 216
363, 218
362, 219
362, 221
361, 222
361, 223
360, 224
360, 226
359, 227
359, 228
358, 229
358, 231
357, 232
357, 233
356, 234
356, 235
355, 236
355, 237
354, 238
354, 239
353, 240
353, 241
352, 242
352, 243
351, 244
351, 245
350, 246
350, 247
348, 249
348, 250
346, 252
346, 253
345, 254
345, 255
343, 257
343, 258
340, 261
340, 262
337, 265
337, 266
333, 270
333, 271
327, 277
327, 278
323, 282
322, 282
312, 292
311, 292
307, 296
306, 296
303, 299
302, 299
300, 301
299, 301
296, 304
295, 304
293, 306
292, 306
291, 307
290, 307
288, 309
287, 309
285, 311
284, 311
283, 312
282, 312
280, 314
279, 314
278, 315
277, 315
276, 316
275, 316
274, 317
273, 317
272, 318
271, 318
270, 319
269, 319
267, 321
265, 321
264, 322
263, 322
262, 323
261, 323
260, 324
259, 324
258, 325
257, 325
256, 326
255, 326
254, 327
252, 327
251, 328
250, 328
249, 329
247, 329
246, 330
245, 330
244, 331
242, 331
241, 332
240, 332
239, 333
237, 333
236, 334
235, 334
234, 335
232, 335
231, 336
229, 336
228, 337
226, 337
225, 338
223, 338
222, 339
220, 339
219, 340
216, 340
215, 341
212, 341
211, 342
209, 342
208, 343
205, 343
204, 344
201, 344
200, 345
197, 345
196, 346
192, 346
191, 347
187, 347
186, 348
181, 348
180, 349
175, 349
174, 350
166, 350
165, 351
153, 351
152, 352
137, 352
136, 351
126, 351
125, 350
120, 350
119, 349
115, 349
114, 348
112, 348
111, 347
109, 347
108, 346
106, 346
105, 345
104, 345
103, 344
102, 344
101, 343
100, 343
99, 342
98, 342
91, 335
91, 334
89, 332
89, 330
88, 329
88, 320
89, 319
89, 316
90, 315
90, 314
91, 313
91, 311
92, 310
92, 309
94, 307
94, 306
96, 304
96, 303
98, 301
98, 300
104, 294
104, 293
108, 289
109, 289
120, 278
121, 278
124, 275
125, 275
129, 271
130, 271
133, 268
134, 268
137, 265
138, 265
140, 263
141, 263
143, 261
144, 261
146, 259
147, 259
149, 257
150, 257
152, 255
153, 255
155, 253
156, 253
158, 251
159, 251
161, 249
162, 249
163, 248
164, 248
166, 246
167, 246
168, 245
169, 245
170, 244
171, 244
173, 242
174, 242
175, 241
176, 241
177, 240
178, 240
180, 238
181, 238
182, 237
183, 237
184, 236
185, 236
187, 234
188, 234
189, 233
190, 233
191, 232
192, 232
193, 231
194, 231
196, 229
197, 229
198, 228
199, 228
200, 227
202, 227
203, 226
204, 226
205, 225
206, 225
207, 224
208, 224
209, 223
210, 223
211, 222
212, 222
213, 221
214, 221
215, 220
216, 220
217, 219
218, 219
219, 218
220, 218
221, 217
222, 217
223, 216
224, 216
225, 215
226, 215
227, 214
228, 214
229, 213
230, 213
231, 212
233, 212
234, 211
235, 211
236, 210
237, 210
238, 209
239, 209
240, 208
241, 208
242, 207
243, 207
244, 206
246, 206
247, 205
248, 205
249, 204
250, 204
251, 203
252, 203
253, 202
254, 202
255, 201
257, 201
258, 200
259, 200
260, 199
261, 199
262, 198
264, 198
265, 197
266, 197
267, 196
268, 196
269, 195
270, 195
271, 194
273, 194
274, 193
275, 193
276, 192
277, 192
278, 191
279, 191
280, 190
282, 190
283, 189
284, 189
285, 188
287, 188
288, 187
289, 187
290, 186
292, 186
293, 185
294, 185
295, 184
296, 184
297, 183
299, 183
300, 182
301, 182
302, 181
304, 181
305, 180
306, 180
307, 179
309, 179
310, 178
311, 178
312, 177
314, 177
315, 176
316, 176
317, 175
319, 175
320, 174
322, 174
323, 173
324, 173
325, 172
327, 172
328, 171
329, 171
330, 170
332, 170
333, 169
334, 169
335, 168
337, 168
338, 167
339, 167
340, 166
342, 166
343, 165
345, 165
346, 164
348, 164
349, 163
351, 163
352, 162
354, 162
355, 161
357, 161
358, 160
360, 160
361, 159
363, 159
364, 158
366, 158
367, 157
