330, 2
332, 367
4, 369
2, 4
49, 15
48, 16
46, 16
45, 17
44, 17
43, 18
42, 18
40, 20
40, 22
44, 22
46, 20
47, 20
48, 19
57, 19
58, 20
61, 20
63, 22
64, 22
65, 23
66, 23
72, 29
72, 30
74, 32
74, 33
75, 34
75, 36
76, 37
76, 38
77, 39
77, 42
78, 43
78, 47
79, 48
79, 56
80, 57
80, 85
79, 86
79, 100
78, 101
78, 112
77, 113
77, 123
76, 124
76, 134
75, 135
75, 144
74, 145
74, 155
73, 156
73, 166
72, 167
72, 179
71, 180
71, 199
70, 200
70, 203
71, 204
71, 216
72, 217
72, 220
73, 221
73, 222
74, 223
74, 224
75, 225
75, 226
76, 227
77, 227
78, 228
83, 228
84, 227
85, 227
86, 226
87, 226
96, 217
96, 216
100, 212
100, 211
103, 208
103, 207
105, 205
105, 204
107, 202
107, 201
110, 198
110, 197
112, 195
112, 194
115, 191
115, 190
117, 188
117, 187
120, 184
120, 183
122, 181
122, 180
124, 178
124, 177
126, 175
126, 174
129, 171
129, 170
131, 168
131, 167
133, 165
133, 164
135, 162
135, 161
138, 158
138, 157
140, 155
140, 154
142, 152
142, 151
144, 149
144, 148
145, 147
145, 146
147, 144
147, 143
149, 141
149, 140
150, 139
150, 138
152, 136
152, 135
154, 133
154, 132
155, 131
155, 130
157, 128
157, 127
158, 126
158, 125
159, 124
159, 123
161, 121
161, 120
162, 119
162, 118
164, 116
164, 115
165, 114
165, 113
167, 111
167, 110
168, 109
168, 108
169, 107
169, 106
171, 104
171, 103
172, 102
172, 101
173, 100
173, 99
174, 98
174, 97
176, 95
176, 94
177, 93
177, 92
178, 91
178, 90
179, 89
179, 88
180, 87
180, 86
181, 85
181, 84
182, 83
182, 82
183, 81
183, 80
184, 79
184, 78
186, 76
186, 75
187, 74
187, 73
188, 72
188, 71
189, 70
189, 68
190, 67
190, 66
191, 65
191, 64
192, 63
192, 62
194, 60
195, 61
195, 63
194, 64
194, 70
193, 71
193, 78
192, 79
192, 85
191, 86
191, 93
190, 94
190, 100
189, 101
189, 107
188, 108
188, 115
187, 116
187, 123
186, 124
186, 134
185, 135
185, 172
186, 173
186, 177
187, 178
187, 180
188, 181
188, 183
190, 185
190, 186
192, 188
193, 188
194, 189
197, 189
198, 188
200, 188
203, 185
204, 185
206, 183
206, 182
211, 177
211, 176
213, 174
213, 173
215, 171
215, 170
217, 168
217, 167
219, 165
219, 164
221, 162
221, 161
223, 159
223, 158
224, 157
224, 156
226, 154
226, 153
227, 152
227, 151
229, 149
229, 148
230, 147
230, 146
231, 145
231, 144
233, 142
233, 141
234, 140
234, 139
235, 138
235, 137
236, 136
236, 135
237, 134
237, 133
238, 132
238, 131
239, 130
239, 129
241, 127
241, 126
242, 125
242, 124
243, 123
243, 122
244, 121
244, 120
245, 119
245, 118
246, 117
246, 116
247, 115
247, 114
248, 113
248, 112
250, 110
250, 109
251, 108
251, 107
252, 106
252, 105
253, 104
253, 103
254, 102
254, 101
255, 100
255, 99
257, 97
257, 96
258, 95
258, 94
259, 93
259, 92
261, 90
261, 89
262, 88
262, 87
264, 85
264, 84
265, 83
265, 82
266, 81
266, 80
268, 78
268, 77
270, 75
270, 74
272, 72
272, 71
279, 64
280, 65
280, 74
279, 75
279, 80
278, 81
278, 85
277, 86
277, 90
276, 91
276, 96
275, 97
275, 101
274, 102
274, 106
273, 107
273, 111
272, 112
272, 116
271, 117
271, 121
270, 122
270, 127
269, 128
269, 132
268, 133
268, 138
267, 139
267, 144
266, 145
266, 150
265, 151
265, 157
264, 158
264, 166
263, 167
263, 190
264, 191
264, 194
265, 195
265, 197
266, 198
266, 199
267, 200
267, 201
268, 202
268, 203
270, 205
271, 205
273, 207
275, 207
276, 208
279, 208
280, 209
294, 209
295, 210
297, 210
298, 211
299, 211
300, 212
301, 212
304, 215
305, 215
307, 217
307, 218
310, 221
310, 222
312, 224
312, 225
313, 226
313, 228
314, 229
314, 231
315, 232
315, 247
314, 248
314, 252
313, 253
313, 255
312, 256
312, 259
311, 260
311, 262
310, 263
310, 264
309, 265
309, 267
308, 268
308, 269
307, 270
307, 271
306, 272
306, 273
305, 274
305, 275
304, 276
304, 277
303, 278
303, 279
302, 280
302, 281
300, 283
300, 284
299, 285
299, 286
296, 289
296, 290
294, 292
294, 293
289, 298
289, 299
278, 310
277, 310
272, 315
271, 315
268, 318
267, 318
264, 321
263, 321
262, 322
261, 322
259, 324
258, 324
257, 325
256, 325
255, 326
254, 326
253, 327
252, 327
250, 329
249, 329
248, 330
247, 330
246, 331
245, 331
244, 332
243, 332
242, 333
241, 333
240, 334
238, 334
237, 335
236, 335
235, 336
233, 336
232, 337
231, 337
230, 338
227, 338
226, 339
224, 339
223, 340
221, 340
220, 341
218, 341
217, 342
214, 342
213, 343
210, 343
209, 344
206, 344
205, 345
201, 345
200, 346
196, 346
195, 347
191, 347
190, 348
184, 348
183, 349
176, 349
175, 350
165, 350
164, 351
126, 351
125, 350
114, 350
113, 349
107, 349
106, 348
101, 348
100, 347
95, 347
94, 346
90, 346
89, 345
85, 345
84, 344
81, 344
80, 343
77, 343
76, 342
73, 342
72, 341
70, 341
69, 340
66, 340
65, 339
63, 339
62, 338
60, 338
59, 337
57, 337
56, 336
55, 336
54, 335
52, 335
51, 334
50, 334
49, 333
47, 333
46, 332
45, 332
44, 331
43, 331
42, 330
41, 330
40, 329
39, 329
38, 328
37, 328
36, 327
35, 327
33, 325
32, 325
30, 323
29, 323
20, 314
20, 313
19, 312
19, 311
18, 310
18, 301
19, 300
19, 298
20, 297
20, 296
21, 295
21, 294
22, 293
22, 292
25, 289
25, 288
37, 276
38, 276
41, 273
42, 273
45, 270
46, 270
47, 269
48, 269
49, 268
50, 268
51, 267
52, 267
53, 266
54, 266
55, 265
56, 265
57, 264
58, 264
59, 263
60, 263
61, 262
62, 262
63, 261
64, 261
65, 260
66, 260
67, 259
69, 259
70, 258
71, 258
72, 257
73, 257
74, 256
76, 256
77, 255
79, 255
80, 254
81, 254
82, 253
84, 253
85, 252
87, 252
88, 251
90, 251
91, 250
93, 250
94, 249
96, 249
97, 248
99, 248
100, 247
102, 247
103, 246
106, 246
107, 245
109, 245
110, 244
112, 244
113, 243
116, 243
117, 242
120, 242
121, 241
124, 241
125, 240
128, 240
129, 239
132, 239
133, 238
136, 238
137, 237
141, 237
142, 236
147, 236
148, 235
152, 235
153, 234
158, 234
159, 233
164, 233
165, 232
173, 232
174, 231
181, 231
182, 230
191, 230
192, 229
213, 229
214, 228
232, 228
233, 229
265, 229
266, 230
282, 230
282, 227
281, 227
280, 226
259, 226
258, 225
198, 225
197, 226
184, 226
183, 227
176, 227
175, 228
167, 228
166, 229
160, 229
159, 230
154, 230
153, 231
149, 231
148, 232
143, 232
142, 233
138, 233
137, 234
133, 234
132, 235
129, 235
128, 236
125, 236
124, 237
121, 237
120, 238
117, 238
116, 239
114, 239
113, 240
110, 240
109, 241
107, 241
106, 242
104, 242
103, 243
100, 243
99, 244
97, 244
96, 245
94, 245
93, 246
91, 246
90, 247
88, 247
87, 248
85, 248
84, 249
82, 249
81, 250
80, 250
79, 251
77, 251
76, 252
74, 252
73, 253
72, 253
71, 254
69, 254
68, 255
67, 255
66, 256
65, 256
64, 257
63, 257
62, 258
60, 258
59, 259
58, 259
57, 260
56, 260
55, 261
54, 261
53, 262
52, 262
51, 263
50, 263
49, 264
48, 264
46, 266
45, 266
44, 267
43, 267
42, 268
41, 268
38, 271
37, 271
34, 274
33, 274
23, 284
23, 285
20, 288
20, 289
18, 291
18, 292
17, 293
17, 295
16, 296
16, 297
15, 298
15, 301
14, 302
14, 310
15, 311
15, 312
16, 313
16, 315
19, 318
19, 319
24, 324
25, 324
28, 327
29, 327
31, 329
32, 329
33, 330
34, 330
36, 332
37, 332
38, 333
39, 333
40, 334
41, 334
42, 335
43, 335
44, 336
46, 336
47, 337
48, 337
49, 338
51, 338
52, 339
53, 339
54, 340
56, 340
57, 341
59, 341
60, 342
62, 342
63, 343
66, 343
67, 344
69, 344
70, 345
72, 345
73, 346
76, 346
77, 347
81, 347
82, 348
85, 348
86, 349
90, 349
91, 350
95, 350
96, 351
101, 351
102, 352
108, 352
109, 353
117, 353
118, 354
128, 354
129, 355
156, 355
157, 354
172, 354
173, 353
181, 353
182, 352
188, 352
189, 351
194, 351
195, 350
199, 350
200, 349
204, 349
205, 348
208, 348
209, 347
213, 347
214, 346
216, 346
217, 345
220, 345
221, 344
223, 344
224, 343
226, 343
227, 342
229, 342
230, 341
232, 341
233, 340
235, 340
236, 339
237, 339
238, 338
240, 338
241, 337
242, 337
243, 336
244, 336
245, 335
246, 335
247, 334
248, 334
249, 333
250, 333
251, 332
252, 332
253, 331
254, 331
255, 330
256, 330
257, 329
258, 329
260, 327
261, 327
262, 326
263, 326
264, 325
265, 325
267, 323
268, 323
271, 320
272, 320
275, 317
276, 317
284, 309
285, 309
288, 306
288, 305
295, 298
295, 297
298, 294
298, 293
301, 290
301, 289
303, 287
303, 286
304, 285
304, 284
306, 282
306, 281
307, 280
307, 279
308, 278
308, 277
309, 276
309, 275
310, 274
310, 273
311, 272
311, 270
312, 269
312, 268
313, 267
313, 265
314, 264
314, 263
315, 262
315, 260
316, 259
316, 256
317, 255
317, 252
318, 251
318, 247
319, 246
319, 233
318, 232
318, 229
317, 228
317, 226
316, 225
316, 224
315, 223
315, 222
314, 221
314, 220
312, 218
312, 217
305, 210
304, 210
302, 208
301, 208
300, 207
298, 207
297, 206
294, 206
293, 205
279, 205
278, 204
276, 204
275, 203
274, 203
270, 199
270, 198
269, 197
269, 195
268, 194
268, 192
267, 191
267, 182
266, 181
266, 178
267, 177
267, 164
268, 163
268, 156
269, 155
269, 150
270, 149
270, 143
271, 142
271, 138
272, 137
272, 132
273, 131
273, 127
274, 126
274, 121
275, 120
275, 116
276, 115
276, 111
277, 110
277, 106
278, 105
278, 101
279, 100
279, 96
280, 95
280, 90
281, 89
281, 85
282, 84
282, 80
283, 79
283, 73
284, 72
284, 63
283, 62
283, 61
282, 60
278, 60
277, 61
276, 61
271, 66
271, 67
268, 70
268, 71
266, 73
266, 74
264, 76
264, 77
263, 78
263, 79
261, 81
261, 82
260, 83
260, 84
258, 86
258, 87
257, 88
257, 89
256, 90
256, 91
254, 93
254, 94
253, 95
253, 96
252, 97
252, 98
250, 100
250, 101
249, 102
249, 103
248, 104
248, 105
247, 106
247, 107
246, 108
246, 109
245, 110
245, 111
244, 112
244, 113
243, 114
243, 115
241, 117
241, 118
240, 119
240, 120
239, 121
239, 122
238, 123
238, 124
237, 125
237, 126
236, 127
236, 128
235, 129
235, 130
234, 131
234, 132
233, 133
233, 134
231, 136
231, 137
230, 138
230, 139
229, 140
229, 141
228, 142
228, 143
226, 145
226, 146
225, 147
225, 148
223, 150
223, 151
222, 152
222, 153
221, 154
221, 155
219, 157
219, 158
217, 160
217, 161
215, 163
215, 164
213, 166
213, 167
211, 169
211, 170
209, 172
209, 173
206, 176
206, 177
199, 184
198, 184
197, 185
195, 185
192, 182
192, 181
191, 180
191, 178
190, 177
190, 174
189, 173
189, 165
188, 164
188, 147
189, 146
189, 132
190, 131
190, 122
191, 121
191, 114
192, 113
192, 107
193, 106
193, 99
194, 98
194, 92
195, 91
195, 84
196, 83
196, 77
197, 76
197, 70
198, 69
198, 61
199, 60
199, 52
198, 51
198, 50
195, 50
193, 52
193, 53
192, 54
192, 55
191, 56
191, 57
190, 58
190, 59
189, 60
189, 61
188, 62
188, 63
187, 64
187, 65
186, 66
186, 67
185, 68
185, 69
184, 70
184, 71
183, 72
183, 73
182, 74
182, 75
181, 76
181, 77
180, 78
180, 79
179, 80
179, 81
178, 82
178, 83
177, 84
177, 85
176, 86
176, 87
174, 89
174, 90
173, 91
173, 92
172, 93
172, 94
171, 95
171, 96
169, 98
169, 99
168, 100
168, 101
167, 102
167, 103
166, 104
166, 105
164, 107
164, 108
163, 109
163, 110
161, 112
161, 113
160, 114
160, 115
159, 116
159, 117
157, 119
157, 120
156, 121
156, 122
154, 124
154, 125
153, 126
153, 127
151, 129
151, 130
150, 131
150, 132
148, 134
148, 135
147, 136
147, 137
145, 139
145, 140
143, 142
143, 143
141, 145
141, 146
140, 147
140, 148
138, 150
138, 151
136, 153
136, 154
134, 156
134, 157
131, 160
131, 161
129, 163
129, 164
127, 166
127, 167
124, 170
124, 171
122, 173
122, 174
120, 176
120, 177
118, 179
118, 180
115, 183
115, 184
113, 186
113, 187
111, 189
111, 190
108, 193
108, 194
106, 196
106, 197
103, 200
103, 201
101, 203
101, 204
98, 207
98, 208
95, 211
95, 212
91, 216
91, 217
87, 221
86, 221
83, 224
79, 224
77, 222
77, 221
76, 220
76, 218
75, 217
75, 210
74, 209
74, 192
75, 191
75, 176
76, 175
76, 164
77, 163
77, 153
78, 152
78, 142
79, 141
79, 132
80, 131
80, 121
81, 120
81, 110
82, 109
82, 97
83, 96
83, 77
84, 76
84, 61
83, 60
83, 49
82, 48
82, 44
81, 43
81, 39
80, 38
80, 36
79, 35
79, 34
78, 33
78, 31
77, 30
77, 29
74, 26
74, 25
70, 21
69, 21
67, 19
66, 19
65, 18
64, 18
63, 17
61, 17
60, 16
57, 16
56, 15
