352, 2
354, 367
4, 369
2, 4
95, 17
94, 18
90, 18
89, 19
87, 19
86, 20
85, 20
84, 21
83, 21
81, 23
80, 23
78, 25
77, 25
73, 29
72, 29
56, 45
56, 46
52, 50
52, 51
49, 54
49, 55
46, 58
46, 59
44, 61
44, 62
43, 63
43, 64
41, 66
41, 67
40, 68
40, 69
39, 70
39, 71
38, 72
38, 73
37, 74
37, 75
36, 76
36, 77
35, 78
35, 79
34, 80
34, 81
33, 82
33, 83
32, 84
32, 85
31, 86
31, 88
30, 89
30, 92
29, 93
29, 97
28, 98
28, 107
29, 108
29, 106
28, 105
28, 99
29, 98
29, 95
30, 94
30, 91
31, 90
31, 88
32, 87
32, 86
33, 85
33, 84
34, 83
34, 82
35, 81
35, 80
36, 79
36, 77
37, 76
37, 75
38, 74
38, 73
39, 72
39, 71
41, 69
41, 68
42, 67
42, 66
43, 65
43, 64
45, 62
45, 61
47, 59
47, 58
50, 55
50, 54
53, 51
53, 50
58, 45
58, 44
70, 32
71, 32
77, 26
78, 26
81, 23
82, 23
83, 22
84, 22
85, 21
86, 21
87, 20
88, 20
89, 19
91, 19
92, 18
96, 18
97, 17
101, 17
102, 18
103, 18
104, 19
104, 20
105, 21
105, 22
106, 23
106, 36
105, 37
105, 43
104, 44
104, 49
103, 50
103, 54
102, 55
102, 59
101, 60
101, 63
100, 64
100, 66
99, 67
99, 70
98, 71
98, 74
97, 75
97, 77
96, 78
96, 80
95, 81
95, 83
94, 84
94, 87
93, 88
93, 90
92, 91
92, 94
91, 95
91, 98
90, 99
90, 102
89, 103
89, 107
88, 108
88, 111
87, 112
87, 118
86, 119
86, 126
85, 127
85, 136
84, 137
84, 150
85, 151
85, 153
86, 154
86, 155
87, 156
87, 157
92, 162
99, 162
100, 161
101, 161
102, 160
103, 160
115, 148
115, 147
119, 143
119, 142
123, 138
123, 137
127, 133
127, 132
130, 129
130, 128
134, 124
134, 123
137, 120
137, 119
138, 118
138, 117
140, 115
140, 114
142, 112
142, 111
144, 109
144, 108
146, 106
146, 105
148, 103
148, 102
149, 101
149, 100
151, 98
151, 97
153, 95
153, 94
155, 92
155, 91
156, 90
156, 89
158, 87
158, 86
159, 85
159, 84
160, 83
160, 82
161, 81
161, 80
162, 79
162, 78
164, 76
164, 75
165, 74
165, 73
166, 72
166, 71
167, 70
167, 69
169, 67
169, 66
170, 65
170, 64
171, 63
171, 62
172, 61
172, 60
173, 59
173, 58
175, 56
175, 55
176, 54
176, 53
178, 51
178, 50
179, 49
179, 48
181, 46
181, 45
182, 44
182, 43
184, 41
184, 40
186, 38
186, 37
188, 35
188, 34
189, 33
189, 32
191, 30
191, 29
193, 27
193, 26
195, 24
195, 23
196, 22
198, 22
200, 24
200, 36
199, 37
199, 41
198, 42
198, 46
197, 47
197, 51
196, 52
196, 56
195, 57
195, 60
194, 61
194, 66
193, 67
193, 73
192, 74
192, 82
191, 83
191, 93
190, 94
190, 104
189, 105
189, 117
188, 118
188, 135
189, 136
189, 144
190, 145
190, 149
191, 150
191, 153
192, 154
192, 157
193, 158
193, 160
194, 161
194, 162
195, 163
195, 164
196, 164
197, 165
200, 165
201, 164
202, 164
209, 157
209, 156
211, 154
211, 153
214, 150
214, 149
216, 147
216, 146
218, 144
218, 143
220, 141
220, 140
222, 138
222, 137
225, 134
225, 133
227, 131
227, 130
229, 128
229, 127
231, 125
231, 124
232, 123
232, 122
234, 120
234, 119
235, 118
235, 117
236, 116
236, 115
238, 113
238, 112
239, 111
239, 110
240, 109
240, 108
241, 107
241, 106
242, 105
242, 104
243, 103
243, 102
244, 101
244, 100
245, 99
245, 98
246, 97
246, 96
247, 95
247, 94
248, 93
248, 92
249, 91
249, 90
250, 89
250, 88
251, 87
251, 86
252, 85
252, 84
253, 83
253, 82
254, 81
254, 80
255, 79
255, 78
256, 77
256, 76
257, 75
257, 74
258, 73
258, 72
260, 70
260, 69
261, 68
261, 67
262, 66
262, 65
263, 64
263, 63
264, 62
264, 61
265, 60
265, 59
267, 57
267, 56
268, 55
268, 54
269, 53
269, 52
270, 51
270, 50
271, 49
271, 48
273, 46
273, 45
274, 44
274, 43
278, 39
279, 39
281, 41
281, 45
280, 46
280, 49
279, 50
279, 54
278, 55
278, 58
277, 59
277, 63
276, 64
276, 68
275, 69
275, 72
274, 73
274, 78
273, 79
273, 84
272, 85
272, 91
271, 92
271, 99
270, 100
270, 107
269, 108
269, 117
268, 118
268, 131
267, 132
267, 135
268, 136
268, 142
269, 143
269, 145
272, 148
278, 148
279, 147
280, 147
281, 146
282, 146
284, 144
285, 144
287, 142
288, 142
290, 140
291, 140
292, 139
294, 139
295, 138
296, 138
297, 137
298, 137
299, 136
300, 136
301, 135
302, 135
303, 134
304, 134
305, 133
307, 133
308, 132
310, 132
311, 131
315, 131
316, 132
317, 132
318, 133
319, 133
323, 137
323, 138
325, 140
325, 141
327, 143
327, 144
328, 145
328, 146
329, 147
329, 149
330, 150
330, 151
331, 152
331, 153
332, 154
332, 155
333, 156
333, 158
334, 159
334, 160
335, 161
335, 162
336, 163
336, 166
337, 167
337, 173
338, 174
338, 201
337, 202
337, 212
336, 213
336, 219
335, 220
335, 224
334, 225
334, 229
333, 230
333, 233
332, 234
332, 236
331, 237
331, 240
330, 241
330, 243
329, 244
329, 246
328, 247
328, 249
327, 250
327, 251
326, 252
326, 254
325, 255
325, 256
324, 257
324, 258
323, 259
323, 261
322, 262
322, 263
321, 264
321, 265
320, 266
320, 267
319, 268
319, 269
318, 270
318, 271
317, 272
317, 273
316, 274
316, 275
315, 276
315, 277
314, 278
314, 279
313, 280
313, 281
311, 283
311, 284
309, 286
309, 287
308, 288
308, 289
306, 291
306, 292
303, 295
303, 296
300, 299
300, 300
292, 308
292, 309
291, 310
290, 310
284, 316
283, 316
280, 319
279, 319
276, 322
275, 322
274, 323
273, 323
271, 325
270, 325
269, 326
268, 326
266, 328
265, 328
264, 329
263, 329
262, 330
261, 330
260, 331
259, 331
258, 332
257, 332
256, 333
254, 333
253, 334
252, 334
251, 335
250, 335
249, 336
247, 336
246, 337
245, 337
244, 338
242, 338
241, 339
239, 339
238, 340
237, 340
236, 341
234, 341
233, 342
231, 342
230, 343
228, 343
227, 344
225, 344
224, 345
221, 345
220, 346
218, 346
217, 347
214, 347
213, 348
210, 348
209, 349
205, 349
204, 350
199, 350
198, 351
192, 351
191, 352
180, 352
179, 353
162, 353
161, 352
151, 352
150, 351
144, 351
143, 350
138, 350
137, 349
134, 349
133, 348
130, 348
129, 347
126, 347
125, 346
123, 346
122, 345
119, 345
118, 344
116, 344
115, 343
113, 343
112, 342
110, 342
109, 341
108, 341
107, 340
105, 340
104, 339
102, 339
101, 338
100, 338
99, 337
97, 337
96, 336
95, 336
94, 335
93, 335
92, 334
91, 334
90, 333
88, 333
87, 332
86, 332
85, 331
84, 331
83, 330
82, 330
81, 329
80, 329
79, 328
78, 328
77, 327
76, 327
75, 326
74, 326
73, 325
72, 325
71, 324
70, 324
68, 322
67, 322
66, 321
65, 321
64, 320
63, 320
62, 319
61, 319
59, 317
58, 317
57, 316
56, 316
54, 314
53, 314
51, 312
50, 312
48, 310
47, 310
45, 308
44, 308
41, 305
40, 305
35, 300
34, 300
29, 295
29, 294
24, 289
24, 288
22, 286
22, 285
21, 284
21, 283
20, 282
20, 281
19, 280
19, 278
18, 277
18, 274
17, 273
17, 266
18, 265
18, 262
19, 261
19, 260
20, 259
20, 258
21, 257
21, 256
24, 253
24, 252
29, 247
30, 247
33, 244
34, 244
36, 242
37, 242
38, 241
39, 241
40, 240
41, 240
42, 239
43, 239
44, 238
45, 238
46, 237
48, 237
49, 236
50, 236
51, 235
53, 235
54, 234
56, 234
57, 233
60, 233
61, 232
63, 232
64, 231
67, 231
68, 230
70, 230
71, 229
74, 229
75, 228
78, 228
79, 227
82, 227
83, 226
86, 226
87, 225
89, 225
90, 224
93, 224
94, 223
97, 223
98, 222
101, 222
102, 221
105, 221
106, 220
109, 220
110, 219
113, 219
114, 218
117, 218
118, 217
121, 217
122, 216
125, 216
126, 215
129, 215
130, 214
133, 214
134, 213
137, 213
138, 212
141, 212
142, 211
145, 211
146, 210
149, 210
150, 209
152, 209
153, 208
156, 208
157, 207
159, 207
160, 206
163, 206
164, 205
167, 205
168, 204
170, 204
171, 203
174, 203
175, 202
178, 202
179, 201
183, 201
184, 200
187, 200
188, 199
191, 199
192, 198
195, 198
196, 197
199, 197
200, 196
204, 196
205, 195
208, 195
209, 194
213, 194
214, 193
217, 193
218, 192
224, 192
225, 191
231, 191
232, 190
238, 190
239, 189
247, 189
248, 188
259, 188
260, 187
275, 187
276, 188
292, 188
293, 189
302, 189
303, 190
308, 190
309, 191
315, 191
311, 191
310, 190
305, 190
304, 189
295, 189
294, 188
281, 188
280, 187
258, 187
257, 188
246, 188
245, 189
237, 189
236, 190
230, 190
229, 191
223, 191
222, 192
216, 192
215, 193
212, 193
211, 194
207, 194
206, 195
203, 195
202, 196
198, 196
197, 197
194, 197
193, 198
190, 198
189, 199
186, 199
185, 200
182, 200
181, 201
178, 201
177, 202
173, 202
172, 203
169, 203
168, 204
166, 204
165, 205
162, 205
161, 206
158, 206
157, 207
155, 207
154, 208
151, 208
150, 209
148, 209
147, 210
144, 210
143, 211
140, 211
139, 212
136, 212
135, 213
132, 213
131, 214
128, 214
127, 215
124, 215
123, 216
120, 216
119, 217
116, 217
115, 218
112, 218
111, 219
108, 219
107, 220
104, 220
103, 221
100, 221
99, 222
96, 222
95, 223
92, 223
91, 224
89, 224
88, 225
85, 225
84, 226
81, 226
80, 227
77, 227
76, 228
73, 228
72, 229
69, 229
68, 230
66, 230
65, 231
62, 231
61, 232
59, 232
58, 233
56, 233
55, 234
52, 234
51, 235
49, 235
48, 236
47, 236
46, 237
44, 237
43, 238
42, 238
41, 239
40, 239
39, 240
38, 240
37, 241
36, 241
34, 243
33, 243
31, 245
30, 245
22, 253
22, 254
20, 256
20, 257
19, 258
19, 259
18, 260
18, 263
17, 264
17, 275
18, 276
18, 279
19, 280
19, 282
20, 283
20, 284
21, 285
21, 286
23, 288
23, 289
26, 292
26, 293
36, 303
37, 303
40, 306
41, 306
44, 309
45, 309
47, 311
48, 311
50, 313
51, 313
53, 315
54, 315
55, 316
56, 316
58, 318
59, 318
60, 319
61, 319
63, 321
64, 321
65, 322
66, 322
67, 323
68, 323
69, 324
70, 324
71, 325
72, 325
73, 326
74, 326
76, 328
77, 328
78, 329
79, 329
80, 330
81, 330
82, 331
84, 331
85, 332
86, 332
87, 333
88, 333
89, 334
90, 334
91, 335
92, 335
93, 336
95, 336
96, 337
97, 337
98, 338
99, 338
100, 339
102, 339
103, 340
105, 340
106, 341
107, 341
108, 342
110, 342
111, 343
113, 343
114, 344
116, 344
117, 345
120, 345
121, 346
123, 346
124, 347
127, 347
128, 348
131, 348
132, 349
135, 349
136, 350
141, 350
142, 351
148, 351
149, 352
159, 352
160, 353
182, 353
183, 352
192, 352
193, 351
200, 351
201, 350
205, 350
206, 349
210, 349
211, 348
215, 348
216, 347
219, 347
220, 346
222, 346
223, 345
226, 345
227, 344
229, 344
230, 343
232, 343
233, 342
235, 342
236, 341
238, 341
239, 340
240, 340
241, 339
243, 339
244, 338
246, 338
247, 337
248, 337
249, 336
251, 336
252, 335
253, 335
254, 334
255, 334
256, 333
257, 333
258, 332
259, 332
260, 331
262, 331
264, 329
265, 329
266, 328
267, 328
268, 327
269, 327
270, 326
271, 326
273, 324
274, 324
276, 322
277, 322
279, 320
280, 320
283, 317
284, 317
288, 313
289, 313
297, 305
297, 304
301, 300
301, 299
304, 296
304, 295
307, 292
307, 291
309, 289
309, 288
310, 287
310, 286
312, 284
312, 283
313, 282
313, 281
315, 279
315, 278
316, 277
316, 276
317, 275
317, 274
318, 273
318, 272
319, 271
319, 270
320, 269
320, 268
321, 267
321, 266
322, 265
322, 263
323, 262
323, 261
324, 260
324, 259
325, 258
325, 257
326, 256
326, 254
327, 253
327, 252
328, 251
328, 249
329, 248
329, 246
330, 245
330, 243
331, 242
331, 239
332, 238
332, 235
333, 234
333, 232
334, 231
334, 227
335, 226
335, 222
336, 221
336, 215
337, 214
337, 205
338, 204
338, 172
337, 171
337, 165
336, 164
336, 161
335, 160
335, 159
334, 158
334, 157
333, 156
333, 155
332, 154
332, 152
331, 151
331, 150
330, 149
330, 148
329, 147
329, 146
328, 145
328, 144
327, 143
327, 142
326, 141
326, 140
324, 138
324, 137
319, 132
318, 132
317, 131
309, 131
308, 132
306, 132
305, 133
303, 133
302, 134
301, 134
299, 136
298, 136
297, 137
295, 137
294, 138
293, 138
292, 139
291, 139
290, 140
289, 140
288, 141
287, 141
285, 143
284, 143
282, 145
281, 145
279, 147
277, 147
276, 148
274, 148
273, 147
272, 147
270, 145
270, 144
269, 143
269, 141
268, 140
268, 121
269, 120
269, 110
270, 109
270, 103
271, 102
271, 94
272, 93
272, 87
273, 86
273, 81
274, 80
274, 75
275, 74
275, 70
276, 69
276, 66
277, 65
277, 61
278, 60
278, 57
279, 56
279, 52
280, 51
280, 48
281, 47
281, 39
280, 38
278, 38
274, 42
274, 43
272, 45
272, 46
271, 47
271, 48
269, 50
269, 51
268, 52
268, 53
267, 54
267, 55
266, 56
266, 57
265, 58
265, 59
264, 60
264, 61
262, 63
262, 64
261, 65
261, 66
260, 67
260, 68
259, 69
259, 70
258, 71
258, 72
257, 73
257, 74
256, 75
256, 76
255, 77
255, 78
254, 79
254, 80
253, 81
253, 82
252, 83
252, 84
251, 85
251, 86
250, 87
250, 88
249, 89
249, 90
248, 91
248, 92
247, 93
247, 94
245, 96
245, 97
244, 98
244, 99
243, 100
243, 101
242, 102
242, 103
241, 104
241, 105
240, 106
240, 107
239, 108
239, 109
238, 110
238, 111
237, 112
237, 113
236, 114
236, 115
235, 116
235, 117
233, 119
233, 120
232, 121
232, 122
230, 124
230, 125
228, 127
228, 128
226, 130
226, 131
224, 133
224, 134
221, 137
221, 138
219, 140
219, 141
218, 142
218, 143
216, 145
216, 146
213, 149
213, 150
210, 153
210, 154
207, 157
207, 158
201, 164
197, 164
194, 161
194, 159
193, 158
193, 156
192, 155
192, 152
191, 151
191, 148
190, 147
190, 143
189, 142
189, 134
188, 133
188, 120
189, 119
189, 107
190, 106
190, 97
191, 96
191, 85
192, 84
192, 76
193, 75
193, 69
194, 68
194, 63
195, 62
195, 59
196, 58
196, 54
197, 53
197, 49
198, 48
198, 44
199, 43
199, 39
200, 38
200, 23
199, 22
199, 21
196, 21
194, 23
194, 24
192, 26
192, 27
190, 29
190, 30
188, 32
188, 33
187, 34
187, 35
185, 37
185, 38
183, 40
183, 41
182, 42
182, 43
180, 45
180, 46
178, 48
178, 49
177, 50
177, 51
175, 53
175, 54
174, 55
174, 56
173, 57
173, 58
171, 60
171, 61
170, 62
170, 63
169, 64
169, 65
168, 66
168, 67
167, 68
167, 69
165, 71
165, 72
164, 73
164, 74
163, 75
163, 76
162, 77
162, 78
160, 80
160, 81
159, 82
159, 83
158, 84
158, 85
157, 86
157, 87
155, 89
155, 90
154, 91
154, 92
152, 94
152, 95
150, 97
150, 98
149, 99
149, 100
147, 102
147, 103
145, 105
145, 106
143, 108
143, 109
141, 111
141, 112
139, 114
139, 115
138, 116
138, 117
136, 119
136, 120
133, 123
133, 124
129, 128
129, 129
125, 133
125, 134
121, 138
121, 139
117, 143
117, 144
114, 147
114, 148
103, 159
102, 159
100, 161
98, 161
97, 162
94, 162
93, 161
92, 161
88, 157
88, 156
86, 154
86, 152
85, 151
85, 149
84, 148
84, 140
85, 139
85, 129
86, 128
86, 121
87, 120
87, 114
88, 113
88, 110
89, 109
89, 105
90, 104
90, 101
91, 100
91, 97
92, 96
92, 93
93, 92
93, 90
94, 89
94, 86
95, 85
95, 83
96, 82
96, 80
97, 79
97, 77
98, 76
98, 73
99, 72
99, 69
100, 68
100, 66
101, 65
101, 62
102, 61
102, 57
103, 56
103, 52
104, 51
104, 47
105, 46
105, 40
106, 39
106, 21
105, 20
105, 19
103, 17
