4, 2
464, 4
462, 369
2, 367
299, 222
298, 223
298, 224
299, 225
299, 226
301, 228
301, 229
309, 237
310, 237
315, 242
316, 242
320, 246
321, 246
325, 250
326, 250
330, 254
331, 254
335, 258
336, 258
340, 262
341, 262
344, 265
345, 265
349, 269
350, 269
353, 272
354, 272
357, 275
358, 275
361, 278
362, 278
365, 281
366, 281
368, 283
369, 283
372, 286
373, 286
375, 288
376, 288
378, 290
379, 290
380, 291
381, 291
383, 293
384, 293
386, 295
387, 295
389, 297
390, 297
391, 298
392, 298
393, 299
394, 299
396, 301
397, 301
398, 302
399, 302
400, 303
401, 303
403, 305
404, 305
405, 306
406, 306
407, 307
408, 307
409, 308
410, 308
411, 309
412, 309
413, 310
414, 310
415, 311
416, 311
417, 312
418, 312
419, 313
420, 313
421, 314
422, 314
423, 315
424, 315
425, 316
427, 316
428, 317
429, 317
430, 318
431, 318
432, 319
433, 319
434, 320
436, 320
437, 321
438, 321
439, 322
440, 322
441, 323
442, 323
443, 324
444, 323
445, 323
445, 321
443, 319
442, 319
441, 318
439, 318
438, 317
437, 317
436, 316
435, 316
434, 315
433, 315
432, 314
431, 314
430, 313
428, 313
427, 312
426, 312
425, 311
424, 311
423, 310
422, 310
421, 309
420, 309
419, 308
418, 308
417, 307
416, 307
415, 306
414, 306
413, 305
412, 305
411, 304
410, 304
409, 303
408, 303
407, 302
406, 302
405, 301
404, 301
402, 299
401, 299
400, 298
399, 298
398, 297
397, 297
395, 295
394, 295
393, 294
392, 294
390, 292
389, 292
387, 290
386, 290
385, 289
384, 289
382, 287
381, 287
379, 285
378, 285
376, 283
375, 283
373, 281
372, 281
370, 279
369, 279
366, 276
365, 276
362, 273
361, 273
358, 270
357, 270
354, 267
353, 267
349, 263
348, 263
344, 259
343, 259
340, 256
339, 256
334, 251
333, 251
330, 248
329, 248
325, 244
324, 244
320, 240
319, 240
314, 235
313, 235
303, 225
303, 224
301, 222
202, 56
201, 57
198, 57
197, 58
196, 58
195, 59
194, 59
191, 62
190, 62
184, 68
184, 69
181, 72
181, 73
180, 74
180, 75
179, 76
179, 77
178, 78
178, 80
177, 81
177, 83
176, 84
176, 88
175, 89
175, 96
174, 97
174, 122
175, 123
175, 135
176, 136
176, 145
177, 146
177, 155
178, 156
178, 189
177, 190
177, 194
176, 195
176, 198
175, 199
175, 201
174, 202
174, 203
173, 204
173, 206
171, 208
171, 209
165, 215
163, 215
162, 216
156, 216
155, 215
153, 215
152, 214
151, 214
150, 213
149, 213
145, 209
144, 209
141, 206
141, 205
136, 200
136, 199
134, 197
134, 196
132, 194
132, 193
130, 191
130, 190
128, 188
128, 187
126, 185
126, 184
124, 182
124, 181
123, 180
123, 179
121, 177
121, 175
119, 173
117, 173
117, 178
118, 179
118, 180
119, 181
119, 182
121, 184
121, 185
123, 187
123, 188
125, 190
125, 191
127, 193
127, 194
129, 196
129, 197
131, 199
131, 200
133, 202
133, 203
137, 207
137, 208
141, 212
142, 212
146, 216
147, 216
148, 217
149, 217
150, 218
151, 218
152, 219
154, 219
155, 220
163, 220
164, 219
166, 219
167, 218
168, 218
174, 212
174, 211
176, 209
176, 208
177, 207
177, 206
178, 205
178, 203
179, 202
179, 200
180, 199
180, 196
181, 195
181, 190
182, 189
182, 176
183, 175
183, 171
182, 170
182, 155
181, 154
181, 145
180, 144
180, 135
179, 134
179, 123
178, 122
178, 97
179, 96
179, 89
180, 88
180, 85
181, 84
181, 81
182, 80
182, 79
183, 78
183, 77
184, 76
184, 75
187, 72
187, 71
193, 65
194, 65
197, 62
199, 62
200, 61
202, 61
203, 60
210, 60
211, 61
214, 61
215, 62
216, 62
217, 63
219, 63
220, 64
221, 64
223, 66
224, 66
226, 68
227, 68
229, 70
230, 70
232, 72
233, 72
238, 77
239, 77
248, 86
248, 87
249, 87
253, 91
254, 91
259, 96
259, 97
263, 101
264, 101
266, 99
265, 98
265, 97
262, 94
262, 93
257, 88
256, 88
241, 73
240, 73
236, 69
235, 69
232, 66
231, 66
229, 64
228, 64
226, 62
225, 62
224, 61
223, 61
222, 60
221, 60
220, 59
218, 59
217, 58
215, 58
214, 57
211, 57
210, 56
56, 38
55, 39
54, 39
53, 40
52, 40
46, 46
46, 47
44, 49
44, 50
43, 51
43, 52
42, 53
42, 54
41, 55
41, 57
40, 58
40, 60
39, 61
39, 63
38, 64
38, 67
37, 68
37, 73
36, 74
36, 96
37, 97
37, 104
38, 105
38, 110
39, 111
39, 115
40, 116
40, 119
41, 120
41, 124
42, 125
42, 128
43, 129
43, 132
44, 133
44, 135
45, 136
45, 139
46, 140
46, 142
47, 143
47, 145
48, 146
48, 148
49, 149
49, 151
50, 152
50, 153
51, 154
51, 156
52, 157
52, 159
53, 160
53, 161
54, 162
54, 163
55, 164
55, 165
56, 166
56, 167
57, 168
57, 170
58, 171
58, 172
59, 173
59, 174
60, 175
60, 176
61, 177
61, 178
62, 179
62, 180
63, 181
63, 182
64, 183
64, 184
65, 185
65, 186
66, 187
66, 188
67, 189
67, 190
69, 192
69, 193
70, 194
70, 195
71, 196
71, 197
72, 198
72, 199
74, 201
74, 202
75, 203
75, 204
76, 205
76, 206
77, 207
77, 208
79, 210
79, 211
80, 212
80, 213
82, 215
82, 216
84, 218
84, 219
85, 220
85, 221
87, 223
87, 224
89, 226
89, 227
91, 229
91, 230
93, 232
93, 233
96, 236
96, 237
99, 240
99, 241
103, 245
103, 246
104, 247
104, 254
103, 255
103, 259
102, 260
102, 264
101, 265
101, 268
100, 269
100, 271
99, 272
99, 274
98, 275
98, 278
97, 279
97, 280
96, 281
96, 283
95, 284
95, 285
94, 286
94, 288
93, 289
93, 290
91, 292
91, 293
90, 294
90, 295
88, 297
88, 298
84, 302
84, 303
78, 309
77, 309
74, 312
73, 312
72, 313
71, 313
70, 314
68, 314
67, 315
57, 315
56, 314
54, 314
53, 313
52, 313
51, 312
50, 312
48, 310
47, 310
41, 304
41, 303
39, 301
39, 300
37, 298
37, 297
36, 296
36, 295
35, 294
35, 293
34, 292
34, 290
33, 289
33, 288
32, 287
32, 285
31, 284
31, 281
30, 280
30, 278
29, 277
29, 275
28, 274
28, 271
27, 270
27, 267
26, 266
26, 262
25, 261
25, 256
24, 255
24, 247
26, 245
26, 243
25, 242
22, 242
20, 244
20, 256
21, 257
21, 262
22, 263
22, 267
23, 268
23, 271
24, 272
24, 274
25, 275
25, 278
26, 279
26, 281
27, 282
27, 285
28, 286
28, 288
29, 289
29, 290
30, 291
30, 293
31, 294
31, 295
32, 296
32, 297
33, 298
33, 299
34, 300
34, 301
36, 303
36, 304
38, 306
38, 307
44, 313
45, 313
47, 315
48, 315
50, 317
52, 317
53, 318
55, 318
56, 319
68, 319
69, 318
71, 318
72, 317
73, 317
74, 316
75, 316
76, 315
77, 315
80, 312
81, 312
88, 305
88, 304
91, 301
91, 300
93, 298
93, 297
95, 295
95, 294
96, 293
96, 292
97, 291
97, 290
98, 289
98, 288
99, 287
99, 285
100, 284
100, 282
101, 281
101, 280
102, 279
102, 276
103, 275
103, 273
104, 272
104, 269
105, 268
105, 266
106, 265
106, 261
107, 260
107, 255
109, 253
128, 272
129, 272
134, 277
135, 277
138, 280
139, 280
141, 282
142, 282
144, 284
145, 284
147, 286
148, 286
149, 287
150, 287
151, 288
152, 288
153, 289
154, 289
155, 290
156, 290
158, 292
159, 292
160, 293
161, 293
162, 294
164, 294
165, 295
166, 295
167, 296
169, 296
170, 297
171, 297
172, 298
174, 298
175, 299
177, 299
178, 300
180, 300
181, 301
184, 301
185, 302
188, 302
189, 303
192, 303
193, 304
196, 304
197, 305
198, 305
199, 306
201, 306
202, 307
203, 307
204, 308
206, 308
208, 310
209, 310
210, 311
211, 311
212, 312
213, 312
215, 314
216, 314
218, 316
219, 316
221, 318
222, 318
225, 321
226, 321
233, 328
234, 328
242, 336
242, 337
247, 342
247, 343
251, 347
251, 348
254, 351
254, 352
257, 355
258, 355
259, 354
259, 351
257, 349
257, 348
254, 345
254, 344
250, 340
250, 339
245, 334
245, 333
236, 324
235, 324
229, 318
228, 318
225, 315
224, 315
222, 313
221, 313
219, 311
218, 311
216, 309
215, 309
214, 308
213, 308
211, 306
210, 306
209, 305
208, 305
207, 304
206, 304
205, 303
203, 303
202, 302
201, 302
200, 301
198, 301
197, 300
194, 300
193, 299
190, 299
189, 298
186, 298
185, 297
182, 297
181, 296
179, 296
178, 295
176, 295
175, 294
173, 294
172, 293
171, 293
170, 292
168, 292
167, 291
166, 291
165, 290
164, 290
163, 289
162, 289
161, 288
160, 288
159, 287
158, 287
157, 286
156, 286
155, 285
154, 285
153, 284
152, 284
150, 282
149, 282
148, 281
147, 281
145, 279
144, 279
141, 276
140, 276
137, 273
136, 273
132, 269
131, 269
111, 249
111, 248
109, 246
109, 242
110, 241
110, 233
111, 232
111, 218
112, 217
112, 164
111, 163
111, 150
110, 149
110, 140
109, 139
109, 133
108, 132
108, 126
107, 125
107, 121
106, 120
106, 117
105, 116
105, 112
104, 111
104, 108
103, 107
103, 104
102, 103
102, 101
101, 100
101, 98
100, 97
100, 95
99, 94
99, 92
98, 91
98, 89
97, 88
97, 86
96, 85
96, 83
95, 82
95, 81
94, 80
94, 78
93, 77
93, 76
92, 75
92, 74
91, 73
91, 72
90, 71
90, 69
89, 68
89, 67
88, 66
88, 65
87, 64
87, 63
86, 62
86, 61
84, 59
84, 58
83, 57
83, 56
82, 55
82, 54
80, 52
80, 51
77, 48
77, 47
71, 41
70, 41
69, 40
68, 40
67, 39
66, 39
65, 38
56, 43
57, 42
64, 42
65, 43
66, 43
68, 45
69, 45
74, 50
74, 51
77, 54
77, 55
78, 56
78, 57
80, 59
80, 60
81, 61
81, 62
82, 63
82, 64
83, 65
83, 66
84, 67
84, 68
85, 69
85, 70
86, 71
86, 72
87, 73
87, 74
88, 75
88, 76
89, 77
89, 79
90, 80
90, 81
91, 82
91, 83
92, 84
92, 86
93, 87
93, 89
94, 90
94, 92
95, 93
95, 95
96, 96
96, 98
97, 99
97, 101
98, 102
98, 104
99, 105
99, 108
100, 109
100, 112
101, 113
101, 117
102, 118
102, 121
103, 122
103, 126
104, 127
104, 132
105, 133
105, 140
106, 141
106, 149
107, 150
107, 165
108, 166
108, 216
107, 217
107, 231
106, 232
106, 239
105, 240
104, 240
102, 238
102, 237
99, 234
99, 233
97, 231
97, 230
94, 227
94, 226
92, 224
92, 223
90, 221
90, 220
88, 218
88, 217
87, 216
87, 215
85, 213
85, 212
84, 211
84, 210
82, 208
82, 207
81, 206
81, 205
79, 203
79, 202
78, 201
78, 200
77, 199
77, 198
76, 197
76, 196
74, 194
74, 193
73, 192
73, 191
72, 190
72, 189
71, 188
71, 187
70, 186
70, 185
68, 183
68, 182
67, 181
67, 180
66, 179
66, 178
65, 177
65, 176
64, 175
64, 174
63, 173
63, 172
62, 171
62, 169
61, 168
61, 167
60, 166
60, 165
59, 164
59, 163
58, 162
58, 161
57, 160
57, 158
56, 157
56, 156
55, 155
55, 153
54, 152
54, 151
53, 150
53, 148
52, 147
52, 145
51, 144
51, 142
50, 141
50, 139
49, 138
49, 135
48, 134
48, 132
47, 131
47, 128
46, 127
46, 124
45, 123
45, 119
44, 118
44, 115
43, 114
43, 110
42, 109
42, 104
41, 103
41, 97
40, 96
40, 75
41, 74
41, 69
42, 68
42, 65
43, 64
43, 62
44, 61
44, 59
45, 58
45, 57
46, 56
46, 55
47, 54
47, 53
48, 52
48, 51
50, 49
50, 48
55, 43
339, 16
338, 17
337, 17
336, 18
335, 18
333, 20
334, 21
336, 21
337, 20
338, 20
339, 19
342, 19
343, 18
345, 18
346, 19
348, 19
349, 20
350, 20
356, 26
356, 27
358, 29
358, 30
359, 31
359, 32
360, 33
360, 34
361, 35
361, 37
362, 38
362, 39
363, 40
363, 42
364, 43
364, 46
365, 47
365, 49
366, 50
366, 53
367, 54
367, 58
368, 59
368, 63
369, 64
369, 68
370, 69
370, 74
371, 75
371, 80
372, 81
372, 88
373, 89
373, 96
374, 97
374, 107
375, 108
375, 121
376, 122
376, 137
377, 138
377, 160
378, 161
378, 214
377, 215
377, 234
378, 235
380, 235
380, 212
381, 211
381, 165
380, 164
380, 140
379, 139
379, 123
378, 122
378, 110
377, 109
377, 98
376, 97
376, 90
375, 89
375, 82
374, 81
374, 75
373, 74
373, 69
372, 68
372, 64
371, 63
371, 59
370, 58
370, 55
369, 54
369, 51
368, 50
368, 47
367, 46
367, 43
366, 42
366, 40
365, 39
365, 37
364, 36
364, 35
363, 34
363, 32
362, 31
362, 30
361, 29
361, 28
359, 26
359, 25
357, 23
357, 22
354, 19
353, 19
351, 17
350, 17
349, 16
