4, 0
4, 4
2, 6
0, 8
2, 8
4, 10
4, 34
2, 36
0, 36
0, 38
2, 38
4, 40
4, 64
2, 66
0, 66
0, 68
2, 68
4, 70
4, 94
2, 96
0, 96
0, 98
2, 98
4, 100
4, 125
2, 127
0, 127
0, 129
2, 129
4, 131
4, 155
2, 157
0, 157
0, 159
2, 159
4, 161
4, 185
2, 187
0, 187
0, 189
2, 189
4, 191
4, 216
2, 218
0, 218
0, 220
2, 220
4, 222
4, 246
2, 248
0, 248
0, 250
2, 250
4, 252
8, 2
500, 4
498, 256
6, 254
300, 170
299, 171
299, 173
300, 174
301, 174
302, 175
303, 175
306, 178
307, 178
308, 179
309, 179
311, 181
312, 181
314, 183
315, 183
317, 185
318, 185
319, 186
320, 186
322, 188
323, 188
324, 189
325, 189
326, 190
327, 190
329, 192
330, 192
331, 193
332, 193
333, 194
334, 194
335, 195
336, 195
337, 196
338, 196
339, 197
341, 197
342, 198
343, 198
344, 199
346, 199
347, 200
349, 200
350, 201
352, 201
353, 202
356, 202
357, 203
360, 203
361, 204
365, 204
366, 205
370, 205
371, 206
375, 206
376, 207
382, 207
383, 208
392, 208
393, 209
424, 209
425, 208
434, 208
435, 207
441, 207
442, 206
446, 206
447, 205
452, 205
453, 204
456, 204
457, 203
461, 203
462, 202
464, 202
465, 201
467, 201
468, 200
470, 200
471, 199
472, 199
475, 196
476, 196
476, 195
479, 192
479, 190
478, 189
477, 190
476, 190
475, 191
475, 192
473, 194
472, 194
470, 196
469, 196
468, 197
467, 197
466, 198
464, 198
463, 199
460, 199
459, 200
456, 200
455, 201
452, 201
451, 202
446, 202
445, 203
440, 203
439, 204
433, 204
432, 205
423, 205
422, 206
396, 206
395, 205
385, 205
384, 204
378, 204
377, 203
372, 203
371, 202
367, 202
366, 201
362, 201
361, 200
358, 200
357, 199
354, 199
353, 198
351, 198
350, 197
348, 197
347, 196
346, 196
345, 195
343, 195
342, 194
341, 194
340, 193
338, 193
337, 192
336, 192
335, 191
334, 191
332, 189
331, 189
330, 188
329, 188
328, 187
327, 187
325, 185
324, 185
323, 184
322, 184
321, 183
320, 183
318, 181
317, 181
315, 179
314, 179
312, 177
311, 177
309, 175
308, 175
306, 173
305, 173
304, 172
303, 172
302, 171
301, 171
45, 54
45, 55
44, 56
44, 57
43, 58
43, 66
44, 67
44, 71
45, 72
45, 75
46, 76
46, 78
47, 79
47, 81
48, 82
48, 83
49, 84
49, 86
50, 87
50, 88
51, 89
51, 90
53, 92
53, 93
54, 94
54, 95
55, 96
55, 97
57, 99
57, 100
58, 101
58, 102
59, 103
59, 104
61, 106
61, 107
62, 108
62, 109
64, 111
64, 112
65, 113
65, 114
67, 116
67, 117
69, 119
69, 120
71, 122
71, 123
72, 124
72, 125
73, 126
73, 127
74, 128
74, 129
75, 130
75, 132
76, 133
76, 135
77, 136
77, 137
78, 138
78, 140
79, 141
79, 143
80, 144
80, 145
81, 146
81, 148
82, 149
82, 151
83, 152
83, 154
84, 155
84, 157
85, 158
85, 160
86, 161
86, 163
87, 164
87, 166
88, 167
88, 169
89, 170
89, 172
90, 173
90, 176
91, 177
91, 179
92, 180
92, 183
93, 184
93, 186
94, 187
94, 190
95, 191
95, 193
96, 194
96, 196
97, 197
97, 199
98, 200
98, 203
99, 204
99, 206
100, 207
100, 209
101, 210
101, 212
102, 213
102, 215
103, 216
103, 218
104, 219
104, 220
103, 221
79, 197
78, 197
62, 181
61, 181
52, 172
51, 172
44, 165
43, 165
37, 159
36, 159
34, 157
33, 157
30, 154
29, 154
28, 153
26, 153
26, 156
27, 157
28, 157
31, 160
32, 160
34, 162
35, 162
41, 168
42, 168
49, 175
50, 175
61, 186
62, 186
76, 200
77, 200
99, 222
99, 223
100, 224
101, 224
103, 226
103, 227
111, 235
111, 236
114, 239
114, 240
120, 246
121, 246
122, 247
123, 246
124, 246
124, 244
122, 242
122, 241
114, 233
114, 232
112, 230
112, 229
111, 228
111, 227
110, 226
110, 225
109, 224
109, 223
108, 222
108, 220
107, 219
107, 217
106, 216
106, 214
105, 213
105, 211
104, 210
104, 208
103, 207
103, 205
102, 204
102, 202
101, 201
101, 199
100, 198
100, 196
99, 195
99, 192
98, 191
98, 189
97, 188
97, 186
96, 185
96, 182
95, 181
95, 179
94, 178
94, 175
93, 174
93, 172
92, 171
92, 169
91, 168
91, 165
90, 164
90, 162
89, 161
89, 159
88, 158
88, 156
87, 155
87, 153
86, 152
86, 150
85, 149
85, 148
84, 147
84, 145
83, 144
83, 142
82, 141
87, 142
87, 143
92, 148
92, 149
101, 158
101, 159
112, 170
113, 170
120, 177
121, 177
127, 183
128, 183
132, 187
133, 187
137, 191
138, 191
141, 194
142, 194
145, 197
146, 197
149, 200
150, 200
152, 202
153, 202
155, 204
156, 204
157, 205
158, 205
160, 207
161, 207
162, 208
163, 208
165, 210
166, 210
167, 211
168, 211
169, 212
170, 212
171, 213
172, 213
173, 214
174, 214
175, 215
177, 215
178, 216
179, 216
180, 217
182, 217
183, 218
185, 218
186, 219
188, 219
189, 220
192, 220
193, 221
197, 221
198, 222
211, 222
212, 223
213, 223
214, 222
215, 222
215, 220
214, 219
200, 219
199, 218
195, 218
194, 217
191, 217
190, 216
188, 216
187, 215
184, 215
183, 214
182, 214
181, 213
179, 213
178, 212
177, 212
176, 211
175, 211
174, 210
173, 210
172, 209
171, 209
170, 208
169, 208
168, 207
167, 207
166, 206
165, 206
163, 204
162, 204
161, 203
160, 203
158, 201
157, 201
155, 199
154, 199
152, 197
151, 197
149, 195
148, 195
144, 191
143, 191
140, 188
139, 188
135, 184
134, 184
130, 180
129, 180
123, 174
122, 174
114, 166
113, 166
104, 157
104, 156
95, 147
95, 146
90, 141
90, 140
86, 136
86, 135
82, 131
82, 130
78, 126
78, 125
75, 122
75, 121
74, 120
74, 119
73, 118
73, 116
72, 115
72, 114
71, 113
71, 111
70, 110
70, 108
69, 107
69, 105
68, 104
68, 103
67, 102
67, 100
66, 99
66, 97
65, 96
65, 94
64, 93
64, 92
63, 91
63, 89
62, 88
62, 86
61, 85
61, 83
60, 82
60, 80
59, 79
59, 77
58, 76
58, 75
57, 74
57, 72
56, 71
56, 69
55, 68
55, 66
54, 65
54, 64
53, 63
53, 61
52, 60
52, 59
50, 57
50, 56
48, 54
63, 99
61, 100
47, 61
48, 60
49, 61
49, 62
50, 63
50, 64
51, 65
51, 67
52, 68
52, 70
53, 71
53, 73
54, 74
54, 75
55, 76
55, 78
56, 79
56, 81
57, 82
57, 84
58, 85
58, 87
59, 88
59, 90
60, 91
60, 92
61, 93
61, 95
62, 96
59, 97
59, 96
58, 95
58, 94
57, 93
57, 92
55, 90
55, 89
54, 88
54, 87
53, 86
53, 85
52, 84
52, 82
51, 81
51, 80
50, 79
50, 77
49, 76
49, 74
48, 73
48, 70
47, 69
239, 24
238, 25
237, 25
237, 26
236, 27
236, 28
235, 29
235, 44
236, 45
236, 50
237, 51
237, 54
238, 55
238, 58
239, 59
239, 61
240, 62
240, 64
241, 65
241, 67
242, 68
242, 69
243, 70
243, 71
244, 72
244, 73
245, 74
245, 75
246, 76
246, 77
247, 78
247, 79
248, 80
250, 80
250, 77
248, 75
248, 74
247, 73
247, 72
246, 71
246, 70
245, 69
245, 67
244, 66
244, 65
243, 64
243, 61
242, 60
242, 59
241, 58
241, 55
240, 54
240, 51
239, 50
239, 45
238, 44
238, 30
239, 29
239, 28
240, 27
243, 27
244, 28
245, 28
246, 29
247, 29
249, 31
250, 31
253, 34
254, 34
259, 39
260, 39
265, 44
266, 44
284, 62
284, 63
294, 73
294, 74
302, 82
302, 83
307, 88
307, 89
311, 93
311, 94
315, 98
315, 99
318, 102
318, 103
321, 106
321, 107
324, 110
324, 111
328, 115
328, 116
331, 119
331, 120
334, 123
334, 124
338, 128
338, 129
342, 133
342, 134
346, 138
346, 139
350, 143
350, 144
352, 146
352, 147
355, 150
355, 151
357, 153
357, 154
360, 157
360, 158
363, 161
363, 162
373, 172
373, 173
376, 176
377, 176
378, 175
378, 173
367, 162
367, 161
364, 158
364, 157
361, 154
361, 153
358, 150
358, 149
356, 147
356, 146
353, 143
353, 142
350, 139
350, 138
346, 134
346, 133
342, 129
342, 128
338, 124
338, 123
335, 120
335, 119
332, 116
332, 115
328, 111
328, 110
324, 106
324, 105
321, 102
321, 101
318, 98
318, 97
315, 94
315, 93
311, 89
311, 88
307, 84
307, 83
300, 76
300, 75
291, 66
291, 65
279, 53
279, 52
276, 49
275, 49
265, 39
264, 39
259, 34
258, 34
255, 31
254, 31
251, 28
250, 28
249, 27
248, 27
246, 25
244, 25
243, 24
102, 11
101, 12
99, 12
95, 16
95, 18
94, 19
94, 21
93, 22
93, 29
92, 30
92, 33
93, 34
93, 44
94, 45
94, 50
95, 51
95, 56
96, 57
96, 60
97, 61
97, 65
98, 66
98, 69
99, 70
99, 73
100, 74
100, 77
101, 78
101, 81
102, 82
102, 85
103, 86
103, 88
104, 89
104, 92
105, 93
105, 96
106, 97
106, 102
107, 103
107, 113
105, 115
103, 115
102, 114
101, 114
99, 112
98, 112
96, 110
95, 110
92, 107
91, 107
90, 106
89, 107
89, 109
90, 110
91, 110
94, 113
95, 113
97, 115
98, 115
99, 116
100, 116
101, 117
102, 117
103, 118
106, 118
107, 117
108, 117
108, 116
109, 115
109, 114
110, 113
110, 104
109, 103
109, 98
108, 97
108, 93
107, 92
107, 89
106, 88
106, 86
105, 85
105, 82
104, 81
104, 78
103, 77
103, 75
102, 74
102, 70
101, 69
101, 66
100, 65
100, 62
99, 61
99, 57
98, 56
98, 52
97, 51
97, 46
96, 45
96, 38
95, 37
95, 27
96, 26
96, 22
97, 21
97, 19
98, 18
98, 17
100, 15
101, 15
102, 14
104, 14
105, 15
107, 15
108, 16
110, 16
111, 17
112, 17
113, 18
114, 18
115, 19
116, 19
117, 20
118, 20
120, 22
121, 22
122, 23
123, 23
125, 25
126, 25
127, 26
128, 26
129, 27
130, 27
132, 29
133, 29
134, 30
135, 30
137, 32
138, 32
139, 33
140, 33
142, 35
143, 35
144, 36
145, 36
146, 37
147, 37
148, 38
149, 38
151, 40
152, 40
153, 41
154, 41
155, 42
156, 42
157, 43
158, 43
160, 45
161, 45
162, 46
163, 46
164, 47
165, 47
166, 48
167, 48
169, 50
170, 50
171, 51
172, 51
173, 52
174, 52
175, 53
176, 53
178, 55
179, 55
180, 56
181, 56
183, 58
184, 58
185, 59
186, 59
188, 61
189, 61
191, 63
192, 63
194, 65
195, 65
197, 67
198, 67
200, 69
201, 69
203, 71
204, 71
207, 74
208, 74
211, 77
212, 77
216, 81
217, 81
223, 87
224, 87
229, 92
229, 93
232, 96
235, 96
235, 94
234, 93
233, 93
232, 92
232, 91
226, 85
225, 85
218, 78
217, 78
213, 74
212, 74
210, 72
209, 72
206, 69
205, 69
202, 66
201, 66
199, 64
198, 64
196, 62
195, 62
193, 60
192, 60
190, 58
189, 58
188, 57
187, 57
185, 55
184, 55
183, 54
182, 54
180, 52
179, 52
178, 51
177, 51
176, 50
175, 50
174, 49
173, 49
171, 47
170, 47
169, 46
168, 46
167, 45
166, 45
164, 43
163, 43
162, 42
161, 42
160, 41
159, 41
158, 40
157, 40
156, 39
155, 39
154, 38
153, 38
151, 36
150, 36
149, 35
148, 35
147, 34
146, 34
144, 32
143, 32
142, 31
141, 31
139, 29
138, 29
137, 28
136, 28
134, 26
133, 26
132, 25
131, 25
130, 24
129, 24
127, 22
126, 22
125, 21
124, 21
123, 20
122, 20
120, 18
119, 18
118, 17
117, 17
116, 16
115, 16
114, 15
113, 15
112, 14
111, 14
110, 13
108, 13
107, 12
105, 12
104, 11
