4, 2
496, 4
494, 347
2, 345
290, 208
288, 210
288, 212
289, 213
289, 215
290, 216
290, 217
295, 222
296, 222
297, 223
299, 223
300, 224
302, 224
303, 225
306, 225
307, 226
310, 226
311, 227
314, 227
315, 228
318, 228
319, 229
322, 229
323, 230
326, 230
327, 231
329, 231
330, 232
332, 232
333, 233
335, 233
336, 234
338, 234
339, 235
340, 235
341, 236
343, 236
344, 237
345, 237
346, 238
347, 238
348, 239
350, 239
351, 240
352, 240
353, 241
354, 241
355, 242
356, 242
357, 243
358, 243
359, 244
360, 244
361, 245
362, 245
363, 246
364, 246
365, 247
366, 247
367, 248
368, 248
369, 249
370, 249
371, 250
372, 250
373, 251
374, 251
376, 253
377, 253
378, 254
379, 254
380, 255
381, 255
382, 256
383, 256
385, 258
386, 258
387, 259
388, 259
390, 261
391, 261
392, 262
393, 262
395, 264
396, 264
398, 266
399, 266
400, 267
401, 267
403, 269
404, 269
405, 270
406, 270
408, 272
409, 272
410, 273
411, 273
413, 275
414, 275
415, 276
416, 276
418, 278
419, 278
421, 280
422, 280
423, 281
424, 281
425, 282
426, 282
428, 284
429, 284
430, 285
431, 285
432, 286
433, 286
435, 288
436, 288
437, 289
438, 289
439, 290
440, 290
441, 291
442, 291
443, 292
444, 292
445, 293
446, 293
448, 295
449, 295
450, 296
451, 296
452, 297
453, 297
454, 298
456, 298
457, 299
458, 299
459, 300
460, 300
461, 301
462, 301
463, 302
465, 302
466, 303
468, 303
469, 304
470, 304
471, 305
476, 305
476, 301
475, 301
474, 300
472, 300
471, 299
469, 299
468, 298
467, 298
466, 297
464, 297
463, 296
462, 296
461, 295
460, 295
459, 294
458, 294
457, 293
456, 293
455, 292
454, 292
453, 291
452, 291
451, 290
450, 290
449, 289
448, 289
447, 288
446, 288
445, 287
444, 287
443, 286
442, 286
441, 285
440, 285
438, 283
437, 283
436, 282
435, 282
434, 281
433, 281
432, 280
431, 280
429, 278
428, 278
427, 277
426, 277
424, 275
423, 275
422, 274
421, 274
419, 272
418, 272
417, 271
416, 271
414, 269
413, 269
412, 268
411, 268
409, 266
408, 266
406, 264
405, 264
404, 263
403, 263
401, 261
400, 261
399, 260
398, 260
396, 258
395, 258
394, 257
393, 257
391, 255
390, 255
389, 254
388, 254
386, 252
385, 252
384, 251
383, 251
382, 250
381, 250
379, 248
378, 248
377, 247
376, 247
375, 246
374, 246
373, 245
372, 245
371, 244
370, 244
369, 243
368, 243
367, 242
366, 242
365, 241
364, 241
363, 240
362, 240
361, 239
360, 239
359, 238
358, 238
357, 237
356, 237
355, 236
354, 236
353, 235
352, 235
351, 234
349, 234
348, 233
347, 233
346, 232
345, 232
344, 231
342, 231
341, 230
340, 230
339, 229
337, 229
336, 228
334, 228
333, 227
331, 227
330, 226
327, 226
326, 225
323, 225
322, 224
319, 224
318, 223
315, 223
314, 222
311, 222
310, 221
307, 221
306, 220
304, 220
303, 219
301, 219
300, 218
298, 218
294, 214
294, 213
293, 212
293, 210
291, 208
202, 33
201, 34
200, 34
194, 40
194, 41
193, 42
193, 43
192, 44
192, 46
191, 47
191, 49
190, 50
190, 53
189, 54
189, 57
188, 58
188, 64
187, 65
187, 74
186, 75
186, 112
187, 113
187, 152
186, 153
186, 165
185, 166
185, 172
184, 173
184, 178
183, 179
183, 182
182, 183
182, 186
181, 187
181, 190
180, 191
180, 193
179, 194
179, 195
178, 196
178, 197
177, 198
177, 199
176, 200
176, 201
172, 205
172, 206
169, 209
168, 209
164, 213
163, 213
162, 214
161, 214
160, 215
159, 215
158, 216
156, 216
155, 217
150, 217
149, 216
146, 216
145, 215
144, 215
143, 214
142, 214
141, 213
140, 213
132, 205
132, 204
130, 202
130, 201
129, 200
129, 199
128, 198
128, 196
127, 195
127, 191
126, 190
126, 183
125, 182
125, 179
124, 178
123, 178
122, 179
122, 188
123, 189
123, 194
124, 195
124, 198
125, 199
125, 200
126, 201
126, 202
127, 203
127, 204
128, 205
128, 206
130, 208
130, 209
135, 214
136, 214
139, 217
140, 217
141, 218
142, 218
143, 219
145, 219
146, 220
158, 220
159, 219
161, 219
162, 218
163, 218
165, 216
166, 216
168, 214
169, 214
177, 206
177, 205
179, 203
179, 202
180, 201
180, 200
181, 199
181, 198
182, 197
182, 196
183, 195
183, 194
184, 193
184, 190
185, 189
185, 187
186, 186
186, 182
187, 181
187, 177
188, 176
188, 171
189, 170
189, 164
190, 163
190, 146
191, 145
191, 121
190, 120
190, 72
191, 71
191, 63
192, 62
192, 57
193, 56
193, 53
194, 52
194, 50
195, 49
195, 47
196, 46
196, 45
197, 44
197, 43
198, 42
198, 41
201, 38
202, 38
203, 37
204, 37
205, 36
209, 36
210, 37
211, 37
212, 38
213, 38
215, 40
216, 40
226, 50
226, 51
229, 54
229, 55
231, 57
231, 58
233, 60
233, 61
235, 63
235, 64
237, 66
237, 67
239, 69
239, 70
240, 71
240, 72
242, 74
242, 75
243, 76
243, 77
245, 79
245, 80
246, 81
246, 82
247, 83
247, 84
249, 86
249, 87
250, 88
250, 89
251, 90
251, 91
252, 92
252, 93
253, 94
253, 95
254, 96
254, 97
256, 99
256, 100
257, 101
257, 102
258, 103
258, 104
259, 105
259, 106
260, 107
260, 108
261, 109
261, 110
262, 111
262, 112
263, 113
263, 114
264, 115
264, 116
265, 117
265, 118
266, 119
266, 120
267, 121
267, 122
268, 123
268, 124
269, 125
269, 126
271, 128
271, 129
273, 131
273, 132
274, 133
274, 135
275, 136
275, 137
276, 137
277, 138
279, 136
278, 135
278, 133
277, 132
277, 131
276, 130
276, 129
275, 128
275, 127
273, 125
273, 124
271, 122
271, 121
270, 120
270, 119
269, 118
269, 117
268, 116
268, 115
267, 114
267, 113
266, 112
266, 111
265, 110
265, 109
264, 108
264, 107
263, 106
263, 105
262, 104
262, 103
261, 102
261, 101
260, 100
260, 99
259, 98
259, 97
258, 96
258, 95
257, 94
257, 93
256, 92
256, 91
254, 89
254, 88
253, 87
253, 86
252, 85
252, 84
251, 83
251, 82
250, 81
250, 80
248, 78
248, 77
247, 76
247, 75
245, 73
245, 72
244, 71
244, 70
242, 68
242, 67
241, 66
241, 65
239, 63
239, 62
237, 60
237, 59
235, 57
235, 56
233, 54
233, 53
230, 50
230, 49
226, 45
226, 44
221, 39
220, 39
217, 36
216, 36
214, 34
213, 34
212, 33
59, 28
58, 29
57, 29
53, 33
53, 34
51, 36
51, 38
50, 39
50, 41
49, 42
49, 47
48, 48
48, 61
49, 62
49, 75
50, 76
50, 85
51, 86
51, 92
52, 93
52, 99
53, 100
53, 105
54, 106
54, 110
55, 111
55, 116
56, 117
56, 120
57, 121
57, 125
58, 126
58, 129
59, 130
59, 134
60, 135
60, 138
61, 139
61, 142
62, 143
62, 146
63, 147
63, 151
64, 152
64, 155
65, 156
65, 160
66, 161
66, 164
67, 165
67, 169
68, 170
68, 174
69, 175
69, 178
70, 179
70, 183
71, 184
71, 187
72, 188
72, 192
73, 193
73, 195
74, 196
74, 199
75, 200
75, 203
76, 204
76, 206
77, 207
77, 210
78, 211
78, 213
79, 214
79, 215
80, 216
80, 218
81, 219
81, 220
82, 221
82, 222
83, 223
83, 224
84, 225
84, 226
85, 227
85, 228
86, 229
86, 230
87, 231
87, 232
88, 233
88, 234
90, 236
90, 237
91, 238
91, 239
93, 241
93, 242
95, 244
95, 245
98, 248
98, 249
101, 252
101, 259
100, 260
100, 265
99, 266
99, 269
98, 270
98, 273
97, 274
97, 278
96, 279
96, 281
95, 282
95, 285
94, 286
94, 288
93, 289
93, 291
92, 292
92, 293
91, 294
91, 295
90, 296
90, 297
89, 298
89, 299
82, 306
81, 306
79, 308
77, 308
76, 309
74, 309
73, 310
59, 310
58, 309
57, 309
56, 308
55, 308
54, 307
53, 307
48, 302
48, 301
46, 299
46, 298
44, 296
44, 295
43, 294
43, 293
42, 292
42, 291
40, 289
40, 288
39, 287
39, 285
38, 284
38, 283
37, 282
37, 281
36, 280
36, 278
35, 277
35, 276
34, 275
34, 273
33, 272
33, 270
32, 269
32, 266
31, 265
31, 262
30, 261
30, 258
29, 257
29, 254
28, 253
28, 249
27, 248
27, 244
26, 243
26, 238
25, 237
25, 231
24, 230
22, 230
22, 231
21, 232
21, 234
22, 235
22, 241
23, 242
23, 246
24, 247
24, 251
25, 252
25, 255
26, 256
26, 260
27, 261
27, 264
28, 265
28, 267
29, 268
29, 271
30, 272
30, 274
31, 275
31, 277
32, 278
32, 279
33, 280
33, 282
34, 283
34, 284
35, 285
35, 286
36, 287
36, 289
37, 290
37, 291
39, 293
39, 294
40, 295
40, 296
41, 297
41, 298
43, 300
43, 301
45, 303
45, 304
51, 310
52, 310
53, 311
54, 311
55, 312
56, 312
57, 313
60, 313
61, 314
70, 314
71, 313
75, 313
76, 312
78, 312
79, 311
81, 311
83, 309
84, 309
87, 306
88, 306
88, 305
92, 301
92, 300
93, 299
93, 298
94, 297
94, 296
95, 295
95, 294
96, 293
96, 291
97, 290
97, 288
98, 287
98, 285
99, 284
99, 281
100, 280
100, 277
101, 276
101, 273
102, 272
102, 268
103, 267
103, 263
104, 262
104, 259
105, 258
106, 258
109, 261
110, 261
114, 265
115, 265
118, 268
119, 268
121, 270
122, 270
124, 272
125, 272
127, 274
128, 274
130, 276
131, 276
132, 277
133, 277
135, 279
136, 279
137, 280
138, 280
140, 282
141, 282
143, 284
144, 284
145, 285
146, 285
147, 286
148, 286
149, 287
150, 287
151, 288
152, 288
153, 289
154, 289
155, 290
156, 290
157, 291
158, 291
159, 292
160, 292
161, 293
162, 293
163, 294
164, 294
165, 295
167, 295
168, 296
169, 296
170, 297
172, 297
173, 298
174, 298
175, 299
177, 299
178, 300
179, 300
180, 301
182, 301
183, 302
185, 302
186, 303
187, 303
188, 304
190, 304
191, 305
192, 305
193, 306
195, 306
196, 307
197, 307
198, 308
199, 308
200, 309
202, 309
203, 310
204, 310
205, 311
206, 311
207, 312
208, 312
209, 313
210, 313
211, 314
212, 314
213, 315
214, 315
215, 316
216, 316
217, 317
218, 317
219, 318
220, 318
221, 319
222, 319
223, 320
224, 320
225, 321
226, 321
227, 322
228, 322
229, 323
230, 323
231, 324
232, 324
233, 325
234, 325
235, 326
236, 326
237, 327
238, 327
239, 328
240, 328
241, 329
242, 329
243, 330
245, 330
246, 331
248, 331
249, 332
252, 332
253, 333
264, 333
265, 332
266, 332
267, 331
268, 331
269, 330
269, 327
266, 327
264, 329
263, 329
262, 330
255, 330
254, 329
251, 329
250, 328
248, 328
247, 327
245, 327
244, 326
243, 326
242, 325
241, 325
240, 324
239, 324
238, 323
237, 323
236, 322
235, 322
234, 321
233, 321
232, 320
231, 320
230, 319
229, 319
228, 318
227, 318
226, 317
225, 317
224, 316
223, 316
222, 315
221, 315
220, 314
219, 314
218, 313
217, 313
216, 312
215, 312
214, 311
213, 311
212, 310
211, 310
210, 309
209, 309
208, 308
207, 308
206, 307
205, 307
204, 306
202, 306
201, 305
200, 305
199, 304
198, 304
197, 303
195, 303
194, 302
193, 302
192, 301
190, 301
189, 300
188, 300
187, 299
185, 299
184, 298
182, 298
181, 297
180, 297
179, 296
177, 296
176, 295
175, 295
174, 294
172, 294
171, 293
170, 293
169, 292
167, 292
166, 291
165, 291
164, 290
163, 290
162, 289
161, 289
160, 288
159, 288
158, 287
157, 287
156, 286
155, 286
154, 285
153, 285
152, 284
151, 284
150, 283
149, 283
148, 282
147, 282
146, 281
145, 281
143, 279
142, 279
140, 277
139, 277
138, 276
137, 276
135, 274
134, 274
133, 273
132, 273
130, 271
129, 271
127, 269
126, 269
124, 267
123, 267
121, 265
120, 265
117, 262
116, 262
110, 256
109, 256
106, 253
106, 244
107, 243
107, 236
108, 235
108, 224
109, 223
109, 209
110, 208
110, 188
111, 187
111, 151
110, 150
110, 138
109, 137
109, 129
108, 128
108, 121
107, 120
107, 114
106, 113
106, 108
105, 107
105, 102
104, 101
104, 97
103, 96
103, 93
102, 92
102, 89
101, 88
101, 85
100, 84
100, 81
99, 80
99, 78
98, 77
98, 75
97, 74
97, 72
96, 71
96, 69
95, 68
95, 67
94, 66
94, 64
93, 63
93, 62
92, 61
92, 60
91, 59
91, 57
90, 56
90, 55
89, 54
89, 53
88, 52
88, 51
86, 49
86, 48
85, 47
85, 46
83, 44
83, 43
80, 40
80, 39
71, 30
70, 30
69, 29
68, 29
67, 28
60, 32
61, 31
65, 31
66, 32
67, 32
68, 33
69, 33
77, 41
77, 42
80, 45
80, 46
82, 48
82, 49
83, 50
83, 51
85, 53
85, 54
86, 55
86, 56
87, 57
87, 58
88, 59
88, 61
89, 62
89, 63
90, 64
90, 65
91, 66
91, 68
92, 69
92, 70
93, 71
93, 73
94, 74
94, 76
95, 77
95, 79
96, 80
96, 82
97, 83
97, 86
98, 87
98, 90
99, 91
99, 94
100, 95
100, 99
101, 100
101, 104
102, 105
102, 110
103, 111
103, 116
104, 117
104, 124
105, 125
105, 132
106, 133
106, 142
107, 143
107, 199
106, 200
106, 216
105, 217
105, 231
104, 232
104, 240
103, 241
103, 246
102, 247
98, 243
98, 242
96, 240
96, 239
94, 237
94, 236
93, 235
93, 234
91, 232
91, 231
90, 230
90, 229
89, 228
89, 227
88, 226
88, 225
87, 224
87, 223
86, 222
86, 221
85, 220
85, 219
84, 218
84, 217
83, 216
83, 214
82, 213
82, 211
81, 210
81, 208
80, 207
80, 205
79, 204
79, 202
78, 201
78, 198
77, 197
77, 194
76, 193
76, 190
75, 189
75, 186
74, 185
74, 181
73, 180
73, 177
72, 176
72, 172
71, 171
71, 167
70, 166
70, 163
69, 162
69, 158
68, 157
68, 154
67, 153
67, 149
66, 148
66, 145
65, 144
65, 141
64, 140
64, 136
63, 135
63, 132
62, 131
62, 128
61, 127
61, 123
60, 122
60, 119
59, 118
59, 114
58, 113
58, 108
57, 107
57, 103
56, 102
56, 97
55, 96
55, 90
54, 89
54, 82
53, 81
53, 70
52, 69
52, 44
53, 43
53, 41
54, 40
54, 38
56, 36
56, 35
59, 32
324, 15
323, 16
322, 16
321, 17
320, 17
319, 18
318, 18
314, 22
313, 22
309, 26
309, 27
307, 29
307, 30
308, 31
310, 31
313, 28
313, 27
314, 26
315, 26
320, 21
321, 21
323, 19
325, 19
326, 18
332, 18
333, 19
335, 19
336, 20
337, 20
339, 22
340, 22
343, 25
343, 26
346, 29
346, 30
348, 32
348, 33
349, 34
349, 35
350, 36
350, 37
351, 38
351, 40
352, 41
352, 42
353, 43
353, 45
354, 46
354, 48
355, 49
355, 51
356, 52
356, 54
357, 55
357, 57
358, 58
358, 61
359, 62
359, 64
360, 65
360, 68
361, 69
361, 72
362, 73
362, 77
363, 78
363, 81
364, 82
364, 85
365, 86
365, 90
366, 91
366, 96
367, 97
367, 101
368, 102
368, 106
369, 107
369, 112
370, 113
370, 118
371, 119
371, 125
372, 126
372, 132
373, 133
373, 140
374, 141
374, 149
375, 150
375, 159
376, 160
376, 171
377, 172
377, 186
378, 187
378, 209
379, 210
379, 230
380, 231
382, 231
383, 230
383, 228
382, 227
382, 197
381, 196
381, 180
380, 179
380, 166
379, 165
379, 156
378, 155
378, 146
377, 145
377, 137
376, 136
376, 130
375, 129
375, 123
374, 122
374, 116
373, 115
373, 110
372, 109
372, 105
371, 104
371, 99
370, 98
370, 94
369, 93
369, 89
368, 88
368, 84
367, 83
367, 79
366, 78
366, 75
365, 74
365, 71
364, 70
364, 67
363, 66
363, 63
362, 62
362, 59
361, 58
361, 56
360, 55
360, 53
359, 52
359, 50
358, 49
358, 47
357, 46
357, 44
356, 43
356, 41
355, 40
355, 39
354, 38
354, 37
353, 36
353, 34
352, 33
352, 32
351, 31
351, 30
349, 28
349, 27
347, 25
347, 24
342, 19
341, 19
339, 17
338, 17
337, 16
335, 16
334, 15
