62, 371
64, 373
64, 375
66, 375
66, 373
68, 371
139, 371
141, 373
141, 375
143, 375
143, 373
145, 371
216, 371
218, 373
218, 375
220, 375
220, 373
222, 371
292, 371
294, 373
294, 375
296, 375
296, 373
298, 371
369, 371
371, 373
371, 375
373, 375
373, 373
375, 371
446, 371
448, 373
448, 375
450, 373
452, 371
4, 2
450, 4
448, 369
2, 367
293, 189
292, 190
292, 196
293, 197
293, 198
294, 199
294, 201
295, 202
295, 203
296, 204
296, 205
299, 208
299, 209
305, 215
305, 216
309, 220
309, 221
313, 225
313, 226
317, 230
317, 231
320, 234
320, 235
324, 239
324, 240
330, 246
330, 247
331, 247
337, 253
338, 253
341, 256
342, 256
344, 258
345, 258
346, 259
347, 259
348, 260
349, 260
350, 261
351, 261
352, 262
353, 262
354, 263
355, 263
356, 264
358, 264
359, 265
362, 265
363, 266
369, 266
370, 267
376, 267
377, 266
385, 266
386, 265
391, 265
392, 264
396, 264
397, 263
402, 263
403, 262
409, 262
410, 261
419, 261
420, 260
424, 260
425, 259
428, 259
430, 257
431, 257
432, 256
432, 253
431, 252
429, 252
427, 254
426, 254
425, 255
422, 255
421, 256
414, 256
413, 257
406, 257
405, 258
399, 258
398, 259
394, 259
393, 260
388, 260
387, 261
382, 261
381, 262
367, 262
366, 261
362, 261
361, 260
359, 260
358, 259
356, 259
355, 258
354, 258
353, 257
352, 257
351, 256
350, 256
348, 254
347, 254
346, 253
345, 253
342, 250
341, 250
337, 246
336, 246
331, 241
331, 240
326, 235
326, 234
323, 231
323, 230
319, 226
319, 225
316, 222
316, 221
311, 216
311, 215
307, 211
307, 210
302, 205
302, 204
300, 202
300, 201
299, 200
299, 199
298, 198
298, 197
297, 196
297, 194
296, 193
296, 190
295, 189
116, 41
115, 42
112, 42
111, 43
110, 43
109, 44
108, 44
104, 48
104, 49
102, 51
102, 52
101, 53
101, 54
100, 55
100, 56
99, 57
99, 59
98, 60
98, 64
97, 65
97, 79
98, 80
98, 89
99, 90
99, 104
100, 105
100, 107
99, 108
99, 117
98, 118
98, 120
97, 121
97, 122
96, 123
96, 124
95, 125
95, 126
92, 129
90, 129
89, 130
81, 130
80, 129
77, 129
76, 128
75, 128
74, 127
72, 127
71, 126
69, 126
68, 125
66, 127
68, 129
70, 129
71, 130
72, 130
73, 131
75, 131
76, 132
79, 132
80, 133
90, 133
91, 132
93, 132
95, 130
96, 130
97, 129
97, 128
99, 126
99, 125
100, 124
100, 122
101, 121
101, 119
102, 118
102, 112
103, 111
103, 101
102, 100
102, 88
101, 87
101, 79
100, 78
100, 66
101, 65
101, 61
102, 60
102, 58
103, 57
103, 56
104, 55
104, 54
106, 52
106, 51
111, 46
112, 46
113, 45
116, 45
117, 44
120, 44
121, 45
125, 45
126, 46
129, 46
130, 47
133, 47
134, 48
135, 48
136, 49
137, 49
138, 50
140, 50
141, 51
142, 51
143, 52
145, 52
146, 53
147, 53
148, 54
149, 54
150, 55
152, 55
153, 56
154, 56
155, 57
156, 57
157, 58
159, 58
160, 59
162, 59
163, 60
165, 60
166, 61
168, 61
169, 62
171, 62
172, 63
179, 63
180, 64
189, 64
190, 63
191, 63
192, 62
194, 62
195, 61
196, 61
197, 60
196, 59
196, 58
194, 58
193, 59
191, 59
190, 60
189, 60
188, 61
181, 61
180, 60
173, 60
172, 59
170, 59
169, 58
167, 58
166, 57
164, 57
163, 56
161, 56
160, 55
159, 55
158, 54
156, 54
155, 53
154, 53
153, 52
151, 52
150, 51
149, 51
148, 50
147, 50
146, 49
144, 49
143, 48
142, 48
141, 47
140, 47
139, 46
137, 46
136, 45
135, 45
134, 44
131, 44
130, 43
127, 43
126, 42
122, 42
121, 41
32, 34
31, 35
30, 35
26, 39
26, 40
25, 41
25, 42
24, 43
24, 45
23, 46
23, 48
22, 49
22, 53
21, 54
21, 60
20, 61
20, 68
19, 69
19, 77
20, 78
20, 86
21, 87
21, 91
22, 92
22, 95
23, 96
23, 98
24, 99
24, 101
25, 102
25, 103
26, 104
26, 105
27, 106
27, 107
28, 108
28, 109
29, 110
29, 111
30, 112
30, 113
31, 114
31, 115
32, 116
32, 117
34, 119
34, 120
35, 121
35, 122
36, 123
36, 124
37, 125
37, 126
39, 128
39, 129
40, 130
40, 131
41, 132
41, 133
42, 134
42, 135
44, 137
44, 138
45, 139
45, 140
46, 141
46, 142
48, 144
48, 145
49, 146
49, 147
51, 149
51, 150
52, 151
52, 152
54, 154
54, 155
55, 156
55, 157
57, 159
57, 160
60, 163
60, 164
62, 166
62, 167
65, 170
65, 171
66, 172
66, 178
67, 179
67, 186
68, 187
68, 194
69, 195
69, 201
70, 202
70, 208
71, 209
71, 214
72, 215
72, 221
73, 222
73, 226
74, 227
74, 232
75, 233
75, 237
76, 238
76, 239
75, 240
74, 240
72, 238
72, 237
60, 225
59, 225
57, 223
56, 223
55, 222
52, 222
52, 225
53, 225
54, 226
55, 226
57, 228
58, 228
68, 238
68, 239
74, 245
74, 246
77, 249
77, 250
78, 251
78, 252
79, 253
79, 256
80, 257
80, 260
81, 261
81, 264
82, 265
82, 268
83, 269
83, 271
84, 272
84, 275
85, 276
85, 279
86, 280
86, 282
87, 283
87, 286
88, 287
88, 290
89, 291
89, 293
90, 294
90, 296
91, 297
91, 299
92, 300
92, 302
93, 303
93, 306
94, 307
94, 309
95, 310
95, 312
96, 313
96, 314
97, 315
97, 317
98, 318
98, 320
99, 321
99, 322
100, 323
100, 325
101, 326
101, 327
102, 328
102, 329
103, 330
103, 331
104, 332
104, 333
105, 334
105, 335
106, 336
106, 337
107, 338
107, 339
109, 341
109, 342
110, 343
110, 344
112, 346
112, 347
118, 353
119, 353
120, 354
126, 354
128, 352
128, 351
129, 350
129, 349
130, 348
130, 338
129, 337
129, 334
128, 333
128, 331
127, 330
127, 329
126, 328
126, 326
125, 325
125, 324
124, 323
124, 321
123, 320
123, 319
122, 318
122, 317
121, 316
121, 315
120, 314
120, 313
119, 312
119, 311
118, 310
118, 309
117, 308
117, 307
116, 306
116, 305
115, 304
115, 303
114, 302
114, 301
113, 300
113, 299
112, 298
112, 297
111, 296
111, 295
109, 293
109, 292
108, 291
108, 290
107, 289
107, 288
105, 286
105, 285
104, 284
104, 283
103, 282
103, 281
101, 279
101, 278
100, 277
100, 276
98, 274
98, 273
96, 271
96, 270
94, 268
94, 267
92, 265
92, 264
90, 262
90, 261
88, 259
88, 258
86, 256
86, 255
83, 252
83, 251
82, 250
82, 249
81, 248
81, 245
80, 244
80, 241
79, 240
79, 236
78, 235
78, 230
77, 229
77, 225
76, 224
76, 219
75, 218
75, 212
74, 211
74, 206
73, 205
73, 199
72, 198
72, 192
71, 191
71, 184
70, 183
70, 180
71, 179
73, 181
73, 182
76, 185
76, 186
79, 189
79, 190
82, 193
82, 194
87, 199
87, 200
92, 205
92, 206
105, 219
105, 220
115, 230
115, 231
123, 239
123, 240
130, 247
130, 248
144, 262
145, 262
150, 267
151, 267
154, 270
155, 270
158, 273
159, 273
164, 278
165, 278
168, 281
169, 281
172, 284
173, 284
176, 287
177, 287
179, 289
180, 289
182, 291
183, 291
185, 293
186, 293
187, 294
188, 294
189, 295
190, 295
192, 297
193, 297
194, 298
195, 298
196, 299
197, 299
198, 300
199, 300
200, 301
202, 301
203, 302
204, 302
205, 303
207, 303
208, 304
211, 304
212, 305
219, 305
220, 306
225, 306
226, 307
227, 306
230, 306
231, 305
232, 305
235, 302
235, 301
237, 299
237, 298
238, 297
238, 295
235, 295
234, 296
234, 297
232, 299
232, 300
230, 302
229, 302
228, 303
222, 303
221, 302
215, 302
214, 301
210, 301
209, 300
207, 300
206, 299
205, 299
204, 298
202, 298
201, 297
200, 297
199, 296
198, 296
197, 295
196, 295
195, 294
194, 294
193, 293
192, 293
190, 291
189, 291
188, 290
187, 290
185, 288
184, 288
182, 286
181, 286
179, 284
178, 284
175, 281
174, 281
171, 278
170, 278
166, 274
165, 274
161, 270
160, 270
157, 267
156, 267
152, 263
151, 263
146, 258
145, 258
135, 248
135, 247
127, 239
127, 238
119, 230
119, 229
110, 220
110, 219
96, 205
96, 204
90, 198
90, 197
85, 192
85, 191
82, 188
82, 187
79, 184
79, 183
76, 180
76, 179
74, 177
74, 176
71, 173
71, 172
69, 170
69, 168
68, 167
68, 160
67, 159
67, 152
66, 151
66, 143
65, 142
65, 135
64, 134
64, 128
63, 127
63, 121
62, 120
62, 114
61, 113
61, 108
60, 107
60, 102
59, 101
59, 96
58, 95
58, 91
57, 90
57, 87
56, 86
56, 83
55, 82
55, 79
54, 78
54, 75
53, 74
53, 72
52, 71
52, 68
51, 67
51, 65
50, 64
50, 62
49, 61
49, 59
48, 58
48, 56
47, 55
47, 54
46, 53
46, 51
45, 50
45, 49
44, 48
44, 46
43, 45
43, 44
42, 43
42, 42
40, 40
40, 39
38, 37
38, 36
36, 34
85, 263
86, 262
87, 263
87, 264
89, 266
89, 267
91, 269
91, 270
93, 272
93, 273
95, 275
95, 276
97, 278
97, 279
98, 280
98, 281
100, 283
100, 284
101, 285
101, 286
102, 287
102, 288
104, 290
104, 291
105, 292
105, 293
106, 294
106, 295
108, 297
108, 298
109, 299
109, 300
111, 302
111, 303
112, 304
112, 305
113, 306
113, 307
114, 308
114, 309
115, 310
115, 312
116, 313
116, 314
117, 315
117, 316
118, 317
118, 318
119, 319
119, 320
120, 321
120, 322
121, 323
121, 325
122, 326
122, 327
123, 328
123, 330
124, 331
124, 332
125, 333
125, 336
126, 337
126, 340
127, 341
127, 345
126, 346
126, 348
123, 351
122, 351
121, 350
120, 350
115, 345
115, 344
113, 342
113, 341
112, 340
112, 339
110, 337
110, 336
109, 335
109, 334
108, 333
108, 332
107, 331
107, 330
106, 329
106, 328
105, 327
105, 326
104, 325
104, 324
103, 323
103, 321
102, 320
102, 319
101, 318
101, 316
100, 315
100, 313
99, 312
99, 311
98, 310
98, 308
97, 307
97, 305
96, 304
96, 301
95, 300
95, 298
94, 297
94, 295
93, 294
93, 292
92, 291
92, 289
91, 288
91, 285
90, 284
90, 281
89, 280
89, 278
88, 277
88, 274
87, 273
87, 270
86, 269
86, 266
85, 265
32, 38
34, 38
37, 41
37, 42
39, 44
39, 45
40, 46
40, 47
41, 48
41, 50
42, 51
42, 52
43, 53
43, 55
44, 56
44, 57
45, 58
45, 60
46, 61
46, 63
47, 64
47, 66
48, 67
48, 70
49, 71
49, 73
50, 74
50, 76
51, 77
51, 80
52, 81
52, 84
53, 85
53, 88
54, 89
54, 93
55, 94
55, 98
56, 99
56, 104
57, 105
57, 110
58, 111
58, 117
59, 118
59, 123
60, 124
60, 130
61, 131
61, 138
62, 139
62, 146
63, 147
63, 154
64, 155
64, 160
63, 161
60, 158
60, 157
58, 155
58, 154
56, 152
56, 151
55, 150
55, 149
53, 147
53, 146
52, 145
52, 144
51, 143
51, 142
49, 140
49, 139
48, 138
48, 137
47, 136
47, 135
45, 133
45, 132
44, 131
44, 130
43, 129
43, 128
41, 126
41, 125
40, 124
40, 123
39, 122
39, 121
38, 120
38, 119
36, 117
36, 116
35, 115
35, 114
34, 113
34, 112
33, 111
33, 110
32, 109
32, 108
31, 107
31, 106
30, 105
30, 104
29, 103
29, 102
28, 101
28, 100
27, 99
27, 97
26, 96
26, 94
25, 93
25, 89
24, 88
24, 84
23, 83
23, 65
24, 64
24, 57
25, 56
25, 52
26, 51
26, 48
27, 47
27, 45
28, 44
28, 43
29, 42
29, 41
283, 15
282, 16
281, 16
280, 17
278, 17
277, 18
276, 18
274, 20
273, 20
269, 24
269, 25
267, 27
267, 28
266, 29
266, 31
265, 32
265, 36
266, 37
266, 40
270, 44
272, 44
273, 43
273, 40
270, 37
270, 32
271, 31
271, 30
273, 28
273, 27
276, 24
277, 24
279, 22
280, 22
281, 21
283, 21
284, 20
286, 20
287, 19
292, 19
293, 20
296, 20
297, 21
299, 21
300, 22
302, 22
303, 23
304, 23
306, 25
307, 25
312, 30
312, 31
315, 34
315, 35
316, 36
316, 37
317, 38
317, 39
318, 40
318, 41
319, 42
319, 43
320, 44
320, 46
321, 47
321, 49
322, 50
322, 52
323, 53
323, 56
324, 57
324, 59
325, 60
325, 64
326, 65
326, 68
327, 69
327, 73
328, 74
328, 79
329, 80
329, 88
330, 89
330, 98
331, 99
331, 108
332, 109
332, 115
333, 116
333, 122
334, 123
334, 128
335, 129
335, 134
336, 135
336, 140
337, 141
337, 146
338, 147
338, 153
339, 154
339, 163
340, 164
340, 177
341, 178
341, 188
342, 189
342, 194
343, 195
343, 197
344, 198
344, 199
346, 201
347, 201
348, 200
349, 200
349, 197
348, 196
348, 195
347, 194
347, 191
346, 190
346, 181
345, 180
345, 166
344, 165
344, 156
343, 155
343, 148
342, 147
342, 142
341, 141
341, 136
340, 135
340, 130
339, 129
339, 124
338, 123
338, 117
337, 116
337, 111
336, 110
336, 101
335, 100
335, 92
334, 91
334, 82
333, 81
333, 74
332, 73
332, 70
331, 69
331, 65
330, 64
330, 61
329, 60
329, 57
328, 56
328, 53
327, 52
327, 50
326, 49
326, 47
325, 46
325, 44
324, 43
324, 41
323, 40
323, 39
322, 38
322, 37
321, 36
321, 35
320, 34
320, 33
319, 32
319, 31
316, 28
316, 27
310, 21
309, 21
308, 20
307, 20
306, 19
305, 19
304, 18
303, 18
302, 17
301, 17
300, 16
297, 16
296, 15
