4, 62
2, 64
0, 64
0, 66
2, 66
4, 68
4, 138
2, 140
0, 140
0, 142
2, 142
4, 144
4, 214
2, 216
0, 216
0, 218
2, 218
4, 220
4, 290
2, 292
0, 292
0, 294
2, 294
4, 296
4, 367
2, 369
0, 369
8, 2
428, 4
426, 369
6, 367
23, 299
21, 301
21, 303
22, 304
22, 307
23, 308
23, 309
25, 311
25, 312
26, 313
26, 314
30, 318
30, 319
39, 328
40, 328
45, 333
46, 333
48, 335
49, 335
52, 338
53, 338
55, 340
56, 340
57, 341
58, 341
60, 343
61, 343
62, 344
63, 344
64, 345
65, 345
66, 346
67, 346
68, 347
69, 347
70, 348
71, 348
72, 349
74, 349
75, 350
76, 350
77, 351
79, 351
80, 352
82, 352
83, 353
86, 353
87, 354
92, 354
93, 355
119, 355
120, 354
122, 354
123, 353
126, 353
127, 352
129, 352
130, 351
131, 351
132, 350
132, 348
130, 346
129, 346
128, 347
125, 347
124, 348
122, 348
121, 349
118, 349
117, 350
95, 350
94, 349
88, 349
87, 348
85, 348
84, 347
82, 347
81, 346
79, 346
78, 345
76, 345
75, 344
74, 344
73, 343
72, 343
71, 342
70, 342
69, 341
68, 341
67, 340
66, 340
65, 339
64, 339
63, 338
62, 338
60, 336
59, 336
58, 335
57, 335
54, 332
53, 332
50, 329
49, 329
46, 326
45, 326
32, 313
32, 312
30, 310
30, 309
28, 307
28, 306
27, 305
27, 302
26, 301
26, 300
25, 299
81, 116
80, 117
80, 126
79, 127
79, 140
78, 141
78, 218
79, 219
79, 245
80, 246
80, 259
81, 260
81, 269
82, 270
82, 275
83, 276
83, 277
86, 277
86, 270
85, 269
85, 261
84, 260
84, 248
83, 247
83, 224
82, 223
82, 139
83, 138
83, 126
84, 125
84, 116
36, 96
35, 97
35, 110
36, 111
36, 119
37, 120
37, 129
38, 130
38, 137
39, 138
39, 145
40, 146
40, 154
41, 155
41, 163
42, 164
42, 172
43, 173
43, 181
44, 182
44, 191
45, 192
45, 201
46, 202
46, 212
47, 213
47, 223
48, 224
48, 234
49, 235
49, 247
50, 248
50, 261
51, 262
51, 276
52, 277
52, 293
53, 294
53, 328
56, 328
56, 326
57, 325
57, 298
56, 297
56, 280
55, 279
55, 264
54, 263
54, 250
53, 249
53, 238
52, 237
52, 226
51, 225
51, 215
50, 214
50, 204
49, 203
49, 194
48, 193
48, 184
47, 183
47, 174
46, 173
46, 165
45, 164
45, 156
44, 155
44, 148
43, 147
43, 139
42, 138
42, 131
41, 130
41, 122
40, 121
40, 112
39, 111
39, 98
37, 96
101, 16
99, 18
99, 21
98, 22
98, 29
99, 30
99, 37
100, 38
100, 43
101, 44
101, 48
102, 49
102, 52
103, 53
103, 56
104, 57
104, 59
105, 60
105, 62
106, 63
106, 66
107, 67
107, 69
108, 70
108, 72
109, 73
109, 75
110, 76
110, 78
111, 79
111, 81
112, 82
112, 84
113, 85
113, 87
114, 88
114, 90
115, 91
115, 93
116, 94
116, 95
117, 96
117, 98
118, 99
118, 101
119, 102
119, 104
120, 105
120, 107
121, 108
121, 109
122, 110
122, 112
123, 113
123, 115
124, 116
124, 120
126, 122
126, 124
127, 125
127, 127
128, 128
128, 130
129, 131
129, 133
130, 134
130, 136
131, 137
131, 139
132, 140
132, 142
133, 143
133, 144
134, 145
134, 147
135, 148
135, 150
138, 150
138, 120
139, 119
139, 107
140, 106
140, 100
141, 99
141, 96
142, 95
142, 93
145, 90
147, 90
149, 92
150, 92
151, 93
151, 94
154, 97
154, 98
155, 99
155, 100
157, 102
157, 103
158, 104
158, 105
159, 106
159, 107
160, 108
160, 109
161, 110
161, 111
162, 112
162, 113
163, 114
163, 115
164, 116
164, 118
165, 119
165, 120
166, 121
166, 122
167, 123
167, 125
168, 126
168, 127
169, 128
169, 129
170, 130
170, 131
171, 132
171, 134
172, 135
172, 136
173, 137
173, 138
174, 139
174, 140
175, 141
178, 141
178, 138
179, 137
179, 133
178, 132
178, 118
177, 117
177, 105
176, 104
176, 88
175, 87
175, 83
176, 82
176, 77
177, 76
179, 78
179, 79
180, 80
180, 81
181, 82
181, 84
182, 85
182, 87
183, 88
183, 89
184, 90
184, 92
185, 93
185, 95
186, 96
186, 98
187, 99
187, 100
188, 101
188, 103
189, 104
189, 106
190, 107
190, 108
191, 109
191, 111
192, 112
192, 113
193, 114
193, 115
194, 116
194, 118
195, 119
195, 120
196, 121
196, 122
197, 123
197, 124
198, 125
198, 126
200, 128
202, 128
203, 127
203, 124
204, 123
204, 106
205, 105
205, 102
206, 101
206, 99
211, 94
214, 94
215, 95
216, 95
219, 98
220, 98
222, 100
222, 101
228, 107
228, 108
230, 110
230, 111
232, 113
232, 114
233, 115
233, 116
235, 118
235, 119
236, 120
236, 121
238, 123
238, 124
239, 125
239, 126
240, 127
240, 128
241, 129
241, 136
242, 137
242, 145
243, 146
243, 153
244, 154
244, 160
245, 161
245, 166
246, 167
246, 172
247, 173
247, 177
248, 178
248, 181
249, 182
249, 186
250, 187
250, 190
251, 191
251, 194
252, 195
252, 197
253, 198
253, 201
254, 202
254, 204
255, 205
255, 207
256, 208
256, 210
257, 211
257, 213
258, 214
258, 215
259, 216
259, 218
260, 219
260, 220
261, 221
261, 222
262, 223
262, 224
263, 225
263, 226
264, 227
264, 228
268, 232
271, 232
272, 231
272, 229
273, 228
273, 224
272, 223
272, 214
271, 213
271, 207
270, 206
270, 202
269, 201
269, 197
268, 196
268, 193
267, 192
267, 189
266, 188
266, 186
265, 185
265, 182
264, 181
264, 179
263, 178
263, 175
262, 174
262, 172
261, 171
261, 169
260, 168
260, 166
259, 165
259, 163
258, 162
258, 161
257, 160
257, 158
256, 157
256, 155
255, 154
255, 153
254, 152
254, 150
253, 149
253, 147
252, 146
252, 145
251, 144
251, 143
250, 142
250, 140
249, 139
249, 138
248, 137
248, 136
247, 135
247, 134
246, 133
246, 132
245, 131
245, 130
244, 129
244, 122
243, 121
243, 96
244, 95
245, 95
246, 96
246, 97
248, 99
249, 99
250, 100
252, 100
253, 99
254, 99
257, 96
257, 95
258, 94
258, 93
259, 92
259, 90
260, 89
260, 85
261, 84
261, 81
262, 80
263, 80
271, 88
271, 89
274, 92
274, 93
276, 95
276, 96
278, 98
278, 99
279, 100
279, 103
280, 104
280, 107
281, 108
281, 111
282, 112
282, 115
283, 116
283, 119
284, 120
284, 122
285, 123
285, 125
286, 126
286, 128
287, 129
287, 131
288, 132
288, 133
289, 134
289, 136
290, 137
290, 138
291, 139
291, 140
292, 141
292, 142
293, 143
293, 144
295, 146
295, 147
302, 154
306, 154
307, 153
307, 148
306, 147
306, 145
305, 144
305, 142
304, 141
304, 140
303, 139
303, 138
302, 137
302, 136
301, 135
301, 134
300, 133
300, 131
299, 130
299, 129
298, 128
298, 127
297, 126
297, 125
296, 124
296, 123
295, 122
295, 121
294, 120
294, 119
293, 118
293, 117
291, 115
291, 114
290, 113
290, 112
289, 111
289, 110
288, 109
288, 108
286, 106
286, 105
285, 104
285, 103
283, 101
283, 100
282, 99
282, 98
281, 97
281, 93
280, 92
280, 88
279, 87
279, 80
278, 79
278, 56
279, 55
279, 51
280, 50
280, 48
281, 47
281, 46
282, 45
282, 44
285, 41
286, 41
287, 40
289, 40
290, 39
296, 39
297, 40
299, 40
300, 41
302, 41
303, 42
304, 42
305, 43
306, 43
308, 45
309, 45
311, 47
312, 47
314, 49
315, 49
316, 50
320, 50
324, 46
325, 47
326, 47
330, 51
330, 52
332, 54
332, 55
333, 56
333, 57
334, 58
334, 59
335, 60
335, 61
336, 62
336, 63
337, 64
337, 65
338, 66
338, 68
339, 69
339, 70
340, 71
340, 73
341, 74
341, 75
342, 76
342, 78
343, 79
343, 81
344, 82
344, 84
345, 85
345, 87
346, 88
346, 90
347, 91
347, 94
348, 95
348, 97
349, 98
349, 101
350, 102
350, 105
351, 106
351, 109
352, 110
352, 114
353, 115
352, 116
352, 123
353, 124
353, 129
354, 130
354, 133
355, 134
355, 137
356, 138
356, 139
357, 140
359, 140
360, 139
360, 137
359, 136
359, 130
358, 129
358, 124
357, 123
357, 119
356, 118
356, 115
357, 114
359, 114
364, 119
364, 120
366, 122
366, 123
368, 125
368, 126
370, 128
370, 129
371, 130
371, 131
372, 132
372, 133
374, 135
374, 136
376, 138
376, 139
378, 141
378, 142
379, 142
380, 143
382, 141
382, 130
381, 129
381, 112
384, 109
385, 109
386, 110
388, 110
389, 111
391, 111
392, 112
394, 112
395, 113
396, 113
397, 114
399, 114
400, 115
403, 115
404, 116
409, 116
410, 115
410, 113
405, 113
404, 112
401, 112
400, 111
398, 111
397, 110
396, 110
395, 109
393, 109
392, 108
390, 108
389, 107
387, 107
386, 106
383, 106
382, 107
381, 107
379, 109
379, 110
378, 111
378, 130
379, 131
379, 134
378, 135
376, 133
376, 132
374, 130
374, 129
373, 128
373, 127
371, 125
371, 124
370, 123
370, 122
368, 120
368, 119
365, 116
365, 115
363, 113
362, 113
360, 111
356, 111
355, 110
355, 109
354, 108
354, 105
353, 104
353, 101
352, 100
352, 97
351, 96
351, 94
350, 93
350, 91
349, 90
349, 87
348, 86
348, 84
347, 83
347, 81
346, 80
346, 78
345, 77
345, 76
344, 75
344, 73
343, 72
343, 70
342, 69
342, 68
341, 67
341, 65
340, 64
340, 63
339, 62
339, 61
338, 60
338, 59
337, 58
337, 57
336, 56
336, 55
335, 54
335, 53
333, 51
333, 50
327, 44
326, 44
325, 43
322, 43
318, 47
317, 47
316, 46
315, 46
313, 44
312, 44
310, 42
309, 42
307, 40
306, 40
305, 39
304, 39
303, 38
301, 38
300, 37
298, 37
297, 36
289, 36
288, 37
286, 37
285, 38
284, 38
279, 43
279, 44
278, 45
278, 46
277, 47
277, 49
276, 50
276, 54
275, 55
275, 80
276, 81
276, 87
275, 88
272, 85
272, 84
262, 74
262, 60
261, 59
261, 55
260, 54
260, 51
258, 49
258, 48
257, 48
256, 47
253, 47
249, 51
249, 52
248, 53
248, 54
247, 55
247, 57
246, 58
246, 59
245, 60
245, 63
244, 64
244, 67
243, 68
243, 71
242, 72
242, 78
241, 79
241, 88
240, 89
240, 118
239, 119
238, 118
238, 117
237, 116
237, 115
235, 113
235, 112
233, 110
233, 109
231, 107
231, 106
228, 103
228, 102
219, 93
218, 93
217, 92
216, 92
215, 91
210, 91
209, 92
208, 92
205, 95
205, 96
203, 98
203, 100
202, 101
202, 105
201, 106
201, 120
200, 121
198, 119
198, 118
197, 117
197, 116
196, 115
196, 113
195, 112
195, 111
194, 110
194, 108
193, 107
193, 106
192, 105
192, 103
191, 102
191, 101
190, 100
190, 98
189, 97
189, 95
188, 94
188, 92
187, 91
187, 90
186, 89
186, 87
185, 86
185, 84
184, 83
184, 82
183, 81
183, 79
182, 78
182, 77
181, 76
181, 75
178, 72
177, 72
176, 71
175, 71
173, 73
173, 78
172, 79
172, 88
173, 89
173, 104
174, 105
174, 118
175, 119
175, 130
174, 131
173, 130
173, 129
172, 128
172, 127
171, 126
171, 125
170, 124
170, 122
169, 121
169, 120
168, 119
168, 118
167, 117
167, 115
166, 114
166, 113
165, 112
165, 111
164, 110
164, 109
163, 108
163, 107
162, 106
162, 105
161, 104
161, 103
160, 102
160, 101
159, 100
159, 99
157, 97
157, 96
155, 94
155, 93
150, 88
149, 88
148, 87
143, 87
140, 90
140, 92
139, 93
139, 94
138, 95
138, 99
137, 100
137, 106
136, 107
136, 118
135, 119
135, 134
134, 135
133, 134
133, 133
132, 132
132, 130
131, 129
131, 127
130, 126
130, 124
129, 123
129, 121
128, 120
128, 118
127, 117
127, 113
126, 112
126, 103
125, 102
125, 95
124, 94
124, 88
123, 87
123, 81
122, 80
122, 75
121, 74
121, 69
120, 68
120, 64
119, 63
119, 60
118, 59
118, 55
117, 54
117, 51
116, 50
116, 47
115, 46
115, 43
114, 42
114, 39
113, 38
113, 36
112, 35
112, 33
111, 32
111, 30
110, 29
110, 27
109, 26
109, 25
108, 24
108, 22
106, 20
106, 19
105, 18
105, 17
104, 16
245, 142
246, 141
247, 142
247, 143
248, 144
248, 145
249, 146
249, 147
250, 148
250, 150
251, 151
251, 152
252, 153
252, 155
253, 156
253, 158
254, 159
254, 160
255, 161
255, 163
256, 164
256, 166
257, 167
257, 169
258, 170
258, 172
259, 173
259, 175
260, 176
260, 178
261, 179
261, 182
262, 183
262, 185
263, 186
263, 189
264, 190
264, 193
265, 194
265, 197
266, 198
266, 202
267, 203
267, 207
268, 208
268, 213
269, 214
269, 224
270, 225
270, 226
269, 227
268, 227
266, 225
266, 224
265, 223
265, 222
264, 221
264, 220
263, 219
263, 218
262, 217
262, 215
261, 214
261, 213
260, 212
260, 210
259, 209
259, 207
258, 206
258, 204
257, 203
257, 201
256, 200
256, 198
255, 197
255, 194
254, 193
254, 190
253, 189
253, 186
252, 185
252, 182
251, 181
251, 177
250, 176
250, 172
249, 171
249, 167
248, 166
248, 161
247, 160
247, 154
246, 153
246, 146
245, 145
288, 115
288, 116
289, 117
289, 118
291, 120
291, 121
292, 122
292, 123
293, 124
293, 125
294, 126
294, 127
295, 128
295, 129
296, 130
296, 131
297, 132
297, 133
298, 134
298, 136
299, 137
299, 138
300, 139
300, 140
301, 141
301, 142
302, 143
302, 145
303, 146
303, 148
304, 149
303, 150
302, 150
299, 147
299, 146
296, 143
296, 142
295, 141
295, 140
294, 139
294, 138
293, 137
293, 136
292, 135
292, 134
291, 133
291, 131
290, 130
290, 128
289, 127
289, 125
288, 124
288, 122
287, 121
287, 119
286, 118
250, 76
251, 75
256, 75
258, 77
258, 84
257, 85
257, 88
256, 89
256, 91
255, 92
255, 93
254, 94
254, 95
253, 96
252, 96
251, 97
248, 94
248, 93
247, 92
247, 91
246, 90
246, 80
247, 79
247, 78
249, 76
255, 50
257, 52
257, 54
258, 55
258, 60
259, 61
259, 71
258, 72
249, 72
247, 74
246, 73
246, 68
247, 67
247, 64
248, 63
248, 61
249, 60
249, 58
250, 57
250, 56
251, 55
251, 54
101, 22
102, 21
103, 21
104, 22
104, 23
105, 24
105, 25
106, 26
106, 27
107, 28
107, 30
108, 31
108, 33
109, 34
109, 36
110, 37
110, 39
111, 40
111, 43
112, 44
112, 47
113, 48
113, 50
114, 51
114, 55
115, 56
115, 59
116, 60
116, 64
117, 65
117, 69
118, 70
118, 74
119, 75
119, 80
120, 81
120, 87
121, 88
121, 94
120, 95
119, 94
119, 93
118, 92
118, 90
117, 89
117, 87
116, 86
116, 84
115, 83
115, 81
114, 80
114, 78
113, 77
113, 75
112, 74
112, 72
111, 71
111, 69
110, 68
110, 66
109, 65
109, 63
108, 62
108, 59
107, 58
107, 56
106, 55
106, 52
105, 51
105, 48
104, 47
104, 43
103, 42
103, 37
102, 36
102, 29
101, 28
