312, 2
314, 367
4, 369
2, 4
215, 194
212, 197
212, 198
210, 200
210, 201
209, 202
209, 203
208, 204
208, 205
207, 206
207, 207
206, 208
206, 209
205, 210
205, 211
204, 212
204, 214
203, 215
203, 216
202, 217
202, 219
201, 220
201, 222
200, 223
200, 226
199, 227
199, 230
198, 231
198, 235
197, 236
197, 246
198, 247
198, 250
199, 251
199, 252
201, 254
201, 255
202, 255
204, 257
211, 257
212, 256
213, 256
215, 254
216, 254
219, 251
219, 250
221, 248
221, 247
223, 245
223, 244
224, 243
224, 242
225, 241
225, 240
226, 239
226, 238
227, 237
227, 236
228, 235
228, 233
229, 232
229, 230
230, 229
230, 228
231, 227
232, 228
232, 231
233, 232
233, 236
234, 237
234, 239
235, 240
235, 241
236, 242
236, 243
237, 244
238, 244
239, 245
241, 245
242, 244
243, 244
244, 243
245, 243
251, 237
251, 236
253, 234
254, 234
255, 235
255, 236
254, 237
254, 244
256, 246
258, 246
259, 245
260, 245
263, 242
264, 242
265, 241
265, 240
270, 235
271, 236
271, 242
273, 244
276, 244
277, 243
278, 243
279, 242
280, 242
283, 239
284, 239
292, 231
293, 232
293, 233
292, 234
292, 238
291, 239
291, 242
292, 243
292, 245
293, 246
294, 246
295, 245
295, 244
294, 243
294, 238
295, 237
295, 234
296, 233
296, 231
297, 230
297, 229
298, 228
298, 227
299, 226
299, 225
300, 224
300, 223
301, 222
301, 219
299, 219
294, 224
294, 225
283, 236
282, 236
278, 240
277, 240
276, 241
275, 241
274, 240
274, 234
275, 233
275, 229
276, 228
276, 222
274, 222
273, 223
273, 224
272, 225
272, 226
271, 227
271, 228
269, 230
269, 231
267, 233
267, 234
259, 242
258, 242
257, 241
257, 235
258, 234
258, 229
257, 228
254, 228
253, 229
253, 230
248, 235
248, 236
243, 241
242, 241
241, 242
240, 242
237, 239
237, 238
236, 237
236, 233
235, 232
235, 209
236, 208
236, 200
234, 200
233, 201
233, 206
232, 207
232, 211
231, 212
231, 216
230, 217
230, 220
229, 221
229, 223
228, 224
228, 227
227, 228
227, 229
226, 230
226, 232
225, 233
225, 235
224, 236
224, 237
223, 238
223, 239
222, 240
222, 241
221, 242
221, 243
219, 245
219, 246
216, 249
216, 250
215, 251
214, 251
211, 254
205, 254
201, 250
201, 248
200, 247
200, 239
203, 236
203, 234
204, 233
204, 232
205, 231
205, 230
206, 229
206, 228
207, 227
207, 226
208, 225
208, 224
209, 223
209, 221
210, 220
210, 219
211, 218
211, 217
212, 216
212, 215
213, 214
213, 212
214, 211
214, 209
215, 208
215, 207
216, 206
216, 204
217, 203
217, 201
218, 200
218, 197
219, 196
219, 195
218, 194
205, 223
203, 224
211, 204
212, 203
213, 204
213, 206
212, 207
212, 209
211, 210
211, 211
210, 212
210, 214
209, 215
209, 216
208, 217
208, 218
207, 219
207, 220
206, 221
206, 222
205, 223
204, 220
205, 219
205, 217
206, 216
206, 215
207, 214
207, 213
208, 212
208, 210
209, 209
209, 208
210, 207
210, 206
211, 205
203, 92
200, 95
200, 96
198, 98
198, 99
197, 100
197, 101
196, 102
196, 103
195, 104
195, 105
194, 106
194, 108
193, 109
193, 110
192, 111
192, 113
191, 114
191, 116
190, 117
190, 118
189, 119
189, 121
188, 122
188, 124
187, 125
187, 127
186, 128
186, 130
185, 131
185, 133
184, 134
184, 136
183, 137
183, 140
182, 141
182, 144
181, 145
181, 147
180, 148
180, 151
179, 152
179, 156
178, 157
178, 160
177, 161
177, 165
176, 166
176, 170
175, 171
175, 176
174, 177
174, 182
173, 183
173, 188
172, 189
172, 196
171, 197
171, 206
170, 207
170, 220
169, 221
169, 224
166, 227
165, 227
163, 229
163, 233
164, 234
164, 235
163, 236
163, 237
162, 238
162, 239
161, 240
161, 241
160, 242
160, 243
158, 245
158, 246
155, 249
154, 249
153, 248
153, 247
152, 246
152, 227
153, 226
153, 220
154, 219
154, 215
155, 214
155, 211
156, 210
156, 207
157, 206
157, 203
158, 202
158, 200
159, 199
159, 196
160, 195
160, 193
161, 192
161, 188
158, 188
158, 189
157, 190
157, 192
156, 193
156, 195
155, 196
155, 198
154, 199
154, 202
153, 203
153, 205
152, 206
152, 209
151, 210
151, 212
150, 213
150, 216
149, 217
149, 219
148, 220
148, 222
147, 223
147, 225
146, 226
146, 228
145, 229
145, 231
144, 232
144, 234
143, 235
143, 237
142, 238
142, 239
141, 240
141, 242
140, 243
140, 244
139, 245
139, 246
138, 247
138, 248
137, 249
137, 250
133, 254
132, 254
131, 253
131, 252
130, 251
130, 247
129, 246
129, 229
130, 228
130, 220
131, 219
131, 214
132, 213
132, 207
133, 206
133, 198
130, 198
130, 200
129, 201
129, 204
128, 205
128, 208
127, 209
127, 212
126, 213
126, 216
125, 217
125, 220
124, 221
124, 223
123, 224
123, 227
122, 228
122, 231
121, 232
121, 234
120, 235
120, 238
119, 239
119, 241
118, 242
118, 244
117, 245
117, 246
116, 247
116, 249
115, 250
115, 251
114, 252
114, 253
113, 254
113, 255
112, 256
112, 257
110, 259
110, 260
109, 261
108, 261
107, 260
107, 258
106, 257
106, 214
107, 213
107, 203
108, 202
108, 193
109, 192
109, 181
108, 180
108, 179
106, 179
104, 181
104, 182
103, 183
103, 184
102, 185
102, 186
101, 187
100, 186
100, 184
101, 183
101, 180
102, 179
102, 176
103, 175
103, 171
104, 170
104, 164
105, 163
105, 156
106, 155
106, 146
103, 146
101, 148
101, 149
100, 150
100, 152
99, 153
99, 155
98, 156
98, 158
97, 159
97, 162
96, 163
96, 166
95, 167
95, 171
94, 172
94, 176
93, 177
93, 182
92, 183
92, 188
91, 189
91, 194
90, 195
90, 202
89, 203
89, 207
88, 208
88, 209
87, 210
87, 212
86, 213
86, 214
85, 215
85, 216
84, 217
84, 218
83, 219
83, 221
82, 222
82, 223
81, 224
81, 225
80, 226
80, 227
79, 228
79, 229
78, 230
78, 231
77, 232
77, 234
76, 235
76, 237
77, 238
78, 238
80, 236
80, 235
81, 234
81, 233
82, 232
82, 230
83, 229
83, 228
84, 227
84, 226
86, 224
87, 225
87, 226
86, 227
86, 235
85, 236
85, 246
84, 247
84, 256
83, 257
83, 266
82, 267
82, 276
81, 277
81, 285
80, 286
80, 294
79, 295
79, 302
78, 303
78, 311
77, 312
77, 320
76, 321
76, 329
75, 330
75, 342
74, 343
74, 353
75, 354
77, 354
78, 353
78, 348
79, 347
79, 338
80, 337
80, 328
81, 327
81, 317
82, 316
82, 305
83, 304
83, 294
84, 293
84, 284
85, 283
85, 276
86, 275
86, 269
87, 268
87, 262
88, 261
88, 255
89, 254
89, 249
90, 248
90, 243
91, 242
91, 238
92, 237
92, 232
93, 231
93, 228
94, 227
94, 223
95, 222
95, 219
96, 218
96, 215
97, 214
97, 211
98, 210
98, 208
99, 207
99, 204
100, 203
100, 201
101, 200
101, 198
102, 197
102, 195
103, 194
103, 193
104, 192
105, 193
105, 196
104, 197
104, 207
103, 208
103, 221
102, 222
102, 253
103, 254
103, 260
104, 261
104, 263
106, 265
110, 265
114, 261
114, 260
115, 259
115, 258
116, 257
116, 256
117, 255
117, 254
118, 253
118, 252
119, 251
119, 250
120, 249
120, 247
121, 246
121, 244
122, 243
122, 241
123, 240
123, 238
124, 237
125, 238
125, 241
126, 242
126, 250
127, 251
127, 254
128, 255
128, 256
129, 257
129, 258
130, 258
131, 259
133, 259
134, 258
135, 258
138, 255
138, 254
140, 252
140, 251
141, 250
141, 249
142, 248
142, 247
143, 246
143, 245
144, 244
144, 242
145, 241
145, 240
146, 239
146, 238
147, 237
148, 238
148, 243
149, 244
149, 249
150, 250
150, 251
153, 254
155, 254
156, 253
157, 253
159, 251
159, 250
162, 247
162, 246
163, 245
163, 244
164, 243
164, 242
165, 241
165, 240
166, 239
166, 238
168, 236
169, 237
169, 250
170, 251
170, 258
171, 259
171, 263
172, 264
172, 266
176, 270
178, 270
179, 269
180, 269
182, 267
182, 266
183, 265
183, 264
184, 263
184, 259
185, 258
185, 249
184, 248
184, 244
183, 243
183, 241
182, 240
182, 239
181, 238
181, 237
180, 236
180, 235
179, 234
179, 233
173, 227
173, 223
174, 222
174, 220
175, 219
175, 217
176, 216
176, 215
177, 214
177, 212
178, 211
178, 209
179, 208
179, 206
180, 205
180, 203
181, 202
181, 200
182, 199
182, 197
183, 196
183, 194
184, 193
184, 191
185, 190
185, 187
186, 186
186, 184
187, 183
187, 181
188, 180
188, 177
189, 176
189, 174
190, 173
190, 171
191, 170
191, 167
192, 166
192, 164
193, 163
193, 160
194, 159
194, 157
195, 156
195, 153
196, 152
196, 149
197, 148
197, 146
198, 145
198, 142
199, 141
199, 138
200, 137
200, 134
201, 133
201, 130
202, 129
202, 126
203, 125
203, 121
204, 120
204, 116
205, 115
205, 111
206, 110
206, 105
207, 104
207, 92
173, 234
174, 233
176, 235
176, 236
177, 237
177, 238
178, 239
178, 240
179, 241
179, 243
180, 244
180, 246
181, 247
181, 260
180, 261
180, 263
177, 266
176, 265
176, 264
175, 263
175, 261
174, 260
174, 255
173, 254
92, 208
94, 210
93, 205
95, 207
96, 203
201, 100
202, 99
203, 99
204, 100
203, 101
203, 107
202, 108
202, 112
201, 113
201, 117
200, 118
200, 122
199, 123
199, 126
198, 127
198, 130
197, 131
197, 134
196, 135
196, 138
195, 139
195, 142
194, 143
194, 146
193, 147
193, 150
192, 151
192, 153
191, 154
191, 157
190, 158
190, 160
189, 161
189, 164
188, 165
188, 167
187, 168
187, 171
186, 172
186, 174
185, 175
185, 177
184, 178
184, 181
183, 182
183, 184
182, 185
182, 187
181, 188
181, 191
180, 192
180, 194
179, 195
179, 197
178, 198
178, 200
177, 201
177, 203
176, 204
176, 205
175, 206
174, 205
174, 202
175, 201
175, 194
176, 193
176, 186
177, 185
177, 180
178, 179
178, 174
179, 173
179, 169
180, 168
180, 164
181, 163
181, 159
182, 158
182, 155
183, 154
183, 151
184, 150
184, 147
185, 146
185, 143
186, 142
186, 140
187, 139
187, 137
188, 136
188, 133
189, 132
189, 130
190, 129
190, 127
191, 126
191, 124
192, 123
192, 122
193, 121
193, 119
194, 118
194, 116
195, 115
195, 114
196, 113
196, 111
197, 110
197, 109
198, 108
198, 106
199, 105
199, 104
200, 103
200, 102
201, 101
74, 89
73, 90
73, 92
72, 93
72, 95
71, 96
71, 100
70, 101
70, 104
69, 105
69, 109
68, 110
68, 113
67, 114
67, 118
66, 119
66, 123
65, 124
65, 127
64, 128
64, 132
63, 133
63, 138
62, 139
62, 143
61, 144
61, 148
60, 149
60, 154
59, 155
59, 159
58, 160
58, 165
57, 166
57, 170
56, 171
56, 176
55, 177
55, 182
54, 183
54, 188
53, 189
53, 195
52, 196
52, 202
51, 203
51, 209
50, 210
50, 219
49, 220
49, 246
50, 247
50, 252
51, 253
51, 255
52, 256
52, 257
53, 258
55, 258
56, 257
56, 255
55, 254
55, 251
54, 250
54, 246
53, 245
53, 223
54, 222
54, 212
55, 211
55, 204
56, 203
56, 197
57, 196
57, 191
58, 190
58, 184
59, 183
59, 178
60, 177
60, 173
61, 172
61, 167
62, 166
62, 161
63, 160
63, 156
64, 155
64, 151
65, 150
65, 145
66, 144
66, 140
67, 139
67, 135
68, 134
68, 129
69, 128
69, 125
70, 124
70, 120
71, 119
71, 116
72, 115
72, 111
73, 110
73, 106
74, 105
74, 102
75, 101
75, 98
76, 97
76, 94
77, 93
77, 90
76, 89
124, 15
123, 16
116, 16
115, 17
113, 17
112, 18
109, 18
108, 19
107, 19
106, 20
104, 20
103, 21
102, 21
101, 22
99, 22
98, 23
96, 23
95, 24
94, 24
93, 25
92, 25
91, 26
89, 26
88, 27
87, 27
86, 28
85, 28
84, 29
82, 29
81, 30
80, 30
79, 31
78, 31
77, 32
75, 32
74, 33
73, 33
72, 34
70, 34
69, 35
68, 35
67, 36
65, 36
64, 37
62, 37
61, 36
62, 35
62, 31
63, 30
63, 27
62, 26
61, 26
60, 27
60, 28
59, 29
59, 34
58, 35
58, 38
56, 40
55, 40
54, 41
53, 41
52, 42
50, 42
49, 43
48, 43
47, 44
45, 44
44, 45
43, 45
42, 46
40, 46
39, 47
38, 47
37, 48
35, 48
34, 49
33, 49
32, 50
31, 50
30, 51
29, 51
28, 52
27, 52
26, 53
25, 53
24, 54
22, 54
21, 55
20, 55
18, 57
17, 57
15, 59
14, 59
14, 60
13, 61
14, 62
17, 62
19, 60
20, 60
22, 58
23, 58
24, 57
25, 57
26, 56
27, 56
28, 55
29, 55
30, 54
31, 54
32, 53
34, 53
35, 52
36, 52
37, 51
39, 51
40, 50
41, 50
42, 49
43, 49
44, 48
46, 48
47, 47
48, 47
49, 46
51, 46
52, 45
53, 45
54, 44
56, 44
57, 45
57, 47
56, 48
56, 55
55, 56
55, 63
54, 64
54, 70
53, 71
53, 78
52, 79
52, 86
51, 87
51, 94
50, 95
50, 102
49, 103
49, 109
48, 110
48, 117
47, 118
47, 125
46, 126
46, 132
45, 133
45, 139
44, 140
44, 146
43, 147
43, 153
42, 154
42, 160
41, 161
41, 167
40, 168
40, 173
39, 174
39, 179
38, 180
38, 185
37, 186
37, 191
36, 192
36, 197
35, 198
35, 203
34, 204
34, 208
33, 209
33, 214
32, 215
32, 219
31, 220
31, 224
30, 225
30, 229
29, 230
29, 234
28, 235
28, 239
27, 240
27, 244
26, 245
26, 248
25, 249
25, 253
24, 254
24, 258
23, 259
23, 263
22, 264
22, 267
21, 268
21, 272
20, 273
20, 277
19, 278
19, 285
20, 286
22, 284
22, 279
23, 278
23, 274
24, 273
24, 269
25, 268
25, 265
26, 264
26, 260
27, 259
27, 255
28, 254
28, 251
29, 250
29, 246
30, 245
30, 241
31, 240
31, 236
32, 235
32, 231
33, 230
33, 226
34, 225
34, 221
35, 220
35, 216
36, 215
36, 210
37, 209
37, 205
38, 204
38, 199
39, 198
39, 193
40, 192
40, 188
41, 187
41, 182
42, 181
42, 175
43, 174
43, 169
44, 168
44, 162
45, 161
45, 155
46, 154
46, 148
47, 147
47, 141
48, 140
48, 134
49, 133
49, 127
50, 126
50, 120
51, 119
51, 112
52, 111
52, 104
53, 103
53, 96
54, 95
54, 88
55, 87
55, 80
56, 79
56, 73
57, 72
57, 65
58, 64
58, 57
59, 56
59, 50
60, 49
60, 43
62, 41
64, 41
65, 40
66, 40
67, 39
69, 39
70, 38
71, 38
72, 37
74, 37
75, 36
76, 36
77, 35
78, 35
79, 34
81, 34
82, 33
83, 33
84, 32
85, 32
86, 31
88, 31
89, 30
90, 30
91, 29
92, 29
93, 28
95, 28
96, 27
97, 27
98, 26
100, 26
101, 25
102, 25
103, 24
105, 24
106, 23
107, 23
108, 22
110, 22
111, 21
114, 21
115, 20
117, 20
118, 19
125, 19
126, 18
126, 16
125, 15
