314, 2
316, 367
4, 369
2, 4
244, 177
243, 178
242, 178
238, 182
238, 183
237, 184
237, 185
235, 187
235, 189
234, 190
234, 191
233, 192
233, 194
232, 195
232, 198
231, 199
231, 203
230, 204
230, 211
225, 216
225, 217
219, 223
220, 224
220, 225
221, 225
222, 224
223, 224
227, 220
227, 219
229, 217
231, 219
231, 224
232, 225
232, 227
233, 228
233, 230
234, 231
234, 232
235, 233
235, 234
237, 236
238, 236
239, 237
243, 237
244, 236
245, 236
248, 233
248, 232
250, 230
250, 229
252, 227
252, 226
253, 225
253, 224
254, 223
254, 222
255, 221
257, 223
257, 225
258, 226
258, 227
259, 228
259, 229
261, 231
263, 231
264, 232
266, 232
267, 231
269, 231
270, 230
271, 230
272, 229
279, 229
280, 228
281, 228
282, 227
283, 227
291, 219
291, 218
294, 215
294, 214
296, 212
296, 211
299, 208
300, 209
300, 210
299, 211
299, 215
298, 216
298, 220
297, 221
297, 224
296, 225
296, 231
295, 232
295, 234
296, 235
296, 238
300, 242
303, 242
303, 240
299, 236
299, 227
300, 226
300, 222
301, 221
301, 217
302, 216
302, 213
303, 212
303, 208
304, 207
304, 199
303, 198
302, 198
298, 202
298, 203
296, 205
296, 206
294, 208
294, 209
292, 211
292, 212
289, 215
289, 216
280, 225
278, 225
277, 226
276, 225
273, 225
272, 226
271, 226
270, 227
269, 227
268, 228
263, 228
261, 226
261, 225
260, 224
260, 221
259, 220
259, 208
260, 207
260, 203
261, 202
261, 199
262, 198
262, 193
259, 193
259, 195
258, 196
258, 199
257, 200
257, 204
256, 205
256, 207
255, 208
255, 211
254, 212
254, 214
253, 215
253, 217
252, 218
252, 219
251, 220
251, 221
250, 222
250, 223
249, 224
249, 225
248, 226
248, 227
246, 229
246, 230
242, 234
240, 234
238, 232
238, 231
236, 229
236, 227
235, 226
235, 223
234, 222
234, 217
233, 216
233, 213
236, 210
236, 209
243, 202
243, 201
245, 199
245, 198
246, 197
246, 196
247, 195
247, 194
248, 193
248, 190
249, 189
249, 180
248, 179
248, 178
247, 178
246, 177
244, 181
245, 181
246, 182
246, 187
245, 188
245, 191
244, 192
244, 193
243, 194
243, 195
242, 196
242, 197
241, 198
241, 199
235, 205
234, 204
234, 200
235, 199
235, 196
236, 195
236, 194
237, 193
237, 191
238, 190
238, 189
239, 188
239, 187
241, 185
241, 184
70, 72
70, 73
69, 74
69, 77
68, 78
68, 80
67, 81
67, 84
66, 85
66, 87
65, 88
65, 91
64, 92
64, 94
63, 95
63, 98
62, 99
62, 101
61, 102
61, 105
60, 106
60, 109
59, 110
59, 112
58, 113
58, 116
57, 117
57, 119
56, 120
56, 123
55, 124
55, 127
54, 128
54, 130
53, 131
53, 134
52, 135
52, 138
51, 139
51, 141
50, 142
50, 145
49, 146
49, 149
48, 150
48, 152
47, 153
47, 156
46, 157
46, 160
45, 161
45, 164
44, 165
44, 167
43, 168
43, 171
42, 172
42, 175
41, 176
41, 179
40, 180
40, 183
39, 184
39, 187
38, 188
38, 192
37, 193
37, 196
36, 197
36, 201
35, 202
35, 207
34, 208
34, 218
33, 219
33, 220
34, 221
34, 224
35, 225
37, 225
38, 224
38, 222
37, 221
37, 214
38, 213
38, 207
39, 206
39, 201
40, 200
40, 196
41, 195
41, 192
42, 191
42, 188
43, 187
43, 183
44, 182
44, 179
45, 178
45, 175
46, 174
46, 172
47, 171
47, 168
48, 167
48, 164
49, 163
49, 161
50, 160
50, 157
51, 156
51, 153
52, 152
52, 149
53, 148
53, 146
54, 145
54, 142
55, 141
55, 138
56, 137
56, 135
57, 134
57, 131
58, 130
58, 127
59, 126
59, 124
60, 123
60, 120
61, 119
61, 117
62, 116
62, 113
63, 112
63, 109
64, 108
64, 106
65, 105
65, 102
66, 101
66, 99
67, 98
67, 95
68, 94
68, 92
69, 91
69, 88
70, 87
70, 85
71, 84
71, 81
72, 80
72, 77
73, 76
73, 72
97, 68
97, 69
96, 70
96, 75
95, 76
95, 80
94, 81
94, 84
93, 85
93, 88
92, 89
92, 92
91, 93
91, 96
90, 97
90, 100
89, 101
89, 103
88, 104
88, 107
87, 108
87, 110
86, 111
86, 113
85, 114
85, 117
84, 118
84, 120
83, 121
83, 124
82, 125
82, 127
81, 128
81, 131
80, 132
80, 134
79, 135
79, 138
78, 139
78, 142
77, 143
77, 146
76, 147
76, 150
75, 151
75, 153
74, 154
74, 157
73, 158
73, 161
72, 162
72, 164
71, 165
71, 168
70, 169
70, 172
69, 173
69, 175
68, 176
68, 179
67, 180
67, 183
66, 184
66, 187
65, 188
65, 191
64, 192
64, 195
63, 196
63, 199
62, 200
62, 204
61, 205
61, 210
60, 211
60, 217
61, 218
62, 217
62, 211
63, 210
63, 206
64, 205
64, 201
65, 200
65, 197
66, 196
66, 193
67, 192
67, 189
68, 188
68, 185
69, 184
69, 181
70, 180
70, 177
71, 176
71, 173
72, 172
72, 170
73, 169
73, 166
74, 165
74, 162
75, 161
75, 159
76, 158
76, 155
77, 154
77, 151
78, 150
78, 147
79, 146
79, 144
80, 143
80, 140
81, 139
81, 136
82, 135
82, 132
83, 131
83, 129
84, 128
84, 125
85, 124
85, 122
86, 121
86, 119
87, 118
87, 115
88, 114
88, 112
89, 111
89, 108
90, 107
90, 105
91, 104
91, 101
92, 100
92, 98
93, 97
93, 94
94, 93
94, 90
95, 89
95, 86
96, 85
96, 81
97, 80
97, 77
98, 76
98, 71
99, 70
98, 69
98, 68
242, 55
239, 58
239, 59
238, 60
238, 61
237, 62
237, 63
236, 64
236, 66
235, 67
235, 69
234, 70
234, 71
233, 72
233, 74
232, 75
232, 77
231, 78
231, 80
230, 81
230, 83
229, 84
229, 86
228, 87
228, 89
227, 90
227, 93
226, 94
226, 96
225, 97
225, 99
224, 100
224, 102
223, 103
223, 105
222, 106
222, 109
221, 110
221, 112
220, 113
220, 116
219, 117
219, 119
218, 120
218, 123
217, 124
217, 127
216, 128
216, 130
215, 131
215, 134
214, 135
214, 138
213, 139
213, 142
212, 143
212, 146
211, 147
211, 150
210, 151
210, 155
209, 156
209, 160
208, 161
208, 164
207, 165
207, 169
206, 170
206, 174
205, 175
205, 178
204, 179
204, 181
203, 182
203, 183
202, 184
202, 186
201, 187
201, 188
199, 190
197, 190
196, 191
195, 191
192, 194
192, 199
193, 200
194, 200
195, 201
195, 203
194, 204
194, 205
193, 206
193, 207
192, 208
192, 209
191, 210
191, 211
189, 213
189, 214
188, 215
188, 216
187, 217
187, 218
185, 220
185, 221
182, 224
182, 225
174, 233
173, 233
172, 234
170, 234
169, 233
169, 232
168, 231
168, 223
169, 222
169, 217
170, 216
170, 212
171, 211
171, 204
170, 203
168, 203
166, 205
166, 206
163, 209
163, 210
160, 213
160, 214
153, 221
152, 221
151, 222
149, 220
149, 219
148, 218
148, 213
149, 212
149, 206
150, 205
150, 199
151, 198
150, 197
150, 196
147, 196
147, 197
146, 198
146, 199
145, 200
145, 201
144, 202
144, 203
143, 204
143, 205
142, 206
142, 207
140, 209
140, 210
139, 211
139, 212
138, 213
138, 214
136, 216
136, 217
134, 219
134, 220
132, 222
132, 223
129, 226
128, 226
127, 227
126, 227
124, 225
124, 223
123, 222
123, 208
124, 207
124, 201
125, 200
125, 195
126, 194
126, 191
127, 190
127, 181
125, 181
123, 183
123, 184
122, 185
122, 186
121, 187
121, 188
120, 189
120, 191
119, 192
119, 194
118, 195
118, 197
117, 198
117, 200
116, 201
116, 203
115, 204
115, 207
114, 208
114, 210
113, 211
113, 213
112, 214
112, 217
111, 218
111, 220
110, 221
110, 224
109, 225
109, 227
108, 228
108, 230
107, 231
107, 234
106, 235
106, 237
105, 238
105, 240
104, 241
104, 244
103, 245
103, 247
102, 248
102, 250
101, 251
101, 254
100, 255
100, 257
99, 258
99, 260
98, 261
98, 264
97, 265
97, 267
96, 268
96, 270
95, 271
95, 274
94, 275
94, 277
93, 278
93, 280
92, 281
92, 283
91, 284
91, 287
90, 288
90, 290
89, 291
89, 293
88, 294
88, 296
87, 297
86, 296
86, 293
87, 292
87, 288
88, 287
88, 284
89, 283
89, 279
90, 278
90, 274
91, 273
91, 270
92, 269
92, 265
93, 264
93, 260
94, 259
94, 255
95, 254
95, 251
96, 250
96, 245
97, 244
97, 240
98, 239
98, 235
99, 234
99, 229
100, 228
100, 224
101, 223
101, 219
102, 218
102, 213
103, 212
103, 208
104, 207
104, 203
105, 202
105, 198
106, 197
106, 192
107, 191
107, 187
108, 186
108, 181
109, 180
109, 176
110, 175
110, 170
111, 169
111, 165
112, 164
112, 158
113, 157
113, 151
112, 150
110, 150
110, 154
109, 155
109, 161
108, 162
108, 167
107, 168
107, 172
106, 173
106, 178
105, 179
105, 184
104, 185
104, 189
103, 190
103, 194
102, 195
102, 200
101, 201
101, 205
100, 206
100, 210
99, 211
99, 215
98, 216
98, 221
97, 222
97, 226
96, 227
96, 231
95, 232
95, 237
94, 238
94, 242
93, 243
93, 247
92, 248
92, 252
91, 253
91, 257
90, 258
90, 262
89, 263
89, 266
88, 267
88, 271
87, 272
87, 276
86, 277
86, 280
85, 281
85, 285
84, 286
84, 290
83, 291
83, 295
82, 296
82, 299
81, 300
81, 304
80, 305
80, 309
79, 310
79, 313
78, 314
78, 318
77, 319
77, 322
76, 323
76, 327
75, 328
75, 331
74, 332
74, 336
73, 337
73, 341
72, 342
72, 346
71, 347
71, 354
73, 354
74, 353
74, 352
75, 351
75, 349
76, 348
76, 345
77, 344
77, 342
78, 341
78, 339
79, 338
79, 335
80, 334
80, 332
81, 331
81, 329
82, 328
82, 326
83, 325
83, 322
84, 321
84, 319
85, 318
85, 316
86, 315
86, 312
87, 311
87, 309
88, 308
88, 306
89, 305
89, 303
90, 302
90, 299
91, 298
91, 296
92, 295
92, 293
93, 292
93, 289
94, 288
94, 286
95, 285
95, 283
96, 282
96, 280
97, 279
97, 276
98, 275
98, 273
99, 272
99, 270
100, 269
100, 267
101, 266
101, 263
102, 262
102, 260
103, 259
103, 257
104, 256
104, 253
105, 252
105, 250
106, 249
106, 247
107, 246
107, 243
108, 242
108, 240
109, 239
109, 236
110, 235
110, 233
111, 232
111, 230
112, 229
112, 226
113, 225
113, 223
114, 222
114, 220
115, 219
115, 216
116, 215
116, 213
117, 212
117, 210
118, 209
118, 207
119, 206
120, 207
120, 224
121, 225
121, 226
122, 227
122, 228
124, 230
129, 230
130, 229
131, 229
135, 225
135, 224
137, 222
137, 221
139, 219
139, 218
141, 216
141, 215
142, 214
142, 213
143, 212
143, 211
144, 210
145, 211
145, 220
146, 221
146, 222
147, 223
147, 224
148, 224
149, 225
153, 225
154, 224
155, 224
163, 216
163, 215
166, 212
167, 213
167, 214
166, 215
166, 220
165, 221
165, 233
166, 234
166, 235
168, 237
169, 237
170, 238
172, 238
173, 237
174, 237
175, 236
176, 236
185, 227
185, 226
187, 224
187, 223
189, 221
189, 220
191, 218
191, 217
192, 216
192, 215
193, 214
193, 213
194, 212
194, 211
195, 210
195, 209
196, 208
196, 207
197, 206
197, 205
198, 204
198, 203
199, 202
199, 201
200, 200
200, 199
201, 198
202, 199
202, 204
201, 205
201, 215
200, 216
200, 236
201, 237
201, 239
203, 241
205, 241
209, 237
209, 236
210, 235
210, 234
211, 233
211, 231
212, 230
212, 228
213, 227
213, 224
214, 223
214, 207
213, 206
213, 202
212, 201
212, 199
210, 197
210, 196
209, 195
209, 194
207, 192
207, 185
208, 184
208, 179
209, 178
209, 175
210, 174
210, 172
211, 171
211, 170
212, 169
212, 167
213, 166
213, 164
214, 163
214, 161
215, 160
215, 158
216, 157
216, 155
217, 154
217, 152
218, 151
218, 149
219, 148
219, 146
220, 145
220, 143
221, 142
221, 140
222, 139
222, 137
223, 136
223, 134
224, 133
224, 131
225, 130
225, 128
226, 127
226, 125
227, 124
227, 122
228, 121
228, 119
229, 118
229, 116
230, 115
230, 113
231, 112
231, 110
232, 109
232, 107
233, 106
233, 103
234, 102
234, 100
235, 99
235, 97
236, 96
236, 93
237, 92
237, 89
238, 88
238, 85
239, 84
239, 81
240, 80
240, 77
241, 76
241, 72
242, 71
242, 68
243, 67
243, 63
244, 62
244, 55
87, 298
85, 299
205, 199
206, 198
207, 198
208, 199
208, 200
209, 201
209, 203
210, 204
210, 208
211, 209
211, 221
210, 222
210, 225
209, 226
209, 228
208, 229
208, 231
207, 232
207, 233
206, 234
206, 235
205, 236
203, 234
203, 220
204, 219
204, 208
205, 207
198, 195
195, 197
221, 130
219, 131
220, 126
222, 128
233, 83
234, 82
235, 86
234, 87
234, 90
233, 91
233, 94
232, 95
232, 97
231, 98
231, 101
230, 102
230, 104
229, 105
229, 107
228, 108
228, 110
227, 111
227, 113
226, 114
226, 116
225, 117
225, 119
224, 120
224, 122
223, 123
223, 125
221, 122
222, 121
222, 118
223, 117
223, 115
224, 114
224, 112
225, 111
225, 108
226, 107
226, 105
227, 104
227, 102
228, 101
228, 99
229, 98
229, 95
230, 94
230, 92
231, 91
231, 89
232, 88
232, 86
233, 85
236, 81
234, 82
161, 16
160, 17
158, 17
157, 18
155, 18
154, 19
151, 19
150, 20
148, 20
147, 21
145, 21
144, 22
143, 22
142, 23
141, 23
140, 24
139, 24
138, 25
137, 25
136, 26
135, 26
134, 27
133, 27
132, 28
131, 28
130, 29
129, 29
128, 30
127, 30
126, 31
125, 31
124, 32
123, 32
122, 33
121, 33
120, 34
119, 34
118, 35
117, 35
116, 36
115, 36
114, 37
113, 37
111, 39
110, 39
109, 40
108, 40
107, 41
106, 41
104, 43
103, 43
102, 44
101, 44
99, 46
98, 46
97, 47
96, 47
94, 49
93, 49
91, 51
90, 51
89, 52
88, 52
86, 54
85, 54
83, 56
82, 56
79, 59
78, 59
76, 61
75, 61
72, 64
71, 64
68, 67
67, 67
64, 70
63, 70
58, 75
57, 75
53, 79
52, 79
49, 82
48, 82
44, 86
43, 86
40, 89
39, 89
35, 93
34, 93
31, 96
30, 96
26, 100
25, 100
21, 104
20, 104
17, 107
16, 107
13, 110
13, 111
14, 112
16, 112
19, 109
20, 109
23, 106
24, 106
28, 102
29, 102
33, 98
34, 98
38, 94
39, 94
42, 91
43, 91
47, 87
48, 87
51, 84
52, 84
56, 80
57, 80
61, 76
62, 76
66, 72
67, 72
71, 68
72, 68
74, 66
75, 66
78, 63
79, 63
82, 60
83, 60
85, 58
86, 58
88, 56
89, 56
91, 54
92, 54
93, 53
94, 53
96, 51
97, 51
99, 49
100, 49
101, 48
102, 48
104, 46
105, 46
106, 45
107, 45
109, 43
110, 43
111, 42
112, 42
113, 41
114, 41
115, 40
116, 40
118, 38
119, 38
120, 37
121, 37
122, 36
123, 36
124, 35
125, 35
126, 34
127, 34
128, 33
129, 33
130, 32
131, 32
132, 31
133, 31
134, 30
135, 30
136, 29
137, 29
138, 28
139, 28
140, 27
141, 27
142, 26
144, 26
145, 25
146, 25
147, 24
148, 24
149, 23
151, 23
152, 22
155, 22
156, 21
158, 21
159, 20
161, 20
162, 19
163, 19
164, 18
165, 18
165, 16
