300, 2
302, 367
4, 369
2, 4
225, 185
224, 186
223, 186
222, 187
221, 187
218, 190
218, 191
215, 194
215, 195
214, 196
214, 197
213, 198
213, 199
212, 200
212, 201
211, 202
211, 204
210, 205
210, 207
209, 208
209, 211
208, 212
208, 217
207, 218
207, 245
208, 246
208, 249
209, 250
209, 252
210, 253
210, 255
211, 256
211, 257
215, 261
216, 261
217, 262
221, 262
222, 261
223, 261
226, 258
226, 257
228, 255
228, 254
229, 253
229, 252
230, 251
230, 250
231, 249
231, 248
232, 247
232, 246
233, 245
233, 244
234, 243
234, 241
235, 240
235, 238
236, 237
236, 235
237, 234
237, 233
238, 232
239, 233
239, 245
240, 246
240, 248
241, 249
241, 250
243, 252
248, 252
250, 250
251, 250
255, 246
256, 247
256, 248
257, 249
257, 250
258, 251
259, 251
260, 252
262, 252
263, 251
264, 251
265, 250
266, 250
269, 247
270, 247
278, 239
278, 238
283, 233
283, 232
284, 231
285, 231
286, 232
286, 233
285, 234
285, 236
284, 237
284, 240
283, 241
283, 246
286, 246
286, 242
287, 241
287, 238
288, 237
288, 234
289, 233
289, 230
290, 229
290, 224
289, 223
288, 223
287, 224
286, 224
282, 228
282, 229
278, 233
278, 234
266, 246
265, 246
263, 248
260, 248
259, 247
259, 246
260, 245
260, 243
261, 242
261, 241
262, 240
262, 239
263, 238
263, 236
264, 235
264, 234
265, 233
265, 229
263, 229
261, 231
261, 232
260, 233
260, 234
257, 237
257, 238
255, 240
255, 241
248, 248
247, 248
246, 249
245, 249
243, 247
243, 245
242, 244
242, 228
243, 227
243, 221
244, 220
244, 216
245, 215
245, 210
246, 209
246, 208
245, 207
243, 207
242, 208
242, 210
241, 211
241, 212
240, 213
240, 215
239, 216
239, 219
238, 220
238, 222
237, 223
237, 225
236, 226
236, 228
235, 229
235, 230
234, 231
234, 233
233, 234
233, 236
232, 237
232, 239
231, 240
231, 242
230, 243
230, 244
229, 245
229, 246
228, 247
228, 248
227, 249
227, 250
226, 251
226, 252
225, 253
225, 254
220, 259
218, 259
213, 254
213, 252
212, 251
212, 249
211, 248
211, 245
210, 244
210, 219
211, 218
211, 213
212, 212
212, 209
213, 208
213, 206
214, 205
214, 203
215, 202
215, 201
216, 200
216, 199
217, 198
217, 197
219, 195
219, 194
224, 189
225, 189
226, 188
228, 188
230, 190
230, 196
229, 197
229, 200
228, 201
228, 204
227, 205
227, 206
226, 207
226, 209
225, 210
225, 211
224, 212
224, 213
222, 215
222, 216
219, 219
219, 220
216, 223
216, 225
219, 225
220, 224
220, 223
224, 219
224, 218
226, 216
226, 215
227, 214
227, 213
228, 212
228, 211
229, 210
229, 208
230, 207
230, 205
231, 204
231, 202
232, 201
232, 198
233, 197
233, 189
232, 188
232, 187
230, 185
235, 73
232, 76
232, 77
231, 78
231, 79
230, 80
230, 81
229, 82
229, 83
228, 84
228, 86
227, 87
227, 88
226, 89
226, 91
225, 92
225, 93
224, 94
224, 96
223, 97
223, 98
222, 99
222, 100
221, 101
221, 103
220, 104
220, 106
219, 107
219, 109
218, 110
218, 111
217, 112
217, 114
216, 115
216, 117
215, 118
215, 120
214, 121
214, 123
213, 124
213, 126
212, 127
212, 129
211, 130
211, 132
210, 133
210, 135
209, 136
209, 138
208, 139
208, 141
207, 142
207, 144
206, 145
206, 148
205, 149
205, 151
204, 152
204, 155
203, 156
203, 158
202, 159
202, 161
201, 162
201, 165
200, 166
200, 168
199, 169
199, 172
198, 173
198, 176
197, 177
197, 179
196, 180
196, 183
195, 184
195, 187
194, 188
194, 191
193, 192
193, 195
192, 196
192, 198
190, 200
189, 199
187, 199
186, 200
185, 200
184, 201
184, 209
185, 210
185, 215
184, 216
184, 217
183, 218
183, 219
182, 220
182, 221
180, 223
180, 224
179, 225
179, 226
178, 227
178, 228
177, 229
177, 230
175, 232
175, 233
173, 235
173, 236
168, 241
168, 242
166, 244
165, 244
164, 245
163, 244
163, 239
164, 238
164, 236
165, 235
165, 232
166, 231
166, 225
165, 224
164, 224
161, 227
161, 228
158, 231
158, 232
155, 235
155, 236
144, 247
143, 247
142, 248
141, 248
140, 247
140, 240
141, 239
141, 237
142, 236
142, 234
143, 233
143, 232
144, 231
144, 230
145, 229
145, 227
146, 226
146, 225
145, 224
142, 224
142, 225
141, 226
141, 227
140, 228
140, 229
139, 230
139, 231
138, 232
138, 233
137, 234
137, 235
136, 236
136, 237
135, 238
135, 239
134, 240
134, 241
132, 243
132, 244
130, 246
130, 247
124, 253
123, 252
123, 249
122, 248
122, 244
123, 243
123, 234
124, 233
124, 228
125, 227
125, 223
126, 222
126, 219
127, 218
127, 214
128, 213
128, 211
129, 210
129, 207
130, 206
130, 204
131, 203
131, 200
132, 199
132, 197
133, 196
133, 193
134, 192
134, 189
133, 188
131, 188
130, 189
130, 190
129, 191
129, 192
128, 193
128, 194
127, 195
127, 196
126, 197
126, 198
125, 199
125, 201
124, 202
124, 203
123, 204
123, 206
122, 207
122, 208
121, 209
121, 211
120, 212
120, 214
119, 215
119, 217
118, 218
118, 219
117, 220
117, 222
116, 223
116, 225
115, 226
115, 228
114, 229
114, 231
113, 232
113, 234
112, 235
112, 237
110, 234
111, 233
111, 230
112, 229
112, 226
113, 225
113, 222
114, 221
114, 218
115, 217
115, 214
116, 213
116, 210
117, 209
117, 205
118, 204
118, 201
119, 200
119, 197
120, 196
120, 193
121, 192
121, 189
122, 188
122, 185
123, 184
123, 181
124, 180
124, 177
125, 176
125, 173
126, 172
126, 169
127, 168
127, 165
128, 164
128, 161
129, 160
129, 157
130, 156
130, 152
127, 152
127, 153
126, 154
126, 156
125, 157
125, 160
124, 161
124, 164
123, 165
123, 168
122, 169
122, 172
121, 173
121, 176
120, 177
120, 180
119, 181
119, 184
118, 185
118, 188
117, 189
117, 192
116, 193
116, 196
115, 197
115, 201
114, 202
114, 205
113, 206
113, 209
112, 210
112, 213
111, 214
111, 217
110, 218
110, 221
109, 222
109, 225
108, 226
108, 229
107, 230
107, 233
106, 234
106, 237
105, 238
105, 241
104, 242
104, 245
103, 246
103, 249
102, 250
102, 254
101, 255
101, 258
100, 259
100, 262
99, 263
99, 267
98, 268
98, 271
97, 272
97, 275
96, 276
96, 279
95, 280
95, 283
94, 284
94, 288
93, 289
93, 292
92, 293
92, 296
91, 297
91, 300
90, 301
90, 303
89, 304
89, 307
88, 308
88, 311
87, 312
87, 314
86, 315
86, 318
85, 319
85, 321
84, 322
84, 324
83, 325
83, 327
82, 328
82, 330
81, 331
81, 332
80, 333
80, 335
79, 336
79, 338
78, 339
78, 341
77, 342
77, 344
76, 345
76, 347
75, 348
75, 351
74, 352
75, 353
75, 354
78, 354
78, 353
79, 352
79, 350
80, 349
80, 348
81, 347
81, 345
82, 344
82, 342
83, 341
83, 339
84, 338
84, 336
85, 335
85, 333
86, 332
86, 330
87, 329
87, 327
88, 326
88, 323
89, 322
89, 320
90, 319
90, 317
91, 316
91, 313
92, 312
92, 310
93, 309
93, 307
94, 306
94, 303
95, 302
95, 300
96, 299
96, 297
97, 296
97, 294
98, 293
98, 291
99, 290
99, 288
100, 287
100, 284
101, 283
101, 281
102, 280
102, 278
103, 277
103, 275
104, 274
104, 272
105, 271
105, 269
106, 268
106, 266
107, 265
107, 263
108, 262
108, 260
109, 259
109, 257
110, 256
110, 254
111, 253
111, 251
112, 250
112, 248
113, 247
113, 245
114, 244
114, 241
115, 240
115, 238
116, 237
116, 235
117, 234
117, 232
118, 231
118, 230
119, 229
120, 230
120, 234
119, 235
119, 253
120, 254
120, 256
121, 257
126, 257
132, 251
132, 250
135, 247
136, 248
136, 249
139, 252
143, 252
144, 251
145, 251
147, 249
148, 249
156, 241
156, 240
158, 238
159, 239
159, 246
160, 247
160, 248
161, 249
166, 249
175, 240
175, 239
177, 237
177, 236
179, 234
179, 233
181, 231
181, 230
182, 229
182, 228
183, 227
183, 226
185, 224
186, 225
186, 226
185, 227
185, 231
184, 232
184, 237
183, 238
183, 243
182, 244
182, 251
181, 252
181, 266
182, 267
182, 268
183, 269
184, 269
185, 270
186, 270
187, 269
188, 269
193, 264
193, 263
194, 262
194, 261
195, 260
195, 259
196, 258
196, 256
197, 255
197, 253
198, 252
198, 249
199, 248
199, 244
200, 243
200, 222
199, 221
199, 216
198, 215
198, 212
197, 211
197, 209
196, 208
196, 207
195, 206
195, 202
196, 201
196, 199
197, 198
197, 197
198, 196
198, 195
199, 194
199, 193
200, 192
200, 190
201, 189
201, 188
202, 187
202, 185
203, 184
203, 183
204, 182
204, 181
205, 180
205, 178
206, 177
206, 176
207, 175
207, 173
208, 172
208, 170
209, 169
209, 168
210, 167
210, 165
211, 164
211, 162
212, 161
212, 159
213, 158
213, 157
214, 156
214, 154
215, 153
215, 151
216, 150
216, 148
217, 147
217, 145
218, 144
218, 142
219, 141
219, 139
220, 138
220, 136
221, 135
221, 133
222, 132
222, 130
223, 129
223, 126
224, 125
224, 123
225, 122
225, 120
226, 119
226, 116
227, 115
227, 113
228, 112
228, 110
229, 109
229, 106
230, 105
230, 102
231, 101
231, 99
232, 98
232, 95
233, 94
233, 91
234, 90
234, 88
235, 87
235, 84
236, 83
236, 80
237, 79
237, 74
236, 73
109, 238
111, 240
192, 214
193, 213
194, 214
194, 215
195, 216
195, 220
196, 221
196, 243
195, 244
195, 248
194, 249
194, 252
193, 253
193, 255
192, 256
192, 257
191, 258
191, 259
190, 260
190, 261
186, 265
185, 264
185, 250
186, 249
186, 243
187, 242
187, 237
188, 236
188, 232
189, 231
189, 227
190, 226
190, 222
191, 221
191, 217
192, 216
206, 160
207, 156
209, 158
220, 116
222, 119
221, 120
221, 122
220, 123
220, 125
219, 126
219, 128
218, 129
218, 132
217, 133
217, 135
216, 136
216, 138
215, 139
215, 141
214, 142
214, 144
213, 145
213, 147
212, 148
212, 150
211, 151
211, 153
210, 154
210, 155
208, 152
209, 151
209, 149
210, 148
210, 146
211, 145
211, 142
212, 141
212, 139
213, 138
213, 136
214, 135
214, 133
215, 132
215, 130
216, 129
216, 127
217, 126
217, 124
218, 123
218, 121
219, 120
219, 118
220, 117
221, 113
223, 115
222, 110
224, 112
112, 73
111, 74
111, 76
110, 77
110, 79
109, 80
109, 82
108, 83
108, 84
107, 85
107, 87
106, 88
106, 90
105, 91
105, 93
104, 94
104, 96
103, 97
103, 99
102, 100
102, 102
101, 103
101, 105
100, 106
100, 108
99, 109
99, 111
98, 112
98, 114
97, 115
97, 117
96, 118
96, 121
95, 122
95, 124
94, 125
94, 127
93, 128
93, 131
92, 132
92, 134
91, 135
91, 138
90, 139
90, 141
89, 142
89, 144
88, 145
88, 148
87, 149
87, 151
86, 152
86, 154
85, 155
85, 158
84, 159
84, 161
83, 162
83, 165
82, 166
82, 168
81, 169
81, 171
80, 172
80, 175
79, 176
79, 178
78, 179
78, 182
77, 183
77, 186
76, 187
76, 191
75, 192
75, 196
74, 197
74, 201
73, 202
73, 208
72, 209
72, 216
71, 217
71, 225
70, 226
70, 230
71, 231
71, 232
73, 232
74, 231
74, 222
75, 221
75, 212
76, 211
76, 205
77, 204
77, 200
78, 199
78, 194
79, 193
79, 190
80, 189
80, 186
81, 185
81, 182
82, 181
82, 178
83, 177
83, 175
84, 174
84, 171
85, 170
85, 168
86, 167
86, 164
87, 163
87, 161
88, 160
88, 158
89, 157
89, 154
90, 153
90, 151
91, 150
91, 148
92, 147
92, 144
93, 143
93, 141
94, 140
94, 137
95, 136
95, 134
96, 133
96, 131
97, 130
97, 127
98, 126
98, 124
99, 123
99, 121
100, 120
100, 117
101, 116
101, 114
102, 113
102, 111
103, 110
103, 108
104, 107
104, 105
105, 104
105, 102
106, 101
106, 99
107, 98
107, 96
108, 95
108, 93
109, 92
109, 90
110, 89
110, 88
111, 87
111, 85
112, 84
112, 82
113, 81
113, 79
114, 78
114, 76
115, 75
115, 74
114, 73
180, 15
179, 16
175, 16
174, 17
171, 17
170, 18
167, 18
166, 19
164, 19
163, 20
161, 20
160, 21
158, 21
157, 22
155, 22
154, 23
152, 23
151, 24
150, 24
149, 25
147, 25
146, 26
144, 26
143, 27
142, 27
141, 28
139, 28
138, 29
137, 29
136, 30
134, 30
133, 31
131, 31
130, 32
129, 32
128, 33
127, 33
126, 34
124, 34
123, 35
122, 35
121, 36
119, 36
118, 37
117, 37
116, 38
115, 38
114, 39
112, 39
111, 40
110, 40
109, 41
108, 41
107, 42
106, 42
105, 43
104, 43
103, 44
101, 44
100, 45
99, 45
98, 46
97, 45
97, 40
96, 40
94, 42
94, 45
93, 46
93, 47
90, 50
89, 50
88, 51
87, 51
86, 52
85, 52
84, 53
82, 53
81, 54
80, 54
79, 55
78, 55
77, 56
76, 56
75, 57
74, 57
73, 58
72, 58
71, 59
70, 59
69, 60
68, 60
67, 61
66, 61
65, 62
64, 62
62, 64
61, 64
60, 65
59, 65
58, 66
57, 66
56, 67
55, 67
54, 68
53, 68
52, 69
51, 69
50, 70
49, 70
48, 71
47, 71
46, 72
45, 72
44, 73
43, 73
42, 74
41, 74
40, 75
39, 75
37, 77
36, 77
35, 78
34, 78
33, 79
32, 79
31, 80
30, 80
29, 81
28, 81
26, 83
25, 83
24, 84
23, 84
21, 86
20, 86
16, 90
15, 90
14, 91
14, 92
13, 93
13, 97
16, 97
16, 96
22, 90
23, 90
25, 88
26, 88
28, 86
29, 86
30, 85
31, 85
33, 83
34, 83
35, 82
36, 82
37, 81
38, 81
39, 80
40, 80
41, 79
42, 79
43, 78
44, 78
46, 76
47, 76
48, 75
49, 75
50, 74
51, 74
52, 73
53, 73
54, 72
55, 72
56, 71
57, 71
58, 70
59, 70
60, 69
61, 69
62, 68
63, 68
64, 67
65, 67
66, 66
67, 66
68, 65
69, 65
70, 64
71, 64
72, 63
73, 63
74, 62
75, 62
76, 61
77, 61
78, 60
79, 60
80, 59
81, 59
82, 58
83, 58
84, 57
85, 57
86, 56
87, 56
88, 55
89, 55
90, 56
90, 59
89, 60
89, 62
88, 63
88, 65
87, 66
87, 69
86, 70
86, 72
85, 73
85, 75
84, 76
84, 79
83, 80
83, 83
82, 84
82, 86
81, 87
81, 89
80, 90
80, 93
79, 94
79, 96
78, 97
78, 100
77, 101
77, 104
76, 105
76, 107
75, 108
75, 111
74, 112
74, 115
73, 116
73, 118
72, 119
72, 122
71, 123
71, 126
70, 127
70, 129
69, 130
69, 133
68, 134
68, 137
67, 138
67, 140
66, 141
66, 144
65, 145
65, 148
64, 149
64, 151
63, 152
63, 155
62, 156
62, 159
61, 160
61, 163
60, 164
60, 166
59, 167
59, 170
58, 171
58, 174
57, 175
57, 178
56, 179
56, 182
55, 183
55, 185
54, 186
54, 189
53, 190
53, 193
52, 194
52, 197
51, 198
51, 201
50, 202
50, 205
49, 206
49, 209
48, 210
48, 213
47, 214
47, 217
46, 218
46, 221
45, 222
45, 224
44, 225
44, 228
43, 229
43, 231
42, 232
42, 235
41, 236
41, 239
40, 240
40, 243
39, 244
39, 247
40, 248
41, 248
44, 245
44, 244
43, 243
43, 239
44, 238
44, 235
45, 234
45, 232
46, 231
46, 228
47, 227
47, 225
48, 224
48, 221
49, 220
49, 217
50, 216
50, 213
51, 212
51, 209
52, 208
52, 205
53, 204
53, 201
54, 200
54, 197
55, 196
55, 193
56, 192
56, 189
57, 188
57, 186
58, 185
58, 182
59, 181
59, 178
60, 177
60, 174
61, 173
61, 170
62, 169
62, 167
63, 166
63, 163
64, 162
64, 159
65, 158
65, 155
66, 154
66, 152
67, 151
67, 148
68, 147
68, 144
69, 143
69, 141
70, 140
70, 137
71, 136
71, 133
72, 132
72, 130
73, 129
73, 126
74, 125
74, 122
75, 121
75, 119
76, 118
76, 115
77, 114
77, 111
78, 110
78, 108
79, 107
79, 104
80, 103
80, 100
81, 99
81, 97
82, 96
82, 93
83, 92
83, 90
84, 89
84, 86
85, 85
85, 83
86, 82
86, 79
87, 78
87, 76
88, 75
88, 72
89, 71
89, 69
90, 68
90, 66
91, 65
91, 62
92, 61
92, 59
93, 58
93, 56
94, 55
94, 53
95, 52
96, 52
97, 51
98, 51
99, 50
100, 50
101, 49
102, 49
103, 48
104, 48
105, 47
106, 47
107, 46
108, 46
109, 45
111, 45
112, 44
113, 44
114, 43
115, 43
116, 42
117, 42
118, 41
120, 41
121, 40
122, 40
123, 39
124, 39
125, 38
127, 38
128, 37
129, 37
130, 36
132, 36
133, 35
134, 35
135, 34
137, 34
138, 33
139, 33
140, 32
142, 32
143, 31
145, 31
146, 30
147, 30
148, 29
150, 29
151, 28
153, 28
154, 27
155, 27
156, 26
158, 26
159, 25
161, 25
162, 24
165, 24
166, 23
168, 23
169, 22
171, 22
172, 21
175, 21
176, 20
180, 20
181, 19
186, 19
187, 20
188, 20
189, 21
191, 21
192, 20
192, 18
191, 17
190, 17
189, 16
188, 16
187, 15
