4, 2
430, 4
428, 369
2, 367
75, 104
73, 106
73, 110
72, 111
72, 157
73, 158
73, 173
74, 174
74, 185
75, 186
75, 196
76, 197
76, 206
77, 207
77, 216
78, 217
78, 225
79, 226
79, 235
80, 236
80, 245
81, 246
81, 256
82, 257
82, 268
83, 269
83, 279
84, 280
84, 293
85, 294
85, 315
84, 316
86, 318
88, 316
88, 310
89, 309
89, 304
88, 303
88, 288
87, 287
87, 276
86, 275
86, 265
85, 264
85, 253
84, 252
84, 242
83, 241
83, 232
82, 231
82, 223
81, 222
81, 213
80, 212
80, 203
79, 202
79, 193
78, 192
78, 181
77, 180
77, 168
76, 167
76, 150
75, 149
75, 117
76, 116
76, 108
77, 107
77, 105
76, 104
38, 101
37, 102
37, 103
38, 104
38, 105
39, 106
39, 108
40, 109
40, 113
41, 114
41, 119
42, 120
42, 126
43, 127
43, 134
44, 135
44, 143
45, 144
45, 154
46, 155
46, 164
47, 165
47, 176
48, 177
48, 187
49, 188
49, 200
50, 201
50, 212
51, 213
51, 225
52, 226
52, 239
53, 240
53, 255
54, 256
54, 273
55, 274
55, 290
56, 291
56, 306
57, 307
57, 314
56, 315
55, 315
53, 313
52, 313
49, 310
48, 310
46, 308
45, 308
43, 306
42, 306
40, 304
39, 304
37, 302
36, 302
34, 300
33, 300
30, 297
29, 297
21, 289
19, 289
17, 291
17, 293
24, 300
25, 300
28, 303
29, 303
32, 306
33, 306
34, 307
35, 307
37, 309
38, 309
40, 311
41, 311
44, 314
45, 314
47, 316
48, 316
51, 319
52, 319
54, 321
55, 321
57, 323
57, 324
58, 325
58, 328
59, 329
60, 329
62, 327
63, 327
64, 328
65, 328
67, 330
68, 330
69, 331
70, 331
72, 333
73, 333
74, 334
75, 334
77, 336
78, 336
79, 337
80, 337
81, 338
82, 338
84, 340
85, 340
86, 341
87, 341
88, 342
89, 342
90, 343
91, 343
92, 344
93, 344
94, 345
96, 345
97, 346
98, 346
99, 347
100, 347
101, 348
102, 348
103, 349
104, 349
105, 350
107, 350
108, 351
109, 351
110, 352
111, 352
112, 353
115, 353
116, 354
118, 354
119, 355
122, 355
123, 356
124, 355
125, 355
125, 351
124, 351
123, 350
121, 350
120, 349
117, 349
116, 348
114, 348
113, 347
112, 347
111, 346
109, 346
108, 345
107, 345
106, 344
105, 344
104, 343
103, 343
102, 342
101, 342
100, 341
98, 341
97, 340
96, 340
95, 339
94, 339
93, 338
92, 338
91, 337
90, 337
89, 336
88, 336
87, 335
86, 335
85, 334
84, 334
82, 332
81, 332
80, 331
79, 331
77, 329
76, 329
75, 328
74, 328
72, 326
71, 326
70, 325
69, 325
66, 322
65, 322
63, 320
62, 320
61, 319
61, 312
60, 311
60, 297
59, 296
59, 280
58, 279
58, 262
57, 261
57, 246
56, 245
56, 231
55, 230
55, 218
54, 217
54, 205
53, 204
53, 193
52, 192
52, 181
51, 180
51, 169
50, 168
50, 158
49, 157
49, 148
48, 147
48, 138
47, 137
47, 129
46, 128
46, 122
45, 121
45, 116
44, 115
44, 110
43, 109
43, 106
42, 105
42, 103
40, 101
90, 16
89, 17
89, 20
90, 21
90, 25
91, 26
91, 30
92, 31
92, 34
93, 35
93, 39
94, 40
94, 43
95, 44
95, 47
96, 48
96, 51
97, 52
97, 55
98, 56
98, 59
99, 60
99, 64
100, 65
100, 70
101, 71
101, 77
102, 78
102, 85
103, 86
103, 92
104, 93
104, 101
105, 102
105, 111
106, 112
106, 121
107, 122
107, 130
108, 131
109, 131
110, 130
110, 124
109, 123
109, 114
108, 113
108, 104
107, 103
107, 97
108, 96
109, 97
109, 99
110, 100
110, 103
111, 104
111, 107
112, 108
112, 110
113, 111
113, 114
114, 115
114, 117
115, 118
115, 121
116, 122
116, 124
117, 125
117, 128
118, 129
118, 131
119, 132
119, 133
120, 134
120, 136
121, 137
121, 139
122, 140
122, 142
123, 143
123, 144
124, 145
124, 147
125, 148
125, 149
126, 150
126, 151
127, 152
127, 154
128, 155
128, 156
129, 156
130, 157
131, 156
131, 146
130, 145
130, 139
129, 138
129, 132
128, 131
128, 125
127, 124
127, 117
126, 116
126, 109
125, 108
125, 94
126, 93
126, 91
127, 90
127, 89
129, 87
134, 92
134, 93
135, 94
135, 95
136, 96
136, 97
137, 98
137, 99
138, 100
138, 101
139, 102
139, 103
140, 104
140, 105
141, 106
141, 107
142, 108
142, 110
143, 111
143, 112
144, 113
144, 114
145, 115
145, 117
146, 118
146, 119
147, 120
147, 121
148, 122
148, 123
149, 124
149, 126
150, 127
150, 128
151, 129
151, 130
152, 131
152, 132
153, 133
153, 135
154, 136
154, 137
155, 138
155, 139
156, 140
156, 141
157, 142
157, 143
158, 144
158, 145
159, 146
159, 147
160, 148
160, 149
162, 151
162, 152
163, 153
165, 153
165, 152
166, 151
166, 130
165, 129
165, 107
164, 106
164, 78
165, 77
167, 79
167, 80
168, 81
168, 82
169, 83
169, 84
170, 85
170, 86
171, 87
171, 88
172, 89
172, 90
173, 91
173, 92
174, 93
174, 95
175, 96
175, 97
176, 98
176, 100
177, 101
177, 102
178, 103
178, 105
179, 106
179, 107
180, 108
180, 110
181, 111
181, 113
182, 114
182, 115
183, 116
183, 117
184, 118
184, 120
185, 121
185, 122
186, 123
186, 124
187, 125
187, 127
188, 128
188, 129
190, 131
190, 132
192, 134
194, 134
196, 132
196, 106
195, 105
195, 91
197, 89
201, 89
202, 90
204, 90
205, 91
206, 91
208, 93
209, 93
212, 96
213, 96
216, 99
217, 99
229, 111
229, 112
232, 115
232, 116
233, 117
233, 118
234, 119
234, 126
235, 127
235, 133
236, 134
236, 140
237, 141
237, 146
238, 147
238, 152
239, 153
239, 157
240, 158
240, 162
241, 163
241, 167
242, 168
242, 171
243, 172
243, 175
244, 176
244, 179
245, 180
245, 184
246, 185
246, 187
247, 188
247, 191
248, 192
248, 194
249, 195
249, 197
250, 198
250, 200
251, 201
251, 202
252, 203
252, 205
253, 206
253, 207
254, 208
254, 209
255, 210
255, 211
256, 212
256, 213
257, 214
257, 215
259, 217
259, 218
261, 220
261, 221
266, 226
267, 226
268, 227
270, 227
272, 225
272, 224
273, 223
273, 205
272, 204
272, 198
271, 197
271, 193
270, 192
270, 189
269, 188
269, 184
268, 183
268, 180
267, 179
267, 176
266, 175
266, 172
265, 171
265, 169
264, 168
264, 165
263, 164
263, 162
262, 161
262, 160
261, 159
261, 158
260, 157
260, 155
259, 154
259, 153
258, 152
258, 151
257, 150
257, 149
256, 148
256, 147
255, 146
255, 145
254, 144
254, 143
252, 141
252, 140
251, 139
251, 138
249, 136
249, 135
248, 134
248, 133
246, 131
246, 130
244, 128
244, 127
242, 125
242, 124
239, 121
239, 120
237, 118
237, 117
236, 116
236, 110
235, 109
235, 94
236, 93
240, 97
240, 98
245, 103
246, 103
249, 106
250, 106
251, 107
252, 107
253, 108
259, 108
260, 107
261, 107
262, 106
263, 106
265, 104
265, 103
267, 101
267, 100
268, 99
268, 97
269, 96
269, 95
270, 94
270, 90
271, 89
271, 81
272, 80
275, 83
275, 86
276, 87
276, 91
277, 92
277, 97
278, 98
278, 101
279, 102
279, 105
280, 106
280, 109
281, 110
281, 112
282, 113
282, 115
283, 116
283, 118
284, 119
284, 121
285, 122
285, 123
286, 124
286, 126
287, 127
287, 128
288, 129
288, 130
289, 131
289, 132
291, 134
291, 135
292, 136
292, 137
296, 141
297, 141
298, 142
300, 142
301, 141
302, 141
302, 140
303, 139
303, 136
302, 135
302, 132
301, 131
301, 129
300, 128
300, 127
299, 126
299, 124
298, 123
298, 121
297, 120
297, 119
296, 118
296, 116
295, 115
295, 114
294, 113
294, 111
293, 110
293, 109
292, 108
292, 107
291, 106
291, 105
290, 104
290, 102
289, 101
289, 100
288, 99
288, 98
287, 97
287, 96
285, 94
285, 93
284, 92
284, 91
282, 89
282, 88
281, 87
281, 86
279, 84
279, 83
278, 82
278, 81
277, 80
277, 71
278, 70
278, 68
280, 66
281, 66
282, 65
283, 66
285, 66
287, 68
288, 68
301, 81
301, 82
307, 88
307, 89
316, 98
317, 98
319, 100
321, 100
322, 99
323, 99
323, 98
324, 97
324, 88
323, 87
323, 83
322, 82
322, 77
321, 76
321, 71
320, 70
320, 58
321, 57
323, 57
330, 64
330, 65
334, 69
334, 70
338, 74
338, 75
342, 79
342, 80
348, 86
349, 86
350, 87
351, 87
352, 88
355, 88
358, 85
360, 87
360, 88
362, 90
362, 91
364, 93
364, 94
365, 95
365, 96
366, 97
366, 99
367, 100
367, 101
368, 102
368, 103
369, 104
369, 105
370, 106
370, 107
371, 108
371, 109
372, 110
372, 111
373, 112
373, 113
374, 114
374, 115
375, 116
375, 117
376, 118
376, 119
378, 121
378, 122
380, 124
380, 125
387, 132
389, 132
390, 133
391, 132
392, 132
393, 131
394, 131
395, 130
395, 129
399, 125
399, 124
400, 123
401, 123
403, 121
404, 121
405, 120
407, 120
408, 119
411, 119
412, 118
412, 117
411, 116
409, 116
408, 117
405, 117
404, 118
403, 118
402, 119
401, 119
400, 120
399, 120
395, 124
395, 125
390, 130
389, 129
388, 129
382, 123
382, 122
380, 120
380, 119
378, 117
378, 116
377, 115
377, 114
376, 113
376, 112
375, 111
375, 110
374, 109
374, 108
373, 107
373, 106
372, 105
372, 103
371, 102
371, 101
370, 100
370, 99
369, 98
369, 97
368, 96
368, 95
367, 94
367, 93
366, 92
366, 91
365, 90
365, 89
363, 87
363, 86
359, 82
358, 82
357, 81
356, 81
354, 83
354, 84
353, 85
352, 85
350, 83
349, 83
347, 81
347, 80
341, 74
341, 73
337, 69
337, 68
333, 64
333, 63
329, 59
329, 58
327, 56
326, 56
324, 54
320, 54
318, 56
318, 57
317, 58
317, 68
318, 69
318, 75
319, 76
319, 81
320, 82
320, 86
321, 87
321, 96
320, 97
318, 95
317, 95
312, 90
312, 89
304, 81
304, 80
297, 73
297, 72
295, 70
294, 70
289, 65
288, 65
287, 64
286, 64
285, 63
279, 63
276, 66
276, 67
275, 68
275, 72
274, 73
274, 75
273, 76
270, 73
270, 70
269, 69
269, 66
268, 65
268, 64
267, 63
267, 61
265, 59
265, 58
259, 52
258, 52
257, 51
251, 51
250, 52
249, 52
248, 53
247, 53
246, 54
245, 54
240, 59
240, 60
237, 63
235, 63
234, 64
233, 64
232, 65
231, 65
228, 68
228, 69
227, 70
227, 77
228, 78
228, 80
229, 81
229, 82
230, 83
230, 84
231, 85
231, 86
232, 87
232, 106
233, 107
233, 109
232, 110
218, 96
217, 96
214, 93
213, 93
211, 91
210, 91
208, 89
207, 89
206, 88
205, 88
204, 87
202, 87
201, 86
197, 86
196, 87
195, 87
193, 89
193, 90
192, 91
192, 103
193, 104
193, 117
194, 118
194, 127
192, 129
191, 128
191, 127
190, 126
190, 125
189, 124
189, 123
188, 122
188, 121
187, 120
187, 118
186, 117
186, 116
185, 115
185, 114
184, 113
184, 111
183, 110
183, 108
182, 107
182, 106
181, 105
181, 103
180, 102
180, 101
179, 100
179, 98
178, 97
178, 95
177, 94
177, 93
176, 92
176, 91
175, 90
175, 89
174, 88
174, 86
173, 85
173, 84
172, 83
172, 82
171, 81
171, 80
170, 79
170, 78
168, 76
168, 75
166, 73
163, 73
162, 74
162, 77
161, 78
161, 100
162, 101
162, 125
163, 126
163, 144
162, 145
160, 143
160, 142
159, 141
159, 140
158, 139
158, 138
157, 137
157, 135
156, 134
156, 133
155, 132
155, 131
154, 130
154, 129
153, 128
153, 126
152, 125
152, 124
151, 123
151, 122
150, 121
150, 120
149, 119
149, 117
148, 116
148, 115
147, 114
147, 113
146, 112
146, 110
145, 109
145, 108
144, 107
144, 106
143, 105
143, 104
142, 103
142, 102
141, 101
141, 99
140, 98
140, 97
139, 96
139, 95
138, 94
138, 93
136, 91
136, 90
134, 88
134, 87
133, 86
132, 86
131, 85
130, 85
129, 84
128, 85
127, 85
124, 88
124, 90
123, 91
123, 94
122, 95
122, 106
123, 107
123, 115
124, 116
124, 123
125, 124
125, 130
126, 131
126, 136
127, 137
127, 141
126, 142
125, 141
125, 140
124, 139
124, 137
123, 136
123, 134
122, 133
122, 132
121, 131
121, 129
120, 128
120, 126
119, 125
119, 122
118, 121
118, 119
117, 118
117, 115
116, 114
116, 112
115, 111
115, 108
114, 107
114, 104
113, 103
113, 101
112, 100
112, 97
111, 96
111, 93
110, 92
110, 90
109, 89
109, 86
108, 85
108, 83
107, 82
107, 79
106, 78
106, 75
105, 74
105, 72
104, 71
104, 68
103, 67
103, 64
102, 63
102, 59
101, 58
101, 53
100, 52
100, 48
99, 47
99, 42
98, 41
98, 37
97, 36
97, 33
96, 32
96, 29
95, 28
95, 26
94, 25
94, 22
93, 21
93, 19
92, 18
92, 17
91, 16
237, 126
238, 125
242, 129
242, 130
243, 131
243, 132
245, 134
245, 135
247, 137
247, 138
249, 140
249, 141
250, 142
250, 143
251, 144
251, 145
253, 147
253, 148
254, 149
254, 150
255, 151
255, 152
256, 153
256, 154
257, 155
257, 157
258, 158
258, 159
259, 160
259, 162
260, 163
260, 164
261, 165
261, 167
262, 168
262, 171
263, 172
263, 175
264, 176
264, 178
265, 179
265, 183
266, 184
266, 187
267, 188
267, 191
268, 192
268, 196
269, 197
269, 202
270, 203
270, 222
268, 224
264, 220
264, 219
261, 216
261, 215
259, 213
259, 212
258, 211
258, 210
257, 209
257, 208
256, 207
256, 206
255, 205
255, 203
254, 202
254, 201
253, 200
253, 198
252, 197
252, 195
251, 194
251, 192
250, 191
250, 188
249, 187
249, 185
248, 184
248, 181
247, 180
247, 177
246, 176
246, 173
245, 172
245, 168
244, 167
244, 164
243, 163
243, 159
242, 158
242, 154
241, 153
241, 148
240, 147
240, 142
239, 141
239, 135
238, 134
238, 128
237, 127
280, 94
281, 93
283, 95
283, 96
284, 97
284, 98
285, 99
285, 100
286, 101
286, 102
287, 103
287, 104
288, 105
288, 106
289, 107
289, 108
290, 109
290, 110
291, 111
291, 113
292, 114
292, 115
293, 116
293, 118
294, 119
294, 120
295, 121
295, 123
296, 124
296, 126
297, 127
297, 128
298, 129
298, 131
299, 132
299, 135
300, 136
300, 137
299, 138
297, 138
295, 136
295, 135
293, 133
293, 132
292, 131
292, 130
290, 128
290, 127
289, 126
289, 124
288, 123
288, 122
287, 121
287, 119
286, 118
286, 116
285, 115
285, 113
284, 112
284, 110
283, 109
283, 107
282, 106
282, 103
281, 102
281, 98
280, 97
233, 67
234, 67
235, 68
235, 71
234, 72
234, 75
233, 76
233, 79
232, 80
230, 78
230, 71
231, 70
231, 69
248, 65
249, 66
252, 66
253, 67
255, 67
256, 68
257, 68
258, 69
259, 69
260, 70
261, 70
262, 71
263, 71
268, 90
267, 91
267, 94
266, 95
266, 96
265, 97
265, 98
264, 99
264, 100
254, 105
253, 104
252, 104
251, 103
250, 103
238, 91
238, 90
236, 88
236, 87
235, 81
236, 80
236, 75
237, 74
237, 71
238, 70
238, 68
250, 55
251, 54
256, 54
257, 55
258, 55
263, 60
263, 61
264, 62
264, 63
265, 64
265, 65
266, 66
266, 68
265, 69
264, 69
262, 67
261, 67
260, 66
259, 66
258, 65
256, 65
255, 64
253, 64
252, 63
248, 63
247, 62
244, 62
243, 61
243, 60
246, 57
247, 57
249, 55
