342, 2
344, 367
4, 369
2, 4
256, 189
255, 190
254, 190
247, 197
247, 198
244, 201
244, 202
242, 204
242, 205
240, 207
240, 208
239, 209
239, 210
238, 211
238, 213
237, 214
237, 215
236, 216
236, 219
235, 220
235, 225
234, 226
234, 241
233, 242
233, 243
232, 244
232, 245
235, 248
235, 250
236, 251
236, 254
237, 255
237, 257
238, 258
238, 259
239, 260
239, 261
244, 266
245, 266
246, 267
250, 267
251, 266
253, 266
255, 264
256, 264
260, 260
260, 259
262, 257
262, 256
264, 254
264, 253
265, 252
265, 251
266, 250
266, 249
267, 248
267, 247
268, 246
270, 248
270, 250
272, 252
273, 252
274, 253
275, 253
276, 252
278, 252
279, 251
280, 251
293, 238
294, 238
296, 240
301, 240
302, 239
303, 239
305, 237
306, 237
309, 234
310, 234
319, 225
320, 226
320, 228
319, 229
319, 232
318, 233
318, 235
317, 236
317, 239
316, 240
316, 243
315, 244
315, 247
314, 248
314, 262
315, 263
315, 264
318, 267
321, 267
322, 268
323, 267
329, 267
331, 265
331, 264
329, 262
326, 262
325, 263
321, 263
318, 260
318, 252
319, 251
319, 247
320, 246
320, 243
321, 242
321, 239
322, 238
322, 235
323, 234
323, 232
324, 231
324, 229
325, 228
325, 225
326, 224
326, 222
327, 221
327, 214
326, 213
324, 213
306, 231
305, 231
302, 234
301, 234
300, 235
298, 235
296, 233
295, 233
294, 232
293, 233
292, 233
291, 234
290, 234
276, 248
275, 248
274, 247
274, 246
273, 245
273, 226
274, 225
274, 218
275, 217
275, 211
276, 210
276, 207
274, 205
273, 205
271, 207
271, 212
270, 213
270, 219
269, 220
269, 225
268, 226
268, 230
267, 231
267, 234
266, 235
266, 237
265, 238
265, 240
264, 241
264, 243
263, 244
263, 245
262, 246
262, 248
261, 249
261, 250
259, 252
259, 253
257, 255
257, 256
252, 261
251, 261
250, 262
247, 262
246, 261
245, 261
244, 260
244, 259
242, 257
242, 255
241, 254
241, 252
240, 251
240, 248
239, 247
239, 240
240, 239
240, 238
241, 237
241, 236
242, 235
242, 234
243, 233
243, 232
244, 231
244, 230
246, 228
246, 227
249, 224
249, 223
251, 221
251, 220
254, 217
254, 216
256, 214
256, 213
258, 211
258, 210
259, 209
259, 208
260, 207
260, 206
261, 205
261, 204
262, 203
262, 200
263, 199
263, 193
262, 192
262, 191
260, 189
257, 194
258, 195
258, 200
257, 201
257, 203
256, 204
256, 205
255, 206
255, 207
253, 209
253, 210
252, 211
252, 212
249, 215
249, 216
246, 219
246, 220
243, 223
243, 224
240, 227
239, 226
239, 223
240, 222
240, 219
241, 218
241, 216
242, 215
242, 214
243, 213
243, 212
244, 211
244, 210
245, 209
245, 208
247, 206
247, 205
249, 203
249, 202
87, 66
86, 67
85, 67
85, 69
84, 70
84, 73
83, 74
83, 76
82, 77
82, 80
81, 81
81, 84
80, 85
80, 87
79, 88
79, 91
78, 92
78, 96
77, 97
77, 100
76, 101
76, 104
75, 105
75, 109
74, 110
74, 113
73, 114
73, 118
72, 119
72, 123
71, 124
71, 128
70, 129
70, 133
69, 134
69, 139
68, 140
68, 144
67, 145
67, 150
66, 151
66, 156
65, 157
65, 162
64, 163
64, 168
63, 169
63, 174
62, 175
62, 180
61, 181
61, 186
60, 187
60, 192
59, 193
59, 198
58, 199
58, 204
57, 205
57, 210
56, 211
56, 216
55, 217
55, 222
54, 223
54, 229
53, 230
53, 238
54, 239
54, 240
57, 243
58, 243
60, 241
59, 240
59, 239
57, 237
57, 232
58, 231
58, 224
59, 223
59, 218
60, 217
60, 212
61, 211
61, 206
62, 205
62, 200
63, 199
63, 194
64, 193
64, 188
65, 187
65, 182
66, 181
66, 176
67, 175
67, 170
68, 169
68, 164
69, 163
69, 158
70, 157
70, 152
71, 151
71, 146
72, 145
72, 141
73, 140
73, 135
74, 134
74, 130
75, 129
75, 125
76, 124
76, 120
77, 119
77, 115
78, 114
78, 111
79, 110
79, 106
80, 105
80, 102
81, 101
81, 98
82, 97
82, 93
83, 92
83, 89
84, 88
84, 86
85, 85
85, 82
86, 81
86, 78
87, 77
87, 75
88, 74
88, 71
89, 70
89, 67
88, 67
255, 42
254, 43
254, 45
253, 46
253, 48
252, 49
252, 50
251, 51
251, 53
250, 54
250, 55
249, 56
249, 57
248, 58
248, 60
247, 61
247, 62
246, 63
246, 64
245, 65
245, 67
244, 68
244, 69
243, 70
243, 72
242, 73
242, 75
241, 76
241, 77
240, 78
240, 80
239, 81
239, 83
238, 84
238, 86
237, 87
237, 89
236, 90
236, 92
235, 93
235, 95
234, 96
234, 98
233, 99
233, 101
232, 102
232, 104
231, 105
231, 108
230, 109
230, 111
229, 112
229, 115
228, 116
228, 118
227, 119
227, 122
226, 123
226, 126
225, 127
225, 130
224, 131
224, 134
223, 135
223, 138
222, 139
222, 143
221, 144
221, 147
220, 148
220, 152
219, 153
219, 156
218, 157
218, 159
217, 160
217, 162
216, 163
216, 165
215, 166
215, 167
214, 168
214, 170
213, 171
213, 173
212, 174
212, 175
211, 176
211, 178
210, 179
210, 181
209, 182
209, 184
208, 185
208, 186
207, 187
207, 189
206, 190
206, 192
205, 193
205, 194
204, 195
204, 197
203, 198
203, 199
202, 200
202, 202
201, 203
201, 204
200, 205
200, 206
199, 207
199, 209
198, 210
198, 211
197, 212
197, 213
196, 214
196, 215
195, 216
195, 217
194, 218
194, 219
193, 220
193, 221
192, 222
192, 223
191, 224
191, 225
190, 226
190, 227
189, 228
189, 229
188, 230
188, 231
187, 232
187, 233
186, 234
186, 235
185, 236
185, 237
184, 238
184, 239
183, 240
183, 241
181, 243
181, 244
175, 250
174, 250
172, 248
172, 247
171, 246
171, 234
172, 233
172, 229
173, 228
173, 224
174, 223
174, 221
175, 220
175, 218
176, 217
176, 215
177, 214
177, 213
178, 212
178, 207
176, 207
175, 208
175, 209
174, 210
174, 211
173, 212
173, 214
172, 215
172, 217
171, 218
171, 219
170, 220
170, 222
169, 223
169, 224
168, 225
168, 226
167, 227
167, 228
166, 229
166, 230
165, 231
165, 233
164, 234
164, 235
162, 237
162, 238
161, 239
161, 240
160, 241
160, 242
159, 243
159, 244
157, 246
157, 247
155, 249
155, 250
152, 253
151, 253
150, 254
149, 253
149, 252
148, 251
148, 240
149, 239
149, 234
150, 233
150, 229
151, 228
151, 224
152, 223
152, 220
153, 219
153, 216
154, 215
154, 212
155, 211
155, 209
156, 208
156, 205
157, 204
157, 202
158, 201
158, 199
157, 198
155, 198
154, 199
154, 200
153, 201
153, 203
152, 204
152, 205
151, 206
151, 208
150, 209
150, 210
149, 211
149, 212
148, 213
148, 215
147, 216
147, 217
146, 218
146, 219
145, 220
145, 221
144, 222
144, 224
143, 225
143, 226
142, 227
142, 228
141, 229
141, 230
140, 231
140, 232
139, 233
139, 234
138, 235
138, 237
137, 238
137, 239
136, 240
136, 241
135, 242
135, 243
134, 244
134, 245
133, 246
133, 247
132, 248
132, 249
130, 251
130, 252
129, 253
129, 254
127, 256
127, 257
125, 259
125, 260
123, 262
122, 262
121, 263
120, 262
120, 260
119, 259
119, 240
120, 239
120, 228
121, 227
121, 220
122, 219
122, 213
123, 212
123, 208
124, 207
124, 203
125, 202
125, 198
126, 197
126, 193
127, 192
127, 188
128, 187
128, 182
129, 181
129, 176
130, 175
130, 171
129, 170
129, 169
128, 168
126, 168
125, 169
125, 170
124, 171
124, 172
123, 173
123, 175
122, 176
122, 177
121, 178
121, 179
120, 180
120, 182
119, 183
119, 184
118, 185
118, 187
117, 188
117, 189
116, 190
116, 192
115, 193
115, 195
114, 196
114, 197
113, 198
113, 200
112, 201
112, 203
111, 204
111, 206
110, 207
110, 209
109, 210
109, 212
108, 213
108, 215
107, 216
107, 218
106, 219
106, 222
105, 223
105, 225
104, 226
104, 228
103, 229
103, 232
102, 233
102, 235
101, 236
101, 238
100, 239
100, 242
99, 243
99, 245
98, 246
98, 249
97, 250
97, 252
96, 253
95, 252
95, 248
96, 247
96, 242
97, 241
97, 237
98, 236
98, 231
99, 230
99, 226
100, 225
100, 220
101, 219
101, 214
102, 213
102, 208
103, 207
103, 202
104, 201
104, 195
105, 194
105, 189
106, 188
106, 183
107, 182
107, 178
108, 177
108, 172
109, 171
109, 167
110, 166
110, 161
111, 160
111, 158
112, 157
112, 155
111, 154
109, 154
108, 155
108, 158
107, 159
107, 164
106, 165
106, 169
105, 170
105, 175
104, 176
104, 180
103, 181
103, 186
102, 187
102, 192
101, 193
101, 198
100, 199
100, 204
99, 205
99, 211
98, 212
98, 217
97, 218
97, 222
96, 223
96, 228
95, 229
95, 234
94, 235
94, 239
93, 240
93, 245
92, 246
92, 250
91, 251
91, 256
90, 257
90, 261
89, 262
89, 266
88, 267
88, 271
87, 272
87, 276
86, 277
86, 282
85, 283
85, 287
84, 288
84, 292
83, 293
83, 297
82, 298
82, 301
81, 302
81, 306
80, 307
80, 311
79, 312
79, 315
78, 316
78, 320
77, 321
77, 324
76, 325
76, 328
75, 329
75, 332
74, 333
74, 336
73, 337
73, 340
72, 341
72, 345
71, 346
71, 348
70, 349
70, 354
73, 354
73, 353
74, 352
74, 349
75, 348
75, 345
76, 344
76, 341
77, 340
77, 337
78, 336
78, 333
79, 332
79, 329
80, 328
80, 325
81, 324
81, 321
82, 320
82, 317
83, 316
83, 313
84, 312
84, 309
85, 308
85, 305
86, 304
86, 301
87, 300
87, 297
88, 296
88, 294
89, 293
89, 290
90, 289
90, 286
91, 285
91, 282
92, 281
92, 279
93, 278
93, 275
94, 274
94, 272
95, 271
95, 269
96, 268
96, 265
97, 264
97, 262
98, 261
98, 258
99, 257
99, 255
100, 254
100, 251
101, 250
101, 248
102, 247
102, 245
103, 244
103, 241
104, 240
104, 238
105, 237
105, 234
106, 233
106, 231
107, 230
107, 228
108, 227
108, 224
109, 223
109, 221
110, 220
110, 218
111, 217
111, 215
112, 214
112, 212
113, 211
113, 209
114, 208
114, 206
115, 205
115, 203
116, 202
116, 200
117, 199
117, 197
118, 196
118, 195
119, 194
119, 192
120, 191
120, 189
121, 188
121, 187
122, 186
122, 184
124, 182
125, 183
125, 185
124, 186
124, 190
123, 191
123, 195
122, 196
122, 200
121, 201
121, 205
120, 206
120, 210
119, 211
119, 216
118, 217
118, 224
117, 225
117, 234
116, 235
116, 261
117, 262
117, 264
118, 265
118, 266
119, 266
120, 267
122, 267
124, 265
125, 265
127, 263
127, 262
130, 259
130, 258
132, 256
132, 255
133, 254
133, 253
134, 252
134, 251
135, 250
135, 249
137, 247
137, 246
138, 245
138, 244
139, 243
139, 241
140, 240
140, 239
141, 238
141, 237
142, 236
142, 235
143, 234
143, 233
144, 232
144, 231
145, 230
146, 237
145, 238
145, 253
146, 254
146, 255
148, 257
152, 257
153, 256
154, 256
158, 252
158, 251
160, 249
160, 248
161, 247
161, 246
163, 244
163, 243
164, 242
164, 241
165, 240
165, 239
166, 238
167, 239
167, 243
168, 244
168, 248
169, 249
169, 250
170, 251
170, 252
171, 253
172, 253
173, 254
175, 254
176, 253
177, 253
178, 252
179, 252
180, 251
180, 250
184, 246
184, 245
185, 244
185, 243
187, 241
187, 240
188, 239
188, 238
189, 237
189, 236
190, 235
190, 234
191, 233
191, 232
192, 231
192, 230
193, 229
193, 228
194, 227
194, 226
195, 225
195, 224
196, 223
196, 222
197, 221
197, 220
198, 219
198, 218
199, 217
199, 216
200, 215
200, 214
201, 213
201, 211
202, 210
202, 209
203, 208
203, 207
204, 206
204, 204
205, 203
205, 202
206, 201
206, 199
207, 198
207, 197
208, 196
208, 194
210, 198
209, 199
209, 203
208, 204
208, 208
207, 209
207, 212
206, 213
206, 217
205, 218
205, 223
204, 224
204, 228
203, 229
203, 233
202, 234
202, 239
201, 240
201, 244
200, 245
200, 251
199, 252
199, 259
198, 260
198, 264
199, 265
199, 268
201, 270
206, 270
207, 269
208, 269
216, 261
216, 260
218, 258
218, 257
219, 256
219, 255
220, 254
220, 253
221, 252
221, 251
222, 250
222, 249
223, 248
223, 245
224, 244
224, 231
223, 230
223, 229
222, 228
222, 227
219, 224
218, 224
217, 223
215, 223
214, 222
209, 222
208, 221
208, 220
209, 219
209, 215
210, 214
210, 211
211, 210
211, 206
212, 205
212, 201
213, 200
213, 196
214, 195
214, 192
215, 191
215, 187
216, 186
216, 182
217, 181
217, 177
218, 176
218, 173
219, 172
219, 168
220, 167
220, 164
221, 163
221, 160
222, 159
222, 156
223, 155
223, 154
224, 153
224, 151
225, 150
225, 148
226, 147
226, 145
227, 144
227, 142
228, 141
228, 139
229, 138
229, 136
230, 135
230, 134
231, 133
231, 131
232, 130
232, 128
233, 127
233, 125
234, 124
234, 122
235, 121
235, 119
236, 118
236, 116
237, 115
237, 113
238, 112
238, 110
239, 109
239, 107
240, 106
240, 104
241, 103
241, 100
242, 99
242, 97
243, 96
243, 93
244, 92
244, 90
245, 89
245, 87
246, 86
246, 83
247, 82
247, 80
248, 79
248, 76
249, 75
249, 72
250, 71
250, 69
251, 68
251, 66
252, 65
252, 62
253, 61
253, 59
254, 58
254, 55
255, 54
255, 52
256, 51
256, 49
257, 48
257, 46
258, 45
258, 43
257, 42
147, 229
145, 230
209, 227
210, 226
215, 226
216, 227
217, 227
219, 229
219, 230
220, 231
220, 232
221, 233
221, 242
220, 243
220, 246
219, 247
219, 249
218, 250
218, 251
217, 252
217, 253
215, 255
215, 256
213, 258
213, 259
206, 266
205, 266
204, 267
202, 265
202, 254
203, 253
203, 248
204, 247
204, 242
205, 241
205, 236
206, 235
206, 232
207, 231
208, 231
209, 230
144, 15
143, 16
139, 16
138, 17
135, 17
134, 18
132, 18
131, 19
128, 19
127, 20
124, 20
123, 21
121, 21
120, 22
118, 22
117, 23
115, 23
114, 24
111, 24
110, 25
108, 25
107, 26
105, 26
104, 27
102, 27
101, 28
99, 28
98, 29
95, 29
94, 30
92, 30
91, 31
88, 31
87, 32
85, 32
84, 33
82, 33
81, 34
79, 34
78, 35
76, 35
75, 36
72, 36
71, 37
69, 37
68, 38
67, 38
66, 39
64, 39
63, 40
61, 40
60, 41
59, 41
58, 42
56, 42
55, 43
54, 43
53, 44
52, 44
51, 45
49, 45
48, 46
47, 46
46, 47
45, 47
44, 48
43, 48
42, 49
41, 49
40, 50
38, 50
37, 51
36, 51
35, 52
34, 52
33, 53
32, 53
31, 54
30, 54
29, 55
27, 55
25, 57
24, 57
23, 58
22, 58
17, 63
17, 64
16, 65
16, 66
15, 67
15, 71
16, 72
17, 72
18, 71
18, 69
19, 68
19, 67
20, 66
20, 65
24, 61
25, 61
26, 60
27, 60
29, 58
31, 58
32, 57
33, 57
34, 56
35, 56
36, 55
37, 55
38, 54
39, 54
40, 53
42, 53
43, 52
44, 52
45, 51
46, 51
47, 50
48, 50
49, 49
51, 49
52, 48
53, 48
54, 47
55, 47
56, 46
57, 46
58, 45
60, 45
61, 44
62, 44
63, 43
65, 43
66, 42
68, 42
69, 41
71, 41
72, 42
72, 43
71, 44
71, 46
70, 47
70, 49
69, 50
69, 53
68, 54
68, 58
67, 59
67, 62
66, 63
66, 67
65, 68
65, 71
64, 72
64, 76
63, 77
63, 80
62, 81
62, 85
61, 86
61, 89
60, 90
60, 93
59, 94
59, 97
58, 98
58, 101
57, 102
57, 106
56, 107
56, 110
55, 111
55, 114
54, 115
54, 118
53, 119
53, 122
52, 123
52, 126
51, 127
51, 131
50, 132
50, 135
49, 136
49, 139
48, 140
48, 143
47, 144
47, 147
46, 148
46, 151
45, 152
45, 156
44, 157
44, 160
43, 161
43, 164
42, 165
42, 169
41, 170
41, 173
40, 174
40, 177
39, 178
39, 182
38, 183
38, 186
37, 187
37, 190
36, 191
36, 195
35, 196
35, 200
34, 201
34, 205
33, 206
33, 210
32, 211
32, 215
31, 216
31, 221
30, 222
30, 233
31, 234
34, 234
35, 233
35, 232
33, 230
33, 224
34, 223
34, 218
35, 217
35, 213
36, 212
36, 207
37, 206
37, 202
38, 201
38, 198
39, 197
39, 193
40, 192
40, 188
41, 187
41, 184
42, 183
42, 180
43, 179
43, 175
44, 174
44, 171
45, 170
45, 167
46, 166
46, 162
47, 161
47, 158
48, 157
48, 154
49, 153
49, 149
50, 148
50, 145
51, 144
51, 141
52, 140
52, 137
53, 136
53, 133
54, 132
54, 129
55, 128
55, 125
56, 124
56, 120
57, 119
57, 116
58, 115
58, 112
59, 111
59, 108
60, 107
60, 104
61, 103
61, 100
62, 99
62, 95
63, 94
63, 91
64, 90
64, 87
65, 86
65, 82
66, 81
66, 78
67, 77
67, 74
68, 73
68, 69
69, 68
69, 64
70, 63
70, 60
71, 59
71, 56
72, 55
72, 52
73, 51
73, 48
74, 47
74, 45
75, 44
75, 42
76, 41
76, 40
78, 38
80, 38
81, 37
83, 37
84, 36
86, 36
87, 35
90, 35
91, 34
93, 34
94, 33
97, 33
98, 32
100, 32
101, 31
103, 31
104, 30
106, 30
107, 29
109, 29
110, 28
113, 28
114, 27
116, 27
117, 26
119, 26
120, 25
122, 25
123, 24
126, 24
127, 23
129, 23
130, 22
133, 22
134, 21
137, 21
138, 20
141, 20
142, 19
151, 19
152, 20
154, 20
155, 19
155, 17
154, 16
148, 16
147, 15
