4, 2
382, 4
380, 369
2, 367
219, 15
218, 16
218, 19
219, 20
219, 23
220, 24
220, 26
221, 27
221, 30
222, 31
222, 33
223, 34
223, 36
224, 37
224, 40
225, 41
225, 43
226, 44
226, 46
227, 47
227, 49
228, 50
228, 52
229, 53
229, 55
230, 56
230, 57
231, 58
231, 60
232, 61
232, 63
233, 64
233, 66
234, 67
234, 69
235, 70
235, 72
236, 73
236, 75
237, 76
237, 77
238, 78
238, 80
239, 81
239, 83
240, 84
240, 86
241, 87
241, 89
242, 90
242, 92
243, 93
243, 94
244, 95
244, 97
245, 98
245, 100
246, 101
246, 103
247, 104
247, 106
248, 107
248, 108
249, 109
249, 111
250, 112
250, 114
251, 115
251, 117
252, 118
252, 120
253, 121
253, 122
254, 123
254, 125
255, 126
255, 128
256, 129
256, 131
257, 132
257, 134
258, 135
258, 136
259, 137
259, 138
258, 139
257, 139
254, 136
253, 136
251, 134
250, 134
248, 132
247, 132
244, 129
243, 129
240, 126
239, 126
236, 123
235, 123
233, 121
232, 121
230, 119
229, 119
227, 117
226, 117
225, 116
223, 116
222, 115
218, 115
214, 119
214, 123
215, 124
215, 126
216, 127
216, 128
217, 129
217, 130
219, 132
219, 133
220, 134
216, 134
216, 133
213, 130
213, 129
209, 125
209, 124
205, 120
205, 119
193, 107
192, 107
191, 106
190, 106
189, 105
186, 105
184, 107
184, 109
183, 110
183, 111
184, 112
184, 115
185, 116
185, 118
186, 119
186, 121
187, 122
187, 125
188, 126
188, 128
187, 129
185, 127
185, 126
182, 123
182, 122
180, 120
180, 118
179, 117
179, 116
178, 115
178, 114
169, 105
168, 105
159, 96
158, 96
156, 94
155, 94
154, 93
152, 93
151, 92
147, 92
146, 93
145, 93
144, 94
143, 93
140, 93
139, 92
136, 92
135, 91
132, 91
131, 90
129, 90
127, 88
127, 82
126, 81
126, 74
125, 73
123, 73
122, 74
122, 80
123, 81
123, 87
122, 88
119, 88
118, 87
115, 87
114, 86
111, 86
110, 85
106, 85
105, 84
102, 84
101, 83
96, 83
95, 82
91, 82
90, 81
87, 81
85, 79
85, 78
84, 77
84, 76
82, 74
82, 73
76, 67
75, 67
74, 66
71, 66
70, 67
69, 67
67, 69
67, 70
66, 71
66, 74
65, 75
61, 75
60, 74
57, 74
56, 73
53, 73
52, 72
48, 72
47, 71
36, 71
34, 69
34, 67
33, 66
33, 64
32, 63
32, 61
31, 60
31, 57
30, 56
30, 54
29, 53
29, 51
28, 50
28, 48
27, 47
27, 45
26, 44
26, 42
25, 41
25, 40
24, 39
24, 38
22, 36
22, 35
21, 35
20, 34
18, 34
16, 36
16, 52
17, 53
17, 60
18, 61
18, 67
19, 68
19, 74
20, 75
20, 81
21, 82
21, 88
22, 89
22, 95
23, 96
23, 100
24, 101
24, 103
25, 104
25, 105
26, 105
27, 106
29, 104
29, 103
28, 102
28, 101
27, 100
27, 97
28, 96
29, 97
29, 98
31, 100
31, 101
32, 102
32, 103
34, 105
34, 106
36, 108
36, 109
38, 111
38, 112
40, 114
40, 115
42, 117
42, 118
45, 121
45, 122
47, 124
47, 126
48, 127
48, 129
49, 130
49, 132
50, 133
50, 136
51, 137
51, 139
52, 140
52, 142
53, 143
53, 145
54, 146
54, 149
55, 150
55, 152
56, 153
56, 155
57, 156
57, 159
58, 160
58, 162
59, 163
59, 165
60, 166
60, 169
61, 170
61, 172
62, 173
62, 176
63, 177
63, 179
64, 180
64, 182
65, 183
65, 186
66, 187
66, 189
67, 190
67, 192
68, 193
68, 195
69, 196
69, 199
70, 200
70, 202
71, 203
71, 205
72, 206
72, 208
73, 209
73, 211
74, 212
74, 214
75, 215
75, 218
76, 219
76, 221
77, 222
77, 224
78, 225
78, 227
79, 228
79, 230
80, 231
80, 234
81, 235
81, 237
82, 238
82, 240
83, 241
83, 243
84, 244
84, 247
85, 248
85, 250
86, 251
86, 253
87, 254
87, 256
88, 257
88, 260
89, 261
89, 263
90, 264
90, 266
91, 267
91, 270
92, 271
92, 274
93, 275
93, 278
92, 279
90, 279
89, 280
69, 280
68, 281
56, 281
55, 282
45, 282
44, 283
36, 283
35, 284
21, 284
20, 285
17, 285
16, 286
16, 287
17, 288
32, 288
33, 287
42, 287
43, 286
52, 286
53, 285
65, 285
66, 284
84, 284
85, 283
93, 283
95, 285
95, 287
96, 288
96, 292
97, 293
97, 296
98, 297
98, 300
99, 301
99, 304
100, 305
100, 308
101, 309
101, 313
102, 314
102, 316
103, 317
103, 320
104, 321
104, 323
105, 324
105, 327
106, 328
106, 330
107, 331
107, 333
108, 334
108, 336
109, 337
109, 338
110, 339
110, 341
113, 344
114, 344
115, 343
115, 338
114, 337
114, 334
113, 333
113, 330
112, 329
112, 326
111, 325
111, 322
110, 321
110, 319
109, 318
109, 315
108, 314
108, 312
107, 311
107, 308
106, 307
106, 305
105, 304
105, 301
104, 300
104, 298
103, 297
103, 294
102, 293
102, 291
101, 290
101, 287
100, 286
100, 283
101, 282
106, 282
107, 281
111, 281
112, 280
116, 280
117, 279
121, 279
122, 278
124, 278
125, 277
127, 277
128, 276
130, 276
131, 275
132, 275
133, 274
134, 274
136, 272
137, 272
145, 264
145, 263
146, 262
146, 261
148, 259
149, 260
149, 262
150, 263
150, 265
151, 266
151, 269
152, 270
152, 272
153, 273
153, 276
154, 277
154, 279
155, 280
155, 283
156, 284
156, 287
157, 288
157, 291
158, 292
158, 295
159, 296
159, 299
160, 300
160, 303
161, 304
161, 307
162, 308
162, 311
163, 312
163, 315
164, 316
164, 319
165, 320
165, 323
166, 324
166, 327
167, 328
167, 331
168, 332
168, 335
169, 336
169, 337
170, 337
171, 338
173, 336
173, 334
172, 333
172, 330
171, 329
171, 326
170, 325
170, 322
169, 321
169, 318
168, 317
168, 314
167, 313
167, 310
166, 309
166, 306
165, 305
165, 302
164, 301
164, 298
163, 297
163, 294
162, 293
162, 290
161, 289
161, 286
160, 285
160, 281
159, 280
159, 276
158, 275
158, 272
157, 271
157, 267
156, 266
156, 262
155, 261
155, 257
154, 256
154, 252
153, 251
153, 247
152, 246
152, 242
151, 241
151, 236
150, 235
150, 231
149, 230
149, 225
148, 224
148, 220
147, 219
147, 214
146, 213
146, 209
145, 208
145, 203
144, 202
144, 197
143, 196
143, 192
142, 191
142, 186
141, 185
141, 179
140, 178
140, 173
139, 172
139, 167
138, 166
138, 161
137, 160
137, 155
136, 154
136, 149
135, 148
135, 142
134, 141
134, 135
133, 134
133, 129
132, 128
132, 121
131, 120
131, 114
130, 113
130, 107
129, 106
129, 99
128, 98
128, 95
129, 94
131, 94
132, 95
135, 95
136, 96
139, 96
141, 98
141, 100
140, 101
140, 108
141, 109
141, 111
142, 112
142, 113
143, 114
143, 115
145, 117
145, 118
151, 124
152, 124
154, 126
155, 126
156, 127
157, 127
158, 128
159, 128
160, 129
162, 129
163, 130
174, 130
175, 129
176, 129
179, 126
183, 130
183, 131
186, 134
186, 135
189, 138
189, 139
192, 142
193, 142
194, 143
195, 142
196, 142
196, 139
195, 138
195, 135
194, 134
194, 132
193, 131
193, 129
192, 128
192, 126
191, 125
191, 122
190, 121
190, 119
189, 118
189, 116
188, 115
188, 112
187, 111
187, 110
188, 109
189, 109
191, 111
192, 111
199, 118
199, 119
203, 123
203, 124
207, 128
207, 129
211, 133
211, 134
215, 138
215, 139
218, 142
218, 143
223, 148
223, 149
227, 153
227, 154
230, 157
233, 157
233, 152
232, 151
232, 150
231, 149
231, 148
230, 147
230, 146
229, 145
229, 144
228, 143
228, 142
227, 141
227, 140
226, 139
226, 138
225, 137
225, 136
224, 135
224, 134
223, 133
223, 132
222, 131
222, 130
221, 129
221, 128
220, 127
220, 126
219, 125
219, 124
218, 123
218, 120
219, 119
222, 119
223, 120
224, 120
225, 121
226, 121
228, 123
229, 123
231, 125
232, 125
235, 128
236, 128
239, 131
240, 131
243, 134
244, 134
246, 136
247, 136
249, 138
250, 138
253, 141
254, 141
256, 143
257, 143
260, 146
261, 146
262, 147
262, 148
263, 149
263, 150
264, 151
264, 153
265, 154
265, 155
266, 156
266, 158
267, 159
267, 161
268, 162
268, 163
269, 164
269, 166
270, 167
270, 169
271, 170
271, 171
272, 172
272, 174
273, 175
273, 177
274, 178
274, 180
275, 181
275, 182
276, 183
276, 185
277, 186
277, 188
278, 189
278, 190
279, 191
279, 193
280, 194
280, 196
281, 197
281, 198
282, 199
282, 201
283, 202
283, 204
284, 205
284, 206
285, 207
285, 209
286, 210
286, 211
287, 212
287, 214
288, 215
288, 217
289, 218
289, 219
290, 220
290, 222
291, 223
291, 224
292, 225
292, 227
293, 228
293, 230
294, 231
294, 232
295, 233
295, 235
296, 236
296, 237
297, 238
297, 240
298, 241
298, 242
299, 243
299, 245
300, 246
300, 247
301, 248
301, 250
302, 251
302, 252
303, 253
303, 255
304, 256
304, 257
305, 258
305, 260
306, 261
306, 262
307, 263
307, 265
308, 266
308, 267
309, 268
309, 269
310, 270
310, 272
311, 273
311, 274
312, 275
312, 276
313, 277
313, 279
314, 280
314, 281
315, 282
315, 283
316, 284
316, 285
317, 286
317, 288
318, 289
318, 290
319, 291
319, 292
320, 293
320, 294
321, 295
321, 296
322, 297
322, 299
323, 300
323, 301
324, 302
324, 303
325, 304
325, 305
326, 306
326, 307
327, 308
327, 309
328, 310
328, 311
329, 312
329, 313
330, 314
330, 315
331, 316
331, 317
332, 318
332, 319
334, 321
334, 322
335, 323
335, 324
336, 325
336, 326
338, 328
338, 329
339, 330
339, 331
341, 333
341, 334
342, 335
342, 336
344, 338
344, 339
347, 342
347, 343
350, 346
350, 347
356, 353
357, 353
358, 354
360, 354
361, 355
362, 354
364, 354
365, 353
365, 352
366, 351
366, 350
367, 349
367, 333
366, 332
366, 326
365, 325
365, 320
364, 319
364, 316
363, 315
363, 311
362, 310
362, 307
361, 306
361, 304
360, 303
360, 300
359, 299
359, 296
358, 295
358, 292
357, 291
357, 289
356, 288
356, 285
355, 284
355, 282
354, 281
354, 279
353, 278
353, 276
352, 275
352, 273
351, 272
351, 271
350, 270
350, 268
349, 267
349, 265
348, 264
348, 263
347, 262
347, 260
346, 259
346, 258
345, 257
345, 255
344, 254
344, 253
343, 252
343, 251
342, 250
342, 248
341, 247
341, 246
340, 245
340, 244
339, 243
339, 242
338, 241
338, 240
337, 239
337, 238
336, 237
336, 236
335, 235
335, 234
334, 233
334, 232
333, 231
333, 230
332, 229
332, 228
331, 227
331, 226
330, 225
330, 224
329, 223
329, 222
327, 220
327, 219
326, 218
326, 217
325, 216
325, 215
323, 213
323, 212
322, 211
322, 210
320, 208
320, 207
318, 205
318, 204
317, 203
317, 202
315, 200
315, 199
312, 196
312, 195
310, 193
310, 192
308, 190
308, 189
305, 186
305, 185
302, 182
302, 181
297, 176
297, 175
292, 170
292, 169
276, 153
275, 153
270, 148
269, 148
265, 144
265, 143
264, 142
264, 140
263, 139
263, 137
262, 136
262, 134
261, 133
261, 132
260, 131
260, 129
259, 128
259, 126
258, 125
258, 123
257, 122
257, 120
256, 119
256, 118
255, 117
255, 115
254, 114
254, 112
253, 111
253, 109
252, 108
252, 106
251, 105
251, 104
250, 103
250, 101
249, 100
249, 98
248, 97
248, 95
247, 94
247, 93
246, 92
246, 90
245, 89
245, 87
244, 86
244, 84
243, 83
243, 81
242, 80
242, 78
241, 77
241, 75
240, 74
240, 73
239, 72
239, 70
238, 69
238, 67
237, 66
237, 64
236, 63
236, 61
235, 60
235, 58
234, 57
234, 55
233, 54
233, 53
232, 52
232, 50
231, 49
231, 47
230, 46
230, 44
229, 43
229, 41
228, 40
228, 37
227, 36
227, 34
226, 33
226, 31
225, 30
225, 28
224, 27
224, 24
223, 23
223, 20
222, 19
222, 17
220, 15
145, 226
143, 227
82, 218
80, 219
78, 168
79, 167
84, 172
84, 173
91, 180
91, 181
97, 187
97, 188
104, 195
104, 196
108, 200
108, 201
112, 205
112, 206
115, 209
115, 210
118, 213
118, 214
121, 217
121, 218
124, 221
124, 222
126, 224
126, 225
128, 227
128, 228
130, 230
130, 231
132, 233
132, 234
134, 236
134, 237
136, 239
136, 240
138, 242
138, 243
139, 244
139, 245
140, 246
140, 247
141, 248
141, 249
142, 250
142, 251
143, 252
143, 259
142, 260
142, 261
141, 262
141, 263
136, 268
135, 268
133, 270
132, 270
131, 271
130, 271
129, 272
128, 272
127, 273
125, 273
124, 274
122, 274
121, 275
118, 275
117, 276
113, 276
112, 277
108, 277
107, 278
102, 278
101, 279
99, 279
98, 278
98, 277
97, 276
97, 273
96, 272
96, 269
95, 268
95, 265
94, 264
94, 260
93, 259
93, 255
92, 254
92, 250
91, 249
91, 245
90, 244
90, 240
89, 239
89, 234
88, 233
88, 229
87, 228
87, 223
86, 222
86, 218
85, 217
85, 212
84, 211
84, 206
83, 205
83, 199
82, 198
82, 193
81, 192
81, 187
80, 186
80, 180
79, 179
79, 173
78, 172
272, 155
291, 174
291, 175
297, 181
297, 182
300, 185
300, 186
303, 189
303, 190
306, 193
306, 194
308, 196
308, 197
310, 199
310, 200
313, 203
313, 204
314, 205
314, 206
316, 208
316, 209
318, 211
318, 212
319, 213
319, 214
321, 216
321, 217
322, 218
322, 219
324, 221
324, 222
325, 223
325, 224
326, 225
326, 226
328, 228
328, 229
329, 230
329, 231
330, 232
330, 233
331, 234
331, 235
332, 236
332, 237
333, 238
333, 239
334, 240
334, 241
335, 242
335, 243
336, 244
336, 246
337, 247
337, 248
338, 249
338, 250
339, 251
339, 252
340, 253
340, 255
341, 256
341, 257
342, 258
342, 259
343, 260
343, 262
344, 263
344, 265
345, 266
345, 267
346, 268
346, 270
347, 271
347, 272
348, 273
348, 275
349, 276
349, 278
350, 279
350, 281
351, 282
351, 284
352, 285
352, 288
353, 289
353, 291
354, 292
354, 295
355, 296
355, 298
356, 299
356, 302
357, 303
357, 306
358, 307
358, 310
359, 311
359, 314
360, 315
360, 319
361, 320
361, 324
362, 325
362, 331
363, 332
363, 349
361, 351
360, 350
359, 350
352, 343
352, 342
349, 339
349, 338
346, 335
346, 334
345, 333
345, 332
343, 330
343, 329
341, 327
341, 326
340, 325
340, 324
338, 322
338, 321
337, 320
337, 319
336, 318
336, 317
335, 316
335, 315
334, 314
334, 313
333, 312
333, 311
332, 310
332, 309
331, 308
331, 307
330, 306
330, 305
329, 304
329, 303
328, 302
328, 301
327, 300
327, 299
326, 298
326, 297
325, 296
325, 295
324, 294
324, 293
323, 292
323, 290
322, 289
322, 288
321, 287
321, 286
320, 285
320, 284
319, 283
319, 282
318, 281
318, 279
317, 278
317, 277
316, 276
316, 275
315, 274
315, 272
314, 271
314, 270
313, 269
313, 268
312, 267
312, 265
311, 264
311, 263
310, 262
310, 260
309, 259
309, 258
308, 257
308, 255
307, 254
307, 253
306, 252
306, 251
305, 250
305, 248
304, 247
304, 245
303, 244
303, 243
302, 242
302, 240
301, 239
301, 238
300, 237
300, 235
299, 234
299, 233
298, 232
298, 230
297, 229
297, 228
296, 227
296, 225
295, 224
295, 223
294, 222
294, 220
293, 219
293, 217
292, 216
292, 215
291, 214
291, 212
290, 211
290, 210
289, 209
289, 207
288, 206
288, 204
287, 203
287, 202
286, 201
286, 199
285, 198
285, 196
284, 195
284, 194
283, 193
283, 191
282, 190
282, 188
281, 187
281, 186
280, 185
280, 183
279, 182
279, 180
278, 179
278, 178
277, 177
277, 175
276, 174
276, 172
275, 171
275, 170
274, 169
274, 167
273, 166
273, 164
272, 163
272, 161
271, 160
271, 159
270, 158
56, 140
57, 139
59, 141
59, 142
63, 146
63, 147
66, 150
66, 151
69, 154
69, 155
72, 158
72, 159
73, 160
73, 165
74, 166
74, 172
75, 173
75, 179
76, 180
76, 185
77, 186
77, 192
78, 193
78, 198
79, 199
79, 205
80, 206
80, 211
81, 212
79, 217
79, 215
78, 214
78, 212
77, 211
77, 209
76, 208
76, 205
75, 204
75, 202
74, 201
74, 199
73, 198
73, 196
72, 195
72, 193
71, 192
71, 189
70, 188
70, 186
69, 185
69, 183
68, 182
68, 180
67, 179
67, 176
66, 175
66, 173
65, 172
65, 169
64, 168
64, 166
63, 165
63, 163
62, 162
62, 159
61, 158
61, 156
60, 155
60, 153
59, 152
59, 149
58, 148
58, 146
57, 145
57, 143
56, 142
146, 99
149, 99
150, 100
152, 100
153, 101
154, 101
155, 102
156, 102
157, 103
158, 103
159, 104
160, 104
161, 105
171, 114
171, 115
174, 118
174, 119
176, 121
176, 123
175, 124
174, 126
163, 126
162, 125
161, 125
160, 124
158, 124
156, 122
147, 114
147, 113
146, 112
146, 111
145, 110
145, 109
144, 108
90, 86
91, 85
92, 86
96, 86
97, 87
101, 87
102, 88
106, 88
107, 89
110, 89
111, 90
115, 90
116, 91
119, 91
120, 92
122, 92
124, 94
124, 98
125, 99
125, 105
126, 106
126, 113
127, 114
127, 120
128, 121
128, 127
129, 128
129, 134
130, 135
130, 141
131, 142
131, 147
132, 148
132, 154
133, 155
133, 160
134, 161
134, 166
135, 167
135, 172
136, 173
136, 178
137, 179
137, 184
138, 185
138, 190
139, 191
139, 196
140, 197
140, 202
141, 203
141, 208
142, 209
142, 213
143, 214
143, 219
144, 220
142, 225
142, 223
141, 222
141, 220
140, 219
140, 217
139, 216
139, 214
138, 213
138, 211
137, 210
137, 208
136, 207
136, 205
135, 204
135, 202
134, 201
134, 199
133, 198
133, 197
132, 196
132, 194
131, 193
131, 191
130, 190
130, 188
129, 187
129, 186
128, 185
128, 183
127, 182
127, 180
126, 179
126, 178
125, 177
125, 175
124, 174
124, 173
123, 172
123, 170
122, 169
122, 168
121, 167
121, 165
120, 164
120, 162
119, 161
119, 160
118, 159
118, 157
117, 156
117, 155
116, 154
116, 152
115, 151
115, 149
114, 148
114, 147
113, 146
113, 144
112, 143
112, 142
111, 141
111, 139
110, 138
110, 136
109, 135
109, 134
108, 133
108, 131
107, 130
107, 129
106, 128
106, 126
105, 125
105, 123
104, 122
104, 121
103, 120
103, 118
102, 117
102, 116
101, 115
101, 113
100, 112
100, 110
99, 109
99, 108
98, 107
98, 106
97, 105
97, 103
96, 102
96, 101
95, 100
95, 98
94, 97
94, 96
93, 95
93, 94
92, 93
92, 91
91, 90
91, 89
90, 88
69, 82
70, 81
73, 81
74, 82
77, 82
78, 83
82, 83
85, 86
85, 87
86, 88
86, 89
87, 90
87, 91
88, 92
88, 94
89, 95
89, 96
90, 97
90, 98
91, 99
91, 100
92, 101
92, 103
93, 104
93, 105
94, 106
94, 108
95, 109
95, 110
96, 111
96, 113
97, 114
97, 115
98, 116
98, 118
99, 119
99, 120
100, 121
100, 123
101, 124
101, 126
102, 127
102, 128
103, 129
103, 131
104, 132
104, 133
105, 134
105, 136
106, 137
106, 139
107, 140
107, 141
108, 142
108, 144
109, 145
109, 147
110, 148
110, 149
111, 150
111, 152
112, 153
112, 154
113, 155
113, 157
114, 158
114, 159
115, 160
115, 162
116, 163
116, 165
117, 166
117, 167
118, 168
118, 170
119, 171
119, 172
120, 173
120, 175
121, 176
121, 178
122, 179
122, 180
123, 181
123, 183
124, 184
124, 185
125, 186
125, 188
126, 189
126, 191
127, 192
127, 194
128, 195
128, 196
129, 197
129, 199
130, 200
130, 202
131, 203
131, 205
132, 206
132, 208
133, 209
133, 210
134, 211
134, 213
135, 214
135, 216
136, 217
136, 219
137, 220
137, 222
138, 223
138, 225
139, 226
139, 229
140, 230
140, 232
141, 233
141, 235
142, 236
142, 238
143, 239
143, 240
142, 241
140, 239
140, 238
138, 236
138, 235
136, 233
136, 232
134, 230
134, 229
132, 227
132, 226
130, 224
130, 223
128, 221
128, 220
125, 217
125, 216
123, 214
123, 213
120, 210
120, 209
117, 206
117, 205
113, 201
113, 200
109, 196
109, 195
105, 191
105, 190
98, 183
98, 182
91, 175
91, 174
84, 167
84, 166
79, 161
79, 160
76, 157
76, 152
75, 151
75, 144
74, 143
74, 137
73, 136
73, 128
72, 127
72, 120
71, 119
71, 111
70, 110
70, 100
69, 99
29, 76
31, 76
33, 78
33, 80
34, 81
34, 83
35, 84
35, 86
36, 87
36, 90
37, 91
37, 93
38, 94
38, 96
39, 97
39, 99
40, 100
40, 103
41, 104
38, 105
38, 104
36, 102
36, 101
35, 100
35, 99
33, 97
33, 96
31, 94
31, 93
30, 92
30, 91
29, 90
29, 89
27, 87
27, 85
26, 84
26, 83
25, 82
25, 81
26, 80
26, 79
38, 74
41, 74
42, 75
48, 75
49, 76
53, 76
54, 77
57, 77
58, 78
61, 78
62, 79
64, 79
65, 80
65, 98
66, 99
66, 109
67, 110
67, 119
68, 120
68, 127
69, 128
69, 135
70, 136
70, 143
71, 144
71, 148
70, 149
67, 146
67, 145
64, 142
64, 141
61, 138
61, 137
58, 134
58, 133
56, 131
56, 130
53, 127
53, 126
51, 124
51, 123
50, 122
50, 119
49, 118
49, 116
48, 115
48, 113
47, 112
47, 110
46, 109
46, 106
45, 105
45, 103
44, 102
44, 100
43, 99
43, 97
42, 96
42, 93
41, 92
41, 90
40, 89
40, 87
39, 86
39, 84
38, 83
38, 80
37, 79
37, 77
36, 76
72, 70
79, 76
79, 77
79, 79
78, 79
77, 78
73, 78
72, 77
69, 75
70, 74
20, 43
21, 42
22, 43
22, 45
23, 46
23, 47
24, 48
24, 50
25, 51
25, 54
26, 55
26, 57
27, 58
27, 60
28, 61
28, 64
29, 65
29, 67
30, 68
30, 71
28, 73
27, 73
26, 74
24, 74
23, 73
23, 68
22, 67
22, 61
21, 60
21, 53
20, 52
