4, 2
430, 4
428, 369
2, 367
23, 15
22, 16
21, 16
21, 17
19, 19
19, 23
18, 24
18, 35
19, 36
19, 43
20, 44
20, 48
21, 49
21, 54
22, 55
22, 59
23, 60
23, 64
24, 65
24, 68
25, 69
25, 73
26, 74
26, 77
27, 78
27, 81
28, 82
28, 85
29, 86
29, 88
30, 89
30, 92
31, 93
31, 95
32, 96
32, 98
33, 99
33, 101
34, 102
34, 104
35, 105
35, 106
36, 107
36, 108
37, 109
37, 110
39, 112
41, 112
42, 111
42, 109
40, 107
40, 106
39, 105
39, 104
38, 103
38, 101
37, 100
37, 98
36, 97
36, 95
35, 94
35, 92
34, 91
34, 89
33, 88
33, 85
32, 84
32, 81
31, 80
31, 77
30, 76
30, 73
29, 72
29, 69
28, 68
28, 64
27, 63
27, 59
26, 58
26, 54
25, 53
25, 49
24, 48
24, 43
23, 42
23, 36
22, 35
22, 24
23, 23
23, 21
24, 20
25, 20
29, 24
29, 25
30, 26
30, 27
31, 28
31, 29
32, 30
32, 31
33, 32
33, 33
34, 34
34, 35
35, 36
35, 37
36, 38
36, 40
37, 41
37, 42
38, 43
38, 44
39, 45
39, 46
40, 47
40, 49
41, 50
41, 51
42, 52
42, 53
43, 54
43, 55
44, 56
44, 58
45, 59
45, 60
46, 61
46, 62
47, 63
47, 65
48, 66
48, 67
49, 68
49, 69
50, 70
50, 71
51, 72
51, 74
52, 75
52, 76
53, 77
53, 78
54, 79
54, 81
55, 82
55, 83
56, 84
56, 85
57, 86
57, 88
58, 89
58, 90
59, 91
59, 93
60, 94
60, 95
61, 96
61, 97
62, 98
62, 100
63, 101
63, 102
64, 103
64, 104
65, 105
65, 107
66, 108
66, 109
67, 110
67, 112
68, 113
68, 114
69, 115
69, 117
70, 118
70, 119
71, 120
71, 121
72, 122
72, 124
73, 125
73, 126
74, 127
74, 129
75, 130
75, 131
76, 132
76, 134
77, 135
77, 136
78, 137
78, 139
79, 140
79, 141
80, 142
80, 144
81, 145
81, 146
82, 147
82, 149
83, 150
83, 151
84, 152
84, 154
85, 155
85, 156
86, 157
86, 159
87, 160
87, 161
88, 162
88, 164
89, 165
89, 166
90, 167
90, 169
91, 170
91, 172
92, 173
92, 174
93, 175
93, 177
94, 178
94, 180
95, 181
95, 182
96, 183
96, 185
97, 186
97, 188
98, 189
98, 190
99, 191
99, 193
100, 194
100, 196
101, 197
101, 198
102, 199
102, 201
103, 202
103, 204
104, 205
104, 206
105, 207
105, 209
106, 210
106, 212
107, 213
107, 214
108, 215
108, 217
109, 218
109, 220
110, 221
110, 222
111, 223
111, 225
112, 226
112, 227
113, 228
113, 230
114, 231
114, 233
115, 234
115, 235
116, 236
116, 238
117, 239
117, 240
118, 241
118, 243
119, 244
119, 245
120, 246
120, 248
121, 249
121, 250
120, 251
116, 251
115, 252
109, 252
108, 253
100, 253
99, 254
72, 254
71, 253
59, 253
58, 252
52, 252
51, 251
49, 251
48, 250
47, 250
45, 252
45, 253
46, 254
47, 254
48, 255
50, 255
51, 256
55, 256
56, 257
65, 257
66, 258
101, 258
102, 257
110, 257
111, 256
117, 256
118, 255
123, 255
124, 256
124, 257
125, 258
125, 260
126, 261
126, 262
127, 263
127, 264
128, 265
128, 267
129, 268
129, 269
130, 270
130, 271
131, 272
131, 273
132, 274
132, 276
133, 277
133, 278
134, 279
134, 280
135, 281
135, 282
136, 283
136, 284
137, 285
137, 286
138, 287
138, 289
139, 290
139, 291
140, 292
140, 293
141, 294
141, 295
142, 296
142, 297
143, 298
143, 299
144, 300
144, 301
145, 302
145, 304
146, 305
146, 306
147, 307
147, 308
148, 309
148, 310
149, 311
149, 312
150, 313
150, 314
151, 315
151, 316
152, 317
152, 318
153, 319
153, 320
155, 322
155, 323
156, 324
156, 325
157, 326
157, 327
158, 328
158, 329
160, 331
160, 332
162, 334
162, 335
163, 336
165, 336
166, 335
166, 332
165, 331
165, 328
164, 327
164, 325
163, 324
163, 322
162, 321
162, 319
161, 318
161, 316
160, 315
160, 313
159, 312
159, 310
158, 309
158, 307
157, 306
157, 304
156, 303
156, 301
155, 300
155, 298
154, 297
154, 294
153, 293
153, 291
152, 290
152, 288
151, 287
151, 285
150, 284
150, 282
149, 281
149, 279
148, 278
148, 276
147, 275
147, 273
146, 272
146, 270
145, 269
145, 267
144, 266
144, 263
143, 262
143, 260
142, 259
142, 257
141, 256
141, 252
142, 251
144, 251
145, 250
148, 250
149, 249
153, 249
154, 248
157, 248
158, 247
162, 247
163, 246
166, 246
167, 245
171, 245
172, 244
175, 244
176, 243
177, 243
179, 245
179, 246
180, 247
180, 249
181, 250
181, 251
182, 252
182, 254
183, 255
183, 256
184, 257
184, 259
185, 260
185, 262
186, 263
186, 264
187, 265
187, 267
188, 268
188, 270
189, 271
189, 273
190, 274
190, 275
191, 276
191, 278
192, 279
192, 281
193, 282
193, 284
194, 285
194, 287
195, 288
195, 289
196, 290
196, 292
197, 293
197, 295
198, 296
198, 298
199, 299
199, 301
200, 302
200, 304
201, 305
201, 306
202, 307
202, 309
203, 310
203, 312
204, 313
204, 315
205, 316
205, 317
206, 318
206, 320
207, 321
207, 323
208, 324
208, 326
209, 327
209, 329
210, 330
210, 331
211, 332
211, 334
212, 335
212, 337
213, 338
213, 339
214, 340
214, 342
215, 343
215, 345
216, 346
216, 348
217, 349
217, 350
218, 351
218, 353
219, 354
222, 354
222, 353
223, 352
222, 351
222, 349
221, 348
221, 346
220, 345
220, 344
219, 343
219, 341
218, 340
218, 338
217, 337
217, 336
216, 335
216, 333
215, 332
215, 330
214, 329
214, 327
213, 326
213, 324
212, 323
212, 321
211, 320
211, 317
210, 316
210, 314
209, 313
209, 311
208, 310
208, 308
207, 307
207, 304
206, 303
206, 301
205, 300
205, 298
204, 297
204, 295
203, 294
203, 291
202, 290
202, 288
201, 287
201, 285
200, 284
200, 281
199, 280
199, 278
198, 277
198, 275
197, 274
197, 271
196, 270
196, 268
195, 267
195, 264
194, 263
194, 261
193, 260
193, 257
192, 256
192, 254
191, 253
191, 250
190, 249
190, 247
189, 246
189, 243
188, 242
190, 240
192, 240
193, 239
197, 239
198, 238
201, 238
202, 237
205, 237
206, 236
209, 236
210, 235
214, 235
215, 234
217, 234
218, 233
221, 233
222, 232
224, 232
225, 231
226, 231
227, 230
229, 230
230, 229
231, 229
232, 228
233, 228
234, 227
235, 227
236, 226
237, 226
239, 224
240, 224
243, 221
243, 217
241, 215
241, 214
240, 213
239, 213
233, 207
232, 207
228, 203
227, 203
224, 200
223, 200
219, 196
218, 196
214, 192
213, 192
209, 188
208, 188
204, 184
203, 184
197, 178
196, 178
188, 170
187, 170
168, 151
167, 151
166, 150
166, 149
164, 147
164, 146
163, 145
163, 142
162, 141
162, 138
161, 137
161, 134
160, 133
160, 130
159, 129
159, 126
158, 125
158, 122
157, 121
157, 118
156, 117
156, 115
155, 114
155, 111
154, 110
154, 107
153, 106
153, 103
152, 102
152, 100
151, 99
151, 96
150, 95
150, 92
149, 91
149, 88
148, 87
148, 85
147, 84
147, 81
146, 80
146, 78
145, 77
145, 74
144, 73
144, 70
143, 69
143, 67
142, 66
142, 63
141, 62
141, 60
140, 59
141, 58
142, 58
143, 59
144, 59
146, 61
147, 61
149, 63
150, 63
153, 66
154, 66
156, 68
157, 68
159, 70
160, 70
162, 72
163, 72
165, 74
166, 74
167, 75
168, 75
170, 77
171, 77
173, 79
174, 79
175, 80
176, 80
177, 81
178, 81
180, 83
181, 83
182, 84
183, 84
185, 86
186, 86
187, 87
188, 87
189, 88
190, 88
192, 90
193, 90
194, 91
195, 91
196, 92
197, 92
199, 94
200, 94
201, 95
202, 95
204, 97
205, 97
206, 98
207, 98
209, 100
210, 100
212, 102
213, 102
214, 103
215, 103
217, 105
218, 105
219, 106
220, 106
221, 107
222, 107
224, 109
225, 109
226, 110
229, 110
230, 109
233, 112
233, 113
234, 114
234, 115
235, 116
235, 117
236, 118
236, 119
237, 120
237, 121
238, 122
238, 123
239, 124
239, 125
241, 127
241, 128
242, 129
242, 130
243, 131
243, 132
244, 133
244, 134
245, 135
245, 136
246, 137
246, 138
249, 141
250, 141
252, 139
251, 138
251, 136
250, 135
250, 134
249, 133
249, 132
248, 131
248, 130
246, 128
246, 127
245, 126
245, 125
244, 124
244, 123
243, 122
243, 121
242, 120
242, 119
241, 118
241, 117
240, 116
240, 115
239, 114
239, 113
237, 111
237, 110
236, 109
236, 108
235, 107
235, 106
234, 105
234, 104
233, 103
233, 102
232, 101
232, 100
231, 99
231, 98
230, 97
230, 95
231, 94
232, 94
234, 96
235, 96
241, 102
241, 103
245, 107
245, 108
250, 113
250, 114
257, 121
257, 122
261, 126
262, 126
265, 129
266, 129
267, 130
270, 130
271, 129
271, 128
272, 127
272, 105
273, 104
273, 103
274, 102
277, 102
278, 103
279, 103
280, 104
281, 104
284, 107
285, 107
288, 110
288, 111
290, 113
290, 114
291, 115
291, 116
292, 117
292, 118
293, 119
293, 120
294, 121
294, 122
295, 123
295, 124
296, 125
296, 126
297, 127
297, 128
298, 129
298, 130
299, 131
299, 132
300, 133
300, 134
301, 135
301, 136
303, 138
303, 139
304, 140
304, 141
305, 142
305, 143
306, 144
306, 145
307, 146
307, 147
308, 148
308, 149
309, 150
309, 151
310, 152
310, 153
311, 154
311, 155
312, 156
312, 157
313, 158
313, 159
314, 160
314, 161
315, 162
315, 163
316, 164
316, 165
317, 166
317, 167
318, 168
318, 169
320, 171
320, 172
321, 173
321, 174
322, 175
322, 176
323, 177
323, 178
324, 179
324, 180
325, 181
325, 182
326, 183
326, 184
327, 185
327, 186
328, 187
328, 188
329, 189
329, 190
330, 191
330, 192
331, 193
331, 194
332, 195
332, 196
333, 197
333, 198
334, 199
334, 200
336, 202
336, 203
337, 204
337, 205
338, 206
338, 207
339, 208
339, 209
340, 210
340, 211
341, 212
341, 213
342, 214
342, 215
343, 216
343, 217
344, 218
344, 219
345, 220
345, 221
346, 222
346, 223
347, 224
347, 225
348, 226
348, 227
350, 229
350, 230
351, 231
351, 232
352, 233
352, 234
353, 235
353, 236
354, 237
354, 238
355, 239
355, 240
356, 241
356, 242
357, 243
357, 244
359, 246
359, 247
360, 248
360, 249
361, 250
361, 251
362, 252
362, 253
363, 254
363, 255
364, 256
364, 257
365, 258
365, 259
367, 261
367, 262
368, 263
368, 264
369, 265
369, 266
370, 267
370, 268
372, 270
372, 271
373, 272
373, 273
374, 274
374, 275
375, 276
375, 277
377, 279
377, 280
378, 281
378, 282
379, 283
379, 284
381, 286
381, 287
382, 288
382, 289
383, 290
383, 291
385, 293
385, 294
386, 295
386, 296
388, 298
388, 299
389, 300
389, 301
391, 303
391, 304
392, 305
392, 306
394, 308
394, 309
396, 311
396, 312
398, 314
398, 315
399, 316
399, 317
402, 320
402, 321
404, 323
404, 324
408, 328
412, 328
413, 327
413, 325
412, 324
412, 323
411, 322
411, 321
410, 320
410, 319
409, 318
409, 317
408, 316
408, 315
407, 314
407, 313
406, 312
406, 311
405, 310
405, 309
404, 308
404, 307
402, 305
402, 304
401, 303
401, 302
400, 301
400, 300
399, 299
399, 298
398, 297
398, 296
397, 295
397, 294
396, 293
396, 292
395, 291
395, 290
394, 289
394, 288
393, 287
393, 286
392, 285
392, 284
391, 283
391, 282
389, 280
389, 279
388, 278
388, 277
387, 276
387, 274
386, 273
386, 272
385, 271
385, 270
384, 269
384, 268
383, 267
383, 266
382, 265
382, 264
381, 263
381, 262
380, 261
380, 260
379, 259
379, 258
378, 257
378, 255
377, 254
377, 253
376, 252
376, 251
375, 250
375, 249
374, 248
374, 247
373, 246
373, 244
372, 243
372, 242
371, 241
371, 240
370, 239
370, 238
369, 237
369, 236
368, 235
368, 233
367, 232
367, 231
366, 230
366, 229
365, 228
365, 227
364, 226
364, 225
363, 224
363, 223
362, 222
362, 220
361, 219
361, 218
360, 217
360, 216
359, 215
359, 214
358, 213
358, 212
357, 211
357, 209
356, 208
356, 207
355, 206
355, 205
354, 204
354, 203
353, 202
353, 201
352, 200
352, 199
351, 198
351, 196
350, 195
350, 194
349, 193
349, 192
348, 191
348, 190
347, 189
347, 188
346, 187
346, 186
345, 185
345, 184
344, 183
344, 182
343, 181
343, 180
342, 179
342, 178
341, 177
341, 176
340, 175
340, 174
339, 173
339, 172
337, 170
337, 169
336, 168
336, 167
335, 166
335, 165
333, 163
333, 162
332, 161
332, 160
330, 158
330, 157
329, 156
329, 155
327, 153
327, 152
325, 150
325, 149
323, 147
323, 146
320, 143
320, 142
318, 140
318, 139
315, 136
315, 135
312, 132
312, 131
309, 128
309, 127
305, 123
305, 122
300, 117
300, 116
292, 108
292, 107
290, 105
290, 104
289, 103
289, 102
288, 101
288, 100
287, 99
287, 98
286, 97
286, 96
285, 95
285, 94
284, 93
284, 92
282, 90
282, 89
281, 88
281, 87
280, 86
280, 85
279, 84
279, 83
278, 82
278, 81
277, 80
277, 79
276, 78
276, 77
275, 76
275, 75
273, 73
273, 72
272, 71
272, 70
271, 69
271, 68
270, 67
270, 66
269, 65
269, 64
268, 63
268, 62
267, 61
267, 60
266, 59
266, 58
265, 57
265, 56
264, 55
264, 54
263, 53
263, 52
262, 51
262, 50
261, 49
261, 48
260, 47
260, 46
259, 45
259, 44
257, 42
257, 41
256, 40
256, 39
255, 38
255, 37
254, 36
254, 35
252, 33
252, 32
251, 31
251, 30
249, 28
247, 28
246, 29
246, 31
247, 32
247, 33
248, 34
248, 35
250, 37
250, 38
251, 39
251, 40
253, 42
253, 43
254, 44
254, 45
255, 46
255, 47
256, 48
256, 49
257, 50
257, 51
258, 52
258, 53
259, 54
259, 55
260, 56
260, 57
261, 58
261, 59
262, 60
262, 61
263, 62
263, 63
264, 64
264, 65
265, 66
265, 67
266, 68
266, 69
267, 70
267, 71
269, 73
269, 74
270, 75
270, 76
271, 77
271, 78
272, 79
272, 80
273, 81
273, 82
274, 83
274, 84
275, 85
275, 86
277, 88
277, 89
278, 90
278, 91
279, 92
279, 93
280, 94
280, 95
281, 96
281, 97
282, 98
281, 99
280, 99
279, 98
272, 98
269, 101
269, 102
268, 103
268, 106
267, 107
267, 113
268, 114
268, 123
267, 124
266, 124
255, 113
255, 112
250, 107
250, 106
245, 101
245, 100
237, 92
236, 92
234, 90
233, 90
232, 89
228, 89
227, 90
225, 90
223, 88
223, 87
221, 85
221, 84
220, 83
220, 82
218, 80
218, 79
216, 77
216, 76
214, 74
214, 73
212, 71
212, 70
210, 68
210, 67
202, 59
197, 59
196, 60
196, 61
195, 62
195, 67
196, 68
196, 69
197, 70
197, 71
198, 72
198, 74
200, 76
200, 77
201, 78
201, 79
202, 80
202, 81
203, 82
203, 83
205, 85
205, 86
207, 88
207, 89
209, 91
209, 92
211, 94
210, 95
209, 95
207, 93
206, 93
205, 92
204, 92
202, 90
201, 90
200, 89
199, 89
197, 87
196, 87
195, 86
194, 86
193, 85
192, 85
190, 83
189, 83
188, 82
187, 82
185, 80
184, 80
183, 79
182, 79
181, 78
180, 78
178, 76
177, 76
176, 75
175, 75
173, 73
172, 73
171, 72
170, 72
168, 70
167, 70
165, 68
164, 68
162, 66
161, 66
159, 64
158, 64
156, 62
155, 62
153, 60
152, 60
149, 57
148, 57
146, 55
145, 55
143, 53
142, 53
137, 48
137, 46
136, 45
136, 43
135, 42
135, 40
134, 39
134, 36
133, 35
130, 35
130, 43
129, 44
127, 42
126, 42
125, 41
124, 41
122, 39
121, 39
119, 37
118, 37
117, 36
116, 36
115, 35
114, 35
112, 33
111, 33
110, 32
109, 32
108, 31
107, 31
106, 30
104, 30
103, 29
102, 29
101, 28
99, 28
98, 27
96, 27
95, 26
90, 26
89, 25
86, 25
85, 26
81, 26
80, 27
79, 27
75, 31
75, 33
74, 34
74, 38
75, 39
75, 41
76, 42
76, 43
77, 44
77, 45
78, 46
78, 47
79, 48
79, 49
80, 50
80, 51
82, 53
82, 54
84, 56
84, 57
86, 59
86, 60
88, 62
88, 63
91, 66
91, 67
93, 69
93, 70
96, 73
96, 74
98, 76
98, 77
101, 80
101, 81
104, 84
103, 85
100, 85
97, 88
97, 89
96, 90
96, 106
97, 107
97, 112
98, 113
98, 117
99, 118
99, 122
100, 123
100, 126
101, 127
101, 130
102, 131
102, 134
103, 135
103, 138
104, 139
104, 142
105, 143
105, 145
106, 146
106, 149
107, 150
107, 153
108, 154
108, 156
109, 157
109, 160
110, 161
110, 164
111, 165
111, 167
112, 168
112, 171
113, 172
113, 175
114, 176
114, 178
115, 179
115, 181
116, 182
116, 185
117, 186
117, 188
118, 189
118, 192
119, 193
119, 195
120, 196
120, 199
121, 200
121, 202
122, 203
122, 206
123, 207
123, 209
124, 210
124, 213
125, 214
125, 216
126, 217
126, 220
127, 221
127, 223
128, 224
128, 227
129, 228
129, 230
130, 231
130, 234
131, 235
131, 237
132, 238
132, 240
133, 241
133, 243
134, 244
134, 248
133, 249
128, 249
127, 250
124, 247
124, 245
123, 244
123, 243
122, 242
122, 240
121, 239
121, 238
120, 237
120, 235
119, 234
119, 233
118, 232
118, 230
117, 229
117, 228
116, 227
116, 225
115, 224
115, 222
114, 221
114, 220
113, 219
113, 217
112, 216
112, 214
111, 213
111, 212
110, 211
110, 209
109, 208
109, 206
108, 205
108, 204
107, 203
107, 201
106, 200
106, 198
105, 197
105, 196
104, 195
104, 193
103, 192
103, 190
102, 189
102, 188
101, 187
101, 185
100, 184
100, 182
99, 181
99, 180
98, 179
98, 177
97, 176
97, 174
96, 173
96, 172
95, 171
95, 169
94, 168
94, 166
93, 165
93, 164
92, 163
92, 161
91, 160
91, 159
90, 158
90, 156
89, 155
89, 154
88, 153
88, 151
87, 150
87, 149
86, 148
86, 146
85, 145
85, 144
84, 143
84, 141
83, 140
83, 139
82, 138
82, 136
81, 135
81, 134
80, 133
80, 131
79, 130
79, 129
78, 128
78, 126
77, 125
77, 124
76, 123
76, 121
75, 120
75, 119
74, 118
74, 117
73, 116
73, 114
72, 113
72, 112
71, 111
71, 109
70, 108
70, 107
69, 106
69, 104
68, 103
68, 102
67, 101
67, 100
66, 99
66, 97
65, 96
65, 95
64, 94
64, 93
63, 92
63, 90
62, 89
62, 88
61, 87
61, 85
60, 84
60, 83
59, 82
59, 81
58, 80
58, 78
57, 77
57, 76
56, 75
56, 74
55, 73
55, 71
54, 70
54, 69
53, 68
53, 67
52, 66
52, 64
51, 63
51, 62
50, 61
50, 60
49, 59
49, 58
48, 57
48, 55
47, 54
47, 53
46, 52
46, 51
45, 50
45, 48
44, 47
44, 46
43, 45
43, 44
42, 43
42, 42
41, 41
41, 39
40, 38
40, 37
39, 36
39, 35
38, 34
38, 33
37, 32
37, 31
36, 30
36, 29
35, 28
35, 27
34, 26
34, 25
33, 24
33, 23
32, 22
32, 21
29, 18
29, 17
28, 17
26, 15
153, 305
151, 306
388, 286
386, 287
387, 284
385, 285
130, 253
136, 253
137, 254
137, 256
138, 257
138, 260
139, 261
139, 263
140, 264
140, 266
141, 267
141, 270
142, 271
142, 273
143, 274
143, 276
144, 277
144, 279
145, 280
145, 282
146, 283
146, 285
147, 286
147, 288
148, 289
148, 291
149, 292
149, 294
150, 295
150, 297
151, 298
151, 300
152, 301
150, 304
150, 303
149, 302
149, 301
148, 300
148, 299
147, 298
147, 297
146, 296
146, 295
145, 294
145, 293
144, 292
144, 291
143, 290
143, 288
142, 287
142, 286
141, 285
141, 284
140, 283
140, 282
139, 281
139, 280
138, 279
138, 278
137, 277
137, 276
136, 275
136, 273
135, 272
135, 271
134, 270
134, 269
133, 268
133, 266
132, 265
132, 264
131, 263
131, 262
130, 261
130, 260
129, 259
129, 257
128, 256
128, 255
167, 159
168, 158
175, 165
176, 165
187, 176
188, 176
195, 183
196, 183
202, 189
203, 189
207, 193
208, 193
211, 196
212, 196
216, 200
217, 200
221, 204
222, 204
226, 208
227, 208
231, 212
232, 212
238, 218
238, 219
235, 222
234, 222
232, 224
231, 224
230, 225
228, 225
227, 226
226, 226
225, 227
223, 227
222, 228
220, 228
219, 229
217, 229
216, 230
213, 230
212, 231
209, 231
208, 232
205, 232
204, 233
200, 233
199, 234
196, 234
195, 235
192, 235
191, 236
187, 236
186, 235
186, 232
185, 231
185, 229
184, 228
184, 225
183, 224
183, 221
182, 220
182, 217
181, 216
181, 213
180, 212
180, 209
179, 208
179, 205
178, 204
178, 201
177, 200
177, 197
176, 196
176, 193
175, 192
175, 190
174, 189
174, 186
173, 185
173, 182
172, 181
172, 178
171, 177
171, 174
170, 173
170, 170
169, 169
169, 166
168, 165
168, 162
167, 161
308, 133
308, 134
311, 137
311, 138
314, 141
314, 142
316, 144
316, 145
319, 148
319, 149
321, 151
321, 152
323, 154
323, 155
325, 157
325, 158
327, 160
327, 161
328, 162
328, 163
330, 165
330, 166
331, 167
331, 168
333, 170
333, 171
334, 172
334, 173
335, 174
335, 175
336, 176
336, 177
337, 178
337, 179
338, 180
338, 181
339, 182
339, 183
340, 184
340, 185
341, 186
341, 187
342, 188
342, 189
343, 190
343, 191
344, 192
344, 193
345, 194
345, 195
346, 196
346, 197
347, 198
347, 199
348, 200
348, 201
349, 202
349, 204
350, 205
350, 206
351, 207
351, 208
352, 209
352, 210
353, 211
353, 212
354, 213
354, 214
355, 215
355, 217
356, 218
356, 219
357, 220
357, 221
358, 222
358, 223
359, 224
359, 225
360, 226
360, 228
361, 229
361, 230
362, 231
362, 232
363, 233
363, 234
364, 235
364, 236
365, 237
365, 238
366, 239
366, 241
367, 242
367, 243
368, 244
368, 245
369, 246
369, 247
370, 248
370, 249
371, 250
371, 252
372, 253
372, 254
373, 255
373, 256
374, 257
374, 258
375, 259
375, 260
376, 261
376, 263
377, 264
377, 265
378, 266
378, 267
379, 268
379, 269
380, 270
380, 271
381, 272
381, 273
382, 274
382, 275
383, 276
383, 277
384, 278
384, 279
385, 280
385, 281
386, 282
383, 282
383, 281
382, 280
382, 279
380, 277
380, 276
379, 275
379, 274
378, 273
378, 272
377, 271
377, 270
375, 268
375, 267
374, 266
374, 265
373, 264
373, 263
372, 262
372, 261
370, 259
370, 258
369, 257
369, 256
368, 255
368, 254
367, 253
367, 252
366, 251
366, 250
365, 249
365, 248
363, 246
363, 245
362, 244
362, 243
361, 242
361, 241
360, 240
360, 239
359, 238
359, 237
358, 236
358, 235
356, 233
356, 232
355, 231
355, 230
354, 229
354, 228
353, 227
353, 226
352, 225
352, 224
351, 223
351, 222
350, 221
350, 220
349, 219
349, 218
348, 217
348, 216
347, 215
347, 214
346, 213
346, 212
345, 211
345, 210
344, 209
344, 208
342, 206
342, 205
341, 204
341, 203
340, 202
340, 201
339, 200
339, 199
338, 198
338, 197
337, 196
337, 195
336, 194
336, 193
335, 192
335, 191
334, 190
334, 189
333, 188
333, 187
332, 186
332, 185
331, 184
331, 183
330, 182
330, 181
329, 180
329, 179
327, 177
327, 176
326, 175
326, 174
325, 173
325, 172
324, 171
324, 170
323, 169
323, 168
322, 167
322, 166
321, 165
321, 164
320, 163
320, 162
319, 161
319, 160
318, 159
318, 158
317, 157
317, 156
316, 155
316, 154
315, 153
315, 152
314, 151
314, 150
313, 149
313, 148
312, 147
312, 146
310, 144
310, 143
309, 142
309, 141
308, 140
308, 139
307, 138
307, 137
306, 136
306, 135
305, 134
305, 133
304, 132
128, 114
128, 115
132, 119
132, 120
140, 128
140, 129
150, 139
150, 140
161, 151
161, 153
162, 154
162, 157
163, 158
163, 161
164, 162
164, 165
165, 166
165, 169
166, 170
166, 173
167, 174
167, 177
168, 178
168, 181
169, 182
169, 185
170, 186
170, 189
171, 190
171, 193
172, 194
172, 197
173, 198
173, 201
174, 202
174, 205
175, 206
175, 209
176, 210
176, 213
177, 214
177, 217
178, 218
178, 220
179, 221
179, 224
180, 225
180, 228
181, 229
181, 232
182, 233
182, 236
181, 237
179, 235
179, 233
178, 232
178, 231
177, 230
177, 229
176, 228
176, 226
175, 225
175, 224
174, 223
174, 221
173, 220
173, 219
172, 218
172, 216
171, 215
171, 214
170, 213
170, 212
169, 211
169, 209
168, 208
168, 207
167, 206
167, 205
166, 204
166, 202
165, 201
165, 200
164, 199
164, 198
163, 197
163, 195
162, 194
162, 193
161, 192
161, 191
160, 190
160, 188
159, 187
159, 186
158, 185
158, 184
157, 183
157, 181
156, 180
156, 179
155, 178
155, 177
154, 176
154, 175
153, 174
153, 173
152, 172
152, 170
151, 169
151, 168
150, 167
150, 166
149, 165
149, 164
148, 163
148, 162
147, 161
147, 160
146, 159
146, 158
145, 157
145, 155
144, 154
144, 153
143, 152
143, 151
142, 150
142, 149
141, 148
141, 147
140, 146
140, 145
139, 144
139, 143
138, 142
138, 141
137, 140
137, 139
136, 138
136, 137
135, 136
135, 135
134, 134
134, 133
133, 132
133, 131
132, 130
132, 129
131, 128
131, 127
130, 126
130, 125
129, 124
129, 123
127, 121
127, 120
126, 119
126, 118
125, 117
125, 116
124, 115
124, 114
123, 113
123, 112
122, 111
102, 89
108, 95
108, 96
110, 98
110, 99
112, 101
112, 102
113, 103
113, 104
115, 106
115, 107
116, 108
116, 109
117, 110
117, 111
118, 112
118, 113
120, 115
120, 116
121, 117
121, 118
122, 119
122, 120
123, 121
123, 122
124, 123
124, 124
125, 125
125, 126
126, 127
126, 128
128, 130
128, 131
129, 132
129, 133
130, 134
130, 135
131, 136
131, 137
132, 138
132, 139
133, 140
133, 141
134, 142
134, 143
135, 144
135, 145
136, 146
136, 147
137, 148
137, 149
138, 150
138, 151
139, 152
139, 153
140, 154
140, 156
141, 157
141, 158
142, 159
142, 160
143, 161
143, 162
144, 163
144, 164
145, 165
145, 166
146, 167
146, 168
147, 169
147, 171
148, 172
148, 173
149, 174
149, 175
150, 176
150, 177
151, 178
151, 179
152, 180
152, 182
153, 183
153, 184
154, 185
154, 186
155, 187
155, 188
156, 189
156, 191
157, 192
157, 193
158, 194
158, 195
159, 196
159, 198
160, 199
160, 200
161, 201
161, 202
162, 203
162, 205
163, 206
163, 207
164, 208
164, 209
165, 210
165, 212
166, 213
166, 214
167, 215
167, 216
168, 217
168, 219
169, 220
169, 221
170, 222
170, 224
171, 225
171, 226
172, 227
172, 229
173, 230
173, 231
174, 232
174, 233
175, 234
175, 236
176, 237
176, 238
175, 239
174, 239
173, 240
170, 240
169, 241
166, 241
165, 242
161, 242
160, 243
157, 243
156, 244
152, 244
151, 245
148, 245
147, 246
143, 246
142, 247
139, 247
138, 246
138, 244
137, 243
137, 240
136, 239
136, 237
135, 236
135, 234
134, 233
134, 231
133, 230
133, 227
132, 226
132, 224
131, 223
131, 220
130, 219
130, 217
129, 216
129, 213
128, 212
128, 210
127, 209
127, 206
126, 205
126, 203
125, 202
125, 199
124, 198
124, 196
123, 195
123, 192
122, 191
122, 189
121, 188
121, 185
120, 184
120, 182
119, 181
119, 178
118, 177
118, 175
117, 174
117, 171
116, 170
116, 168
115, 167
115, 164
114, 163
114, 160
113, 159
113, 157
112, 156
112, 153
111, 152
111, 149
110, 148
110, 146
109, 145
109, 142
108, 141
108, 138
107, 137
107, 134
106, 133
106, 130
105, 129
105, 127
104, 126
104, 122
103, 121
103, 118
102, 117
102, 113
101, 112
101, 107
100, 106
100, 91
199, 65
200, 64
201, 64
205, 68
205, 69
208, 72
208, 73
210, 75
210, 76
212, 78
212, 79
214, 81
214, 82
216, 84
216, 85
218, 87
218, 88
219, 89
219, 90
221, 92
221, 93
222, 94
222, 95
224, 97
224, 98
226, 100
226, 101
227, 102
227, 103
226, 104
216, 94
216, 93
213, 90
213, 89
211, 87
211, 86
209, 84
209, 83
207, 81
207, 80
206, 79
206, 78
204, 76
204, 75
203, 74
203, 73
202, 72
202, 71
201, 70
201, 69
200, 68
200, 66
82, 31
83, 30
93, 30
94, 31
97, 31
98, 32
100, 32
101, 33
102, 33
103, 34
104, 34
105, 35
106, 35
107, 36
108, 36
109, 37
110, 37
111, 38
112, 38
114, 40
115, 40
116, 41
117, 41
119, 43
120, 43
121, 44
122, 44
124, 46
125, 46
127, 48
128, 48
130, 50
131, 50
135, 54
135, 56
136, 57
136, 59
137, 60
137, 63
138, 64
138, 66
139, 67
139, 70
140, 71
140, 74
141, 75
141, 77
142, 78
142, 81
143, 82
143, 85
144, 86
144, 88
145, 89
145, 92
146, 93
146, 96
147, 97
147, 99
148, 100
148, 103
149, 104
149, 107
150, 108
150, 111
151, 112
151, 114
152, 115
152, 118
153, 119
153, 122
154, 123
154, 126
155, 127
155, 130
156, 131
156, 134
157, 135
145, 128
145, 127
138, 120
138, 119
132, 113
132, 112
127, 107
127, 106
123, 102
123, 101
119, 97
119, 96
115, 92
115, 91
112, 88
112, 87
109, 84
109, 83
105, 79
105, 78
102, 75
102, 74
100, 72
100, 71
97, 68
97, 67
94, 64
94, 63
92, 61
92, 60
90, 58
90, 57
88, 55
88, 54
86, 52
86, 51
84, 49
84, 48
83, 47
83, 46
81, 44
81, 43
80, 42
80, 41
79, 40
79, 33
81, 31
