0, 2
2, 2
4, 4
4, 51
2, 53
0, 53
0, 55
2, 55
4, 57
4, 103
2, 105
0, 105
0, 107
2, 107
4, 109
4, 155
2, 157
0, 157
0, 159
2, 159
4, 161
4, 208
2, 210
0, 210
0, 212
2, 212
4, 214
4, 260
2, 262
0, 262
0, 264
2, 264
4, 266
4, 313
2, 315
0, 315
0, 317
2, 317
4, 319
4, 365
2, 367
0, 367
2, 369
4, 371
298, 2
300, 367
8, 369
6, 4
210, 16
209, 17
209, 27
210, 28
210, 37
211, 38
211, 47
212, 48
212, 54
213, 55
213, 61
214, 62
214, 67
215, 68
215, 73
216, 74
216, 79
217, 80
217, 85
218, 86
218, 91
219, 92
219, 96
220, 97
220, 102
221, 103
221, 107
222, 108
222, 112
223, 113
223, 116
224, 117
224, 121
225, 122
225, 126
226, 127
226, 130
227, 131
227, 135
228, 136
228, 139
229, 140
229, 144
230, 145
230, 148
231, 149
231, 153
232, 154
232, 157
233, 158
233, 161
234, 162
234, 166
235, 167
235, 170
234, 171
233, 170
233, 169
232, 168
232, 167
231, 166
231, 165
230, 164
230, 163
229, 162
229, 161
228, 160
228, 159
227, 158
227, 157
226, 156
226, 155
225, 154
225, 153
226, 152
227, 152
228, 151
228, 150
227, 149
225, 149
224, 148
223, 148
220, 145
220, 144
219, 143
219, 142
218, 141
218, 140
217, 139
217, 138
215, 136
215, 135
214, 134
214, 133
213, 132
213, 131
211, 129
211, 128
209, 126
209, 125
206, 122
206, 121
200, 115
199, 115
198, 114
197, 114
196, 113
192, 113
191, 114
190, 114
189, 115
189, 116
188, 117
188, 118
187, 119
187, 123
186, 124
186, 133
187, 134
187, 137
186, 138
182, 138
181, 137
178, 137
177, 136
175, 136
174, 135
173, 135
171, 133
171, 132
170, 131
170, 130
169, 129
169, 128
167, 126
167, 125
166, 124
166, 123
165, 122
165, 121
164, 120
164, 119
163, 118
163, 117
162, 116
162, 115
160, 113
160, 112
159, 111
159, 110
157, 108
157, 107
156, 106
156, 105
152, 101
152, 100
151, 100
149, 98
144, 98
142, 100
142, 102
141, 103
141, 122
142, 123
141, 124
138, 124
137, 123
135, 123
134, 122
133, 122
131, 120
131, 119
130, 118
130, 117
129, 116
129, 115
127, 113
127, 112
126, 111
126, 110
124, 108
124, 107
121, 104
121, 103
118, 100
117, 100
115, 98
114, 98
113, 97
111, 97
110, 96
109, 96
108, 97
106, 97
103, 100
103, 101
102, 102
102, 103
101, 104
101, 108
100, 109
100, 112
99, 113
94, 113
93, 112
87, 112
86, 111
69, 111
68, 112
64, 112
63, 113
61, 113
60, 114
59, 114
55, 118
55, 120
54, 121
54, 122
55, 123
55, 125
57, 127
57, 128
60, 131
60, 132
63, 135
63, 136
64, 137
64, 150
65, 151
65, 160
66, 161
66, 168
67, 169
67, 175
68, 176
68, 181
69, 182
69, 187
70, 188
70, 192
71, 193
71, 198
72, 199
72, 203
73, 204
73, 208
72, 209
71, 208
71, 207
70, 206
70, 204
69, 203
69, 202
68, 201
68, 199
67, 198
67, 197
66, 196
66, 194
65, 193
65, 192
64, 191
64, 190
63, 189
63, 187
62, 186
62, 185
61, 184
61, 183
60, 182
60, 180
59, 179
59, 178
58, 177
58, 176
57, 175
57, 173
56, 172
56, 171
55, 170
55, 169
54, 168
54, 167
53, 166
53, 165
52, 164
52, 162
51, 161
51, 160
50, 159
50, 158
49, 157
49, 156
48, 155
48, 154
47, 153
47, 151
46, 150
46, 149
45, 148
45, 147
44, 146
44, 144
43, 143
43, 142
42, 141
42, 140
41, 139
41, 138
40, 137
40, 136
39, 135
39, 133
38, 132
38, 131
37, 130
37, 129
36, 128
36, 127
35, 126
35, 125
34, 124
34, 123
33, 122
33, 121
32, 120
32, 119
31, 118
31, 117
30, 116
30, 115
29, 114
29, 113
28, 112
28, 111
26, 109
26, 108
23, 105
22, 105
21, 104
20, 104
19, 105
18, 105
18, 106
17, 107
17, 110
16, 111
16, 114
17, 115
17, 122
18, 123
18, 127
19, 128
21, 128
21, 127
22, 126
21, 125
21, 120
20, 119
20, 110
21, 109
22, 109
23, 110
23, 111
25, 113
25, 114
26, 115
26, 116
27, 117
27, 118
29, 120
29, 122
30, 123
30, 124
31, 125
31, 126
32, 127
32, 128
33, 129
33, 130
34, 131
34, 132
35, 133
35, 134
36, 135
36, 137
37, 138
37, 139
38, 140
38, 141
39, 142
39, 143
40, 144
40, 145
41, 146
41, 148
42, 149
42, 150
43, 151
43, 152
44, 153
44, 154
45, 155
45, 157
46, 158
46, 159
47, 160
47, 161
48, 162
48, 163
49, 164
49, 166
50, 167
50, 168
51, 169
51, 170
52, 171
52, 172
53, 173
53, 174
54, 175
54, 177
55, 178
55, 179
56, 180
56, 181
57, 182
57, 184
58, 185
58, 186
59, 187
59, 188
60, 189
60, 191
61, 192
61, 193
62, 194
62, 195
63, 196
63, 198
64, 199
64, 200
65, 201
65, 203
66, 204
66, 205
67, 206
67, 208
68, 209
68, 210
69, 211
69, 213
70, 214
70, 216
71, 217
71, 218
72, 219
72, 221
73, 222
73, 224
74, 225
74, 226
75, 227
75, 229
76, 230
76, 232
77, 233
77, 235
78, 236
78, 238
79, 239
79, 241
80, 242
80, 245
81, 246
81, 250
82, 251
82, 255
83, 256
83, 260
84, 261
84, 265
85, 266
85, 270
86, 271
86, 274
87, 275
87, 279
88, 280
88, 284
89, 285
89, 289
90, 290
90, 293
91, 294
91, 297
92, 298
92, 301
93, 302
93, 306
94, 307
94, 309
95, 310
95, 313
96, 314
96, 317
97, 318
97, 320
96, 321
60, 321
59, 320
56, 320
55, 319
53, 319
52, 318
52, 317
58, 311
58, 310
63, 305
63, 304
66, 301
66, 300
73, 293
73, 292
78, 287
78, 286
79, 285
79, 282
78, 281
77, 281
75, 283
75, 284
73, 286
73, 287
65, 295
65, 296
61, 300
61, 301
57, 305
57, 306
48, 315
48, 316
47, 317
47, 319
50, 322
52, 322
53, 323
55, 323
56, 324
61, 324
62, 325
93, 325
94, 324
97, 324
99, 326
99, 327
100, 328
100, 330
101, 331
101, 333
102, 334
102, 336
103, 337
103, 339
104, 340
104, 341
105, 342
105, 344
106, 345
106, 346
107, 347
107, 348
108, 349
108, 350
109, 351
109, 352
111, 354
114, 354
114, 346
113, 345
113, 341
112, 340
112, 337
111, 336
111, 333
110, 332
110, 329
109, 328
109, 324
110, 323
120, 323
121, 322
131, 322
132, 321
140, 321
141, 320
144, 320
146, 322
146, 323
147, 324
147, 325
148, 326
148, 327
149, 328
149, 329
153, 333
154, 333
155, 334
156, 334
157, 333
157, 329
156, 328
156, 326
155, 325
155, 324
154, 323
154, 322
153, 321
153, 320
155, 318
159, 318
160, 317
164, 317
165, 316
168, 316
169, 315
172, 315
173, 314
175, 314
176, 313
178, 313
179, 312
181, 312
182, 311
184, 311
185, 310
186, 310
187, 309
189, 309
190, 308
191, 308
192, 307
193, 307
195, 305
196, 305
197, 304
198, 304
205, 297
205, 296
207, 294
207, 293
208, 292
208, 290
209, 289
209, 280
208, 279
208, 276
207, 275
207, 273
206, 272
206, 271
205, 270
205, 269
204, 268
204, 267
203, 266
203, 265
202, 264
202, 263
201, 262
201, 261
199, 259
199, 258
196, 255
196, 254
192, 250
192, 249
186, 243
186, 242
173, 229
172, 229
164, 221
163, 221
156, 214
155, 214
151, 210
150, 210
146, 206
145, 206
142, 203
141, 203
137, 199
136, 199
133, 196
132, 196
129, 193
128, 193
125, 190
124, 190
120, 186
119, 186
115, 182
114, 182
111, 179
111, 175
110, 174
110, 170
109, 169
109, 164
108, 163
108, 158
107, 157
107, 152
106, 151
106, 145
105, 144
105, 138
104, 137
104, 129
103, 128
103, 120
105, 118
106, 119
109, 119
110, 120
113, 120
114, 121
117, 121
118, 122
120, 122
121, 123
124, 123
125, 124
127, 124
128, 125
129, 125
132, 128
132, 129
133, 130
133, 131
134, 132
134, 133
135, 134
135, 135
136, 136
136, 137
137, 138
137, 139
138, 140
138, 141
139, 142
139, 143
140, 144
140, 145
141, 146
141, 147
142, 148
142, 149
143, 150
143, 152
144, 153
144, 154
145, 155
145, 156
146, 157
146, 158
147, 159
147, 160
148, 161
148, 163
149, 164
149, 165
150, 166
150, 168
151, 169
151, 172
152, 173
152, 176
153, 177
153, 180
154, 181
154, 184
155, 185
155, 187
156, 188
156, 191
157, 192
157, 194
158, 195
158, 197
159, 198
159, 201
160, 202
160, 203
161, 204
161, 206
162, 207
162, 209
163, 210
163, 211
164, 212
164, 214
165, 215
165, 216
166, 217
166, 218
169, 221
169, 222
170, 222
171, 223
172, 223
173, 222
173, 217
172, 216
172, 213
171, 212
171, 210
170, 209
170, 206
169, 205
169, 203
168, 202
168, 201
167, 200
167, 198
166, 197
166, 195
165, 194
165, 193
164, 192
164, 190
163, 189
163, 187
162, 186
162, 185
161, 184
161, 183
160, 182
160, 180
159, 179
159, 178
158, 177
158, 175
157, 174
157, 173
156, 172
156, 171
155, 170
155, 168
154, 167
154, 166
153, 165
153, 162
152, 161
152, 158
151, 157
151, 153
150, 152
150, 149
149, 148
149, 144
148, 143
148, 139
147, 138
147, 132
148, 131
150, 131
151, 132
153, 132
154, 133
157, 133
158, 134
160, 134
161, 135
163, 135
164, 136
166, 136
167, 137
168, 137
171, 140
171, 141
172, 142
172, 143
173, 144
173, 145
174, 146
174, 147
175, 148
175, 150
176, 151
176, 152
177, 153
177, 154
178, 155
178, 156
179, 157
179, 158
180, 159
180, 160
181, 161
181, 162
182, 163
182, 164
183, 165
183, 166
184, 167
184, 169
185, 170
185, 171
186, 172
186, 173
187, 174
187, 175
188, 176
188, 177
189, 178
189, 180
190, 181
190, 182
191, 183
191, 184
192, 185
192, 186
193, 187
193, 188
194, 189
194, 190
195, 191
195, 193
196, 194
196, 195
197, 196
197, 199
198, 200
198, 202
199, 203
199, 205
200, 206
200, 208
201, 209
201, 210
202, 211
202, 213
203, 214
203, 215
205, 217
205, 218
207, 220
207, 221
209, 223
212, 223
212, 219
211, 218
211, 217
210, 216
210, 215
209, 214
209, 212
208, 211
208, 210
207, 209
207, 208
206, 207
206, 206
205, 205
205, 204
204, 203
204, 202
203, 201
203, 200
202, 199
202, 198
201, 197
201, 196
200, 195
200, 193
199, 192
199, 189
198, 188
198, 184
197, 183
197, 178
196, 177
196, 173
195, 172
195, 167
194, 166
194, 160
193, 159
193, 154
192, 153
192, 147
191, 146
192, 145
195, 145
196, 146
198, 146
199, 147
200, 147
201, 148
204, 148
205, 149
208, 149
209, 150
212, 150
213, 151
218, 151
219, 152
220, 152
221, 153
221, 154
222, 155
222, 156
223, 157
223, 158
224, 159
224, 160
225, 161
225, 162
226, 163
226, 164
227, 165
227, 166
228, 167
228, 168
229, 169
229, 170
230, 171
230, 172
231, 173
231, 174
232, 175
232, 176
233, 177
233, 178
234, 179
234, 180
235, 181
235, 182
236, 183
236, 184
237, 185
237, 186
238, 187
238, 188
239, 189
239, 190
240, 191
240, 193
241, 194
241, 196
242, 197
242, 200
243, 201
243, 204
244, 205
244, 208
245, 209
245, 213
246, 214
246, 217
247, 218
247, 221
248, 222
248, 225
249, 226
249, 229
250, 230
250, 233
251, 234
251, 237
252, 238
252, 241
253, 242
253, 246
254, 247
254, 250
255, 251
255, 254
256, 255
256, 258
257, 259
257, 262
258, 263
258, 266
259, 267
259, 270
260, 271
260, 274
261, 275
261, 278
262, 279
262, 282
263, 283
263, 285
264, 286
264, 289
265, 290
265, 292
266, 293
266, 295
267, 296
267, 298
268, 299
268, 301
269, 302
269, 304
270, 305
270, 307
271, 308
271, 310
272, 311
272, 312
273, 313
273, 315
274, 316
274, 317
275, 318
275, 319
276, 320
276, 321
277, 322
277, 323
278, 324
278, 325
279, 326
279, 327
280, 328
280, 329
284, 333
287, 333
288, 332
288, 324
287, 323
287, 319
286, 318
286, 315
285, 314
285, 312
284, 311
284, 308
283, 307
283, 305
282, 304
282, 302
281, 301
281, 298
280, 297
280, 295
279, 294
279, 292
278, 291
278, 289
277, 288
277, 286
276, 285
276, 282
275, 281
275, 279
274, 278
274, 276
273, 275
273, 273
272, 272
272, 269
271, 268
271, 266
270, 265
270, 263
269, 262
269, 260
268, 259
268, 257
267, 256
267, 253
266, 252
266, 250
265, 249
265, 247
264, 246
264, 244
263, 243
263, 241
262, 240
262, 238
261, 237
261, 235
260, 234
260, 232
259, 231
259, 229
258, 228
258, 226
257, 225
257, 223
256, 222
256, 221
255, 220
255, 218
254, 217
254, 215
253, 214
253, 213
252, 212
252, 210
251, 209
251, 207
250, 206
250, 205
249, 204
249, 203
248, 202
248, 200
247, 199
247, 198
246, 197
246, 196
245, 195
245, 193
244, 192
244, 190
243, 189
243, 186
242, 185
242, 182
241, 181
241, 177
240, 176
240, 173
239, 172
239, 169
238, 168
238, 164
237, 163
237, 160
236, 159
236, 156
235, 155
235, 151
234, 150
234, 147
233, 146
233, 142
232, 141
232, 138
231, 137
231, 133
230, 132
230, 129
229, 128
229, 124
228, 123
228, 120
227, 119
227, 115
226, 114
226, 110
225, 109
225, 105
224, 104
224, 100
223, 99
223, 95
222, 94
222, 89
221, 88
221, 83
220, 82
220, 77
219, 76
219, 71
218, 70
218, 65
217, 64
217, 59
216, 58
216, 52
215, 51
215, 44
214, 43
214, 34
213, 33
213, 26
215, 24
215, 22
214, 21
214, 19
213, 18
213, 17
212, 16
103, 325
104, 324
105, 325
105, 326
106, 327
106, 330
107, 331
107, 334
106, 335
105, 334
105, 332
104, 331
104, 329
103, 328
94, 292
95, 291
96, 292
96, 294
97, 295
97, 297
98, 298
98, 301
99, 302
99, 304
100, 305
100, 308
101, 309
101, 312
102, 313
102, 315
103, 316
103, 319
102, 320
100, 318
100, 315
99, 314
99, 312
98, 311
98, 308
97, 307
97, 304
96, 303
96, 300
95, 299
95, 296
94, 295
95, 289
93, 290
253, 229
254, 228
255, 229
255, 230
256, 231
256, 233
257, 234
257, 236
258, 237
258, 239
259, 240
259, 242
260, 243
260, 245
261, 246
261, 248
262, 249
262, 251
263, 252
263, 254
264, 255
264, 258
265, 259
265, 261
266, 262
266, 264
267, 265
267, 267
268, 268
268, 271
269, 272
269, 274
270, 275
270, 277
271, 278
271, 280
272, 281
272, 284
273, 285
273, 287
274, 288
274, 290
275, 291
275, 293
276, 294
276, 296
277, 297
277, 299
278, 300
278, 303
279, 304
279, 306
280, 307
280, 309
281, 310
281, 313
282, 314
282, 317
283, 318
283, 321
284, 322
284, 325
283, 326
282, 325
282, 324
281, 323
281, 322
280, 321
280, 320
279, 319
279, 318
278, 317
278, 316
277, 315
277, 314
276, 313
276, 311
275, 310
275, 309
274, 308
274, 306
273, 305
273, 303
272, 302
272, 300
271, 299
271, 297
270, 296
270, 294
269, 293
269, 291
268, 290
268, 287
267, 286
267, 284
266, 283
266, 280
265, 279
265, 277
264, 276
264, 273
263, 272
263, 269
262, 268
262, 265
261, 264
261, 261
260, 260
260, 257
259, 256
259, 253
258, 252
258, 248
257, 247
257, 244
256, 243
256, 240
255, 239
255, 236
254, 235
254, 232
253, 231
113, 188
115, 187
119, 191
120, 191
123, 194
124, 194
128, 198
129, 198
132, 201
133, 201
136, 204
137, 204
140, 207
141, 207
145, 211
146, 211
150, 215
151, 215
157, 221
158, 221
165, 228
166, 228
187, 249
187, 250
192, 255
192, 256
195, 260
197, 262
197, 263
199, 265
199, 266
200, 267
200, 268
201, 269
201, 270
202, 271
202, 272
203, 273
203, 275
204, 276
204, 278
205, 279
205, 289
204, 290
204, 291
203, 292
203, 293
201, 295
201, 296
198, 299
197, 299
193, 302
192, 303
191, 303
190, 304
189, 304
188, 305
187, 305
186, 306
185, 306
184, 307
182, 307
181, 308
179, 308
178, 309
176, 309
175, 310
173, 310
172, 311
169, 311
168, 312
166, 312
165, 313
161, 313
160, 314
156, 314
155, 315
152, 315
150, 312
149, 311
149, 310
148, 309
148, 308
147, 307
147, 306
146, 305
146, 303
145, 302
145, 301
144, 300
144, 299
143, 298
143, 296
142, 295
142, 294
141, 293
141, 292
140, 291
140, 289
139, 288
139, 287
138, 286
138, 284
137, 283
137, 282
136, 281
136, 279
135, 278
135, 277
134, 276
134, 274
133, 273
133, 272
132, 271
132, 269
131, 268
131, 266
130, 265
130, 262
129, 261
129, 258
128, 257
128, 254
127, 253
127, 250
126, 249
126, 246
125, 245
125, 242
124, 241
124, 238
123, 237
123, 234
122, 233
122, 229
121, 228
121, 225
120, 224
120, 220
119, 219
119, 216
118, 215
118, 211
117, 210
117, 206
116, 205
116, 201
115, 200
115, 196
114, 195
114, 191
113, 190
94, 171
95, 170
102, 177
103, 177
109, 183
109, 187
110, 188
110, 192
111, 193
111, 197
112, 198
112, 202
113, 203
113, 207
114, 208
114, 212
115, 213
115, 217
116, 218
116, 222
117, 223
117, 225
116, 226
115, 225
115, 224
114, 223
114, 221
113, 220
113, 219
112, 218
112, 216
111, 215
111, 214
110, 213
110, 211
109, 210
109, 208
108, 207
108, 206
107, 205
107, 203
106, 202
106, 201
105, 200
105, 198
104, 197
104, 196
103, 195
103, 193
102, 192
102, 191
101, 190
101, 188
100, 187
100, 186
99, 185
99, 183
98, 182
98, 180
97, 179
97, 178
96, 177
96, 175
95, 174
95, 173
94, 172
68, 144
69, 143
77, 151
77, 152
86, 161
86, 162
87, 163
87, 164
88, 165
88, 166
89, 167
89, 169
90, 170
90, 171
91, 172
91, 174
92, 175
92, 176
93, 177
93, 179
94, 180
94, 181
95, 182
95, 184
96, 185
96, 186
97, 187
97, 189
98, 190
98, 192
99, 193
99, 194
100, 195
100, 197
101, 198
101, 199
102, 200
102, 202
103, 203
103, 204
104, 205
104, 207
105, 208
105, 209
106, 210
106, 212
107, 213
107, 215
108, 216
108, 217
109, 218
109, 220
110, 221
110, 222
111, 223
111, 225
112, 226
112, 228
113, 229
113, 230
114, 231
114, 233
115, 234
115, 236
116, 237
116, 238
117, 239
117, 241
118, 242
118, 244
119, 245
119, 247
120, 248
120, 249
121, 250
121, 252
122, 253
122, 255
123, 256
123, 257
124, 258
124, 260
125, 261
125, 263
126, 264
126, 265
127, 266
127, 268
128, 269
128, 271
129, 272
129, 275
130, 276
130, 278
131, 279
131, 282
132, 283
132, 285
133, 286
133, 288
134, 289
134, 292
135, 293
135, 295
136, 296
136, 298
137, 299
137, 301
138, 302
138, 304
139, 305
139, 307
140, 308
140, 310
141, 311
141, 312
142, 313
142, 316
141, 317
135, 317
134, 318
124, 318
123, 319
112, 319
111, 320
108, 320
107, 319
107, 318
106, 317
106, 314
105, 313
105, 310
104, 309
104, 307
103, 306
103, 303
102, 302
102, 299
101, 298
101, 296
100, 295
100, 293
99, 292
99, 289
98, 288
98, 286
97, 285
97, 283
96, 282
96, 280
95, 279
95, 276
94, 275
94, 273
93, 272
93, 270
92, 269
92, 267
91, 266
91, 264
90, 263
90, 261
89, 260
89, 257
88, 256
88, 254
87, 253
87, 251
86, 250
86, 248
85, 247
85, 245
84, 244
84, 242
83, 241
83, 238
82, 237
82, 233
81, 232
81, 228
80, 227
80, 223
79, 222
79, 218
78, 217
78, 212
77, 211
77, 207
76, 206
76, 202
75, 201
75, 196
74, 195
74, 191
73, 190
73, 185
72, 184
72, 179
71, 178
71, 173
70, 172
70, 165
69, 164
69, 157
68, 156
145, 142
143, 143
175, 141
176, 140
178, 140
179, 141
181, 141
182, 142
185, 142
186, 143
187, 143
188, 144
188, 149
189, 150
189, 156
190, 157
190, 162
191, 163
191, 169
192, 170
192, 173
191, 174
190, 173
190, 172
189, 171
189, 170
188, 169
188, 168
187, 167
187, 166
186, 165
186, 163
185, 162
185, 161
184, 160
184, 159
183, 158
183, 157
182, 156
182, 155
181, 154
181, 153
180, 152
180, 151
179, 150
179, 149
178, 148
178, 147
177, 146
177, 144
176, 143
176, 142
68, 131
69, 130
71, 130
72, 131
72, 132
74, 134
74, 135
75, 136
75, 137
76, 138
76, 139
77, 140
77, 141
78, 142
78, 143
79, 144
79, 145
80, 146
80, 147
79, 148
76, 145
76, 144
69, 137
69, 136
68, 135
136, 128
137, 127
138, 128
140, 128
141, 129
142, 129
143, 130
143, 135
144, 136
142, 141
142, 140
141, 139
141, 138
140, 137
140, 136
139, 135
139, 134
138, 133
138, 132
137, 131
137, 130
136, 129
193, 117
196, 117
197, 118
198, 118
203, 123
203, 124
206, 127
206, 128
208, 130
208, 131
210, 133
210, 134
211, 135
211, 136
213, 138
213, 139
214, 140
214, 141
215, 142
215, 143
216, 144
216, 145
217, 146
216, 147
213, 147
212, 146
208, 146
207, 145
204, 145
203, 144
201, 144
200, 143
199, 143
198, 142
196, 142
195, 141
193, 141
190, 138
190, 121
191, 120
191, 119
67, 116
68, 115
88, 115
89, 116
95, 116
96, 117
98, 117
100, 119
100, 132
101, 133
101, 141
102, 142
102, 148
103, 149
103, 154
104, 155
104, 160
105, 161
105, 166
106, 167
106, 171
107, 172
107, 173
106, 174
105, 174
97, 166
96, 166
90, 160
90, 159
88, 157
88, 156
87, 155
87, 153
86, 152
86, 151
85, 150
85, 148
84, 147
84, 146
83, 145
83, 144
82, 143
82, 142
81, 141
81, 140
80, 139
80, 138
79, 137
79, 136
78, 135
78, 134
77, 133
77, 132
75, 130
75, 129
72, 126
71, 126
70, 125
68, 125
66, 127
66, 128
64, 130
61, 127
61, 126
59, 124
59, 123
58, 122
58, 121
59, 120
59, 119
60, 118
61, 118
62, 117
63, 117
64, 116
147, 101
153, 107
153, 108
154, 109
154, 110
156, 112
156, 113
158, 115
158, 116
159, 117
159, 118
160, 119
160, 120
161, 121
161, 122
162, 123
162, 124
163, 125
163, 126
165, 128
165, 129
166, 130
166, 131
165, 132
164, 132
163, 131
161, 131
160, 130
157, 130
156, 129
154, 129
153, 128
151, 128
150, 127
148, 127
147, 126
146, 126
145, 125
145, 119
144, 118
144, 106
145, 105
145, 103
108, 100
111, 100
112, 101
121, 109
121, 110
123, 112
123, 113
124, 114
124, 115
126, 117
126, 118
126, 120
125, 120
124, 119
121, 119
120, 118
117, 118
116, 117
114, 117
113, 116
109, 116
108, 115
103, 113
103, 112
104, 111
104, 107
105, 106
105, 104
106, 103
