36, 371
38, 373
38, 375
40, 375
40, 373
42, 371
96, 371
98, 373
98, 375
100, 375
100, 373
102, 371
155, 371
157, 373
157, 375
159, 375
159, 373
161, 371
215, 371
217, 373
217, 375
219, 375
219, 373
221, 371
275, 371
277, 373
277, 375
279, 373
281, 371
282, 371
278, 2
280, 367
4, 369
2, 4
246, 14
245, 15
245, 18
244, 19
244, 25
243, 26
243, 34
242, 35
242, 44
241, 45
241, 55
240, 56
240, 68
239, 69
239, 83
238, 84
238, 102
237, 103
237, 106
236, 107
231, 107
227, 111
227, 112
226, 113
226, 114
225, 115
225, 116
224, 117
224, 119
223, 120
223, 122
222, 123
222, 125
221, 126
221, 129
220, 130
220, 132
219, 133
219, 134
218, 135
217, 135
215, 133
215, 132
214, 131
214, 130
213, 129
213, 128
212, 127
212, 126
211, 125
211, 124
210, 123
210, 122
209, 121
209, 119
208, 118
208, 117
207, 116
207, 115
206, 114
206, 112
205, 111
205, 110
204, 109
204, 108
203, 107
203, 106
202, 105
202, 104
201, 103
201, 102
200, 101
200, 100
199, 99
199, 98
195, 94
194, 94
193, 93
191, 93
190, 94
189, 94
188, 95
188, 96
187, 97
187, 99
186, 100
186, 103
185, 104
183, 102
183, 100
182, 99
182, 98
181, 97
181, 95
180, 94
180, 93
178, 91
178, 90
174, 86
173, 86
172, 85
170, 85
169, 86
168, 86
167, 87
166, 87
166, 88
164, 90
164, 92
163, 93
163, 96
162, 97
162, 108
161, 109
160, 108
160, 107
159, 106
159, 104
158, 103
158, 102
157, 101
157, 100
156, 99
156, 98
155, 97
155, 96
154, 95
154, 94
152, 92
152, 91
147, 86
146, 86
145, 85
144, 85
143, 84
140, 84
139, 85
137, 85
132, 90
132, 91
130, 93
128, 93
127, 92
124, 92
123, 91
120, 91
119, 90
117, 90
116, 89
114, 89
113, 88
112, 88
111, 87
110, 87
109, 86
109, 85
108, 84
107, 84
105, 82
104, 82
103, 81
99, 81
98, 82
96, 82
95, 81
94, 81
93, 80
91, 80
90, 79
89, 79
88, 78
86, 78
85, 77
84, 77
83, 76
82, 76
81, 75
79, 75
78, 74
77, 74
76, 73
75, 73
73, 71
73, 70
72, 69
72, 66
71, 65
71, 63
70, 62
70, 60
69, 59
69, 57
68, 56
68, 54
67, 53
67, 51
66, 50
66, 48
65, 47
65, 46
64, 45
64, 43
63, 42
63, 41
62, 40
62, 39
61, 38
61, 36
60, 35
60, 34
59, 33
59, 32
57, 30
57, 29
55, 27
55, 26
50, 21
49, 21
48, 20
41, 20
40, 21
39, 21
34, 26
34, 27
32, 29
32, 31
31, 32
31, 34
30, 35
30, 40
29, 41
29, 70
30, 71
30, 76
31, 77
31, 79
33, 81
37, 81
37, 80
38, 79
38, 78
37, 77
37, 76
35, 74
35, 66
34, 65
34, 45
35, 44
35, 37
36, 36
36, 34
37, 33
37, 32
38, 31
38, 30
43, 25
45, 25
46, 26
47, 26
51, 30
51, 31
53, 33
53, 34
54, 35
54, 36
56, 38
56, 40
57, 41
57, 42
58, 43
58, 44
59, 45
59, 47
60, 48
60, 49
61, 50
61, 52
62, 53
62, 55
63, 56
63, 58
64, 59
64, 61
65, 62
65, 64
66, 65
66, 67
67, 68
67, 69
66, 70
53, 70
52, 71
51, 71
48, 74
48, 75
47, 76
47, 79
48, 80
48, 83
49, 84
49, 85
50, 86
50, 87
51, 88
51, 89
53, 91
53, 92
55, 94
55, 95
57, 97
57, 98
59, 100
59, 101
62, 104
62, 105
65, 108
65, 109
68, 112
68, 113
71, 116
71, 117
74, 120
74, 121
76, 123
76, 124
79, 127
79, 128
80, 129
80, 132
81, 133
81, 146
80, 147
80, 204
81, 205
81, 229
82, 230
82, 244
83, 245
83, 257
84, 258
84, 267
85, 268
85, 276
86, 277
86, 284
87, 285
87, 293
86, 294
84, 294
83, 295
81, 295
80, 296
78, 296
77, 297
74, 297
73, 298
69, 298
68, 299
64, 299
63, 300
58, 300
57, 301
50, 301
49, 302
43, 302
42, 303
32, 303
31, 304
28, 304
27, 305
23, 305
22, 306
20, 306
19, 307
17, 307
16, 308
15, 308
12, 311
12, 314
13, 315
23, 315
24, 314
25, 314
26, 313
27, 313
28, 312
29, 312
32, 309
33, 309
34, 308
38, 308
39, 307
46, 307
47, 306
54, 306
55, 305
61, 305
62, 304
67, 304
68, 303
72, 303
73, 302
76, 302
77, 301
79, 301
80, 300
83, 300
84, 299
85, 299
86, 298
88, 298
89, 299
89, 302
90, 303
90, 304
91, 305
93, 305
95, 303
95, 295
96, 294
97, 294
98, 293
99, 293
100, 292
101, 292
102, 291
103, 291
105, 289
106, 289
107, 288
108, 288
110, 286
111, 286
113, 284
114, 284
118, 280
119, 280
126, 273
126, 272
129, 269
131, 271
131, 281
132, 282
132, 283
133, 284
135, 284
137, 282
137, 277
136, 276
136, 254
137, 253
137, 250
138, 249
138, 243
139, 242
139, 234
138, 233
138, 226
137, 225
137, 221
136, 220
136, 217
135, 216
135, 214
134, 213
134, 211
133, 210
133, 208
132, 207
132, 196
131, 195
131, 175
130, 174
130, 132
131, 131
131, 115
132, 114
132, 107
133, 106
133, 102
134, 101
134, 99
135, 98
141, 98
142, 99
145, 99
146, 98
146, 95
148, 95
148, 96
150, 98
150, 99
151, 100
151, 101
152, 102
152, 103
153, 104
153, 106
154, 107
154, 108
155, 109
155, 111
156, 112
156, 114
157, 115
157, 117
158, 118
158, 121
159, 122
159, 124
160, 125
160, 128
161, 129
161, 132
162, 133
162, 136
163, 137
163, 140
164, 141
164, 142
165, 143
168, 143
169, 142
169, 129
168, 128
168, 118
167, 117
167, 101
168, 100
168, 95
169, 94
169, 93
171, 91
174, 94
174, 95
175, 96
175, 97
176, 98
176, 99
177, 100
177, 101
178, 102
178, 104
179, 105
179, 107
180, 108
180, 110
181, 111
181, 113
182, 114
182, 117
183, 118
183, 121
184, 122
184, 126
185, 127
185, 131
186, 132
186, 136
187, 137
187, 142
188, 143
188, 144
190, 146
191, 146
193, 144
193, 136
192, 135
192, 123
191, 122
191, 103
192, 102
192, 101
193, 100
195, 102
195, 103
196, 104
196, 105
197, 106
197, 107
198, 108
198, 109
199, 110
199, 111
200, 112
200, 114
201, 115
201, 116
202, 117
202, 118
203, 119
203, 120
204, 121
204, 123
205, 124
205, 125
206, 126
206, 127
207, 128
207, 129
208, 130
208, 131
209, 132
209, 133
210, 134
210, 135
211, 136
211, 137
215, 141
220, 141
223, 138
223, 137
224, 136
224, 135
225, 134
225, 132
226, 131
226, 129
227, 128
227, 125
228, 124
228, 122
229, 121
229, 119
230, 118
230, 117
231, 116
231, 115
234, 112
235, 112
237, 114
237, 132
236, 133
236, 226
237, 227
237, 256
238, 257
238, 274
239, 275
239, 287
240, 288
240, 298
241, 299
241, 306
242, 307
242, 313
243, 314
243, 319
244, 320
244, 325
245, 326
245, 329
246, 330
246, 333
247, 334
247, 337
248, 338
248, 341
249, 342
249, 344
250, 345
250, 347
251, 348
251, 349
252, 350
252, 352
255, 355
259, 355
260, 354
260, 353
261, 352
261, 350
262, 349
262, 344
263, 343
263, 337
264, 336
264, 327
265, 326
265, 317
266, 316
266, 307
267, 306
267, 295
268, 294
268, 282
269, 281
269, 264
270, 263
270, 210
269, 209
269, 196
268, 195
268, 186
267, 185
267, 180
266, 179
266, 174
265, 173
265, 169
264, 168
264, 164
263, 163
263, 160
262, 159
262, 156
261, 155
261, 152
260, 151
260, 149
259, 148
259, 146
258, 145
258, 143
257, 142
257, 140
256, 139
256, 138
255, 137
255, 135
254, 134
254, 132
253, 131
253, 130
252, 129
252, 128
251, 127
251, 125
250, 124
250, 123
249, 122
249, 121
248, 120
248, 119
247, 118
247, 117
245, 115
245, 114
243, 112
243, 90
244, 89
244, 74
245, 73
245, 60
246, 59
246, 49
247, 48
247, 39
248, 38
248, 29
249, 28
249, 21
250, 20
250, 15
249, 15
248, 14
87, 142
88, 141
91, 144
91, 145
93, 147
93, 148
95, 150
95, 151
97, 153
97, 154
99, 156
99, 157
100, 158
100, 159
102, 161
102, 162
104, 164
104, 165
105, 166
105, 167
107, 169
107, 170
109, 172
109, 173
110, 174
110, 175
112, 177
112, 178
113, 179
113, 180
115, 182
115, 183
116, 184
116, 185
117, 186
117, 187
118, 188
118, 189
120, 191
120, 192
121, 193
121, 194
122, 195
122, 196
123, 197
123, 198
124, 199
124, 200
125, 201
125, 203
126, 204
126, 214
127, 215
127, 231
128, 232
128, 246
129, 247
129, 260
128, 261
128, 262
126, 264
126, 265
124, 267
124, 268
114, 278
113, 278
110, 281
109, 281
107, 283
106, 283
104, 285
103, 285
102, 286
101, 286
100, 287
99, 287
97, 289
96, 289
95, 288
95, 285
94, 284
94, 246
93, 245
93, 216
92, 215
92, 194
91, 193
91, 177
90, 176
90, 165
89, 164
89, 153
88, 152
88, 145
87, 144
242, 124
243, 123
245, 125
245, 127
246, 128
246, 129
247, 130
247, 131
248, 132
248, 134
249, 135
249, 136
250, 137
250, 139
251, 140
251, 141
252, 142
252, 144
253, 145
253, 147
254, 148
254, 150
255, 151
255, 154
256, 155
256, 157
257, 158
257, 161
258, 162
258, 165
259, 166
259, 170
260, 171
260, 175
261, 176
261, 182
262, 183
262, 189
263, 190
263, 199
264, 200
264, 218
265, 219
265, 252
264, 253
264, 275
263, 276
263, 290
262, 291
262, 302
261, 303
261, 312
260, 313
260, 322
259, 323
259, 333
258, 334
258, 341
257, 342
257, 344
256, 345
255, 344
255, 343
254, 342
254, 340
253, 339
253, 336
252, 335
252, 332
251, 331
251, 328
250, 327
250, 323
249, 322
249, 318
248, 317
248, 311
247, 310
247, 304
246, 303
246, 295
245, 294
245, 284
244, 283
244, 269
243, 268
243, 249
242, 248
242, 206
241, 205
241, 155
242, 154
115, 95
116, 94
117, 95
120, 95
121, 96
124, 96
125, 97
128, 97
129, 98
129, 99
128, 100
128, 104
127, 105
127, 110
126, 111
126, 124
125, 125
125, 127
124, 128
123, 127
123, 124
122, 123
122, 119
121, 118
121, 115
120, 114
120, 111
119, 110
119, 107
118, 106
118, 104
117, 103
117, 101
116, 100
116, 99
115, 98
140, 90
146, 95
145, 95
144, 94
138, 93
98, 88
99, 88
100, 89
102, 89
103, 90
105, 90
107, 92
107, 93
108, 94
108, 95
109, 96
109, 97
110, 98
110, 100
111, 101
111, 102
112, 103
112, 105
113, 106
113, 109
114, 110
114, 112
115, 113
115, 116
116, 117
116, 121
117, 122
117, 125
118, 126
118, 130
119, 131
119, 136
120, 137
120, 142
121, 143
121, 149
122, 150
122, 156
123, 157
123, 166
124, 167
124, 176
125, 177
125, 188
124, 189
123, 188
123, 187
122, 186
122, 185
121, 184
121, 183
119, 181
119, 180
118, 179
118, 178
117, 177
117, 176
115, 174
115, 173
114, 172
114, 171
112, 169
112, 168
110, 166
110, 165
109, 164
109, 163
107, 161
107, 160
105, 158
105, 157
103, 155
103, 154
102, 153
102, 152
100, 150
100, 149
98, 147
98, 146
96, 144
96, 143
94, 141
94, 140
91, 137
91, 136
89, 134
89, 133
87, 131
87, 121
88, 120
88, 114
89, 113
89, 108
90, 107
90, 104
91, 103
91, 100
92, 99
92, 97
93, 96
93, 95
94, 94
94, 93
95, 92
95, 91
76, 80
77, 79
78, 79
79, 80
81, 80
82, 81
83, 81
84, 82
85, 82
86, 83
88, 83
89, 84
90, 84
92, 86
91, 87
91, 88
90, 89
90, 90
89, 91
89, 92
88, 93
88, 94
87, 95
87, 97
86, 98
86, 100
85, 101
85, 105
84, 106
84, 108
83, 109
82, 108
82, 106
81, 105
81, 101
80, 100
80, 97
79, 96
79, 92
78, 91
78, 88
77, 87
77, 84
76, 83
55, 75
56, 74
63, 74
64, 75
67, 75
69, 77
69, 78
70, 79
70, 82
71, 83
71, 85
72, 86
72, 89
73, 90
73, 94
74, 95
74, 98
75, 99
75, 102
76, 103
76, 108
77, 109
77, 113
78, 114
78, 115
77, 116
74, 113
74, 112
71, 109
71, 108
68, 105
68, 104
65, 101
65, 100
62, 97
62, 96
60, 94
60, 93
58, 91
58, 90
56, 88
56, 87
55, 86
55, 85
54, 84
54, 83
53, 82
53, 81
52, 80
52, 77
54, 75
