290, 2
292, 367
4, 369
2, 4
54, 14
53, 15
50, 15
49, 16
48, 16
41, 23
41, 24
40, 25
40, 26
39, 27
39, 28
38, 29
38, 30
37, 31
37, 33
36, 34
36, 36
35, 37
35, 40
34, 41
34, 46
33, 47
33, 57
34, 58
34, 59
35, 60
37, 60
38, 59
39, 59
41, 57
41, 54
38, 51
38, 48
39, 47
39, 42
40, 41
40, 38
41, 37
41, 35
42, 34
42, 33
43, 32
43, 30
45, 28
45, 27
47, 25
47, 24
50, 21
51, 21
52, 20
57, 20
63, 26
63, 27
64, 28
64, 29
65, 30
65, 31
66, 32
66, 33
67, 34
67, 36
68, 37
68, 38
69, 39
69, 41
70, 42
70, 44
71, 45
71, 47
72, 48
72, 50
73, 51
73, 54
72, 55
69, 55
68, 54
65, 54
64, 55
60, 55
59, 56
57, 56
55, 58
54, 58
52, 60
52, 61
51, 62
51, 63
50, 64
50, 75
51, 76
51, 78
52, 79
52, 81
53, 82
53, 84
54, 85
54, 86
55, 87
55, 89
56, 90
56, 91
57, 92
57, 93
58, 94
58, 95
59, 96
59, 97
60, 98
60, 99
61, 100
61, 101
62, 102
62, 103
64, 105
64, 106
65, 107
65, 108
66, 109
66, 110
67, 111
67, 112
69, 114
69, 115
70, 116
70, 117
71, 118
71, 119
72, 120
72, 121
74, 123
74, 124
75, 125
75, 126
77, 128
77, 129
78, 130
78, 131
80, 133
80, 134
81, 135
81, 136
82, 137
82, 138
84, 140
84, 141
85, 142
85, 143
86, 144
86, 145
88, 147
88, 148
89, 149
89, 156
88, 157
88, 220
89, 221
89, 245
90, 246
90, 260
91, 261
91, 273
92, 274
92, 282
93, 283
93, 287
91, 289
89, 289
88, 290
84, 290
83, 291
77, 291
76, 292
33, 292
32, 291
26, 291
25, 290
30, 285
30, 284
32, 282
32, 281
34, 279
34, 278
36, 276
36, 275
37, 274
37, 273
38, 272
38, 271
39, 270
39, 269
41, 267
41, 266
42, 265
42, 264
43, 263
43, 262
44, 261
44, 260
45, 259
45, 258
46, 257
46, 255
47, 254
47, 253
48, 252
48, 251
49, 250
49, 249
50, 248
50, 247
51, 246
51, 244
52, 243
52, 242
53, 241
53, 239
54, 238
54, 237
55, 236
55, 234
56, 233
56, 231
57, 230
57, 228
58, 227
58, 225
59, 224
59, 222
60, 221
60, 219
61, 218
61, 216
62, 215
62, 213
63, 212
63, 210
61, 210
60, 211
60, 213
59, 214
59, 216
58, 217
58, 219
57, 220
57, 222
56, 223
56, 225
55, 226
55, 228
54, 229
54, 230
53, 231
53, 233
52, 234
52, 236
51, 237
51, 238
50, 239
50, 241
49, 242
49, 243
48, 244
48, 246
47, 247
47, 248
46, 249
46, 250
45, 251
45, 252
44, 253
44, 255
43, 256
43, 257
42, 258
42, 259
41, 260
41, 261
40, 262
40, 263
39, 264
39, 265
37, 267
37, 268
36, 269
36, 270
35, 271
35, 272
34, 273
34, 274
32, 276
32, 277
30, 279
30, 280
28, 282
28, 283
21, 290
20, 290
19, 291
16, 291
15, 292
14, 292
13, 293
15, 295
16, 295
17, 294
41, 294
42, 295
72, 295
73, 294
81, 294
82, 293
87, 293
88, 292
91, 292
92, 291
94, 293
94, 298
95, 299
95, 305
96, 306
96, 311
97, 312
97, 316
98, 317
98, 321
99, 322
99, 325
100, 326
100, 328
101, 329
101, 331
102, 332
102, 333
103, 334
103, 335
104, 336
108, 336
108, 335
109, 334
109, 331
110, 330
110, 285
112, 283
113, 283
115, 281
116, 281
118, 279
119, 279
123, 275
124, 275
126, 273
126, 272
130, 268
130, 267
132, 265
132, 263
133, 262
133, 260
134, 259
134, 257
135, 256
136, 257
136, 259
137, 260
137, 264
138, 265
138, 268
141, 271
143, 271
145, 269
145, 267
146, 266
146, 258
147, 257
147, 234
146, 233
146, 210
145, 209
145, 195
144, 194
144, 183
143, 182
143, 172
142, 171
142, 162
141, 161
141, 153
140, 152
140, 145
139, 144
139, 138
138, 137
138, 131
137, 130
137, 125
136, 124
136, 110
137, 109
137, 102
138, 101
138, 96
139, 95
139, 91
140, 90
140, 87
143, 84
143, 81
145, 79
146, 79
151, 84
151, 85
152, 86
152, 87
153, 88
153, 89
154, 90
154, 92
155, 93
155, 94
156, 95
156, 97
157, 98
157, 100
158, 101
158, 103
159, 104
159, 107
160, 108
160, 111
161, 112
161, 115
162, 116
162, 119
163, 120
163, 125
164, 126
164, 131
165, 132
165, 136
166, 137
166, 138
167, 139
170, 139
171, 138
171, 134
170, 133
170, 128
169, 127
169, 123
168, 122
168, 117
167, 116
167, 108
166, 107
166, 85
167, 84
167, 82
169, 80
174, 85
174, 86
175, 87
175, 88
176, 89
176, 90
177, 91
177, 92
178, 93
178, 95
179, 96
179, 97
180, 98
180, 100
181, 101
181, 104
182, 105
182, 107
183, 108
183, 111
184, 112
184, 115
185, 116
185, 119
186, 120
186, 123
187, 124
187, 127
188, 128
188, 131
189, 132
189, 134
190, 135
190, 136
193, 139
194, 139
195, 138
196, 138
196, 137
197, 136
197, 134
198, 133
198, 122
199, 121
199, 103
200, 102
200, 101
201, 100
203, 102
203, 103
204, 104
204, 105
205, 106
205, 107
206, 108
206, 109
208, 111
208, 112
209, 113
209, 114
210, 115
210, 116
212, 118
212, 119
214, 121
214, 122
220, 128
221, 128
223, 130
223, 138
224, 139
224, 158
225, 159
225, 174
226, 175
226, 186
227, 187
227, 197
228, 198
228, 206
229, 207
229, 214
230, 215
230, 222
231, 223
231, 229
232, 230
232, 236
233, 237
233, 243
234, 244
234, 248
235, 249
235, 254
236, 255
236, 259
237, 260
237, 264
238, 265
238, 269
239, 270
239, 274
240, 275
240, 279
241, 280
241, 283
242, 284
242, 288
243, 289
243, 292
244, 293
244, 296
245, 297
245, 300
246, 301
246, 303
247, 304
247, 307
248, 308
248, 310
249, 311
249, 314
250, 315
250, 317
251, 318
251, 320
252, 321
252, 323
253, 324
253, 326
254, 327
254, 329
255, 330
255, 331
256, 332
256, 334
257, 335
257, 336
258, 337
258, 339
259, 340
259, 341
260, 342
260, 343
261, 344
261, 345
263, 347
263, 348
264, 349
264, 350
269, 355
274, 355
277, 352
277, 350
278, 349
278, 345
279, 344
279, 338
280, 337
280, 322
281, 321
281, 241
280, 240
280, 225
279, 224
279, 213
278, 212
278, 204
277, 203
277, 196
276, 195
276, 190
275, 189
275, 184
274, 183
274, 179
273, 178
273, 175
272, 174
272, 170
271, 169
271, 167
270, 166
270, 163
269, 162
269, 160
268, 159
268, 156
267, 155
267, 153
266, 152
266, 150
265, 149
265, 147
264, 146
264, 144
263, 143
263, 141
262, 140
262, 139
261, 138
261, 136
260, 135
260, 134
259, 133
259, 131
258, 130
258, 129
257, 128
257, 126
256, 125
256, 124
255, 123
255, 122
254, 121
254, 120
252, 118
252, 117
247, 112
246, 112
245, 111
241, 111
240, 112
239, 112
229, 122
228, 121
228, 97
227, 96
227, 59
228, 58
228, 54
226, 52
224, 52
222, 54
222, 102
223, 103
223, 121
222, 122
221, 122
220, 121
220, 120
217, 117
217, 116
215, 114
215, 113
214, 112
214, 111
213, 110
213, 109
211, 107
211, 106
210, 105
210, 104
209, 103
209, 102
208, 101
208, 100
206, 98
206, 97
204, 95
204, 94
203, 93
202, 93
201, 92
199, 92
198, 93
197, 93
196, 94
196, 95
195, 96
195, 100
194, 101
194, 118
193, 119
193, 121
192, 122
191, 121
191, 118
190, 117
190, 114
189, 113
189, 110
188, 109
188, 107
187, 106
187, 103
186, 102
186, 100
185, 99
185, 97
184, 96
184, 94
183, 93
183, 91
182, 90
182, 89
181, 88
181, 87
180, 86
180, 85
179, 84
179, 83
177, 81
177, 80
172, 75
166, 75
163, 78
163, 79
162, 80
162, 83
161, 84
161, 89
160, 90
158, 88
158, 86
157, 85
157, 84
156, 83
156, 82
154, 80
154, 79
149, 74
147, 74
146, 73
145, 74
143, 74
142, 75
141, 75
140, 76
140, 77
138, 79
136, 79
135, 78
133, 78
132, 77
130, 77
129, 76
127, 76
124, 73
124, 71
123, 70
123, 69
122, 68
122, 67
120, 65
120, 64
118, 62
117, 62
116, 61
115, 61
114, 60
110, 60
109, 61
108, 61
107, 62
106, 62
104, 64
100, 64
99, 63
98, 63
97, 62
96, 62
95, 61
93, 61
92, 60
91, 60
90, 59
88, 59
87, 58
85, 58
84, 57
81, 57
79, 55
79, 53
78, 52
78, 50
77, 49
77, 46
76, 45
76, 43
75, 42
75, 41
74, 40
74, 38
73, 37
73, 35
72, 34
72, 33
71, 32
71, 30
70, 29
70, 28
69, 27
69, 26
68, 25
68, 24
66, 22
66, 21
61, 16
60, 16
59, 15
56, 15
55, 14
101, 288
104, 288
105, 289
105, 318
104, 319
103, 318
103, 316
102, 315
102, 310
101, 309
101, 305
100, 304
100, 298
99, 297
99, 290
101, 175
102, 174
103, 175
103, 176
104, 177
104, 178
105, 179
105, 180
106, 181
106, 182
107, 183
107, 184
108, 185
108, 186
109, 187
109, 188
110, 189
110, 190
111, 191
111, 192
112, 193
112, 194
113, 195
113, 196
114, 197
114, 198
115, 199
115, 200
116, 201
116, 202
117, 203
117, 204
118, 205
118, 206
119, 207
119, 208
120, 209
120, 210
121, 211
121, 212
122, 213
122, 214
123, 215
123, 217
124, 218
124, 219
125, 220
125, 221
126, 222
126, 224
127, 225
127, 227
128, 228
128, 229
129, 230
129, 232
130, 233
130, 236
131, 237
131, 241
132, 242
132, 257
131, 258
131, 260
130, 261
130, 263
128, 265
128, 266
125, 269
125, 270
122, 273
121, 273
117, 277
116, 277
114, 279
113, 279
111, 281
110, 280
110, 279
109, 278
109, 261
108, 260
108, 245
107, 244
107, 232
106, 231
106, 220
105, 219
105, 209
104, 208
104, 199
103, 198
103, 189
102, 188
102, 180
101, 179
93, 170
94, 169
95, 170
95, 172
96, 173
96, 180
97, 181
97, 190
98, 191
98, 200
99, 201
99, 210
100, 211
100, 221
101, 222
101, 233
102, 234
102, 246
103, 247
103, 262
104, 263
104, 281
105, 282
104, 283
104, 284
103, 285
102, 285
101, 286
99, 286
98, 285
98, 282
97, 281
97, 272
96, 271
96, 259
95, 258
95, 243
94, 242
94, 215
93, 214
135, 166
136, 165
137, 166
137, 173
138, 174
138, 184
139, 185
139, 197
140, 198
140, 212
141, 213
141, 238
142, 239
142, 243
141, 244
140, 243
140, 241
139, 240
139, 232
138, 231
138, 221
137, 220
137, 207
136, 206
136, 187
135, 186
242, 117
243, 116
244, 117
245, 117
247, 119
247, 120
249, 122
249, 123
250, 124
250, 125
251, 126
251, 127
252, 128
252, 129
253, 130
253, 132
254, 133
254, 134
255, 135
255, 137
256, 138
256, 139
257, 140
257, 142
258, 143
258, 145
259, 146
259, 148
260, 149
260, 151
261, 152
261, 154
262, 155
262, 157
263, 158
263, 160
264, 161
264, 164
265, 165
265, 167
266, 168
266, 171
267, 172
267, 175
268, 176
268, 180
269, 181
269, 184
270, 185
270, 190
271, 191
271, 196
272, 197
272, 204
273, 205
273, 214
274, 215
274, 226
275, 227
275, 244
276, 245
276, 317
275, 318
275, 335
274, 336
274, 343
273, 344
273, 347
271, 349
270, 349
269, 348
269, 347
267, 345
267, 344
266, 343
266, 342
265, 341
265, 340
264, 339
264, 338
263, 337
263, 336
262, 335
262, 333
261, 332
261, 331
260, 330
260, 328
259, 327
259, 325
258, 324
258, 323
257, 322
257, 319
256, 318
256, 316
255, 315
255, 313
254, 312
254, 310
253, 309
253, 306
252, 305
252, 303
251, 302
251, 299
250, 298
250, 295
249, 294
249, 291
248, 290
248, 287
247, 286
247, 283
246, 282
246, 279
245, 278
245, 274
244, 273
244, 269
243, 268
243, 264
242, 263
242, 259
241, 258
241, 253
240, 252
240, 248
239, 247
239, 242
238, 241
238, 236
237, 235
237, 229
236, 228
236, 222
235, 221
235, 214
234, 213
234, 205
233, 204
233, 196
232, 195
232, 185
231, 184
231, 173
230, 172
230, 156
229, 155
229, 135
228, 134
228, 130
230, 128
231, 128
239, 120
239, 119
241, 117
127, 80
128, 79
129, 79
130, 80
132, 80
133, 81
135, 81
136, 82
136, 85
135, 86
135, 89
134, 90
134, 93
133, 94
133, 96
132, 97
131, 96
131, 94
130, 93
130, 90
129, 89
129, 86
128, 85
128, 83
127, 82
105, 71
106, 70
109, 70
110, 71
111, 71
112, 72
113, 72
114, 73
115, 73
116, 74
117, 74
118, 75
119, 75
120, 76
120, 77
121, 78
121, 80
122, 81
122, 83
123, 84
123, 87
124, 88
124, 90
125, 91
125, 95
126, 96
126, 99
127, 100
127, 104
128, 105
128, 109
129, 110
129, 114
130, 115
130, 189
131, 190
131, 208
132, 209
132, 222
133, 223
133, 229
132, 230
131, 229
131, 228
130, 227
130, 225
129, 224
129, 223
128, 222
128, 220
127, 219
127, 218
126, 217
126, 216
125, 215
125, 213
124, 212
124, 211
123, 210
123, 209
122, 208
122, 207
121, 206
121, 205
120, 204
120, 203
119, 202
119, 200
118, 199
118, 198
117, 197
117, 196
116, 195
116, 194
115, 193
115, 192
113, 190
113, 189
112, 188
112, 187
111, 186
111, 185
110, 184
110, 183
109, 182
109, 181
108, 180
108, 179
107, 178
107, 177
106, 176
106, 175
105, 174
105, 173
104, 172
104, 171
103, 170
103, 169
102, 168
102, 167
101, 166
101, 165
100, 164
100, 163
99, 162
99, 156
98, 155
98, 149
97, 148
97, 142
96, 141
96, 135
95, 134
95, 119
96, 118
96, 109
97, 108
97, 101
98, 100
98, 94
99, 93
99, 89
100, 88
100, 84
101, 83
101, 81
102, 80
102, 78
103, 77
103, 75
104, 74
104, 73
105, 72
113, 66
114, 66
116, 70
113, 69
112, 69
81, 61
82, 60
85, 60
86, 61
87, 61
88, 62
90, 62
91, 63
93, 63
94, 64
95, 64
96, 65
97, 65
98, 66
99, 66
101, 68
100, 69
100, 70
99, 71
99, 72
98, 73
98, 75
97, 76
97, 78
96, 79
96, 82
95, 83
95, 86
94, 87
94, 92
93, 93
93, 98
92, 99
92, 103
91, 104
90, 103
90, 100
89, 99
89, 95
88, 94
88, 90
87, 89
87, 85
86, 84
86, 81
85, 80
85, 76
84, 75
84, 72
83, 71
83, 68
82, 67
82, 64
81, 63
62, 58
63, 57
72, 57
73, 58
74, 58
75, 59
75, 61
76, 62
76, 64
77, 65
77, 68
78, 69
78, 72
79, 73
79, 77
80, 78
80, 81
81, 82
81, 86
82, 87
82, 91
83, 92
83, 95
84, 96
84, 100
85, 101
85, 106
86, 107
86, 111
87, 112
87, 117
88, 118
88, 123
89, 124
89, 130
90, 131
90, 132
89, 133
89, 140
88, 141
86, 139
86, 138
84, 136
84, 135
83, 134
83, 133
82, 132
82, 131
80, 129
80, 128
79, 127
79, 126
77, 124
77, 123
76, 122
76, 121
74, 119
74, 118
73, 117
73, 116
72, 115
72, 114
71, 113
71, 112
69, 110
69, 109
68, 108
68, 107
67, 106
67, 105
66, 104
66, 103
64, 101
64, 100
63, 99
63, 98
62, 97
62, 96
61, 95
61, 94
60, 93
60, 92
59, 91
59, 90
58, 89
58, 88
57, 87
57, 85
56, 84
56, 83
55, 82
55, 80
54, 79
54, 77
53, 76
53, 72
52, 71
52, 67
53, 66
53, 64
54, 63
54, 62
56, 60
57, 60
59, 58
