0, 301
2, 301
4, 303
6, 305
6, 303
8, 301
70, 301
72, 303
72, 305
74, 305
74, 303
76, 301
138, 301
140, 303
140, 305
142, 305
142, 303
144, 301
207, 301
209, 303
209, 305
211, 305
211, 303
213, 301
275, 301
277, 303
277, 305
279, 305
279, 303
281, 301
343, 301
345, 303
345, 305
347, 305
347, 303
349, 301
412, 301
414, 303
414, 305
416, 305
416, 303
418, 301
480, 301
482, 303
482, 305
484, 305
484, 303
486, 301
4, 2
496, 4
494, 299
2, 297
189, 12
188, 13
186, 13
185, 14
184, 14
181, 17
180, 17
177, 20
176, 20
169, 27
169, 28
165, 32
165, 33
163, 35
163, 36
161, 38
161, 39
160, 40
160, 41
159, 42
159, 43
158, 44
158, 45
157, 46
157, 48
156, 49
156, 50
155, 51
155, 53
154, 54
154, 56
153, 57
153, 58
152, 59
152, 61
151, 62
151, 64
150, 65
150, 67
149, 68
149, 70
148, 71
148, 73
147, 74
147, 76
146, 77
146, 79
145, 80
145, 81
144, 82
144, 84
143, 85
143, 87
142, 88
142, 90
141, 91
141, 94
140, 95
140, 98
139, 99
139, 101
138, 102
138, 103
136, 105
133, 105
132, 106
128, 106
127, 107
123, 107
122, 108
118, 108
117, 109
112, 109
111, 110
107, 110
106, 111
101, 111
100, 112
96, 112
95, 113
90, 113
89, 114
86, 114
85, 115
82, 115
81, 116
78, 116
77, 117
74, 117
73, 118
70, 118
69, 119
67, 119
66, 120
64, 120
63, 121
61, 121
60, 122
59, 122
58, 123
56, 123
55, 124
54, 124
53, 125
52, 125
51, 126
50, 126
49, 127
48, 127
47, 128
46, 128
45, 129
44, 129
43, 130
42, 130
40, 132
39, 132
38, 133
37, 133
34, 136
33, 136
24, 145
24, 146
23, 147
23, 149
22, 150
22, 156
23, 157
23, 159
28, 164
29, 164
30, 165
31, 165
32, 166
33, 166
34, 167
41, 167
42, 168
57, 168
58, 167
66, 167
67, 166
73, 166
74, 165
79, 165
80, 164
85, 164
86, 163
90, 163
91, 162
95, 162
96, 161
100, 161
101, 160
104, 160
105, 159
109, 159
110, 158
113, 158
114, 157
118, 157
119, 156
122, 156
123, 155
127, 155
128, 156
128, 164
127, 165
127, 174
126, 175
126, 182
125, 183
125, 191
124, 192
124, 197
125, 198
125, 200
127, 202
128, 201
128, 199
127, 198
127, 189
128, 188
128, 180
129, 179
129, 172
130, 171
130, 160
131, 159
131, 155
133, 153
135, 153
136, 152
139, 152
140, 151
143, 151
144, 150
147, 150
148, 149
151, 149
152, 148
155, 148
156, 147
159, 147
160, 146
163, 146
164, 145
167, 145
168, 144
171, 144
172, 143
175, 143
176, 142
179, 142
180, 141
184, 141
185, 140
188, 140
189, 139
192, 139
193, 138
196, 138
197, 137
200, 137
201, 136
205, 136
206, 135
210, 135
211, 136
211, 137
212, 138
212, 143
213, 144
213, 147
214, 148
214, 151
215, 152
215, 155
216, 156
216, 158
217, 159
217, 162
218, 163
218, 167
219, 168
209, 178
209, 179
206, 182
205, 182
202, 185
201, 185
199, 187
198, 187
196, 189
194, 187
194, 184
193, 183
190, 183
187, 186
187, 187
186, 188
186, 189
181, 194
181, 195
178, 198
178, 200
177, 201
177, 203
176, 204
176, 206
177, 207
177, 208
178, 209
179, 209
181, 211
182, 211
183, 212
184, 212
185, 213
186, 213
188, 215
189, 215
191, 217
193, 217
194, 218
196, 218
197, 217
198, 217
199, 216
200, 216
201, 215
202, 215
205, 212
206, 212
210, 208
211, 208
211, 207
214, 204
214, 203
215, 202
215, 201
216, 200
216, 199
217, 198
217, 197
218, 196
218, 194
219, 193
219, 190
220, 189
220, 186
221, 185
221, 179
222, 178
222, 171
225, 168
226, 168
229, 165
230, 165
232, 163
233, 163
236, 160
237, 160
244, 153
245, 153
247, 151
248, 151
263, 136
264, 136
270, 130
271, 130
273, 128
274, 128
277, 125
278, 125
279, 124
280, 124
281, 123
282, 123
283, 122
284, 122
285, 121
286, 121
287, 120
291, 120
292, 119
297, 119
298, 118
301, 118
303, 120
303, 121
304, 122
304, 124
305, 125
305, 127
306, 128
306, 133
307, 134
307, 139
308, 140
308, 145
309, 146
309, 151
310, 152
310, 157
311, 158
311, 163
312, 164
312, 168
313, 169
313, 173
314, 174
314, 177
315, 178
315, 181
316, 182
316, 186
317, 187
317, 190
318, 191
318, 194
319, 195
319, 199
320, 200
320, 205
319, 206
319, 207
317, 209
317, 210
315, 212
315, 213
313, 215
313, 216
311, 218
311, 219
308, 222
308, 223
305, 226
305, 227
303, 229
303, 230
301, 232
301, 233
298, 236
298, 237
297, 238
297, 239
295, 241
295, 242
294, 243
294, 244
293, 245
293, 246
291, 248
291, 249
290, 250
290, 251
288, 253
288, 254
287, 255
287, 256
285, 258
285, 260
284, 261
284, 262
283, 263
283, 269
282, 270
282, 273
283, 274
283, 276
284, 277
284, 278
286, 280
287, 280
289, 282
290, 282
292, 284
293, 284
294, 285
295, 285
296, 286
298, 286
299, 287
308, 287
314, 281
314, 280
315, 279
315, 278
316, 277
316, 276
317, 275
317, 273
318, 272
318, 271
319, 270
319, 268
320, 267
320, 264
321, 263
321, 261
322, 260
322, 257
323, 256
323, 251
324, 250
324, 244
325, 243
325, 213
324, 212
324, 208
323, 207
323, 205
324, 204
324, 203
325, 202
325, 201
327, 199
327, 198
329, 196
329, 195
330, 194
330, 193
331, 192
331, 191
332, 190
332, 189
334, 187
334, 186
335, 185
335, 184
337, 182
337, 181
338, 180
338, 179
340, 177
340, 176
341, 175
341, 174
343, 172
343, 171
344, 170
344, 169
345, 168
345, 167
346, 166
346, 155
345, 154
345, 151
344, 150
344, 146
343, 145
343, 141
342, 140
342, 136
341, 135
341, 133
340, 132
340, 130
339, 129
339, 128
336, 125
336, 124
335, 123
334, 123
332, 121
331, 121
329, 119
328, 119
326, 117
325, 117
324, 116
325, 115
328, 115
329, 114
335, 114
336, 113
343, 113
344, 112
351, 112
352, 111
360, 111
361, 110
369, 110
370, 109
379, 109
380, 108
393, 108
394, 107
414, 107
415, 106
423, 106
424, 107
446, 107
447, 108
454, 108
455, 109
458, 109
459, 110
462, 110
463, 111
466, 111
467, 112
470, 112
471, 113
474, 113
475, 112
473, 110
470, 110
469, 109
466, 109
465, 108
462, 108
461, 107
458, 107
457, 106
453, 106
452, 105
435, 105
434, 104
399, 104
398, 105
385, 105
384, 106
374, 106
373, 107
364, 107
363, 108
355, 108
354, 109
347, 109
346, 110
339, 110
338, 111
331, 111
330, 112
324, 112
323, 113
318, 113
317, 112
316, 112
315, 111
314, 111
313, 110
312, 110
309, 107
309, 106
318, 97
319, 97
322, 94
322, 93
327, 88
327, 87
329, 85
329, 84
331, 82
331, 81
333, 79
333, 78
334, 77
334, 76
335, 75
335, 73
336, 72
336, 70
337, 69
337, 55
336, 54
336, 49
335, 48
335, 44
334, 43
334, 40
333, 39
333, 37
332, 36
332, 35
331, 34
331, 33
328, 30
327, 30
326, 29
325, 29
324, 28
323, 28
322, 27
320, 27
319, 26
315, 26
314, 27
311, 27
310, 28
309, 28
307, 30
306, 30
300, 36
300, 37
299, 38
299, 39
298, 40
298, 41
297, 42
297, 44
296, 45
296, 47
295, 48
295, 49
294, 50
294, 52
293, 53
293, 56
292, 57
292, 61
291, 62
291, 68
290, 69
290, 76
291, 77
291, 85
292, 86
292, 89
293, 90
293, 94
292, 95
290, 93
289, 93
288, 92
287, 92
286, 91
285, 91
284, 90
283, 90
282, 89
280, 89
279, 88
277, 88
276, 87
272, 87
271, 86
265, 86
264, 85
243, 85
242, 86
233, 86
232, 87
225, 87
224, 88
219, 88
218, 89
212, 89
211, 90
206, 90
205, 91
200, 91
199, 92
194, 92
193, 93
192, 92
192, 91
201, 82
201, 81
203, 79
203, 78
204, 77
204, 76
206, 74
206, 73
207, 72
207, 71
209, 69
209, 68
211, 66
211, 65
213, 63
213, 62
214, 61
214, 60
215, 59
215, 58
216, 57
216, 56
217, 55
217, 53
218, 52
218, 42
217, 41
217, 38
216, 37
216, 33
215, 32
215, 29
214, 28
214, 26
213, 25
213, 23
209, 19
208, 19
207, 18
206, 18
205, 17
204, 17
203, 16
202, 16
201, 15
199, 15
198, 14
196, 14
195, 13
191, 13
190, 12
319, 211
320, 210
322, 212
322, 219
323, 220
323, 235
322, 236
322, 246
321, 247
321, 252
320, 253
320, 257
319, 258
319, 261
318, 262
318, 264
317, 265
317, 267
316, 268
316, 270
315, 271
315, 273
314, 274
314, 275
313, 276
313, 277
312, 278
312, 279
307, 284
306, 284
305, 285
302, 285
301, 284
299, 284
298, 283
296, 283
295, 282
294, 282
292, 280
291, 280
289, 278
288, 278
286, 276
286, 275
285, 274
285, 267
286, 266
286, 263
287, 262
287, 261
288, 260
288, 259
289, 258
289, 257
290, 256
290, 255
292, 253
292, 252
293, 251
293, 250
295, 248
295, 247
296, 246
296, 245
297, 244
297, 243
299, 241
299, 240
300, 239
300, 238
302, 236
302, 235
305, 232
305, 231
307, 229
307, 228
310, 225
310, 224
313, 221
313, 220
315, 218
315, 217
317, 215
317, 214
319, 212
218, 173
219, 174
219, 181
218, 182
218, 187
217, 188
217, 190
216, 191
216, 193
215, 194
215, 196
214, 197
214, 198
213, 199
213, 200
212, 201
212, 202
204, 210
203, 210
200, 213
199, 213
198, 214
197, 214
196, 215
194, 215
193, 214
192, 214
191, 213
190, 213
189, 212
188, 212
186, 210
185, 210
184, 209
183, 209
179, 205
179, 203
180, 202
180, 201
181, 200
181, 199
183, 197
183, 196
188, 191
188, 190
190, 188
191, 188
192, 189
192, 190
194, 192
197, 192
200, 189
201, 189
203, 187
204, 187
207, 184
208, 184
211, 181
211, 180
266, 124
267, 123
273, 123
274, 124
272, 126
271, 126
269, 128
268, 128
263, 133
262, 133
246, 149
245, 149
243, 151
242, 151
235, 158
234, 158
231, 161
230, 161
228, 163
227, 163
225, 165
224, 165
223, 166
222, 166
221, 165
221, 164
220, 163
220, 160
219, 159
219, 156
218, 155
218, 153
217, 152
217, 149
216, 148
216, 145
215, 144
215, 140
214, 139
214, 135
216, 133
219, 133
220, 132
224, 132
225, 131
228, 131
229, 130
233, 130
234, 129
238, 129
239, 128
244, 128
245, 127
249, 127
250, 126
255, 126
256, 125
260, 125
261, 124
312, 117
313, 116
318, 116
319, 117
320, 117
321, 118
322, 118
323, 119
324, 119
326, 121
327, 121
329, 123
330, 123
337, 130
337, 131
338, 132
338, 134
339, 135
339, 139
340, 140
340, 144
341, 145
341, 149
342, 150
342, 153
343, 154
343, 158
344, 159
344, 162
343, 163
343, 166
342, 167
342, 168
341, 169
341, 170
339, 172
339, 173
338, 174
338, 175
337, 176
337, 177
335, 179
335, 180
333, 182
333, 183
332, 184
332, 185
330, 187
330, 188
329, 189
329, 190
328, 191
328, 192
327, 193
327, 194
325, 196
325, 197
323, 199
322, 198
322, 197
321, 196
321, 192
320, 191
320, 188
319, 187
319, 184
318, 183
318, 179
317, 178
317, 175
316, 174
316, 170
315, 169
315, 166
314, 165
314, 160
313, 159
313, 154
312, 153
312, 148
311, 147
311, 142
310, 141
310, 136
309, 135
309, 130
308, 129
308, 125
307, 124
307, 122
306, 121
306, 120
305, 119
307, 117
299, 113
300, 115
297, 116
304, 109
307, 110
308, 110
310, 112
311, 112
311, 114
308, 114
307, 115
303, 113
131, 109
132, 108
136, 108
137, 109
137, 110
136, 111
136, 114
135, 115
135, 118
134, 119
134, 122
133, 123
133, 125
132, 126
132, 129
131, 130
131, 134
130, 135
130, 141
129, 142
129, 149
128, 150
128, 151
127, 152
124, 152
123, 153
120, 153
119, 154
116, 154
115, 155
111, 155
110, 156
107, 156
106, 157
102, 157
101, 158
97, 158
96, 159
92, 159
91, 160
87, 160
86, 161
82, 161
81, 162
76, 162
75, 163
70, 163
69, 164
63, 164
62, 165
39, 165
38, 164
34, 164
33, 163
32, 163
31, 162
30, 162
26, 158
26, 157
25, 156
25, 149
26, 148
26, 147
36, 137
37, 137
39, 135
40, 135
41, 134
42, 134
44, 132
45, 132
46, 131
47, 131
48, 130
49, 130
50, 129
51, 129
52, 128
53, 128
54, 127
55, 127
56, 126
58, 126
59, 125
60, 125
61, 124
63, 124
64, 123
66, 123
67, 122
69, 122
70, 121
72, 121
73, 120
76, 120
77, 119
79, 119
80, 118
84, 118
85, 117
88, 117
89, 116
93, 116
94, 115
98, 115
99, 114
104, 114
105, 113
109, 113
110, 112
115, 112
116, 111
121, 111
122, 110
126, 110
127, 109
176, 99
177, 98
178, 98
179, 99
179, 102
178, 103
178, 109
179, 110
181, 110
182, 109
183, 109
184, 108
185, 108
187, 106
188, 106
189, 105
190, 105
191, 104
193, 104
194, 103
203, 103
207, 108
208, 109
208, 112
209, 113
209, 118
210, 119
210, 127
211, 128
211, 130
208, 132
207, 133
203, 133
202, 134
198, 134
197, 135
194, 135
193, 136
190, 136
189, 137
186, 137
185, 138
182, 138
181, 139
177, 139
176, 140
173, 140
172, 141
169, 141
168, 142
165, 142
164, 143
161, 143
160, 144
157, 144
156, 145
153, 145
152, 146
149, 146
148, 147
145, 147
144, 148
141, 148
140, 149
137, 149
136, 150
132, 150
131, 147
132, 146
132, 139
133, 138
133, 133
134, 132
134, 129
135, 128
135, 125
136, 124
136, 122
137, 121
137, 118
138, 117
138, 114
139, 113
139, 110
140, 109
140, 108
145, 106
146, 105
149, 105
150, 104
154, 104
155, 103
158, 103
159, 102
163, 102
164, 101
167, 101
168, 100
172, 100
173, 99
238, 89
239, 88
267, 88
268, 89
273, 89
274, 90
277, 90
278, 91
280, 91
281, 92
282, 92
283, 93
284, 93
285, 94
286, 94
287, 95
288, 95
290, 97
291, 97
297, 103
297, 105
298, 106
298, 110
297, 111
296, 111
294, 113
293, 113
292, 114
291, 114
289, 116
288, 116
287, 117
286, 117
285, 118
282, 118
281, 119
275, 119
274, 120
269, 120
268, 121
263, 121
262, 122
258, 122
257, 123
252, 123
251, 124
247, 124
246, 125
241, 125
240, 126
236, 126
235, 127
231, 127
230, 128
226, 128
225, 129
221, 129
220, 130
217, 130
216, 131
215, 131
213, 129
213, 122
212, 121
212, 114
211, 113
211, 110
210, 109
210, 107
209, 106
209, 105
208, 104
208, 103
207, 103
205, 101
203, 101
202, 100
196, 100
195, 101
192, 101
191, 102
189, 102
188, 103
187, 103
186, 104
185, 104
183, 106
182, 106
181, 105
181, 103
182, 102
182, 100
185, 97
186, 97
187, 96
192, 96
193, 95
197, 95
198, 94
203, 94
204, 93
209, 93
210, 92
215, 92
216, 91
222, 91
223, 90
229, 90
230, 89
313, 30
314, 29
321, 30
322, 30
323, 31
324, 31
325, 32
326, 32
329, 35
329, 36
330, 37
330, 39
331, 40
331, 42
332, 43
332, 47
333, 48
333, 52
334, 53
334, 59
335, 60
335, 65
334, 66
333, 71
333, 73
332, 74
332, 75
331, 76
331, 77
329, 79
329, 80
327, 82
327, 83
325, 85
325, 86
320, 91
320, 92
317, 95
316, 95
307, 104
303, 103
302, 103
298, 99
298, 98
297, 97
297, 95
296, 94
296, 91
295, 90
295, 87
294, 86
294, 81
293, 80
293, 67
294, 66
295, 59
295, 56
296, 55
296, 53
297, 52
297, 50
298, 49
298, 47
299, 46
299, 44
300, 43
300, 42
301, 41
301, 40
302, 39
302, 38
309, 31
310, 31
311, 30
187, 16
188, 15
192, 15
193, 16
195, 16
196, 17
199, 17
200, 18
201, 18
202, 19
203, 19
204, 20
205, 20
206, 21
211, 25
211, 27
212, 28
212, 31
213, 32
213, 35
214, 36
214, 40
215, 41
215, 43
216, 44
216, 49
215, 50
215, 53
214, 54
214, 55
213, 56
213, 57
212, 58
212, 59
211, 60
211, 61
209, 63
209, 64
207, 66
207, 67
205, 69
205, 70
204, 71
204, 72
202, 74
202, 75
201, 76
201, 77
199, 79
188, 91
187, 91
184, 94
183, 94
182, 95
179, 95
178, 96
174, 96
173, 97
169, 97
168, 98
165, 98
164, 99
160, 99
159, 100
156, 100
155, 101
152, 101
151, 102
147, 102
146, 103
141, 102
141, 101
142, 100
142, 98
143, 97
143, 94
144, 93
144, 91
145, 90
145, 88
146, 87
146, 85
147, 84
147, 82
148, 81
148, 79
149, 78
149, 76
150, 75
150, 73
151, 72
151, 70
152, 69
152, 67
153, 66
153, 65
154, 64
154, 62
155, 61
155, 59
156, 58
156, 56
157, 55
157, 54
158, 53
158, 51
159, 50
159, 48
160, 47
160, 46
161, 45
161, 44
162, 43
162, 42
163, 41
163, 40
165, 38
165, 37
167, 35
171, 30
171, 29
179, 21
180, 21
182, 19
183, 19
186, 16
