3, 375
3, 373
5, 371
66, 371
68, 373
68, 375
70, 375
70, 373
72, 371
133, 371
135, 373
135, 375
137, 375
137, 373
139, 371
200, 371
202, 373
202, 375
204, 375
204, 373
206, 371
267, 371
269, 373
269, 375
271, 375
271, 373
273, 371
292, 2
294, 367
4, 369
2, 4
168, 16
167, 17
160, 17
159, 18
154, 18
153, 19
150, 19
149, 20
145, 20
144, 21
141, 21
140, 22
138, 22
137, 23
134, 23
133, 24
131, 24
130, 25
128, 25
127, 26
126, 26
125, 27
124, 27
123, 28
122, 28
121, 29
120, 29
119, 30
118, 30
117, 31
116, 31
115, 32
114, 32
113, 33
112, 33
110, 35
109, 35
108, 36
107, 36
105, 38
104, 38
101, 41
100, 41
98, 43
97, 43
93, 47
92, 47
72, 67
72, 68
66, 74
66, 75
62, 79
62, 80
58, 84
58, 85
54, 89
54, 90
51, 93
51, 94
49, 96
49, 97
46, 100
46, 101
44, 103
44, 104
42, 106
42, 107
41, 108
41, 109
39, 111
39, 112
38, 113
38, 114
37, 115
37, 116
35, 118
35, 119
34, 120
34, 121
33, 122
33, 123
32, 124
32, 125
31, 126
31, 128
30, 129
30, 130
29, 131
29, 132
28, 133
28, 134
27, 135
27, 137
26, 138
26, 139
25, 140
25, 142
24, 143
24, 145
23, 146
23, 148
22, 149
22, 150
21, 151
21, 153
20, 154
20, 157
19, 158
19, 160
18, 161
18, 163
17, 164
17, 167
16, 168
16, 171
15, 172
15, 176
14, 177
14, 183
13, 184
13, 192
14, 193
14, 196
15, 197
15, 198
16, 199
16, 200
18, 202
19, 202
21, 204
24, 204
25, 205
31, 205
32, 204
36, 204
37, 203
40, 203
41, 202
43, 202
44, 201
47, 201
48, 200
50, 200
51, 199
53, 199
54, 198
55, 198
56, 197
59, 197
60, 196
62, 196
63, 195
65, 195
66, 194
68, 194
69, 193
71, 193
72, 192
74, 192
75, 191
78, 191
79, 190
81, 190
82, 189
85, 189
86, 188
88, 188
89, 187
92, 187
93, 186
96, 186
97, 185
100, 185
101, 184
104, 184
105, 183
108, 183
109, 182
113, 182
114, 181
117, 181
118, 180
122, 180
123, 179
127, 179
128, 180
128, 184
129, 185
129, 187
128, 188
128, 200
127, 201
127, 203
126, 204
125, 204
124, 205
122, 205
121, 206
120, 206
119, 207
109, 207
108, 208
106, 208
105, 209
104, 209
101, 212
100, 212
98, 214
97, 214
96, 215
95, 215
93, 217
92, 217
90, 219
89, 219
88, 220
87, 220
82, 225
82, 226
81, 227
81, 228
80, 229
80, 231
81, 232
81, 234
82, 235
82, 236
84, 238
84, 239
87, 242
88, 242
90, 244
91, 244
92, 245
93, 245
94, 246
98, 246
99, 245
100, 245
101, 244
102, 244
105, 241
106, 241
110, 237
110, 236
114, 232
114, 231
116, 229
116, 228
119, 225
119, 224
120, 223
120, 222
121, 221
121, 220
123, 218
123, 217
124, 216
124, 214
125, 213
125, 212
126, 211
126, 210
127, 209
127, 208
129, 206
130, 207
133, 207
134, 208
136, 208
137, 209
140, 209
141, 210
148, 210
152, 214
152, 215
153, 216
153, 217
154, 217
155, 218
157, 218
161, 214
161, 213
167, 207
167, 206
176, 197
177, 197
180, 194
181, 195
181, 199
180, 200
180, 206
179, 207
179, 215
178, 216
178, 228
177, 229
177, 247
176, 248
176, 251
175, 252
175, 253
174, 254
174, 255
172, 257
172, 258
170, 260
170, 261
169, 262
169, 263
168, 264
168, 265
166, 267
166, 268
165, 269
165, 270
164, 271
164, 272
163, 273
163, 274
162, 275
162, 276
161, 277
161, 278
160, 279
160, 281
159, 282
159, 283
158, 284
158, 285
157, 286
157, 288
156, 289
156, 291
155, 292
155, 294
154, 295
154, 298
153, 299
153, 301
152, 302
152, 306
151, 307
151, 313
150, 314
150, 333
151, 334
151, 341
152, 342
152, 345
153, 346
153, 348
154, 349
154, 350
157, 353
160, 353
160, 352
162, 350
162, 349
163, 348
163, 346
164, 345
164, 344
165, 343
165, 340
166, 339
166, 337
167, 336
167, 333
168, 332
168, 329
169, 328
169, 325
170, 324
170, 320
171, 319
171, 315
172, 314
172, 310
173, 309
173, 304
174, 303
174, 297
175, 296
175, 289
176, 288
176, 278
177, 277
177, 263
178, 262
178, 252
179, 251
179, 250
181, 248
181, 247
184, 244
184, 243
188, 239
188, 238
193, 233
193, 232
196, 229
196, 228
200, 224
200, 223
202, 221
202, 220
203, 219
203, 218
205, 216
205, 215
207, 213
207, 212
209, 210
209, 209
211, 207
211, 206
212, 205
212, 204
214, 202
214, 201
216, 199
216, 198
218, 196
218, 195
219, 194
219, 193
221, 191
221, 190
224, 187
224, 186
230, 180
230, 179
238, 171
238, 170
244, 164
244, 163
249, 158
249, 157
252, 154
252, 153
254, 151
254, 150
255, 149
255, 148
257, 146
258, 146
259, 145
261, 145
262, 144
265, 144
266, 143
268, 143
269, 142
271, 142
272, 141
275, 141
276, 140
278, 140
279, 139
280, 139
281, 138
277, 138
276, 139
274, 139
273, 140
271, 140
270, 141
267, 141
266, 142
264, 142
263, 143
259, 143
258, 142
258, 141
259, 140
259, 139
260, 138
260, 135
261, 134
261, 132
262, 131
262, 127
263, 126
263, 123
264, 122
264, 117
265, 116
265, 111
266, 110
266, 104
267, 103
267, 94
268, 93
268, 69
267, 68
267, 62
266, 61
266, 58
265, 57
265, 55
264, 54
264, 53
263, 52
263, 51
261, 49
261, 48
255, 42
254, 42
252, 40
251, 40
249, 38
248, 38
247, 37
246, 37
245, 36
244, 36
243, 35
242, 35
241, 34
240, 34
239, 33
238, 33
237, 32
235, 32
234, 31
233, 31
232, 30
231, 30
230, 29
229, 29
228, 28
226, 28
225, 27
224, 27
223, 26
222, 26
221, 25
220, 25
219, 24
217, 24
216, 23
215, 23
214, 22
212, 22
211, 21
208, 21
207, 20
205, 20
204, 19
201, 19
200, 18
196, 18
195, 17
188, 17
187, 16
175, 256
176, 257
176, 267
175, 268
175, 281
174, 282
174, 291
173, 292
173, 299
172, 300
172, 305
171, 306
171, 311
170, 312
170, 316
169, 317
169, 321
168, 322
168, 325
167, 326
167, 330
166, 331
166, 334
165, 335
165, 337
164, 338
164, 341
163, 342
163, 344
162, 345
162, 346
161, 347
161, 349
159, 351
157, 351
155, 349
155, 347
154, 346
154, 344
153, 343
153, 337
152, 336
152, 312
153, 311
153, 305
154, 304
154, 301
155, 300
155, 297
156, 296
156, 294
157, 293
157, 291
158, 290
158, 288
159, 287
159, 285
160, 284
160, 283
161, 282
161, 281
162, 280
162, 278
163, 277
163, 276
164, 275
164, 274
165, 273
165, 272
166, 271
166, 270
168, 268
168, 267
169, 266
169, 265
170, 264
170, 263
172, 261
172, 260
173, 259
173, 258
120, 208
121, 207
124, 207
125, 208
125, 210
124, 211
124, 212
123, 213
123, 214
122, 215
122, 216
121, 217
121, 218
120, 219
120, 220
119, 221
119, 222
117, 224
117, 225
115, 227
115, 228
112, 231
112, 232
102, 242
101, 242
99, 244
93, 244
92, 243
91, 243
83, 235
83, 234
82, 233
82, 228
83, 227
83, 226
87, 222
88, 222
90, 220
91, 220
93, 218
94, 218
95, 217
96, 217
98, 215
99, 215
101, 213
102, 213
104, 211
105, 211
106, 210
107, 210
108, 209
117, 209
118, 208
184, 166
185, 165
186, 168
186, 172
185, 173
185, 177
184, 178
184, 181
183, 182
183, 186
182, 187
182, 189
181, 190
181, 191
178, 194
177, 194
164, 207
164, 208
159, 213
159, 214
155, 216
153, 214
153, 213
152, 212
152, 211
151, 210
150, 210
149, 209
148, 209
147, 208
139, 208
138, 207
135, 207
134, 206
132, 206
131, 205
130, 205
129, 199
130, 198
130, 179
135, 177
136, 176
140, 176
141, 175
145, 175
146, 174
149, 174
150, 173
154, 173
155, 172
158, 172
159, 171
163, 171
164, 170
167, 170
168, 169
171, 169
172, 168
175, 168
176, 167
179, 167
180, 166
198, 162
199, 161
203, 161
204, 162
203, 163
203, 164
201, 166
201, 167
199, 169
199, 170
196, 173
196, 174
193, 177
193, 178
189, 182
189, 183
187, 185
186, 185
185, 184
185, 180
186, 179
186, 176
187, 175
187, 171
188, 170
188, 167
189, 166
189, 165
190, 164
191, 164
192, 163
195, 163
196, 162
250, 148
251, 147
252, 147
253, 148
253, 150
251, 152
251, 153
247, 157
247, 158
242, 163
242, 164
236, 170
236, 171
227, 180
227, 181
222, 186
222, 187
219, 190
219, 191
218, 192
218, 193
216, 195
216, 196
215, 197
215, 198
213, 200
213, 201
211, 203
211, 204
209, 206
209, 207
207, 209
207, 210
206, 211
206, 212
204, 214
204, 215
202, 217
202, 218
200, 220
200, 221
198, 223
198, 224
195, 227
195, 228
191, 232
191, 233
186, 238
186, 239
182, 243
182, 244
180, 246
179, 246
178, 245
178, 242
179, 241
179, 225
180, 224
180, 213
181, 212
181, 205
182, 204
182, 198
183, 197
183, 192
184, 191
184, 190
191, 183
191, 182
195, 178
195, 177
198, 174
198, 173
200, 171
200, 170
202, 168
202, 167
204, 165
204, 164
209, 159
210, 159
211, 158
213, 158
214, 157
217, 157
218, 156
221, 156
222, 155
224, 155
225, 154
228, 154
229, 153
232, 153
233, 152
235, 152
236, 151
239, 151
240, 150
242, 150
243, 149
246, 149
247, 148
107, 130
108, 129
112, 129
113, 131
112, 132
112, 133
109, 136
108, 136
103, 140
102, 141
101, 141
100, 142
97, 142
96, 139
97, 138
97, 136
103, 131
104, 130
224, 65
225, 65
228, 68
228, 69
229, 70
229, 73
230, 74
230, 79
231, 80
231, 96
230, 97
230, 103
229, 104
229, 107
228, 108
228, 111
227, 112
227, 114
226, 115
226, 117
225, 118
225, 120
224, 121
224, 123
223, 124
223, 125
222, 126
222, 128
221, 129
221, 130
220, 131
220, 133
219, 134
219, 135
218, 136
218, 137
217, 138
217, 139
216, 140
216, 141
215, 142
215, 143
214, 144
214, 145
213, 146
213, 147
212, 148
212, 149
211, 150
211, 151
210, 152
210, 153
208, 155
208, 156
206, 158
205, 158
204, 159
201, 159
200, 160
197, 160
196, 161
194, 161
193, 162
191, 162
190, 161
190, 158
191, 157
191, 154
192, 153
192, 149
193, 148
193, 145
194, 144
194, 141
195, 140
195, 137
196, 136
196, 133
197, 132
197, 129
198, 128
198, 125
199, 124
199, 122
200, 121
200, 118
201, 117
201, 115
202, 114
202, 111
203, 110
203, 109
204, 108
204, 106
205, 105
205, 103
206, 102
206, 100
207, 99
207, 98
208, 97
208, 95
209, 94
209, 93
210, 92
210, 91
211, 90
211, 88
212, 87
212, 86
213, 85
213, 84
214, 83
214, 82
215, 81
215, 80
216, 79
216, 78
217, 77
217, 76
218, 75
218, 74
219, 73
219, 72
220, 71
220, 70
221, 69
221, 68
164, 19
165, 18
190, 18
191, 19
197, 19
198, 20
201, 20
202, 21
206, 21
207, 22
209, 22
210, 23
212, 23
213, 24
215, 24
216, 25
217, 25
218, 26
220, 26
221, 27
222, 27
223, 28
224, 28
225, 29
226, 29
227, 30
229, 30
230, 31
231, 31
232, 32
233, 32
234, 33
235, 33
236, 34
238, 34
239, 35
240, 35
241, 36
242, 36
243, 37
244, 37
245, 38
246, 38
247, 39
248, 39
250, 41
251, 41
253, 43
254, 43
260, 49
260, 50
262, 52
262, 53
263, 54
263, 56
264, 57
264, 59
265, 60
265, 65
266, 66
266, 97
265, 98
265, 106
264, 107
264, 113
263, 114
263, 118
262, 119
262, 124
261, 125
261, 128
260, 129
260, 132
259, 133
259, 136
258, 137
258, 139
257, 140
257, 142
254, 145
252, 145
251, 146
248, 146
247, 147
245, 147
244, 148
241, 148
240, 149
238, 149
237, 150
234, 150
233, 151
231, 151
230, 152
227, 152
226, 153
223, 153
222, 154
219, 154
218, 155
216, 155
215, 156
211, 156
210, 155
211, 154
211, 153
212, 152
212, 151
213, 150
213, 149
215, 147
215, 146
216, 145
216, 144
217, 143
217, 142
218, 141
218, 140
219, 139
219, 137
220, 136
220, 135
221, 134
221, 133
222, 132
222, 130
223, 129
223, 128
224, 127
224, 125
225, 124
225, 122
226, 121
226, 120
227, 119
227, 117
228, 116
228, 114
229, 113
229, 110
230, 109
230, 107
231, 106
231, 102
232, 101
232, 94
233, 93
233, 83
232, 82
232, 76
231, 75
231, 72
230, 71
230, 69
229, 68
229, 67
228, 66
228, 65
226, 63
223, 63
221, 65
221, 66
220, 67
220, 68
219, 69
219, 70
218, 71
218, 72
217, 73
217, 74
216, 75
216, 76
215, 77
215, 78
214, 79
214, 80
213, 81
213, 82
212, 83
212, 84
211, 85
211, 86
210, 87
210, 88
209, 89
209, 91
208, 92
208, 93
207, 94
207, 96
206, 97
206, 98
205, 99
205, 101
204, 102
204, 103
203, 104
203, 106
202, 107
202, 109
201, 110
201, 112
200, 113
200, 115
199, 116
199, 119
198, 120
198, 122
197, 123
197, 126
196, 127
196, 129
195, 130
195, 133
194, 134
194, 137
193, 138
193, 142
192, 143
192, 146
191, 147
191, 150
190, 151
190, 154
189, 155
189, 158
188, 159
188, 161
185, 164
182, 164
181, 165
178, 165
177, 166
174, 166
173, 167
169, 167
168, 168
165, 168
164, 169
161, 169
160, 170
157, 170
156, 171
152, 171
151, 172
148, 172
147, 173
143, 173
142, 174
138, 174
137, 175
134, 175
133, 176
131, 176
130, 175
130, 172
129, 171
129, 162
128, 161
128, 153
127, 152
127, 146
126, 145
126, 140
125, 139
125, 137
124, 136
124, 134
123, 133
123, 132
121, 130
120, 130
118, 128
118, 127
120, 125
120, 124
121, 123
121, 122
123, 120
123, 119
124, 118
124, 117
125, 116
125, 115
126, 114
126, 113
127, 112
127, 111
128, 110
128, 109
129, 108
129, 106
130, 105
130, 102
131, 101
131, 97
132, 96
132, 82
131, 81
131, 77
130, 76
130, 74
129, 73
129, 71
128, 70
128, 69
127, 68
127, 67
126, 66
126, 65
124, 63
124, 62
121, 59
120, 59
118, 57
117, 57
116, 56
115, 56
114, 55
104, 55
103, 56
101, 56
100, 57
99, 57
97, 59
96, 59
89, 66
89, 67
87, 69
87, 70
86, 71
86, 72
85, 73
85, 74
84, 75
84, 76
83, 77
83, 78
82, 79
82, 80
81, 81
81, 84
80, 85
80, 87
79, 88
79, 91
78, 92
78, 95
77, 96
77, 98
76, 99
76, 101
75, 102
75, 104
74, 105
74, 107
73, 108
73, 110
72, 111
72, 112
71, 113
71, 115
70, 116
70, 117
69, 118
69, 119
68, 120
68, 122
67, 123
67, 124
66, 125
66, 126
65, 127
65, 128
64, 129
64, 131
63, 132
63, 133
62, 134
62, 135
61, 136
61, 138
60, 139
60, 140
59, 141
59, 143
58, 144
58, 145
57, 146
57, 148
56, 149
56, 150
55, 151
55, 152
54, 153
54, 155
53, 156
53, 157
52, 158
52, 159
51, 160
51, 162
50, 163
50, 164
49, 165
49, 166
48, 167
48, 168
47, 169
47, 171
46, 172
46, 173
45, 174
45, 175
44, 176
44, 178
43, 179
43, 181
42, 182
42, 184
41, 185
41, 187
40, 188
40, 191
39, 192
39, 197
40, 198
41, 198
41, 191
42, 190
42, 186
43, 185
43, 183
44, 182
44, 180
45, 179
45, 178
46, 177
46, 175
47, 174
47, 173
48, 172
48, 171
49, 170
49, 168
50, 167
50, 166
51, 165
51, 164
52, 163
52, 162
53, 161
53, 159
54, 158
54, 157
55, 156
55, 155
56, 154
56, 153
57, 152
57, 150
58, 149
58, 148
59, 147
59, 145
60, 144
60, 143
61, 142
61, 140
62, 139
62, 138
63, 137
63, 135
64, 134
64, 133
65, 132
65, 131
66, 130
66, 128
67, 127
67, 126
68, 125
68, 124
69, 123
69, 122
70, 121
70, 119
71, 118
71, 117
72, 116
72, 115
73, 114
73, 112
74, 111
74, 109
75, 108
75, 107
76, 106
76, 104
77, 103
77, 101
78, 100
78, 98
79, 97
79, 94
80, 93
80, 90
81, 89
81, 86
82, 85
82, 83
83, 82
83, 80
84, 79
84, 78
85, 77
85, 76
86, 75
86, 74
87, 73
87, 72
89, 70
89, 69
91, 67
91, 66
96, 61
97, 61
99, 59
100, 59
101, 58
102, 58
103, 57
106, 57
107, 56
112, 56
113, 57
115, 57
116, 58
117, 58
125, 66
125, 67
126, 68
126, 69
127, 70
127, 72
128, 73
128, 75
129, 76
129, 79
130, 80
130, 98
129, 99
129, 103
128, 104
128, 106
127, 107
127, 109
126, 110
126, 111
125, 112
125, 113
124, 114
124, 115
123, 116
123, 117
122, 118
122, 119
120, 121
120, 122
118, 124
118, 125
116, 127
115, 127
114, 128
113, 128
112, 127
111, 128
105, 128
104, 129
102, 129
100, 131
99, 131
97, 133
97, 134
96, 135
96, 136
95, 137
95, 142
97, 144
99, 144
100, 143
101, 143
102, 142
103, 142
104, 141
105, 141
108, 138
109, 138
114, 133
114, 132
115, 131
116, 131
117, 130
118, 130
119, 131
120, 131
121, 132
121, 133
122, 134
122, 135
123, 136
123, 138
124, 139
124, 142
125, 143
125, 149
126, 150
126, 158
127, 159
127, 168
128, 169
128, 176
127, 177
124, 177
123, 178
120, 178
119, 179
116, 179
115, 180
111, 180
110, 181
107, 181
106, 182
103, 182
102, 183
99, 183
98, 184
95, 184
94, 185
91, 185
90, 186
87, 186
86, 187
84, 187
83, 188
80, 188
79, 189
77, 189
76, 190
74, 190
73, 191
70, 191
69, 192
67, 192
66, 193
64, 193
63, 194
61, 194
60, 195
58, 195
57, 196
55, 196
54, 197
52, 197
51, 198
49, 198
48, 199
46, 199
45, 200
42, 200
41, 201
39, 201
38, 202
34, 202
33, 203
23, 203
22, 202
21, 202
16, 197
16, 194
15, 193
15, 181
16, 180
16, 175
17, 174
17, 170
18, 169
18, 167
19, 166
19, 163
20, 162
20, 159
21, 158
21, 156
22, 155
22, 153
23, 152
23, 150
24, 149
24, 147
25, 146
25, 144
26, 143
26, 142
27, 141
27, 139
28, 138
28, 137
29, 136
29, 134
30, 133
30, 132
31, 131
31, 130
32, 129
32, 128
33, 127
33, 126
34, 125
34, 124
35, 123
35, 122
36, 121
36, 120
37, 119
37, 118
38, 117
38, 116
39, 115
39, 114
40, 113
40, 112
42, 110
42, 109
44, 107
44, 106
45, 105
45, 104
47, 102
47, 101
50, 98
50, 97
53, 94
53, 93
56, 90
56, 89
59, 86
59, 85
64, 80
64, 79
69, 74
69, 73
75, 67
75, 66
91, 50
92, 50
97, 45
98, 45
101, 42
102, 42
104, 40
105, 40
107, 38
108, 38
110, 36
111, 36
112, 35
113, 35
115, 33
116, 33
117, 32
118, 32
119, 31
120, 31
121, 30
122, 30
123, 29
124, 29
125, 28
126, 28
127, 27
129, 27
130, 26
132, 26
133, 25
135, 25
136, 24
139, 24
140, 23
143, 23
144, 22
147, 22
148, 21
151, 21
152, 20
156, 20
157, 19
