284, 2
286, 367
4, 369
2, 4
198, 15
197, 16
190, 16
189, 17
185, 17
184, 18
180, 18
179, 19
176, 19
175, 20
173, 20
172, 21
170, 21
169, 22
167, 22
166, 23
164, 23
163, 24
162, 24
161, 25
159, 25
158, 26
157, 26
156, 27
155, 27
154, 28
152, 28
151, 29
150, 29
149, 30
148, 30
147, 31
146, 31
144, 33
143, 33
142, 34
141, 34
140, 35
139, 35
138, 36
137, 36
135, 38
134, 38
133, 39
132, 39
130, 41
129, 41
127, 43
126, 43
124, 45
123, 45
121, 47
120, 47
117, 50
116, 50
114, 52
113, 52
110, 55
109, 55
104, 60
103, 60
98, 65
97, 65
86, 76
85, 76
70, 91
70, 92
64, 98
64, 99
58, 105
58, 106
55, 109
55, 110
52, 113
52, 114
49, 117
49, 118
46, 121
46, 122
44, 124
44, 125
42, 127
42, 128
40, 130
40, 131
38, 133
38, 134
36, 136
36, 137
35, 138
35, 139
33, 141
33, 142
32, 143
32, 144
30, 146
30, 147
29, 148
29, 149
28, 150
28, 151
27, 152
27, 153
26, 154
26, 155
25, 156
25, 157
24, 158
24, 159
23, 160
23, 161
22, 162
22, 163
21, 164
21, 165
20, 166
20, 168
19, 169
19, 170
18, 171
18, 172
17, 173
17, 175
16, 176
16, 178
15, 179
15, 181
14, 182
14, 185
13, 186
13, 191
12, 192
12, 203
13, 204
13, 207
14, 208
14, 209
15, 210
15, 211
17, 213
17, 214
19, 216
20, 216
22, 218
23, 218
24, 219
26, 219
27, 220
29, 220
30, 221
36, 221
37, 222
43, 222
44, 223
43, 224
43, 227
42, 228
42, 231
41, 232
41, 235
40, 236
40, 239
39, 240
39, 243
38, 244
38, 246
37, 247
37, 250
36, 251
36, 253
35, 254
35, 257
34, 258
34, 261
33, 262
33, 264
32, 265
32, 268
31, 269
31, 271
30, 272
30, 275
29, 276
29, 279
28, 280
28, 283
27, 284
27, 287
26, 288
26, 291
25, 292
25, 295
24, 296
24, 299
23, 300
23, 303
22, 304
22, 308
25, 308
25, 305
26, 304
26, 301
27, 300
27, 297
28, 296
28, 293
29, 292
29, 289
30, 288
30, 285
31, 284
31, 281
32, 280
32, 278
33, 277
33, 274
34, 273
34, 270
35, 269
35, 267
36, 266
36, 263
37, 262
37, 259
38, 258
38, 256
39, 255
39, 252
40, 251
40, 249
41, 248
41, 245
42, 244
42, 241
43, 240
43, 237
44, 236
44, 233
45, 232
45, 230
46, 229
46, 226
47, 225
47, 223
49, 221
55, 221
56, 220
63, 220
64, 219
70, 219
71, 218
76, 218
77, 217
82, 217
83, 216
87, 216
88, 215
89, 215
90, 216
90, 219
89, 220
89, 222
88, 223
88, 225
87, 226
87, 228
86, 229
86, 231
85, 232
85, 234
86, 235
88, 235
89, 234
89, 232
90, 231
90, 229
91, 228
91, 226
92, 225
92, 223
93, 222
93, 221
94, 220
94, 218
95, 217
95, 216
98, 213
101, 213
102, 212
106, 212
107, 211
111, 211
112, 210
115, 210
116, 209
118, 209
119, 208
121, 208
122, 207
123, 207
125, 209
125, 210
126, 211
126, 213
127, 214
127, 219
128, 220
128, 236
127, 237
127, 243
126, 244
126, 249
125, 250
125, 254
124, 255
124, 258
123, 259
123, 261
122, 262
122, 265
121, 266
121, 268
120, 269
120, 271
119, 272
119, 273
118, 274
118, 276
117, 277
117, 278
116, 279
116, 280
115, 281
115, 282
114, 283
114, 284
112, 286
112, 287
109, 290
109, 291
103, 297
102, 297
101, 298
100, 298
99, 297
99, 296
98, 295
97, 295
96, 296
96, 300
97, 301
103, 301
105, 299
106, 299
107, 298
108, 299
108, 300
111, 300
118, 293
118, 292
120, 290
120, 289
123, 286
123, 285
125, 283
125, 282
127, 280
127, 279
130, 276
130, 275
132, 273
132, 272
134, 270
134, 269
137, 266
137, 265
139, 263
139, 262
141, 260
141, 259
143, 257
143, 256
145, 254
145, 253
147, 251
147, 250
149, 248
149, 247
151, 245
151, 244
152, 243
152, 242
154, 240
154, 239
155, 238
155, 237
157, 235
157, 234
158, 233
158, 232
159, 231
159, 230
161, 228
161, 227
162, 226
162, 225
163, 224
163, 223
164, 222
164, 221
166, 219
166, 218
167, 217
167, 216
168, 215
168, 214
169, 213
169, 212
172, 216
171, 217
171, 222
170, 223
170, 228
169, 229
169, 233
168, 234
168, 239
167, 240
167, 245
166, 246
166, 250
165, 251
165, 256
164, 257
164, 260
163, 261
163, 265
162, 266
162, 269
161, 270
161, 272
160, 273
160, 275
149, 286
148, 286
130, 304
130, 305
125, 310
125, 311
123, 313
123, 314
122, 315
122, 316
121, 317
121, 318
120, 319
120, 321
119, 322
119, 327
120, 328
120, 330
121, 331
121, 332
123, 334
123, 335
124, 336
124, 337
127, 340
127, 341
129, 343
129, 344
132, 347
132, 348
137, 353
138, 353
139, 354
143, 354
147, 350
147, 349
148, 348
148, 347
149, 346
149, 345
150, 344
150, 342
151, 341
151, 339
152, 338
152, 336
153, 335
153, 332
154, 331
154, 328
155, 327
155, 323
156, 322
156, 317
157, 316
157, 310
158, 309
158, 301
159, 300
159, 295
158, 294
158, 291
159, 290
159, 288
160, 287
160, 284
161, 283
161, 281
162, 280
162, 278
178, 262
179, 262
188, 253
189, 253
196, 246
197, 246
204, 239
205, 239
210, 234
211, 234
221, 224
222, 224
234, 212
234, 211
239, 206
239, 205
242, 202
242, 201
244, 199
244, 198
246, 196
246, 195
247, 194
247, 193
249, 191
249, 190
250, 189
250, 188
251, 187
251, 186
252, 185
252, 184
253, 183
253, 181
254, 180
254, 179
255, 178
255, 176
256, 175
256, 173
259, 170
260, 170
261, 169
263, 169
264, 168
266, 168
267, 167
270, 167
271, 166
273, 166
273, 164
271, 164
270, 165
268, 165
267, 166
264, 166
263, 167
261, 167
260, 168
259, 167
259, 163
260, 162
260, 159
261, 158
261, 153
262, 152
262, 145
263, 144
263, 132
264, 131
264, 110
263, 109
263, 94
262, 93
262, 85
261, 84
261, 77
260, 76
260, 72
259, 71
259, 67
258, 66
258, 63
257, 62
257, 58
256, 57
256, 55
255, 54
255, 52
254, 51
254, 49
253, 48
253, 47
252, 46
252, 45
251, 44
251, 43
250, 42
250, 41
249, 40
249, 39
247, 37
247, 36
244, 33
244, 32
243, 32
237, 26
236, 26
233, 23
232, 23
231, 22
230, 22
229, 21
228, 21
227, 20
225, 20
224, 19
222, 19
221, 18
219, 18
218, 17
215, 17
214, 16
208, 16
207, 15
117, 288
156, 283
157, 284
157, 286
156, 287
156, 290
155, 291
155, 294
156, 295
156, 301
155, 302
155, 309
154, 310
154, 317
153, 318
153, 322
152, 323
152, 327
151, 328
151, 331
150, 332
150, 335
149, 336
149, 338
148, 339
148, 340
147, 341
147, 343
146, 344
146, 345
145, 346
145, 347
141, 351
140, 351
139, 350
138, 350
136, 348
136, 347
132, 343
132, 342
130, 340
130, 339
127, 336
127, 335
126, 334
126, 333
124, 331
124, 330
123, 329
123, 328
122, 327
122, 322
123, 321
123, 319
124, 318
124, 317
126, 315
126, 314
129, 311
129, 310
138, 301
138, 300
142, 296
143, 296
166, 204
167, 203
169, 203
170, 204
170, 205
169, 206
169, 207
168, 208
168, 209
167, 210
167, 211
165, 213
165, 214
164, 215
164, 216
163, 217
163, 218
162, 219
162, 220
160, 222
160, 223
159, 224
159, 225
158, 226
158, 227
156, 229
156, 230
155, 231
155, 232
154, 233
154, 234
152, 236
152, 237
151, 238
151, 239
150, 240
150, 241
148, 243
148, 244
146, 246
146, 247
144, 249
144, 250
142, 252
142, 253
140, 255
140, 256
138, 258
138, 259
136, 261
136, 262
134, 264
134, 265
131, 268
131, 269
129, 271
129, 272
127, 274
127, 275
124, 278
124, 279
122, 281
122, 282
120, 284
120, 285
117, 288
116, 286
117, 285
117, 284
119, 282
119, 280
120, 279
120, 278
121, 277
121, 276
122, 275
122, 273
123, 272
123, 270
124, 269
124, 267
125, 266
125, 264
126, 263
126, 260
127, 259
127, 256
128, 255
128, 251
129, 250
129, 246
130, 245
130, 239
131, 238
131, 218
130, 217
130, 212
132, 210
139, 210
140, 209
143, 209
144, 208
147, 208
148, 207
151, 207
152, 206
156, 206
157, 205
161, 205
162, 204
111, 196
112, 195
115, 195
116, 196
117, 196
120, 199
120, 200
122, 202
122, 203
120, 205
118, 205
117, 206
116, 206
115, 207
112, 207
111, 208
107, 208
106, 209
102, 209
101, 210
100, 209
100, 208
101, 207
101, 206
104, 203
104, 202
110, 196
249, 174
250, 173
252, 173
253, 174
253, 175
252, 176
252, 177
251, 178
251, 180
250, 181
250, 182
249, 183
249, 184
248, 185
248, 186
247, 187
247, 188
246, 189
246, 190
244, 192
244, 193
243, 194
243, 195
241, 197
241, 198
239, 200
239, 201
235, 205
235, 206
213, 228
212, 228
205, 235
204, 235
198, 241
197, 241
190, 248
189, 248
182, 255
181, 255
167, 269
166, 269
165, 268
165, 266
166, 265
166, 261
167, 260
167, 257
168, 256
168, 251
169, 250
169, 246
170, 245
170, 240
171, 239
171, 234
172, 233
172, 229
173, 228
173, 223
174, 222
174, 217
175, 216
175, 211
176, 210
176, 205
177, 204
177, 202
178, 201
179, 201
180, 200
183, 200
184, 199
186, 199
187, 198
190, 198
191, 197
193, 197
194, 196
196, 196
197, 195
199, 195
200, 194
202, 194
203, 193
204, 193
205, 192
207, 192
208, 191
209, 191
210, 190
211, 190
212, 189
214, 189
215, 188
216, 188
217, 187
218, 187
219, 186
220, 186
221, 185
223, 185
224, 184
225, 184
226, 183
227, 183
228, 182
229, 182
230, 181
232, 181
233, 180
234, 180
235, 179
237, 179
238, 178
240, 178
241, 177
242, 177
243, 176
244, 176
245, 175
246, 175
247, 174
91, 127
92, 126
93, 127
94, 127
98, 131
98, 132
99, 133
99, 134
100, 135
100, 137
101, 138
101, 141
102, 142
102, 149
103, 150
103, 163
102, 164
102, 170
101, 171
101, 176
100, 177
100, 181
99, 182
99, 185
98, 186
98, 189
97, 190
97, 193
96, 194
96, 197
95, 198
95, 201
94, 202
94, 205
93, 206
93, 209
92, 210
92, 211
91, 212
88, 212
87, 213
83, 213
82, 214
77, 214
76, 215
71, 215
70, 216
64, 216
63, 217
57, 217
56, 218
50, 218
49, 217
49, 215
50, 214
50, 212
51, 211
51, 208
52, 207
52, 205
53, 204
53, 202
54, 201
54, 198
55, 197
55, 195
56, 194
56, 192
57, 191
57, 189
58, 188
58, 186
59, 185
59, 183
60, 182
60, 180
61, 179
61, 177
62, 176
62, 175
63, 174
63, 172
64, 171
64, 170
65, 169
65, 167
66, 166
66, 165
67, 164
67, 162
68, 161
68, 160
69, 159
69, 158
70, 157
70, 156
71, 155
71, 154
72, 153
72, 152
73, 151
73, 150
74, 149
74, 148
75, 147
75, 146
77, 144
77, 143
79, 141
79, 140
80, 139
80, 138
82, 136
82, 135
86, 131
86, 130
88, 128
89, 128
90, 127
209, 75
210, 74
212, 74
217, 79
217, 82
218, 83
218, 90
217, 91
217, 97
216, 98
216, 101
215, 102
215, 105
214, 106
214, 109
213, 110
213, 112
212, 113
212, 115
211, 116
211, 118
210, 119
210, 121
209, 122
209, 124
208, 125
208, 127
207, 128
207, 129
206, 130
206, 132
205, 133
205, 135
204, 136
204, 137
203, 138
203, 139
202, 140
202, 142
201, 143
201, 144
200, 145
200, 146
199, 147
199, 148
198, 149
198, 150
197, 151
197, 153
196, 154
196, 155
195, 156
195, 157
194, 158
194, 159
193, 160
193, 161
192, 162
192, 163
191, 164
191, 165
190, 166
190, 167
189, 168
189, 169
188, 170
188, 171
187, 172
187, 173
186, 174
186, 175
185, 176
185, 177
184, 178
184, 179
183, 180
183, 181
181, 183
180, 182
180, 179
181, 178
181, 172
182, 171
182, 166
183, 165
183, 160
184, 159
184, 154
185, 153
185, 148
186, 147
186, 142
187, 141
187, 136
188, 135
188, 130
189, 129
189, 124
190, 123
190, 119
191, 118
191, 113
192, 112
192, 108
193, 107
193, 103
194, 102
194, 98
195, 97
195, 94
196, 93
196, 91
197, 90
197, 88
198, 87
198, 86
200, 84
200, 83
202, 81
202, 80
206, 76
207, 76
208, 75
196, 19
197, 18
208, 18
209, 19
214, 19
215, 20
218, 20
219, 21
221, 21
222, 22
224, 22
225, 23
226, 23
227, 24
228, 24
229, 25
230, 25
231, 26
232, 26
235, 29
236, 29
244, 37
244, 38
247, 41
247, 42
248, 43
248, 44
249, 45
249, 46
250, 47
250, 49
251, 50
251, 52
252, 53
252, 55
253, 56
253, 58
254, 59
254, 62
255, 63
255, 66
256, 67
256, 71
257, 72
257, 76
258, 77
258, 83
259, 84
259, 92
260, 93
260, 108
261, 109
261, 132
260, 133
260, 145
259, 146
259, 152
258, 153
258, 158
257, 159
257, 162
256, 163
256, 166
255, 167
255, 168
252, 171
250, 171
249, 172
248, 172
247, 173
245, 173
244, 174
243, 174
242, 175
241, 175
240, 176
238, 176
237, 177
236, 177
235, 178
233, 178
232, 179
231, 179
230, 180
228, 180
227, 181
226, 181
225, 182
224, 182
223, 183
221, 183
220, 184
219, 184
218, 185
217, 185
216, 186
215, 186
214, 187
213, 187
212, 188
210, 188
209, 189
208, 189
207, 190
206, 190
205, 191
203, 191
202, 192
200, 192
199, 193
197, 193
196, 194
194, 194
193, 195
191, 195
190, 196
188, 196
187, 197
184, 197
183, 198
180, 198
179, 199
178, 198
178, 196
179, 195
179, 194
180, 193
180, 192
181, 191
181, 190
182, 189
182, 188
183, 187
183, 186
185, 184
185, 183
186, 182
186, 181
187, 180
187, 179
188, 178
188, 177
189, 176
189, 175
190, 174
190, 173
191, 172
191, 171
192, 170
192, 169
193, 168
193, 167
194, 166
194, 165
195, 164
195, 163
196, 162
196, 161
197, 160
197, 159
198, 158
198, 156
199, 155
199, 154
200, 153
200, 152
201, 151
201, 150
202, 149
202, 148
203, 147
203, 146
204, 145
204, 143
205, 142
205, 141
206, 140
206, 139
207, 138
207, 136
208, 135
208, 134
209, 133
209, 131
210, 130
210, 128
211, 127
211, 125
212, 124
212, 123
213, 122
213, 120
214, 119
214, 117
215, 116
215, 113
216, 112
216, 110
217, 109
217, 106
218, 105
218, 102
219, 101
219, 98
220, 97
220, 90
221, 89
221, 84
220, 83
220, 79
219, 78
219, 77
218, 76
218, 75
215, 72
213, 72
212, 71
210, 71
209, 72
207, 72
206, 73
205, 73
199, 79
199, 80
197, 82
197, 83
196, 84
196, 85
195, 86
195, 87
194, 88
194, 89
193, 90
193, 93
192, 94
192, 97
191, 98
191, 102
190, 103
190, 107
189, 108
189, 112
188, 113
188, 118
187, 119
187, 124
186, 125
186, 129
185, 130
185, 135
184, 136
184, 141
183, 142
183, 147
182, 148
182, 153
181, 154
181, 159
180, 160
180, 165
179, 166
179, 172
178, 173
178, 178
177, 179
177, 184
176, 185
176, 191
175, 192
175, 196
174, 197
174, 198
171, 201
167, 201
166, 202
162, 202
161, 203
157, 203
156, 204
153, 204
152, 205
149, 205
148, 206
145, 206
144, 207
140, 207
139, 208
134, 208
133, 209
129, 209
128, 208
128, 207
127, 206
129, 204
130, 204
130, 202
126, 202
124, 200
124, 199
122, 197
122, 196
120, 194
119, 194
117, 192
110, 192
109, 193
108, 193
102, 199
102, 200
99, 203
98, 202
98, 200
99, 199
99, 196
100, 195
100, 192
101, 191
101, 187
102, 186
102, 183
103, 182
103, 178
104, 177
104, 173
105, 172
105, 167
106, 166
106, 148
105, 147
105, 141
104, 140
104, 137
103, 136
103, 134
102, 133
102, 131
101, 130
101, 129
96, 124
95, 124
94, 123
91, 123
90, 124
88, 124
85, 127
84, 127
84, 128
80, 132
80, 133
78, 135
78, 136
76, 138
76, 139
75, 140
75, 141
73, 143
73, 144
72, 145
72, 146
71, 147
71, 148
70, 149
70, 150
69, 151
69, 152
68, 153
68, 154
67, 155
67, 156
66, 157
66, 158
65, 159
65, 160
64, 161
64, 162
63, 163
63, 165
62, 166
62, 167
61, 168
61, 170
60, 171
60, 172
59, 173
59, 175
58, 176
58, 178
57, 179
57, 181
56, 182
56, 184
55, 185
55, 187
54, 188
54, 190
53, 191
53, 193
52, 194
52, 196
51, 197
51, 199
50, 200
50, 202
49, 203
49, 206
48, 207
48, 209
47, 210
47, 213
46, 214
46, 216
43, 219
37, 219
36, 218
30, 218
29, 217
27, 217
26, 216
25, 216
24, 215
23, 215
18, 210
18, 209
17, 208
17, 207
16, 206
16, 204
15, 203
15, 192
16, 191
16, 186
17, 185
17, 183
18, 182
18, 180
19, 179
19, 176
20, 175
20, 174
21, 173
21, 172
22, 171
22, 169
23, 168
23, 167
24, 166
24, 165
25, 164
25, 162
26, 161
26, 160
28, 158
28, 157
29, 156
29, 155
30, 154
30, 153
31, 152
31, 151
32, 150
32, 149
33, 148
33, 147
35, 145
35, 144
36, 143
36, 142
38, 140
38, 139
39, 138
39, 137
41, 135
41, 134
43, 132
43, 131
45, 129
45, 128
47, 126
47, 125
49, 123
49, 122
52, 119
52, 118
55, 115
55, 114
58, 111
58, 110
63, 105
63, 104
68, 99
68, 98
95, 71
96, 71
103, 64
104, 64
109, 59
110, 59
113, 56
114, 56
117, 53
118, 53
121, 50
122, 50
124, 48
125, 48
127, 46
128, 46
130, 44
131, 44
133, 42
134, 42
136, 40
137, 40
138, 39
139, 39
140, 38
141, 38
143, 36
144, 36
145, 35
146, 35
147, 34
148, 34
149, 33
150, 33
151, 32
152, 32
153, 31
154, 31
155, 30
157, 30
158, 29
159, 29
160, 28
161, 28
162, 27
164, 27
165, 26
167, 26
168, 25
170, 25
171, 24
172, 24
173, 23
175, 23
176, 22
179, 22
180, 21
184, 21
185, 20
189, 20
190, 19
