4, 2
448, 4
446, 369
2, 367
361, 15
360, 16
349, 16
348, 17
342, 17
341, 18
335, 18
334, 19
330, 19
329, 20
325, 20
324, 21
320, 21
319, 22
315, 22
314, 23
311, 23
310, 24
307, 24
306, 25
303, 25
302, 26
299, 26
298, 27
295, 27
294, 28
292, 28
291, 29
288, 29
287, 30
285, 30
284, 31
282, 31
281, 32
279, 32
278, 33
275, 33
274, 34
272, 34
271, 35
269, 35
268, 36
267, 36
266, 37
264, 37
263, 38
261, 38
260, 39
258, 39
257, 40
256, 40
254, 38
254, 34
253, 33
253, 30
252, 29
252, 28
251, 27
251, 26
250, 25
250, 24
247, 21
244, 21
243, 22
242, 22
241, 23
241, 24
238, 27
238, 28
237, 29
237, 30
236, 31
236, 32
235, 33
235, 34
234, 35
234, 37
233, 38
233, 39
232, 40
232, 41
231, 42
231, 43
230, 44
230, 46
229, 47
229, 49
226, 52
225, 52
224, 53
223, 53
222, 54
221, 54
220, 55
219, 55
218, 56
217, 56
216, 57
215, 57
214, 58
212, 58
211, 59
210, 59
209, 60
208, 60
207, 61
206, 61
205, 62
204, 62
203, 63
202, 63
201, 64
200, 64
199, 65
198, 65
197, 66
196, 66
195, 67
194, 67
193, 68
192, 68
191, 69
190, 69
189, 70
188, 70
186, 72
185, 72
184, 73
183, 73
182, 74
181, 74
180, 75
179, 75
178, 76
177, 76
176, 77
175, 77
173, 79
172, 79
171, 80
170, 80
168, 82
167, 82
166, 83
165, 83
163, 85
162, 85
161, 86
160, 86
158, 88
157, 88
156, 89
155, 89
153, 91
152, 91
151, 92
150, 92
148, 94
147, 94
145, 96
144, 96
142, 98
141, 98
139, 100
138, 100
136, 102
135, 102
133, 104
132, 104
131, 105
130, 105
128, 107
127, 107
125, 109
124, 109
121, 112
120, 112
117, 115
116, 115
113, 118
112, 118
109, 121
108, 121
105, 124
104, 124
101, 127
100, 127
97, 130
96, 130
92, 134
91, 134
87, 138
86, 138
82, 142
81, 142
76, 147
75, 147
59, 163
58, 163
57, 164
57, 165
48, 174
48, 175
41, 182
41, 183
39, 185
39, 186
37, 188
37, 189
35, 191
35, 192
32, 195
32, 196
30, 198
30, 199
29, 200
29, 201
28, 202
28, 204
27, 205
27, 206
26, 207
26, 208
25, 209
25, 210
24, 211
24, 212
23, 213
23, 215
22, 216
22, 219
21, 220
21, 223
20, 224
20, 241
21, 242
21, 244
22, 245
22, 246
23, 247
23, 249
32, 258
34, 258
35, 259
37, 259
38, 260
39, 260
40, 261
42, 261
43, 262
54, 262
55, 263
59, 263
60, 262
69, 262
70, 261
77, 261
78, 260
81, 260
82, 259
86, 259
87, 258
90, 258
91, 257
95, 257
96, 256
99, 256
100, 255
102, 255
103, 254
106, 254
107, 253
110, 253
111, 252
113, 252
114, 251
117, 251
118, 250
120, 250
121, 249
124, 249
125, 248
127, 248
128, 247
130, 247
131, 246
133, 246
134, 245
137, 245
138, 244
140, 244
141, 243
143, 243
144, 242
146, 242
147, 241
149, 241
150, 240
153, 240
154, 239
156, 239
157, 238
159, 238
160, 237
162, 237
163, 236
165, 236
166, 235
167, 236
167, 240
166, 241
166, 244
165, 245
165, 248
164, 249
164, 252
163, 253
163, 256
162, 257
162, 260
161, 261
161, 265
160, 266
160, 270
159, 271
159, 275
158, 276
158, 280
157, 281
157, 286
156, 287
156, 292
155, 293
155, 298
154, 299
154, 306
153, 307
153, 336
154, 337
154, 342
155, 343
155, 345
156, 346
156, 348
157, 349
157, 350
158, 351
158, 352
160, 354
162, 354
163, 353
163, 352
161, 350
161, 349
160, 348
160, 347
159, 346
159, 344
158, 343
158, 340
157, 339
157, 333
156, 332
156, 312
157, 311
157, 303
158, 302
158, 296
159, 295
159, 290
160, 289
160, 284
161, 283
161, 278
162, 277
162, 274
163, 273
163, 269
164, 268
164, 264
165, 263
165, 260
166, 259
166, 255
167, 254
167, 251
168, 250
168, 247
169, 246
169, 243
170, 242
170, 239
171, 238
171, 235
173, 233
174, 233
175, 232
177, 232
178, 231
180, 231
181, 230
183, 230
184, 229
186, 229
187, 228
189, 228
190, 227
192, 227
193, 226
195, 226
196, 225
198, 225
199, 224
202, 224
203, 223
205, 223
206, 222
208, 222
209, 221
211, 221
212, 220
214, 220
215, 219
217, 219
218, 220
218, 224
220, 224
222, 222
222, 220
223, 219
223, 218
225, 216
227, 216
228, 215
230, 215
231, 214
233, 214
234, 213
236, 213
237, 212
239, 212
240, 211
243, 211
244, 210
246, 210
247, 209
249, 209
250, 208
253, 208
254, 207
255, 208
255, 213
254, 214
254, 218
253, 219
253, 222
252, 223
252, 227
251, 228
251, 231
250, 232
250, 235
249, 236
249, 239
248, 240
248, 243
247, 244
247, 247
246, 248
246, 251
245, 252
245, 254
244, 255
244, 258
243, 259
243, 261
242, 262
242, 265
241, 266
241, 268
240, 269
240, 272
239, 273
239, 275
238, 276
238, 278
237, 279
237, 281
236, 282
236, 284
235, 285
235, 287
234, 288
234, 291
233, 292
233, 294
232, 295
232, 297
231, 298
231, 300
230, 301
230, 303
229, 304
229, 306
228, 307
228, 309
227, 310
227, 312
226, 313
226, 315
225, 316
225, 318
224, 319
224, 322
223, 323
223, 328
224, 329
226, 329
228, 327
228, 326
231, 323
231, 322
233, 320
233, 319
234, 318
234, 317
236, 315
236, 314
237, 313
237, 312
238, 311
238, 310
240, 308
240, 307
241, 306
241, 305
243, 303
243, 302
244, 301
244, 300
245, 299
245, 298
247, 296
247, 295
248, 294
248, 293
250, 291
250, 290
251, 289
251, 288
253, 286
253, 285
255, 283
255, 282
256, 281
256, 280
258, 278
258, 277
259, 276
259, 275
261, 273
261, 272
262, 271
262, 270
264, 268
264, 267
265, 266
265, 265
267, 263
267, 262
268, 261
268, 260
269, 259
269, 258
270, 257
270, 256
271, 255
271, 254
272, 253
272, 252
273, 251
273, 250
274, 249
274, 248
275, 247
275, 246
276, 245
276, 244
278, 242
278, 241
279, 240
279, 239
280, 238
280, 237
281, 236
281, 235
282, 234
282, 233
283, 232
283, 231
284, 230
284, 229
285, 228
285, 227
286, 226
286, 225
287, 224
287, 223
288, 222
288, 221
289, 220
289, 219
290, 218
290, 217
291, 216
291, 215
292, 214
292, 213
293, 212
293, 211
295, 209
295, 208
296, 207
296, 206
297, 205
297, 204
298, 203
298, 202
299, 201
299, 200
300, 199
300, 198
301, 197
301, 196
302, 195
303, 196
303, 197
304, 198
304, 214
305, 215
305, 231
306, 232
306, 250
307, 251
307, 255
306, 256
306, 257
304, 259
304, 260
302, 262
302, 263
300, 265
300, 266
298, 268
298, 269
296, 271
296, 272
295, 273
295, 274
293, 276
293, 277
291, 279
291, 280
290, 281
290, 282
289, 283
289, 284
288, 285
288, 286
287, 287
287, 288
286, 289
286, 290
285, 291
285, 292
284, 293
284, 295
283, 296
283, 297
282, 298
282, 300
281, 301
281, 304
280, 305
280, 309
279, 310
279, 326
280, 327
280, 330
281, 331
281, 333
283, 335
283, 336
284, 337
285, 337
287, 339
293, 339
294, 338
296, 338
297, 337
298, 337
305, 330
305, 329
307, 327
307, 325
308, 324
308, 322
309, 321
309, 318
310, 317
310, 311
311, 310
311, 268
310, 267
310, 257
311, 256
311, 255
314, 252
314, 251
316, 249
316, 248
318, 246
318, 245
320, 243
320, 242
323, 239
323, 238
326, 235
326, 234
329, 231
329, 230
333, 226
333, 225
336, 222
336, 221
340, 217
340, 216
344, 212
344, 211
347, 208
347, 207
350, 204
350, 203
354, 199
354, 198
357, 195
357, 194
361, 190
361, 189
365, 185
365, 184
367, 182
370, 182
371, 181
377, 181
378, 180
380, 180
381, 179
381, 177
374, 177
373, 178
372, 177
372, 175
376, 171
376, 170
379, 167
379, 166
383, 162
383, 161
385, 159
385, 158
388, 155
388, 154
391, 151
391, 150
393, 148
393, 147
395, 145
395, 144
397, 142
397, 141
399, 139
399, 138
401, 136
401, 135
402, 134
402, 133
404, 131
404, 130
405, 129
405, 128
407, 126
407, 125
408, 124
408, 123
409, 122
409, 121
410, 120
410, 119
411, 118
411, 117
412, 116
412, 115
413, 114
413, 113
414, 112
414, 111
415, 110
415, 109
416, 108
416, 107
417, 106
417, 104
418, 103
418, 102
419, 101
419, 99
420, 98
420, 97
421, 96
421, 94
422, 93
422, 91
423, 90
423, 88
424, 87
424, 85
425, 84
425, 81
426, 80
426, 77
427, 76
427, 73
428, 72
428, 66
429, 65
429, 45
428, 44
428, 40
427, 39
427, 38
426, 37
426, 36
425, 35
425, 34
423, 32
423, 31
417, 25
416, 25
414, 23
413, 23
412, 22
411, 22
410, 21
409, 21
408, 20
406, 20
405, 19
403, 19
402, 18
399, 18
398, 17
393, 17
392, 16
383, 16
382, 15
307, 265
307, 285
308, 286
308, 298
307, 299
307, 314
306, 315
305, 320
305, 322
304, 323
304, 324
303, 325
303, 326
302, 327
302, 328
296, 334
295, 334
294, 335
291, 335
289, 335
288, 335
284, 331
284, 329
283, 328
283, 324
282, 323
282, 313
283, 312
284, 307
284, 304
285, 303
285, 301
286, 300
286, 298
287, 297
287, 296
288, 295
288, 293
289, 292
289, 291
290, 290
290, 289
291, 288
291, 287
292, 286
292, 285
293, 284
293, 283
294, 282
294, 281
296, 279
296, 278
298, 276
298, 275
299, 274
299, 273
301, 271
301, 270
303, 268
303, 267
293, 197
294, 196
296, 196
297, 197
296, 198
296, 199
295, 200
295, 201
294, 202
294, 203
293, 204
293, 205
292, 206
292, 207
290, 209
290, 210
289, 211
289, 212
288, 213
288, 214
287, 215
287, 216
286, 217
286, 218
285, 219
285, 220
284, 221
284, 222
283, 223
283, 224
282, 225
282, 226
281, 227
281, 228
280, 229
280, 230
279, 231
279, 232
278, 233
278, 234
277, 235
277, 236
276, 237
276, 238
274, 240
274, 241
273, 242
273, 243
272, 244
272, 245
271, 246
271, 247
270, 248
270, 249
269, 250
269, 251
268, 252
268, 253
267, 254
267, 255
266, 256
266, 257
265, 258
265, 259
264, 260
264, 261
262, 263
262, 264
261, 265
261, 266
259, 268
259, 269
258, 270
258, 271
256, 273
256, 274
255, 275
255, 276
253, 278
253, 279
252, 280
252, 281
250, 283
250, 284
248, 286
248, 287
247, 288
247, 289
245, 291
245, 292
244, 293
244, 294
242, 296
242, 297
241, 298
241, 299
240, 300
240, 301
238, 303
238, 304
237, 305
237, 306
235, 308
235, 309
234, 310
234, 311
233, 312
233, 313
231, 315
230, 314
230, 312
231, 311
231, 309
232, 308
232, 306
233, 305
233, 303
234, 302
234, 300
235, 299
235, 297
236, 296
236, 294
237, 293
237, 291
238, 290
238, 288
239, 287
239, 284
240, 283
240, 281
241, 280
241, 278
242, 277
242, 275
243, 274
243, 272
244, 271
244, 268
245, 267
245, 265
246, 264
246, 261
247, 260
247, 257
248, 256
248, 254
249, 253
249, 250
250, 249
250, 246
251, 245
251, 243
252, 242
252, 238
253, 237
253, 234
254, 233
254, 230
255, 229
255, 226
256, 225
256, 221
257, 220
257, 217
258, 216
258, 212
259, 211
259, 207
261, 205
264, 205
265, 204
267, 204
268, 203
271, 203
272, 202
274, 202
275, 201
278, 201
279, 200
282, 200
283, 199
285, 199
286, 198
289, 198
290, 197
357, 184
358, 183
359, 183
360, 184
360, 185
358, 187
358, 188
354, 192
354, 193
350, 197
350, 198
347, 201
347, 202
344, 205
344, 206
340, 210
340, 211
336, 215
336, 216
333, 219
333, 220
329, 224
329, 225
326, 228
326, 229
323, 232
323, 233
320, 236
320, 237
317, 240
317, 241
315, 243
315, 244
313, 246
313, 247
311, 249
310, 248
310, 241
309, 240
309, 224
308, 223
308, 207
307, 206
307, 194
309, 192
313, 192
314, 191
319, 191
320, 190
324, 190
325, 189
329, 189
330, 188
335, 188
336, 187
340, 187
341, 186
346, 186
347, 185
351, 185
352, 184
257, 152
259, 152
260, 153
260, 157
261, 158
261, 160
260, 161
260, 176
259, 177
259, 184
258, 185
258, 193
257, 194
257, 201
254, 204
252, 204
251, 205
248, 205
247, 206
245, 206
244, 207
241, 207
240, 208
238, 208
237, 209
235, 209
234, 210
232, 210
231, 211
229, 211
228, 212
227, 212
226, 211
226, 209
227, 208
227, 206
228, 205
228, 203
229, 202
229, 201
230, 200
230, 198
231, 197
231, 195
232, 194
232, 193
233, 192
233, 190
234, 189
234, 188
235, 187
235, 185
236, 184
236, 183
237, 182
237, 181
238, 180
238, 179
239, 178
239, 177
240, 176
240, 175
241, 174
241, 173
242, 172
242, 171
243, 170
243, 169
245, 167
245, 166
247, 164
247, 163
250, 160
250, 159
222, 58
223, 57
224, 57
225, 58
225, 59
224, 60
224, 62
223, 63
223, 65
222, 66
222, 67
221, 68
221, 70
220, 71
220, 73
219, 74
219, 76
218, 77
218, 78
217, 79
217, 81
216, 82
216, 84
215, 85
215, 86
214, 87
214, 89
213, 90
213, 92
212, 93
212, 95
211, 96
211, 98
210, 99
210, 101
209, 102
209, 103
208, 104
208, 106
207, 107
207, 109
206, 110
206, 112
205, 113
205, 115
204, 116
204, 118
203, 119
203, 122
202, 123
202, 125
201, 126
201, 128
200, 129
200, 131
199, 132
199, 134
198, 135
198, 137
197, 138
197, 140
196, 141
196, 144
195, 145
195, 147
194, 148
194, 150
193, 151
193, 153
192, 154
192, 156
191, 157
191, 159
190, 160
190, 163
189, 164
189, 166
188, 167
188, 169
187, 170
187, 172
186, 173
186, 175
185, 176
185, 178
184, 179
184, 181
183, 182
183, 185
182, 186
182, 188
181, 189
181, 191
180, 192
180, 194
179, 195
179, 197
178, 198
178, 201
177, 202
177, 204
176, 205
176, 207
175, 208
175, 211
174, 212
174, 214
173, 215
173, 217
172, 218
172, 221
171, 222
171, 224
170, 225
170, 228
169, 229
169, 230
168, 231
167, 231
166, 232
164, 232
163, 233
161, 233
160, 234
158, 234
157, 235
154, 235
153, 236
151, 236
150, 237
148, 237
147, 238
145, 238
144, 239
142, 239
141, 240
139, 240
138, 241
135, 241
134, 242
132, 242
131, 243
129, 243
128, 244
126, 244
125, 245
123, 245
122, 246
119, 246
118, 247
115, 247
114, 248
112, 248
111, 249
108, 249
107, 250
105, 250
104, 251
101, 251
100, 252
97, 252
96, 253
93, 253
92, 254
89, 254
88, 255
84, 255
83, 256
80, 256
79, 257
75, 257
74, 258
65, 258
64, 259
49, 259
48, 258
42, 258
41, 257
40, 257
39, 256
37, 256
36, 255
35, 255
34, 254
33, 254
26, 247
26, 245
25, 244
25, 243
24, 242
24, 240
23, 239
23, 226
24, 225
24, 222
25, 221
25, 218
26, 217
26, 215
27, 214
27, 213
28, 212
28, 211
29, 210
29, 209
30, 208
30, 207
31, 206
31, 204
32, 203
32, 202
33, 201
33, 200
35, 198
35, 197
38, 194
38, 193
40, 191
40, 190
42, 188
42, 187
45, 184
45, 183
53, 175
53, 174
73, 154
74, 154
82, 146
83, 146
87, 142
88, 142
92, 138
93, 138
97, 134
98, 134
102, 130
103, 130
106, 127
107, 127
110, 124
111, 124
114, 121
115, 121
118, 118
119, 118
122, 115
123, 115
125, 113
126, 113
128, 111
129, 111
131, 109
132, 109
134, 107
135, 107
137, 105
138, 105
140, 103
141, 103
143, 101
144, 101
146, 99
147, 99
149, 97
150, 97
152, 95
153, 95
154, 94
155, 94
157, 92
158, 92
159, 91
160, 91
162, 89
163, 89
164, 88
165, 88
167, 86
168, 86
169, 85
170, 85
172, 83
173, 83
174, 82
175, 82
177, 80
178, 80
179, 79
180, 79
181, 78
182, 78
183, 77
184, 77
185, 76
186, 76
187, 75
188, 75
190, 73
191, 73
192, 72
193, 72
194, 71
195, 71
196, 70
197, 70
198, 69
199, 69
200, 68
201, 68
202, 67
203, 67
204, 66
205, 66
206, 65
207, 65
208, 64
209, 64
210, 63
211, 63
212, 62
213, 62
214, 61
216, 61
217, 60
218, 60
219, 59
220, 59
221, 58
249, 47
250, 46
251, 46
252, 47
252, 53
253, 54
253, 93
252, 94
252, 105
251, 106
251, 113
250, 114
250, 119
249, 120
249, 125
248, 126
248, 130
247, 131
247, 135
246, 136
246, 138
245, 139
245, 142
244, 143
244, 146
243, 147
243, 149
242, 150
242, 153
241, 154
241, 156
240, 157
240, 159
239, 160
239, 162
238, 163
238, 166
237, 167
237, 169
236, 170
236, 172
235, 173
235, 174
234, 175
234, 177
233, 178
233, 180
232, 181
232, 183
231, 184
231, 186
230, 187
230, 189
229, 190
229, 191
228, 192
228, 194
227, 195
227, 196
226, 197
226, 199
225, 200
225, 202
224, 203
224, 205
223, 206
223, 207
222, 208
222, 210
221, 211
221, 213
220, 214
219, 214
218, 215
216, 215
215, 216
213, 216
212, 217
210, 217
209, 218
206, 218
205, 219
203, 219
202, 220
200, 220
199, 221
197, 221
196, 222
194, 222
193, 223
191, 223
190, 224
188, 224
187, 225
185, 225
184, 226
182, 226
181, 227
179, 227
178, 228
176, 228
175, 229
174, 228
174, 224
175, 223
175, 221
176, 220
176, 217
177, 216
177, 214
178, 213
178, 210
179, 209
179, 207
180, 206
180, 204
181, 203
181, 201
182, 200
182, 197
183, 196
183, 194
184, 193
184, 191
185, 190
185, 188
186, 187
186, 185
187, 184
187, 182
188, 181
188, 178
189, 177
189, 175
190, 174
190, 172
191, 171
191, 169
192, 168
192, 166
193, 165
193, 163
194, 162
194, 159
195, 158
195, 156
196, 155
196, 153
197, 152
197, 150
198, 149
198, 147
199, 146
199, 144
200, 143
200, 141
201, 140
201, 137
202, 136
202, 134
203, 133
203, 131
204, 130
204, 128
205, 127
205, 125
206, 124
206, 122
207, 121
207, 118
208, 117
208, 115
209, 114
209, 112
210, 111
210, 110
211, 109
211, 107
212, 106
212, 104
213, 103
213, 101
214, 100
214, 98
215, 97
215, 95
216, 94
216, 92
217, 91
217, 89
218, 88
218, 87
219, 86
219, 84
220, 83
220, 81
221, 80
221, 79
222, 78
222, 76
223, 75
223, 73
224, 72
224, 71
225, 70
225, 68
226, 67
226, 65
227, 64
227, 62
228, 61
228, 60
229, 59
229, 57
230, 56
230, 55
232, 53
234, 53
235, 52
236, 52
237, 51
239, 51
240, 50
241, 50
242, 49
244, 49
245, 48
246, 48
247, 47
309, 28
310, 27
314, 28
314, 30
313, 31
313, 32
312, 33
312, 36
311, 37
311, 39
310, 40
310, 44
309, 45
309, 49
308, 50
308, 55
307, 56
307, 61
306, 62
306, 69
305, 70
305, 79
304, 80
304, 89
303, 90
303, 103
302, 104
302, 122
301, 123
301, 157
302, 158
302, 179
303, 180
302, 186
302, 187
301, 188
301, 189
298, 192
295, 192
294, 193
291, 193
290, 194
288, 194
287, 195
284, 195
283, 196
280, 196
279, 197
277, 197
276, 198
273, 198
272, 199
270, 199
269, 200
266, 200
265, 201
260, 200
260, 198
261, 197
261, 190
262, 189
262, 181
263, 180
263, 170
264, 169
264, 153
263, 152
263, 150
260, 147
258, 147
256, 149
255, 149
247, 157
247, 158
245, 160
244, 159
244, 156
245, 155
245, 153
246, 152
246, 149
247, 148
247, 146
248, 145
248, 142
249, 141
249, 138
250, 137
250, 134
251, 133
251, 129
252, 128
252, 123
253, 122
253, 117
254, 116
254, 110
255, 109
255, 100
256, 99
256, 76
257, 75
257, 66
256, 65
256, 47
255, 46
256, 44
257, 44
258, 43
259, 43
260, 42
262, 42
263, 41
265, 41
266, 40
268, 40
269, 39
271, 39
272, 38
273, 38
274, 37
276, 37
277, 36
280, 36
281, 35
283, 35
284, 34
286, 34
287, 33
290, 33
291, 32
293, 32
294, 31
296, 31
297, 30
301, 30
302, 29
305, 29
306, 28
321, 26
325, 26
326, 27
327, 27
328, 28
329, 28
337, 36
337, 37
339, 39
339, 40
340, 41
340, 42
341, 43
341, 44
342, 45
342, 47
343, 48
343, 50
344, 51
344, 56
345, 57
345, 76
344, 77
344, 83
343, 84
343, 88
342, 89
342, 93
341, 94
341, 96
340, 97
340, 100
339, 101
339, 104
338, 105
338, 107
337, 108
337, 110
336, 111
336, 113
335, 114
335, 116
334, 117
334, 119
333, 120
333, 121
332, 122
332, 124
331, 125
331, 126
330, 127
330, 129
329, 130
329, 131
328, 132
328, 134
327, 135
327, 136
326, 137
326, 138
325, 139
325, 140
324, 141
324, 142
323, 143
323, 144
322, 145
322, 147
321, 148
321, 149
320, 150
320, 151
319, 152
319, 153
318, 154
318, 155
317, 156
317, 157
316, 158
316, 159
315, 160
315, 161
314, 162
314, 163
313, 164
313, 165
312, 166
312, 167
311, 168
311, 169
310, 170
310, 171
309, 172
309, 173
308, 174
308, 175
307, 176
306, 175
306, 170
305, 169
305, 111
306, 110
306, 95
307, 94
307, 85
308, 84
308, 74
309, 73
309, 66
310, 65
310, 59
311, 58
311, 53
312, 52
312, 47
313, 46
313, 43
314, 42
314, 39
315, 38
315, 35
316, 34
316, 33
317, 32
317, 31
318, 30
318, 29
245, 25
246, 25
247, 26
247, 27
248, 28
248, 29
249, 30
249, 31
250, 32
250, 35
251, 36
251, 41
249, 43
248, 43
247, 44
245, 44
244, 45
243, 45
242, 46
240, 46
239, 47
238, 47
237, 48
235, 48
234, 49
233, 48
233, 47
234, 46
234, 44
235, 43
235, 42
236, 41
236, 40
237, 39
237, 37
238, 36
238, 35
239, 34
239, 33
240, 32
240, 31
241, 30
241, 29
354, 20
355, 19
389, 19
390, 20
395, 20
396, 21
399, 21
400, 22
403, 22
404, 23
406, 23
407, 24
408, 24
409, 25
410, 25
411, 26
415, 29
416, 29
420, 33
420, 34
422, 36
422, 37
423, 38
423, 39
424, 40
424, 42
425, 43
425, 47
426, 48
426, 62
425, 63
425, 69
424, 70
424, 74
423, 75
423, 78
422, 79
422, 81
421, 82
421, 85
420, 86
420, 88
419, 89
419, 91
418, 92
418, 94
417, 95
417, 96
416, 97
416, 99
415, 100
415, 101
414, 102
414, 104
413, 105
413, 106
412, 107
412, 108
411, 109
411, 110
410, 111
410, 112
409, 113
409, 114
408, 115
408, 116
407, 117
407, 118
406, 119
406, 120
405, 121
405, 122
404, 123
404, 124
402, 126
402, 127
401, 128
401, 129
399, 131
399, 132
398, 133
396, 136
396, 137
394, 139
394, 140
392, 142
392, 143
390, 145
390, 146
388, 148
388, 149
385, 152
385, 153
382, 156
382, 157
379, 160
379, 161
376, 164
376, 165
373, 168
373, 169
369, 173
369, 174
364, 179
361, 179
360, 180
355, 180
354, 181
349, 181
348, 182
344, 182
343, 183
338, 183
337, 184
333, 184
332, 185
327, 185
326, 186
322, 186
321, 187
317, 187
316, 188
311, 188
310, 189
306, 187
306, 186
307, 185
307, 184
308, 183
308, 182
309, 181
309, 180
310, 179
310, 178
311, 177
311, 176
312, 175
312, 174
313, 173
313, 172
314, 171
314, 170
315, 169
315, 168
316, 167
316, 166
317, 165
317, 164
318, 163
318, 162
319, 161
319, 160
320, 159
320, 158
321, 157
321, 156
322, 155
322, 154
323, 153
323, 152
324, 151
324, 150
325, 149
325, 147
326, 146
326, 145
327, 144
327, 143
328, 142
328, 141
329, 140
329, 139
330, 138
330, 137
331, 136
331, 135
332, 134
332, 132
333, 131
333, 129
334, 128
334, 127
335, 126
335, 124
336, 123
336, 122
337, 121
337, 119
338, 118
338, 116
339, 115
339, 113
340, 112
340, 110
341, 109
341, 107
342, 106
342, 104
343, 103
343, 100
344, 99
344, 96
345, 95
345, 92
346, 91
346, 87
347, 86
347, 81
348, 80
348, 71
349, 70
349, 61
348, 60
348, 53
347, 52
347, 49
346, 48
346, 46
345, 45
345, 43
344, 42
344, 41
343, 40
343, 39
342, 38
342, 37
340, 35
340, 34
332, 22
338, 22
339, 21
345, 21
346, 20
