4, 2
390, 4
388, 369
2, 367
303, 16
302, 17
297, 17
296, 18
293, 18
292, 19
289, 19
288, 20
286, 20
285, 21
283, 21
282, 22
280, 22
279, 23
278, 23
277, 24
276, 24
275, 25
273, 25
272, 26
271, 26
270, 27
269, 27
268, 28
267, 28
266, 29
265, 29
263, 31
262, 31
261, 32
260, 32
259, 33
258, 33
257, 34
256, 34
254, 36
253, 36
252, 37
251, 37
249, 39
248, 39
246, 41
245, 41
243, 43
242, 43
240, 45
239, 45
237, 47
236, 47
233, 50
232, 50
230, 52
229, 52
227, 54
226, 54
223, 57
222, 57
219, 60
218, 60
215, 63
214, 63
211, 66
210, 66
207, 69
206, 69
202, 73
201, 73
196, 78
195, 78
191, 82
190, 82
184, 88
183, 88
177, 94
176, 94
169, 101
168, 101
156, 113
155, 113
126, 142
126, 143
110, 159
110, 160
101, 169
101, 170
94, 177
94, 178
89, 183
89, 184
83, 190
83, 191
78, 196
78, 197
75, 200
75, 201
71, 205
71, 206
68, 209
68, 210
65, 213
65, 214
62, 217
62, 218
59, 221
59, 222
57, 224
57, 225
55, 227
55, 228
52, 231
52, 232
50, 234
50, 235
48, 237
48, 238
47, 239
47, 240
45, 242
45, 243
44, 244
44, 245
42, 247
42, 248
40, 250
40, 251
39, 252
39, 253
38, 254
38, 255
36, 257
36, 258
35, 259
35, 260
34, 261
34, 262
33, 263
33, 264
32, 265
32, 266
31, 267
31, 268
30, 269
30, 270
29, 271
29, 272
28, 273
28, 274
27, 275
27, 276
26, 277
26, 278
25, 279
25, 280
24, 281
24, 283
23, 284
23, 285
22, 286
22, 288
21, 289
21, 291
20, 292
20, 294
19, 295
19, 298
18, 299
18, 302
17, 303
17, 315
18, 316
18, 318
20, 320
20, 321
22, 323
24, 323
25, 324
27, 324
28, 325
41, 325
42, 324
47, 324
48, 323
52, 323
53, 322
56, 322
57, 321
60, 321
61, 320
63, 320
64, 319
67, 319
68, 318
70, 318
71, 317
73, 317
74, 316
76, 316
77, 315
79, 315
80, 314
82, 314
83, 313
85, 313
86, 312
87, 312
88, 311
90, 311
91, 310
92, 310
93, 309
95, 309
96, 308
98, 308
99, 307
100, 307
101, 306
103, 306
104, 305
105, 305
106, 304
107, 304
108, 303
110, 303
111, 302
112, 302
113, 301
114, 301
115, 300
117, 300
118, 299
119, 299
120, 298
121, 298
122, 297
124, 297
125, 296
126, 296
127, 295
128, 295
129, 294
130, 294
131, 293
132, 293
133, 292
134, 292
135, 291
136, 291
137, 290
139, 290
140, 289
141, 289
142, 288
143, 288
144, 287
145, 287
146, 286
147, 286
148, 287
148, 288
147, 289
147, 301
146, 302
146, 319
145, 320
145, 351
146, 352
148, 352
148, 351
149, 350
148, 349
148, 348
147, 347
147, 334
148, 333
148, 311
149, 310
149, 297
150, 296
150, 286
151, 285
151, 284
152, 283
153, 283
154, 282
155, 282
156, 281
157, 281
158, 280
160, 280
161, 279
162, 279
163, 278
164, 278
165, 277
166, 277
167, 276
168, 276
169, 275
170, 275
171, 274
172, 274
173, 273
174, 273
175, 272
176, 272
177, 271
178, 271
179, 270
180, 270
181, 269
182, 269
183, 268
184, 268
185, 267
186, 267
187, 266
188, 266
189, 265
190, 265
191, 264
192, 264
193, 263
194, 263
195, 262
196, 262
197, 261
198, 261
199, 260
200, 260
201, 259
202, 259
203, 258
204, 258
205, 257
206, 257
207, 256
208, 256
209, 255
210, 255
211, 254
213, 254
214, 253
215, 253
216, 252
217, 252
218, 251
219, 251
220, 250
221, 250
222, 249
223, 249
224, 248
226, 248
227, 247
228, 247
229, 246
230, 246
231, 245
232, 245
233, 244
234, 244
235, 245
235, 250
234, 251
234, 262
233, 263
233, 273
232, 274
232, 280
231, 281
231, 288
230, 289
230, 295
229, 296
229, 302
228, 303
228, 308
227, 309
227, 314
226, 315
226, 320
225, 321
225, 324
224, 325
224, 327
223, 328
223, 329
222, 330
222, 331
220, 333
220, 334
218, 336
218, 337
216, 339
216, 340
214, 342
214, 343
213, 344
213, 345
211, 347
211, 348
210, 349
210, 353
211, 354
212, 354
216, 350
216, 348
217, 347
217, 346
218, 345
218, 344
220, 342
220, 341
221, 340
221, 339
223, 337
223, 336
224, 335
224, 333
225, 332
225, 331
226, 330
226, 329
228, 327
228, 326
231, 323
231, 322
235, 318
235, 317
243, 309
243, 308
247, 304
247, 303
250, 300
250, 299
253, 296
253, 295
256, 292
256, 291
258, 289
258, 288
259, 287
259, 286
261, 284
261, 283
262, 282
262, 281
264, 279
264, 278
265, 277
265, 276
267, 274
267, 273
268, 272
268, 271
269, 270
269, 269
270, 268
270, 267
271, 266
271, 265
272, 264
272, 263
273, 262
273, 261
274, 260
274, 259
275, 258
275, 257
276, 256
276, 255
278, 253
278, 252
279, 251
279, 250
281, 248
281, 247
282, 246
282, 245
284, 243
286, 245
286, 248
287, 249
287, 251
288, 252
288, 255
289, 256
289, 258
290, 259
290, 261
291, 262
291, 264
292, 265
292, 267
293, 268
293, 269
294, 270
294, 272
295, 273
295, 275
296, 276
296, 278
297, 279
297, 281
298, 282
298, 284
299, 285
299, 288
300, 289
300, 294
301, 295
301, 306
300, 307
300, 311
299, 312
299, 313
298, 314
298, 316
297, 317
297, 318
296, 319
296, 321
295, 322
295, 324
294, 325
294, 328
293, 329
293, 333
292, 334
292, 341
291, 342
291, 347
292, 348
294, 348
294, 346
295, 345
295, 340
296, 339
296, 336
297, 335
297, 333
298, 332
298, 329
299, 328
299, 325
300, 324
300, 321
301, 320
301, 317
302, 316
302, 313
303, 312
303, 311
304, 310
304, 309
305, 308
305, 307
306, 306
306, 305
307, 304
307, 303
308, 302
308, 301
309, 300
309, 299
310, 298
310, 297
311, 296
311, 295
312, 294
312, 293
314, 291
314, 290
315, 289
315, 288
316, 287
316, 286
318, 284
318, 283
319, 282
319, 281
320, 280
320, 279
322, 277
322, 276
323, 275
323, 274
324, 273
324, 272
325, 271
325, 270
326, 269
326, 268
327, 267
327, 266
328, 265
328, 264
329, 263
329, 262
330, 261
330, 260
331, 259
331, 258
332, 257
332, 256
333, 255
333, 254
334, 253
334, 252
335, 251
335, 249
336, 248
336, 247
337, 246
337, 245
338, 244
338, 243
339, 242
339, 240
340, 239
340, 238
341, 237
341, 236
342, 235
342, 233
343, 232
343, 230
344, 229
344, 228
345, 227
345, 225
346, 224
346, 222
347, 221
347, 220
348, 219
348, 217
349, 216
349, 214
350, 213
350, 211
351, 210
351, 208
352, 207
352, 205
353, 204
353, 202
354, 201
356, 201
357, 200
361, 200
362, 199
366, 199
368, 197
367, 196
364, 196
363, 197
359, 197
358, 198
356, 198
355, 197
355, 195
356, 194
356, 191
357, 190
357, 187
358, 186
358, 183
359, 182
359, 180
360, 179
360, 176
361, 175
361, 171
362, 170
362, 167
363, 166
363, 162
364, 161
364, 158
365, 157
365, 153
366, 152
366, 147
367, 146
367, 142
368, 141
368, 136
369, 135
369, 131
370, 130
370, 125
371, 124
371, 119
372, 118
372, 111
373, 110
373, 103
374, 102
374, 76
373, 75
373, 70
372, 69
372, 65
371, 64
371, 62
370, 61
370, 58
369, 57
369, 55
368, 54
368, 53
367, 52
367, 50
366, 49
366, 48
365, 47
365, 46
364, 45
364, 44
363, 43
363, 42
361, 40
361, 39
360, 38
360, 37
356, 33
356, 32
351, 27
350, 27
348, 25
347, 25
345, 23
344, 23
343, 22
342, 22
341, 21
340, 21
339, 20
337, 20
336, 19
334, 19
333, 18
330, 18
329, 17
325, 17
324, 16
277, 226
278, 225
281, 225
282, 226
282, 230
283, 231
283, 235
284, 236
283, 237
283, 239
281, 241
281, 242
280, 243
280, 244
279, 245
279, 246
277, 248
277, 249
276, 250
276, 251
274, 253
274, 254
273, 255
273, 256
272, 257
272, 258
271, 259
271, 260
270, 261
270, 262
269, 263
269, 264
268, 265
268, 266
267, 267
267, 268
266, 269
266, 270
265, 271
265, 272
263, 274
263, 275
262, 276
262, 277
261, 278
261, 279
259, 281
259, 282
257, 284
257, 285
256, 286
256, 287
254, 289
254, 290
251, 293
251, 294
249, 296
249, 297
246, 300
246, 301
241, 306
241, 307
233, 315
233, 316
230, 319
229, 318
229, 313
230, 312
230, 306
231, 305
231, 300
232, 299
232, 293
233, 292
233, 286
234, 285
234, 278
235, 277
235, 270
236, 269
236, 259
237, 258
237, 246
238, 245
238, 243
240, 241
241, 241
242, 240
243, 240
244, 239
245, 239
246, 238
248, 238
249, 237
250, 237
251, 236
252, 236
253, 235
255, 235
256, 234
257, 234
258, 233
260, 233
261, 232
262, 232
263, 231
264, 231
265, 230
267, 230
268, 229
269, 229
270, 228
272, 228
273, 227
274, 227
275, 226
288, 222
289, 221
290, 222
290, 224
289, 225
289, 226
288, 227
288, 229
286, 231
285, 230
285, 227
284, 226
284, 224
286, 222
347, 203
348, 202
349, 202
350, 203
350, 204
349, 205
349, 208
348, 209
348, 211
347, 212
347, 213
346, 214
346, 216
345, 217
345, 219
344, 220
344, 222
343, 223
343, 225
342, 226
342, 227
341, 228
341, 230
340, 231
340, 232
339, 233
339, 235
338, 236
338, 237
337, 238
337, 240
336, 241
336, 242
335, 243
335, 244
334, 245
334, 246
333, 247
333, 249
332, 250
332, 251
331, 252
331, 253
330, 254
330, 255
329, 256
329, 257
328, 258
328, 259
327, 260
327, 261
326, 262
326, 263
325, 264
325, 265
324, 266
324, 267
323, 268
323, 269
322, 270
322, 271
321, 272
321, 273
320, 274
320, 275
319, 276
319, 277
317, 279
317, 280
316, 281
316, 282
314, 284
314, 285
313, 286
313, 287
312, 288
312, 289
310, 291
310, 292
309, 293
309, 294
308, 295
308, 296
307, 297
307, 298
306, 299
306, 300
305, 301
304, 300
304, 299
303, 298
303, 291
302, 290
302, 286
301, 285
301, 282
300, 281
300, 279
299, 278
299, 276
298, 275
298, 274
297, 273
297, 271
296, 270
296, 268
295, 267
295, 266
294, 265
294, 263
293, 262
293, 260
292, 259
292, 257
291, 256
291, 253
290, 252
290, 250
289, 249
289, 246
288, 245
288, 242
287, 241
287, 236
288, 235
288, 234
289, 233
289, 232
290, 231
290, 229
291, 228
291, 227
292, 226
292, 225
293, 224
293, 223
294, 222
294, 221
296, 219
297, 219
298, 218
299, 218
300, 217
302, 217
303, 216
305, 216
306, 215
308, 215
309, 214
311, 214
312, 213
314, 213
315, 212
317, 212
318, 211
319, 211
320, 210
322, 210
323, 209
325, 209
326, 208
329, 208
330, 207
332, 207
333, 206
336, 206
337, 205
339, 205
340, 204
343, 204
344, 203
186, 97
187, 96
189, 98
189, 99
190, 100
190, 104
191, 105
191, 113
192, 114
192, 180
191, 181
191, 198
190, 199
190, 210
189, 211
189, 217
188, 218
188, 222
187, 223
187, 225
186, 226
186, 228
185, 229
185, 232
187, 232
188, 231
188, 230
189, 229
189, 227
190, 226
190, 224
191, 223
191, 221
192, 220
192, 219
193, 218
193, 217
194, 216
194, 215
198, 211
198, 210
211, 197
212, 197
214, 195
216, 195
217, 194
223, 194
224, 195
226, 195
232, 201
232, 202
233, 203
233, 204
234, 205
234, 208
235, 209
235, 215
236, 216
236, 237
235, 238
235, 240
234, 241
233, 241
232, 242
231, 242
230, 243
229, 243
228, 244
227, 244
226, 245
225, 245
224, 246
222, 246
221, 247
220, 247
219, 248
218, 248
217, 249
216, 249
215, 250
214, 250
213, 251
212, 251
211, 252
209, 252
208, 253
207, 253
206, 254
205, 254
204, 255
203, 255
202, 256
201, 256
200, 257
199, 257
198, 258
197, 258
196, 259
195, 259
194, 260
193, 260
192, 261
191, 261
190, 262
189, 262
188, 263
187, 263
186, 264
185, 264
184, 265
183, 265
182, 266
181, 266
180, 267
179, 267
178, 268
177, 268
176, 269
175, 269
174, 270
173, 270
172, 271
171, 271
170, 272
169, 272
168, 273
167, 273
166, 274
165, 274
164, 275
163, 275
162, 276
161, 276
160, 277
159, 277
158, 278
156, 278
155, 279
154, 279
153, 280
152, 280
151, 279
151, 275
152, 274
152, 267
153, 266
153, 259
154, 258
154, 252
155, 251
155, 246
156, 245
156, 240
157, 239
157, 234
158, 233
158, 228
159, 227
159, 223
160, 222
160, 217
161, 216
161, 212
162, 211
162, 207
163, 206
163, 202
164, 201
164, 196
165, 195
165, 191
166, 190
166, 187
167, 186
167, 182
168, 181
168, 177
169, 176
169, 172
170, 171
170, 168
171, 167
171, 163
172, 162
172, 158
173, 157
173, 154
174, 153
174, 149
175, 148
175, 145
176, 144
176, 140
177, 139
177, 135
178, 134
178, 131
179, 130
179, 126
180, 125
180, 122
181, 121
181, 117
182, 116
182, 112
183, 111
183, 108
184, 107
184, 104
185, 103
185, 100
186, 99
306, 79
307, 78
315, 78
316, 79
318, 79
321, 82
321, 83
323, 85
323, 86
324, 87
324, 89
325, 90
325, 91
326, 92
326, 95
327, 96
327, 101
328, 102
328, 108
327, 109
327, 115
326, 116
326, 120
325, 121
325, 126
324, 127
324, 130
323, 131
323, 135
322, 136
322, 139
321, 140
321, 143
320, 144
320, 147
319, 148
319, 151
318, 152
318, 154
317, 155
317, 158
316, 159
316, 161
315, 162
315, 165
314, 166
314, 168
313, 169
313, 171
312, 172
312, 173
311, 174
311, 176
310, 177
310, 179
309, 180
309, 181
308, 182
308, 184
307, 185
307, 186
306, 187
306, 189
305, 190
305, 191
304, 192
304, 193
303, 194
303, 196
302, 197
302, 198
301, 199
301, 200
300, 201
300, 203
299, 204
299, 205
298, 206
298, 207
297, 208
297, 209
296, 210
296, 211
295, 212
295, 214
291, 218
289, 218
288, 219
287, 219
286, 220
284, 220
283, 219
283, 215
282, 214
282, 206
281, 205
281, 192
280, 191
280, 182
279, 181
279, 173
278, 172
278, 166
277, 165
277, 158
276, 157
276, 131
277, 130
277, 123
278, 122
278, 117
279, 116
279, 113
280, 112
280, 110
281, 109
281, 107
282, 106
282, 104
283, 103
283, 102
284, 101
284, 99
285, 98
285, 97
286, 96
286, 95
287, 94
287, 93
289, 91
289, 90
298, 81
299, 81
300, 80
301, 80
302, 79
307, 19
308, 18
318, 18
319, 19
326, 19
327, 20
331, 20
332, 21
334, 21
335, 22
337, 22
338, 23
339, 23
340, 24
341, 24
342, 25
343, 25
345, 27
346, 27
348, 29
349, 29
355, 35
355, 36
358, 39
358, 40
359, 41
359, 42
361, 44
361, 45
362, 46
362, 47
363, 48
363, 49
364, 50
364, 51
365, 52
365, 54
366, 55
366, 57
367, 58
367, 60
368, 61
368, 63
369, 64
369, 67
370, 68
370, 72
371, 73
371, 80
372, 81
372, 96
371, 97
371, 105
370, 106
370, 113
369, 114
369, 120
368, 121
368, 126
367, 127
367, 132
366, 133
366, 137
365, 138
365, 143
364, 144
364, 149
363, 150
363, 153
362, 154
362, 158
361, 159
361, 163
360, 164
360, 167
359, 168
359, 172
358, 173
358, 176
357, 177
357, 180
356, 181
356, 184
355, 185
355, 187
354, 188
354, 191
353, 192
353, 195
352, 196
352, 197
350, 199
349, 199
348, 200
345, 200
344, 201
341, 201
340, 202
338, 202
337, 203
334, 203
333, 204
331, 204
330, 205
327, 205
326, 206
324, 206
323, 207
321, 207
320, 208
318, 208
317, 209
315, 209
314, 210
312, 210
311, 211
309, 211
308, 212
307, 212
306, 213
304, 213
303, 214
301, 214
300, 215
299, 215
298, 214
298, 212
299, 211
299, 210
300, 209
300, 208
301, 207
301, 206
302, 205
302, 203
303, 202
303, 201
304, 200
304, 199
305, 198
305, 196
306, 195
306, 194
307, 193
307, 192
308, 191
308, 189
309, 188
309, 187
310, 186
310, 184
311, 183
311, 182
312, 181
312, 179
313, 178
313, 177
314, 176
314, 174
315, 173
315, 171
316, 170
316, 168
317, 167
317, 165
318, 164
318, 161
319, 160
319, 158
320, 157
320, 154
321, 153
321, 151
322, 150
322, 147
323, 146
323, 143
324, 142
324, 139
325, 138
325, 134
326, 133
326, 130
327, 129
327, 125
328, 124
328, 120
329, 119
329, 114
330, 113
330, 97
329, 96
329, 93
328, 92
328, 90
327, 89
327, 88
326, 87
326, 85
325, 84
325, 83
323, 81
323, 80
320, 77
319, 77
318, 76
303, 76
302, 77
300, 77
299, 78
298, 78
296, 80
295, 80
288, 87
288, 88
285, 91
285, 92
284, 93
284, 94
283, 95
283, 96
282, 97
282, 98
281, 99
281, 101
280, 102
280, 104
279, 105
279, 107
278, 108
278, 110
277, 111
277, 113
276, 114
276, 118
275, 119
275, 125
274, 126
274, 135
273, 136
273, 153
274, 154
274, 162
275, 163
275, 169
276, 170
276, 177
277, 178
277, 186
278, 187
278, 199
279, 200
279, 211
280, 212
280, 219
281, 220
279, 222
278, 222
277, 223
275, 223
274, 224
273, 224
272, 225
270, 225
269, 226
268, 226
267, 227
266, 227
265, 228
263, 228
262, 229
261, 229
260, 230
259, 230
258, 231
256, 231
255, 232
254, 232
253, 233
251, 233
250, 234
249, 234
248, 235
247, 235
246, 236
244, 236
243, 237
242, 237
241, 238
239, 238
238, 237
238, 211
237, 210
237, 206
236, 205
236, 203
235, 202
235, 201
234, 200
234, 199
228, 193
226, 193
225, 192
223, 192
222, 191
218, 191
217, 192
215, 192
214, 193
212, 193
210, 195
209, 195
197, 207
197, 208
194, 211
193, 211
192, 210
192, 206
193, 205
193, 193
194, 192
194, 168
195, 167
195, 121
194, 120
194, 108
193, 107
193, 102
192, 101
192, 98
191, 97
191, 95
188, 92
186, 92
185, 93
185, 94
184, 95
184, 97
183, 98
183, 100
182, 101
182, 104
181, 105
181, 108
180, 109
180, 113
179, 114
179, 118
178, 119
178, 122
177, 123
177, 127
176, 128
176, 131
175, 132
175, 136
174, 137
174, 140
173, 141
173, 145
172, 146
172, 150
171, 151
171, 154
170, 155
170, 159
169, 160
169, 163
168, 164
168, 168
167, 169
167, 173
166, 174
166, 177
165, 178
165, 182
164, 183
164, 187
163, 188
163, 192
162, 193
162, 197
161, 198
161, 202
160, 203
160, 208
159, 209
159, 213
158, 214
158, 218
157, 219
157, 224
156, 225
156, 229
155, 230
155, 235
154, 236
154, 241
153, 242
153, 247
152, 248
152, 253
151, 254
151, 261
150, 262
150, 269
149, 270
149, 278
148, 279
148, 282
147, 283
146, 283
145, 284
144, 284
143, 285
142, 285
141, 286
140, 286
139, 287
138, 287
137, 288
135, 288
134, 289
133, 289
132, 290
131, 290
130, 291
129, 291
128, 292
127, 292
126, 293
125, 293
124, 294
122, 294
121, 295
120, 295
119, 296
118, 296
117, 297
116, 297
115, 298
113, 298
112, 299
111, 299
110, 300
109, 300
108, 301
106, 301
105, 302
104, 302
103, 303
102, 303
101, 304
99, 304
98, 305
96, 305
95, 306
94, 306
93, 307
91, 307
90, 308
89, 308
88, 309
86, 309
85, 310
83, 310
82, 311
81, 311
80, 312
78, 312
77, 313
75, 313
74, 314
71, 314
70, 315
68, 315
67, 316
65, 316
64, 317
62, 317
61, 318
58, 318
57, 319
54, 319
53, 320
50, 320
49, 321
44, 321
43, 322
38, 322
37, 323
35, 323
34, 322
27, 322
26, 321
25, 321
24, 320
23, 320
22, 319
22, 318
20, 316
20, 313
19, 312
19, 307
20, 306
20, 301
21, 300
21, 297
22, 296
22, 294
23, 293
23, 291
24, 290
24, 289
25, 288
25, 286
26, 285
26, 283
27, 282
27, 281
28, 280
28, 279
29, 278
29, 277
30, 276
30, 275
31, 274
31, 273
32, 272
32, 271
33, 270
33, 269
34, 268
34, 267
35, 266
35, 265
36, 264
36, 263
37, 262
37, 261
38, 260
38, 259
40, 257
40, 256
41, 255
41, 254
42, 253
42, 252
44, 250
44, 249
45, 248
45, 247
47, 245
47, 244
49, 242
49, 241
50, 240
50, 239
52, 237
52, 236
54, 234
54, 233
56, 231
56, 230
59, 227
59, 226
61, 224
61, 223
63, 221
63, 220
66, 217
66, 216
70, 212
70, 211
73, 208
73, 207
76, 204
76, 203
80, 199
80, 198
85, 193
85, 192
90, 187
90, 186
95, 181
95, 180
103, 172
103, 171
112, 162
112, 161
127, 146
127, 145
157, 115
158, 115
170, 103
171, 103
178, 96
179, 96
186, 89
187, 89
192, 84
193, 84
198, 79
199, 79
203, 75
204, 75
208, 71
209, 71
212, 68
213, 68
216, 65
217, 65
220, 62
221, 62
224, 59
225, 59
228, 56
229, 56
231, 54
232, 54
235, 51
236, 51
238, 49
239, 49
241, 47
242, 47
244, 45
245, 45
247, 43
248, 43
250, 41
251, 41
253, 39
254, 39
255, 38
256, 38
258, 36
259, 36
260, 35
261, 35
262, 34
263, 34
265, 32
266, 32
267, 31
268, 31
269, 30
270, 30
271, 29
272, 29
273, 28
274, 28
275, 27
277, 27
278, 26
279, 26
280, 25
282, 25
283, 24
284, 24
285, 23
287, 23
288, 22
290, 22
291, 21
294, 21
295, 20
299, 20
300, 19
