4, 2
420, 4
418, 369
2, 367
247, 14
246, 15
228, 15
227, 16
219, 16
218, 17
210, 17
209, 18
199, 18
198, 19
196, 19
195, 20
193, 20
192, 21
191, 21
190, 22
189, 22
188, 23
187, 23
186, 24
185, 24
183, 26
182, 26
181, 27
180, 27
179, 28
178, 28
176, 30
175, 30
174, 31
173, 31
172, 32
171, 32
170, 33
168, 33
167, 34
166, 34
164, 36
163, 36
162, 37
161, 37
160, 38
159, 38
156, 41
155, 41
152, 44
151, 44
144, 51
143, 51
138, 56
137, 56
135, 58
134, 58
132, 60
131, 60
129, 62
128, 62
126, 64
125, 64
123, 66
122, 66
118, 70
117, 70
113, 74
112, 74
95, 91
95, 92
91, 96
91, 97
87, 101
87, 102
80, 109
80, 110
75, 115
75, 116
70, 121
70, 122
66, 126
66, 127
61, 132
61, 133
56, 138
56, 139
52, 143
52, 144
51, 145
51, 146
50, 147
50, 148
48, 150
48, 151
47, 152
47, 153
46, 154
46, 155
45, 156
45, 157
44, 158
44, 159
43, 160
43, 161
42, 162
42, 163
40, 165
40, 166
39, 167
39, 168
38, 169
38, 170
37, 171
37, 172
36, 173
36, 174
35, 175
35, 176
34, 177
34, 178
33, 179
33, 180
32, 181
32, 182
31, 183
31, 185
30, 186
30, 187
29, 188
29, 189
28, 190
28, 191
27, 192
27, 193
26, 194
26, 196
25, 197
25, 198
24, 199
24, 200
23, 201
23, 203
22, 204
22, 206
21, 207
21, 209
20, 210
20, 213
19, 214
19, 218
18, 219
18, 224
17, 225
17, 245
18, 246
18, 254
19, 255
19, 261
20, 262
20, 265
21, 266
21, 268
22, 269
22, 270
23, 271
23, 273
24, 274
24, 275
25, 276
25, 278
26, 279
26, 280
27, 281
27, 283
28, 284
28, 285
29, 286
29, 287
31, 289
31, 290
32, 291
32, 292
33, 293
33, 294
35, 296
35, 297
36, 298
36, 299
37, 300
37, 301
39, 303
39, 304
45, 310
45, 311
49, 315
49, 316
50, 316
52, 318
53, 318
55, 320
56, 320
57, 321
58, 321
62, 325
62, 326
65, 329
66, 329
67, 330
68, 330
69, 331
70, 331
71, 332
72, 332
75, 335
76, 335
79, 338
80, 338
81, 339
83, 339
84, 340
95, 340
96, 341
97, 341
99, 343
100, 343
101, 344
103, 344
104, 345
107, 345
108, 346
110, 346
111, 347
112, 347
113, 348
114, 348
115, 349
116, 349
117, 350
119, 350
120, 351
132, 351
133, 352
135, 352
136, 353
137, 353
138, 354
140, 354
141, 355
159, 355
160, 354
165, 354
166, 353
169, 353
170, 352
184, 352
185, 353
190, 353
191, 352
201, 352
202, 351
204, 351
205, 350
206, 350
207, 349
208, 349
209, 348
219, 348
220, 347
222, 347
223, 346
224, 346
225, 345
226, 345
227, 344
229, 344
230, 343
231, 343
232, 342
235, 342
236, 341
238, 341
239, 340
240, 340
241, 339
242, 339
243, 338
244, 338
246, 336
247, 336
248, 335
249, 335
251, 333
252, 333
253, 332
254, 332
255, 331
256, 331
257, 330
258, 330
259, 329
260, 329
262, 327
263, 327
268, 322
269, 322
274, 317
275, 317
276, 316
277, 316
278, 315
279, 315
280, 314
282, 314
283, 313
284, 313
285, 312
286, 312
287, 311
288, 311
290, 309
291, 309
292, 308
293, 308
294, 307
295, 307
296, 306
297, 306
299, 304
300, 304
303, 301
304, 301
307, 298
308, 298
311, 295
312, 295
316, 291
317, 291
324, 284
324, 283
326, 281
327, 281
339, 269
339, 268
341, 266
341, 265
343, 263
343, 262
345, 260
345, 259
347, 257
347, 256
348, 255
348, 254
350, 252
350, 251
352, 249
352, 248
353, 247
353, 246
355, 244
355, 243
357, 241
357, 240
358, 239
358, 238
359, 237
359, 236
360, 235
360, 234
361, 233
361, 232
362, 231
362, 230
363, 229
363, 228
364, 227
364, 225
365, 224
365, 222
366, 221
366, 218
367, 217
367, 214
368, 213
368, 211
369, 210
369, 209
370, 208
370, 206
371, 205
371, 203
372, 202
372, 201
373, 200
373, 198
374, 197
374, 195
375, 194
375, 192
376, 191
376, 189
377, 188
377, 186
378, 185
378, 183
379, 182
379, 180
380, 179
380, 177
381, 176
381, 173
382, 172
382, 170
383, 169
383, 166
384, 165
384, 162
385, 161
385, 148
386, 147
386, 145
384, 143
383, 143
381, 145
381, 154
379, 156
379, 157
378, 158
378, 159
379, 160
379, 163
378, 164
378, 167
377, 168
377, 170
376, 171
376, 174
375, 175
375, 177
374, 178
374, 180
373, 181
373, 183
372, 184
372, 186
371, 187
371, 189
370, 190
370, 192
369, 193
369, 195
368, 196
368, 198
367, 199
367, 200
366, 201
366, 203
365, 204
365, 206
364, 207
364, 208
363, 209
363, 211
362, 212
362, 215
361, 216
361, 219
360, 220
360, 222
359, 223
359, 225
358, 226
358, 227
357, 228
357, 229
356, 230
356, 231
355, 232
355, 233
354, 234
354, 235
353, 236
353, 237
351, 239
351, 240
350, 241
350, 242
348, 244
348, 245
346, 247
346, 248
345, 249
345, 250
343, 252
343, 253
341, 255
341, 256
339, 258
339, 259
337, 261
337, 262
335, 264
335, 265
311, 289
310, 289
307, 292
306, 292
304, 294
303, 294
299, 298
298, 298
295, 301
294, 301
293, 302
292, 302
291, 303
290, 303
289, 304
288, 304
287, 305
286, 305
284, 307
283, 307
282, 308
281, 308
280, 309
278, 309
277, 310
276, 310
275, 311
274, 311
273, 312
272, 312
270, 314
269, 314
264, 319
263, 319
258, 324
257, 324
256, 325
255, 325
254, 326
253, 326
252, 327
251, 327
250, 328
249, 328
248, 329
247, 329
245, 331
244, 331
243, 332
242, 332
240, 334
239, 334
238, 335
237, 335
236, 336
234, 336
233, 337
230, 337
229, 338
228, 338
227, 339
225, 339
224, 340
223, 340
222, 341
221, 341
220, 342
217, 342
216, 343
215, 343
214, 342
211, 342
210, 343
207, 343
206, 344
205, 344
204, 345
203, 345
202, 346
200, 346
199, 347
168, 347
167, 348
164, 348
163, 349
153, 349
152, 350
143, 350
142, 349
140, 349
139, 348
138, 348
137, 347
135, 347
134, 346
122, 346
121, 345
119, 345
118, 344
117, 344
116, 343
115, 343
114, 342
113, 342
112, 341
109, 341
108, 340
106, 340
105, 339
103, 339
101, 337
100, 337
99, 336
98, 336
97, 335
96, 335
95, 334
90, 334
89, 335
87, 335
86, 334
83, 334
80, 331
79, 331
76, 328
75, 328
74, 327
73, 327
72, 326
71, 326
70, 325
69, 325
65, 321
65, 320
63, 318
62, 318
60, 316
59, 316
58, 315
57, 315
55, 313
54, 313
52, 311
52, 310
47, 305
47, 304
42, 299
42, 298
41, 297
41, 296
40, 295
40, 294
39, 293
39, 292
37, 290
37, 289
36, 288
36, 287
34, 285
34, 284
33, 283
33, 282
32, 281
32, 279
31, 278
31, 277
30, 276
30, 274
29, 273
29, 272
28, 271
28, 270
27, 269
27, 267
26, 266
26, 264
25, 263
25, 260
24, 259
24, 252
23, 251
23, 243
22, 242
22, 227
23, 226
23, 221
24, 220
24, 216
25, 215
25, 212
26, 211
26, 209
27, 208
27, 206
28, 205
28, 203
29, 202
29, 201
30, 200
30, 199
31, 198
31, 196
32, 195
32, 194
33, 193
33, 192
34, 191
34, 190
35, 189
35, 188
36, 187
36, 185
37, 184
37, 183
38, 182
38, 181
39, 180
39, 179
40, 178
40, 177
41, 176
41, 175
42, 174
42, 173
43, 172
43, 171
44, 170
44, 169
46, 167
46, 166
47, 165
47, 164
48, 163
48, 162
49, 161
49, 160
50, 159
50, 158
51, 157
51, 156
52, 155
52, 154
53, 153
53, 152
55, 150
55, 149
56, 148
56, 147
59, 144
59, 143
64, 138
64, 137
69, 132
69, 131
73, 127
73, 126
78, 121
78, 120
83, 115
83, 114
90, 107
90, 106
95, 101
95, 100
99, 96
99, 95
104, 90
104, 89
106, 87
107, 87
117, 77
118, 77
122, 73
123, 73
126, 70
127, 70
129, 68
130, 68
132, 66
133, 66
135, 64
136, 64
138, 62
139, 62
142, 59
143, 59
148, 54
149, 54
156, 47
157, 47
160, 44
161, 44
163, 42
164, 42
165, 41
166, 41
167, 40
168, 40
169, 39
170, 39
171, 38
172, 38
173, 37
174, 37
175, 36
176, 36
177, 35
178, 35
179, 34
180, 34
182, 32
183, 32
184, 31
185, 31
186, 30
187, 30
189, 28
190, 28
191, 27
192, 27
193, 26
194, 26
195, 25
196, 25
197, 24
200, 24
201, 23
213, 23
214, 22
221, 22
222, 21
230, 21
231, 20
264, 20
265, 21
267, 21
268, 22
270, 22
271, 23
273, 23
274, 24
277, 24
278, 25
281, 25
282, 26
286, 26
287, 27
290, 27
291, 28
293, 28
294, 29
295, 29
296, 30
298, 30
300, 32
301, 32
302, 33
303, 33
304, 34
305, 34
306, 35
307, 35
308, 36
309, 36
310, 37
311, 37
312, 38
314, 38
315, 39
316, 39
317, 40
319, 40
320, 41
322, 41
323, 42
324, 42
325, 43
326, 43
328, 45
329, 45
339, 55
339, 56
344, 61
345, 61
357, 73
357, 74
363, 80
363, 81
364, 82
364, 83
366, 85
366, 87
367, 88
367, 90
368, 91
368, 94
369, 95
369, 98
370, 99
370, 102
371, 103
371, 106
372, 107
372, 111
373, 112
373, 115
374, 116
374, 120
375, 121
375, 135
374, 136
374, 137
373, 138
373, 139
367, 145
366, 145
358, 153
357, 153
356, 152
356, 150
355, 149
355, 146
354, 145
354, 144
353, 143
353, 141
352, 140
352, 138
351, 137
351, 135
350, 134
350, 132
349, 131
349, 129
348, 128
348, 126
347, 125
347, 124
346, 123
346, 122
345, 121
345, 119
344, 118
344, 117
343, 116
343, 113
342, 112
342, 111
341, 110
341, 108
340, 107
340, 106
338, 104
338, 103
332, 97
331, 97
328, 94
327, 94
319, 86
318, 86
316, 84
315, 84
314, 83
313, 83
311, 81
310, 81
309, 80
308, 80
307, 79
306, 79
305, 78
304, 78
303, 77
301, 77
300, 76
298, 76
297, 75
295, 75
294, 74
292, 74
291, 73
288, 73
287, 72
283, 72
282, 71
279, 71
278, 70
266, 70
265, 71
247, 71
246, 72
242, 72
241, 73
238, 73
237, 74
235, 74
234, 75
232, 75
231, 76
230, 76
229, 77
228, 77
227, 78
226, 78
225, 79
224, 79
223, 80
222, 80
221, 81
220, 81
219, 82
218, 82
217, 83
216, 83
215, 84
214, 84
212, 86
211, 86
209, 88
208, 88
206, 90
205, 90
204, 91
203, 91
201, 93
200, 93
199, 94
198, 94
197, 95
196, 95
194, 97
193, 97
192, 98
191, 98
190, 99
189, 99
186, 102
185, 102
181, 106
180, 106
179, 107
178, 107
176, 109
175, 109
174, 110
173, 110
170, 113
169, 113
165, 117
164, 117
161, 120
160, 120
158, 122
157, 122
155, 124
154, 124
151, 127
150, 127
145, 132
144, 132
139, 137
138, 137
136, 139
135, 139
133, 141
132, 141
130, 143
129, 143
126, 146
125, 146
124, 147
123, 147
122, 148
121, 148
118, 151
117, 151
113, 155
112, 155
111, 154
111, 150
110, 149
110, 147
109, 146
108, 146
107, 145
104, 145
101, 148
101, 149
100, 150
100, 152
99, 153
99, 156
98, 157
98, 161
97, 162
97, 165
96, 166
96, 172
95, 173
95, 174
91, 178
90, 178
85, 183
84, 182
84, 176
83, 175
83, 172
82, 171
82, 170
81, 169
81, 167
79, 165
79, 164
78, 164
77, 163
76, 163
75, 162
74, 162
73, 163
71, 163
66, 168
66, 169
65, 170
65, 171
64, 172
64, 175
63, 176
63, 179
62, 180
62, 184
61, 185
61, 189
60, 190
60, 197
59, 198
59, 206
58, 207
58, 211
57, 212
57, 214
56, 215
56, 216
55, 217
55, 219
54, 220
54, 221
53, 222
53, 223
52, 224
52, 225
51, 226
51, 227
50, 228
50, 230
49, 231
49, 233
48, 234
48, 239
49, 240
49, 248
48, 249
48, 251
47, 252
47, 254
46, 255
46, 256
44, 258
43, 258
41, 256
41, 254
40, 253
40, 251
39, 250
39, 249
36, 249
36, 251
37, 252
37, 253
38, 254
38, 256
39, 257
39, 259
41, 261
42, 261
43, 262
44, 262
45, 261
46, 261
47, 260
47, 259
49, 257
49, 255
51, 253
53, 255
53, 257
54, 258
54, 259
55, 260
55, 261
57, 263
57, 264
58, 265
58, 266
60, 268
60, 269
64, 273
64, 274
71, 281
71, 282
78, 289
79, 289
84, 294
85, 294
87, 296
88, 296
90, 298
91, 298
93, 300
94, 300
97, 303
98, 303
100, 305
101, 305
102, 306
104, 306
105, 307
107, 307
108, 308
109, 308
110, 309
111, 309
113, 311
114, 311
115, 312
117, 312
118, 313
122, 313
123, 314
125, 314
126, 315
127, 315
128, 316
129, 316
130, 317
133, 317
134, 318
138, 318
139, 319
159, 319
160, 318
162, 318
163, 317
165, 317
166, 316
167, 316
168, 315
175, 315
176, 314
179, 314
180, 313
182, 313
183, 312
185, 312
186, 311
189, 311
190, 310
193, 310
194, 309
203, 309
204, 308
206, 308
207, 307
209, 307
210, 306
217, 306
218, 305
226, 305
227, 304
229, 304
230, 303
232, 303
233, 302
234, 302
236, 300
237, 300
238, 299
239, 299
240, 298
241, 298
246, 293
246, 292
248, 290
248, 289
250, 287
250, 286
252, 284
252, 283
254, 281
254, 280
256, 278
256, 277
259, 274
259, 273
261, 271
263, 271
264, 272
267, 272
268, 273
273, 273
274, 274
283, 274
284, 273
287, 273
288, 272
290, 272
291, 271
293, 271
294, 270
296, 270
297, 269
299, 269
300, 268
301, 268
302, 267
303, 267
305, 265
306, 265
309, 262
310, 262
314, 258
314, 257
323, 248
323, 247
324, 246
324, 245
326, 243
326, 242
328, 240
328, 239
330, 237
330, 236
333, 233
333, 232
335, 230
335, 229
337, 227
337, 226
338, 225
338, 224
339, 223
339, 222
340, 221
340, 220
341, 219
341, 218
342, 217
342, 216
343, 215
343, 214
344, 213
344, 212
345, 211
345, 210
346, 209
346, 208
347, 207
347, 206
348, 205
348, 204
349, 203
349, 201
350, 200
350, 198
351, 197
351, 195
352, 194
352, 192
353, 191
353, 188
354, 187
354, 180
355, 179
355, 170
356, 169
356, 168
367, 157
367, 156
370, 153
370, 152
372, 150
372, 149
374, 147
374, 146
379, 141
380, 141
384, 137
385, 137
388, 134
389, 134
392, 131
393, 131
395, 129
396, 129
397, 128
398, 128
399, 127
401, 127
403, 125
403, 124
404, 123
404, 121
403, 120
400, 120
399, 121
398, 121
396, 123
395, 123
393, 125
392, 125
391, 126
390, 126
387, 129
386, 129
383, 132
382, 132
381, 131
381, 126
380, 125
380, 119
379, 118
379, 114
378, 113
378, 110
377, 109
377, 105
376, 104
376, 101
375, 100
375, 97
374, 96
374, 93
373, 92
373, 89
372, 88
372, 86
371, 85
371, 83
370, 82
370, 81
368, 79
368, 78
366, 76
366, 75
356, 65
356, 64
351, 59
350, 59
341, 50
341, 49
333, 41
332, 41
330, 39
329, 39
328, 38
327, 38
326, 37
325, 37
324, 36
322, 36
321, 35
319, 35
318, 34
317, 34
316, 33
314, 33
313, 32
312, 32
311, 31
310, 31
309, 30
308, 30
307, 29
306, 29
305, 28
304, 28
302, 26
301, 26
300, 25
298, 25
297, 24
296, 24
295, 23
293, 23
292, 22
289, 22
288, 21
284, 21
283, 20
280, 20
279, 19
276, 19
275, 18
273, 18
272, 17
270, 17
269, 16
267, 16
266, 15
261, 15
260, 14
230, 275
231, 274
236, 278
235, 281
235, 282
234, 283
234, 284
233, 285
233, 286
231, 288
228, 287
229, 279
229, 278
230, 277
237, 270
239, 272
135, 266
137, 266
137, 272
136, 273
135, 279
135, 280
133, 282
130, 280
131, 273
131, 272
133, 270
133, 269
135, 267
265, 257
263, 259
258, 265
256, 264
258, 260
259, 260
279, 247
280, 247
281, 248
281, 249
282, 250
282, 251
283, 252
283, 254
284, 255
284, 256
285, 257
285, 259
286, 260
286, 261
287, 262
287, 264
288, 265
288, 266
286, 268
283, 268
282, 269
275, 269
274, 268
268, 268
267, 267
266, 267
265, 266
265, 265
268, 262
268, 261
271, 258
271, 257
274, 254
274, 253
276, 251
276, 250
184, 243
185, 242
186, 243
186, 262
185, 263
185, 268
184, 269
184, 270
183, 271
180, 268
180, 266
179, 265
179, 261
178, 260
178, 259
179, 258
179, 255
180, 254
180, 252
181, 251
181, 250
182, 249
182, 247
183, 246
183, 245
184, 244
273, 234
274, 234
275, 235
275, 237
267, 245
266, 245
260, 248
266, 242
266, 241
262, 235
264, 235
260, 240
260, 241
257, 242
257, 241
258, 240
258, 239
259, 238
261, 235
290, 232
291, 233
291, 255
289, 257
288, 256
288, 254
287, 253
287, 252
286, 251
286, 249
285, 248
285, 246
284, 245
284, 244
283, 243
283, 241
286, 238
286, 237
288, 235
288, 234
212, 230
214, 229
216, 231
218, 231
219, 237
220, 238
220, 239
221, 240
219, 244
218, 244
215, 245
213, 243
213, 242
212, 241
212, 239
211, 232
212, 231
281, 228
282, 227
280, 228
266, 222
267, 221
268, 221
269, 222
269, 223
270, 224
270, 225
271, 226
269, 228
267, 228
266, 229
264, 229
263, 228
264, 227
264, 226
265, 225
265, 224
266, 223
138, 217
137, 221
137, 224
134, 225
135, 219
135, 218
257, 213
258, 212
259, 212
260, 213
261, 213
264, 216
264, 217
263, 218
263, 219
262, 220
262, 221
261, 222
261, 223
260, 224
260, 225
259, 226
259, 227
258, 228
258, 229
256, 231
254, 231
253, 230
253, 229
254, 228
254, 225
255, 224
255, 220
256, 219
256, 216
257, 215
251, 211
253, 211
253, 215
252, 216
252, 220
251, 221
251, 224
250, 225
250, 228
249, 229
247, 234
244, 234
243, 235
241, 235
240, 236
237, 236
236, 237
235, 237
234, 238
232, 238
231, 239
230, 239
229, 240
228, 240
227, 241
224, 240
224, 237
223, 236
223, 233
224, 232
224, 231
225, 230
225, 229
226, 228
227, 226
228, 226
229, 225
230, 225
231, 224
232, 224
234, 222
235, 222
237, 220
238, 220
241, 217
242, 217
245, 214
246, 214
248, 212
249, 212
250, 211
241, 210
156, 211
157, 210
159, 212
159, 221
157, 223
156, 222
267, 204
268, 203
270, 203
271, 204
271, 205
269, 207
269, 208
268, 209
268, 210
266, 212
264, 210
263, 210
261, 208
261, 207
262, 206
263, 206
264, 205
265, 205
266, 204
286, 197
287, 196
290, 197
290, 206
289, 207
288, 212
288, 213
286, 215
285, 215
276, 224
273, 222
273, 221
271, 219
271, 218
270, 217
271, 214
271, 213
272, 212
272, 211
273, 210
273, 209
275, 207
275, 206
276, 205
276, 204
277, 203
277, 202
279, 200
280, 200
281, 199
282, 199
283, 198
284, 198
285, 197
91, 196
92, 195
93, 196
93, 207
92, 208
92, 245
93, 246
93, 253
94, 254
94, 257
95, 258
95, 259
97, 261
100, 261
103, 258
103, 257
104, 256
104, 255
105, 254
105, 253
106, 252
106, 251
107, 250
107, 249
108, 248
108, 247
109, 246
109, 244
110, 243
110, 242
111, 241
112, 242
112, 247
113, 248
113, 257
114, 258
114, 260
116, 262
119, 262
122, 259
122, 258
123, 257
123, 256
125, 254
125, 253
127, 251
127, 250
128, 249
128, 248
129, 247
129, 246
130, 245
130, 244
131, 243
131, 242
132, 241
132, 240
133, 239
133, 238
134, 237
135, 237
136, 238
136, 241
137, 242
137, 248
138, 249
138, 256
137, 257
137, 258
135, 260
135, 261
133, 263
133, 264
132, 265
132, 266
130, 268
130, 269
128, 271
128, 272
127, 273
127, 281
128, 282
128, 283
129, 284
130, 284
131, 285
135, 285
137, 283
137, 282
138, 281
138, 279
139, 278
139, 273
140, 272
140, 265
141, 264
141, 257
142, 256
142, 255
144, 253
144, 252
145, 251
145, 250
146, 249
146, 248
148, 246
148, 245
149, 244
149, 243
152, 240
153, 241
153, 245
152, 246
152, 253
151, 254
151, 258
150, 259
150, 277
149, 278
149, 296
151, 296
152, 295
152, 290
153, 289
153, 264
154, 263
154, 255
155, 254
155, 253
156, 252
156, 251
157, 250
157, 249
159, 247
160, 247
161, 248
161, 258
162, 259
162, 260
163, 261
164, 261
166, 259
166, 258
167, 257
167, 256
168, 255
168, 253
169, 252
169, 250
170, 249
170, 247
171, 246
171, 243
172, 242
172, 240
173, 239
173, 237
174, 236
174, 232
175, 231
175, 229
176, 228
176, 226
178, 224
178, 223
181, 220
182, 220
183, 219
184, 220
184, 222
185, 223
185, 232
184, 233
184, 235
183, 236
183, 238
182, 239
182, 241
181, 242
181, 244
180, 245
180, 246
179, 247
179, 248
178, 249
178, 251
177, 252
177, 253
176, 254
176, 265
177, 266
177, 268
178, 269
178, 270
179, 271
179, 272
181, 274
185, 274
186, 273
186, 272
187, 271
187, 269
188, 268
188, 262
189, 261
189, 238
188, 237
188, 231
189, 230
189, 228
190, 227
190, 226
191, 225
191, 223
192, 222
192, 221
195, 218
196, 218
197, 217
198, 217
199, 216
201, 216
203, 218
203, 219
205, 221
206, 221
207, 222
209, 222
210, 223
211, 223
212, 224
212, 225
210, 227
210, 228
209, 229
209, 231
208, 232
208, 238
209, 239
209, 241
210, 242
210, 243
211, 244
211, 245
212, 246
212, 247
213, 248
213, 251
214, 252
221, 252
223, 250
223, 249
225, 247
226, 247
227, 246
228, 246
229, 245
230, 245
231, 244
233, 244
234, 243
235, 243
236, 242
237, 242
238, 241
240, 241
241, 240
244, 240
245, 239
246, 239
247, 240
247, 242
246, 243
246, 247
244, 249
244, 250
238, 256
238, 257
236, 259
236, 260
235, 261
235, 262
234, 263
234, 264
233, 265
232, 265
227, 270
227, 271
226, 272
226, 273
225, 274
225, 275
224, 276
224, 278
223, 279
223, 284
222, 285
223, 286
223, 289
228, 294
232, 294
233, 293
234, 293
235, 292
235, 291
237, 289
237, 288
238, 287
238, 286
239, 285
239, 284
240, 283
240, 282
241, 281
241, 280
242, 279
242, 278
244, 276
244, 275
251, 268
252, 269
254, 269
255, 270
254, 271
254, 272
251, 275
251, 276
249, 278
249, 279
247, 281
247, 282
245, 284
245, 285
243, 287
243, 288
240, 291
240, 292
239, 293
238, 293
236, 295
235, 295
234, 296
233, 296
232, 297
231, 297
230, 298
229, 298
228, 299
226, 299
225, 300
218, 300
217, 301
210, 301
209, 302
206, 302
205, 303
203, 303
202, 304
193, 304
192, 305
190, 305
189, 306
185, 306
184, 307
182, 307
181, 308
179, 308
178, 309
175, 309
174, 310
167, 310
166, 311
164, 311
163, 312
162, 312
161, 313
159, 313
158, 314
140, 314
139, 313
135, 313
134, 312
131, 312
130, 311
129, 311
128, 310
127, 310
126, 309
124, 309
123, 308
119, 308
118, 307
117, 307
116, 306
115, 306
114, 305
113, 305
112, 304
111, 304
110, 303
109, 303
108, 302
106, 302
105, 301
104, 301
103, 300
102, 300
100, 298
99, 298
96, 295
95, 295
93, 293
92, 293
91, 292
90, 292
88, 290
87, 290
72, 275
72, 274
65, 267
65, 266
62, 263
62, 262
61, 261
61, 260
60, 259
60, 258
59, 257
59, 256
58, 255
58, 254
57, 253
57, 252
56, 251
56, 249
55, 248
55, 246
54, 245
54, 235
55, 234
55, 231
56, 230
56, 228
57, 227
57, 226
58, 225
58, 224
60, 222
60, 221
62, 219
62, 218
64, 216
64, 215
66, 213
66, 212
67, 211
67, 210
68, 209
68, 208
70, 206
70, 205
72, 203
72, 202
73, 201
73, 200
76, 197
77, 197
78, 198
78, 201
80, 203
85, 203
91, 197
213, 192
214, 191
218, 191
219, 192
220, 192
221, 193
223, 194
223, 195
224, 196
224, 198
223, 199
217, 210
215, 210
214, 211
211, 211
210, 212
204, 211
204, 203
205, 202
205, 201
206, 200
206, 199
207, 198
212, 192
287, 184
288, 184
289, 185
289, 189
286, 192
285, 192
284, 193
283, 193
282, 192
283, 191
283, 190
284, 189
284, 188
285, 187
285, 186
94, 182
95, 183
95, 185
94, 186
94, 187
92, 189
92, 190
90, 192
90, 193
88, 195
88, 196
84, 200
82, 200
80, 198
80, 194
85, 189
86, 189
90, 185
91, 185
348, 176
349, 176
350, 177
350, 178
349, 179
349, 186
348, 187
348, 190
347, 191
347, 193
346, 194
346, 196
345, 197
345, 199
344, 200
344, 201
343, 202
343, 204
342, 205
342, 206
341, 207
341, 208
339, 210
339, 211
338, 212
338, 213
337, 214
337, 215
336, 216
336, 217
335, 218
335, 219
334, 220
334, 221
333, 222
333, 223
332, 224
332, 225
331, 226
331, 227
328, 230
328, 231
326, 233
326, 234
324, 236
324, 237
321, 240
321, 241
320, 242
320, 243
317, 246
317, 247
304, 260
303, 260
300, 263
299, 263
298, 264
296, 264
295, 265
294, 265
293, 264
293, 262
294, 261
294, 255
295, 254
295, 225
301, 219
302, 219
319, 202
320, 202
335, 187
336, 187
340, 183
341, 183
73, 166
74, 165
75, 165
78, 168
78, 169
79, 170
79, 171
80, 172
80, 174
81, 175
81, 183
80, 184
80, 186
77, 189
76, 189
71, 194
71, 195
69, 197
69, 198
67, 200
67, 201
65, 203
65, 204
64, 205
64, 206
63, 207
62, 206
62, 195
63, 194
63, 190
64, 189
64, 185
65, 184
65, 180
66, 179
66, 176
67, 175
67, 173
68, 172
68, 171
69, 170
69, 169
72, 166
309, 157
312, 158
312, 159
314, 161
314, 162
315, 163
315, 171
314, 172
309, 178
308, 178
306, 180
305, 180
303, 182
302, 182
300, 184
299, 184
297, 186
296, 186
295, 187
292, 185
294, 172
294, 171
296, 169
296, 168
301, 163
301, 162
302, 161
303, 161
306, 158
307, 158
308, 157
106, 148
108, 150
108, 157
107, 158
107, 160
101, 166
100, 165
100, 162
101, 161
101, 157
102, 156
102, 154
103, 153
103, 151
281, 109
282, 108
283, 109
283, 114
284, 115
284, 123
285, 124
285, 131
286, 132
286, 139
287, 140
287, 158
288, 159
288, 172
287, 173
287, 175
285, 177
285, 178
284, 179
284, 180
282, 182
282, 183
281, 184
281, 185
280, 186
280, 187
279, 188
279, 189
278, 190
278, 191
277, 192
277, 194
274, 197
273, 197
272, 198
270, 198
269, 199
266, 199
265, 200
264, 200
263, 201
261, 201
260, 200
260, 199
261, 198
261, 195
262, 194
262, 191
263, 190
263, 187
264, 186
264, 183
265, 182
265, 178
266, 177
266, 172
267, 171
267, 166
268, 165
268, 160
269, 159
269, 155
270, 154
270, 150
271, 149
271, 145
272, 144
272, 140
273, 139
273, 136
274, 135
274, 131
275, 130
275, 127
276, 126
276, 123
277, 122
277, 120
278, 119
278, 116
279, 115
279, 113
280, 112
280, 111
281, 110
265, 76
266, 75
277, 75
278, 76
281, 76
282, 77
286, 77
287, 78
290, 78
291, 79
293, 79
294, 80
296, 80
297, 81
299, 81
300, 82
302, 82
303, 83
304, 83
305, 84
306, 84
308, 86
309, 86
311, 88
312, 88
313, 89
314, 89
321, 96
322, 96
325, 99
326, 99
329, 102
330, 102
333, 105
333, 106
335, 108
335, 109
336, 110
336, 111
337, 112
337, 113
338, 114
338, 117
339, 118
339, 120
340, 121
340, 122
341, 123
341, 124
342, 125
342, 127
343, 128
343, 129
344, 130
344, 132
345, 133
345, 135
346, 136
346, 138
347, 139
347, 141
348, 142
348, 144
349, 145
349, 146
350, 147
350, 150
351, 151
351, 159
346, 164
345, 164
339, 170
338, 170
336, 172
334, 172
333, 173
331, 173
330, 174
328, 174
327, 175
326, 175
324, 177
323, 177
310, 190
310, 191
295, 206
294, 206
293, 205
293, 194
296, 191
297, 191
298, 190
299, 190
300, 189
301, 189
303, 187
304, 187
307, 184
308, 184
309, 183
310, 183
313, 180
314, 180
316, 178
316, 177
318, 175
318, 174
319, 173
319, 170
320, 169
320, 165
319, 164
319, 161
318, 160
318, 159
317, 158
317, 157
315, 155
315, 154
314, 153
313, 153
312, 152
308, 152
307, 153
306, 153
305, 154
304, 154
302, 156
301, 156
296, 161
296, 162
293, 165
292, 165
291, 164
291, 143
290, 142
290, 133
289, 132
289, 125
288, 124
288, 116
287, 115
287, 106
286, 105
286, 102
285, 101
282, 101
281, 102
280, 102
280, 103
279, 104
279, 105
278, 106
278, 107
277, 108
277, 109
276, 110
276, 112
275, 113
275, 115
274, 116
274, 119
273, 120
273, 122
272, 123
272, 126
271, 127
271, 131
270, 132
270, 135
269, 136
269, 140
268, 141
268, 144
267, 145
267, 149
266, 150
266, 154
265, 155
265, 160
264, 161
264, 166
263, 167
263, 172
262, 173
262, 177
261, 178
261, 182
260, 183
260, 186
259, 187
259, 190
258, 191
258, 194
257, 195
257, 198
256, 199
256, 202
254, 204
249, 204
248, 205
243, 205
242, 206
239, 206
238, 207
237, 207
231, 213
231, 214
227, 218
227, 219
223, 223
222, 223
221, 224
219, 224
218, 223
217, 223
215, 221
213, 221
212, 220
210, 220
209, 219
208, 219
207, 218
206, 218
205, 217
205, 216
206, 215
209, 215
210, 214
214, 214
215, 213
217, 213
218, 212
219, 212
220, 211
221, 211
224, 208
224, 207
225, 206
225, 205
226, 204
226, 199
227, 198
227, 196
226, 195
226, 193
223, 190
222, 190
221, 189
220, 189
219, 188
214, 188
213, 189
211, 189
205, 195
205, 196
204, 197
204, 198
203, 199
203, 200
202, 201
202, 202
201, 203
201, 212
200, 213
199, 213
198, 214
196, 214
195, 215
194, 215
190, 219
190, 220
188, 222
187, 221
187, 219
186, 218
186, 217
184, 215
183, 215
182, 216
181, 216
175, 222
175, 223
174, 224
174, 225
173, 226
173, 228
172, 229
172, 231
171, 232
171, 236
170, 237
170, 239
169, 240
169, 242
168, 243
168, 246
167, 247
167, 249
166, 250
166, 252
165, 253
164, 252
164, 250
163, 249
163, 243
162, 242
159, 242
157, 244
156, 243
156, 233
157, 232
157, 231
158, 230
158, 229
159, 228
159, 227
160, 226
160, 225
161, 224
161, 222
162, 221
162, 211
161, 210
161, 209
160, 208
160, 207
159, 207
158, 206
156, 206
154, 208
154, 210
153, 211
153, 232
152, 233
152, 234
150, 236
150, 237
148, 239
148, 240
147, 241
147, 242
145, 244
145, 245
144, 246
144, 247
142, 249
141, 249
140, 248
140, 243
139, 242
139, 238
138, 237
138, 235
137, 234
137, 230
138, 229
138, 228
139, 227
139, 225
140, 224
140, 221
141, 220
141, 215
140, 214
140, 213
139, 213
138, 212
137, 212
136, 213
135, 213
133, 215
133, 216
132, 217
132, 218
131, 219
131, 227
132, 228
132, 229
133, 230
133, 232
132, 233
132, 234
131, 235
131, 236
130, 237
130, 238
129, 239
129, 240
128, 241
128, 242
127, 243
127, 244
126, 245
126, 246
125, 247
125, 248
124, 249
124, 250
122, 252
122, 253
120, 255
120, 256
118, 258
117, 258
116, 257
116, 250
115, 249
115, 230
116, 229
116, 227
117, 226
117, 224
118, 223
118, 221
119, 220
119, 218
120, 217
120, 214
121, 213
121, 209
122, 208
122, 201
121, 200
121, 199
120, 198
118, 198
117, 199
117, 200
116, 201
116, 202
115, 203
115, 205
114, 206
114, 210
113, 211
113, 222
112, 223
112, 230
111, 231
111, 233
110, 234
110, 235
109, 236
109, 237
108, 238
108, 240
107, 241
107, 243
106, 244
106, 245
105, 246
105, 247
104, 248
104, 250
103, 251
103, 252
101, 254
101, 255
99, 257
98, 257
97, 256
97, 254
96, 253
96, 248
95, 247
95, 207
96, 206
96, 194
97, 193
97, 188
98, 187
98, 186
99, 185
99, 184
101, 182
101, 181
102, 180
102, 179
104, 177
104, 176
105, 175
105, 173
106, 172
106, 171
107, 170
107, 169
108, 168
108, 167
109, 166
109, 165
112, 162
113, 162
119, 156
120, 156
123, 153
124, 153
126, 151
127, 151
128, 150
129, 150
131, 148
132, 148
135, 145
136, 145
137, 144
138, 144
140, 142
141, 142
145, 138
146, 138
151, 133
152, 133
156, 129
157, 129
160, 126
161, 126
162, 125
163, 125
166, 122
167, 122
170, 119
171, 119
175, 115
176, 115
178, 113
179, 113
180, 112
181, 112
183, 110
184, 110
187, 107
188, 107
191, 104
192, 104
194, 102
195, 102
196, 101
197, 101
198, 100
199, 100
201, 98
202, 98
203, 97
204, 97
205, 96
206, 96
207, 95
208, 95
210, 93
211, 93
213, 91
214, 91
217, 88
218, 88
219, 87
220, 87
221, 86
222, 86
223, 85
224, 85
225, 84
226, 84
227, 83
228, 83
229, 82
231, 82
232, 81
233, 81
234, 80
235, 80
236, 79
238, 79
239, 78
242, 78
243, 77
246, 77
247, 76
