4, 0
4, 1
2, 3
0, 5
2, 5
4, 7
4, 42
2, 44
0, 44
0, 46
2, 46
4, 48
4, 83
2, 85
0, 85
0, 87
2, 87
4, 89
4, 124
2, 126
0, 126
0, 128
2, 128
4, 130
4, 165
2, 167
0, 167
0, 169
2, 169
4, 171
4, 206
2, 208
0, 208
0, 210
2, 210
4, 212
4, 247
2, 249
0, 249
0, 251
2, 251
4, 253
4, 288
2, 290
0, 290
0, 292
2, 292
4, 294
4, 330
2, 332
0, 332
0, 334
2, 334
4, 336
8, 2
500, 4
498, 369
6, 367
92, 15
91, 16
82, 16
81, 17
76, 17
75, 18
72, 18
71, 19
68, 19
67, 20
66, 20
65, 21
63, 21
62, 22
61, 22
60, 23
59, 23
58, 24
57, 24
56, 25
55, 25
53, 27
52, 27
50, 29
49, 29
40, 38
40, 39
38, 41
38, 42
36, 44
36, 45
35, 46
35, 47
34, 48
34, 49
33, 50
33, 52
32, 53
32, 54
31, 55
31, 57
30, 58
30, 61
29, 62
29, 65
28, 66
28, 69
27, 70
27, 76
26, 77
26, 89
25, 90
25, 107
26, 108
26, 121
27, 122
27, 128
28, 129
28, 134
29, 135
29, 140
30, 141
30, 145
31, 146
31, 149
32, 150
32, 153
33, 154
33, 157
34, 158
34, 161
35, 162
35, 165
36, 166
36, 168
37, 169
37, 172
38, 173
38, 175
39, 176
39, 178
40, 179
40, 181
41, 182
41, 184
42, 185
42, 187
43, 188
43, 190
44, 191
44, 192
45, 193
45, 195
46, 196
46, 197
47, 198
47, 200
48, 201
48, 202
49, 203
49, 205
50, 206
50, 207
51, 208
51, 209
52, 210
52, 211
53, 212
53, 213
54, 214
54, 215
55, 216
55, 217
56, 218
56, 219
57, 220
57, 221
59, 223
59, 224
60, 225
60, 226
62, 228
62, 229
63, 230
63, 231
65, 233
65, 234
66, 235
66, 236
68, 238
68, 239
70, 241
70, 242
73, 245
73, 246
75, 248
75, 249
77, 251
77, 252
81, 256
81, 257
85, 261
85, 262
89, 266
89, 267
95, 273
95, 274
116, 295
117, 295
123, 301
124, 301
129, 306
130, 306
133, 309
134, 309
136, 311
137, 311
141, 315
141, 316
142, 317
142, 323
143, 324
143, 327
144, 328
144, 330
145, 331
145, 332
146, 333
146, 334
148, 336
148, 337
155, 344
156, 344
158, 346
159, 346
160, 347
161, 347
162, 348
169, 348
172, 345
172, 344
173, 343
173, 342
174, 341
174, 337
175, 336
177, 336
178, 337
180, 337
181, 338
182, 338
183, 339
184, 339
185, 340
187, 340
188, 341
189, 341
190, 342
191, 342
192, 343
194, 343
195, 344
197, 344
198, 345
200, 345
201, 346
203, 346
204, 347
206, 347
207, 348
209, 348
210, 349
213, 349
214, 350
217, 350
218, 351
222, 351
223, 352
227, 352
228, 353
235, 353
236, 354
262, 354
263, 353
269, 353
270, 352
274, 352
275, 351
279, 351
280, 350
282, 350
283, 349
285, 349
286, 348
288, 348
289, 347
291, 347
292, 346
294, 346
295, 345
296, 345
297, 344
298, 344
299, 343
300, 343
301, 342
302, 342
303, 341
305, 341
306, 340
307, 340
309, 338
310, 338
311, 337
312, 337
313, 336
314, 336
316, 334
317, 334
318, 333
319, 333
321, 331
322, 331
324, 329
325, 329
327, 327
328, 327
330, 325
331, 325
334, 322
335, 322
337, 320
338, 320
341, 317
342, 317
345, 314
346, 314
349, 311
350, 311
353, 308
354, 308
358, 304
359, 304
363, 300
364, 300
369, 295
370, 295
385, 280
385, 279
387, 277
387, 276
390, 273
390, 272
391, 271
391, 270
392, 269
392, 268
393, 267
393, 266
394, 265
394, 264
395, 263
395, 261
396, 260
396, 258
397, 257
397, 254
398, 253
398, 233
397, 232
397, 229
396, 228
396, 225
395, 224
395, 223
394, 222
394, 220
393, 219
393, 218
392, 217
392, 216
391, 215
391, 214
390, 213
390, 212
388, 210
388, 209
386, 207
386, 206
384, 204
384, 203
380, 199
380, 198
373, 191
373, 190
363, 176
364, 177
365, 177
366, 178
367, 178
368, 179
369, 179
370, 180
371, 180
372, 181
374, 181
375, 182
376, 182
377, 183
378, 183
379, 184
380, 184
381, 185
382, 185
383, 186
385, 186
386, 187
387, 187
388, 188
389, 188
390, 189
391, 189
392, 190
393, 190
394, 191
396, 191
397, 192
398, 192
399, 193
400, 193
401, 194
402, 194
403, 195
405, 195
406, 196
407, 196
408, 197
409, 197
410, 198
411, 198
412, 199
413, 199
414, 200
416, 200
417, 201
418, 201
419, 202
420, 202
421, 203
423, 203
424, 204
425, 204
426, 205
427, 205
428, 206
430, 206
431, 207
432, 207
433, 208
434, 208
435, 209
436, 209
437, 210
438, 210
439, 211
440, 211
441, 212
442, 212
443, 213
444, 213
445, 214
447, 214
448, 215
449, 215
450, 216
451, 216
452, 217
454, 217
455, 218
456, 218
457, 219
458, 219
459, 220
460, 220
462, 222
463, 222
465, 224
466, 224
467, 225
468, 225
470, 227
471, 227
473, 229
474, 229
476, 231
477, 231
478, 232
479, 231
479, 229
475, 225
474, 225
472, 223
471, 223
470, 222
469, 222
467, 220
466, 220
465, 219
464, 219
462, 217
461, 217
460, 216
459, 216
458, 215
457, 215
456, 214
455, 214
454, 213
452, 213
451, 212
450, 212
449, 211
448, 211
447, 210
446, 210
445, 209
443, 209
442, 208
441, 208
440, 207
439, 207
438, 206
437, 206
436, 205
435, 205
434, 204
433, 204
432, 203
430, 203
429, 202
428, 202
427, 201
426, 201
425, 200
424, 200
423, 199
421, 199
420, 198
419, 198
418, 197
417, 197
416, 196
414, 196
413, 195
412, 195
411, 194
410, 194
409, 193
408, 193
407, 192
406, 192
405, 191
403, 191
402, 190
401, 190
400, 189
399, 189
398, 188
397, 188
396, 187
395, 187
394, 186
392, 186
391, 185
390, 185
389, 184
388, 184
387, 183
386, 183
385, 182
384, 182
383, 181
381, 181
380, 180
379, 180
378, 179
377, 179
376, 178
375, 178
374, 177
372, 177
371, 176
370, 176
369, 175
368, 175
367, 174
366, 174
365, 173
364, 173
363, 172
361, 172
360, 171
359, 171
358, 170
357, 170
356, 169
355, 169
354, 168
353, 168
352, 167
350, 167
349, 166
348, 166
345, 163
344, 163
335, 154
335, 138
336, 137
336, 127
337, 126
337, 123
336, 122
334, 122
333, 123
333, 124
332, 125
332, 127
331, 128
331, 131
330, 132
330, 134
329, 135
329, 138
328, 139
328, 142
327, 143
327, 144
326, 145
325, 145
315, 135
315, 134
313, 132
313, 131
312, 130
312, 127
311, 126
311, 122
310, 121
310, 118
309, 117
309, 114
308, 113
308, 110
307, 109
307, 108
304, 108
303, 109
303, 111
302, 112
302, 117
301, 118
300, 118
294, 112
294, 111
292, 109
292, 108
289, 105
287, 105
283, 101
282, 101
274, 93
273, 93
267, 87
266, 87
262, 83
261, 83
258, 80
257, 80
254, 77
254, 67
253, 66
252, 66
251, 67
251, 68
250, 69
250, 72
249, 73
248, 72
247, 72
245, 70
244, 70
242, 68
241, 68
239, 66
238, 66
235, 63
234, 63
232, 61
231, 61
229, 59
228, 59
226, 57
225, 57
224, 56
223, 56
221, 54
220, 54
219, 53
218, 53
216, 51
215, 51
214, 50
213, 50
211, 48
210, 48
209, 47
208, 47
207, 46
206, 46
205, 45
204, 45
203, 44
202, 44
201, 43
200, 43
199, 42
198, 42
197, 41
196, 41
195, 40
194, 40
193, 39
192, 39
191, 38
190, 38
189, 37
187, 37
186, 36
185, 36
184, 35
183, 35
182, 34
180, 34
179, 33
178, 33
177, 32
175, 32
174, 31
173, 31
172, 30
170, 30
169, 29
167, 29
166, 28
164, 28
163, 27
161, 27
160, 26
158, 26
157, 25
155, 25
154, 24
151, 24
150, 23
147, 23
146, 22
143, 22
142, 21
139, 21
138, 20
134, 20
133, 19
128, 19
127, 18
123, 18
122, 17
115, 17
114, 16
100, 16
99, 15
145, 319
147, 319
148, 319
149, 320
150, 320
152, 322
153, 322
155, 324
156, 324
158, 326
159, 326
160, 327
161, 327
163, 329
164, 329
165, 330
166, 330
167, 331
168, 331
169, 332
170, 332
171, 340
170, 341
170, 342
163, 345
162, 344
161, 344
159, 342
158, 342
150, 333
149, 332
149, 331
148, 330
148, 329
147, 328
147, 327
146, 326
146, 322
145, 321
185, 266
186, 265
187, 266
187, 267
188, 268
188, 270
189, 271
189, 272
190, 273
190, 275
191, 276
191, 278
192, 279
192, 282
193, 283
193, 285
194, 286
194, 288
195, 289
195, 291
196, 292
196, 294
197, 295
197, 297
198, 298
198, 301
199, 302
199, 306
200, 307
200, 314
201, 315
200, 316
200, 317
199, 318
198, 317
198, 316
197, 315
197, 313
196, 312
196, 310
195, 309
195, 307
194, 306
194, 304
193, 303
193, 300
192, 299
192, 297
191, 296
191, 293
190, 292
190, 289
189, 288
189, 285
188, 284
188, 281
187, 280
187, 276
186, 275
186, 270
185, 269
338, 240
341, 241
341, 242
342, 244
339, 243
339, 242
368, 236
372, 238
372, 239
373, 241
371, 242
362, 229
359, 229
324, 209
325, 208
328, 211
328, 214
329, 215
329, 220
328, 221
326, 219
326, 216
325, 215
325, 212
324, 211
292, 197
293, 196
295, 196
296, 197
298, 197
299, 198
301, 198
302, 199
304, 199
305, 200
307, 200
308, 201
309, 201
310, 202
312, 202
313, 203
315, 203
316, 204
317, 204
320, 207
320, 209
321, 210
321, 213
320, 214
319, 214
317, 212
316, 212
314, 210
313, 210
311, 208
310, 208
308, 206
307, 206
306, 205
305, 205
304, 204
303, 204
301, 202
300, 202
299, 201
298, 201
297, 200
296, 200
295, 199
294, 199
335, 196
336, 195
338, 197
338, 198
339, 199
339, 200
340, 201
340, 202
341, 203
341, 204
342, 205
342, 206
343, 207
343, 208
344, 209
344, 210
345, 211
345, 212
344, 213
343, 213
342, 212
341, 212
340, 211
339, 211
338, 210
337, 210
335, 208
260, 194
261, 193
262, 193
263, 195
261, 197
260, 197
256, 198
254, 195
254, 188
258, 191
255, 190
254, 190
312, 180
313, 180
314, 181
314, 182
315, 183
315, 186
316, 187
316, 191
317, 192
317, 196
318, 197
318, 199
317, 200
316, 200
315, 199
313, 199
312, 198
310, 198
309, 197
307, 197
306, 196
305, 196
304, 195
302, 195
301, 194
298, 194
297, 193
295, 193
294, 192
294, 191
295, 190
296, 190
297, 189
299, 189
300, 188
301, 188
302, 187
303, 187
304, 186
305, 186
307, 184
308, 184
269, 181
271, 181
271, 182
272, 183
271, 185
271, 186
270, 187
268, 186
269, 182
324, 177
325, 176
327, 178
327, 179
328, 180
328, 181
330, 183
330, 184
331, 185
331, 186
332, 187
332, 203
331, 204
330, 203
330, 202
329, 201
329, 197
328, 196
328, 193
327, 192
327, 188
326, 187
326, 183
325, 182
325, 179
324, 178
216, 176
217, 175
218, 176
218, 178
219, 179
219, 188
220, 189
220, 190
218, 192
217, 191
217, 183
216, 182
335, 174
336, 173
339, 176
339, 177
340, 178
340, 179
341, 180
341, 181
342, 182
342, 183
343, 184
343, 185
345, 187
345, 188
346, 189
346, 190
347, 191
347, 192
348, 193
348, 195
349, 196
349, 197
350, 198
350, 199
351, 200
351, 201
352, 202
352, 204
353, 205
353, 206
354, 207
354, 208
355, 209
355, 211
356, 212
356, 214
357, 215
357, 216
358, 217
358, 219
359, 220
358, 221
357, 221
355, 219
354, 219
352, 217
352, 216
351, 215
351, 214
350, 213
350, 212
349, 211
349, 210
347, 208
347, 207
346, 206
346, 205
345, 204
345, 203
344, 202
344, 201
343, 200
343, 199
342, 198
342, 197
341, 196
341, 195
340, 194
340, 193
338, 191
338, 190
337, 189
337, 188
336, 187
336, 186
335, 185
317, 174
318, 173
319, 173
320, 174
320, 177
321, 178
321, 181
322, 182
322, 185
323, 186
323, 190
324, 191
324, 195
325, 196
325, 200
326, 201
326, 203
325, 204
322, 201
322, 198
321, 197
321, 193
320, 192
320, 189
319, 188
319, 184
318, 183
318, 180
317, 179
338, 167
339, 166
340, 166
341, 167
342, 167
343, 168
344, 168
348, 172
349, 172
375, 198
375, 199
380, 204
380, 205
383, 208
383, 209
385, 211
385, 212
387, 214
387, 215
388, 216
388, 217
389, 218
389, 219
390, 220
390, 221
391, 222
391, 224
392, 225
392, 227
393, 228
393, 231
394, 232
394, 237
395, 238
395, 249
394, 250
394, 254
393, 255
393, 258
392, 259
392, 261
391, 262
391, 263
390, 264
390, 265
389, 266
389, 267
388, 268
388, 269
386, 271
386, 272
384, 274
384, 275
380, 279
380, 280
371, 289
370, 289
363, 296
362, 296
358, 300
357, 300
353, 304
352, 304
349, 307
348, 307
345, 310
344, 310
341, 313
340, 313
337, 316
336, 316
333, 319
332, 319
330, 321
329, 321
327, 323
326, 323
324, 325
323, 325
321, 327
320, 327
318, 329
317, 329
315, 331
314, 331
313, 332
312, 332
310, 334
309, 334
308, 335
307, 335
306, 336
305, 336
304, 337
303, 337
302, 338
301, 338
300, 339
299, 339
298, 340
297, 340
296, 341
295, 341
294, 342
293, 342
292, 343
290, 343
289, 344
287, 344
286, 345
284, 345
283, 346
281, 346
280, 347
277, 347
276, 348
271, 348
270, 349
266, 349
265, 350
254, 350
253, 351
244, 351
243, 350
231, 350
230, 349
226, 349
225, 348
222, 348
221, 347
217, 347
216, 346
213, 346
212, 345
210, 345
209, 344
207, 344
206, 343
203, 343
202, 342
200, 342
199, 341
197, 341
196, 340
195, 340
194, 339
192, 339
191, 338
190, 338
189, 337
188, 337
187, 336
185, 336
184, 335
183, 335
182, 334
181, 334
180, 333
179, 333
178, 332
177, 332
174, 329
174, 328
169, 328
168, 327
167, 327
165, 325
164, 325
163, 324
162, 324
160, 322
159, 322
158, 321
157, 321
155, 319
154, 319
152, 317
151, 317
149, 315
148, 315
144, 311
144, 308
145, 307
145, 296
146, 295
146, 289
147, 288
147, 283
148, 282
148, 276
149, 275
149, 271
150, 270
150, 265
151, 264
151, 260
152, 259
152, 255
153, 254
153, 250
154, 249
154, 245
155, 244
155, 240
156, 239
156, 235
157, 234
157, 230
158, 229
158, 225
159, 224
159, 219
160, 218
160, 213
161, 212
161, 206
162, 205
163, 205
164, 206
164, 207
165, 208
165, 209
167, 211
167, 212
168, 213
168, 214
170, 216
170, 217
172, 219
172, 220
174, 222
174, 223
176, 225
176, 226
178, 228
178, 233
177, 234
176, 234
175, 233
173, 233
172, 234
171, 234
170, 235
170, 236
168, 238
168, 239
167, 240
167, 241
166, 242
166, 244
165, 245
165, 248
164, 249
164, 252
163, 253
163, 260
162, 261
162, 281
163, 282
163, 288
164, 289
164, 294
165, 295
165, 298
166, 299
166, 302
167, 303
167, 305
168, 306
168, 308
169, 309
169, 311
170, 312
170, 313
171, 314
171, 316
173, 318
173, 319
174, 320
177, 320
177, 316
176, 316
175, 315
175, 314
174, 313
174, 312
173, 311
173, 309
172, 308
172, 306
171, 305
171, 303
170, 302
170, 300
169, 299
169, 296
168, 295
168, 292
167, 291
167, 285
166, 284
166, 257
167, 256
167, 252
168, 251
168, 248
169, 247
169, 245
170, 244
170, 242
171, 241
171, 240
174, 237
177, 240
177, 241
178, 242
178, 244
179, 245
179, 251
180, 252
180, 260
181, 261
181, 267
182, 268
182, 273
183, 274
183, 278
184, 279
184, 283
185, 284
185, 287
186, 288
186, 291
187, 292
187, 295
188, 296
188, 299
189, 300
189, 302
190, 303
190, 305
191, 306
191, 308
192, 309
192, 312
193, 313
193, 314
194, 315
194, 317
195, 318
195, 319
196, 320
196, 321
197, 322
197, 323
198, 324
199, 324
200, 325
201, 324
202, 324
203, 323
203, 321
204, 320
204, 309
203, 308
203, 303
202, 302
202, 299
201, 298
201, 296
200, 295
200, 292
199, 291
199, 289
198, 288
198, 286
197, 285
197, 283
196, 282
196, 280
195, 279
195, 277
194, 276
194, 274
193, 273
193, 271
192, 270
192, 268
191, 267
191, 265
190, 264
190, 263
189, 262
189, 260
188, 259
188, 257
187, 256
187, 255
186, 254
186, 252
185, 251
185, 249
184, 248
184, 247
183, 246
183, 244
182, 243
182, 237
183, 236
188, 241
188, 242
193, 247
193, 248
205, 260
206, 260
211, 265
212, 265
214, 267
215, 267
217, 269
218, 269
220, 271
221, 271
222, 272
223, 272
224, 273
225, 273
226, 274
227, 274
228, 275
229, 275
230, 276
231, 276
232, 277
233, 277
234, 278
236, 278
237, 279
239, 279
240, 280
242, 280
243, 281
245, 281
246, 282
250, 282
251, 283
254, 283
255, 284
260, 284
261, 285
266, 285
267, 286
273, 286
274, 287
282, 287
283, 288
291, 288
292, 289
301, 289
302, 290
313, 290
314, 291
339, 291
340, 290
347, 290
348, 289
351, 289
352, 288
354, 288
355, 287
356, 287
357, 286
359, 286
361, 284
362, 284
364, 282
365, 282
367, 280
367, 279
370, 276
370, 274
371, 273
371, 272
372, 271
372, 265
373, 264
373, 263
372, 262
372, 253
371, 252
371, 247
372, 246
375, 246
376, 245
376, 244
377, 243
377, 239
375, 237
375, 236
364, 225
364, 223
363, 222
363, 220
362, 219
362, 217
361, 216
361, 215
360, 214
360, 212
359, 211
359, 210
358, 209
358, 207
357, 206
357, 205
356, 204
356, 202
355, 201
355, 200
354, 199
354, 198
353, 197
353, 196
352, 195
352, 193
351, 192
351, 191
350, 190
350, 189
349, 188
349, 187
348, 186
348, 185
347, 184
347, 183
346, 182
346, 181
344, 179
344, 178
343, 177
343, 176
342, 175
342, 174
341, 173
341, 172
339, 170
339, 169
338, 168
282, 167
283, 166
284, 167
284, 170
285, 171
285, 180
286, 181
286, 188
284, 190
283, 189
282, 189
277, 184
277, 181
278, 180
278, 179
279, 178
279, 176
280, 175
280, 173
281, 172
281, 169
282, 168
195, 164
196, 163
197, 164
197, 165
198, 166
198, 169
199, 170
199, 173
200, 174
200, 178
201, 179
201, 182
202, 183
202, 187
203, 188
203, 193
204, 194
204, 202
205, 203
205, 208
204, 209
203, 208
203, 207
202, 206
202, 204
201, 203
201, 199
200, 198
200, 195
199, 194
199, 190
198, 189
198, 185
197, 184
197, 179
196, 178
196, 169
195, 168
327, 160
328, 161
329, 161
331, 163
331, 164
332, 175
330, 176
329, 175
329, 174
328, 173
328, 172
326, 170
326, 169
325, 168
325, 167
324, 166
324, 165
324, 163
324, 162
313, 158
314, 157
316, 159
316, 161
317, 162
317, 165
318, 166
316, 168
315, 167
315, 166
314, 165
314, 161
313, 160
330, 147
332, 149
316, 145
317, 144
321, 148
321, 149
323, 151
323, 152
324, 153
323, 154
321, 154
320, 153
319, 153
318, 152
318, 151
317, 150
317, 147
316, 146
286, 145
289, 144
290, 145
292, 145
293, 146
294, 146
295, 147
297, 147
298, 148
299, 148
300, 149
301, 149
302, 150
304, 150
305, 151
308, 153
308, 154
309, 155
309, 158
310, 159
310, 163
311, 164
311, 168
312, 175
307, 180
306, 180
304, 182
303, 182
301, 184
300, 184
299, 185
297, 185
296, 186
295, 186
291, 187
290, 186
290, 184
289, 183
289, 175
288, 174
288, 165
287, 164
287, 155
286, 154
151, 138
153, 140
153, 142
154, 143
154, 145
155, 146
155, 148
156, 149
156, 152
157, 153
157, 156
158, 157
158, 161
159, 162
159, 168
160, 169
160, 186
159, 187
157, 185
157, 184
156, 183
156, 181
155, 180
155, 178
154, 177
154, 176
153, 175
153, 173
152, 172
152, 170
151, 169
151, 166
150, 165
150, 162
149, 161
149, 156
148, 155
148, 143
149, 142
149, 140
261, 138
262, 137
263, 138
263, 141
264, 142
264, 146
265, 147
265, 152
264, 153
263, 152
263, 148
262, 147
262, 143
261, 142
266, 137
267, 136
269, 136
270, 137
271, 137
272, 138
274, 138
275, 139
277, 139
278, 140
279, 140
280, 141
281, 141
282, 142
282, 151
281, 152
281, 157
280, 158
280, 162
279, 163
279, 166
278, 167
278, 169
277, 170
277, 172
276, 173
276, 175
275, 176
275, 177
274, 178
272, 176
272, 175
271, 174
271, 173
270, 172
270, 158
269, 157
269, 150
268, 149
268, 144
267, 143
267, 139
266, 138
225, 135
226, 134
227, 134
228, 135
228, 136
229, 137
229, 139
230, 140
230, 141
231, 142
231, 144
232, 145
232, 146
233, 147
233, 148
234, 149
234, 151
235, 152
235, 153
236, 154
236, 155
237, 156
237, 158
238, 159
238, 160
239, 161
239, 163
240, 164
240, 165
241, 166
241, 168
242, 169
242, 171
243, 172
243, 174
242, 175
242, 181
243, 182
243, 184
244, 185
244, 186
245, 187
245, 189
244, 190
244, 194
245, 195
245, 196
248, 199
248, 202
249, 203
249, 207
251, 209
252, 208
253, 208
253, 207
254, 206
254, 204
256, 202
258, 202
259, 201
261, 201
262, 200
263, 200
264, 199
265, 199
268, 196
273, 196
274, 195
278, 195
279, 196
281, 196
282, 197
283, 197
287, 201
291, 201
292, 202
293, 202
294, 203
295, 203
296, 204
297, 204
299, 206
300, 206
301, 207
302, 207
303, 208
304, 208
306, 210
307, 210
308, 211
309, 211
311, 213
312, 213
314, 215
315, 215
318, 218
319, 218
323, 222
323, 223
324, 224
324, 227
325, 228
325, 232
326, 233
326, 238
327, 239
327, 244
328, 245
328, 247
331, 247
332, 246
332, 244
334, 242
335, 243
335, 244
337, 246
337, 247
338, 248
339, 248
340, 249
344, 249
345, 248
345, 246
346, 245
346, 244
345, 243
345, 241
344, 240
344, 239
343, 238
343, 237
341, 235
341, 234
336, 229
336, 228
335, 227
335, 226
334, 225
334, 223
335, 222
335, 215
336, 214
338, 214
339, 215
340, 215
341, 216
342, 216
343, 217
344, 217
346, 219
347, 219
348, 220
349, 220
351, 222
351, 223
352, 224
352, 225
354, 227
354, 228
355, 229
355, 230
357, 232
357, 233
359, 235
359, 236
365, 242
365, 243
366, 244
366, 246
367, 247
367, 251
368, 252
368, 256
369, 257
369, 268
368, 269
368, 271
367, 272
367, 273
366, 274
366, 275
360, 281
359, 281
358, 282
357, 282
356, 283
355, 283
354, 284
353, 284
352, 285
349, 285
348, 286
343, 286
342, 287
308, 287
307, 286
297, 286
296, 285
288, 285
287, 284
279, 284
278, 283
271, 283
270, 282
265, 282
264, 281
258, 281
257, 280
254, 280
253, 279
249, 279
248, 278
246, 278
245, 277
243, 277
242, 276
240, 276
239, 275
237, 275
236, 274
234, 274
233, 273
232, 273
231, 272
230, 272
229, 271
228, 271
227, 270
226, 270
225, 269
224, 269
223, 268
222, 268
220, 266
219, 266
217, 264
216, 264
213, 261
212, 261
206, 255
205, 255
201, 251
201, 250
192, 241
192, 240
189, 237
189, 236
185, 232
185, 231
182, 228
182, 227
181, 226
181, 175
182, 174
182, 158
183, 157
183, 150
184, 149
184, 143
185, 142
185, 139
186, 138
186, 136
187, 135
188, 135
189, 136
189, 137
190, 138
190, 139
191, 140
191, 142
192, 143
192, 146
193, 147
193, 150
192, 151
192, 175
193, 176
193, 182
194, 183
194, 188
195, 189
195, 192
196, 193
196, 197
197, 198
197, 201
198, 202
198, 205
199, 206
199, 209
200, 210
200, 212
201, 213
201, 215
202, 216
202, 217
203, 218
205, 218
207, 216
207, 214
208, 213
208, 197
207, 196
207, 190
206, 189
206, 185
205, 184
205, 180
204, 179
204, 176
203, 175
203, 172
202, 171
202, 167
201, 166
201, 163
200, 162
200, 159
199, 158
199, 155
198, 154
198, 151
197, 150
197, 146
198, 145
198, 144
200, 142
203, 142
207, 146
207, 147
209, 149
209, 150
210, 151
210, 152
211, 153
211, 155
212, 156
212, 170
213, 171
213, 189
214, 190
214, 195
215, 196
215, 197
218, 200
220, 200
222, 198
222, 196
223, 195
223, 181
222, 180
222, 175
221, 174
221, 171
220, 170
220, 167
219, 166
219, 164
218, 163
218, 161
217, 160
217, 158
216, 157
216, 151
217, 150
217, 146
218, 145
218, 143
219, 142
219, 141
220, 140
220, 139
224, 135
254, 131
255, 132
256, 132
257, 133
257, 140
258, 141
258, 146
259, 147
259, 151
260, 152
260, 156
261, 157
261, 159
262, 160
262, 162
263, 163
263, 165
264, 166
264, 168
265, 169
265, 170
266, 171
266, 179
265, 180
265, 183
264, 184
264, 185
263, 186
262, 186
261, 185
252, 185
251, 184
251, 183
250, 182
250, 167
249, 166
249, 159
250, 158
250, 152
251, 151
251, 143
252, 142
252, 133
236, 128
241, 127
242, 128
244, 128
245, 149
246, 150
246, 160
245, 161
245, 162
242, 161
242, 159
241, 158
241, 157
240, 156
240, 154
239, 153
239, 152
238, 151
238, 149
237, 148
237, 147
236, 146
236, 145
235, 144
235, 142
234, 141
234, 140
233, 139
233, 138
232, 137
232, 135
231, 131
233, 129
234, 129
235, 128
230, 125
229, 127
245, 121
244, 124
242, 123
180, 121
181, 120
204, 120
205, 121
212, 121
213, 122
219, 122
220, 123
223, 123
224, 124
224, 126
225, 127
225, 130
224, 131
223, 131
216, 138
216, 139
215, 140
215, 142
214, 143
214, 146
213, 147
212, 147
211, 146
211, 145
205, 139
204, 139
203, 138
199, 138
197, 140
195, 140
194, 139
194, 138
193, 137
193, 136
192, 135
192, 134
191, 133
191, 132
189, 130
185, 130
184, 131
184, 132
183, 133
183, 135
182, 136
182, 139
181, 140
181, 144
180, 145
180, 152
179, 153
179, 162
178, 163
178, 189
177, 190
177, 216
178, 217
176, 219
175, 218
175, 217
173, 215
173, 214
172, 213
172, 212
170, 210
170, 209
169, 208
169, 207
167, 205
167, 204
166, 203
166, 202
165, 201
165, 200
163, 198
163, 167
162, 166
162, 161
161, 160
161, 156
160, 155
160, 151
159, 150
159, 148
158, 147
158, 145
157, 144
157, 142
156, 141
156, 139
155, 138
155, 136
154, 135
154, 132
158, 128
159, 128
161, 126
162, 126
163, 125
164, 125
165, 124
167, 124
168, 123
170, 123
171, 122
174, 122
175, 121
234, 96
240, 100
240, 101
241, 102
241, 103
242, 104
242, 108
243, 109
242, 113
242, 116
241, 117
241, 118
237, 122
231, 121
229, 121
226, 118
227, 109
227, 106
228, 105
228, 103
229, 102
229, 101
230, 100
230, 99
233, 96
254, 84
255, 83
256, 84
257, 84
260, 87
261, 87
266, 92
267, 92
274, 99
275, 99
283, 107
284, 107
286, 109
286, 110
287, 111
287, 112
288, 113
288, 114
289, 115
289, 116
290, 117
290, 118
292, 120
292, 121
297, 126
297, 127
299, 129
299, 130
300, 131
300, 132
302, 134
302, 135
303, 136
303, 137
304, 138
304, 139
305, 140
305, 141
306, 142
306, 144
307, 145
307, 146
306, 147
305, 147
304, 146
302, 146
301, 145
300, 145
299, 144
298, 144
297, 143
295, 143
294, 142
293, 142
292, 141
290, 141
289, 140
288, 140
286, 138
286, 131
285, 130
285, 128
282, 128
282, 130
281, 131
281, 136
280, 137
279, 136
278, 136
277, 135
275, 135
274, 134
272, 134
271, 133
269, 133
268, 132
267, 132
264, 129
264, 127
263, 126
263, 124
262, 123
262, 122
260, 120
259, 120
258, 121
258, 122
257, 123
257, 127
256, 128
255, 128
253, 126
253, 109
254, 108
87, 20
88, 19
108, 19
109, 20
117, 20
118, 21
124, 21
125, 22
129, 22
130, 23
134, 23
135, 24
139, 24
140, 25
143, 25
144, 26
147, 26
148, 27
151, 27
152, 28
154, 28
155, 29
157, 29
158, 30
160, 30
161, 31
163, 31
164, 32
166, 32
167, 33
169, 33
170, 34
172, 34
173, 35
174, 35
175, 36
177, 36
178, 37
179, 37
180, 38
182, 38
183, 39
184, 39
185, 40
187, 40
188, 41
189, 41
190, 42
191, 42
192, 43
193, 43
194, 44
195, 44
196, 45
197, 45
198, 46
199, 46
200, 47
201, 47
202, 48
203, 48
204, 49
205, 49
206, 50
207, 50
209, 52
210, 52
211, 53
212, 53
214, 55
215, 55
216, 56
217, 56
218, 57
219, 57
221, 59
222, 59
223, 60
224, 60
226, 62
227, 62
230, 65
231, 65
233, 67
234, 67
236, 69
237, 69
239, 71
240, 71
243, 74
244, 74
246, 76
247, 76
248, 77
248, 78
249, 79
249, 80
248, 81
248, 88
247, 89
247, 98
246, 99
246, 101
245, 102
244, 101
244, 99
242, 97
242, 96
239, 93
238, 93
237, 92
232, 92
230, 94
229, 94
229, 95
227, 97
227, 98
226, 99
226, 100
225, 101
225, 102
224, 103
224, 106
223, 107
223, 118
222, 119
217, 119
216, 118
211, 118
210, 117
200, 117
199, 116
183, 116
182, 117
177, 117
176, 118
171, 118
170, 119
168, 119
167, 120
166, 120
165, 121
163, 121
162, 122
161, 122
160, 123
159, 123
157, 125
156, 125
155, 126
154, 126
152, 128
151, 128
150, 127
150, 126
149, 125
149, 124
148, 123
148, 122
147, 121
147, 120
145, 118
145, 117
143, 115
143, 114
140, 111
140, 110
133, 103
132, 103
131, 102
130, 102
129, 101
128, 101
127, 100
123, 100
122, 101
121, 101
120, 102
120, 103
119, 104
119, 113
120, 114
120, 115
121, 116
121, 117
122, 118
122, 119
124, 121
124, 122
125, 123
125, 124
126, 125
126, 126
128, 126
128, 122
127, 121
127, 120
126, 119
126, 118
124, 116
124, 115
123, 114
123, 112
122, 111
122, 106
125, 103
126, 104
128, 104
130, 106
131, 106
138, 113
138, 114
141, 117
141, 118
143, 120
143, 121
144, 122
144, 123
146, 125
146, 126
147, 127
147, 128
148, 129
148, 130
149, 131
149, 132
148, 133
148, 134
147, 135
147, 137
146, 138
146, 139
145, 140
145, 147
144, 148
144, 152
145, 153
145, 159
146, 160
146, 164
147, 165
147, 168
148, 169
148, 171
149, 172
149, 174
150, 175
150, 177
151, 178
151, 180
152, 181
152, 183
153, 184
153, 185
154, 186
154, 187
155, 188
155, 190
156, 191
156, 192
157, 193
157, 194
158, 195
158, 196
159, 197
159, 204
158, 205
158, 210
157, 211
157, 217
156, 218
156, 222
155, 223
155, 227
154, 228
154, 232
153, 233
153, 237
152, 238
152, 242
151, 243
151, 247
150, 248
150, 252
149, 253
149, 257
148, 258
148, 263
147, 264
147, 268
146, 269
146, 274
145, 275
145, 280
144, 281
144, 287
143, 288
143, 294
142, 295
142, 303
141, 304
141, 308
140, 309
139, 308
138, 308
135, 305
134, 305
131, 302
130, 302
124, 296
123, 296
116, 289
115, 289
101, 275
101, 274
94, 267
94, 266
89, 261
89, 260
85, 256
85, 255
81, 251
81, 250
79, 248
79, 247
76, 244
76, 243
74, 241
74, 240
72, 238
72, 237
70, 235
70, 234
68, 232
68, 231
67, 230
67, 229
65, 227
65, 226
63, 224
63, 223
62, 222
62, 221
61, 220
61, 219
60, 218
60, 217
59, 216
59, 215
57, 213
57, 212
56, 211
56, 210
55, 209
55, 208
54, 207
54, 206
53, 205
53, 203
52, 202
52, 201
51, 200
51, 198
50, 197
50, 196
49, 195
49, 194
48, 193
48, 191
47, 190
47, 188
46, 187
46, 185
45, 184
45, 183
44, 182
44, 180
43, 179
43, 177
42, 176
42, 173
41, 172
41, 170
40, 169
40, 167
39, 166
39, 163
38, 162
38, 159
37, 158
37, 155
36, 154
36, 151
35, 150
35, 147
34, 146
34, 143
33, 142
33, 137
32, 136
32, 132
31, 131
31, 125
30, 124
30, 115
29, 114
29, 82
30, 81
30, 74
31, 73
31, 69
32, 68
32, 64
33, 63
33, 60
34, 59
34, 57
35, 56
35, 55
36, 54
36, 53
37, 52
37, 50
38, 49
38, 48
40, 46
40, 45
42, 43
42, 42
47, 37
47, 36
50, 33
51, 33
53, 31
54, 31
56, 29
57, 29
59, 27
60, 27
61, 26
62, 26
63, 25
65, 25
66, 24
67, 24
68, 23
70, 23
71, 22
74, 22
75, 21
78, 21
79, 20
