0, 3
2, 3
4, 5
4, 44
2, 46
0, 46
0, 48
2, 48
4, 50
4, 90
2, 92
0, 92
0, 94
2, 94
4, 96
4, 135
2, 137
0, 137
0, 139
2, 139
4, 141
4, 180
2, 182
0, 182
0, 184
2, 184
4, 186
4, 225
2, 227
0, 227
0, 229
2, 229
4, 231
4, 270
2, 272
0, 272
0, 274
2, 274
4, 276
4, 315
2, 317
0, 317
0, 319
2, 319
4, 321
4, 360
2, 362
0, 362
0, 364
2, 364
4, 366
8, 2
428, 4
426, 369
6, 367
256, 319
256, 321
258, 323
258, 324
257, 325
257, 330
256, 331
256, 338
255, 339
255, 346
254, 347
254, 351
255, 351
255, 349
256, 348
256, 339
257, 338
257, 329
258, 328
258, 324
259, 323
259, 322
260, 321
261, 321
260, 320
260, 319
259, 315
259, 316
363, 250
363, 257
362, 258
362, 260
361, 261
361, 262
362, 262
363, 261
363, 259
364, 258
364, 250
270, 247
270, 248
373, 237
367, 238
369, 237
349, 234
349, 235
350, 236
351, 236
352, 237
354, 237
354, 236
353, 236
352, 235
351, 235
350, 234
251, 219
252, 218
222, 213
225, 213
278, 210
277, 211
277, 214
276, 215
276, 219
274, 221
274, 228
273, 229
273, 233
272, 234
272, 238
271, 239
271, 244
272, 243
272, 239
273, 238
273, 235
274, 234
274, 230
275, 229
275, 226
276, 225
276, 224
277, 223
277, 216
278, 215
212, 211
213, 213
197, 208
199, 209
399, 205
400, 205
326, 206
382, 202
375, 198
376, 199
331, 195
330, 196
329, 196
330, 197
331, 197
332, 196
333, 196
333, 195
393, 185
392, 186
392, 189
390, 191
389, 191
387, 193
387, 194
388, 194
389, 193
390, 193
392, 191
395, 191
395, 189
394, 188
394, 185
243, 181
243, 185
242, 186
242, 196
241, 197
241, 214
240, 215
240, 217
241, 218
241, 229
242, 230
242, 231
243, 231
243, 229
242, 228
242, 218
243, 217
243, 215
242, 214
242, 205
243, 204
344, 175
383, 165
386, 165
353, 163
352, 164
351, 164
352, 165
354, 165
355, 164
355, 163
244, 141
243, 142
243, 146
242, 147
242, 153
241, 154
241, 157
242, 156
242, 154
243, 153
243, 149
244, 148
219, 130
218, 131
218, 132
217, 133
217, 138
216, 139
216, 145
215, 146
215, 153
215, 152
216, 151
216, 146
217, 145
217, 140
218, 139
218, 136
219, 135
250, 126
250, 129
249, 130
249, 134
250, 133
250, 130
251, 129
251, 126
123, 44
126, 44
129, 43
131, 42
172, 40
171, 42
176, 41
175, 26
174, 27
174, 38
174, 36
175, 35
131, 18
131, 24
131, 23
132, 22
132, 18
