4, 0
4, 6
2, 8
0, 10
2, 10
4, 12
4, 68
2, 70
0, 70
0, 72
2, 72
4, 74
4, 131
2, 133
0, 133
0, 135
2, 135
4, 137
4, 193
2, 195
0, 195
0, 197
2, 197
4, 199
8, 2
500, 4
498, 222
6, 220
179, 10
177, 12
177, 13
178, 14
178, 19
179, 20
179, 24
180, 25
180, 30
181, 31
181, 35
182, 36
182, 40
183, 41
183, 45
184, 46
184, 50
185, 51
185, 54
186, 55
186, 58
187, 59
187, 62
188, 63
188, 66
189, 67
189, 69
190, 70
190, 73
189, 74
188, 74
187, 73
186, 73
185, 72
184, 72
178, 66
178, 65
175, 62
175, 61
174, 60
174, 55
173, 54
173, 43
172, 42
172, 40
171, 39
171, 37
170, 36
170, 35
169, 34
169, 33
168, 32
168, 31
162, 25
159, 25
158, 24
156, 24
155, 25
153, 25
151, 27
151, 29
150, 30
150, 34
151, 35
151, 37
152, 38
152, 39
153, 40
153, 41
165, 53
165, 54
170, 59
170, 60
171, 61
171, 65
170, 66
167, 66
166, 65
164, 65
163, 64
161, 64
160, 63
158, 63
157, 62
154, 62
153, 61
150, 61
149, 60
146, 60
145, 59
141, 59
140, 58
137, 58
136, 57
132, 57
131, 56
127, 56
126, 55
122, 55
121, 54
117, 54
116, 53
115, 53
114, 52
113, 52
112, 51
111, 51
110, 50
108, 50
107, 49
105, 49
104, 50
102, 50
101, 51
98, 51
97, 50
89, 50
88, 49
83, 49
82, 48
77, 48
76, 47
72, 47
71, 46
68, 46
67, 45
64, 45
63, 44
59, 44
58, 43
53, 43
52, 42
44, 42
43, 43
40, 43
37, 45
34, 48
34, 49
32, 51
32, 52
31, 53
31, 54
30, 55
30, 57
29, 58
29, 60
28, 61
28, 63
27, 64
27, 75
28, 76
28, 78
29, 79
29, 81
30, 82
30, 83
31, 84
31, 85
32, 86
32, 87
34, 89
34, 90
35, 91
35, 92
36, 93
36, 94
38, 96
38, 97
39, 98
39, 99
41, 101
41, 102
42, 103
42, 104
44, 106
44, 107
45, 108
45, 109
46, 110
46, 111
48, 113
48, 114
49, 115
49, 116
53, 120
53, 121
59, 127
60, 127
65, 132
66, 132
70, 136
71, 136
73, 138
74, 138
76, 140
77, 140
79, 142
80, 142
82, 144
83, 144
84, 145
85, 145
87, 147
87, 148
88, 149
88, 152
89, 153
89, 159
90, 160
90, 167
91, 168
91, 177
92, 178
92, 186
93, 187
93, 192
94, 193
94, 195
95, 196
95, 198
96, 199
96, 201
97, 202
97, 203
98, 204
98, 205
100, 207
100, 208
104, 212
105, 212
106, 213
108, 213
109, 214
114, 214
115, 213
117, 213
119, 211
120, 211
120, 210
122, 208
122, 206
123, 205
123, 202
122, 201
122, 200
121, 199
121, 198
119, 196
119, 195
117, 193
117, 192
116, 191
116, 190
115, 189
115, 188
114, 187
114, 185
113, 184
113, 180
112, 179
112, 177
111, 176
111, 174
110, 173
110, 170
109, 169
109, 164
112, 161
114, 161
115, 162
117, 162
118, 163
119, 163
120, 164
122, 164
123, 165
125, 165
128, 168
128, 172
129, 173
129, 177
130, 178
130, 181
131, 182
131, 185
132, 186
132, 189
133, 190
133, 192
134, 193
134, 195
135, 196
135, 197
136, 198
136, 199
138, 201
138, 202
141, 205
142, 205
143, 206
145, 206
147, 204
147, 190
146, 189
146, 187
144, 185
144, 184
143, 183
143, 182
142, 181
142, 180
141, 179
141, 178
140, 177
140, 176
138, 174
138, 173
137, 172
138, 171
141, 171
142, 172
144, 172
145, 173
147, 173
148, 174
150, 174
151, 175
153, 175
154, 176
156, 176
157, 177
160, 177
161, 178
163, 178
164, 179
167, 179
168, 180
171, 180
172, 181
175, 181
176, 182
179, 182
180, 183
184, 183
185, 184
190, 184
191, 185
196, 185
197, 186
207, 186
208, 187
227, 187
228, 188
242, 188
243, 187
258, 187
259, 186
266, 186
267, 185
272, 185
273, 184
279, 184
280, 183
286, 183
287, 182
293, 182
294, 181
301, 181
302, 180
313, 180
314, 179
322, 179
323, 178
324, 178
325, 177
326, 177
327, 176
328, 176
329, 175
331, 175
332, 174
333, 174
334, 173
336, 173
337, 172
338, 172
341, 169
341, 168
342, 167
342, 160
341, 159
341, 154
340, 153
340, 148
339, 147
339, 143
338, 142
338, 138
340, 136
342, 136
343, 137
345, 137
346, 138
348, 138
349, 139
352, 139
353, 140
355, 140
356, 141
358, 141
359, 142
361, 142
362, 143
364, 143
365, 144
368, 144
369, 145
371, 145
372, 146
374, 146
375, 147
378, 147
379, 148
381, 148
382, 149
385, 149
386, 150
388, 150
389, 151
392, 151
393, 152
395, 152
396, 153
399, 153
400, 154
402, 154
403, 155
406, 155
407, 156
409, 156
410, 157
412, 157
413, 158
416, 158
417, 159
419, 159
420, 160
423, 160
424, 161
427, 161
428, 162
431, 162
432, 163
435, 163
436, 164
439, 164
440, 165
443, 165
444, 166
446, 166
447, 167
450, 167
451, 168
453, 168
454, 169
457, 169
458, 170
461, 170
462, 171
465, 171
466, 172
468, 172
469, 173
472, 173
473, 174
477, 174
475, 174
474, 173
471, 173
470, 172
467, 172
466, 171
463, 171
462, 170
460, 170
459, 169
456, 169
455, 168
453, 168
452, 167
449, 167
448, 166
445, 166
444, 165
442, 165
441, 164
438, 164
437, 163
433, 163
432, 162
429, 162
428, 161
425, 161
424, 160
422, 160
421, 159
418, 159
417, 158
415, 158
414, 157
412, 157
411, 156
408, 156
407, 155
405, 155
404, 154
401, 154
400, 153
398, 153
397, 152
394, 152
393, 151
391, 151
390, 150
387, 150
386, 149
384, 149
383, 148
381, 148
380, 147
377, 147
376, 146
374, 146
373, 145
370, 145
369, 144
367, 144
366, 143
364, 143
363, 142
361, 142
360, 141
357, 141
356, 140
354, 140
353, 139
351, 139
350, 138
348, 138
347, 137
345, 137
344, 136
342, 136
341, 135
340, 135
337, 132
337, 131
336, 130
336, 128
335, 127
335, 126
334, 125
334, 124
333, 123
333, 122
331, 120
331, 119
329, 117
329, 116
327, 114
327, 113
324, 110
324, 109
318, 103
318, 102
314, 98
313, 98
308, 93
307, 93
303, 89
303, 88
302, 87
302, 72
303, 71
303, 63
302, 62
301, 62
301, 66
300, 67
300, 70
299, 71
299, 73
298, 74
298, 76
297, 77
297, 78
294, 81
292, 81
291, 80
290, 80
289, 79
288, 79
285, 76
284, 76
282, 74
281, 74
278, 71
277, 71
273, 67
272, 67
269, 64
268, 64
264, 60
263, 60
262, 59
262, 58
257, 53
253, 53
251, 55
251, 58
252, 59
252, 61
253, 62
253, 63
255, 65
255, 66
259, 70
259, 71
264, 76
264, 77
267, 80
267, 81
268, 82
268, 83
270, 85
270, 87
271, 88
271, 89
272, 90
272, 91
273, 92
273, 93
275, 95
275, 96
277, 98
277, 99
278, 100
278, 102
279, 103
279, 107
278, 108
278, 109
274, 113
273, 113
271, 111
270, 111
266, 107
264, 109
263, 109
262, 108
260, 108
259, 107
258, 107
257, 106
256, 106
253, 103
252, 103
251, 102
249, 102
246, 99
246, 97
245, 96
245, 93
244, 92
244, 88
243, 87
243, 84
242, 83
242, 80
241, 79
241, 76
240, 75
240, 72
239, 71
239, 65
238, 64
237, 64
236, 65
236, 69
237, 70
237, 73
238, 74
238, 77
239, 78
239, 81
240, 82
240, 85
241, 86
241, 89
242, 90
242, 94
243, 95
242, 96
240, 96
238, 94
237, 94
236, 93
235, 93
234, 92
233, 92
232, 91
230, 91
229, 90
228, 90
227, 89
227, 88
226, 87
225, 87
222, 84
221, 84
219, 82
218, 82
214, 78
213, 78
211, 76
211, 75
210, 74
210, 73
209, 72
209, 71
208, 70
208, 68
206, 66
206, 65
205, 64
204, 64
203, 63
202, 63
201, 62
200, 63
199, 63
198, 64
198, 65
197, 66
197, 69
195, 71
194, 70
194, 67
193, 66
193, 62
192, 61
192, 58
191, 57
191, 53
190, 52
190, 49
189, 48
189, 45
188, 44
188, 40
187, 39
187, 36
186, 35
186, 31
185, 30
185, 27
184, 26
184, 22
183, 21
183, 19
182, 18
182, 15
181, 14
181, 13
180, 12
180, 11
131, 170
132, 169
134, 171
134, 172
136, 174
136, 175
137, 176
137, 177
138, 178
138, 179
139, 180
139, 181
141, 183
141, 184
142, 185
142, 186
143, 187
143, 188
144, 189
144, 190
145, 191
145, 201
143, 203
139, 199
139, 198
138, 197
138, 196
137, 195
137, 194
136, 193
136, 192
135, 191
135, 188
134, 187
134, 185
133, 184
133, 181
132, 180
132, 176
131, 175
117, 153
120, 155
121, 155
126, 160
126, 161
127, 162
126, 165
125, 165
124, 164
122, 164
121, 163
119, 163
118, 162
117, 162
116, 161
113, 159
113, 158
114, 157
91, 151
93, 150
94, 151
95, 151
97, 153
98, 153
99, 154
100, 154
101, 155
102, 155
103, 156
104, 156
105, 157
106, 157
108, 162
107, 163
107, 165
106, 166
106, 167
107, 168
107, 171
108, 172
108, 174
109, 175
109, 177
110, 178
110, 183
109, 184
109, 187
110, 188
111, 188
113, 190
113, 191
114, 192
114, 193
115, 194
115, 195
117, 197
117, 198
119, 200
119, 201
120, 202
120, 206
108, 211
107, 210
106, 210
102, 206
102, 205
100, 203
100, 202
99, 201
99, 200
98, 197
97, 196
97, 194
96, 193
96, 189
95, 188
95, 182
94, 181
94, 172
93, 171
93, 163
92, 162
92, 155
91, 154
296, 138
297, 139
297, 140
298, 141
298, 143
299, 148
296, 150
292, 145
294, 143
294, 142
293, 141
293, 140
289, 132
293, 135
286, 120
287, 119
291, 119
292, 120
294, 120
295, 121
295, 122
296, 123
296, 125
295, 126
295, 129
294, 130
293, 130
290, 127
290, 126
287, 123
287, 122
286, 121
272, 120
276, 119
277, 121
273, 123
272, 124
271, 122
272, 121
281, 116
279, 118
295, 115
297, 118
293, 120
291, 117
280, 109
282, 114
279, 115
277, 111
257, 110
258, 109
259, 109
260, 110
261, 110
262, 111
263, 111
264, 112
265, 112
268, 115
267, 116
266, 116
265, 115
264, 115
263, 114
262, 114
261, 113
260, 113
250, 106
251, 106
252, 109
248, 107
172, 103
174, 103
174, 104
175, 106
232, 101
235, 102
235, 103
236, 104
236, 105
237, 106
237, 107
238, 110
234, 108
234, 107
233, 104
232, 103
302, 97
308, 100
309, 100
315, 106
312, 110
311, 110
310, 111
309, 111
308, 112
306, 112
305, 113
302, 113
299, 112
299, 106
300, 105
302, 91
303, 90
308, 95
309, 95
323, 109
323, 110
326, 113
326, 114
329, 117
329, 118
331, 120
331, 121
332, 122
332, 123
333, 124
333, 125
335, 127
335, 129
336, 130
336, 132
335, 133
333, 133
332, 132
330, 132
329, 131
327, 131
326, 130
324, 130
323, 129
321, 129
320, 128
318, 128
317, 127
315, 127
314, 126
312, 126
311, 125
309, 125
308, 124
306, 124
305, 123
303, 123
302, 122
300, 122
297, 119
297, 118
298, 117
298, 116
299, 115
300, 115
302, 114
303, 113
307, 113
308, 112
309, 112
310, 111
311, 111
312, 110
314, 110
315, 109
316, 109
316, 107
315, 106
315, 105
314, 104
314, 103
313, 102
312, 102
309, 99
308, 99
306, 97
302, 94
291, 89
292, 88
296, 89
296, 90
300, 94
300, 104
299, 105
298, 111
298, 112
295, 115
292, 115
291, 116
285, 115
285, 114
284, 113
284, 110
283, 109
283, 107
282, 106
283, 103
283, 101
285, 99
285, 98
287, 96
287, 95
289, 93
289, 92
291, 90
213, 87
214, 86
215, 86
216, 87
217, 87
219, 89
220, 89
221, 90
222, 90
223, 91
224, 91
227, 94
226, 95
224, 95
223, 94
222, 94
221, 93
219, 93
218, 92
216, 92
215, 91
214, 91
213, 90
199, 87
200, 86
201, 87
203, 87
204, 88
205, 88
206, 89
208, 89
210, 91
210, 102
209, 103
209, 110
208, 111
207, 111
206, 110
206, 109
205, 108
205, 107
204, 106
204, 103
203, 102
203, 99
202, 98
202, 96
201, 95
201, 94
200, 93
200, 91
199, 90
66, 87
67, 86
69, 86
72, 89
72, 90
73, 91
73, 92
74, 93
74, 94
75, 95
75, 96
76, 97
76, 99
77, 100
77, 102
78, 103
78, 105
79, 106
79, 109
80, 110
80, 113
81, 114
81, 118
82, 119
82, 122
83, 123
83, 126
84, 127
84, 131
85, 132
85, 136
86, 137
86, 141
87, 142
87, 144
86, 145
85, 145
83, 143
82, 143
81, 142
80, 142
78, 140
77, 140
75, 138
74, 138
71, 135
70, 135
67, 132
66, 132
50, 116
50, 115
48, 113
48, 112
47, 111
47, 110
45, 108
45, 107
44, 106
44, 105
43, 104
43, 103
41, 101
41, 100
40, 99
40, 98
38, 96
38, 95
37, 94
37, 93
35, 91
35, 90
36, 89
38, 89
39, 90
57, 90
58, 89
61, 89
62, 88
64, 88
65, 87
295, 84
300, 88
294, 86
212, 82
213, 81
215, 83
216, 83
218, 85
219, 85
221, 87
220, 88
219, 88
218, 87
217, 87
216, 86
215, 86
212, 83
150, 81
151, 80
157, 80
158, 81
159, 81
163, 85
163, 86
166, 89
166, 90
168, 92
168, 93
169, 94
169, 95
170, 96
169, 97
169, 103
170, 104
170, 106
171, 107
171, 108
174, 111
174, 112
175, 112
176, 113
178, 113
179, 112
179, 109
178, 108
178, 106
177, 105
177, 104
176, 103
176, 101
174, 99
174, 98
173, 97
173, 95
172, 94
172, 91
173, 90
173, 83
174, 82
174, 81
175, 80
179, 80
180, 81
183, 81
184, 82
186, 82
191, 87
191, 88
193, 90
193, 91
195, 93
195, 94
196, 95
196, 97
197, 98
197, 100
198, 101
198, 103
200, 103
202, 105
202, 107
203, 108
203, 110
205, 112
205, 113
206, 114
210, 114
210, 113
211, 112
211, 108
212, 107
212, 95
213, 94
213, 93
214, 92
216, 92
217, 93
219, 93
220, 94
222, 94
223, 95
224, 95
225, 96
226, 96
229, 99
229, 100
230, 101
230, 105
231, 106
231, 108
233, 110
233, 111
237, 115
239, 115
240, 114
240, 112
242, 110
244, 112
245, 112
247, 114
248, 114
250, 116
250, 117
251, 118
253, 118
255, 116
259, 116
260, 117
262, 117
263, 118
264, 118
265, 119
267, 119
268, 120
269, 120
270, 121
270, 122
266, 126
265, 126
264, 127
263, 127
262, 128
263, 129
265, 129
266, 128
267, 128
268, 127
269, 127
271, 125
272, 125
273, 124
274, 124
276, 123
277, 122
281, 122
285, 126
285, 128
286, 129
286, 134
287, 135
287, 138
288, 139
288, 140
285, 143
281, 143
280, 144
271, 144
270, 143
260, 143
259, 142
253, 142
252, 141
248, 141
247, 140
243, 140
242, 139
239, 139
238, 138
235, 138
234, 137
231, 137
230, 136
227, 136
226, 135
224, 135
223, 134
220, 134
219, 133
217, 133
216, 132
213, 132
212, 131
210, 131
209, 130
207, 130
206, 129
204, 129
203, 128
202, 128
201, 127
199, 127
198, 126
197, 126
196, 125
194, 125
193, 124
192, 124
191, 123
190, 123
189, 122
188, 122
187, 121
186, 121
185, 120
184, 120
183, 119
182, 119
181, 118
180, 118
178, 116
177, 116
176, 115
175, 115
174, 114
173, 114
171, 112
170, 112
168, 110
167, 110
165, 108
164, 108
162, 106
161, 106
158, 103
157, 103
152, 98
152, 96
151, 95
151, 93
150, 92
150, 91
149, 90
149, 89
148, 88
148, 86
147, 85
147, 83
149, 81
196, 80
197, 79
200, 79
201, 80
202, 80
203, 81
204, 81
205, 82
206, 82
207, 83
208, 83
210, 85
210, 87
208, 89
207, 88
205, 88
204, 87
202, 87
201, 86
200, 86
197, 83
197, 82
196, 81
163, 80
169, 79
171, 87
167, 87
167, 86
196, 76
197, 75
198, 75
199, 76
206, 76
209, 79
209, 81
208, 82
207, 82
206, 81
205, 81
204, 80
202, 80
201, 79
200, 79
199, 78
198, 78
186, 75
188, 75
189, 75
192, 79
193, 80
193, 82
191, 82
190, 82
189, 81
189, 80
187, 77
186, 76
299, 74
302, 75
300, 85
297, 84
297, 83
296, 82
297, 79
297, 78
298, 77
298, 76
299, 75
148, 73
150, 74
151, 74
155, 78
154, 80
150, 80
149, 81
146, 79
175, 70
184, 77
184, 78
185, 79
184, 81
181, 81
180, 80
174, 78
266, 67
267, 66
268, 66
271, 69
272, 69
276, 73
277, 73
280, 76
281, 76
283, 78
284, 78
288, 82
289, 82
291, 84
291, 85
292, 86
291, 87
291, 88
290, 89
290, 90
288, 92
288, 93
286, 95
286, 96
284, 98
284, 99
283, 100
282, 100
280, 98
280, 96
279, 95
279, 93
278, 92
278, 90
277, 89
277, 87
276, 86
276, 84
275, 83
275, 81
274, 80
274, 79
272, 77
272, 76
269, 73
269, 72
267, 70
267, 69
266, 68
202, 65
205, 69
206, 70
206, 71
207, 72
207, 73
200, 74
199, 67
252, 58
253, 57
255, 57
256, 58
257, 58
264, 65
264, 66
265, 67
265, 68
267, 70
267, 71
269, 73
269, 74
272, 77
272, 78
273, 79
273, 80
274, 81
274, 82
275, 83
275, 84
276, 85
276, 87
277, 88
277, 90
278, 91
278, 93
279, 94
279, 97
278, 98
276, 96
276, 95
273, 92
273, 91
272, 90
272, 88
271, 87
271, 86
270, 85
270, 84
269, 83
269, 82
268, 81
268, 80
265, 77
265, 76
261, 72
261, 71
256, 66
256, 65
254, 63
254, 62
253, 61
253, 60
252, 59
118, 55
119, 54
120, 54
121, 55
125, 55
126, 56
130, 56
131, 57
134, 57
135, 58
139, 58
140, 59
143, 59
144, 60
148, 60
149, 61
151, 61
152, 62
155, 62
156, 63
159, 63
160, 64
162, 64
163, 65
165, 65
166, 66
167, 66
168, 67
170, 67
171, 68
171, 69
172, 70
172, 76
169, 79
162, 79
161, 78
159, 78
154, 73
153, 73
152, 72
151, 72
150, 71
145, 71
145, 72
144, 73
144, 75
143, 76
143, 80
142, 81
139, 78
139, 77
133, 71
133, 70
124, 61
123, 61
120, 58
119, 58
118, 57
105, 54
106, 53
110, 53
111, 54
112, 54
120, 62
121, 62
135, 76
135, 77
139, 81
139, 82
140, 83
141, 83
142, 84
142, 86
143, 87
143, 89
144, 90
144, 91
146, 93
146, 94
147, 95
147, 96
148, 97
148, 98
149, 99
149, 101
151, 103
152, 103
154, 101
157, 104
158, 104
161, 107
162, 107
164, 109
165, 109
167, 111
168, 111
170, 113
171, 113
172, 114
173, 114
175, 116
176, 116
177, 117
178, 117
179, 118
180, 118
181, 119
182, 119
183, 120
184, 120
186, 122
187, 122
188, 123
190, 123
191, 124
192, 124
193, 125
194, 125
195, 126
196, 126
197, 127
199, 127
200, 128
201, 128
202, 129
204, 129
205, 130
207, 130
208, 131
211, 131
212, 132
214, 132
215, 133
218, 133
219, 134
221, 134
222, 135
225, 135
226, 136
228, 136
229, 137
232, 137
233, 138
236, 138
237, 139
241, 139
242, 140
245, 140
246, 141
250, 141
251, 142
258, 142
259, 143
269, 143
270, 144
281, 144
282, 143
289, 143
290, 144
290, 145
293, 148
293, 149
294, 150
295, 150
296, 151
298, 151
299, 150
299, 143
298, 142
298, 140
297, 139
297, 137
296, 136
296, 134
295, 133
295, 128
296, 127
296, 124
298, 122
300, 122
301, 123
303, 123
304, 124
306, 124
307, 125
309, 125
310, 126
312, 126
313, 127
315, 127
316, 128
318, 128
319, 129
321, 129
322, 130
324, 130
325, 131
327, 131
328, 132
330, 132
331, 133
333, 133
334, 134
335, 134
337, 136
337, 137
338, 138
338, 143
339, 144
339, 149
340, 150
340, 154
341, 155
341, 160
342, 161
342, 166
341, 167
341, 168
338, 171
337, 171
336, 172
335, 172
334, 173
333, 173
332, 174
330, 174
329, 175
328, 175
327, 176
326, 176
325, 177
324, 177
323, 178
321, 178
320, 179
312, 179
311, 180
301, 180
300, 181
293, 181
292, 182
286, 182
285, 183
279, 183
278, 184
272, 184
271, 185
265, 185
264, 186
257, 186
256, 187
239, 187
238, 188
232, 188
231, 187
209, 187
208, 186
199, 186
198, 185
192, 185
191, 184
186, 184
185, 183
181, 183
180, 182
177, 182
176, 181
173, 181
172, 180
170, 180
169, 179
166, 179
165, 178
162, 178
161, 177
159, 177
158, 176
155, 176
154, 175
152, 175
151, 174
149, 174
148, 173
147, 173
146, 172
144, 172
143, 171
141, 171
140, 170
138, 170
132, 164
132, 163
130, 161
130, 160
129, 159
129, 155
128, 154
128, 147
127, 146
127, 141
126, 140
126, 137
125, 136
125, 133
124, 132
124, 128
123, 127
123, 125
122, 124
122, 122
121, 121
121, 119
120, 118
120, 116
119, 115
119, 114
118, 113
118, 111
117, 110
117, 105
116, 104
116, 98
115, 97
115, 93
114, 92
114, 89
113, 88
113, 84
112, 83
112, 80
111, 79
111, 78
110, 77
110, 75
109, 74
109, 72
108, 71
108, 66
107, 65
107, 63
106, 62
106, 59
105, 58
44, 43
45, 42
51, 42
52, 43
57, 43
58, 44
61, 44
62, 45
65, 45
66, 46
70, 46
71, 47
74, 47
75, 48
80, 48
81, 49
86, 49
87, 50
95, 50
96, 51
101, 51
102, 53
103, 54
103, 59
104, 60
104, 63
105, 64
105, 66
106, 67
106, 73
107, 74
107, 76
108, 77
108, 78
109, 79
109, 81
110, 82
110, 85
111, 86
111, 90
112, 91
112, 94
113, 95
113, 100
114, 101
114, 106
115, 107
115, 112
116, 113
116, 114
117, 115
117, 117
118, 118
118, 119
119, 120
119, 122
120, 123
120, 125
121, 126
121, 129
122, 130
122, 134
123, 135
123, 138
124, 139
124, 142
125, 143
125, 148
126, 149
126, 154
124, 155
121, 152
120, 152
119, 151
115, 151
113, 153
113, 154
109, 158
108, 158
107, 157
106, 157
105, 156
104, 156
103, 155
102, 155
101, 154
100, 154
98, 152
97, 152
96, 151
95, 151
94, 150
93, 150
91, 148
91, 147
90, 146
90, 143
89, 142
89, 138
88, 137
88, 134
87, 133
87, 129
86, 128
86, 124
85, 123
85, 120
84, 119
84, 116
83, 115
83, 111
82, 110
82, 107
81, 106
81, 104
80, 103
80, 101
79, 100
79, 98
78, 97
78, 95
77, 94
77, 93
76, 92
76, 91
75, 90
75, 89
74, 88
74, 87
71, 84
65, 84
64, 85
63, 85
62, 86
60, 86
59, 87
53, 87
52, 88
43, 88
42, 87
36, 87
35, 88
34, 88
33, 86
32, 85
32, 84
31, 83
31, 82
30, 81
30, 80
29, 79
29, 78
28, 77
28, 74
27, 73
27, 66
28, 65
28, 62
29, 61
29, 60
30, 59
30, 57
31, 56
31, 55
32, 54
32, 53
33, 52
33, 51
35, 49
35, 48
39, 45
40, 44
41, 44
42, 43
160, 27
161, 28
162, 28
165, 31
165, 32
167, 35
168, 36
168, 38
169, 39
169, 40
170, 41
170, 44
171, 45
171, 54
157, 42
157, 41
154, 37
153, 36
153, 29
