4, 0
4, 2
2, 4
0, 6
2, 6
4, 8
4, 44
2, 46
0, 46
0, 48
2, 48
4, 50
4, 86
2, 88
0, 88
0, 90
2, 90
4, 92
4, 128
2, 130
0, 130
0, 132
2, 132
4, 134
4, 170
2, 172
0, 172
0, 174
2, 174
4, 176
4, 212
2, 214
0, 214
0, 216
2, 216
4, 218
4, 254
2, 256
0, 256
0, 258
2, 258
4, 260
4, 296
2, 298
0, 298
0, 300
2, 300
4, 302
4, 338
2, 340
0, 340
0, 342
2, 342
4, 344
8, 2
500, 4
498, 367
6, 365
69, 16
68, 17
62, 17
61, 18
59, 18
58, 19
56, 19
55, 20
54, 20
53, 21
51, 21
49, 23
48, 23
46, 25
45, 25
38, 32
38, 33
35, 36
35, 37
34, 38
34, 39
33, 40
33, 41
32, 42
32, 43
31, 44
31, 46
30, 47
30, 49
29, 50
29, 53
28, 54
28, 57
27, 58
27, 64
26, 65
26, 77
25, 78
25, 85
26, 86
26, 103
27, 104
27, 113
28, 114
28, 120
29, 121
29, 125
30, 126
30, 131
31, 132
31, 135
32, 136
32, 140
33, 141
33, 144
34, 145
34, 147
35, 148
35, 151
36, 152
36, 155
37, 156
37, 158
38, 159
38, 161
39, 162
39, 164
40, 165
40, 167
41, 168
41, 170
42, 171
42, 173
43, 174
43, 176
44, 177
44, 178
45, 179
45, 181
46, 182
46, 183
47, 184
47, 185
48, 186
48, 188
49, 189
49, 190
50, 191
50, 192
51, 193
51, 194
52, 195
52, 196
53, 197
53, 198
54, 199
54, 200
55, 201
55, 202
56, 203
56, 204
58, 206
58, 207
59, 208
59, 209
60, 210
60, 211
62, 213
62, 214
64, 216
64, 217
66, 219
66, 220
68, 222
68, 223
72, 227
72, 228
75, 231
75, 232
79, 236
79, 237
85, 243
85, 244
114, 273
115, 273
123, 281
124, 281
128, 285
129, 285
133, 289
134, 289
138, 293
139, 293
141, 295
142, 295
145, 298
146, 298
148, 300
149, 300
152, 303
153, 303
155, 305
156, 305
158, 307
159, 307
161, 309
162, 309
163, 310
164, 310
166, 312
167, 312
169, 314
169, 318
170, 319
170, 324
171, 325
171, 327
172, 328
172, 330
173, 331
173, 332
174, 333
174, 334
175, 335
175, 336
176, 337
176, 338
178, 340
178, 341
180, 343
181, 343
183, 345
185, 345
186, 346
188, 346
189, 345
192, 345
193, 344
194, 344
195, 343
196, 343
199, 340
199, 339
200, 338
200, 336
201, 335
201, 333
202, 332
203, 332
204, 333
205, 333
206, 334
207, 334
208, 335
209, 335
210, 336
211, 336
212, 337
213, 337
214, 338
216, 338
217, 339
219, 339
220, 340
221, 340
222, 341
224, 341
225, 342
226, 342
227, 343
229, 343
230, 344
232, 344
233, 345
236, 345
237, 346
239, 346
240, 347
243, 347
244, 348
247, 348
248, 349
251, 349
252, 350
259, 350
260, 351
267, 351
268, 352
295, 352
296, 351
306, 351
307, 350
313, 350
314, 349
319, 349
320, 348
325, 348
326, 347
329, 347
330, 346
333, 346
334, 345
338, 345
339, 344
342, 344
343, 343
345, 343
346, 342
349, 342
350, 341
352, 341
353, 340
356, 340
357, 339
359, 339
360, 338
362, 338
363, 337
364, 337
365, 336
367, 336
368, 335
370, 335
371, 334
372, 334
373, 333
375, 333
376, 332
377, 332
378, 331
379, 331
380, 330
382, 330
383, 329
384, 329
385, 328
386, 328
387, 327
388, 327
389, 326
390, 326
391, 325
392, 325
393, 324
394, 324
395, 323
396, 323
398, 321
399, 321
400, 320
401, 320
403, 318
404, 318
406, 316
407, 316
410, 313
411, 313
419, 305
420, 305
422, 303
422, 302
426, 298
426, 297
429, 294
429, 293
431, 291
431, 290
432, 289
432, 288
433, 287
433, 286
434, 285
434, 284
435, 283
435, 282
436, 281
436, 279
437, 278
437, 276
438, 275
438, 273
439, 272
439, 268
440, 267
440, 261
441, 260
441, 242
440, 241
440, 234
439, 233
439, 229
438, 228
438, 225
437, 224
437, 222
436, 221
436, 219
435, 218
435, 216
434, 215
434, 214
433, 213
433, 212
432, 211
432, 210
431, 209
431, 208
430, 207
430, 206
428, 204
428, 203
427, 202
427, 201
425, 199
425, 198
422, 195
422, 194
421, 193
422, 192
425, 192
426, 193
428, 193
429, 194
432, 194
433, 195
435, 195
436, 196
438, 196
439, 197
441, 197
442, 198
445, 198
446, 199
449, 199
450, 200
453, 200
454, 201
457, 201
458, 202
459, 202
460, 203
462, 203
463, 204
466, 204
467, 205
469, 205
470, 206
474, 206
475, 207
479, 207
479, 204
477, 204
476, 203
472, 203
471, 202
469, 202
468, 201
465, 201
464, 200
462, 200
461, 199
459, 199
458, 198
456, 198
455, 197
452, 197
451, 196
448, 196
447, 195
444, 195
443, 194
441, 194
440, 193
438, 193
437, 192
435, 192
434, 191
431, 191
430, 190
428, 190
427, 189
424, 189
423, 188
421, 188
420, 187
417, 187
415, 185
414, 185
413, 184
413, 183
393, 163
392, 163
378, 149
378, 144
379, 143
379, 138
380, 137
380, 130
381, 129
381, 126
380, 125
379, 125
378, 126
377, 126
377, 131
376, 132
376, 138
375, 139
375, 144
374, 145
373, 145
368, 140
367, 140
362, 135
361, 135
354, 128
354, 127
353, 126
353, 122
352, 121
352, 117
351, 116
351, 113
350, 112
350, 109
349, 108
349, 105
348, 104
348, 103
347, 102
347, 100
345, 98
344, 98
343, 99
343, 111
344, 112
344, 116
345, 117
345, 119
344, 120
341, 117
340, 117
329, 106
328, 106
327, 105
324, 105
323, 106
323, 108
324, 109
324, 110
325, 111
325, 112
326, 113
326, 114
325, 115
323, 113
322, 113
320, 111
319, 111
317, 109
316, 109
315, 108
314, 108
312, 106
311, 106
309, 104
308, 104
306, 102
305, 102
303, 100
302, 100
301, 99
300, 99
298, 97
297, 97
296, 96
295, 96
293, 94
292, 94
291, 93
290, 93
288, 91
287, 91
285, 89
284, 89
283, 88
282, 88
279, 85
279, 73
278, 72
277, 72
275, 74
275, 82
274, 83
273, 82
272, 82
271, 81
270, 81
269, 80
268, 80
266, 78
265, 78
264, 77
263, 77
262, 76
261, 76
259, 74
258, 74
257, 73
256, 73
255, 72
254, 72
253, 71
252, 71
251, 70
250, 70
249, 69
248, 69
246, 67
245, 67
244, 66
243, 66
242, 65
241, 65
240, 64
239, 64
238, 63
237, 63
236, 62
235, 62
234, 61
233, 61
232, 60
231, 60
230, 59
229, 59
228, 58
227, 58
226, 57
225, 57
224, 56
223, 56
222, 55
220, 55
219, 54
218, 54
217, 53
216, 53
215, 52
214, 52
213, 51
211, 51
210, 50
209, 50
208, 49
206, 49
205, 48
204, 48
203, 47
202, 47
201, 46
199, 46
198, 45
197, 45
196, 44
194, 44
193, 43
191, 43
190, 42
189, 42
188, 41
186, 41
185, 40
183, 40
182, 39
180, 39
179, 38
177, 38
176, 37
174, 37
173, 36
172, 36
171, 35
169, 35
168, 34
166, 34
165, 33
163, 33
162, 32
159, 32
158, 31
156, 31
155, 30
153, 30
152, 29
150, 29
149, 28
146, 28
145, 27
143, 27
142, 26
139, 26
138, 25
136, 25
135, 24
132, 24
131, 23
128, 23
127, 22
123, 22
122, 21
119, 21
118, 20
114, 20
113, 19
109, 19
108, 18
103, 18
102, 17
94, 17
93, 16
173, 318
174, 317
175, 317
177, 319
178, 319
179, 320
180, 320
181, 321
182, 321
184, 323
185, 323
186, 324
187, 324
188, 325
189, 325
190, 326
191, 326
193, 328
194, 328
195, 329
196, 329
198, 331
198, 334
197, 335
197, 337
193, 341
192, 341
191, 342
184, 342
180, 338
180, 337
178, 335
178, 334
177, 333
177, 332
176, 331
176, 330
175, 329
175, 327
174, 326
174, 324
173, 323
216, 263
217, 262
218, 262
219, 263
219, 264
220, 265
220, 268
221, 269
221, 272
222, 273
222, 276
223, 277
223, 282
224, 283
224, 288
225, 289
225, 298
226, 299
226, 302
224, 304
223, 303
223, 301
222, 300
222, 297
221, 296
221, 292
220, 291
220, 287
219, 286
219, 281
218, 280
218, 275
217, 274
217, 267
216, 266
378, 236
379, 235
380, 236
380, 237
381, 238
381, 240
382, 241
382, 244
381, 245
380, 244
380, 243
379, 242
379, 239
378, 238
179, 232
180, 231
181, 231
191, 241
191, 244
190, 245
190, 263
189, 264
189, 275
190, 276
190, 298
191, 299
191, 311
192, 312
192, 315
193, 316
193, 318
197, 322
197, 324
196, 325
195, 325
194, 324
193, 324
191, 322
190, 322
189, 321
188, 321
187, 320
186, 320
185, 319
184, 319
182, 317
181, 317
180, 316
179, 316
178, 315
177, 315
175, 313
174, 313
173, 312
173, 311
172, 310
172, 309
173, 308
173, 298
174, 297
174, 290
175, 289
175, 282
176, 281
176, 274
177, 273
177, 264
178, 263
178, 251
179, 250
400, 226
401, 225
409, 233
409, 234
410, 235
410, 238
409, 239
408, 238
407, 238
406, 237
406, 236
403, 233
403, 232
401, 230
401, 229
400, 228
370, 226
371, 225
372, 226
372, 229
373, 230
373, 236
372, 237
371, 236
371, 232
370, 231
202, 222
207, 227
207, 228
208, 229
208, 230
209, 231
209, 232
210, 233
210, 234
211, 247
212, 248
212, 251
210, 252
208, 250
207, 250
203, 246
202, 246
195, 234
196, 233
196, 230
197, 229
197, 227
198, 226
198, 225
371, 208
373, 207
374, 213
372, 213
372, 210
378, 195
379, 194
381, 196
381, 197
382, 198
382, 199
383, 200
383, 201
384, 202
384, 203
385, 204
385, 205
386, 206
386, 207
387, 208
387, 209
388, 210
387, 211
386, 211
385, 210
384, 210
382, 208
381, 208
380, 207
379, 207
378, 206
339, 194
340, 193
344, 193
345, 194
346, 194
347, 195
348, 195
349, 196
351, 196
352, 197
353, 197
354, 198
355, 198
356, 199
357, 199
358, 200
359, 200
361, 202
361, 204
362, 205
362, 208
363, 209
362, 210
361, 210
359, 208
358, 208
356, 206
355, 206
352, 203
351, 203
349, 201
348, 201
345, 198
344, 198
342, 196
341, 196
403, 187
404, 186
405, 186
406, 187
408, 187
409, 188
411, 188
412, 189
413, 189
417, 193
417, 194
420, 197
420, 198
422, 200
422, 201
424, 203
424, 204
426, 206
426, 207
427, 208
427, 209
428, 210
428, 211
429, 212
429, 213
430, 214
430, 215
431, 216
431, 217
432, 218
432, 220
433, 221
433, 223
434, 224
434, 226
435, 227
435, 230
436, 231
436, 235
437, 236
437, 244
438, 245
438, 256
437, 257
437, 265
436, 266
436, 270
435, 271
435, 274
434, 275
434, 276
433, 277
433, 279
432, 280
432, 282
431, 283
431, 284
429, 286
429, 287
428, 288
428, 289
427, 290
427, 291
424, 294
424, 295
409, 310
408, 310
405, 313
404, 313
401, 316
400, 316
399, 317
398, 317
396, 319
395, 319
394, 320
393, 320
392, 321
391, 321
390, 322
389, 322
387, 324
385, 324
384, 325
383, 325
382, 326
381, 326
380, 327
379, 327
378, 328
377, 328
376, 329
374, 329
373, 330
372, 330
371, 331
369, 331
368, 332
366, 332
365, 333
364, 333
363, 334
361, 334
360, 335
358, 335
357, 336
355, 336
354, 337
351, 337
350, 338
348, 338
347, 339
344, 339
343, 340
341, 340
340, 341
337, 341
336, 342
332, 342
331, 343
328, 343
327, 344
324, 344
323, 345
318, 345
317, 346
311, 346
310, 347
303, 347
302, 348
292, 348
291, 349
273, 349
272, 348
263, 348
262, 347
255, 347
254, 346
250, 346
249, 345
246, 345
245, 344
242, 344
241, 343
238, 343
237, 342
235, 342
234, 341
232, 341
231, 340
229, 340
228, 339
227, 339
226, 338
224, 338
223, 337
221, 337
220, 336
219, 336
218, 335
216, 335
215, 334
214, 334
213, 333
212, 333
211, 332
210, 332
209, 331
207, 331
206, 330
205, 330
204, 329
203, 329
202, 328
202, 327
201, 326
201, 323
198, 320
198, 318
197, 317
197, 316
196, 315
196, 313
195, 312
195, 306
194, 305
194, 294
193, 293
193, 249
194, 248
194, 246
195, 245
196, 245
200, 249
201, 249
205, 253
206, 253
209, 256
210, 256
212, 258
212, 261
213, 262
213, 269
214, 270
214, 276
215, 277
215, 282
216, 283
216, 288
217, 289
217, 293
218, 294
218, 298
219, 299
219, 302
220, 303
220, 305
221, 306
221, 307
225, 311
227, 311
228, 310
228, 308
229, 307
229, 293
228, 292
228, 286
227, 285
227, 281
226, 280
226, 275
225, 274
225, 271
224, 270
224, 268
225, 267
226, 268
227, 268
229, 270
230, 270
231, 271
232, 271
234, 273
235, 273
236, 274
237, 274
239, 276
240, 276
241, 277
242, 277
243, 278
244, 278
246, 280
247, 280
248, 281
249, 281
250, 282
251, 282
252, 283
253, 283
254, 284
255, 284
256, 285
257, 285
258, 286
259, 286
260, 287
261, 287
262, 288
263, 288
264, 289
265, 289
266, 290
268, 290
269, 291
270, 291
271, 292
273, 292
274, 293
275, 293
276, 294
278, 294
279, 295
281, 295
282, 296
284, 296
285, 297
287, 297
288, 298
291, 298
292, 299
295, 299
296, 300
299, 300
300, 301
303, 301
304, 302
309, 302
310, 303
315, 303
316, 304
323, 304
324, 305
336, 305
337, 306
352, 306
353, 305
363, 305
364, 304
370, 304
371, 303
375, 303
376, 302
378, 302
379, 301
381, 301
382, 300
384, 300
385, 299
387, 299
388, 298
389, 298
390, 297
391, 297
392, 296
393, 296
394, 295
395, 295
396, 294
397, 294
399, 292
400, 292
403, 289
404, 289
410, 283
410, 282
414, 278
414, 277
416, 275
416, 274
417, 273
417, 272
418, 271
418, 270
419, 269
419, 267
420, 266
420, 264
421, 263
421, 261
422, 260
422, 254
423, 253
423, 240
422, 239
422, 232
421, 231
421, 227
420, 226
420, 223
419, 222
419, 219
418, 218
418, 216
417, 215
417, 214
416, 213
416, 211
415, 210
415, 208
414, 207
414, 206
413, 205
413, 204
412, 203
412, 202
411, 201
411, 200
410, 199
410, 198
408, 196
408, 195
407, 194
407, 193
405, 191
405, 190
403, 188
356, 182
357, 183
357, 186
358, 187
358, 190
359, 191
359, 195
358, 196
357, 195
356, 195
355, 194
353, 194
352, 193
351, 193
350, 192
349, 192
348, 191
347, 191
346, 190
348, 188
349, 188
353, 184
354, 184
300, 181
306, 181
307, 182
309, 182
310, 183
312, 183
313, 184
314, 184
316, 186
311, 191
310, 191
309, 192
303, 192
302, 191
301, 191
300, 190
300, 189
298, 187
298, 183
235, 176
236, 175
237, 176
237, 178
238, 179
238, 182
239, 183
239, 187
240, 188
240, 193
241, 194
241, 206
240, 207
239, 206
239, 204
238, 203
238, 199
237, 198
237, 194
236, 193
236, 185
235, 184
365, 173
369, 177
369, 178
371, 180
371, 181
373, 183
373, 184
374, 185
374, 186
375, 187
375, 202
374, 203
372, 203
369, 200
369, 197
368, 196
368, 193
367, 192
367, 189
366, 188
366, 185
365, 184
365, 181
364, 180
364, 176
363, 175
378, 165
379, 164
387, 172
387, 173
390, 176
390, 177
389, 178
388, 177
386, 177
385, 176
383, 176
382, 175
380, 175
378, 173
328, 161
329, 161
330, 162
332, 162
333, 163
335, 163
336, 164
338, 164
339, 165
341, 165
342, 166
344, 166
345, 167
347, 167
348, 168
350, 168
351, 169
353, 169
355, 171
355, 175
356, 176
347, 185
346, 185
343, 188
340, 188
339, 187
337, 187
336, 186
335, 186
334, 185
332, 185
331, 184
330, 184
329, 183
328, 183
326, 181
326, 178
325, 177
325, 169
326, 168
326, 163
374, 161
374, 164
375, 165
374, 172
370, 171
369, 171
368, 170
370, 165
370, 164
371, 163
371, 162
254, 161
255, 160
257, 162
257, 165
258, 166
258, 168
259, 169
259, 177
257, 179
256, 178
256, 175
255, 174
255, 166
254, 165
378, 156
379, 155
394, 170
395, 170
406, 181
406, 182
405, 183
404, 182
402, 182
401, 181
399, 181
395, 177
395, 176
390, 171
390, 170
381, 161
381, 160
378, 157
303, 155
304, 154
306, 154
307, 155
309, 155
310, 156
313, 156
314, 157
316, 157
317, 158
319, 158
321, 160
321, 175
319, 177
314, 172
314, 171
311, 168
311, 167
309, 165
309, 164
307, 162
307, 161
305, 159
305, 158
303, 156
297, 155
298, 154
299, 155
299, 156
301, 158
301, 159
302, 160
302, 161
304, 163
304, 164
306, 166
306, 167
309, 170
309, 171
312, 174
312, 175
316, 179
316, 180
315, 181
314, 181
313, 180
312, 180
311, 179
309, 179
308, 178
304, 178
303, 177
301, 177
300, 178
298, 178
295, 181
294, 180
294, 178
295, 177
295, 174
296, 173
296, 165
297, 164
280, 149
281, 148
285, 148
286, 149
289, 149
290, 150
292, 150
293, 151
293, 170
292, 171
292, 176
291, 177
291, 179
290, 180
290, 181
287, 184
286, 184
284, 182
284, 178
283, 177
283, 173
282, 172
282, 169
281, 168
281, 165
280, 164
357, 145
358, 144
360, 146
361, 146
370, 155
370, 158
369, 159
369, 160
367, 162
367, 163
366, 164
365, 164
363, 162
363, 161
361, 159
361, 158
360, 157
360, 156
359, 155
359, 152
358, 151
358, 147
357, 146
372, 151
159, 141
160, 140
162, 140
163, 141
163, 143
164, 144
164, 145
165, 146
165, 148
166, 149
166, 151
167, 152
167, 154
168, 155
168, 158
169, 159
169, 162
170, 163
170, 166
171, 167
171, 172
172, 173
172, 178
173, 179
173, 185
174, 186
174, 194
175, 195
175, 205
176, 206
176, 218
175, 219
170, 214
170, 213
166, 209
166, 208
163, 205
163, 204
161, 202
161, 201
160, 200
160, 199
158, 197
158, 196
157, 195
157, 194
156, 193
156, 192
155, 191
155, 190
154, 189
154, 188
153, 187
153, 186
152, 185
152, 184
151, 183
151, 181
150, 180
150, 178
149, 177
149, 175
148, 174
148, 169
147, 168
147, 160
148, 159
149, 159
150, 158
150, 157
149, 156
149, 151
151, 149
151, 148
158, 141
226, 137
227, 136
230, 136
231, 137
234, 137
235, 138
235, 140
234, 141
234, 143
233, 144
233, 148
232, 149
231, 149
230, 148
230, 146
229, 145
229, 144
228, 143
228, 141
227, 140
227, 139
226, 138
216, 135
220, 135
222, 137
222, 138
223, 139
223, 140
224, 141
224, 142
225, 143
225, 144
226, 145
226, 147
227, 148
227, 149
228, 150
228, 152
229, 153
229, 155
230, 156
230, 157
231, 158
231, 174
232, 175
232, 188
233, 189
233, 196
234, 197
234, 201
235, 202
235, 205
236, 206
236, 209
237, 210
237, 213
238, 214
238, 215
239, 216
239, 217
240, 218
243, 218
244, 217
244, 192
243, 191
243, 186
242, 185
242, 181
241, 180
241, 177
240, 176
240, 174
239, 173
239, 171
238, 170
238, 167
237, 166
237, 164
236, 163
236, 161
235, 160
235, 153
236, 152
236, 146
237, 145
237, 142
238, 141
238, 140
240, 138
242, 138
243, 139
246, 139
249, 142
249, 143
250, 144
250, 145
251, 146
251, 148
252, 149
252, 152
251, 153
251, 169
252, 170
252, 176
253, 177
253, 180
256, 183
259, 183
261, 181
261, 180
262, 179
262, 176
263, 175
263, 172
262, 171
262, 167
261, 166
261, 164
260, 163
260, 161
259, 160
259, 158
258, 157
258, 155
257, 154
257, 152
256, 151
256, 145
257, 144
257, 143
258, 142
261, 142
262, 143
265, 143
266, 144
268, 144
269, 145
269, 146
270, 147
270, 148
271, 149
271, 150
272, 151
272, 153
273, 154
273, 155
274, 156
274, 157
275, 158
275, 160
276, 161
276, 184
277, 185
277, 192
278, 193
278, 197
279, 198
279, 200
280, 201
282, 201
284, 199
284, 193
285, 192
285, 189
287, 187
289, 187
290, 186
291, 186
291, 185
293, 183
294, 184
294, 185
295, 186
295, 189
297, 191
297, 192
299, 194
300, 194
301, 195
303, 195
304, 196
308, 196
309, 195
311, 195
312, 194
313, 194
315, 192
316, 192
318, 190
318, 189
319, 188
320, 188
321, 189
322, 189
324, 191
325, 191
326, 192
327, 192
328, 193
330, 193
331, 194
332, 194
333, 195
334, 195
336, 197
337, 197
339, 199
340, 199
342, 201
343, 201
345, 203
346, 203
349, 206
350, 206
352, 208
353, 208
356, 211
357, 211
361, 215
362, 215
364, 217
364, 218
365, 219
365, 221
366, 222
366, 227
367, 228
367, 233
368, 234
368, 240
369, 241
369, 244
370, 245
370, 246
371, 247
373, 247
374, 246
374, 245
375, 244
376, 244
377, 245
377, 246
378, 247
378, 249
379, 250
379, 251
380, 252
380, 253
381, 253
382, 254
385, 254
385, 252
386, 251
386, 245
385, 244
385, 239
384, 238
384, 236
383, 235
383, 234
382, 233
382, 232
381, 231
381, 230
379, 228
379, 227
377, 225
377, 219
378, 218
378, 212
379, 211
380, 211
382, 213
383, 213
384, 214
385, 214
387, 216
388, 216
389, 217
390, 217
393, 220
393, 221
394, 222
394, 223
395, 224
395, 225
396, 226
396, 227
397, 228
397, 229
398, 230
398, 231
399, 232
399, 233
400, 234
400, 235
403, 238
403, 239
405, 241
406, 241
408, 243
411, 243
413, 241
413, 239
414, 238
414, 235
413, 234
413, 233
412, 232
412, 231
408, 227
408, 226
407, 225
406, 225
402, 221
401, 221
398, 218
397, 218
394, 215
394, 214
393, 213
393, 212
392, 211
392, 210
391, 209
391, 208
390, 207
390, 206
389, 205
389, 204
388, 203
388, 202
387, 201
387, 200
386, 199
386, 198
385, 197
385, 196
383, 194
383, 193
382, 192
382, 191
380, 189
380, 188
379, 187
379, 186
378, 185
378, 179
379, 178
380, 178
381, 179
383, 179
384, 180
386, 180
387, 181
389, 181
390, 182
393, 182
394, 183
395, 183
398, 186
398, 187
401, 190
401, 191
402, 192
402, 193
404, 195
404, 196
406, 198
406, 199
407, 200
407, 201
408, 202
408, 203
409, 204
409, 205
410, 206
410, 207
411, 208
411, 209
412, 210
412, 212
413, 213
413, 214
414, 215
414, 217
415, 218
415, 220
416, 221
416, 224
417, 225
417, 228
418, 229
418, 234
419, 235
419, 257
418, 258
418, 261
417, 262
417, 264
416, 265
416, 267
415, 268
415, 269
414, 270
414, 271
413, 272
413, 273
411, 275
411, 276
408, 279
408, 280
403, 285
402, 285
398, 289
397, 289
395, 291
394, 291
392, 293
390, 293
389, 294
388, 294
387, 295
386, 295
385, 296
384, 296
383, 297
381, 297
380, 298
378, 298
377, 299
373, 299
372, 300
369, 300
368, 301
361, 301
360, 302
328, 302
327, 301
318, 301
317, 300
312, 300
311, 299
306, 299
305, 298
302, 298
301, 297
298, 297
297, 296
293, 296
292, 295
290, 295
289, 294
287, 294
286, 293
284, 293
283, 292
281, 292
280, 291
278, 291
277, 290
276, 290
275, 289
273, 289
272, 288
271, 288
270, 287
268, 287
267, 286
266, 286
265, 285
264, 285
263, 284
262, 284
261, 283
260, 283
259, 282
258, 282
257, 281
256, 281
255, 280
254, 280
253, 279
252, 279
251, 278
250, 278
249, 277
248, 277
247, 276
246, 276
244, 274
243, 274
242, 273
241, 273
240, 272
239, 272
237, 270
236, 270
235, 269
234, 269
232, 267
231, 267
230, 266
229, 266
227, 264
226, 264
222, 260
222, 259
221, 258
221, 256
220, 255
220, 252
219, 251
219, 249
218, 248
218, 245
217, 244
217, 242
216, 241
216, 239
215, 238
215, 234
214, 233
214, 226
215, 225
215, 166
214, 165
214, 137
180, 135
181, 134
210, 134
211, 135
211, 174
212, 175
212, 208
211, 209
211, 224
210, 225
205, 220
204, 220
203, 219
199, 219
198, 220
197, 220
197, 221
195, 223
195, 224
194, 225
194, 227
193, 228
193, 231
192, 232
192, 234
191, 235
190, 235
179, 224
179, 205
178, 204
178, 194
177, 193
177, 185
176, 184
176, 178
175, 177
175, 172
174, 171
174, 166
173, 165
173, 162
172, 161
172, 158
171, 157
171, 154
170, 153
170, 151
169, 150
169, 148
168, 147
168, 145
167, 144
167, 143
166, 142
166, 140
165, 139
167, 137
170, 137
171, 136
173, 136
174, 135
260, 133
263, 134
263, 135
265, 139
263, 139
260, 139
259, 135
260, 134
148, 121
150, 121
153, 124
153, 125
156, 128
156, 129
157, 130
157, 131
159, 133
159, 134
160, 135
160, 136
158, 138
157, 138
156, 139
155, 139
148, 146
147, 145
147, 142
146, 141
146, 123
338, 120
339, 120
347, 128
346, 129
345, 129
344, 128
343, 128
340, 125
339, 125
335, 121
335, 120
333, 118
279, 92
280, 91
281, 91
282, 92
283, 92
285, 94
286, 94
287, 95
288, 95
290, 97
291, 97
292, 98
293, 98
295, 100
296, 100
297, 101
298, 101
300, 103
301, 103
303, 105
304, 105
305, 106
306, 106
308, 108
309, 108
311, 110
312, 110
314, 112
315, 112
317, 114
318, 114
320, 116
321, 116
323, 118
324, 118
326, 120
327, 120
330, 123
331, 123
337, 129
337, 130
339, 132
339, 133
341, 135
341, 136
344, 139
344, 140
346, 142
346, 143
348, 145
348, 146
350, 148
350, 149
351, 150
351, 152
352, 153
352, 158
353, 159
353, 164
352, 165
350, 165
349, 164
347, 164
346, 163
344, 163
343, 162
341, 162
340, 161
338, 161
337, 160
335, 160
334, 159
332, 159
331, 158
329, 158
327, 156
327, 140
326, 139
326, 136
325, 135
325, 133
323, 131
322, 131
321, 132
321, 154
320, 155
319, 155
318, 154
316, 154
315, 153
312, 153
311, 152
309, 152
308, 151
306, 151
305, 150
302, 150
301, 149
300, 149
299, 148
299, 147
298, 146
298, 145
297, 144
297, 143
296, 142
296, 135
295, 134
295, 129
294, 128
294, 124
293, 123
293, 120
292, 119
292, 117
290, 115
288, 115
287, 116
287, 125
288, 126
288, 129
289, 130
289, 133
290, 134
290, 136
291, 137
291, 139
292, 140
292, 142
293, 143
293, 146
292, 147
291, 147
290, 146
288, 146
287, 145
284, 145
283, 144
282, 144
281, 143
281, 125
280, 124
280, 103
279, 102
70, 20
71, 19
90, 19
91, 20
100, 20
101, 21
105, 21
106, 22
111, 22
112, 23
116, 23
117, 24
120, 24
121, 25
125, 25
126, 26
129, 26
130, 27
133, 27
134, 28
136, 28
137, 29
140, 29
141, 30
143, 30
144, 31
147, 31
148, 32
150, 32
151, 33
153, 33
154, 34
157, 34
158, 35
160, 35
161, 36
163, 36
164, 37
166, 37
167, 38
169, 38
170, 39
172, 39
173, 40
175, 40
176, 41
178, 41
179, 42
180, 42
181, 43
183, 43
184, 44
186, 44
187, 45
188, 45
189, 46
191, 46
192, 47
194, 47
195, 48
196, 48
197, 49
199, 49
200, 50
201, 50
202, 51
204, 51
205, 52
206, 52
207, 53
209, 53
210, 54
211, 54
212, 55
213, 55
214, 56
216, 56
217, 57
218, 57
219, 58
220, 58
221, 59
222, 59
223, 60
224, 60
225, 61
226, 61
227, 62
228, 62
229, 63
230, 63
231, 64
232, 64
233, 65
234, 65
235, 66
236, 66
237, 67
238, 67
239, 68
240, 68
241, 69
242, 69
243, 70
244, 70
245, 71
246, 71
247, 72
248, 72
250, 74
251, 74
252, 75
253, 75
254, 76
255, 76
256, 77
257, 77
258, 78
259, 78
261, 80
262, 80
263, 81
264, 81
265, 82
266, 82
268, 84
269, 84
270, 85
271, 85
272, 86
273, 86
275, 88
275, 92
276, 93
276, 100
275, 101
275, 141
274, 142
272, 142
270, 140
270, 139
268, 137
268, 136
267, 135
267, 134
266, 133
266, 132
265, 131
265, 130
264, 129
264, 128
263, 127
263, 125
262, 124
262, 123
263, 122
263, 118
264, 117
264, 98
262, 96
261, 96
258, 99
258, 100
257, 101
257, 104
256, 105
256, 117
257, 118
257, 121
258, 122
258, 129
257, 130
257, 132
256, 133
256, 135
254, 137
251, 137
245, 131
240, 131
237, 134
233, 134
232, 133
227, 133
226, 132
224, 132
221, 129
221, 128
218, 125
217, 125
216, 124
215, 124
213, 126
213, 127
212, 128
212, 130
211, 131
205, 131
204, 130
187, 130
186, 131
178, 131
177, 132
172, 132
171, 133
169, 133
168, 134
165, 134
164, 135
162, 133
162, 132
161, 131
161, 130
159, 128
159, 127
157, 125
157, 124
150, 117
146, 117
145, 118
145, 119
144, 120
144, 121
143, 122
143, 142
144, 143
144, 149
145, 150
145, 154
144, 155
144, 171
145, 172
145, 176
146, 177
146, 179
147, 180
147, 182
148, 183
148, 185
149, 186
149, 187
150, 188
150, 189
151, 190
151, 191
152, 192
152, 193
153, 194
153, 195
154, 196
154, 197
155, 198
155, 199
157, 201
157, 202
159, 204
159, 205
161, 207
161, 208
163, 210
163, 211
167, 215
167, 216
171, 220
171, 221
176, 226
176, 248
175, 249
175, 262
174, 263
174, 272
173, 273
173, 280
172, 281
172, 288
171, 289
171, 296
170, 297
170, 306
169, 307
169, 308
168, 309
167, 308
166, 308
164, 306
163, 306
161, 304
160, 304
158, 302
157, 302
155, 300
154, 300
152, 298
151, 298
148, 295
147, 295
145, 293
144, 293
141, 290
140, 290
136, 286
135, 286
131, 282
130, 282
126, 278
125, 278
117, 270
116, 270
88, 242
88, 241
81, 234
81, 233
78, 230
78, 229
74, 225
74, 224
71, 221
71, 220
69, 218
69, 217
67, 215
67, 214
65, 212
65, 211
63, 209
63, 208
62, 207
62, 206
60, 204
60, 203
59, 202
59, 201
58, 200
58, 199
56, 197
56, 196
55, 195
55, 194
54, 193
54, 191
53, 190
53, 189
52, 188
52, 187
51, 186
51, 185
50, 184
50, 183
49, 182
49, 180
48, 179
48, 177
47, 176
47, 175
46, 174
46, 172
45, 171
45, 170
44, 169
44, 167
43, 166
43, 163
42, 162
42, 160
41, 159
41, 157
40, 156
40, 154
39, 153
39, 150
38, 149
38, 146
37, 145
37, 143
36, 142
36, 139
35, 138
35, 134
34, 133
34, 130
33, 129
33, 124
32, 123
32, 118
31, 117
31, 110
30, 109
30, 99
29, 98
29, 67
30, 66
30, 60
31, 59
31, 55
32, 54
32, 52
33, 51
33, 48
34, 47
34, 46
35, 45
35, 44
36, 43
36, 42
37, 41
37, 40
38, 39
38, 38
41, 35
41, 34
47, 28
48, 28
50, 26
51, 26
53, 24
55, 24
56, 23
57, 23
58, 22
60, 22
61, 21
64, 21
65, 20
