3, 371
5, 373
5, 375
7, 375
7, 373
9, 371
88, 371
90, 373
90, 375
92, 375
92, 373
94, 371
173, 371
175, 373
175, 375
177, 375
177, 373
179, 371
258, 371
260, 373
260, 375
262, 375
262, 373
264, 371
343, 371
345, 373
345, 375
347, 375
347, 373
349, 371
428, 371
430, 373
430, 375
432, 373
434, 371
4, 2
432, 4
430, 369
2, 367
111, 15
110, 16
104, 16
103, 17
98, 17
97, 18
94, 18
93, 19
91, 19
90, 20
88, 20
87, 21
85, 21
84, 22
83, 22
82, 23
80, 23
79, 24
78, 24
76, 26
75, 26
74, 27
73, 27
72, 28
71, 28
69, 30
68, 30
65, 33
64, 33
50, 47
50, 48
47, 51
47, 52
45, 54
45, 55
43, 57
43, 58
40, 61
40, 62
39, 63
39, 64
38, 65
38, 66
37, 67
37, 68
36, 69
36, 70
35, 71
35, 72
34, 73
34, 74
33, 75
33, 76
32, 77
32, 78
31, 79
31, 81
30, 82
30, 83
29, 84
29, 86
28, 87
28, 89
27, 90
27, 92
26, 93
26, 95
25, 96
25, 98
24, 99
24, 102
23, 103
23, 107
22, 108
22, 112
21, 113
21, 116
20, 117
20, 127
19, 128
19, 146
20, 147
20, 156
21, 157
21, 161
22, 162
22, 165
23, 166
23, 169
24, 170
24, 173
25, 174
25, 176
26, 177
26, 179
27, 180
27, 181
28, 182
28, 184
29, 185
29, 186
30, 187
30, 189
31, 190
31, 191
32, 192
32, 193
33, 194
33, 195
34, 196
34, 197
35, 198
35, 199
37, 201
37, 202
38, 203
38, 204
39, 205
39, 206
40, 207
40, 208
42, 210
42, 211
44, 213
44, 214
45, 215
45, 216
47, 218
47, 219
49, 221
49, 222
51, 224
51, 225
53, 227
53, 228
56, 231
56, 232
58, 234
58, 235
61, 238
61, 239
65, 243
65, 244
69, 248
69, 249
73, 253
73, 254
79, 260
79, 261
82, 264
82, 265
85, 268
85, 269
96, 280
97, 280
100, 283
101, 283
104, 286
105, 286
107, 288
108, 288
112, 292
113, 292
117, 296
118, 296
121, 299
122, 299
125, 302
126, 302
129, 305
130, 305
133, 308
134, 308
136, 310
137, 310
139, 312
140, 312
142, 314
143, 314
145, 316
146, 316
148, 318
149, 318
150, 319
151, 319
153, 321
154, 321
155, 322
156, 322
157, 323
158, 323
160, 325
161, 325
162, 326
163, 326
164, 327
165, 327
166, 328
167, 328
169, 330
170, 330
171, 331
172, 331
173, 332
175, 332
176, 333
177, 333
178, 334
179, 334
180, 335
181, 335
182, 336
183, 336
184, 337
185, 337
186, 338
187, 338
188, 339
190, 339
191, 340
192, 340
193, 341
195, 341
196, 342
198, 342
199, 343
201, 343
202, 344
204, 344
205, 345
207, 345
208, 346
209, 346
210, 347
213, 347
214, 348
217, 348
218, 349
221, 349
222, 350
225, 350
226, 351
230, 351
231, 352
236, 352
237, 353
244, 353
245, 354
253, 354
254, 355
276, 355
277, 354
285, 354
286, 353
293, 353
294, 352
299, 352
300, 351
303, 351
304, 350
307, 350
308, 349
311, 349
312, 348
316, 348
317, 347
319, 347
320, 346
322, 346
323, 345
325, 345
326, 344
328, 344
329, 343
331, 343
332, 342
335, 342
336, 341
337, 341
338, 340
340, 340
341, 339
342, 339
343, 338
345, 338
346, 337
347, 337
348, 336
349, 336
350, 335
352, 335
353, 334
354, 334
355, 333
356, 333
357, 332
358, 332
359, 331
360, 331
361, 330
362, 330
363, 329
364, 329
365, 328
366, 328
367, 327
368, 327
369, 326
370, 326
371, 325
372, 325
373, 324
374, 324
376, 322
377, 322
378, 321
379, 321
381, 319
382, 319
383, 318
384, 318
386, 316
387, 316
388, 315
389, 315
391, 313
392, 313
393, 312
394, 312
397, 309
398, 309
400, 307
401, 307
404, 304
405, 304
414, 295
414, 294
413, 293
411, 293
404, 300
403, 300
400, 303
399, 303
396, 306
395, 306
393, 308
392, 308
390, 310
389, 310
387, 312
386, 312
385, 313
384, 313
382, 315
381, 315
380, 316
379, 316
377, 318
376, 318
375, 319
374, 319
372, 321
371, 321
370, 322
369, 322
368, 323
367, 323
366, 324
365, 324
364, 325
363, 325
362, 326
361, 326
360, 327
359, 327
358, 328
357, 328
356, 329
355, 329
354, 330
353, 330
352, 331
351, 331
350, 332
348, 332
347, 333
346, 333
345, 334
343, 334
342, 335
341, 335
340, 336
339, 336
338, 337
336, 337
335, 338
333, 338
332, 339
330, 339
329, 340
327, 340
326, 341
324, 341
323, 342
321, 342
320, 343
318, 343
317, 344
314, 344
313, 345
310, 345
309, 346
306, 346
305, 347
301, 347
300, 348
297, 348
296, 349
290, 349
289, 350
281, 350
280, 351
249, 351
248, 350
241, 350
240, 349
233, 349
232, 348
229, 348
228, 347
225, 347
224, 346
221, 346
220, 345
217, 345
216, 344
213, 344
212, 343
210, 343
209, 342
207, 342
206, 341
204, 341
203, 340
201, 340
200, 339
198, 339
197, 338
196, 338
195, 337
193, 337
192, 336
190, 336
189, 335
188, 335
187, 334
186, 334
185, 333
184, 333
183, 332
182, 332
181, 331
180, 331
179, 330
178, 330
177, 329
175, 329
174, 328
173, 328
172, 327
171, 327
169, 325
168, 325
167, 324
166, 324
165, 323
164, 323
163, 322
162, 322
160, 320
159, 320
158, 319
157, 319
156, 318
155, 318
153, 316
152, 316
151, 315
150, 315
148, 313
147, 313
145, 311
144, 311
142, 309
141, 309
139, 307
138, 307
136, 305
135, 305
132, 302
131, 302
129, 300
130, 299
132, 299
133, 300
135, 300
136, 301
137, 301
138, 302
140, 302
141, 303
144, 303
145, 304
147, 304
148, 305
150, 305
151, 306
154, 306
155, 307
158, 307
159, 308
162, 308
163, 309
166, 309
167, 310
170, 310
171, 311
174, 311
175, 312
179, 312
180, 313
184, 313
185, 314
189, 314
190, 315
195, 315
196, 316
201, 316
202, 317
208, 317
209, 318
216, 318
217, 319
224, 319
225, 320
236, 320
237, 321
271, 321
272, 320
281, 320
282, 319
287, 319
288, 318
292, 318
293, 317
296, 317
297, 316
300, 316
301, 315
303, 315
304, 314
305, 314
306, 313
308, 313
309, 312
310, 312
311, 311
313, 311
314, 310
315, 310
316, 309
317, 309
319, 307
320, 307
322, 305
323, 305
325, 303
326, 303
337, 292
337, 291
340, 288
340, 287
342, 285
342, 284
343, 283
343, 282
345, 280
345, 279
346, 278
346, 277
347, 276
347, 274
348, 273
348, 272
349, 271
349, 269
350, 268
350, 266
351, 265
351, 262
352, 261
352, 256
353, 255
353, 246
354, 245
354, 239
353, 238
353, 227
352, 226
352, 221
351, 220
351, 216
350, 215
350, 212
349, 211
349, 208
348, 207
348, 205
347, 204
347, 202
346, 201
347, 200
349, 200
352, 203
353, 203
361, 211
362, 211
370, 219
371, 219
373, 221
374, 221
375, 222
380, 222
382, 220
382, 219
383, 218
383, 215
382, 214
382, 213
380, 211
379, 211
377, 209
376, 209
374, 207
373, 207
372, 206
371, 206
369, 204
368, 204
367, 203
366, 203
365, 202
363, 202
362, 201
361, 201
360, 200
359, 200
358, 199
356, 199
355, 198
353, 198
352, 197
351, 197
347, 193
346, 193
340, 187
340, 186
339, 185
339, 184
338, 183
338, 182
337, 181
337, 180
336, 179
336, 178
335, 177
335, 176
334, 175
334, 173
335, 172
335, 162
336, 161
336, 152
337, 151
337, 146
338, 145
338, 141
339, 140
339, 138
338, 137
336, 137
335, 138
335, 140
334, 141
334, 143
333, 144
333, 146
332, 147
332, 150
331, 151
331, 153
330, 154
330, 155
329, 156
329, 158
328, 159
328, 160
327, 161
326, 161
325, 160
325, 159
323, 157
323, 156
321, 154
321, 153
319, 151
319, 150
318, 149
318, 147
317, 146
317, 139
316, 138
316, 132
315, 131
315, 128
314, 127
314, 124
313, 123
313, 120
312, 119
312, 117
311, 116
311, 115
309, 115
308, 116
308, 121
309, 122
309, 126
310, 127
310, 131
311, 132
311, 135
312, 136
312, 139
311, 140
306, 135
306, 134
295, 123
295, 122
284, 111
283, 111
275, 103
274, 103
266, 95
265, 95
257, 87
256, 87
251, 82
250, 82
246, 78
245, 78
241, 74
240, 74
237, 71
236, 71
232, 67
231, 67
228, 64
227, 64
224, 61
223, 61
221, 59
220, 59
217, 56
216, 56
214, 54
213, 54
211, 52
210, 52
207, 49
206, 49
204, 47
203, 47
201, 45
200, 45
198, 43
197, 43
196, 42
195, 42
193, 40
192, 40
191, 39
190, 39
188, 37
187, 37
186, 36
185, 36
184, 35
183, 35
182, 34
181, 34
179, 32
178, 32
177, 31
175, 31
174, 30
173, 30
172, 29
171, 29
170, 28
169, 28
168, 27
167, 27
166, 26
165, 26
164, 25
162, 25
161, 24
160, 24
159, 23
157, 23
156, 22
154, 22
153, 21
151, 21
150, 20
148, 20
147, 19
145, 19
144, 18
141, 18
140, 17
135, 17
134, 16
128, 16
127, 15
168, 230
169, 229
170, 230
170, 231
171, 232
171, 233
172, 234
172, 237
173, 238
173, 241
174, 242
174, 249
175, 250
175, 262
174, 263
174, 266
173, 267
172, 266
172, 261
171, 260
171, 252
170, 251
170, 243
169, 242
169, 233
168, 232
363, 207
364, 206
365, 206
367, 208
368, 208
369, 209
370, 209
371, 210
372, 210
374, 212
375, 212
379, 216
379, 218
378, 219
377, 219
376, 218
375, 218
371, 214
370, 214
323, 196
324, 195
327, 195
328, 196
328, 205
327, 206
327, 213
326, 214
325, 213
325, 212
324, 211
324, 203
323, 202
334, 188
335, 189
339, 192
338, 194
337, 194
336, 193
333, 192
317, 184
318, 188
314, 189
321, 180
323, 179
326, 182
327, 182
330, 186
329, 187
329, 190
324, 191
322, 185
321, 184
330, 174
330, 176
328, 179
325, 174
325, 173
260, 168
261, 167
262, 168
262, 169
263, 170
263, 171
264, 172
264, 173
265, 174
265, 176
266, 177
266, 178
267, 179
267, 180
268, 181
268, 182
269, 183
269, 186
268, 187
267, 187
265, 189
264, 189
263, 190
262, 190
261, 191
259, 191
258, 190
258, 188
259, 187
259, 184
260, 183
330, 164
332, 164
331, 167
330, 165
209, 163
210, 164
210, 166
211, 167
211, 171
212, 172
212, 175
211, 176
211, 178
210, 179
209, 179
208, 178
208, 176
207, 175
207, 165
319, 160
320, 159
322, 161
322, 162
324, 164
324, 165
325, 166
324, 167
324, 168
323, 169
323, 170
321, 172
320, 171
320, 166
319, 165
183, 157
184, 156
185, 157
185, 159
186, 160
186, 162
187, 163
187, 166
188, 167
188, 170
189, 171
189, 176
190, 177
190, 191
189, 192
189, 194
188, 195
186, 193
186, 189
185, 188
185, 182
184, 181
184, 174
183, 173
286, 155
287, 154
288, 154
289, 155
290, 155
293, 158
294, 158
296, 160
297, 160
299, 162
300, 162
303, 165
304, 165
306, 167
307, 167
310, 170
311, 170
314, 173
315, 173
317, 175
317, 177
316, 178
316, 179
314, 181
313, 181
311, 183
310, 183
309, 184
308, 184
307, 185
305, 185
304, 186
302, 186
301, 185
295, 185
294, 186
294, 188
295, 189
298, 189
299, 190
307, 190
308, 191
310, 191
311, 192
314, 192
315, 193
317, 193
319, 195
319, 201
320, 202
320, 211
321, 212
321, 219
322, 220
322, 222
321, 223
320, 223
316, 219
315, 219
313, 217
312, 217
310, 215
309, 215
307, 213
306, 213
304, 211
303, 211
301, 209
300, 209
298, 207
297, 207
296, 206
295, 206
293, 204
292, 204
290, 202
289, 202
287, 200
286, 200
284, 198
283, 198
282, 197
281, 197
280, 196
279, 196
278, 195
276, 195
275, 194
274, 194
273, 193
270, 193
269, 192
269, 191
271, 189
272, 189
275, 192
278, 192
279, 191
279, 190
280, 189
280, 178
281, 177
281, 176
282, 175
282, 174
283, 173
283, 171
284, 170
284, 168
285, 167
285, 164
286, 163
253, 136
254, 135
256, 135
258, 137
259, 137
260, 138
261, 138
262, 139
263, 139
264, 140
265, 140
266, 141
267, 141
269, 143
270, 143
271, 144
272, 144
273, 145
274, 145
276, 147
277, 147
279, 149
279, 154
278, 155
278, 163
277, 164
277, 177
275, 179
275, 180
273, 182
271, 180
271, 179
270, 178
270, 177
269, 176
269, 175
268, 174
268, 172
267, 171
267, 170
266, 169
266, 168
265, 167
265, 166
264, 165
264, 163
263, 162
263, 161
262, 160
262, 158
261, 157
261, 155
260, 154
260, 153
259, 152
259, 150
258, 149
258, 147
257, 146
257, 145
256, 144
256, 142
255, 141
255, 140
254, 139
254, 137
242, 128
243, 129
244, 129
245, 130
246, 130
247, 131
248, 131
249, 132
250, 132
252, 134
251, 135
250, 135
250, 140
251, 141
251, 143
252, 144
252, 146
253, 147
253, 150
254, 151
254, 154
255, 155
255, 159
256, 160
256, 166
257, 167
257, 179
256, 180
256, 185
255, 186
255, 187
254, 188
254, 189
250, 193
246, 193
244, 191
243, 191
242, 190
242, 189
239, 186
239, 185
238, 184
238, 183
237, 182
237, 180
236, 179
236, 170
237, 169
237, 164
238, 163
238, 158
239, 157
239, 150
240, 149
240, 130
225, 119
226, 120
227, 120
228, 121
229, 121
230, 122
231, 122
233, 143
232, 144
232, 157
233, 158
233, 166
231, 167
230, 166
230, 164
229, 163
229, 162
228, 161
228, 160
227, 159
227, 158
226, 157
226, 156
225, 155
225, 153
224, 152
224, 151
223, 150
223, 149
222, 148
222, 147
221, 146
221, 145
220, 144
220, 142
219, 136
220, 135
220, 131
221, 130
221, 121
211, 114
212, 113
213, 114
214, 114
215, 115
216, 115
218, 117
218, 126
217, 127
217, 130
216, 131
215, 130
215, 129
214, 128
214, 126
213, 125
213, 123
212, 122
212, 119
211, 118
214, 97
216, 99
216, 100
217, 101
217, 102
218, 110
215, 111
214, 110
213, 110
210, 101
211, 100
211, 99
138, 93
139, 92
154, 92
155, 93
159, 93
160, 94
163, 94
164, 95
167, 95
168, 96
170, 96
171, 97
173, 97
174, 98
176, 98
177, 99
179, 99
180, 100
182, 100
183, 101
185, 101
186, 102
187, 102
188, 103
190, 103
191, 104
192, 104
193, 105
194, 105
195, 106
197, 106
198, 107
199, 107
200, 108
201, 108
202, 109
204, 109
207, 112
207, 115
208, 116
208, 120
209, 121
209, 124
210, 125
210, 127
211, 128
211, 130
212, 131
212, 133
213, 134
213, 135
214, 136
214, 142
213, 143
213, 144
212, 145
212, 146
211, 147
211, 148
210, 149
210, 150
209, 151
208, 151
206, 149
206, 148
198, 140
197, 140
196, 139
188, 139
186, 141
185, 141
184, 142
181, 139
181, 138
180, 137
179, 137
178, 136
177, 136
176, 137
175, 137
174, 138
174, 139
173, 140
173, 141
172, 142
172, 143
171, 144
171, 146
170, 147
170, 149
169, 150
169, 152
168, 153
168, 155
167, 156
167, 158
166, 159
166, 162
165, 163
165, 165
164, 166
164, 169
163, 170
163, 174
162, 175
162, 206
163, 207
163, 208
162, 209
160, 209
159, 208
158, 209
156, 209
155, 210
155, 211
154, 212
154, 213
153, 214
153, 215
152, 216
152, 219
151, 220
151, 224
150, 225
150, 232
149, 233
149, 263
148, 264
148, 273
147, 274
147, 277
145, 279
145, 284
146, 285
148, 285
149, 284
149, 281
150, 280
150, 277
151, 276
151, 271
152, 270
152, 239
153, 238
153, 229
154, 228
154, 222
155, 221
155, 218
156, 217
156, 216
157, 215
157, 214
159, 212
160, 212
163, 215
163, 217
164, 218
164, 227
165, 228
165, 237
166, 238
166, 247
167, 248
167, 256
168, 257
168, 264
169, 265
169, 271
170, 272
170, 277
171, 278
171, 280
174, 280
175, 279
175, 277
176, 276
176, 273
177, 272
177, 267
178, 266
178, 246
177, 245
177, 239
176, 238
176, 235
175, 234
175, 232
174, 231
174, 230
173, 229
173, 227
172, 226
172, 224
171, 223
171, 222
170, 221
170, 220
169, 219
169, 218
168, 217
168, 216
167, 215
167, 213
166, 212
166, 200
165, 199
165, 180
166, 179
166, 173
167, 172
167, 168
168, 167
168, 165
169, 164
169, 162
170, 161
170, 158
171, 157
171, 155
172, 154
172, 152
173, 151
173, 149
174, 148
174, 147
175, 146
175, 144
176, 143
176, 142
177, 141
178, 141
179, 142
179, 143
180, 144
180, 145
181, 146
181, 150
180, 151
180, 156
179, 157
179, 166
180, 167
180, 178
181, 179
181, 185
182, 186
182, 191
183, 192
183, 196
184, 197
184, 199
185, 200
185, 201
186, 202
187, 202
188, 203
189, 203
190, 202
190, 201
191, 200
191, 198
192, 197
192, 195
193, 194
193, 190
194, 189
194, 180
193, 179
193, 174
192, 173
192, 169
191, 168
191, 165
190, 164
190, 161
189, 160
189, 158
188, 157
188, 154
187, 153
187, 151
186, 150
186, 146
190, 142
194, 142
195, 143
196, 143
202, 149
202, 150
205, 153
205, 154
206, 155
206, 159
205, 160
205, 162
204, 163
204, 169
203, 170
203, 172
204, 173
204, 177
205, 178
205, 180
208, 183
212, 183
214, 181
214, 179
215, 178
215, 169
214, 168
214, 165
213, 164
213, 162
212, 161
212, 159
211, 158
211, 155
212, 154
212, 153
213, 152
213, 151
214, 150
214, 149
215, 148
215, 147
216, 146
217, 146
218, 147
218, 148
219, 149
219, 150
220, 151
220, 152
221, 153
221, 154
222, 155
222, 157
223, 158
223, 159
224, 160
224, 161
225, 162
225, 163
226, 164
226, 165
227, 166
227, 168
228, 169
228, 170
229, 171
229, 173
230, 174
230, 175
231, 176
231, 178
232, 179
232, 181
233, 182
233, 195
234, 196
234, 198
236, 200
239, 200
240, 199
240, 198
241, 197
241, 196
242, 195
243, 195
244, 196
245, 196
246, 197
251, 197
252, 196
253, 196
256, 193
257, 193
258, 194
261, 194
262, 195
266, 195
267, 196
270, 196
271, 197
273, 197
274, 198
276, 198
277, 199
278, 199
279, 200
280, 200
281, 201
282, 201
284, 203
285, 203
287, 205
288, 205
290, 207
291, 207
293, 209
294, 209
296, 211
297, 211
299, 213
300, 213
301, 214
302, 214
304, 216
305, 216
307, 218
308, 218
310, 220
311, 220
313, 222
314, 222
323, 231
323, 234
324, 235
324, 236
325, 237
327, 237
327, 236
328, 235
328, 226
329, 225
329, 219
330, 218
330, 211
331, 210
331, 201
332, 200
332, 198
334, 196
335, 197
338, 197
339, 198
341, 198
342, 199
342, 201
343, 202
343, 203
344, 204
344, 206
345, 207
345, 210
346, 211
346, 213
347, 214
347, 218
348, 219
348, 223
349, 224
349, 230
350, 231
350, 252
349, 253
349, 258
348, 259
348, 262
347, 263
347, 266
346, 267
346, 269
345, 270
345, 271
344, 272
344, 274
343, 275
343, 276
342, 277
342, 278
340, 280
340, 281
339, 282
339, 283
337, 285
337, 286
333, 290
333, 291
325, 299
324, 299
321, 302
320, 302
318, 304
317, 304
315, 306
314, 306
313, 307
312, 307
311, 308
309, 308
308, 309
307, 309
306, 310
304, 310
303, 311
301, 311
300, 312
298, 312
297, 313
294, 313
293, 314
291, 314
290, 315
285, 315
284, 316
278, 316
277, 317
265, 317
264, 318
247, 318
246, 317
230, 317
229, 316
221, 316
220, 315
212, 315
211, 314
206, 314
205, 313
199, 313
198, 312
193, 312
192, 311
188, 311
187, 310
183, 310
182, 309
178, 309
177, 308
174, 308
173, 307
169, 307
168, 306
165, 306
164, 305
161, 305
160, 304
157, 304
156, 303
154, 303
153, 302
150, 302
149, 301
147, 301
146, 300
144, 300
143, 299
141, 299
140, 298
138, 298
137, 297
135, 297
134, 296
132, 296
131, 295
129, 295
128, 294
127, 294
126, 293
125, 293
124, 292
122, 292
121, 291
120, 291
119, 290
118, 290
117, 289
116, 289
114, 287
113, 287
111, 285
110, 285
107, 282
106, 282
82, 258
82, 257
80, 255
80, 254
79, 253
79, 252
78, 251
78, 250
77, 249
77, 248
76, 247
76, 246
75, 245
75, 243
74, 242
74, 240
73, 239
73, 237
72, 236
72, 233
71, 232
71, 229
70, 228
70, 224
69, 223
69, 217
68, 216
68, 205
67, 204
67, 188
68, 187
68, 177
69, 176
69, 170
70, 169
70, 165
71, 164
71, 161
72, 160
72, 158
73, 157
73, 155
74, 154
74, 152
75, 151
75, 149
76, 148
76, 147
77, 146
77, 145
78, 144
78, 143
79, 142
79, 141
80, 140
80, 139
81, 138
81, 137
82, 136
82, 135
84, 133
84, 132
87, 129
87, 128
92, 123
92, 122
100, 114
101, 114
107, 108
108, 108
111, 105
112, 105
114, 103
115, 103
117, 101
118, 101
120, 99
121, 99
122, 98
123, 98
124, 97
125, 97
126, 96
127, 96
128, 95
130, 95
131, 94
133, 94
134, 93
113, 130
112, 131
111, 131
109, 133
109, 134
108, 135
108, 136
107, 137
107, 139
106, 140
106, 154
107, 155
107, 157
108, 158
108, 161
109, 162
109, 165
111, 167
113, 165
113, 163
112, 162
112, 159
111, 158
111, 156
110, 155
110, 151
109, 150
109, 146
110, 145
110, 139
111, 138
111, 137
115, 133
118, 133
119, 134
120, 134
121, 135
122, 135
127, 140
127, 141
129, 143
129, 144
130, 145
130, 146
131, 147
131, 148
132, 149
132, 150
133, 151
133, 152
134, 153
134, 155
135, 156
135, 157
136, 158
136, 160
137, 161
137, 164
138, 165
138, 168
139, 169
139, 172
140, 173
140, 179
141, 180
141, 204
140, 205
140, 209
139, 210
139, 212
138, 213
138, 215
137, 216
137, 218
136, 219
136, 220
135, 221
135, 222
134, 223
134, 224
133, 225
133, 226
132, 227
132, 228
131, 229
131, 230
129, 232
129, 233
128, 234
128, 235
127, 236
127, 237
126, 238
126, 240
125, 241
125, 242
124, 243
124, 245
123, 246
123, 248
122, 249
122, 252
121, 253
121, 257
120, 258
120, 275
121, 276
121, 278
122, 279
122, 280
131, 289
132, 289
135, 292
136, 292
139, 295
140, 295
142, 297
144, 297
145, 298
149, 298
152, 295
152, 290
150, 290
149, 291
149, 292
147, 294
145, 294
144, 293
143, 293
141, 291
140, 291
137, 288
136, 288
132, 284
131, 284
126, 279
126, 278
124, 276
124, 273
123, 272
123, 265
124, 264
124, 257
125, 256
125, 252
126, 251
126, 249
127, 248
127, 246
128, 245
128, 243
129, 242
129, 241
130, 240
130, 239
131, 238
131, 237
132, 236
132, 235
133, 234
133, 233
134, 232
134, 231
135, 230
135, 229
136, 228
136, 227
137, 226
137, 225
138, 224
138, 223
139, 222
139, 221
140, 220
140, 219
141, 218
141, 216
142, 215
142, 213
143, 212
143, 209
144, 208
144, 203
145, 202
145, 182
144, 181
144, 175
143, 174
143, 170
142, 169
142, 165
141, 164
141, 162
140, 161
140, 159
139, 158
139, 156
138, 155
138, 153
137, 152
137, 151
136, 150
136, 148
135, 147
135, 146
134, 145
134, 144
133, 143
133, 142
131, 140
131, 139
128, 136
128, 135
127, 134
126, 134
124, 132
123, 132
121, 130
106, 20
107, 19
131, 19
132, 20
137, 20
138, 21
141, 21
142, 22
145, 22
146, 23
148, 23
149, 24
151, 24
152, 25
154, 25
155, 26
157, 26
158, 27
159, 27
160, 28
162, 28
163, 29
164, 29
165, 30
166, 30
167, 31
168, 31
169, 32
170, 32
171, 33
172, 33
173, 34
174, 34
175, 35
176, 35
177, 36
178, 36
179, 37
180, 37
181, 38
182, 38
183, 39
184, 39
185, 40
186, 40
188, 42
189, 42
190, 43
191, 43
193, 45
194, 45
195, 46
196, 46
198, 48
199, 48
201, 50
202, 50
204, 52
205, 52
208, 55
209, 55
211, 57
212, 57
214, 59
215, 59
218, 62
219, 62
221, 64
222, 64
225, 67
226, 67
230, 71
231, 71
234, 74
235, 74
238, 77
239, 77
243, 81
244, 81
249, 86
250, 86
255, 91
256, 91
264, 99
265, 99
273, 107
274, 107
301, 134
301, 135
307, 141
307, 142
312, 147
312, 148
314, 150
314, 154
315, 155
315, 163
316, 164
316, 167
315, 168
314, 168
313, 167
312, 167
309, 164
308, 164
306, 162
305, 162
302, 159
301, 159
299, 157
298, 157
295, 154
294, 154
292, 152
291, 152
289, 150
288, 150
286, 148
286, 147
285, 146
285, 144
284, 143
283, 143
282, 142
280, 144
278, 144
276, 142
275, 142
274, 141
273, 141
272, 140
271, 140
269, 138
268, 138
267, 137
266, 137
265, 136
264, 136
263, 135
262, 135
261, 134
260, 134
258, 132
257, 132
256, 131
255, 131
254, 130
253, 130
252, 129
251, 129
250, 128
249, 128
248, 127
247, 127
246, 126
245, 126
244, 125
243, 125
241, 123
241, 116
240, 115
240, 94
238, 94
237, 95
237, 100
236, 101
236, 106
235, 107
235, 113
234, 114
234, 118
233, 119
232, 119
231, 118
230, 118
229, 117
228, 117
227, 116
226, 116
225, 115
224, 115
222, 113
222, 105
221, 104
221, 101
220, 100
220, 99
219, 98
219, 97
216, 94
211, 94
208, 97
208, 98
207, 99
207, 103
206, 104
206, 105
205, 106
204, 105
202, 105
201, 104
200, 104
199, 103
198, 103
197, 102
195, 102
194, 101
193, 101
192, 100
190, 100
189, 99
188, 99
187, 98
185, 98
184, 97
182, 97
181, 96
179, 96
178, 95
176, 95
175, 94
173, 94
172, 93
170, 93
169, 92
166, 92
165, 91
163, 91
162, 90
158, 90
157, 89
147, 89
146, 88
143, 88
142, 89
135, 89
134, 90
132, 90
131, 91
129, 91
128, 92
126, 92
125, 93
124, 93
123, 94
122, 94
121, 95
120, 95
119, 96
118, 96
116, 98
115, 98
113, 100
112, 100
110, 102
109, 102
106, 105
105, 105
101, 109
100, 109
87, 122
87, 123
83, 127
83, 128
81, 130
81, 131
79, 133
79, 134
78, 135
78, 136
77, 137
77, 138
76, 139
76, 140
75, 141
75, 142
74, 143
74, 144
73, 145
73, 146
72, 147
72, 148
71, 149
71, 151
70, 152
70, 155
69, 156
69, 158
68, 159
68, 162
67, 163
67, 166
66, 167
66, 172
65, 173
65, 179
64, 180
64, 210
65, 211
65, 220
66, 221
66, 225
67, 226
67, 230
68, 231
68, 235
69, 236
69, 238
70, 239
70, 241
71, 242
70, 243
69, 243
68, 242
68, 241
64, 237
64, 236
61, 233
61, 232
59, 230
59, 229
56, 226
56, 225
54, 223
54, 222
52, 220
52, 219
50, 217
50, 216
48, 214
48, 213
47, 212
47, 211
45, 209
45, 208
43, 206
43, 205
42, 204
42, 203
41, 202
41, 201
40, 200
40, 199
38, 197
38, 196
37, 195
37, 194
36, 193
36, 192
35, 191
35, 190
34, 189
34, 188
33, 187
33, 185
32, 184
32, 183
31, 182
31, 180
30, 179
30, 177
29, 176
29, 175
28, 174
28, 172
27, 171
27, 168
26, 167
26, 164
25, 163
25, 159
24, 158
24, 154
23, 153
23, 141
22, 140
22, 135
23, 134
23, 120
24, 119
24, 115
25, 114
25, 110
26, 109
26, 106
27, 105
27, 101
28, 100
28, 98
29, 97
29, 95
30, 94
30, 92
31, 91
31, 90
32, 89
32, 87
33, 86
33, 84
34, 83
34, 81
35, 80
35, 79
36, 78
36, 77
37, 76
37, 75
38, 74
38, 73
39, 72
39, 71
40, 70
40, 69
41, 68
41, 67
42, 66
42, 65
43, 64
43, 63
46, 60
46, 59
48, 57
48, 56
50, 54
50, 53
54, 49
54, 48
65, 37
66, 37
70, 33
71, 33
73, 31
74, 31
75, 30
76, 30
77, 29
78, 29
80, 27
81, 27
82, 26
84, 26
85, 25
86, 25
87, 24
89, 24
90, 23
92, 23
93, 22
96, 22
97, 21
100, 21
101, 20
