30, 371
32, 373
32, 375
34, 375
34, 373
36, 371
75, 371
77, 373
77, 375
79, 375
79, 373
81, 371
119, 371
121, 373
121, 375
123, 375
123, 373
125, 371
163, 371
165, 373
165, 375
167, 375
167, 373
169, 371
208, 371
210, 373
210, 375
212, 375
212, 373
214, 371
252, 371
254, 373
254, 375
256, 375
256, 373
258, 371
297, 371
299, 373
299, 375
301, 375
301, 373
303, 371
341, 371
343, 373
343, 375
345, 375
345, 373
347, 371
386, 371
388, 373
388, 375
4, 2
388, 4
386, 369
2, 367
214, 15
213, 16
199, 16
198, 17
193, 17
192, 18
187, 18
186, 19
181, 19
180, 20
176, 20
175, 21
172, 21
171, 22
167, 22
166, 23
163, 23
162, 24
159, 24
158, 25
155, 25
154, 26
152, 26
151, 27
149, 27
148, 28
147, 28
146, 29
144, 29
143, 30
141, 30
140, 31
138, 31
137, 32
135, 32
134, 33
133, 33
132, 34
131, 34
130, 35
129, 35
128, 36
127, 36
126, 37
124, 37
123, 38
122, 38
121, 39
120, 39
119, 40
118, 40
117, 41
116, 41
115, 42
114, 42
113, 43
112, 43
110, 45
109, 45
108, 46
107, 46
105, 48
104, 48
103, 49
102, 49
100, 51
99, 51
97, 53
96, 53
93, 56
92, 56
89, 59
88, 59
85, 62
84, 62
77, 69
76, 69
65, 80
65, 81
57, 89
57, 90
54, 93
54, 94
52, 96
52, 97
50, 99
50, 100
47, 103
47, 104
46, 105
46, 106
45, 107
45, 108
43, 110
43, 111
42, 112
42, 113
41, 114
41, 115
40, 116
40, 117
38, 119
38, 120
37, 121
37, 123
36, 124
36, 125
35, 126
35, 127
34, 128
34, 130
33, 131
33, 132
32, 133
32, 135
31, 136
31, 137
30, 138
30, 140
29, 141
29, 143
28, 144
28, 147
27, 148
27, 150
26, 151
26, 153
25, 154
25, 157
24, 158
24, 161
23, 162
23, 166
22, 167
22, 171
21, 172
21, 176
20, 177
20, 183
19, 184
19, 190
18, 191
18, 198
17, 199
17, 212
16, 213
16, 240
17, 241
17, 254
18, 255
18, 262
19, 263
19, 269
20, 270
20, 275
21, 276
21, 279
22, 280
22, 283
23, 284
23, 288
24, 289
24, 292
25, 293
25, 295
26, 296
26, 298
27, 299
27, 301
28, 302
28, 304
29, 305
29, 307
30, 308
30, 309
31, 310
31, 312
32, 313
32, 314
33, 315
33, 316
34, 317
34, 318
35, 319
35, 320
36, 321
36, 322
37, 323
37, 324
38, 325
38, 326
40, 328
40, 329
42, 331
42, 332
45, 335
45, 336
54, 345
55, 345
57, 347
58, 347
59, 348
60, 348
62, 350
63, 350
64, 351
66, 351
67, 352
70, 352
71, 353
73, 353
74, 354
80, 354
81, 355
101, 355
102, 354
110, 354
111, 353
115, 353
116, 352
120, 352
121, 351
125, 351
126, 350
129, 350
130, 349
133, 349
134, 348
137, 348
138, 347
141, 347
142, 346
144, 346
145, 345
147, 345
148, 344
151, 344
152, 343
154, 343
155, 342
157, 342
158, 341
160, 341
161, 340
163, 340
164, 339
166, 339
167, 338
169, 338
170, 337
172, 337
173, 336
174, 336
175, 335
177, 335
178, 334
180, 334
181, 333
183, 333
184, 332
185, 332
186, 331
188, 331
189, 330
190, 330
191, 329
193, 329
194, 328
196, 328
197, 327
198, 327
199, 326
200, 326
201, 325
203, 325
204, 324
205, 324
206, 323
207, 323
208, 322
210, 322
211, 321
212, 321
213, 320
214, 320
215, 319
216, 319
217, 318
218, 318
219, 317
220, 317
221, 316
222, 316
223, 315
224, 315
225, 314
226, 314
227, 313
228, 313
229, 312
230, 312
231, 311
232, 311
234, 309
235, 309
236, 308
237, 308
238, 307
239, 307
241, 305
242, 305
243, 304
244, 304
246, 302
247, 302
249, 300
250, 300
252, 298
253, 298
255, 296
256, 296
258, 294
259, 294
262, 291
263, 291
267, 287
268, 287
269, 286
274, 286
274, 285
275, 284
275, 282
276, 281
276, 280
280, 276
281, 276
290, 267
291, 267
298, 260
299, 260
301, 262
301, 263
302, 264
302, 266
304, 268
304, 269
305, 270
308, 270
308, 269
309, 268
309, 264
308, 263
308, 258
307, 257
307, 253
313, 247
314, 247
322, 239
323, 239
342, 220
342, 219
346, 215
346, 214
349, 211
349, 210
352, 207
352, 206
354, 204
354, 203
356, 201
356, 200
358, 198
358, 197
360, 195
360, 194
361, 193
361, 192
363, 190
363, 189
364, 188
364, 187
365, 186
365, 185
366, 184
366, 183
367, 182
367, 180
368, 179
368, 178
369, 177
369, 175
370, 174
370, 171
371, 170
371, 167
372, 166
372, 160
373, 159
373, 143
372, 142
372, 136
371, 135
371, 131
370, 130
370, 128
369, 127
369, 124
368, 123
368, 121
367, 120
367, 119
366, 118
366, 116
365, 115
365, 114
364, 113
364, 112
363, 111
363, 110
362, 109
362, 108
360, 106
360, 105
359, 104
359, 103
356, 100
356, 99
344, 87
343, 87
341, 85
340, 85
338, 83
337, 83
335, 81
334, 81
333, 80
332, 80
331, 79
330, 79
329, 78
328, 78
327, 77
325, 77
324, 76
323, 76
322, 75
320, 75
319, 74
318, 74
317, 73
315, 73
314, 72
312, 72
311, 71
308, 71
307, 70
305, 70
304, 69
301, 69
300, 68
296, 68
295, 67
292, 67
291, 66
286, 66
285, 65
280, 65
279, 64
271, 64
270, 63
250, 63
249, 62
246, 62
245, 63
233, 63
232, 64
225, 64
224, 65
218, 65
217, 66
213, 66
212, 67
209, 67
208, 68
205, 68
204, 69
201, 69
200, 70
197, 70
196, 71
194, 71
193, 72
191, 72
190, 73
188, 73
187, 74
185, 74
184, 75
182, 75
181, 76
179, 76
178, 77
176, 77
175, 78
174, 78
173, 79
172, 79
171, 80
169, 80
168, 81
167, 81
166, 82
164, 82
163, 83
162, 83
161, 84
160, 84
159, 85
158, 85
157, 86
156, 86
155, 87
154, 87
153, 88
152, 88
151, 89
150, 89
149, 90
148, 90
147, 91
146, 91
144, 93
143, 93
142, 94
141, 94
140, 95
139, 95
137, 97
136, 97
135, 98
134, 98
132, 100
131, 100
128, 103
127, 103
125, 105
124, 105
122, 107
121, 107
120, 106
120, 105
119, 104
119, 103
118, 102
118, 101
116, 99
117, 98
119, 98
120, 97
120, 93
117, 90
115, 90
114, 89
107, 89
106, 90
103, 90
102, 91
101, 91
98, 94
97, 94
95, 96
95, 97
92, 100
92, 101
90, 103
90, 104
89, 105
89, 107
88, 108
88, 110
87, 111
87, 138
88, 139
88, 142
86, 144
86, 145
83, 148
83, 149
82, 150
82, 151
80, 153
80, 154
79, 155
79, 156
78, 157
78, 158
77, 159
77, 160
76, 161
76, 162
75, 163
75, 164
74, 165
74, 166
73, 167
73, 168
72, 169
72, 170
71, 171
71, 173
70, 174
70, 176
69, 177
69, 179
68, 180
68, 182
67, 183
67, 187
66, 188
66, 191
65, 192
65, 198
64, 199
64, 209
63, 210
63, 218
64, 219
64, 228
65, 229
65, 234
66, 235
66, 238
67, 239
67, 242
68, 243
68, 245
69, 246
69, 248
70, 249
70, 251
71, 252
71, 253
72, 254
72, 255
73, 256
73, 257
74, 258
74, 259
75, 260
75, 261
76, 262
76, 264
75, 265
74, 265
72, 267
71, 267
70, 268
69, 268
68, 269
60, 269
59, 268
58, 268
55, 265
55, 264
54, 263
54, 260
53, 259
53, 252
54, 251
54, 249
55, 248
55, 247
56, 246
56, 243
57, 242
57, 240
56, 239
55, 239
53, 241
53, 244
52, 245
52, 246
51, 247
51, 248
50, 249
50, 262
51, 263
51, 265
52, 266
52, 267
56, 271
57, 271
58, 272
60, 272
61, 273
67, 273
68, 272
70, 272
71, 271
72, 271
73, 270
74, 270
75, 269
76, 269
78, 267
79, 267
91, 279
92, 279
94, 281
95, 281
97, 283
98, 283
100, 285
101, 285
102, 286
103, 286
104, 287
105, 287
106, 288
107, 288
108, 289
109, 289
110, 290
112, 290
113, 291
114, 291
115, 292
117, 292
118, 293
120, 293
121, 294
124, 294
125, 295
128, 295
129, 296
135, 296
136, 297
160, 297
161, 296
165, 296
166, 295
170, 295
171, 294
174, 294
175, 293
178, 293
179, 292
181, 292
182, 291
184, 291
185, 290
187, 290
188, 289
190, 289
191, 288
193, 288
194, 287
195, 287
196, 288
196, 290
197, 291
197, 305
198, 306
198, 307
201, 307
201, 306
202, 305
202, 298
203, 297
203, 291
202, 290
202, 285
204, 283
205, 283
206, 282
207, 282
208, 281
209, 281
210, 280
211, 280
212, 279
213, 279
214, 278
215, 278
216, 277
217, 277
218, 276
219, 276
220, 275
221, 275
222, 274
223, 274
224, 273
225, 273
227, 271
228, 271
229, 270
230, 270
231, 269
232, 269
233, 268
234, 268
236, 266
237, 266
238, 265
239, 265
240, 264
241, 264
243, 262
244, 262
245, 261
246, 261
248, 259
249, 259
250, 258
251, 258
253, 256
254, 256
255, 255
256, 255
258, 253
259, 253
260, 252
261, 252
263, 250
264, 250
265, 249
266, 249
268, 247
269, 247
271, 245
272, 245
274, 243
275, 243
276, 244
276, 245
275, 246
275, 252
274, 253
274, 259
273, 260
273, 265
272, 266
272, 271
271, 272
271, 277
270, 278
270, 279
268, 281
267, 281
262, 286
261, 286
258, 289
257, 289
255, 291
254, 291
251, 294
250, 294
248, 296
247, 296
245, 298
244, 298
243, 299
242, 299
240, 301
239, 301
238, 302
237, 302
235, 304
234, 304
233, 305
232, 305
231, 306
230, 306
228, 308
227, 308
226, 309
225, 309
224, 310
223, 310
222, 311
221, 311
220, 312
219, 312
218, 313
217, 313
216, 314
215, 314
214, 315
213, 315
212, 316
211, 316
210, 317
209, 317
208, 318
206, 318
205, 319
204, 319
203, 320
202, 320
201, 321
199, 321
198, 322
197, 322
196, 323
195, 323
194, 324
192, 324
191, 325
189, 325
188, 326
187, 326
186, 327
184, 327
183, 328
182, 328
181, 329
179, 329
178, 330
176, 330
175, 331
173, 331
172, 332
171, 332
170, 333
168, 333
167, 334
165, 334
164, 335
162, 335
161, 336
159, 336
158, 337
156, 337
155, 338
153, 338
152, 339
150, 339
149, 340
146, 340
145, 341
143, 341
142, 342
140, 342
139, 343
136, 343
135, 344
132, 344
131, 345
128, 345
127, 346
124, 346
123, 347
119, 347
118, 348
114, 348
113, 349
107, 349
106, 350
98, 350
97, 351
85, 351
84, 350
76, 350
75, 349
73, 349
72, 348
69, 348
68, 347
66, 347
65, 346
64, 346
62, 344
61, 344
60, 343
59, 343
55, 339
54, 339
49, 334
49, 333
47, 331
47, 330
44, 327
44, 326
42, 324
42, 323
41, 322
41, 321
40, 320
40, 319
39, 318
39, 317
38, 316
38, 315
37, 314
37, 313
36, 312
36, 311
35, 310
35, 308
34, 307
34, 306
33, 305
33, 303
32, 302
32, 300
31, 299
31, 297
30, 296
30, 294
29, 293
29, 291
28, 290
28, 286
27, 285
27, 282
26, 281
26, 278
25, 277
25, 273
24, 272
24, 267
23, 266
23, 260
22, 259
22, 250
21, 249
21, 204
22, 203
22, 194
23, 193
23, 187
24, 186
24, 179
25, 178
25, 174
26, 173
26, 169
27, 168
27, 165
28, 164
28, 160
29, 159
29, 156
30, 155
30, 153
31, 152
31, 150
32, 149
32, 147
33, 146
33, 143
34, 142
34, 140
35, 139
35, 138
36, 137
36, 135
37, 134
37, 133
38, 132
38, 130
39, 129
39, 128
40, 127
40, 126
41, 125
41, 123
42, 122
42, 121
44, 119
44, 118
45, 117
45, 116
46, 115
46, 114
47, 113
47, 112
49, 110
49, 109
50, 108
50, 107
52, 105
52, 104
54, 102
54, 101
57, 98
57, 97
59, 95
59, 94
64, 89
64, 88
85, 67
86, 67
90, 63
91, 63
94, 60
95, 60
98, 57
99, 57
101, 55
102, 55
104, 53
105, 53
106, 52
107, 52
108, 51
109, 51
111, 49
112, 49
113, 48
114, 48
116, 46
117, 46
118, 45
119, 45
120, 44
121, 44
122, 43
123, 43
124, 42
125, 42
126, 41
128, 41
129, 40
130, 40
131, 39
132, 39
133, 38
134, 38
135, 37
136, 37
137, 36
139, 36
140, 35
142, 35
143, 34
145, 34
146, 33
148, 33
149, 32
150, 32
151, 31
153, 31
154, 30
156, 30
157, 29
160, 29
161, 28
165, 28
166, 27
169, 27
170, 26
173, 26
174, 25
177, 25
178, 24
183, 24
184, 23
189, 23
190, 22
195, 22
196, 21
203, 21
204, 20
219, 20
220, 19
251, 19
252, 20
262, 20
263, 21
271, 21
272, 22
278, 22
279, 23
285, 23
286, 24
291, 24
292, 25
294, 25
295, 26
298, 26
299, 27
302, 27
303, 28
305, 28
306, 29
309, 29
310, 30
312, 30
313, 31
315, 31
316, 32
319, 32
320, 33
322, 33
323, 34
325, 34
326, 35
328, 35
329, 36
331, 36
332, 37
334, 37
335, 38
337, 38
338, 39
340, 39
341, 40
342, 40
343, 41
345, 41
346, 42
348, 42
349, 43
350, 43
352, 41
352, 40
350, 38
348, 38
347, 37
345, 37
344, 36
343, 36
342, 35
340, 35
339, 34
337, 34
336, 33
334, 33
333, 32
331, 32
330, 31
328, 31
327, 30
325, 30
324, 29
322, 29
321, 28
318, 28
317, 27
315, 27
314, 26
312, 26
311, 25
308, 25
307, 24
305, 24
304, 23
301, 23
300, 22
298, 22
297, 21
294, 21
293, 20
288, 20
287, 19
282, 19
281, 18
275, 18
274, 17
267, 17
266, 16
256, 16
255, 15
182, 251
183, 252
183, 253
184, 254
184, 256
185, 257
185, 260
186, 261
186, 266
185, 267
185, 270
184, 271
184, 272
181, 275
178, 275
176, 273
176, 272
175, 271
175, 268
176, 267
176, 263
177, 262
177, 260
178, 259
178, 257
179, 256
179, 255
180, 254
180, 253
289, 232
291, 234
291, 235
292, 236
292, 237
293, 238
293, 240
294, 241
294, 243
295, 244
295, 245
296, 246
296, 248
297, 249
297, 251
298, 252
298, 254
293, 259
292, 259
283, 268
282, 268
279, 271
278, 270
278, 269
279, 268
279, 264
280, 263
280, 259
281, 258
281, 254
282, 253
282, 249
283, 248
283, 244
284, 243
284, 239
285, 238
285, 236
298, 224
299, 225
299, 226
300, 227
300, 240
301, 241
301, 242
300, 243
298, 241
298, 239
297, 238
297, 236
296, 235
296, 234
295, 233
295, 232
294, 231
294, 228
225, 221
226, 222
226, 231
225, 232
225, 237
224, 238
224, 241
223, 242
223, 244
222, 245
222, 247
221, 248
221, 249
218, 252
216, 250
216, 243
217, 242
217, 238
218, 237
218, 234
219, 233
219, 232
220, 231
220, 229
221, 228
221, 227
222, 226
222, 225
223, 224
223, 223
245, 202
246, 201
247, 201
248, 202
248, 209
247, 210
246, 209
246, 204
245, 203
173, 202
175, 202
174, 206
174, 208
172, 208
173, 204
278, 198
279, 197
282, 197
283, 198
283, 204
282, 205
282, 209
281, 210
280, 210
275, 205
274, 205
272, 203
271, 203
269, 201
270, 200
271, 200
272, 199
274, 199
275, 198
296, 193
297, 192
299, 194
299, 216
298, 217
298, 218
293, 223
291, 223
289, 221
289, 220
288, 219
289, 218
289, 213
290, 212
290, 208
291, 207
291, 202
292, 201
292, 197
293, 196
293, 194
294, 193
226, 190
228, 190
229, 191
239, 192
239, 193
240, 194
238, 200
237, 200
235, 202
234, 202
229, 205
229, 203
228, 202
228, 199
227, 198
227, 196
226, 195
226, 193
225, 192
323, 180
325, 182
324, 183
324, 184
322, 186
322, 187
320, 189
320, 190
318, 192
318, 193
316, 195
316, 196
314, 198
314, 199
311, 202
311, 203
308, 206
308, 207
305, 210
304, 210
303, 209
303, 191
305, 189
307, 189
308, 188
309, 188
310, 187
311, 187
312, 186
313, 186
314, 185
315, 185
316, 184
317, 184
318, 183
319, 183
320, 182
321, 182
296, 177
297, 176
298, 177
298, 187
297, 188
295, 188
294, 187
294, 185
295, 184
295, 180
296, 179
283, 176
284, 175
285, 175
286, 176
286, 182
285, 183
285, 190
283, 192
281, 192
280, 193
277, 193
276, 194
273, 194
272, 195
270, 195
269, 196
266, 196
265, 197
263, 197
262, 198
260, 198
259, 199
258, 199
257, 200
257, 202
258, 203
260, 203
261, 204
264, 204
265, 205
266, 205
267, 206
268, 206
269, 207
270, 207
274, 211
275, 211
280, 216
280, 222
279, 223
279, 227
278, 228
278, 233
277, 234
277, 235
273, 239
272, 239
270, 241
269, 241
267, 243
266, 243
264, 245
263, 245
262, 246
261, 246
259, 248
258, 248
257, 249
256, 249
254, 251
253, 251
252, 252
251, 252
249, 254
248, 254
247, 255
246, 255
244, 257
243, 257
242, 258
241, 258
240, 259
239, 259
237, 261
236, 261
235, 262
234, 262
233, 263
232, 263
230, 265
229, 265
228, 266
227, 266
226, 267
225, 267
223, 269
222, 269
221, 270
220, 270
219, 271
218, 271
217, 272
216, 272
215, 273
214, 273
213, 274
212, 274
211, 275
210, 275
209, 276
208, 276
207, 277
206, 277
205, 278
202, 278
201, 277
201, 276
200, 275
200, 251
201, 250
201, 237
202, 236
202, 225
203, 224
203, 216
204, 215
204, 212
205, 211
205, 210
206, 209
206, 207
207, 206
207, 204
208, 203
208, 200
209, 199
209, 198
208, 197
208, 193
207, 192
207, 190
212, 185
215, 185
219, 189
219, 190
220, 191
220, 192
221, 193
221, 194
222, 195
222, 197
223, 198
223, 200
224, 201
224, 204
225, 205
225, 212
224, 213
224, 214
222, 216
222, 217
220, 219
220, 220
219, 221
219, 222
218, 223
218, 224
217, 225
217, 226
216, 227
216, 229
215, 230
215, 231
214, 232
214, 235
213, 236
213, 239
212, 240
212, 252
213, 253
213, 254
215, 256
216, 256
217, 257
219, 257
220, 256
221, 256
223, 254
223, 253
225, 251
225, 250
226, 249
226, 247
227, 246
227, 244
228, 243
228, 240
229, 239
229, 235
230, 234
230, 224
231, 223
231, 220
230, 219
230, 214
231, 213
231, 212
239, 204
240, 204
241, 205
241, 207
242, 208
242, 222
243, 223
243, 233
242, 234
242, 242
241, 243
241, 247
243, 249
244, 248
245, 248
245, 247
246, 246
246, 243
247, 242
247, 238
248, 237
248, 233
249, 232
249, 227
250, 226
250, 221
251, 220
251, 215
252, 214
252, 208
253, 207
253, 200
252, 199
252, 198
250, 196
245, 196
244, 195
244, 191
245, 190
246, 190
247, 189
251, 189
252, 188
255, 188
256, 187
259, 187
260, 186
262, 186
263, 185
264, 185
265, 184
267, 184
268, 183
270, 183
271, 182
272, 182
273, 181
274, 181
275, 180
276, 180
277, 179
278, 179
279, 178
280, 178
282, 176
222, 171
223, 170
225, 170
226, 171
227, 171
228, 172
232, 175
232, 176
234, 178
234, 179
235, 180
235, 181
236, 182
236, 183
237, 184
236, 186
226, 186
225, 185
224, 185
223, 184
219, 181
219, 179
218, 178
218, 175
219, 174
221, 171
292, 154
293, 153
294, 154
294, 159
293, 160
292, 159
88, 150
89, 151
89, 154
90, 155
90, 161
91, 162
91, 168
92, 169
92, 175
93, 176
93, 185
94, 186
94, 219
93, 220
93, 226
92, 227
92, 231
91, 232
91, 235
90, 236
90, 239
89, 240
89, 242
88, 243
88, 245
87, 246
87, 247
86, 248
86, 249
85, 250
85, 251
84, 252
84, 253
83, 254
83, 255
80, 258
79, 258
78, 257
78, 256
77, 255
77, 254
76, 253
76, 252
75, 251
75, 250
74, 249
74, 247
73, 246
73, 244
72, 243
72, 241
71, 240
71, 237
70, 236
70, 233
69, 232
69, 226
68, 225
68, 202
69, 201
69, 195
70, 194
70, 190
71, 189
71, 185
72, 184
72, 182
73, 181
73, 179
74, 178
74, 176
75, 175
75, 173
76, 172
76, 171
77, 170
77, 169
78, 168
78, 167
79, 166
79, 165
80, 164
80, 163
81, 162
81, 161
82, 160
82, 159
83, 158
83, 157
85, 155
85, 154
86, 153
86, 152
113, 120
114, 120
115, 121
115, 123
114, 124
114, 130
113, 131
113, 136
112, 137
112, 142
111, 143
111, 150
110, 151
110, 158
109, 159
109, 170
108, 171
108, 177
109, 178
109, 184
110, 185
110, 186
113, 189
116, 189
117, 188
118, 188
124, 182
124, 181
125, 180
125, 179
126, 178
126, 177
127, 176
127, 175
129, 173
130, 174
130, 181
129, 182
129, 239
130, 240
130, 250
131, 251
131, 253
134, 256
136, 256
137, 255
138, 255
142, 251
142, 250
144, 248
144, 247
145, 246
145, 245
146, 244
146, 243
147, 242
147, 240
148, 239
148, 238
149, 237
149, 236
150, 235
152, 237
152, 238
153, 239
154, 239
155, 240
159, 240
160, 239
161, 239
162, 238
163, 238
166, 235
166, 234
169, 231
169, 230
170, 229
171, 229
172, 230
172, 233
173, 234
173, 235
174, 236
174, 238
176, 240
176, 241
177, 242
177, 243
179, 245
179, 248
178, 249
178, 250
176, 252
176, 254
175, 255
175, 256
174, 257
174, 258
173, 259
173, 262
172, 263
172, 274
173, 275
173, 276
175, 278
176, 278
177, 279
182, 279
183, 278
184, 278
187, 275
187, 274
188, 273
188, 272
189, 271
189, 266
190, 265
190, 263
189, 262
189, 257
188, 256
188, 254
187, 253
187, 251
186, 250
186, 249
185, 248
185, 245
186, 244
186, 243
188, 241
188, 240
190, 238
190, 237
191, 236
191, 235
193, 233
193, 232
195, 230
195, 229
196, 228
196, 227
197, 226
198, 227
198, 238
197, 239
197, 252
196, 253
196, 281
194, 283
192, 283
191, 284
189, 284
188, 285
186, 285
185, 286
183, 286
182, 287
180, 287
179, 288
177, 288
176, 289
173, 289
172, 290
169, 290
168, 291
164, 291
163, 292
157, 292
156, 293
139, 293
138, 292
131, 292
130, 291
127, 291
126, 290
123, 290
122, 289
120, 289
119, 288
117, 288
116, 287
115, 287
114, 286
112, 286
111, 285
110, 285
109, 284
108, 284
107, 283
106, 283
105, 282
104, 282
103, 281
102, 281
100, 279
99, 279
97, 277
96, 277
91, 272
90, 272
87, 269
87, 268
82, 263
83, 262
83, 261
85, 259
85, 258
86, 257
86, 256
88, 254
88, 252
89, 251
89, 250
90, 249
90, 248
91, 247
91, 245
92, 244
92, 242
93, 241
93, 239
94, 238
94, 235
95, 234
95, 230
96, 229
96, 224
97, 223
97, 213
98, 212
98, 193
97, 192
97, 180
96, 179
96, 172
95, 171
95, 165
94, 164
94, 158
93, 157
93, 151
92, 150
92, 144
93, 143
93, 142
97, 138
97, 137
101, 133
101, 132
105, 94
106, 93
116, 95
116, 98
115, 99
111, 99
108, 102
108, 106
110, 106
113, 103
114, 103
115, 104
115, 105
116, 106
95, 132
95, 133
91, 135
91, 131
90, 130
90, 115
91, 114
91, 110
92, 109
94, 105
94, 104
96, 102
96, 101
102, 95
103, 95
104, 94
237, 68
238, 67
266, 67
267, 68
276, 68
277, 69
282, 69
283, 70
288, 70
289, 71
293, 71
294, 72
297, 72
298, 73
302, 73
303, 74
305, 74
306, 75
309, 75
310, 76
312, 76
313, 77
315, 77
316, 78
317, 78
318, 79
320, 79
321, 80
323, 80
324, 81
325, 81
326, 82
327, 82
328, 83
329, 83
330, 84
331, 84
333, 86
334, 86
335, 87
336, 87
338, 89
339, 89
344, 94
345, 94
351, 100
351, 101
354, 104
354, 105
356, 107
356, 108
358, 110
358, 111
359, 112
359, 113
360, 114
360, 115
361, 116
361, 117
362, 118
362, 120
363, 121
363, 122
364, 123
364, 125
365, 126
365, 129
366, 130
366, 133
367, 134
367, 138
368, 139
368, 163
367, 164
367, 168
366, 169
366, 172
365, 173
365, 175
364, 176
364, 177
363, 178
363, 180
362, 181
362, 182
361, 183
361, 184
360, 185
360, 186
358, 188
358, 189
357, 190
357, 191
356, 192
356, 193
354, 195
354, 196
352, 198
352, 199
350, 201
350, 202
347, 205
347, 206
345, 208
345, 209
341, 213
341, 214
315, 240
314, 240
308, 246
307, 246
305, 244
305, 237
304, 236
304, 218
309, 213
309, 212
313, 208
313, 207
316, 204
316, 203
318, 201
318, 200
321, 197
321, 196
323, 194
323, 193
325, 191
325, 190
326, 189
326, 188
328, 186
328, 185
330, 183
330, 182
331, 181
331, 180
333, 178
333, 177
335, 175
335, 174
338, 171
338, 170
342, 166
343, 166
349, 160
349, 156
345, 156
334, 167
333, 167
329, 171
328, 171
326, 173
325, 173
322, 176
321, 176
320, 177
319, 177
317, 179
316, 179
315, 180
314, 180
313, 181
312, 181
311, 182
310, 182
309, 183
308, 183
307, 184
306, 184
305, 185
304, 185
302, 183
302, 171
301, 170
301, 163
300, 162
300, 153
298, 151
298, 149
297, 148
297, 147
295, 145
294, 145
293, 144
292, 144
289, 147
289, 150
288, 151
288, 155
287, 156
287, 167
283, 171
282, 171
281, 172
280, 172
278, 174
277, 174
276, 175
275, 175
274, 176
273, 176
272, 177
271, 177
270, 178
268, 178
267, 179
266, 179
265, 180
263, 180
262, 181
261, 181
260, 182
258, 182
257, 183
254, 183
253, 184
249, 184
248, 185
242, 185
241, 184
241, 182
240, 181
240, 180
239, 179
239, 178
238, 177
238, 176
236, 174
236, 173
231, 168
230, 168
229, 167
228, 167
227, 166
221, 166
220, 167
219, 167
218, 168
217, 168
216, 169
216, 170
215, 171
215, 172
214, 173
214, 180
213, 181
210, 181
208, 183
207, 183
205, 185
205, 186
203, 188
203, 189
202, 190
202, 191
201, 192
201, 193
200, 194
200, 196
199, 197
199, 199
198, 200
198, 202
197, 203
197, 207
198, 208
199, 208
200, 209
200, 212
199, 213
199, 214
198, 215
198, 216
197, 217
197, 218
196, 219
196, 220
195, 221
195, 222
194, 223
194, 224
192, 226
192, 227
191, 228
191, 229
189, 231
189, 232
187, 234
187, 235
185, 237
185, 238
184, 239
184, 240
182, 242
179, 239
179, 238
178, 237
178, 236
177, 235
177, 233
176, 232
176, 230
175, 229
175, 226
174, 225
174, 220
175, 219
175, 217
176, 216
176, 214
177, 213
177, 210
178, 209
178, 206
179, 205
179, 197
178, 196
178, 195
177, 194
173, 194
172, 195
172, 196
171, 197
171, 198
170, 199
170, 200
169, 201
169, 205
168, 206
168, 212
169, 213
169, 222
168, 223
168, 224
167, 225
167, 226
166, 227
166, 228
164, 230
164, 231
160, 235
159, 235
158, 236
156, 236
155, 235
155, 234
154, 233
154, 223
155, 222
155, 220
156, 219
156, 217
157, 216
157, 213
158, 212
158, 211
159, 210
159, 208
160, 207
160, 204
161, 203
161, 201
162, 200
162, 198
163, 197
163, 194
164, 193
164, 189
165, 188
165, 179
163, 177
162, 177
159, 180
159, 182
158, 183
158, 186
157, 187
157, 192
156, 193
156, 197
155, 198
155, 202
154, 203
154, 206
153, 207
153, 211
152, 212
152, 216
151, 217
151, 220
150, 221
150, 224
149, 225
149, 226
148, 227
148, 229
147, 230
147, 232
146, 233
146, 234
145, 235
145, 236
144, 237
144, 239
143, 240
143, 241
142, 242
142, 243
141, 244
141, 245
140, 246
140, 247
136, 251
135, 251
134, 250
134, 242
133, 241
133, 218
132, 217
132, 198
133, 197
133, 179
134, 178
134, 167
135, 166
135, 157
136, 156
136, 153
137, 152
137, 149
138, 148
138, 146
139, 145
139, 142
140, 141
140, 138
141, 137
141, 133
142, 132
142, 127
143, 126
143, 115
144, 114
144, 110
143, 109
143, 106
142, 105
140, 105
139, 106
139, 108
138, 109
138, 112
137, 113
137, 119
136, 120
136, 126
135, 127
135, 133
134, 134
134, 141
133, 142
133, 149
132, 150
132, 154
131, 155
131, 157
130, 158
130, 160
129, 161
129, 163
128, 164
128, 165
127, 166
127, 167
126, 168
126, 169
125, 170
125, 171
124, 172
124, 174
123, 175
123, 176
121, 178
121, 179
119, 181
119, 182
117, 184
116, 184
115, 185
113, 183
113, 180
112, 179
112, 169
113, 168
113, 158
114, 157
114, 150
115, 149
115, 143
116, 142
116, 136
117, 135
117, 130
118, 129
118, 124
119, 123
119, 116
120, 115
120, 114
121, 113
122, 113
126, 109
127, 109
129, 107
130, 107
132, 105
133, 105
135, 103
136, 103
138, 101
139, 101
141, 99
142, 99
143, 98
144, 98
145, 97
146, 97
148, 95
149, 95
150, 94
151, 94
152, 93
153, 93
154, 92
155, 92
156, 91
157, 91
158, 90
159, 90
160, 89
161, 89
162, 88
163, 88
164, 87
165, 87
166, 86
168, 86
169, 85
170, 85
171, 84
173, 84
174, 83
175, 83
176, 82
177, 82
178, 81
180, 81
181, 80
183, 80
184, 79
186, 79
187, 78
189, 78
190, 77
192, 77
193, 76
195, 76
196, 75
198, 75
199, 74
202, 74
203, 73
206, 73
207, 72
210, 72
211, 71
214, 71
215, 70
220, 70
221, 69
227, 69
228, 68
