4, 2
484, 4
482, 369
2, 367
147, 15
146, 16
136, 16
135, 17
129, 17
128, 18
124, 18
123, 19
119, 19
118, 20
114, 20
113, 21
110, 21
109, 22
107, 22
106, 23
104, 23
103, 24
101, 24
100, 25
99, 25
98, 26
97, 26
96, 27
94, 27
93, 28
92, 28
91, 29
90, 29
89, 30
88, 30
86, 32
85, 32
84, 33
83, 33
81, 35
80, 35
74, 41
73, 41
68, 46
68, 47
62, 53
62, 54
59, 57
59, 58
56, 61
56, 62
55, 63
55, 64
53, 66
53, 67
52, 68
52, 69
50, 71
50, 72
48, 74
47, 74
46, 73
46, 70
45, 69
45, 68
44, 67
44, 65
42, 63
42, 62
40, 60
40, 59
37, 56
36, 56
35, 55
28, 55
27, 56
26, 56
22, 60
22, 61
21, 62
21, 68
20, 69
20, 72
21, 73
21, 81
22, 82
22, 87
23, 88
23, 89
26, 89
26, 82
25, 81
25, 76
24, 75
24, 65
25, 64
25, 63
29, 59
30, 59
31, 58
32, 58
33, 59
34, 59
38, 63
38, 64
40, 66
40, 67
41, 68
41, 69
42, 70
42, 72
43, 73
43, 76
44, 77
44, 79
45, 80
44, 81
44, 82
43, 83
43, 84
42, 85
42, 86
41, 87
41, 89
40, 90
40, 91
39, 92
39, 93
38, 94
38, 95
37, 96
37, 98
36, 99
36, 101
35, 102
35, 104
34, 105
34, 109
33, 110
33, 115
32, 116
32, 123
31, 124
31, 133
30, 134
30, 154
31, 155
31, 160
32, 161
32, 165
33, 166
33, 169
34, 170
34, 172
35, 173
35, 176
36, 177
36, 179
37, 180
37, 182
38, 183
38, 186
39, 187
39, 189
40, 190
40, 192
41, 193
41, 195
42, 196
42, 198
43, 199
43, 201
44, 202
44, 204
45, 205
45, 206
46, 207
46, 209
47, 210
47, 211
48, 212
48, 214
49, 215
49, 216
50, 217
50, 218
51, 219
51, 220
52, 221
52, 222
53, 223
53, 224
54, 225
54, 226
55, 227
55, 228
57, 230
57, 231
58, 232
58, 233
60, 235
60, 236
62, 238
62, 239
65, 242
65, 243
67, 245
67, 246
68, 247
68, 248
70, 250
70, 251
72, 253
72, 254
73, 255
73, 256
75, 258
75, 259
77, 261
77, 262
78, 263
78, 264
80, 266
80, 267
81, 268
81, 269
82, 270
82, 271
84, 273
84, 274
86, 276
86, 277
88, 279
88, 280
92, 284
92, 285
102, 295
103, 295
106, 298
107, 298
111, 302
112, 302
116, 306
117, 306
121, 310
122, 310
125, 313
126, 313
128, 315
129, 315
131, 317
132, 317
134, 319
135, 319
137, 321
138, 321
139, 322
140, 322
141, 323
142, 323
144, 325
146, 325
147, 326
148, 326
149, 327
150, 327
151, 328
152, 328
153, 329
155, 329
156, 330
158, 330
159, 331
161, 331
162, 332
164, 332
165, 333
166, 333
167, 334
169, 334
170, 335
172, 335
173, 336
174, 336
175, 337
178, 337
179, 338
181, 338
182, 339
184, 339
185, 340
187, 340
188, 341
190, 341
191, 342
194, 342
195, 343
198, 343
199, 344
202, 344
203, 345
205, 345
206, 346
209, 346
210, 347
213, 347
214, 348
217, 348
218, 349
222, 349
223, 350
230, 350
231, 351
240, 351
241, 352
248, 352
249, 353
259, 353
260, 354
286, 354
287, 353
294, 353
295, 352
302, 352
303, 351
306, 351
307, 350
310, 350
311, 349
314, 349
315, 348
318, 348
319, 347
321, 347
322, 346
323, 346
324, 345
325, 345
326, 344
327, 344
328, 343
329, 343
331, 341
332, 341
335, 338
336, 338
341, 333
342, 333
350, 325
350, 324
360, 314
360, 313
366, 307
366, 306
369, 303
369, 302
370, 301
370, 300
372, 298
372, 297
373, 296
373, 295
374, 294
374, 293
375, 292
375, 291
376, 290
376, 289
377, 288
377, 286
378, 285
378, 284
379, 283
379, 281
380, 280
380, 278
381, 277
381, 275
382, 274
382, 272
383, 271
383, 269
384, 268
384, 265
385, 264
385, 262
386, 261
386, 258
387, 257
387, 254
388, 253
388, 249
389, 248
389, 245
390, 244
390, 239
391, 238
391, 229
392, 228
392, 222
391, 221
391, 211
390, 210
390, 204
389, 203
389, 199
388, 198
388, 195
387, 194
387, 191
386, 190
386, 188
385, 187
385, 185
384, 184
384, 183
383, 182
383, 181
382, 180
382, 179
381, 178
381, 177
380, 176
380, 175
379, 174
379, 173
378, 172
378, 171
377, 170
378, 169
379, 169
380, 170
381, 170
382, 171
383, 171
384, 172
385, 172
386, 173
387, 173
388, 174
389, 174
391, 176
392, 176
393, 177
394, 177
395, 178
396, 178
398, 180
399, 180
400, 181
401, 181
403, 183
404, 183
405, 184
406, 184
407, 185
408, 185
410, 187
411, 187
412, 188
413, 188
415, 190
416, 190
417, 191
418, 191
420, 193
421, 193
422, 194
423, 194
424, 195
425, 195
426, 196
427, 196
428, 197
429, 197
430, 198
431, 198
432, 199
433, 199
434, 200
435, 200
436, 201
437, 201
438, 202
439, 202
440, 203
441, 203
442, 204
443, 204
444, 205
445, 205
447, 207
449, 207
450, 208
451, 208
452, 209
453, 209
454, 210
455, 210
456, 211
457, 211
459, 213
459, 215
460, 216
462, 216
464, 214
464, 213
463, 212
463, 211
462, 211
460, 209
459, 209
458, 208
457, 208
456, 207
454, 207
453, 206
452, 206
451, 205
450, 205
449, 204
448, 204
447, 203
446, 203
445, 202
444, 202
443, 201
442, 201
441, 200
440, 200
439, 199
438, 199
437, 198
436, 198
435, 197
434, 197
433, 196
432, 196
431, 195
430, 195
429, 194
428, 194
427, 193
426, 193
424, 191
423, 191
422, 190
421, 190
420, 189
419, 189
417, 187
416, 187
415, 186
414, 186
412, 184
411, 184
410, 183
409, 183
407, 181
406, 181
405, 180
404, 180
403, 179
402, 179
400, 177
399, 177
398, 176
397, 176
395, 174
394, 174
393, 173
392, 173
391, 172
390, 172
389, 171
388, 171
386, 169
385, 169
384, 168
383, 168
382, 167
381, 167
380, 166
378, 166
377, 165
376, 165
375, 164
374, 164
373, 163
372, 163
369, 160
369, 159
366, 156
366, 155
363, 152
363, 151
359, 147
359, 146
352, 139
351, 139
349, 137
348, 137
346, 135
345, 135
344, 134
343, 134
342, 133
341, 133
340, 132
339, 132
338, 131
337, 131
336, 130
335, 130
334, 129
333, 129
332, 128
330, 128
329, 127
328, 127
327, 126
326, 126
324, 124
323, 124
322, 123
321, 123
320, 122
319, 122
318, 121
317, 121
312, 116
312, 115
310, 113
310, 112
309, 111
309, 110
308, 109
308, 100
307, 99
305, 99
305, 100
304, 101
302, 99
302, 98
300, 96
300, 95
299, 94
299, 93
297, 91
297, 90
295, 88
295, 87
290, 82
290, 81
284, 75
283, 75
277, 69
276, 69
272, 65
271, 65
268, 62
267, 62
264, 59
263, 59
259, 55
258, 55
253, 50
252, 50
249, 47
248, 47
245, 44
244, 44
242, 42
241, 42
238, 39
237, 39
236, 38
235, 38
233, 36
232, 36
230, 34
229, 34
228, 33
227, 33
226, 32
224, 32
223, 31
222, 31
221, 30
219, 30
218, 29
216, 29
215, 28
213, 28
212, 27
210, 27
209, 26
206, 26
205, 25
202, 25
201, 24
199, 24
198, 23
195, 23
194, 22
191, 22
190, 21
187, 21
186, 20
182, 20
181, 19
176, 19
175, 18
170, 18
169, 17
163, 17
162, 16
153, 16
152, 15
297, 232
298, 231
299, 232
299, 234
300, 235
300, 239
301, 240
301, 244
299, 246
298, 246
296, 244
296, 234
297, 233
290, 231
293, 230
294, 238
292, 238
292, 237
291, 236
291, 235
139, 215
140, 214
142, 216
142, 217
143, 218
143, 220
144, 221
144, 222
145, 223
145, 224
146, 225
146, 227
147, 228
147, 229
148, 230
148, 231
149, 232
149, 236
148, 237
147, 237
145, 235
145, 234
144, 233
144, 232
143, 231
143, 229
142, 228
142, 226
141, 225
141, 222
140, 221
140, 218
139, 217
276, 212
277, 211
278, 211
280, 213
280, 216
281, 217
281, 218
282, 219
282, 222
283, 223
283, 225
284, 226
283, 227
266, 227
265, 226
250, 226
249, 225
249, 224
250, 223
251, 223
253, 221
254, 221
255, 220
256, 220
257, 219
258, 219
259, 218
260, 218
261, 217
263, 217
264, 216
266, 216
267, 215
269, 215
270, 214
272, 214
273, 213
274, 213
275, 212
285, 210
287, 209
288, 210
288, 211
292, 215
292, 216
293, 217
293, 218
294, 219
294, 220
295, 221
295, 222
296, 226
295, 227
294, 227
290, 228
288, 223
287, 222
287, 218
286, 217
286, 214
285, 213
290, 207
295, 206
296, 209
297, 210
297, 214
293, 212
293, 211
328, 205
329, 204
334, 204
335, 205
337, 205
338, 206
339, 206
340, 207
341, 207
342, 208
343, 208
345, 210
346, 210
354, 218
354, 219
356, 221
356, 223
357, 224
357, 226
358, 227
358, 230
359, 231
359, 233
358, 234
358, 236
356, 238
352, 238
351, 237
350, 237
349, 236
348, 236
334, 222
334, 221
332, 219
332, 218
330, 216
330, 215
328, 213
328, 212
327, 211
327, 208
328, 207
314, 205
315, 204
321, 205
321, 206
323, 208
323, 209
324, 210
323, 211
323, 213
322, 214
322, 215
320, 217
318, 220
317, 220
315, 222
314, 222
313, 223
312, 223
311, 224
309, 224
308, 225
306, 225
305, 226
299, 224
300, 206
305, 206
306, 205
260, 194
261, 193
265, 193
266, 194
267, 194
268, 195
269, 195
270, 196
271, 196
272, 197
274, 197
275, 198
275, 199
276, 200
276, 202
277, 203
277, 205
278, 206
278, 207
275, 210
274, 210
273, 211
272, 211
271, 212
269, 212
268, 213
266, 213
265, 214
263, 214
262, 215
260, 215
259, 216
258, 216
257, 217
256, 217
255, 218
254, 218
253, 219
252, 219
250, 221
249, 221
248, 222
247, 222
246, 223
240, 223
233, 216
233, 215
231, 213
231, 212
230, 211
230, 209
229, 208
229, 205
231, 203
242, 203
243, 202
244, 202
245, 201
246, 201
248, 199
249, 199
250, 198
251, 198
252, 197
253, 197
254, 196
255, 196
256, 195
257, 195
258, 194
271, 188
273, 188
273, 189
274, 193
272, 193
271, 193
270, 192
269, 192
268, 190
270, 188
299, 172
300, 171
302, 173
302, 174
303, 175
303, 176
304, 177
304, 178
305, 179
305, 180
307, 182
307, 183
309, 185
309, 186
312, 189
312, 190
314, 192
314, 193
315, 194
315, 195
316, 196
316, 197
317, 198
317, 199
318, 200
318, 201
317, 202
314, 202
313, 203
305, 203
304, 204
299, 204
298, 203
298, 174
299, 173
209, 170
210, 169
212, 171
213, 171
224, 182
225, 182
226, 183
227, 183
228, 184
229, 184
230, 185
237, 185
238, 184
242, 184
243, 183
246, 183
247, 182
249, 184
249, 185
250, 186
250, 187
251, 188
251, 189
252, 190
253, 190
255, 192
255, 193
254, 194
253, 194
252, 195
251, 195
250, 196
249, 196
248, 197
247, 197
245, 199
244, 199
243, 200
242, 200
241, 201
230, 201
229, 202
228, 202
227, 203
227, 209
228, 210
228, 212
229, 213
229, 214
231, 216
231, 217
234, 220
234, 221
235, 222
234, 223
233, 223
232, 222
230, 222
229, 221
228, 221
227, 220
226, 220
225, 219
224, 219
222, 217
221, 217
218, 214
217, 214
212, 209
211, 209
206, 204
205, 204
197, 196
197, 195
194, 192
194, 191
193, 190
193, 189
192, 188
194, 186
195, 187
196, 187
197, 188
198, 188
199, 189
202, 189
205, 186
205, 185
206, 184
206, 183
207, 182
207, 180
208, 179
208, 173
209, 172
293, 159
294, 159
295, 160
295, 161
296, 162
296, 163
297, 164
297, 171
296, 172
296, 203
295, 204
290, 204
289, 205
288, 205
287, 204
286, 204
284, 202
284, 201
282, 199
282, 196
281, 195
281, 192
280, 191
280, 187
279, 186
279, 182
280, 181
280, 180
284, 176
284, 175
286, 173
286, 172
287, 171
287, 170
288, 169
288, 168
289, 167
289, 166
290, 165
290, 163
291, 162
291, 161
193, 153
193, 154
205, 175
204, 176
204, 179
203, 180
203, 181
202, 182
202, 183
199, 185
198, 184
197, 184
193, 180
193, 179
192, 178
192, 177
190, 175
190, 174
189, 173
189, 172
188, 171
188, 170
187, 161
188, 160
188, 155
189, 154
189, 153
298, 144
299, 143
300, 144
300, 147
299, 148
299, 153
298, 154
298, 157
297, 158
295, 156
295, 152
296, 151
296, 149
297, 148
297, 147
298, 146
200, 140
201, 141
201, 142
202, 143
202, 146
203, 147
203, 154
204, 155
204, 157
203, 158
202, 158
197, 153
197, 152
195, 150
195, 149
194, 148
194, 146
303, 139
306, 138
307, 139
308, 139
309, 140
310, 140
311, 141
312, 141
313, 142
314, 142
315, 143
316, 143
318, 145
319, 145
320, 146
321, 146
322, 147
323, 147
324, 148
325, 148
326, 149
327, 149
329, 153
330, 154
330, 157
331, 158
331, 167
332, 168
332, 170
331, 171
331, 180
330, 181
330, 186
329, 187
329, 191
328, 192
328, 196
327, 197
327, 199
322, 201
319, 198
319, 197
318, 196
318, 195
317, 194
317, 193
316, 192
316, 191
314, 189
314, 188
311, 185
311, 184
309, 182
309, 181
307, 179
307, 178
306, 177
306, 176
304, 174
304, 173
303, 172
303, 171
302, 170
302, 169
301, 168
301, 167
300, 155
301, 154
301, 149
302, 148
302, 143
303, 142
193, 136
197, 135
198, 137
193, 141
192, 139
193, 138
282, 131
283, 130
286, 130
287, 131
289, 131
290, 132
292, 132
293, 133
295, 133
296, 134
297, 134
298, 135
298, 138
297, 139
297, 142
296, 143
296, 145
295, 146
295, 147
294, 148
294, 149
293, 150
291, 148
291, 147
289, 145
289, 144
288, 143
288, 142
287, 141
287, 140
286, 139
286, 138
285, 137
285, 136
284, 135
284, 134
283, 133
283, 132
268, 129
269, 128
276, 128
277, 129
278, 129
280, 131
280, 132
281, 133
281, 134
282, 135
282, 136
283, 137
283, 138
284, 139
284, 140
285, 141
285, 142
286, 143
286, 144
288, 146
288, 147
289, 148
289, 149
290, 150
290, 151
291, 152
291, 153
292, 154
291, 155
291, 157
290, 158
290, 159
289, 160
289, 161
288, 162
288, 164
287, 165
287, 166
286, 167
286, 168
285, 169
285, 170
284, 171
284, 172
282, 174
282, 175
279, 178
278, 177
278, 176
277, 175
277, 171
276, 170
276, 166
275, 165
275, 161
274, 160
274, 156
273, 155
273, 151
272, 150
272, 146
271, 145
271, 141
270, 140
270, 136
269, 135
269, 132
268, 131
252, 129
253, 128
264, 128
265, 129
265, 130
266, 131
266, 135
267, 136
267, 140
268, 141
268, 145
269, 146
269, 150
270, 151
270, 155
269, 156
268, 156
268, 161
269, 162
269, 167
270, 168
270, 174
271, 175
271, 179
272, 180
272, 184
270, 186
269, 186
268, 187
267, 187
265, 189
263, 189
262, 190
261, 189
256, 189
252, 185
252, 184
253, 183
254, 183
256, 185
259, 185
259, 184
260, 183
260, 182
259, 181
259, 179
258, 178
257, 178
256, 177
245, 177
242, 174
242, 173
241, 172
241, 171
240, 170
240, 169
239, 168
239, 167
238, 166
238, 164
237, 163
237, 161
236, 160
236, 157
235, 156
235, 151
234, 150
234, 143
233, 142
233, 139
231, 137
230, 138
229, 138
229, 143
230, 144
230, 151
231, 152
231, 156
232, 157
232, 159
233, 160
233, 163
234, 164
234, 166
235, 167
235, 169
236, 170
236, 171
237, 172
237, 173
238, 174
238, 175
239, 176
239, 177
241, 179
240, 180
239, 180
238, 181
230, 181
229, 180
228, 180
225, 177
224, 177
222, 175
222, 174
220, 172
219, 172
214, 167
213, 167
208, 162
208, 157
207, 156
207, 150
206, 149
206, 144
205, 143
205, 140
204, 139
204, 137
206, 135
207, 135
208, 134
209, 134
210, 133
211, 133
212, 132
213, 132
214, 131
216, 131
217, 130
224, 130
225, 129
319, 127
320, 126
321, 126
322, 127
323, 127
324, 128
325, 128
326, 129
327, 129
328, 130
329, 130
330, 131
331, 131
332, 132
333, 132
334, 133
336, 133
337, 134
338, 134
339, 135
340, 135
341, 136
342, 136
344, 138
345, 138
346, 139
347, 139
350, 142
351, 142
355, 146
355, 147
360, 152
360, 153
363, 156
363, 157
364, 158
363, 159
361, 159
360, 158
358, 158
357, 157
355, 157
354, 156
352, 156
351, 155
349, 155
348, 154
346, 154
345, 153
344, 153
343, 152
341, 152
340, 151
338, 151
337, 150
336, 150
335, 149
333, 149
332, 148
331, 148
330, 147
330, 146
329, 145
329, 144
328, 143
328, 142
327, 141
327, 140
326, 139
326, 138
325, 137
325, 136
323, 134
323, 133
322, 132
322, 131
320, 129
320, 128
306, 120
307, 119
308, 119
309, 120
310, 120
314, 124
314, 125
316, 127
316, 128
317, 129
317, 130
319, 132
319, 133
321, 135
321, 136
322, 137
322, 138
323, 139
323, 140
324, 141
324, 142
325, 143
324, 144
323, 144
322, 143
321, 143
320, 142
319, 142
318, 141
317, 141
316, 140
315, 140
314, 139
313, 139
312, 138
311, 138
310, 137
309, 137
308, 136
307, 136
304, 133
304, 128
305, 127
305, 123
306, 122
274, 108
275, 109
276, 109
277, 110
278, 110
279, 111
281, 111
282, 112
285, 112
286, 113
291, 113
292, 114
296, 114
297, 115
303, 118
303, 122
302, 123
302, 125
301, 126
299, 131
296, 131
295, 130
293, 130
292, 129
290, 129
289, 128
287, 128
286, 127
282, 127
281, 126
279, 125
279, 124
278, 123
278, 122
277, 121
277, 120
275, 118
275, 117
274, 116
274, 115
273, 114
273, 113
272, 112
272, 111
271, 110
264, 107
265, 106
266, 106
267, 107
267, 108
269, 110
269, 111
270, 112
270, 113
271, 114
271, 115
272, 116
272, 117
273, 118
273, 119
275, 121
275, 122
276, 123
276, 124
275, 125
268, 125
267, 124
267, 122
266, 121
266, 117
265, 116
265, 112
264, 111
158, 107
159, 106
160, 107
160, 109
161, 110
161, 114
159, 116
158, 115
44, 88
45, 87
46, 88
46, 89
47, 90
47, 94
48, 95
48, 99
49, 100
49, 105
50, 106
50, 110
51, 111
51, 115
52, 116
52, 120
53, 121
53, 126
54, 127
54, 131
55, 132
55, 136
56, 137
56, 141
57, 142
57, 146
58, 147
58, 152
59, 153
59, 157
60, 158
60, 163
61, 164
61, 169
62, 170
62, 175
63, 176
63, 179
64, 180
64, 183
65, 184
65, 186
66, 187
66, 190
67, 191
67, 194
68, 195
68, 196
69, 197
69, 199
70, 200
70, 201
72, 203
72, 204
73, 205
73, 206
74, 207
74, 208
76, 210
76, 211
77, 212
77, 213
79, 215
79, 216
81, 218
81, 219
84, 222
85, 222
87, 224
88, 224
89, 225
90, 225
92, 227
93, 227
94, 228
95, 228
96, 229
97, 229
98, 230
99, 230
100, 231
102, 231
103, 232
104, 232
105, 233
107, 233
108, 234
109, 234
110, 235
111, 235
112, 236
118, 236
119, 235
120, 235
121, 234
121, 229
120, 228
120, 226
119, 225
119, 224
118, 223
118, 222
117, 221
117, 219
116, 218
116, 216
115, 215
115, 213
114, 212
114, 211
113, 210
113, 207
112, 206
112, 204
111, 203
111, 199
110, 198
110, 192
111, 191
111, 189
112, 188
112, 186
113, 185
113, 184
114, 183
118, 183
124, 189
124, 190
128, 194
128, 195
131, 198
131, 199
132, 200
132, 203
133, 204
133, 208
134, 209
134, 212
135, 213
135, 217
136, 218
136, 220
137, 221
137, 224
138, 225
138, 228
139, 229
139, 231
140, 232
140, 233
141, 234
141, 236
142, 237
142, 238
144, 240
145, 240
146, 241
149, 241
150, 240
151, 240
151, 239
152, 238
152, 237
153, 236
153, 232
152, 231
152, 230
151, 229
151, 227
150, 226
150, 225
149, 224
149, 223
148, 222
148, 220
147, 219
147, 218
146, 217
146, 216
145, 215
145, 214
144, 213
144, 212
143, 211
143, 210
142, 209
142, 208
141, 207
141, 206
140, 205
140, 204
138, 202
138, 201
136, 199
136, 198
135, 197
135, 195
134, 194
134, 190
133, 189
133, 186
132, 185
132, 183
131, 182
131, 180
130, 179
130, 177
129, 176
129, 173
128, 172
128, 168
127, 167
127, 165
126, 164
126, 161
125, 160
125, 158
124, 157
124, 154
123, 153
123, 150
122, 149
122, 145
121, 144
121, 140
120, 139
120, 135
119, 134
119, 129
120, 128
120, 126
121, 125
123, 125
124, 126
125, 126
132, 133
132, 134
133, 135
133, 136
134, 137
134, 138
135, 139
135, 140
136, 141
136, 143
137, 144
137, 146
138, 147
138, 151
139, 152
139, 154
140, 155
140, 157
141, 158
141, 159
142, 160
142, 161
143, 162
143, 163
144, 164
144, 165
145, 166
145, 167
147, 169
148, 169
149, 168
149, 165
148, 164
148, 162
147, 161
147, 160
146, 159
146, 157
145, 156
145, 154
144, 153
144, 151
143, 150
143, 149
142, 148
142, 146
141, 145
141, 137
142, 136
142, 135
143, 134
146, 134
147, 135
148, 135
151, 138
151, 139
152, 140
152, 141
154, 143
154, 144
155, 145
155, 146
156, 147
156, 152
157, 153
157, 159
158, 160
158, 163
159, 164
159, 167
160, 168
160, 170
161, 171
161, 172
163, 174
166, 174
167, 173
167, 172
168, 171
168, 166
167, 165
167, 161
166, 160
166, 158
165, 157
165, 155
164, 154
164, 153
163, 152
163, 151
162, 150
162, 149
160, 147
160, 146
159, 145
159, 136
161, 134
162, 135
162, 136
163, 137
163, 139
164, 140
164, 141
165, 142
165, 143
166, 144
166, 145
167, 146
167, 147
168, 148
168, 150
169, 151
169, 152
170, 153
170, 154
172, 156
172, 157
173, 158
173, 159
174, 160
174, 161
176, 163
176, 165
177, 166
177, 167
178, 168
178, 169
179, 170
179, 171
180, 172
180, 174
181, 175
181, 179
182, 180
182, 184
183, 185
183, 188
184, 189
185, 189
187, 187
188, 187
189, 188
189, 189
190, 190
190, 191
192, 193
192, 194
194, 196
194, 197
205, 208
206, 208
211, 213
212, 213
216, 217
217, 217
219, 219
220, 219
222, 221
223, 221
225, 223
226, 223
227, 224
229, 224
230, 225
232, 225
233, 226
236, 226
237, 227
241, 227
242, 228
249, 228
250, 229
274, 229
275, 230
284, 230
287, 233
287, 235
288, 236
288, 237
289, 238
289, 239
290, 240
290, 241
291, 242
291, 243
292, 244
292, 245
295, 248
296, 248
297, 249
300, 249
301, 248
302, 248
303, 247
303, 244
304, 243
304, 242
303, 241
303, 235
302, 234
302, 232
301, 231
303, 229
304, 229
305, 228
308, 228
309, 227
311, 227
312, 226
313, 226
314, 225
315, 225
316, 224
317, 224
318, 223
319, 223
323, 219
323, 218
324, 217
324, 216
326, 214
328, 216
328, 217
330, 219
330, 220
332, 222
332, 223
347, 238
348, 238
349, 239
350, 239
351, 240
357, 240
360, 237
360, 235
361, 234
361, 230
360, 229
360, 226
359, 225
359, 223
358, 222
358, 220
356, 218
356, 217
353, 214
353, 213
351, 211
350, 211
347, 208
346, 208
344, 206
343, 206
342, 205
341, 205
340, 204
339, 204
338, 203
335, 203
334, 202
331, 202
330, 201
330, 196
331, 195
331, 191
332, 190
332, 186
333, 185
333, 180
334, 179
334, 158
333, 157
333, 154
332, 153
333, 152
334, 152
335, 153
337, 153
338, 154
340, 154
341, 155
342, 155
343, 156
345, 156
346, 157
348, 157
349, 158
351, 158
352, 159
354, 159
355, 160
357, 160
358, 161
360, 161
361, 162
363, 162
364, 163
365, 163
366, 164
368, 164
373, 169
373, 170
375, 172
375, 173
376, 174
376, 175
378, 177
378, 178
379, 179
379, 180
380, 181
380, 182
381, 183
381, 185
382, 186
382, 187
383, 188
383, 190
384, 191
384, 194
385, 195
385, 198
386, 199
386, 203
387, 204
387, 209
388, 210
388, 218
389, 219
389, 230
388, 231
388, 239
387, 240
387, 244
386, 245
386, 249
385, 250
385, 253
384, 254
384, 257
383, 258
383, 261
382, 262
382, 264
381, 265
381, 267
380, 268
380, 271
379, 272
379, 274
378, 275
378, 277
377, 278
377, 280
376, 281
376, 282
375, 283
375, 285
374, 286
374, 287
373, 288
373, 290
372, 291
372, 292
371, 293
371, 294
369, 296
369, 297
368, 298
368, 299
366, 301
366, 302
363, 305
363, 306
355, 314
355, 315
335, 335
334, 335
331, 338
330, 338
328, 340
327, 340
326, 341
325, 341
324, 342
323, 342
322, 343
321, 343
320, 344
319, 344
318, 345
315, 345
314, 346
311, 346
310, 347
308, 347
307, 348
303, 348
302, 349
296, 349
295, 350
288, 350
287, 351
258, 351
257, 350
248, 350
247, 349
240, 349
239, 348
229, 348
228, 347
223, 347
222, 346
218, 346
217, 345
214, 345
213, 344
210, 344
209, 343
206, 343
205, 342
202, 342
201, 341
199, 341
198, 340
195, 340
194, 339
191, 339
190, 338
188, 338
187, 337
185, 337
184, 336
182, 336
181, 335
179, 335
178, 334
176, 334
175, 333
173, 333
172, 332
170, 332
169, 331
167, 331
166, 330
165, 330
164, 329
162, 329
161, 328
159, 328
158, 327
156, 327
155, 326
153, 326
152, 325
151, 325
150, 324
149, 324
148, 323
147, 323
146, 322
145, 322
144, 321
143, 321
141, 319
140, 319
139, 318
138, 318
137, 317
136, 317
134, 315
133, 315
130, 312
129, 312
127, 310
126, 310
123, 307
122, 307
118, 303
117, 303
113, 299
112, 299
108, 295
107, 295
104, 292
103, 292
96, 285
96, 284
91, 279
91, 278
89, 276
89, 275
87, 273
87, 272
85, 270
85, 269
84, 268
84, 267
82, 265
82, 264
81, 263
81, 262
79, 260
79, 259
78, 258
78, 257
76, 255
76, 254
74, 252
74, 251
73, 250
73, 249
71, 247
71, 246
69, 244
69, 243
67, 241
67, 240
65, 238
65, 237
63, 235
63, 234
61, 232
61, 231
59, 229
59, 228
57, 226
57, 225
56, 224
56, 223
55, 222
55, 221
54, 220
54, 219
53, 218
53, 217
52, 216
52, 214
51, 213
51, 212
50, 211
50, 210
49, 209
49, 207
48, 206
48, 205
47, 204
47, 202
46, 201
46, 199
45, 198
45, 196
44, 195
44, 193
43, 192
43, 190
42, 189
42, 187
41, 186
41, 183
40, 182
40, 180
39, 179
39, 177
38, 176
38, 173
37, 172
37, 170
36, 169
36, 166
35, 165
35, 162
34, 161
34, 156
33, 155
33, 132
34, 131
34, 123
35, 122
35, 115
36, 114
36, 110
37, 109
37, 105
38, 104
38, 102
39, 101
39, 99
40, 98
40, 97
41, 96
41, 94
42, 93
42, 92
43, 91
43, 90
44, 89
143, 19
144, 18
154, 18
155, 19
163, 19
164, 20
170, 20
171, 21
176, 21
177, 22
181, 22
182, 23
186, 23
187, 24
190, 24
191, 25
194, 25
195, 26
198, 26
199, 27
202, 27
203, 28
205, 28
206, 29
209, 29
210, 30
212, 30
213, 31
215, 31
216, 32
218, 32
219, 33
221, 33
222, 34
223, 34
224, 35
225, 35
226, 36
227, 36
228, 37
229, 37
230, 38
231, 38
233, 40
234, 40
236, 42
237, 42
239, 44
240, 44
243, 47
244, 47
247, 50
248, 50
252, 54
253, 54
257, 58
258, 58
262, 62
263, 62
266, 65
267, 65
270, 68
271, 68
275, 72
276, 72
292, 88
292, 89
294, 91
294, 92
296, 94
296, 95
298, 97
298, 98
299, 99
299, 100
301, 102
301, 103
302, 104
302, 105
303, 106
303, 107
304, 108
304, 112
303, 113
301, 113
300, 112
297, 112
296, 111
292, 111
291, 110
286, 110
285, 109
282, 109
281, 108
280, 108
279, 107
277, 107
276, 106
275, 106
274, 105
273, 105
272, 104
271, 104
270, 103
269, 103
268, 102
266, 102
264, 100
264, 99
263, 98
263, 93
262, 92
262, 90
261, 89
261, 88
259, 88
258, 89
258, 92
259, 93
259, 99
260, 100
260, 103
258, 105
258, 107
259, 108
260, 108
261, 109
261, 111
262, 112
262, 116
263, 117
263, 120
264, 121
264, 124
263, 125
256, 125
255, 126
234, 126
233, 127
217, 127
216, 128
214, 128
213, 129
211, 129
210, 130
209, 130
208, 131
207, 131
206, 132
205, 132
203, 134
202, 133
201, 133
199, 131
193, 131
192, 132
191, 132
191, 133
190, 134
190, 135
189, 136
189, 147
188, 148
188, 149
187, 150
187, 151
186, 152
186, 155
184, 157
183, 156
183, 154
182, 153
182, 151
181, 150
181, 148
180, 147
180, 143
179, 142
179, 137
178, 136
178, 130
177, 129
177, 122
176, 121
176, 116
175, 115
175, 110
174, 109
174, 103
173, 102
173, 96
172, 95
172, 90
171, 89
171, 83
170, 82
170, 77
169, 76
169, 70
168, 69
168, 61
167, 60
167, 58
164, 58
163, 59
163, 60
164, 61
164, 68
165, 69
165, 83
166, 84
166, 92
167, 93
167, 99
168, 100
168, 106
169, 107
169, 112
170, 113
170, 117
171, 118
171, 121
172, 122
172, 125
173, 126
173, 130
174, 131
174, 136
175, 137
175, 142
176, 143
176, 148
177, 149
177, 154
178, 155
178, 156
177, 157
175, 155
175, 154
174, 153
174, 152
173, 151
173, 150
172, 149
172, 148
171, 147
171, 146
170, 145
170, 144
169, 143
169, 141
168, 140
168, 139
167, 138
167, 137
166, 136
166, 135
165, 134
165, 132
164, 131
164, 130
163, 129
163, 124
164, 123
164, 105
163, 104
163, 103
162, 102
162, 101
161, 100
158, 100
155, 103
155, 106
154, 107
154, 113
155, 114
155, 119
156, 120
156, 123
157, 124
157, 125
158, 126
158, 128
159, 129
158, 130
158, 131
156, 133
156, 134
154, 136
153, 135
153, 134
151, 132
150, 132
149, 131
148, 131
147, 130
141, 130
140, 131
140, 132
138, 134
137, 134
135, 132
135, 131
134, 130
134, 129
129, 124
128, 124
126, 122
125, 122
124, 121
120, 121
119, 122
118, 122
117, 123
117, 124
116, 125
116, 138
117, 139
117, 143
118, 144
118, 148
119, 149
119, 152
120, 153
120, 156
121, 157
121, 160
122, 161
122, 163
123, 164
123, 167
124, 168
124, 171
125, 172
125, 175
126, 176
126, 179
127, 180
127, 182
128, 183
128, 185
129, 186
129, 187
128, 188
125, 185
125, 184
122, 181
121, 181
119, 179
113, 179
112, 180
111, 180
111, 181
109, 183
109, 185
108, 186
108, 188
107, 189
107, 202
108, 203
108, 206
109, 207
109, 210
110, 211
110, 212
111, 213
111, 215
112, 216
112, 218
113, 219
113, 221
114, 222
114, 223
115, 224
115, 225
116, 226
116, 228
117, 229
117, 231
116, 232
112, 232
111, 231
110, 231
109, 230
108, 230
107, 229
105, 229
104, 228
103, 228
102, 227
100, 227
99, 226
98, 226
97, 225
96, 225
94, 223
93, 223
91, 221
90, 221
89, 220
88, 220
83, 215
83, 214
81, 212
81, 211
79, 209
79, 208
78, 207
78, 206
76, 204
76, 203
75, 202
75, 201
74, 200
74, 199
73, 198
73, 197
72, 196
72, 195
71, 194
71, 192
70, 191
70, 188
69, 187
69, 184
68, 183
68, 181
67, 180
67, 177
66, 176
66, 172
65, 171
65, 165
64, 164
64, 159
63, 158
63, 154
62, 153
62, 149
61, 148
61, 144
60, 143
60, 138
59, 137
59, 133
58, 132
58, 128
57, 127
57, 123
56, 122
56, 117
55, 116
55, 112
54, 111
54, 107
53, 106
53, 102
52, 101
52, 96
51, 95
51, 91
50, 90
50, 86
49, 85
49, 79
50, 78
50, 77
51, 76
51, 75
53, 73
53, 72
54, 71
54, 70
56, 68
56, 67
57, 66
57, 65
59, 63
59, 62
62, 59
62, 58
65, 55
65, 54
81, 38
82, 38
84, 36
85, 36
87, 34
88, 34
89, 33
90, 33
91, 32
92, 32
93, 31
94, 31
95, 30
96, 30
97, 29
98, 29
99, 28
101, 28
102, 27
103, 27
104, 26
106, 26
107, 25
109, 25
110, 24
113, 24
114, 23
117, 23
118, 22
122, 22
123, 21
127, 21
128, 20
134, 20
135, 19
