4, 2
384, 4
382, 369
2, 367
254, 15
252, 17
252, 18
251, 19
251, 21
250, 22
250, 24
249, 25
249, 26
248, 27
248, 29
247, 30
247, 31
246, 32
246, 34
245, 35
245, 37
244, 38
244, 40
243, 41
243, 42
242, 43
242, 45
241, 46
241, 47
240, 48
240, 50
239, 51
239, 54
238, 55
238, 57
237, 58
237, 60
236, 61
236, 64
235, 65
235, 68
234, 69
234, 73
233, 74
233, 76
232, 77
232, 80
231, 81
231, 84
230, 85
230, 88
229, 89
229, 91
228, 92
228, 95
227, 96
227, 98
226, 99
226, 101
225, 102
225, 105
224, 106
224, 108
223, 109
223, 112
222, 113
222, 116
221, 117
221, 119
220, 120
220, 123
219, 124
219, 126
218, 127
218, 130
217, 131
217, 133
216, 134
216, 137
215, 138
215, 141
214, 142
214, 144
213, 145
213, 147
212, 148
212, 150
211, 151
211, 152
210, 153
210, 154
209, 155
209, 156
208, 157
208, 158
206, 160
206, 161
205, 162
205, 163
203, 165
203, 166
202, 167
202, 168
200, 170
200, 171
197, 174
191, 174
190, 173
186, 173
185, 172
182, 172
181, 171
177, 171
176, 170
173, 170
172, 169
169, 169
168, 168
165, 168
164, 167
161, 167
160, 166
157, 166
156, 165
154, 165
153, 164
151, 164
150, 163
148, 163
147, 162
145, 162
144, 161
142, 161
141, 160
139, 160
138, 159
136, 159
135, 158
133, 158
132, 157
129, 157
128, 156
126, 156
125, 155
122, 155
121, 154
118, 154
117, 153
114, 153
113, 152
109, 152
108, 151
100, 151
99, 150
85, 150
84, 149
76, 149
75, 150
53, 150
52, 149
42, 149
40, 151
40, 152
41, 153
41, 154
50, 163
50, 164
60, 174
61, 174
63, 176
64, 176
66, 178
67, 178
68, 179
69, 179
70, 180
71, 180
72, 181
74, 181
75, 182
76, 182
77, 183
80, 183
81, 184
83, 184
84, 185
86, 185
87, 186
90, 186
91, 187
94, 187
95, 188
98, 188
99, 189
102, 189
103, 190
108, 190
109, 191
115, 191
116, 192
122, 192
123, 193
129, 193
130, 194
136, 194
137, 195
141, 195
142, 196
145, 196
146, 197
148, 197
149, 198
150, 198
151, 199
153, 199
154, 200
155, 200
156, 201
157, 201
159, 203
160, 203
161, 204
162, 204
164, 206
165, 206
167, 208
168, 208
172, 212
172, 213
171, 214
171, 215
170, 216
170, 217
168, 219
168, 220
167, 221
167, 222
165, 224
165, 225
163, 227
163, 228
162, 229
162, 230
160, 232
160, 233
158, 235
158, 236
156, 238
156, 239
154, 241
154, 242
152, 244
152, 245
150, 247
150, 248
147, 251
147, 252
144, 255
144, 256
141, 259
141, 260
137, 264
137, 265
132, 270
132, 271
123, 280
123, 281
108, 296
107, 296
104, 299
103, 299
102, 300
101, 300
100, 301
99, 301
97, 303
96, 303
94, 305
93, 305
91, 307
90, 307
88, 309
87, 309
86, 310
85, 310
83, 312
82, 312
81, 313
80, 313
77, 316
76, 316
74, 318
73, 318
71, 320
71, 322
72, 323
73, 323
74, 322
75, 322
78, 319
79, 319
81, 317
78, 323
77, 323
74, 326
73, 326
70, 329
69, 329
67, 331
66, 331
64, 333
63, 333
62, 334
61, 334
59, 336
58, 336
57, 337
55, 337
54, 338
52, 338
51, 339
40, 339
39, 338
38, 338
37, 337
36, 337
32, 333
32, 332
30, 330
30, 329
29, 328
29, 327
28, 326
28, 325
27, 324
27, 323
26, 322
26, 321
25, 320
25, 318
24, 317
24, 314
23, 313
23, 309
22, 308
22, 303
21, 302
21, 294
20, 293
20, 281
21, 280
22, 280
22, 279
23, 278
22, 277
22, 276
21, 275
21, 274
20, 273
20, 272
17, 272
17, 273
16, 274
16, 288
17, 289
17, 298
18, 299
18, 306
19, 307
19, 312
20, 313
20, 316
21, 317
21, 319
22, 320
22, 322
23, 323
23, 325
24, 326
24, 327
25, 328
25, 329
27, 331
27, 332
28, 333
28, 334
34, 340
35, 340
36, 341
37, 341
38, 342
40, 342
41, 343
50, 343
51, 342
54, 342
55, 341
57, 341
58, 340
59, 340
60, 339
61, 339
62, 338
63, 338
65, 336
66, 336
67, 335
68, 335
71, 332
72, 332
74, 330
75, 330
78, 327
79, 327
85, 321
86, 321
94, 313
95, 313
104, 304
105, 304
108, 301
109, 301
110, 300
112, 300
113, 299
114, 299
115, 298
116, 298
117, 297
119, 297
120, 296
121, 296
122, 295
123, 295
124, 294
126, 294
127, 293
128, 293
129, 292
131, 292
132, 291
133, 291
134, 290
136, 290
137, 289
138, 289
139, 288
141, 288
142, 287
144, 287
145, 286
146, 286
147, 285
149, 285
150, 284
151, 284
152, 283
154, 283
155, 282
156, 282
157, 281
159, 281
160, 280
161, 280
162, 279
164, 279
165, 278
166, 278
167, 277
169, 277
170, 276
171, 276
172, 275
173, 275
174, 274
176, 274
177, 273
178, 273
179, 272
180, 272
181, 271
183, 271
184, 270
185, 270
186, 269
188, 269
189, 270
189, 272
188, 273
188, 277
187, 278
187, 284
186, 285
186, 290
185, 291
185, 298
184, 299
184, 347
185, 348
185, 350
189, 354
191, 354
192, 355
194, 355
195, 354
198, 354
199, 353
200, 353
201, 352
202, 352
204, 350
205, 350
211, 344
211, 343
215, 339
215, 338
217, 336
217, 334
218, 333
218, 332
219, 331
219, 329
220, 328
220, 326
221, 325
221, 323
222, 322
222, 320
223, 319
223, 315
224, 314
224, 309
225, 308
225, 291
224, 290
224, 286
223, 285
223, 283
222, 282
222, 280
221, 279
221, 278
220, 277
220, 275
219, 274
219, 273
218, 272
218, 270
217, 269
217, 267
216, 266
216, 265
215, 264
215, 262
214, 261
214, 259
213, 258
215, 256
217, 256
218, 255
219, 255
220, 254
221, 254
222, 253
223, 253
224, 252
225, 252
226, 251
227, 251
228, 250
229, 250
230, 249
231, 249
232, 248
234, 248
235, 247
236, 247
237, 246
238, 246
239, 245
240, 245
241, 244
242, 244
243, 243
244, 243
245, 242
246, 242
247, 241
248, 241
249, 240
250, 240
251, 239
252, 239
253, 238
255, 238
256, 237
257, 237
258, 236
259, 236
260, 235
261, 235
262, 234
263, 234
264, 233
265, 233
266, 232
267, 232
268, 231
269, 231
270, 230
271, 230
272, 229
273, 229
274, 228
275, 228
276, 227
277, 227
278, 226
279, 226
280, 225
281, 225
282, 224
283, 224
284, 223
285, 223
286, 222
287, 222
288, 221
289, 221
290, 220
291, 220
292, 219
293, 219
294, 218
295, 218
296, 217
297, 217
298, 216
299, 216
300, 215
302, 215
303, 214
304, 214
305, 213
306, 213
307, 212
308, 212
309, 211
310, 211
311, 210
312, 210
313, 209
315, 209
316, 208
317, 208
318, 207
320, 207
321, 206
322, 206
323, 205
325, 205
326, 204
328, 204
329, 203
330, 203
331, 202
334, 202
335, 201
338, 201
339, 200
342, 200
343, 199
345, 199
346, 198
348, 198
349, 197
351, 197
352, 196
353, 196
354, 195
356, 195
357, 194
359, 194
360, 193
361, 193
362, 192
366, 192
367, 191
368, 191
368, 188
367, 188
366, 187
361, 187
360, 186
356, 186
355, 187
351, 187
350, 188
348, 188
347, 189
343, 189
342, 190
336, 190
335, 189
331, 189
330, 188
324, 188
323, 187
316, 187
315, 186
303, 186
302, 185
290, 185
289, 184
276, 184
275, 183
263, 183
262, 182
253, 182
252, 181
243, 181
242, 180
232, 180
231, 179
224, 179
223, 178
216, 178
215, 177
211, 177
210, 176
210, 172
211, 171
211, 167
212, 166
212, 163
213, 162
213, 159
214, 158
214, 155
215, 154
215, 152
216, 151
216, 150
217, 149
217, 148
218, 147
218, 146
219, 145
219, 144
220, 143
220, 142
221, 141
221, 140
222, 139
222, 137
223, 136
223, 135
224, 134
224, 133
225, 132
225, 130
226, 129
226, 128
227, 127
227, 125
228, 124
228, 122
229, 121
229, 119
230, 118
230, 116
231, 115
231, 113
232, 112
232, 110
233, 109
233, 107
234, 106
234, 103
235, 102
235, 100
236, 99
236, 96
237, 95
237, 93
238, 92
238, 89
239, 88
239, 85
240, 84
240, 81
241, 80
241, 77
242, 76
242, 73
243, 72
243, 69
244, 68
244, 66
245, 65
245, 62
246, 61
246, 58
247, 57
247, 54
248, 53
248, 50
249, 49
249, 47
250, 46
250, 43
251, 42
251, 40
252, 39
252, 36
253, 35
253, 33
254, 32
254, 29
255, 28
255, 24
256, 23
256, 16
255, 15
208, 260
209, 259
210, 260
210, 261
211, 262
211, 263
212, 264
212, 266
213, 267
213, 269
214, 270
214, 271
215, 272
215, 274
216, 275
216, 277
217, 278
217, 279
218, 280
218, 281
219, 282
219, 284
220, 285
220, 288
221, 289
221, 295
222, 296
222, 302
221, 303
221, 310
220, 311
220, 316
219, 317
219, 320
218, 321
218, 323
217, 324
217, 326
216, 327
216, 329
215, 330
215, 331
214, 332
214, 333
213, 334
213, 335
211, 337
211, 338
200, 349
199, 349
198, 350
196, 350
195, 351
192, 351
191, 350
190, 350
189, 349
189, 348
188, 347
188, 343
187, 342
187, 306
188, 305
188, 295
189, 294
189, 289
190, 288
190, 282
191, 281
191, 276
192, 275
192, 271
193, 270
193, 267
194, 266
195, 266
196, 265
197, 265
198, 264
199, 264
200, 263
201, 263
202, 262
203, 262
204, 261
206, 261
207, 260
198, 241
199, 240
200, 240
203, 243
203, 244
204, 245
204, 246
205, 247
205, 248
206, 249
206, 250
207, 251
207, 253
208, 254
208, 255
207, 256
206, 256
205, 257
204, 257
203, 258
202, 258
201, 259
200, 259
199, 260
198, 260
197, 261
196, 261
195, 260
195, 257
196, 256
196, 252
197, 251
197, 246
198, 245
180, 219
181, 219
195, 234
196, 235
196, 236
195, 237
195, 242
194, 243
194, 247
193, 248
193, 252
192, 253
192, 257
191, 258
191, 261
190, 262
190, 263
186, 265
185, 266
184, 266
183, 267
181, 267
180, 268
179, 268
178, 269
177, 269
176, 270
174, 270
173, 271
172, 271
171, 272
170, 272
169, 273
167, 273
166, 274
165, 274
164, 275
162, 275
161, 276
160, 276
159, 277
157, 277
156, 278
155, 278
154, 279
152, 279
151, 280
150, 280
149, 281
147, 281
146, 282
145, 282
144, 283
142, 283
141, 284
140, 284
139, 285
137, 285
136, 286
135, 286
134, 287
132, 287
131, 288
130, 288
129, 289
127, 289
126, 290
125, 290
124, 291
122, 291
121, 292
120, 292
119, 293
118, 293
131, 278
131, 277
137, 271
137, 270
141, 266
141, 265
145, 261
145, 260
148, 257
148, 256
151, 253
151, 252
153, 250
153, 249
156, 246
156, 245
158, 243
158, 242
160, 240
160, 239
162, 237
162, 236
163, 235
163, 234
165, 232
165, 231
167, 229
167, 228
168, 227
168, 226
170, 224
170, 223
171, 222
171, 221
173, 219
173, 218
348, 192
347, 194
209, 181
210, 180
211, 180
212, 181
218, 181
219, 182
226, 182
227, 183
236, 183
237, 184
246, 184
247, 185
256, 185
257, 186
267, 186
268, 187
281, 187
282, 188
295, 188
296, 189
309, 189
310, 190
319, 190
320, 191
326, 191
327, 192
332, 192
333, 193
347, 194
346, 195
344, 195
343, 196
340, 196
339, 197
336, 197
335, 198
332, 198
331, 199
329, 199
328, 200
326, 200
325, 201
323, 201
322, 202
321, 202
320, 203
318, 203
317, 204
316, 204
315, 205
313, 205
312, 206
311, 206
310, 207
309, 207
308, 208
307, 208
306, 209
305, 209
304, 210
302, 210
301, 211
300, 211
299, 212
298, 212
297, 213
296, 213
295, 214
294, 214
293, 215
292, 215
291, 216
290, 216
289, 217
288, 217
287, 218
286, 218
285, 219
284, 219
283, 220
282, 220
281, 221
280, 221
279, 222
278, 222
277, 223
276, 223
275, 224
274, 224
273, 225
272, 225
271, 226
270, 226
269, 227
268, 227
267, 228
266, 228
265, 229
264, 229
263, 230
262, 230
261, 231
260, 231
259, 232
258, 232
257, 233
255, 233
254, 234
253, 234
252, 235
251, 235
250, 236
249, 236
248, 237
247, 237
246, 238
245, 238
244, 239
243, 239
242, 240
241, 240
240, 241
239, 241
238, 242
237, 242
236, 243
234, 243
233, 244
232, 244
231, 245
230, 245
229, 246
228, 246
227, 247
226, 247
225, 248
224, 248
223, 249
222, 249
221, 250
220, 250
219, 251
218, 251
217, 252
215, 252
214, 253
212, 253
210, 251
210, 249
209, 248
209, 247
208, 246
208, 245
207, 244
207, 243
206, 242
206, 241
204, 239
204, 238
201, 235
201, 234
200, 233
200, 229
201, 228
201, 224
202, 223
202, 218
203, 217
203, 213
204, 212
204, 207
205, 206
205, 202
206, 201
206, 196
207, 195
207, 190
208, 189
208, 183
209, 182
198, 180
199, 179
203, 179
205, 181
205, 185
204, 186
204, 191
203, 192
203, 197
202, 198
202, 203
201, 204
201, 208
200, 209
200, 214
199, 215
199, 219
198, 220
198, 225
197, 226
197, 228
196, 229
180, 213
179, 213
178, 212
178, 210
180, 208
180, 207
182, 205
182, 204
183, 203
183, 202
185, 200
185, 199
188, 196
188, 195
190, 193
190, 192
192, 190
192, 189
194, 187
194, 186
196, 184
196, 183
198, 181
205, 169
207, 169
206, 174
206, 175
205, 176
204, 172
204, 171
205, 170
47, 154
48, 153
94, 153
95, 154
103, 154
104, 155
110, 155
111, 156
114, 156
115, 157
118, 157
119, 158
122, 158
123, 159
126, 159
127, 160
129, 160
130, 161
132, 161
133, 162
135, 162
136, 163
138, 163
139, 164
141, 164
142, 165
145, 165
146, 166
148, 166
149, 167
151, 167
152, 168
154, 168
155, 169
157, 169
158, 170
161, 170
162, 171
165, 171
166, 172
169, 172
170, 173
173, 173
174, 174
178, 174
179, 175
182, 175
183, 176
187, 176
188, 177
192, 177
194, 179
194, 180
193, 181
193, 182
191, 184
191, 185
188, 188
188, 189
186, 191
186, 192
184, 194
184, 195
182, 197
182, 198
180, 200
180, 201
178, 203
178, 204
176, 206
176, 207
175, 208
173, 208
170, 205
169, 205
167, 203
166, 203
164, 201
163, 201
161, 199
160, 199
159, 198
158, 198
157, 197
156, 197
155, 196
154, 196
153, 195
151, 195
150, 194
148, 194
147, 193
145, 193
144, 192
141, 192
140, 191
135, 191
134, 190
128, 190
127, 189
120, 189
119, 188
113, 188
112, 187
107, 187
106, 186
102, 186
101, 185
98, 185
97, 184
94, 184
93, 183
90, 183
89, 182
86, 182
85, 181
83, 181
82, 180
80, 180
79, 179
77, 179
76, 178
75, 178
74, 177
72, 177
71, 176
70, 176
69, 175
68, 175
66, 173
65, 173
62, 170
61, 170
55, 164
55, 163
47, 155
