196, 2
198, 367
4, 369
2, 4
131, 17
131, 18
130, 19
130, 20
129, 21
129, 24
128, 25
128, 30
127, 31
127, 41
126, 42
126, 51
125, 52
125, 56
124, 57
124, 61
123, 62
123, 65
122, 66
122, 70
121, 71
121, 75
120, 76
120, 81
119, 82
119, 86
118, 87
118, 91
117, 92
117, 96
116, 97
116, 101
115, 102
115, 106
114, 107
114, 112
113, 113
113, 118
112, 119
112, 123
111, 124
111, 129
110, 130
110, 134
109, 135
109, 140
108, 141
108, 146
107, 147
107, 152
106, 153
106, 158
105, 159
105, 165
104, 166
104, 171
103, 172
103, 178
102, 179
102, 184
101, 185
101, 189
100, 190
99, 190
95, 186
94, 186
90, 182
89, 182
88, 181
87, 181
85, 179
84, 179
83, 178
81, 178
80, 177
79, 177
78, 176
75, 176
74, 175
71, 175
70, 174
63, 174
62, 173
55, 173
54, 174
47, 174
46, 175
42, 175
41, 176
38, 176
37, 177
34, 177
33, 178
31, 178
30, 179
27, 179
26, 180
25, 180
24, 181
22, 181
21, 182
20, 182
19, 183
18, 183
17, 184
16, 184
14, 186
13, 186
11, 188
10, 188
9, 189
9, 191
10, 192
10, 193
11, 194
12, 194
13, 195
14, 195
15, 196
16, 196
17, 197
20, 197
21, 198
25, 198
26, 199
30, 199
31, 200
36, 200
37, 201
42, 201
43, 202
48, 202
49, 203
55, 203
56, 204
64, 204
65, 205
74, 205
75, 206
97, 206
98, 207
98, 208
97, 209
97, 213
96, 214
96, 219
95, 220
95, 224
94, 225
94, 228
93, 229
93, 233
92, 234
92, 238
91, 239
91, 242
90, 243
90, 246
89, 247
89, 250
88, 251
88, 254
87, 255
87, 258
86, 259
86, 261
85, 262
85, 265
84, 266
84, 269
83, 270
83, 272
82, 273
82, 275
81, 276
81, 279
80, 280
80, 281
69, 292
68, 292
61, 299
60, 299
55, 304
54, 304
49, 309
48, 309
42, 315
41, 315
33, 323
32, 323
25, 330
24, 330
23, 329
23, 327
22, 326
22, 323
21, 322
21, 319
20, 318
20, 314
19, 313
19, 308
18, 307
18, 301
17, 300
17, 291
16, 290
16, 271
15, 270
14, 270
13, 271
13, 277
14, 278
14, 290
15, 291
15, 299
16, 300
16, 307
17, 308
17, 313
18, 314
18, 318
19, 319
19, 322
20, 323
20, 326
21, 327
21, 329
22, 330
22, 333
18, 337
18, 338
16, 340
16, 341
15, 342
15, 343
14, 344
14, 345
15, 346
16, 345
16, 344
17, 343
17, 342
19, 340
19, 339
22, 336
23, 336
25, 338
25, 339
26, 340
26, 341
28, 343
28, 344
30, 346
30, 347
33, 350
34, 350
36, 352
37, 352
38, 353
40, 353
41, 354
44, 354
45, 353
47, 353
49, 351
50, 351
55, 346
55, 345
58, 342
58, 341
60, 339
60, 338
61, 337
61, 336
62, 335
62, 334
63, 333
63, 332
64, 331
64, 330
65, 329
65, 328
66, 327
66, 326
67, 325
67, 323
68, 322
68, 321
69, 320
69, 318
70, 317
70, 316
71, 315
71, 313
72, 312
72, 310
73, 309
73, 307
74, 306
74, 304
75, 303
75, 301
76, 300
76, 298
77, 297
77, 295
78, 294
78, 292
79, 291
79, 289
80, 288
80, 286
81, 285
81, 284
89, 276
90, 276
101, 265
102, 265
118, 249
119, 249
125, 243
126, 243
128, 245
128, 246
129, 247
129, 249
130, 250
130, 251
131, 252
131, 254
132, 255
132, 256
133, 257
133, 259
134, 260
134, 262
135, 263
135, 265
136, 266
136, 272
137, 273
137, 281
138, 282
138, 289
139, 290
139, 296
140, 297
140, 302
141, 303
141, 307
142, 308
142, 311
143, 312
143, 315
144, 316
144, 318
145, 319
145, 321
146, 322
146, 324
147, 325
147, 326
148, 327
148, 328
150, 330
150, 331
154, 335
158, 335
159, 334
159, 325
158, 324
158, 320
157, 319
157, 317
156, 316
156, 313
155, 312
155, 310
154, 309
154, 307
153, 306
153, 303
152, 302
152, 300
151, 299
151, 297
150, 296
150, 294
149, 293
149, 291
148, 290
148, 288
147, 287
147, 286
146, 285
146, 284
145, 283
145, 281
144, 280
144, 279
143, 278
143, 277
142, 276
142, 275
141, 274
141, 272
140, 271
140, 270
139, 269
139, 266
138, 265
138, 262
137, 261
137, 254
136, 253
136, 244
135, 243
135, 233
141, 227
142, 227
150, 219
150, 218
169, 199
169, 198
173, 194
173, 193
177, 189
177, 188
180, 185
180, 184
183, 181
183, 180
185, 178
185, 177
187, 175
187, 174
188, 173
188, 172
189, 171
189, 170
190, 169
190, 167
188, 167
185, 170
184, 170
181, 173
180, 173
177, 176
176, 176
174, 178
173, 178
171, 180
170, 180
168, 182
167, 182
165, 184
164, 184
163, 185
162, 185
160, 187
159, 187
158, 188
157, 188
156, 189
155, 189
154, 190
153, 190
152, 191
151, 191
150, 192
148, 192
147, 193
146, 193
145, 194
143, 194
142, 195
140, 195
139, 196
137, 196
136, 197
133, 197
131, 195
131, 179
130, 178
130, 159
129, 158
129, 133
128, 132
128, 49
129, 48
129, 44
130, 43
130, 39
131, 38
131, 35
132, 34
132, 31
133, 30
133, 25
134, 24
134, 17
76, 288
77, 289
77, 291
76, 292
76, 294
75, 295
75, 297
74, 298
74, 300
73, 301
73, 303
72, 304
72, 306
71, 307
71, 309
70, 310
70, 312
69, 313
69, 315
68, 316
68, 317
67, 318
67, 320
66, 321
66, 322
65, 323
65, 324
64, 325
64, 327
63, 328
63, 329
62, 330
62, 331
61, 332
61, 333
60, 334
60, 335
59, 336
59, 337
57, 339
57, 340
55, 342
55, 343
48, 350
47, 350
46, 351
45, 351
44, 352
41, 352
40, 351
38, 351
36, 349
35, 349
31, 345
31, 344
29, 342
29, 341
27, 339
27, 337
26, 336
26, 335
25, 334
25, 333
35, 323
36, 323
44, 315
45, 315
50, 310
51, 310
56, 305
57, 305
63, 299
64, 299
71, 292
72, 292
139, 278
140, 277
142, 279
142, 280
143, 281
143, 283
144, 284
144, 285
145, 286
145, 287
146, 288
146, 290
147, 291
147, 293
148, 294
148, 296
149, 297
149, 299
150, 300
150, 302
151, 303
151, 306
152, 307
152, 309
153, 310
153, 312
154, 313
154, 316
155, 317
155, 319
156, 320
156, 324
157, 325
157, 332
156, 333
155, 333
151, 329
151, 328
149, 326
149, 325
148, 324
148, 322
147, 321
147, 319
146, 318
146, 316
145, 315
145, 312
144, 311
144, 308
143, 307
143, 303
142, 302
142, 298
141, 297
141, 291
140, 290
140, 283
139, 282
131, 237
132, 237
133, 238
133, 243
134, 244
134, 250
133, 251
131, 249
131, 247
130, 246
130, 245
129, 244
129, 243
128, 242
128, 240
100, 206
101, 205
107, 205
109, 207
109, 208
111, 210
111, 211
112, 212
112, 213
113, 214
113, 215
114, 216
114, 217
115, 218
115, 219
116, 220
116, 221
118, 223
118, 224
119, 225
119, 226
120, 227
120, 228
121, 229
121, 231
122, 232
122, 233
123, 234
123, 235
124, 236
124, 237
125, 238
125, 240
115, 250
114, 250
99, 265
98, 265
87, 276
86, 276
85, 277
84, 277
83, 276
84, 275
84, 273
85, 272
85, 269
86, 268
86, 266
87, 265
87, 262
88, 261
88, 258
89, 257
89, 255
90, 254
90, 251
91, 250
91, 247
92, 246
92, 243
93, 242
93, 239
94, 238
94, 234
95, 233
95, 229
96, 228
96, 224
97, 223
97, 220
98, 219
98, 214
99, 213
99, 209
100, 208
125, 202
126, 201
129, 201
130, 202
130, 210
131, 211
131, 222
132, 223
132, 233
128, 237
127, 237
125, 235
125, 233
124, 232
124, 231
123, 230
123, 229
122, 228
122, 227
121, 226
121, 225
120, 224
120, 223
119, 222
119, 221
118, 220
118, 219
117, 218
117, 217
115, 215
115, 214
114, 213
114, 212
113, 211
113, 210
112, 209
112, 208
110, 206
110, 205
111, 204
114, 204
115, 203
120, 203
121, 202
105, 201
104, 203
101, 202
53, 176
54, 175
63, 175
64, 176
71, 176
72, 177
75, 177
76, 178
78, 178
79, 179
80, 179
81, 180
82, 180
83, 181
84, 181
85, 182
86, 182
87, 183
88, 183
91, 186
92, 186
99, 193
99, 194
100, 195
100, 197
99, 198
99, 202
97, 204
74, 204
73, 203
65, 203
64, 202
55, 202
54, 201
49, 201
48, 200
42, 200
41, 199
36, 199
35, 198
30, 198
29, 197
25, 197
24, 196
21, 196
20, 195
17, 195
16, 194
15, 194
14, 193
13, 193
11, 191
15, 187
16, 187
18, 185
19, 185
20, 184
22, 184
23, 183
24, 183
25, 182
26, 182
27, 181
29, 181
30, 180
33, 180
34, 179
36, 179
37, 178
41, 178
42, 177
46, 177
47, 176
182, 174
183, 174
184, 175
184, 176
182, 178
182, 179
179, 182
179, 183
176, 186
176, 187
173, 190
173, 191
168, 196
168, 197
158, 207
158, 208
138, 228
137, 228
135, 230
134, 229
134, 223
133, 222
133, 212
132, 211
132, 201
134, 199
136, 199
137, 198
139, 198
140, 197
142, 197
143, 196
145, 196
146, 195
147, 195
148, 194
150, 194
151, 193
152, 193
153, 192
154, 192
155, 191
156, 191
157, 190
158, 190
159, 189
160, 189
161, 188
162, 188
163, 187
164, 187
166, 185
167, 185
169, 183
170, 183
172, 181
173, 181
175, 179
176, 179
178, 177
179, 177
124, 69
125, 68
126, 69
126, 130
127, 131
127, 156
128, 157
128, 177
129, 178
129, 193
130, 194
130, 197
128, 199
126, 199
125, 200
121, 200
120, 201
116, 201
115, 202
108, 202
107, 201
107, 200
104, 197
104, 196
103, 195
103, 194
102, 193
102, 191
103, 190
103, 184
104, 183
104, 178
105, 177
105, 172
106, 171
106, 165
107, 164
107, 159
108, 158
108, 153
109, 152
109, 146
110, 145
110, 140
111, 139
111, 135
112, 134
112, 129
113, 128
113, 124
114, 123
114, 118
115, 117
115, 113
116, 112
116, 107
117, 106
117, 102
118, 101
118, 97
119, 96
119, 91
120, 90
120, 86
121, 85
121, 81
122, 80
122, 76
123, 75
123, 71
124, 70
