262, 2
264, 367
4, 369
2, 4
171, 16
170, 17
170, 18
169, 19
169, 20
168, 21
168, 22
167, 23
167, 24
166, 25
166, 27
165, 28
165, 29
164, 30
164, 31
163, 32
163, 34
162, 35
162, 36
161, 37
161, 38
160, 39
160, 40
159, 41
159, 43
158, 44
158, 45
157, 46
157, 47
156, 48
156, 49
155, 50
155, 51
154, 52
154, 53
153, 54
153, 55
152, 56
152, 57
151, 58
151, 59
150, 60
150, 61
149, 62
149, 63
148, 64
148, 65
147, 66
147, 67
146, 68
146, 69
145, 70
145, 71
144, 72
144, 73
143, 74
143, 75
142, 76
142, 77
141, 78
141, 79
139, 81
139, 82
138, 83
138, 84
137, 85
137, 86
136, 87
136, 88
135, 89
135, 90
134, 91
134, 92
133, 93
133, 94
132, 95
132, 96
131, 97
131, 98
130, 99
130, 100
129, 101
129, 102
128, 103
128, 104
127, 105
127, 106
126, 107
126, 108
124, 110
124, 111
123, 112
123, 113
122, 114
122, 115
121, 116
121, 117
120, 118
120, 119
119, 120
119, 121
116, 124
115, 124
114, 123
109, 123
108, 122
101, 122
100, 121
90, 121
89, 120
73, 120
72, 119
41, 119
40, 120
40, 121
39, 122
39, 123
40, 124
40, 126
41, 127
41, 128
42, 129
42, 130
44, 132
45, 132
47, 134
48, 134
49, 135
52, 135
53, 136
72, 136
73, 135
97, 135
98, 136
109, 136
110, 137
110, 138
109, 139
109, 140
108, 141
108, 142
107, 143
107, 144
106, 145
106, 146
105, 147
105, 148
103, 150
103, 151
102, 152
102, 153
101, 154
101, 155
100, 156
100, 157
99, 158
99, 159
97, 161
97, 162
96, 163
96, 164
95, 165
95, 166
94, 167
94, 168
92, 170
92, 171
90, 173
90, 174
89, 175
89, 176
87, 178
87, 179
85, 181
85, 182
83, 184
83, 185
81, 187
81, 188
79, 190
79, 191
77, 193
77, 194
74, 197
74, 198
70, 202
70, 203
66, 207
66, 208
51, 223
50, 223
48, 225
47, 225
46, 226
45, 226
44, 227
42, 227
41, 228
39, 228
38, 227
37, 227
33, 223
33, 222
32, 221
32, 219
31, 218
31, 214
30, 213
30, 200
31, 199
31, 193
32, 192
32, 187
33, 186
33, 182
34, 181
34, 177
35, 176
35, 173
37, 171
37, 168
36, 167
34, 167
33, 168
33, 170
32, 171
32, 173
31, 174
31, 178
30, 179
30, 183
29, 184
29, 189
28, 190
28, 195
27, 196
27, 216
28, 217
28, 220
29, 221
29, 223
30, 224
30, 225
31, 226
31, 227
33, 229
34, 229
36, 231
44, 231
45, 230
46, 230
47, 229
48, 229
49, 228
50, 228
52, 226
53, 226
57, 222
58, 222
63, 217
63, 216
70, 209
70, 208
74, 204
74, 203
77, 200
77, 199
80, 196
80, 195
82, 193
82, 192
84, 190
84, 189
86, 187
86, 186
88, 184
88, 183
90, 181
90, 180
92, 178
92, 177
93, 176
93, 175
95, 173
95, 172
97, 170
97, 169
98, 168
98, 167
99, 166
99, 165
100, 164
100, 163
102, 161
102, 160
103, 159
103, 158
104, 157
104, 156
105, 155
105, 154
106, 153
106, 152
108, 150
108, 149
109, 148
109, 147
110, 146
110, 145
111, 144
111, 143
112, 142
112, 141
113, 140
113, 139
115, 137
124, 137
125, 138
133, 138
134, 139
134, 145
133, 146
133, 155
132, 156
132, 182
123, 191
122, 191
100, 213
100, 214
89, 225
89, 226
83, 232
83, 233
78, 238
78, 239
74, 243
74, 244
69, 249
69, 250
65, 254
65, 255
62, 258
62, 259
58, 263
58, 264
55, 267
55, 268
52, 271
52, 272
49, 275
49, 276
47, 278
47, 279
45, 281
45, 282
42, 285
42, 286
40, 288
40, 289
39, 290
39, 291
37, 293
37, 294
35, 296
35, 297
33, 299
33, 300
32, 301
32, 302
30, 304
30, 305
29, 306
29, 307
28, 308
28, 309
27, 310
27, 311
25, 313
25, 314
24, 315
24, 316
23, 317
23, 318
22, 319
22, 320
21, 321
21, 322
20, 323
20, 325
19, 326
19, 327
18, 328
18, 329
17, 330
17, 332
16, 333
16, 335
15, 336
15, 338
14, 339
14, 341
13, 342
13, 345
12, 346
12, 350
11, 351
11, 353
12, 354
14, 354
15, 353
15, 348
16, 347
16, 344
17, 343
17, 341
18, 340
18, 338
19, 337
19, 335
20, 334
20, 333
21, 332
21, 330
22, 329
22, 328
23, 327
23, 325
24, 324
24, 323
25, 322
25, 321
26, 320
26, 319
27, 318
27, 317
28, 316
28, 315
30, 313
30, 312
31, 311
31, 310
32, 309
32, 308
33, 307
33, 306
35, 304
35, 303
36, 302
36, 301
38, 299
38, 298
40, 296
40, 295
42, 293
42, 292
43, 291
43, 290
45, 288
45, 287
48, 284
48, 283
50, 281
50, 280
52, 278
52, 277
55, 274
55, 273
58, 270
58, 269
62, 265
62, 264
65, 261
65, 260
69, 256
69, 255
73, 251
73, 250
77, 246
77, 245
82, 240
82, 239
87, 234
87, 233
94, 226
94, 225
130, 189
131, 189
132, 190
132, 203
133, 204
133, 214
134, 215
134, 221
135, 222
135, 225
136, 226
136, 228
137, 229
137, 230
138, 231
138, 232
140, 234
140, 235
142, 237
143, 237
144, 238
145, 238
146, 239
152, 239
153, 238
154, 238
160, 232
160, 231
162, 229
162, 228
163, 227
163, 225
164, 224
164, 223
165, 222
165, 219
166, 218
166, 215
167, 214
167, 210
168, 209
168, 203
169, 202
169, 179
168, 178
168, 171
167, 170
167, 166
166, 165
166, 162
165, 161
165, 159
168, 156
169, 156
172, 153
173, 153
176, 150
177, 150
180, 147
181, 147
184, 144
185, 144
187, 142
188, 142
189, 141
190, 141
191, 140
198, 140
199, 139
204, 139
205, 138
209, 138
210, 137
214, 137
215, 136
218, 136
219, 135
221, 135
222, 134
224, 134
225, 133
227, 133
228, 132
230, 132
231, 131
232, 131
233, 130
235, 130
236, 129
237, 129
238, 128
239, 128
240, 127
241, 127
242, 126
243, 126
244, 125
245, 125
247, 123
248, 123
253, 118
253, 117
254, 116
254, 115
253, 114
253, 113
251, 111
250, 111
249, 110
241, 110
240, 111
236, 111
235, 112
233, 112
232, 113
231, 113
230, 114
228, 114
227, 115
226, 115
225, 116
223, 116
222, 117
221, 117
220, 118
219, 118
218, 119
217, 119
216, 120
215, 120
214, 121
213, 121
212, 122
211, 122
209, 124
208, 124
207, 125
206, 125
204, 127
203, 127
202, 128
201, 128
199, 130
198, 130
196, 132
195, 132
193, 134
192, 134
190, 136
189, 136
188, 137
179, 137
178, 138
177, 138
176, 137
157, 137
156, 136
149, 136
148, 135
147, 135
146, 134
145, 134
143, 132
142, 132
141, 131
140, 131
139, 130
139, 128
140, 127
140, 122
141, 121
141, 116
142, 115
142, 111
143, 110
143, 106
144, 105
144, 102
145, 101
145, 98
146, 97
146, 94
147, 93
147, 90
148, 89
148, 86
149, 85
149, 82
150, 81
150, 79
151, 78
151, 75
152, 74
152, 72
153, 71
153, 69
154, 68
154, 65
155, 64
155, 62
156, 61
156, 59
157, 58
157, 56
158, 55
158, 54
159, 53
159, 51
160, 50
160, 49
161, 48
161, 47
162, 46
162, 45
163, 44
163, 43
164, 42
164, 40
165, 39
165, 38
166, 37
166, 36
167, 35
167, 34
168, 33
168, 32
169, 31
169, 30
170, 29
170, 27
171, 26
171, 25
172, 24
172, 22
173, 21
173, 20
174, 19
174, 17
173, 16
161, 162
163, 164
163, 168
164, 169
164, 174
165, 175
165, 184
166, 185
166, 195
165, 196
165, 206
164, 207
164, 212
163, 213
163, 216
162, 217
162, 219
161, 220
161, 222
160, 223
160, 225
159, 226
159, 227
157, 229
157, 230
152, 235
151, 235
150, 236
148, 236
147, 235
146, 235
141, 230
141, 229
140, 228
140, 227
139, 226
139, 224
138, 223
138, 219
137, 218
137, 211
136, 210
136, 196
135, 195
135, 185
144, 176
145, 176
152, 169
153, 169
157, 165
158, 165
155, 141
156, 140
163, 140
164, 141
180, 141
181, 142
179, 144
178, 144
175, 147
174, 147
171, 150
170, 150
167, 153
166, 153
164, 155
162, 153
162, 151
160, 149
160, 148
159, 147
159, 146
155, 142
138, 140
139, 139
147, 140
148, 140
156, 148
156, 149
157, 150
157, 151
159, 153
159, 155
160, 156
157, 161
156, 161
151, 166
150, 166
144, 172
143, 172
137, 178
135, 177
135, 163
136, 162
136, 151
137, 150
138, 141
120, 128
121, 128
122, 129
125, 129
126, 130
129, 130
130, 131
132, 131
133, 132
134, 132
135, 133
135, 134
134, 135
130, 135
129, 134
118, 134
117, 133
117, 132
118, 131
118, 130
43, 123
44, 122
63, 122
64, 123
81, 123
82, 124
95, 124
96, 125
104, 125
105, 126
111, 126
112, 127
114, 127
115, 128
115, 129
113, 131
113, 132
112, 133
105, 133
104, 132
65, 132
64, 133
57, 133
56, 132
52, 132
51, 131
49, 131
44, 126
44, 125
43, 124
243, 114
244, 113
247, 113
248, 114
249, 114
250, 115
250, 116
246, 120
245, 120
243, 122
242, 122
241, 123
240, 123
239, 124
238, 124
237, 125
236, 125
235, 126
234, 126
233, 127
231, 127
230, 128
229, 128
228, 129
226, 129
225, 130
223, 130
222, 131
220, 131
219, 132
216, 132
215, 133
212, 133
211, 134
208, 134
207, 135
202, 135
201, 136
199, 136
198, 135
200, 133
201, 133
203, 131
204, 131
205, 130
206, 130
208, 128
209, 128
210, 127
211, 127
213, 125
214, 125
215, 124
216, 124
217, 123
218, 123
219, 122
220, 122
221, 121
222, 121
223, 120
224, 120
225, 119
227, 119
228, 118
229, 118
230, 117
232, 117
233, 116
234, 116
235, 115
238, 115
239, 114
144, 80
145, 79
146, 83
145, 84
145, 86
144, 87
144, 90
143, 91
143, 94
142, 95
142, 98
141, 99
141, 103
140, 104
140, 107
139, 108
139, 112
138, 113
138, 118
137, 119
137, 123
136, 124
136, 127
135, 128
132, 128
131, 127
129, 127
128, 126
125, 126
124, 125
123, 125
122, 124
122, 122
123, 121
123, 120
124, 119
124, 118
125, 117
125, 116
126, 115
126, 114
127, 113
127, 112
129, 110
129, 109
130, 108
130, 107
131, 106
131, 105
132, 104
132, 103
133, 102
133, 101
134, 100
134, 99
135, 98
135, 97
136, 96
136, 95
137, 94
137, 93
138, 92
138, 91
139, 90
139, 89
140, 88
140, 87
141, 86
141, 85
142, 84
142, 83
144, 81
147, 78
145, 79
