222, 2
224, 367
4, 369
2, 4
117, 17
117, 23
116, 24
116, 48
117, 49
117, 81
116, 82
116, 97
115, 98
115, 108
114, 109
114, 116
113, 117
113, 124
112, 125
112, 131
111, 132
111, 138
110, 139
110, 144
109, 145
109, 149
108, 150
108, 155
107, 156
107, 160
106, 161
106, 164
105, 165
105, 169
104, 170
104, 174
103, 175
103, 178
102, 179
102, 183
101, 184
101, 187
100, 188
100, 191
99, 192
99, 195
98, 196
98, 199
97, 200
97, 202
96, 203
96, 204
95, 205
94, 205
93, 206
86, 206
85, 207
81, 207
80, 208
78, 208
77, 209
75, 209
74, 210
72, 210
71, 211
68, 211
67, 212
65, 212
64, 213
61, 213
60, 214
57, 214
56, 215
52, 215
51, 216
43, 216
42, 217
34, 217
33, 218
25, 218
24, 219
19, 219
18, 220
15, 220
14, 221
12, 221
11, 222
11, 224
24, 224
25, 223
30, 223
31, 222
36, 222
37, 221
41, 221
42, 220
46, 220
47, 219
51, 219
52, 218
55, 218
56, 217
63, 217
64, 216
72, 216
73, 215
82, 215
83, 214
92, 214
93, 215
93, 216
92, 217
92, 219
91, 220
91, 222
90, 223
90, 225
89, 226
89, 228
88, 229
88, 231
87, 232
87, 233
86, 234
86, 236
85, 237
85, 239
84, 240
84, 241
83, 242
83, 244
82, 245
82, 246
81, 247
81, 249
80, 250
80, 251
79, 252
79, 254
78, 255
78, 256
77, 257
77, 259
76, 260
76, 261
75, 262
75, 264
74, 265
74, 266
73, 267
73, 268
72, 269
72, 271
71, 272
71, 273
70, 274
70, 275
69, 276
69, 278
68, 279
68, 280
67, 281
67, 282
66, 283
66, 285
65, 286
65, 287
64, 288
64, 289
63, 290
63, 291
62, 292
62, 293
61, 294
61, 295
60, 296
60, 297
59, 298
59, 299
58, 300
58, 301
57, 302
57, 303
56, 304
56, 305
55, 306
55, 307
54, 308
54, 309
52, 311
52, 312
51, 313
51, 314
49, 316
49, 317
45, 321
45, 322
42, 325
41, 325
38, 328
37, 328
36, 329
29, 329
28, 328
27, 328
22, 323
22, 322
21, 321
21, 320
20, 319
20, 318
19, 317
19, 316
18, 315
18, 313
17, 312
17, 310
16, 309
16, 306
15, 305
15, 301
14, 300
14, 296
13, 295
13, 289
12, 288
12, 273
13, 272
14, 273
15, 273
15, 266
14, 265
14, 258
13, 257
13, 256
11, 256
11, 258
10, 259
10, 272
9, 273
9, 275
10, 276
10, 289
11, 290
11, 295
12, 296
12, 301
13, 302
13, 305
14, 306
14, 309
15, 310
15, 312
16, 313
16, 315
17, 316
17, 318
18, 319
18, 320
19, 321
19, 322
21, 324
21, 325
26, 330
28, 330
29, 331
36, 331
37, 330
38, 330
39, 329
40, 329
42, 327
43, 327
47, 323
47, 322
50, 319
50, 318
52, 316
52, 315
54, 313
54, 312
55, 311
55, 310
57, 308
57, 307
58, 306
58, 305
59, 304
59, 303
60, 302
60, 301
61, 300
61, 299
62, 298
62, 297
63, 296
63, 295
64, 294
64, 293
65, 292
65, 291
66, 290
66, 288
67, 287
67, 286
68, 285
68, 284
69, 283
69, 281
70, 280
70, 279
71, 278
71, 277
72, 276
72, 274
73, 273
73, 272
74, 271
74, 270
75, 269
75, 268
76, 267
76, 265
77, 264
77, 263
78, 262
78, 260
79, 259
79, 258
80, 257
80, 255
81, 254
81, 253
82, 252
82, 250
83, 249
83, 248
84, 247
84, 245
85, 244
85, 243
86, 242
86, 240
87, 239
87, 238
88, 237
88, 235
89, 234
89, 232
90, 231
90, 229
91, 228
91, 226
92, 225
92, 223
93, 222
93, 220
94, 219
94, 217
95, 216
95, 215
97, 213
100, 213
101, 212
113, 212
115, 214
116, 214
125, 223
125, 224
126, 225
126, 226
127, 227
127, 236
128, 237
128, 244
129, 245
129, 252
130, 253
130, 258
131, 259
131, 263
132, 264
132, 268
133, 269
133, 270
129, 274
128, 274
125, 277
124, 277
122, 279
121, 279
118, 282
117, 282
115, 284
114, 284
111, 287
110, 287
107, 290
106, 290
103, 293
102, 293
99, 296
98, 296
95, 299
94, 299
91, 302
90, 302
87, 305
86, 305
82, 309
81, 309
77, 313
76, 313
73, 316
72, 316
67, 321
66, 321
61, 326
60, 326
56, 330
55, 330
50, 335
49, 335
43, 341
42, 341
32, 351
31, 351
31, 352
30, 353
33, 353
43, 343
44, 343
50, 337
51, 337
56, 332
57, 332
62, 327
63, 327
67, 323
68, 323
73, 318
74, 318
78, 314
79, 314
82, 311
83, 311
87, 307
88, 307
91, 304
92, 304
96, 300
97, 300
100, 297
101, 297
104, 294
105, 294
107, 292
108, 292
111, 289
112, 289
115, 286
116, 286
119, 283
120, 283
122, 281
123, 281
126, 278
127, 278
129, 276
130, 276
132, 274
133, 274
134, 275
134, 277
135, 278
135, 282
136, 283
136, 286
137, 287
137, 290
138, 291
138, 293
139, 294
139, 297
140, 298
140, 300
141, 301
141, 302
142, 303
142, 305
143, 306
143, 307
144, 308
144, 309
147, 312
150, 312
152, 310
152, 309
153, 308
153, 307
154, 306
154, 302
155, 301
155, 286
154, 285
154, 280
153, 279
153, 275
152, 274
152, 271
151, 270
151, 267
150, 266
150, 264
149, 263
154, 258
155, 258
158, 255
159, 255
161, 253
162, 253
164, 251
165, 251
168, 248
169, 248
171, 246
172, 246
175, 243
176, 243
179, 240
180, 240
182, 238
183, 238
186, 235
187, 235
190, 232
191, 232
195, 228
196, 228
209, 215
209, 214
212, 211
212, 210
213, 209
213, 208
214, 207
214, 206
215, 205
215, 201
213, 199
212, 199
211, 198
197, 198
196, 199
187, 199
186, 200
177, 200
176, 201
170, 201
169, 202
161, 202
160, 203
153, 203
152, 204
146, 204
145, 205
139, 205
138, 206
132, 206
131, 207
129, 207
127, 205
127, 184
126, 183
126, 152
125, 151
125, 108
124, 107
124, 81
123, 80
123, 53
122, 52
122, 32
121, 31
121, 22
120, 21
120, 18
119, 17
146, 264
147, 264
148, 265
148, 267
149, 268
149, 270
150, 271
150, 274
151, 275
151, 279
152, 280
152, 286
153, 287
153, 301
152, 302
152, 306
151, 307
151, 308
149, 310
148, 310
146, 308
146, 307
145, 306
145, 305
144, 304
144, 303
143, 302
143, 300
142, 299
142, 297
141, 296
141, 294
140, 293
140, 290
139, 289
139, 286
138, 285
138, 282
137, 281
137, 278
136, 277
136, 272
139, 269
140, 269
143, 266
144, 266
129, 233
130, 232
131, 232
132, 233
132, 234
134, 236
134, 237
135, 238
135, 239
137, 241
137, 242
138, 243
138, 244
140, 246
140, 247
141, 248
141, 249
142, 250
142, 251
143, 252
143, 254
144, 255
144, 256
145, 257
145, 258
146, 259
146, 261
143, 264
142, 264
139, 267
138, 267
136, 269
134, 267
134, 264
133, 263
133, 259
132, 258
132, 253
131, 252
131, 245
130, 244
130, 236
129, 235
117, 211
118, 210
125, 210
126, 211
126, 219
125, 220
117, 212
97, 209
102, 208
102, 210
101, 210
98, 211
85, 209
86, 208
94, 208
95, 209
93, 211
92, 211
91, 212
83, 212
82, 213
76, 213
75, 212
76, 211
77, 211
78, 210
81, 210
82, 209
197, 201
198, 200
210, 200
211, 201
212, 201
213, 202
213, 204
212, 205
212, 207
210, 209
210, 210
208, 212
208, 213
195, 226
194, 226
189, 231
188, 231
185, 234
184, 234
182, 236
181, 236
178, 239
177, 239
175, 241
174, 241
171, 244
170, 244
167, 247
166, 247
164, 249
163, 249
161, 251
160, 251
157, 254
156, 254
154, 256
153, 256
150, 259
148, 259
147, 258
147, 256
146, 255
146, 254
145, 253
145, 252
144, 251
144, 250
143, 249
143, 248
142, 247
142, 246
141, 245
141, 244
140, 243
140, 242
138, 240
138, 239
137, 238
137, 237
135, 235
135, 234
133, 232
133, 231
131, 229
131, 228
130, 227
130, 226
129, 225
129, 224
128, 223
128, 210
129, 209
131, 209
132, 208
139, 208
140, 207
146, 207
147, 206
152, 206
153, 205
161, 205
162, 204
169, 204
170, 203
177, 203
178, 202
187, 202
188, 201
119, 61
120, 60
121, 61
121, 81
122, 82
122, 109
123, 110
123, 152
124, 153
124, 184
125, 185
125, 206
123, 208
117, 208
116, 209
111, 209
110, 208
108, 208
107, 207
104, 207
103, 206
100, 206
98, 204
99, 203
99, 200
100, 199
100, 196
101, 195
101, 192
102, 191
102, 188
103, 187
103, 184
104, 183
104, 180
105, 179
105, 175
106, 174
106, 171
107, 170
107, 166
108, 165
108, 161
109, 160
109, 156
110, 155
110, 151
111, 150
111, 145
112, 144
112, 139
113, 138
113, 133
114, 132
114, 125
115, 124
115, 118
116, 117
116, 109
117, 108
117, 98
118, 97
118, 82
119, 81
