246, 2
248, 367
4, 369
2, 4
237, 16
235, 18
235, 19
234, 20
234, 21
233, 22
233, 23
232, 24
232, 25
231, 26
231, 27
230, 28
230, 29
229, 30
229, 31
228, 32
228, 33
227, 34
227, 35
225, 37
225, 38
224, 39
224, 40
223, 41
223, 43
222, 44
222, 45
221, 46
221, 47
220, 48
220, 49
219, 50
219, 51
218, 52
218, 53
217, 54
217, 55
216, 56
216, 57
215, 58
215, 60
214, 61
214, 62
213, 63
213, 64
212, 65
212, 67
211, 68
211, 69
210, 70
210, 72
209, 73
209, 74
208, 75
208, 77
207, 78
207, 80
206, 81
206, 83
205, 84
205, 85
204, 86
204, 88
203, 89
203, 91
202, 92
202, 94
201, 95
201, 97
200, 98
200, 100
199, 101
199, 103
198, 104
198, 107
197, 108
197, 110
196, 111
196, 113
195, 114
195, 116
194, 117
194, 119
193, 120
193, 123
192, 124
192, 126
191, 127
191, 129
190, 130
190, 133
189, 134
189, 137
188, 138
188, 140
184, 144
183, 143
183, 133
182, 132
182, 130
181, 129
181, 128
179, 126
174, 126
168, 132
168, 133
167, 134
167, 135
165, 137
165, 138
164, 139
164, 140
163, 141
163, 142
162, 143
162, 144
161, 145
161, 146
160, 147
160, 148
159, 149
159, 151
158, 152
158, 153
157, 154
157, 156
156, 157
156, 159
155, 160
155, 162
154, 163
154, 166
153, 167
153, 170
151, 172
151, 173
149, 175
149, 176
146, 179
146, 180
144, 182
144, 183
141, 186
141, 187
137, 191
137, 192
129, 200
128, 200
127, 201
126, 201
123, 198
123, 196
122, 195
122, 192
121, 191
121, 168
122, 167
122, 159
123, 158
123, 152
124, 151
124, 145
125, 144
125, 138
126, 137
126, 131
127, 130
127, 124
128, 123
128, 118
129, 117
129, 111
130, 110
130, 103
131, 102
131, 96
132, 95
132, 87
133, 86
133, 80
132, 79
130, 79
130, 80
129, 81
129, 83
128, 84
128, 86
127, 87
127, 89
126, 90
126, 92
125, 93
125, 96
124, 97
124, 99
123, 100
123, 102
122, 103
122, 106
121, 107
121, 109
120, 110
120, 113
119, 114
119, 116
118, 117
118, 120
117, 121
117, 123
116, 124
116, 127
115, 128
115, 130
114, 131
114, 134
113, 135
113, 137
112, 138
112, 141
111, 142
111, 144
110, 145
110, 147
109, 148
109, 151
108, 152
108, 154
107, 155
107, 157
106, 158
106, 159
105, 160
105, 162
104, 163
104, 165
103, 166
103, 167
102, 168
102, 170
101, 171
101, 172
100, 173
100, 174
99, 175
99, 177
98, 178
98, 179
97, 180
97, 181
96, 182
96, 183
94, 185
94, 186
93, 187
93, 188
91, 190
91, 191
86, 196
84, 196
81, 193
81, 191
80, 190
80, 187
79, 186
79, 179
78, 178
78, 138
79, 137
79, 124
80, 123
80, 111
81, 110
81, 100
82, 99
82, 91
83, 90
83, 83
84, 82
84, 74
85, 73
85, 66
86, 65
86, 60
87, 59
87, 53
88, 52
88, 46
89, 45
89, 40
90, 39
90, 34
91, 33
91, 28
92, 27
92, 24
93, 23
93, 19
92, 18
90, 20
90, 23
89, 24
89, 27
88, 28
88, 31
87, 32
87, 35
86, 36
86, 39
85, 40
85, 44
84, 45
84, 48
83, 49
83, 52
82, 53
82, 56
81, 57
81, 60
80, 61
80, 64
79, 65
79, 69
78, 70
78, 73
77, 74
77, 77
76, 78
76, 82
75, 83
75, 86
74, 87
74, 91
73, 92
73, 95
72, 96
72, 100
71, 101
71, 104
70, 105
70, 109
69, 110
69, 113
68, 114
68, 118
67, 119
67, 122
66, 123
66, 127
65, 128
65, 131
64, 132
64, 135
63, 136
63, 140
62, 141
62, 144
61, 145
61, 148
60, 149
60, 151
59, 152
59, 155
58, 156
58, 159
57, 160
57, 162
56, 163
56, 166
55, 167
55, 169
54, 170
54, 173
53, 174
53, 176
52, 177
52, 179
51, 180
51, 182
50, 183
50, 185
49, 186
49, 188
48, 189
48, 191
47, 192
47, 194
46, 195
46, 197
45, 198
45, 200
44, 201
44, 202
43, 203
43, 205
42, 206
42, 207
41, 208
41, 210
40, 211
40, 212
39, 213
39, 215
38, 216
38, 217
37, 218
37, 220
36, 221
36, 222
35, 223
35, 224
34, 225
34, 226
33, 227
33, 228
32, 229
32, 230
31, 231
31, 232
30, 233
30, 234
28, 236
28, 237
23, 242
21, 242
19, 240
19, 239
18, 238
18, 237
17, 236
17, 234
16, 233
16, 230
15, 229
15, 225
14, 224
14, 217
13, 216
13, 207
12, 206
11, 206
10, 207
10, 208
11, 209
11, 219
12, 220
12, 227
13, 228
13, 231
14, 232
14, 235
15, 236
15, 237
16, 238
16, 240
18, 242
18, 243
19, 244
20, 244
21, 245
23, 245
24, 244
25, 244
30, 239
30, 238
31, 237
31, 236
33, 234
33, 233
34, 232
34, 231
35, 230
35, 229
36, 228
36, 227
37, 226
37, 224
38, 223
38, 222
39, 221
39, 220
40, 219
40, 218
41, 217
41, 215
42, 214
42, 213
43, 212
43, 210
44, 209
44, 207
45, 206
45, 205
46, 204
46, 202
47, 201
47, 199
48, 198
48, 197
49, 196
49, 194
50, 193
50, 191
51, 190
51, 188
52, 187
52, 185
53, 184
53, 182
54, 181
54, 179
55, 178
55, 175
56, 174
56, 172
57, 171
57, 169
58, 168
58, 165
59, 164
59, 162
60, 161
60, 158
61, 157
61, 154
62, 153
62, 151
63, 150
63, 147
64, 146
64, 143
65, 142
65, 138
66, 137
66, 134
67, 133
67, 130
68, 129
68, 125
69, 124
69, 121
70, 120
70, 116
71, 115
71, 112
72, 111
72, 107
73, 106
73, 103
74, 102
74, 98
75, 97
75, 94
76, 93
76, 89
77, 88
77, 85
78, 84
78, 80
79, 79
79, 76
80, 75
80, 73
81, 72
82, 73
82, 78
81, 79
81, 87
80, 88
80, 95
79, 96
79, 106
78, 107
78, 118
77, 119
77, 131
76, 132
76, 154
75, 155
75, 166
76, 167
76, 182
77, 183
77, 188
78, 189
78, 192
79, 193
79, 194
80, 195
80, 196
82, 198
87, 198
88, 197
89, 197
91, 195
91, 194
94, 191
94, 190
96, 188
96, 187
97, 186
97, 185
98, 184
98, 183
99, 182
99, 181
100, 180
100, 179
101, 178
101, 177
102, 176
102, 175
103, 174
103, 172
104, 171
104, 170
105, 169
105, 167
106, 166
106, 165
107, 164
107, 162
108, 161
108, 159
109, 158
109, 156
110, 155
110, 153
111, 152
111, 150
112, 149
112, 147
113, 146
113, 143
114, 142
114, 140
115, 139
115, 137
116, 136
116, 133
117, 132
117, 130
118, 129
118, 126
119, 125
119, 123
120, 122
120, 119
121, 118
121, 115
122, 114
122, 112
123, 111
123, 108
124, 107
124, 105
125, 104
125, 102
126, 101
126, 98
127, 97
127, 96
128, 95
129, 96
129, 99
128, 100
128, 107
127, 108
127, 114
126, 115
126, 121
125, 122
125, 127
124, 128
124, 134
123, 135
123, 141
122, 142
122, 148
121, 149
121, 155
120, 156
120, 162
119, 163
119, 193
120, 194
120, 197
121, 198
121, 199
122, 200
122, 201
124, 203
129, 203
131, 201
132, 201
137, 196
137, 195
142, 190
142, 189
145, 186
145, 185
147, 183
147, 182
150, 179
150, 178
152, 176
152, 175
153, 174
155, 174
156, 175
157, 175
159, 177
158, 178
158, 183
157, 184
157, 189
156, 190
156, 195
155, 196
155, 203
154, 204
154, 208
155, 209
155, 211
156, 212
158, 212
160, 210
161, 210
161, 209
164, 206
164, 205
166, 203
166, 202
167, 201
167, 200
168, 199
168, 198
169, 197
169, 196
170, 195
170, 194
171, 193
171, 192
172, 191
172, 189
173, 188
173, 187
174, 186
174, 184
175, 183
175, 182
176, 181
176, 179
177, 178
177, 175
178, 174
178, 171
179, 170
179, 167
180, 166
180, 163
181, 162
181, 157
182, 156
182, 152
185, 149
186, 150
186, 157
185, 158
185, 179
186, 180
186, 189
187, 190
187, 196
188, 197
188, 203
189, 204
189, 210
190, 211
190, 218
193, 218
193, 213
194, 212
194, 203
195, 202
195, 193
196, 192
196, 185
197, 184
197, 178
198, 177
198, 170
199, 169
199, 163
200, 162
200, 155
201, 154
201, 146
202, 145
202, 134
201, 133
201, 131
200, 130
197, 130
194, 133
193, 132
193, 129
194, 128
194, 125
195, 124
195, 122
196, 121
196, 119
197, 118
197, 116
198, 115
198, 113
199, 112
199, 109
200, 108
200, 106
201, 105
201, 103
202, 102
202, 100
203, 99
203, 97
204, 96
204, 94
205, 93
205, 91
206, 90
206, 88
207, 87
207, 85
208, 84
208, 83
209, 82
209, 80
210, 79
210, 77
211, 76
211, 74
212, 73
212, 72
213, 71
213, 69
214, 68
214, 67
215, 66
215, 65
216, 64
216, 62
217, 61
217, 60
218, 59
218, 58
219, 57
219, 55
220, 54
220, 53
221, 52
221, 51
222, 50
222, 49
223, 48
223, 47
224, 46
224, 45
225, 44
225, 43
226, 42
226, 41
227, 40
228, 41
228, 46
227, 47
227, 53
226, 54
226, 60
225, 61
225, 68
224, 69
224, 76
223, 77
223, 84
222, 85
222, 93
221, 94
221, 102
220, 103
220, 112
219, 113
219, 123
218, 124
218, 134
217, 135
217, 146
216, 147
216, 160
215, 161
215, 175
214, 176
214, 192
213, 193
213, 211
212, 212
212, 232
211, 233
211, 255
210, 256
210, 278
209, 279
209, 283
208, 284
208, 287
207, 288
207, 291
206, 292
206, 295
205, 296
205, 300
204, 301
204, 306
203, 307
203, 312
202, 313
202, 322
201, 323
201, 346
202, 347
202, 350
203, 351
203, 352
204, 353
206, 353
207, 352
207, 350
208, 349
208, 343
209, 342
209, 334
210, 333
210, 316
211, 315
211, 293
212, 292
212, 280
213, 279
213, 276
214, 275
214, 272
215, 271
215, 269
216, 268
216, 266
217, 265
217, 263
218, 262
218, 259
219, 258
219, 256
220, 255
220, 254
221, 253
221, 251
222, 250
222, 248
223, 247
223, 246
224, 245
224, 243
225, 242
225, 241
226, 240
226, 238
227, 237
227, 235
228, 234
228, 233
229, 232
229, 231
230, 230
230, 229
231, 228
231, 227
232, 226
232, 225
233, 224
233, 223
234, 222
234, 221
235, 220
235, 219
236, 218
236, 217
237, 216
237, 213
235, 213
235, 214
234, 215
234, 216
233, 217
233, 218
232, 219
232, 220
231, 221
231, 222
230, 223
230, 224
229, 225
229, 226
228, 227
228, 229
227, 230
227, 231
226, 232
226, 233
225, 234
225, 235
224, 236
224, 238
223, 239
223, 241
222, 242
222, 243
221, 244
221, 246
220, 247
220, 248
219, 249
219, 251
218, 252
218, 254
217, 255
217, 257
216, 258
216, 260
215, 261
215, 263
214, 264
213, 263
213, 242
214, 241
214, 220
215, 219
215, 200
216, 199
216, 183
217, 182
217, 167
218, 166
218, 153
219, 152
219, 140
220, 139
220, 128
221, 127
221, 117
222, 116
222, 107
223, 106
223, 98
224, 97
224, 89
225, 88
225, 80
226, 79
226, 72
227, 71
227, 64
228, 63
228, 56
229, 55
229, 50
230, 49
230, 43
231, 42
231, 38
232, 37
232, 33
233, 32
233, 30
234, 29
234, 27
235, 26
235, 25
236, 24
236, 23
237, 22
237, 21
238, 20
238, 16
207, 300
208, 299
209, 300
209, 307
208, 308
208, 327
207, 328
207, 339
206, 340
206, 345
205, 346
204, 345
204, 343
203, 342
203, 328
204, 327
204, 316
205, 315
205, 310
206, 309
206, 304
207, 303
160, 167
159, 171
159, 172
156, 171
157, 169
157, 168
177, 159
178, 160
178, 164
177, 165
177, 168
176, 169
176, 172
175, 173
175, 176
174, 177
174, 179
173, 180
173, 182
172, 183
172, 184
171, 185
171, 187
170, 188
170, 189
169, 190
169, 191
168, 192
168, 194
167, 195
167, 196
165, 198
165, 199
164, 200
164, 201
163, 202
163, 203
161, 205
161, 206
159, 208
158, 208
157, 207
157, 199
158, 198
158, 193
159, 192
159, 187
160, 186
160, 181
161, 180
161, 176
162, 175
162, 174
164, 172
165, 172
173, 164
173, 163
197, 133
198, 133
199, 134
199, 151
198, 152
198, 159
197, 160
197, 166
196, 167
196, 174
195, 175
195, 181
194, 182
194, 189
193, 190
193, 198
191, 200
190, 199
190, 194
189, 193
189, 186
188, 185
188, 151
189, 150
189, 145
190, 144
190, 142
191, 141
191, 140
194, 137
194, 136
176, 128
180, 131
180, 135
181, 136
181, 142
180, 143
179, 151
179, 152
177, 154
177, 155
173, 159
173, 160
164, 169
162, 168
163, 167
163, 160
162, 159
161, 159
160, 160
159, 160
158, 159
159, 158
159, 156
160, 155
161, 152
161, 151
162, 150
162, 149
163, 148
163, 146
164, 145
164, 144
166, 142
166, 141
167, 140
167, 139
168, 138
168, 137
169, 136
169, 135
