4, 2
384, 4
382, 369
2, 367
365, 16
355, 26
355, 27
353, 29
353, 30
350, 33
350, 34
349, 35
349, 36
347, 38
347, 39
345, 41
345, 42
344, 43
344, 44
343, 45
343, 46
341, 48
341, 49
340, 50
340, 51
339, 52
339, 53
338, 54
338, 55
337, 56
337, 57
336, 58
336, 59
335, 60
335, 61
334, 62
334, 63
333, 64
333, 65
332, 66
332, 67
331, 68
331, 69
330, 70
330, 71
329, 72
329, 73
328, 74
328, 75
327, 76
327, 77
326, 78
326, 79
325, 80
325, 82
324, 83
324, 84
323, 85
323, 86
322, 87
322, 88
321, 89
321, 91
320, 92
320, 93
319, 94
319, 95
318, 96
318, 98
317, 99
317, 100
316, 101
316, 103
315, 104
315, 105
314, 106
314, 108
313, 109
313, 110
312, 111
312, 113
311, 114
311, 116
310, 117
310, 118
309, 119
309, 121
308, 122
308, 124
307, 125
307, 126
306, 127
306, 129
305, 130
305, 132
304, 133
304, 135
303, 136
303, 138
302, 139
302, 141
301, 142
301, 144
300, 145
300, 147
299, 148
299, 150
298, 151
298, 153
297, 154
297, 156
296, 157
296, 159
295, 160
295, 162
294, 163
294, 166
293, 167
293, 169
292, 170
292, 172
291, 173
291, 176
290, 177
290, 179
289, 180
289, 183
288, 184
288, 187
287, 188
287, 190
286, 191
286, 194
285, 195
285, 198
284, 199
284, 201
283, 202
283, 204
282, 205
281, 204
281, 200
282, 199
282, 193
283, 192
283, 186
284, 185
284, 179
285, 178
285, 172
286, 171
286, 166
287, 165
287, 160
288, 159
288, 154
289, 153
289, 148
290, 147
290, 143
291, 142
291, 140
292, 139
292, 138
293, 137
293, 136
294, 135
294, 134
295, 133
295, 130
296, 129
296, 128
295, 127
293, 127
292, 128
292, 129
291, 130
291, 132
290, 133
290, 136
289, 137
289, 139
288, 140
288, 141
287, 142
287, 143
282, 148
282, 149
266, 165
265, 165
261, 169
261, 170
253, 178
253, 179
250, 182
250, 183
248, 185
248, 186
247, 187
247, 188
246, 189
246, 190
245, 191
245, 193
244, 194
244, 198
243, 199
243, 206
244, 207
244, 211
245, 212
245, 216
246, 217
246, 220
247, 221
247, 226
246, 227
246, 228
245, 229
245, 230
244, 231
244, 232
242, 234
242, 235
241, 236
241, 237
240, 238
240, 239
239, 240
239, 241
238, 242
238, 243
236, 245
236, 246
235, 247
235, 248
234, 249
234, 250
233, 251
233, 252
232, 253
232, 254
230, 256
230, 257
229, 258
229, 259
228, 260
228, 261
226, 263
226, 264
223, 267
223, 268
217, 274
216, 274
215, 275
214, 275
213, 276
212, 276
211, 275
210, 275
207, 272
207, 270
208, 269
208, 268
211, 265
211, 264
213, 262
213, 261
214, 260
214, 259
215, 258
215, 257
216, 256
216, 255
217, 254
217, 253
218, 252
218, 251
219, 250
219, 249
220, 248
220, 247
221, 246
221, 245
222, 244
222, 242
223, 241
223, 240
224, 239
224, 237
225, 236
225, 233
226, 232
226, 228
227, 227
227, 214
226, 213
226, 210
225, 209
225, 208
224, 207
224, 206
221, 203
220, 203
219, 202
218, 202
217, 203
216, 203
215, 204
214, 204
213, 205
213, 206
211, 208
211, 209
210, 210
210, 211
209, 212
209, 214
208, 215
208, 217
207, 218
207, 220
206, 221
206, 224
205, 225
205, 228
204, 229
204, 233
203, 234
203, 239
202, 240
202, 247
201, 248
201, 262
202, 263
202, 267
203, 268
203, 270
202, 271
201, 271
200, 272
199, 272
198, 271
197, 271
193, 267
193, 265
192, 264
192, 259
191, 258
191, 252
192, 251
192, 243
193, 242
193, 237
194, 236
194, 232
195, 231
195, 229
196, 228
196, 226
197, 225
196, 224
195, 224
193, 226
193, 228
192, 229
192, 231
191, 232
191, 233
190, 234
190, 236
189, 237
189, 238
188, 239
188, 241
187, 242
187, 243
186, 244
186, 245
185, 246
185, 247
184, 248
184, 249
183, 250
183, 251
182, 252
182, 253
181, 254
181, 255
180, 256
180, 257
179, 258
179, 259
178, 260
178, 261
177, 262
177, 263
175, 265
175, 266
174, 267
174, 268
172, 270
172, 271
168, 275
167, 275
166, 276
165, 276
164, 277
161, 277
160, 276
159, 276
154, 271
154, 270
153, 269
153, 268
152, 267
152, 266
151, 265
151, 263
150, 262
150, 259
149, 258
149, 252
148, 251
148, 235
149, 234
149, 231
150, 230
150, 228
151, 227
151, 226
152, 225
152, 224
153, 223
153, 221
154, 220
154, 219
155, 218
155, 217
156, 216
156, 215
157, 214
157, 212
158, 211
158, 210
159, 209
159, 207
160, 206
160, 205
161, 204
161, 202
162, 201
162, 199
163, 198
163, 197
164, 196
164, 194
165, 193
165, 191
166, 190
166, 187
167, 186
167, 184
168, 183
168, 180
169, 179
169, 175
170, 174
170, 167
168, 165
167, 165
166, 166
165, 166
163, 168
163, 169
161, 171
161, 172
160, 173
160, 174
159, 175
159, 177
158, 178
158, 180
157, 181
157, 182
156, 183
156, 185
155, 186
155, 189
154, 190
154, 192
153, 193
153, 196
152, 197
152, 200
151, 201
151, 204
150, 205
150, 209
149, 210
149, 215
148, 216
148, 222
147, 223
147, 230
146, 231
146, 233
145, 234
145, 235
144, 236
144, 237
143, 238
143, 239
142, 240
142, 241
141, 242
141, 243
139, 245
139, 246
138, 247
138, 248
136, 250
136, 251
135, 252
135, 253
133, 255
133, 256
131, 258
131, 259
129, 261
129, 262
124, 267
123, 267
122, 268
117, 268
116, 267
115, 267
114, 266
113, 266
109, 262
109, 261
107, 259
107, 258
106, 257
106, 256
105, 255
105, 253
104, 252
104, 250
103, 249
103, 247
102, 246
102, 241
101, 240
101, 232
100, 231
100, 215
101, 214
101, 209
102, 208
102, 205
103, 204
103, 202
104, 201
104, 199
105, 198
105, 195
106, 194
106, 192
107, 191
107, 189
108, 188
108, 185
109, 184
109, 182
110, 181
110, 178
111, 177
111, 175
112, 174
112, 172
113, 171
113, 168
114, 167
114, 165
115, 164
115, 162
116, 161
116, 158
117, 157
117, 153
118, 152
118, 150
117, 149
117, 148
114, 148
111, 151
111, 152
110, 153
110, 154
109, 155
109, 156
108, 157
108, 159
107, 160
107, 162
106, 163
106, 165
105, 166
105, 169
104, 170
104, 173
103, 174
103, 178
102, 179
102, 184
101, 185
101, 191
100, 192
100, 199
99, 200
99, 208
98, 209
98, 212
97, 213
97, 216
96, 217
96, 219
95, 220
95, 222
94, 223
94, 225
93, 226
93, 228
92, 229
92, 231
91, 232
91, 233
90, 234
90, 236
89, 237
89, 239
88, 240
88, 242
87, 243
87, 245
86, 246
86, 248
85, 249
85, 251
84, 252
84, 254
83, 255
83, 257
82, 258
82, 259
81, 260
81, 262
80, 263
80, 265
79, 266
79, 268
78, 269
78, 270
77, 271
77, 273
76, 274
76, 275
75, 276
75, 278
74, 279
74, 281
73, 282
73, 283
72, 284
72, 285
71, 286
71, 288
70, 289
70, 290
69, 291
69, 292
68, 293
68, 294
67, 295
67, 296
66, 297
66, 298
65, 299
65, 300
64, 301
64, 302
63, 303
63, 304
62, 305
62, 306
61, 307
61, 308
59, 310
59, 311
58, 312
58, 313
57, 314
57, 315
55, 317
55, 318
53, 320
53, 321
51, 323
51, 324
49, 326
49, 327
41, 335
40, 335
39, 336
38, 336
37, 337
36, 337
35, 338
31, 338
30, 337
29, 337
28, 336
27, 336
24, 333
24, 332
22, 330
22, 329
21, 328
21, 326
20, 325
20, 323
19, 322
19, 301
20, 300
20, 295
21, 294
21, 291
22, 290
22, 287
23, 286
23, 284
24, 283
24, 282
25, 281
25, 280
26, 279
26, 278
31, 273
33, 273
34, 274
34, 275
35, 276
35, 283
34, 284
34, 290
33, 291
33, 295
32, 296
32, 300
31, 301
31, 304
30, 305
30, 307
29, 308
29, 311
28, 312
28, 315
27, 316
27, 320
26, 321
26, 324
28, 324
28, 321
29, 320
29, 317
30, 316
30, 313
31, 312
31, 309
32, 308
32, 305
33, 304
33, 301
34, 300
34, 297
35, 296
35, 292
36, 291
36, 285
37, 284
37, 275
36, 274
36, 273
34, 271
30, 271
24, 277
24, 278
23, 279
23, 280
22, 281
22, 283
21, 284
21, 286
20, 287
20, 289
19, 290
19, 293
18, 294
18, 299
17, 300
17, 322
18, 323
18, 326
19, 327
19, 329
20, 330
20, 331
22, 333
22, 334
26, 338
27, 338
28, 339
30, 339
31, 340
35, 340
36, 339
38, 339
39, 338
40, 338
41, 337
42, 337
51, 328
51, 327
53, 325
53, 324
55, 322
55, 321
57, 319
57, 318
58, 317
58, 316
60, 314
60, 313
61, 312
61, 311
62, 310
62, 309
64, 307
64, 306
65, 305
65, 304
66, 303
66, 302
67, 301
67, 300
68, 299
68, 298
69, 297
69, 296
70, 295
70, 294
71, 293
71, 292
72, 291
72, 289
73, 288
73, 287
74, 286
74, 285
75, 284
75, 282
76, 281
76, 280
77, 279
77, 277
78, 276
78, 275
79, 274
79, 272
80, 271
80, 269
81, 268
81, 267
82, 266
82, 264
83, 263
83, 261
84, 260
84, 258
85, 257
85, 255
86, 254
86, 253
87, 252
87, 250
88, 249
88, 247
89, 246
89, 244
90, 243
90, 241
91, 240
91, 238
92, 237
92, 235
93, 234
93, 232
94, 231
94, 229
95, 228
95, 226
96, 225
96, 224
97, 223
98, 224
98, 232
99, 233
99, 241
100, 242
100, 246
101, 247
101, 250
102, 251
102, 253
103, 254
103, 256
104, 257
104, 258
105, 259
105, 260
107, 262
107, 263
112, 268
113, 268
114, 269
115, 269
116, 270
123, 270
125, 268
126, 268
131, 263
131, 262
133, 260
133, 259
135, 257
135, 256
137, 254
137, 253
138, 252
138, 251
140, 249
140, 248
141, 247
141, 246
142, 245
142, 244
144, 242
144, 241
145, 240
146, 241
146, 251
147, 252
147, 258
148, 259
148, 262
149, 263
149, 265
150, 266
150, 268
151, 269
151, 270
152, 271
152, 272
158, 278
159, 278
160, 279
165, 279
166, 278
167, 278
168, 277
169, 277
174, 272
174, 271
176, 269
176, 268
177, 267
177, 266
179, 264
179, 263
180, 262
180, 261
181, 260
181, 259
182, 258
182, 257
183, 256
183, 255
184, 254
184, 253
185, 252
185, 251
186, 250
186, 249
187, 248
187, 247
188, 246
188, 245
189, 244
190, 245
190, 250
189, 251
189, 259
190, 260
190, 265
191, 266
191, 267
192, 268
192, 269
193, 270
193, 271
194, 272
195, 272
196, 273
197, 273
198, 274
200, 274
201, 273
205, 273
209, 277
210, 277
211, 278
214, 278
215, 277
216, 277
217, 276
218, 276
225, 269
225, 268
227, 266
227, 265
229, 263
229, 262
231, 260
231, 259
232, 258
232, 257
233, 256
233, 255
235, 253
235, 252
236, 251
236, 250
237, 249
237, 248
238, 247
238, 246
239, 245
239, 244
241, 242
241, 241
242, 240
242, 239
243, 238
243, 237
244, 236
244, 235
245, 234
245, 233
247, 231
248, 232
248, 266
249, 267
251, 267
251, 259
252, 258
252, 248
253, 247
253, 239
254, 238
254, 230
255, 229
255, 218
256, 217
256, 216
255, 215
255, 214
254, 214
252, 216
252, 217
251, 218
251, 219
250, 220
249, 220
248, 219
248, 216
247, 215
247, 212
246, 211
246, 204
245, 203
245, 201
246, 200
246, 195
247, 194
247, 192
248, 191
248, 190
249, 189
249, 188
250, 187
250, 186
251, 185
251, 184
256, 179
256, 178
286, 148
287, 149
287, 152
286, 153
286, 158
285, 159
285, 164
284, 165
284, 171
283, 172
283, 177
282, 178
282, 184
281, 185
281, 191
280, 192
280, 198
279, 199
279, 205
278, 206
278, 212
277, 213
277, 219
276, 220
276, 227
275, 228
275, 234
274, 235
274, 240
273, 241
273, 247
272, 248
272, 253
271, 254
271, 259
270, 260
270, 264
269, 265
269, 270
268, 271
268, 276
267, 277
267, 283
266, 284
266, 289
265, 290
265, 296
264, 297
264, 304
263, 305
263, 312
262, 313
262, 320
261, 321
261, 329
260, 330
260, 340
259, 341
259, 350
258, 351
259, 352
259, 353
261, 353
261, 351
262, 350
262, 345
263, 344
263, 338
264, 337
264, 331
265, 330
265, 323
266, 322
266, 315
267, 314
267, 307
268, 306
268, 299
269, 298
269, 291
270, 290
270, 283
271, 282
271, 275
272, 274
272, 267
273, 266
273, 260
274, 259
274, 253
275, 252
275, 247
276, 246
276, 242
277, 241
277, 237
278, 236
278, 232
279, 231
279, 227
280, 226
280, 223
281, 222
281, 219
282, 218
282, 215
283, 214
283, 211
284, 210
284, 207
285, 206
285, 203
286, 202
286, 199
287, 198
287, 196
288, 195
288, 192
289, 191
289, 188
290, 187
290, 185
291, 184
291, 181
292, 180
292, 177
293, 176
293, 174
294, 173
294, 171
295, 170
295, 167
296, 166
296, 164
297, 163
297, 161
298, 160
298, 157
299, 156
299, 154
300, 153
300, 151
301, 150
301, 148
302, 147
302, 145
303, 144
303, 142
304, 141
304, 139
305, 138
305, 137
306, 136
306, 134
307, 133
307, 131
308, 130
308, 128
309, 127
309, 125
310, 124
310, 123
311, 122
311, 120
312, 119
312, 117
313, 116
313, 115
314, 114
314, 112
315, 111
315, 109
316, 108
316, 107
317, 106
317, 104
318, 103
318, 102
319, 101
319, 100
320, 99
320, 97
321, 96
321, 95
322, 94
322, 92
323, 91
323, 90
324, 89
324, 88
325, 87
325, 85
326, 84
326, 83
327, 82
327, 81
328, 80
328, 79
329, 78
329, 77
330, 76
330, 75
331, 74
331, 73
332, 72
332, 71
333, 70
333, 68
334, 67
334, 66
335, 65
335, 64
336, 63
336, 62
337, 61
337, 60
338, 59
338, 58
339, 57
339, 56
341, 54
341, 53
342, 52
342, 51
343, 50
343, 49
345, 47
345, 46
346, 45
346, 44
347, 43
347, 42
349, 40
349, 39
351, 37
351, 36
352, 35
352, 34
355, 31
355, 30
357, 28
357, 27
365, 19
366, 20
366, 28
365, 29
365, 33
364, 34
364, 39
363, 40
363, 48
364, 49
365, 48
365, 40
366, 39
366, 35
367, 34
367, 29
368, 28
368, 18
366, 16
252, 222
253, 223
253, 228
252, 229
252, 234
251, 235
250, 234
250, 224
217, 205
220, 205
222, 207
222, 208
223, 209
223, 210
224, 211
224, 213
225, 214
225, 226
224, 227
224, 232
223, 233
223, 235
222, 236
222, 238
221, 239
221, 241
220, 242
220, 243
219, 244
219, 245
218, 246
218, 248
217, 249
217, 250
216, 251
216, 252
215, 253
215, 254
213, 256
213, 257
212, 258
212, 259
211, 260
211, 261
209, 263
209, 264
206, 267
205, 267
204, 266
204, 262
203, 261
203, 250
204, 249
204, 241
205, 240
205, 235
206, 234
206, 230
207, 229
207, 225
208, 224
208, 222
209, 221
209, 218
210, 217
210, 215
211, 214
211, 213
212, 212
212, 211
213, 210
213, 209
165, 169
166, 168
167, 168
168, 169
168, 174
167, 175
167, 178
166, 179
166, 182
165, 183
165, 186
164, 187
164, 189
163, 190
163, 192
162, 193
162, 195
161, 196
161, 198
160, 199
160, 200
159, 201
159, 203
158, 204
158, 206
157, 207
157, 208
156, 209
156, 211
155, 212
155, 213
154, 214
154, 215
153, 216
153, 217
152, 218
152, 219
151, 220
150, 219
150, 217
151, 216
151, 211
152, 210
152, 206
153, 205
153, 201
154, 200
154, 198
155, 197
155, 194
156, 193
156, 190
157, 189
157, 187
158, 186
158, 184
159, 183
159, 181
160, 180
160, 179
161, 178
161, 176
162, 175
162, 174
163, 173
163, 172
165, 170
114, 151
115, 152
115, 156
114, 157
114, 160
113, 161
113, 163
112, 164
112, 167
111, 168
111, 170
110, 171
110, 173
109, 174
109, 177
108, 178
108, 180
107, 181
107, 184
106, 185
106, 187
105, 188
105, 189
104, 190
103, 189
103, 186
104, 185
104, 180
105, 179
105, 175
106, 174
106, 171
107, 170
107, 167
108, 166
108, 164
109, 163
109, 160
110, 159
110, 158
111, 157
111, 155
112, 154
112, 153
