4, 2
486, 4
484, 369
2, 367
397, 15
395, 17
395, 18
394, 19
394, 20
393, 21
393, 22
392, 23
392, 24
391, 25
391, 26
390, 27
390, 28
389, 29
389, 30
388, 31
388, 32
387, 33
387, 34
385, 36
385, 37
384, 38
384, 39
383, 40
383, 41
381, 43
381, 44
380, 45
380, 46
378, 48
378, 49
376, 51
376, 52
373, 55
373, 56
369, 60
369, 61
367, 63
367, 64
364, 67
364, 68
362, 70
362, 71
360, 73
360, 74
358, 76
358, 77
357, 78
357, 79
355, 81
355, 82
354, 83
354, 84
353, 85
353, 86
352, 87
352, 88
350, 90
350, 91
349, 92
349, 93
348, 94
348, 95
347, 96
347, 97
346, 98
346, 99
345, 100
345, 101
343, 103
343, 104
342, 105
342, 106
340, 108
340, 109
338, 111
338, 112
333, 117
333, 118
329, 122
328, 122
322, 128
321, 128
314, 135
313, 135
301, 147
301, 148
298, 151
298, 152
296, 154
296, 155
294, 157
294, 158
293, 159
293, 160
291, 162
291, 163
290, 164
290, 165
289, 166
289, 168
288, 169
288, 171
287, 172
287, 175
286, 176
286, 184
285, 185
285, 190
286, 191
286, 196
284, 198
284, 199
280, 203
280, 204
263, 221
262, 221
248, 235
247, 235
244, 238
243, 238
239, 242
238, 242
235, 245
234, 245
233, 246
232, 246
231, 247
230, 247
229, 248
228, 248
227, 247
227, 246
228, 245
228, 244
229, 243
229, 242
230, 241
230, 240
231, 239
231, 237
232, 236
232, 235
233, 234
233, 232
234, 231
234, 229
235, 228
235, 225
236, 224
236, 221
237, 220
237, 217
238, 216
238, 213
239, 212
239, 207
240, 206
240, 200
241, 199
241, 178
240, 177
240, 174
239, 173
239, 172
238, 171
238, 170
237, 169
237, 168
234, 165
233, 165
231, 163
229, 163
228, 162
220, 162
219, 163
217, 163
216, 164
214, 164
212, 166
211, 166
210, 167
209, 167
207, 169
206, 169
204, 171
203, 171
196, 178
196, 179
194, 181
194, 182
193, 183
193, 184
192, 185
192, 187
191, 188
191, 190
190, 191
190, 193
189, 194
189, 199
188, 200
188, 206
187, 207
187, 229
188, 230
188, 233
189, 234
189, 235
190, 236
190, 238
191, 239
191, 240
192, 241
192, 242
193, 243
193, 245
194, 246
194, 247
195, 248
195, 249
196, 250
196, 251
197, 252
198, 252
199, 253
200, 253
201, 254
204, 254
205, 255
211, 255
212, 254
215, 254
216, 255
216, 256
213, 259
213, 260
207, 266
206, 266
204, 268
199, 268
198, 267
197, 267
195, 265
195, 264
193, 262
193, 261
192, 260
192, 259
190, 257
190, 255
189, 254
189, 253
188, 252
188, 250
187, 249
187, 248
186, 247
186, 245
185, 244
185, 242
184, 241
184, 239
183, 238
183, 236
182, 235
182, 232
181, 231
181, 220
182, 219
182, 212
183, 211
183, 206
184, 205
184, 198
185, 197
185, 194
186, 193
186, 190
187, 189
187, 186
186, 185
184, 185
182, 187
182, 189
181, 190
181, 191
180, 192
180, 193
179, 194
179, 195
178, 196
178, 197
177, 198
177, 199
176, 200
176, 202
175, 203
175, 204
174, 205
174, 206
173, 207
173, 209
172, 210
172, 211
171, 212
171, 214
170, 215
170, 216
169, 217
169, 218
168, 219
168, 220
166, 222
166, 223
165, 224
165, 225
156, 234
155, 234
153, 236
152, 236
151, 237
150, 237
149, 238
148, 238
147, 239
145, 239
144, 240
142, 240
141, 241
139, 241
138, 242
134, 242
131, 239
131, 237
130, 236
130, 218
131, 217
131, 207
132, 206
132, 197
133, 196
133, 188
134, 187
134, 179
135, 178
135, 170
136, 169
136, 162
137, 161
137, 155
138, 154
138, 150
139, 149
139, 145
140, 144
140, 140
141, 139
141, 135
142, 134
142, 131
143, 130
143, 127
144, 126
144, 124
145, 123
145, 120
146, 119
146, 117
147, 116
147, 114
148, 113
148, 110
149, 109
149, 106
150, 105
150, 101
151, 100
151, 95
150, 95
149, 94
147, 96
147, 98
146, 99
146, 101
145, 102
145, 105
144, 106
144, 109
143, 110
143, 112
142, 113
142, 116
141, 117
141, 120
140, 121
140, 124
139, 125
139, 128
138, 129
138, 132
137, 133
137, 135
136, 136
136, 138
135, 139
135, 141
134, 142
134, 144
133, 145
133, 147
132, 148
132, 150
131, 151
131, 153
130, 154
130, 156
129, 157
129, 159
128, 160
128, 162
127, 163
127, 165
126, 166
126, 167
125, 168
125, 170
124, 171
124, 173
123, 174
123, 175
122, 176
122, 178
121, 179
121, 180
120, 181
120, 183
119, 184
119, 185
118, 186
118, 188
117, 189
117, 190
116, 191
116, 192
115, 193
115, 194
114, 195
114, 197
113, 198
113, 199
112, 200
112, 201
111, 202
111, 203
110, 204
110, 205
109, 206
109, 207
108, 208
108, 209
107, 210
107, 211
106, 212
106, 213
105, 214
105, 215
103, 217
103, 218
102, 219
102, 220
101, 221
101, 222
100, 223
100, 224
98, 226
98, 227
97, 228
97, 229
95, 231
95, 232
93, 234
93, 235
89, 239
88, 239
87, 238
87, 237
86, 236
86, 229
85, 228
85, 212
86, 211
86, 195
87, 194
87, 182
88, 181
88, 170
89, 169
89, 161
90, 160
90, 152
91, 151
91, 145
92, 144
92, 138
93, 137
93, 130
94, 129
94, 123
95, 122
95, 116
96, 115
96, 109
97, 108
97, 103
98, 102
98, 97
99, 96
99, 91
100, 90
100, 86
99, 85
97, 85
96, 86
96, 88
95, 89
95, 92
94, 93
94, 97
93, 98
93, 101
92, 102
92, 105
91, 106
91, 109
90, 110
90, 113
89, 114
89, 117
88, 118
88, 121
87, 122
87, 125
86, 126
86, 129
85, 130
85, 132
84, 133
84, 136
83, 137
83, 140
82, 141
82, 143
81, 144
81, 146
80, 147
80, 150
79, 151
79, 153
78, 154
78, 156
77, 157
77, 160
76, 161
76, 163
75, 164
75, 166
74, 167
74, 169
73, 170
73, 173
72, 174
72, 176
71, 177
71, 179
70, 180
70, 182
69, 183
69, 185
68, 186
68, 188
67, 189
67, 191
66, 192
66, 194
65, 195
65, 196
64, 197
64, 199
63, 200
63, 202
62, 203
62, 204
61, 205
61, 207
60, 208
60, 209
59, 210
59, 211
58, 212
58, 213
57, 214
57, 215
56, 216
56, 217
55, 218
55, 219
54, 220
54, 221
53, 222
53, 223
52, 224
52, 225
51, 226
51, 227
50, 228
50, 229
48, 231
48, 232
47, 233
47, 234
45, 236
45, 237
44, 238
44, 239
42, 241
42, 242
41, 243
41, 244
39, 246
39, 247
38, 248
38, 249
36, 251
36, 252
35, 253
35, 254
33, 256
33, 257
32, 258
32, 259
30, 261
30, 262
29, 263
29, 264
27, 266
27, 267
25, 269
25, 270
21, 274
21, 276
22, 277
24, 277
28, 273
28, 272
30, 270
30, 269
32, 267
32, 266
33, 265
33, 264
35, 262
35, 261
36, 260
36, 259
38, 257
38, 256
39, 255
39, 254
41, 252
41, 251
42, 250
42, 249
44, 247
44, 246
45, 245
45, 244
47, 242
47, 241
48, 240
48, 239
50, 237
50, 236
51, 235
51, 234
53, 232
53, 231
54, 230
54, 229
55, 228
55, 227
56, 226
56, 225
57, 224
57, 223
58, 222
58, 221
59, 220
59, 219
60, 218
60, 217
61, 216
61, 215
62, 214
62, 213
63, 212
63, 211
64, 210
64, 209
65, 208
65, 206
66, 205
66, 204
67, 203
67, 201
68, 200
68, 198
69, 197
69, 196
70, 195
70, 193
71, 192
71, 190
72, 189
72, 187
73, 186
73, 184
74, 183
74, 181
75, 180
75, 178
76, 177
76, 174
77, 173
77, 171
78, 170
78, 168
79, 167
79, 165
80, 164
80, 162
81, 161
81, 158
82, 157
82, 155
83, 154
83, 152
84, 151
84, 148
85, 147
85, 145
86, 144
87, 145
87, 151
86, 152
86, 159
85, 160
85, 169
84, 170
84, 181
83, 182
83, 194
82, 195
82, 211
81, 212
81, 229
82, 230
82, 236
83, 237
83, 240
85, 242
85, 243
90, 243
91, 242
92, 242
96, 238
96, 237
98, 235
98, 234
100, 232
100, 231
101, 230
101, 229
103, 227
103, 226
104, 225
104, 224
105, 223
105, 222
107, 220
107, 219
108, 218
108, 217
109, 216
109, 215
110, 214
110, 213
111, 212
111, 211
112, 210
112, 209
113, 208
113, 207
114, 206
114, 205
115, 204
115, 203
116, 202
116, 201
117, 200
117, 199
118, 198
118, 197
119, 196
119, 194
120, 193
120, 192
121, 191
121, 190
122, 189
122, 187
123, 186
123, 185
124, 184
124, 182
125, 181
125, 180
126, 179
126, 177
127, 176
127, 175
128, 174
128, 172
129, 171
129, 170
130, 169
131, 170
131, 177
130, 178
130, 186
129, 187
129, 196
128, 197
128, 205
127, 206
127, 216
126, 217
126, 237
127, 238
127, 240
128, 241
128, 242
131, 245
132, 245
133, 246
139, 246
140, 245
142, 245
143, 244
145, 244
146, 243
148, 243
149, 242
150, 242
151, 241
152, 241
153, 240
154, 240
155, 239
156, 239
157, 238
158, 238
168, 228
168, 227
170, 225
170, 224
171, 223
171, 222
172, 221
172, 220
173, 219
173, 218
174, 217
174, 216
175, 215
175, 214
176, 213
176, 211
177, 210
177, 209
178, 208
179, 209
179, 211
178, 212
178, 219
177, 220
177, 231
178, 232
178, 236
179, 237
179, 239
180, 240
180, 242
181, 243
181, 245
182, 246
182, 248
183, 249
183, 250
184, 251
184, 253
185, 254
185, 255
186, 256
186, 258
187, 259
187, 260
188, 261
188, 262
190, 264
190, 265
192, 267
192, 268
194, 270
195, 270
197, 272
205, 272
206, 271
207, 271
209, 269
210, 269
217, 262
217, 261
220, 258
220, 257
224, 253
227, 253
228, 252
230, 252
231, 251
232, 251
233, 250
235, 250
237, 248
238, 248
241, 245
242, 245
246, 241
247, 241
250, 238
251, 238
264, 225
265, 225
283, 207
283, 206
285, 204
287, 206
287, 211
286, 212
286, 221
285, 222
285, 226
284, 227
284, 231
283, 232
283, 236
282, 237
282, 242
281, 243
281, 248
280, 249
280, 261
281, 262
281, 266
282, 267
282, 269
283, 270
283, 271
286, 274
287, 274
288, 275
294, 275
295, 274
296, 274
297, 273
298, 273
302, 269
303, 269
307, 265
307, 264
309, 262
309, 261
310, 260
310, 258
311, 257
311, 252
312, 251
312, 244
313, 243
313, 218
312, 217
312, 210
311, 209
311, 203
310, 202
310, 196
309, 195
309, 190
308, 189
308, 181
307, 180
307, 163
308, 162
308, 151
309, 150
309, 147
308, 146
316, 138
317, 138
323, 132
324, 132
331, 125
332, 125
336, 121
336, 120
341, 115
341, 114
343, 112
343, 111
345, 109
345, 108
346, 107
346, 106
348, 104
348, 103
349, 102
349, 101
350, 100
350, 99
352, 97
352, 96
353, 95
353, 94
354, 93
354, 92
355, 91
355, 90
356, 89
356, 88
357, 87
357, 86
358, 85
358, 84
360, 82
360, 81
361, 80
361, 79
363, 77
363, 76
365, 74
365, 73
367, 71
367, 70
370, 67
370, 66
373, 63
373, 62
376, 59
376, 58
379, 55
379, 54
382, 51
382, 50
383, 49
383, 48
385, 46
386, 47
386, 50
385, 51
385, 54
384, 55
384, 59
383, 60
383, 63
382, 64
382, 68
381, 69
381, 72
380, 73
380, 77
379, 78
379, 82
378, 83
378, 87
377, 88
377, 93
376, 94
376, 98
375, 99
375, 103
374, 104
374, 108
373, 109
373, 114
372, 115
372, 119
371, 120
371, 125
370, 126
370, 131
369, 132
369, 136
368, 137
368, 142
367, 143
367, 148
366, 149
366, 153
365, 154
365, 159
364, 160
364, 165
363, 166
363, 171
362, 172
362, 177
361, 178
361, 182
360, 183
360, 188
359, 189
359, 193
358, 194
358, 199
357, 200
357, 204
356, 205
356, 210
355, 211
355, 215
354, 216
354, 221
353, 222
353, 227
352, 228
352, 234
351, 235
351, 241
350, 242
350, 249
349, 250
349, 258
348, 259
348, 267
347, 268
347, 276
346, 277
346, 285
345, 286
345, 294
344, 295
344, 303
343, 304
343, 312
342, 313
342, 323
341, 324
341, 335
340, 336
340, 353
341, 354
342, 354
343, 355
344, 354
345, 354
347, 352
347, 351
348, 350
348, 349
349, 348
349, 347
350, 346
350, 345
351, 344
351, 342
352, 341
352, 340
353, 339
353, 337
354, 336
354, 334
355, 333
355, 332
356, 331
356, 330
357, 329
357, 328
358, 327
358, 326
359, 325
359, 323
360, 322
360, 321
361, 320
361, 319
363, 317
363, 316
364, 315
364, 314
365, 313
365, 312
366, 311
366, 310
367, 309
367, 308
368, 307
368, 306
369, 305
369, 304
371, 302
371, 301
372, 300
372, 299
374, 297
374, 296
375, 295
375, 294
377, 292
377, 291
378, 290
378, 289
381, 286
381, 285
383, 283
383, 282
385, 280
385, 279
387, 277
387, 276
390, 273
390, 272
392, 270
392, 269
394, 267
394, 266
397, 263
397, 262
399, 260
399, 259
401, 257
401, 256
403, 254
403, 253
405, 251
405, 250
408, 247
408, 246
410, 244
410, 243
412, 241
412, 240
414, 238
414, 237
417, 234
417, 233
419, 231
419, 230
421, 228
421, 227
424, 224
424, 223
426, 221
426, 220
429, 217
429, 216
431, 214
431, 213
434, 210
434, 209
438, 205
438, 204
442, 200
442, 199
446, 195
446, 194
451, 189
451, 188
456, 183
456, 182
462, 176
462, 175
466, 171
466, 168
463, 168
459, 172
459, 173
453, 179
453, 180
448, 185
448, 186
443, 191
443, 192
439, 196
439, 197
435, 201
435, 202
431, 206
431, 207
428, 210
428, 211
426, 213
426, 214
423, 217
423, 218
420, 221
420, 222
418, 224
418, 225
416, 227
416, 228
413, 231
413, 232
411, 234
411, 235
409, 237
409, 238
407, 240
407, 241
405, 243
405, 244
402, 247
402, 248
400, 250
400, 251
398, 253
398, 254
396, 256
396, 257
394, 259
394, 260
391, 263
391, 264
389, 266
389, 267
387, 269
387, 270
384, 273
384, 274
382, 276
382, 277
380, 279
380, 280
378, 282
378, 283
375, 286
375, 287
374, 288
374, 289
372, 291
372, 292
371, 293
371, 294
369, 296
369, 297
368, 298
368, 299
366, 301
366, 302
365, 303
365, 304
364, 305
364, 306
363, 307
363, 308
362, 309
362, 310
360, 312
360, 313
359, 314
359, 315
358, 316
358, 317
357, 318
357, 319
356, 320
356, 321
355, 322
355, 323
354, 324
354, 326
353, 327
353, 328
352, 329
352, 330
351, 331
351, 332
350, 333
350, 335
349, 336
349, 338
348, 339
348, 340
347, 341
347, 343
346, 344
346, 345
345, 346
344, 345
344, 336
345, 335
345, 325
346, 324
346, 313
347, 312
347, 304
348, 303
348, 295
349, 294
349, 286
350, 285
350, 277
351, 276
351, 268
352, 267
352, 259
353, 258
353, 250
354, 249
354, 242
355, 241
355, 235
356, 234
356, 229
357, 228
357, 223
358, 222
358, 217
359, 216
359, 211
360, 210
360, 206
361, 205
361, 200
362, 199
362, 195
363, 194
363, 190
364, 189
364, 184
365, 183
365, 178
366, 177
366, 172
367, 171
367, 167
368, 166
368, 161
369, 160
369, 155
370, 154
370, 149
371, 148
371, 143
372, 142
372, 138
373, 137
373, 132
374, 131
374, 127
375, 126
375, 121
376, 120
376, 115
377, 114
377, 110
378, 109
378, 104
379, 103
379, 99
380, 98
380, 94
381, 93
381, 89
382, 88
382, 84
383, 83
383, 79
384, 78
384, 74
385, 73
385, 69
386, 68
386, 65
387, 64
387, 60
388, 59
388, 56
389, 55
389, 52
390, 51
390, 47
391, 46
391, 43
392, 42
392, 39
393, 38
393, 36
394, 35
394, 32
395, 31
395, 29
396, 28
396, 26
397, 25
397, 23
398, 22
398, 21
400, 19
400, 16
399, 15
301, 175
302, 174
303, 175
303, 181
304, 182
304, 189
305, 190
305, 196
306, 197
306, 202
307, 203
307, 210
308, 211
308, 217
309, 218
309, 243
308, 244
308, 251
307, 252
307, 256
306, 257
306, 259
304, 261
304, 262
301, 265
300, 265
295, 270
294, 270
293, 271
289, 271
286, 268
286, 266
285, 265
285, 261
284, 260
284, 249
285, 248
285, 243
286, 242
286, 238
287, 237
287, 233
288, 232
288, 228
289, 227
289, 222
290, 221
290, 213
291, 212
291, 206
290, 205
290, 197
291, 196
291, 195
292, 194
292, 193
293, 192
293, 191
295, 189
295, 188
296, 187
296, 186
297, 185
297, 184
298, 183
298, 182
299, 181
299, 180
300, 179
300, 177
301, 176
220, 167
221, 166
228, 167
229, 167
230, 168
231, 168
233, 170
233, 171
235, 173
235, 174
236, 175
236, 178
237, 179
237, 198
236, 199
236, 206
235, 207
235, 211
234, 212
234, 216
233, 217
232, 221
232, 223
231, 224
231, 227
230, 228
230, 230
229, 231
229, 232
228, 233
228, 235
227, 236
227, 237
226, 238
226, 240
225, 241
225, 242
224, 243
224, 244
223, 245
223, 246
219, 250
212, 250
211, 251
204, 250
202, 250
198, 246
198, 245
197, 244
197, 242
196, 241
196, 240
195, 239
195, 237
194, 236
194, 235
193, 234
193, 233
192, 232
192, 229
191, 228
191, 208
192, 207
192, 200
193, 199
193, 195
194, 194
195, 190
195, 189
196, 188
196, 186
197, 185
197, 184
199, 182
199, 181
206, 174
207, 174
209, 172
210, 172
212, 170
213, 170
214, 169
215, 169
216, 168
217, 168
218, 167
302, 159
301, 160
301, 162
300, 163
300, 165
299, 166
299, 169
298, 170
298, 172
297, 173
297, 175
296, 176
296, 178
295, 179
295, 180
294, 181
294, 182
293, 183
293, 184
291, 186
290, 185
290, 177
291, 176
291, 173
292, 172
292, 170
293, 169
293, 168
294, 167
294, 166
295, 165
295, 164
296, 163
296, 162
297, 161
297, 160
299, 158
299, 157
