186, 2
188, 367
4, 369
2, 4
10, 165
8, 167
8, 169
7, 170
7, 193
8, 194
8, 205
9, 206
10, 206
11, 205
11, 183
10, 182
10, 178
11, 177
11, 171
12, 170
14, 172
14, 173
15, 174
15, 175
16, 176
16, 177
17, 178
17, 179
18, 180
18, 182
19, 183
19, 184
20, 185
20, 187
21, 188
21, 190
22, 191
22, 193
23, 194
23, 197
24, 198
24, 200
25, 201
25, 204
26, 205
26, 207
27, 208
27, 211
28, 212
28, 215
29, 216
29, 220
30, 221
30, 224
31, 225
31, 229
32, 230
32, 234
33, 235
33, 239
34, 240
34, 244
35, 245
35, 249
36, 250
36, 253
37, 254
37, 258
38, 259
38, 264
39, 265
39, 269
40, 270
40, 274
41, 275
41, 278
42, 279
42, 282
43, 283
43, 286
44, 287
44, 288
46, 290
47, 289
48, 289
48, 287
47, 286
47, 283
46, 282
46, 278
45, 277
45, 274
44, 273
44, 270
43, 269
43, 266
42, 265
42, 261
41, 260
41, 256
40, 255
40, 250
39, 249
39, 243
38, 242
38, 235
37, 234
37, 226
36, 225
36, 213
35, 212
35, 192
36, 191
36, 185
37, 184
37, 183
38, 182
40, 182
42, 184
42, 185
44, 187
44, 188
46, 190
46, 191
47, 192
47, 193
49, 195
49, 196
50, 197
50, 198
51, 199
51, 201
52, 202
52, 203
53, 204
53, 205
54, 206
54, 208
55, 209
55, 211
56, 212
56, 213
57, 214
57, 216
58, 217
58, 219
59, 220
59, 222
60, 223
60, 225
61, 226
61, 228
62, 229
62, 232
63, 233
63, 235
64, 236
64, 239
65, 240
65, 242
66, 243
66, 245
67, 246
67, 249
68, 250
68, 252
69, 253
69, 256
70, 257
70, 259
71, 260
71, 262
72, 263
72, 266
73, 267
73, 269
74, 270
74, 272
75, 273
75, 275
76, 276
76, 278
77, 279
77, 281
78, 282
78, 284
79, 285
79, 286
80, 287
80, 289
81, 290
81, 291
82, 292
84, 292
85, 291
85, 286
84, 285
84, 280
83, 279
83, 275
82, 274
82, 271
81, 270
81, 267
80, 266
80, 262
79, 261
79, 258
78, 257
78, 253
77, 252
77, 249
76, 248
76, 244
75, 243
75, 239
74, 238
74, 234
73, 233
73, 228
72, 227
72, 222
71, 221
71, 215
70, 214
70, 204
69, 203
69, 195
70, 194
70, 190
71, 189
73, 189
81, 197
81, 198
83, 200
83, 201
86, 204
86, 205
88, 207
88, 208
91, 211
91, 212
94, 215
94, 216
103, 225
104, 225
109, 230
110, 230
111, 231
114, 231
115, 230
115, 229
116, 228
116, 219
115, 218
116, 217
118, 217
119, 216
119, 214
112, 207
112, 206
111, 205
111, 204
110, 203
110, 202
106, 198
105, 198
104, 199
104, 205
102, 207
102, 208
101, 209
101, 216
100, 217
96, 213
96, 212
93, 209
93, 208
91, 206
91, 205
89, 203
89, 202
86, 199
86, 198
83, 195
83, 194
75, 186
74, 186
73, 185
70, 185
67, 188
67, 191
66, 192
66, 207
67, 208
67, 216
68, 217
68, 224
69, 225
69, 229
70, 230
70, 235
71, 236
71, 240
72, 241
72, 245
73, 246
72, 251
71, 250
71, 248
70, 247
70, 245
69, 244
69, 241
68, 240
68, 238
67, 237
67, 234
66, 233
66, 231
65, 230
65, 228
64, 227
64, 224
63, 223
63, 221
62, 220
62, 218
61, 217
61, 215
60, 214
60, 213
59, 212
59, 210
58, 209
58, 207
57, 206
57, 205
56, 204
56, 202
55, 201
55, 200
54, 199
54, 198
53, 197
53, 196
52, 195
52, 194
51, 193
51, 192
50, 191
50, 190
49, 189
49, 188
47, 186
47, 185
44, 182
44, 181
42, 179
41, 179
40, 178
36, 178
34, 180
34, 182
33, 183
33, 187
32, 188
32, 208
31, 209
30, 208
30, 206
29, 205
29, 203
28, 202
28, 199
27, 198
27, 196
26, 195
26, 193
25, 192
25, 190
24, 189
24, 187
23, 186
23, 184
22, 183
22, 181
21, 180
21, 179
20, 178
20, 176
19, 175
19, 174
18, 173
18, 172
17, 171
17, 170
15, 168
15, 167
13, 165
75, 256
73, 257
72, 251
74, 254
110, 218
111, 217
112, 218
112, 221
113, 222
113, 226
112, 227
111, 227
109, 225
110, 224
107, 217
105, 218
104, 212
116, 16
114, 18
114, 19
113, 20
113, 21
112, 22
112, 24
111, 25
111, 29
110, 30
110, 47
111, 48
111, 55
112, 56
112, 60
113, 61
113, 64
114, 65
114, 68
115, 69
115, 71
116, 72
116, 74
117, 75
117, 76
118, 77
118, 79
119, 80
119, 81
120, 82
120, 83
121, 84
121, 86
122, 87
122, 88
123, 89
123, 90
124, 91
124, 92
125, 93
125, 94
126, 95
126, 96
128, 98
128, 99
129, 100
129, 101
130, 102
130, 103
131, 104
131, 105
132, 106
132, 111
133, 112
133, 125
134, 126
134, 140
135, 141
135, 152
136, 153
136, 165
137, 166
137, 176
138, 177
138, 186
139, 187
139, 194
140, 195
140, 203
141, 204
141, 211
142, 212
142, 218
143, 219
143, 225
144, 226
144, 232
145, 233
145, 239
146, 240
146, 244
145, 245
144, 244
144, 243
143, 242
143, 241
142, 240
142, 238
141, 237
141, 235
140, 234
140, 233
139, 232
139, 230
138, 229
138, 228
137, 227
137, 225
136, 224
136, 222
135, 221
135, 219
134, 218
134, 217
133, 216
133, 214
132, 213
132, 211
131, 210
131, 206
130, 205
130, 201
129, 200
129, 196
128, 195
128, 193
127, 192
127, 190
126, 189
126, 188
125, 187
124, 188
123, 188
123, 192
124, 193
124, 197
125, 198
125, 201
126, 202
126, 204
127, 205
127, 207
128, 208
128, 211
127, 212
125, 212
125, 216
126, 217
126, 221
127, 222
127, 227
128, 228
128, 231
129, 232
129, 233
130, 234
130, 235
132, 235
133, 234
133, 231
132, 230
132, 225
133, 224
134, 225
134, 226
135, 227
135, 229
136, 230
136, 231
137, 232
137, 234
138, 235
138, 237
139, 238
139, 239
140, 240
140, 242
141, 243
141, 244
142, 245
142, 247
143, 248
143, 249
144, 250
144, 252
145, 253
145, 255
146, 256
146, 257
147, 258
147, 260
148, 261
148, 263
149, 264
149, 266
150, 267
150, 268
151, 269
151, 272
152, 273
152, 276
153, 277
153, 280
154, 281
154, 284
155, 285
155, 288
156, 289
156, 292
157, 293
157, 296
158, 297
158, 300
159, 301
159, 303
160, 304
160, 307
161, 308
161, 310
162, 311
162, 314
163, 315
163, 317
164, 318
164, 320
165, 321
165, 323
166, 324
166, 326
167, 327
167, 329
168, 330
168, 332
169, 333
169, 335
170, 336
170, 337
171, 338
171, 340
172, 341
172, 342
173, 343
173, 345
174, 346
174, 347
175, 348
175, 349
176, 350
176, 351
179, 354
180, 354
181, 353
181, 346
180, 345
180, 342
179, 341
179, 339
178, 338
178, 335
177, 334
177, 332
176, 331
176, 329
175, 328
175, 326
174, 325
174, 323
173, 322
173, 321
172, 320
172, 318
171, 317
171, 315
170, 314
170, 313
169, 312
169, 310
168, 309
168, 308
167, 307
167, 305
166, 304
166, 302
165, 301
165, 300
164, 299
164, 297
163, 296
163, 294
162, 293
162, 291
161, 290
161, 289
160, 288
160, 286
159, 285
159, 283
158, 282
158, 281
157, 280
157, 278
156, 277
156, 275
155, 274
155, 272
154, 271
154, 268
153, 267
153, 264
152, 263
152, 259
151, 258
151, 254
150, 253
150, 248
149, 247
149, 242
148, 241
148, 236
147, 235
147, 229
146, 228
146, 222
145, 221
145, 215
144, 214
144, 207
143, 206
143, 199
142, 198
142, 190
141, 189
141, 181
140, 180
140, 171
139, 170
139, 159
138, 158
138, 146
137, 145
137, 132
136, 131
136, 118
135, 117
135, 103
134, 102
134, 90
133, 89
133, 75
132, 74
132, 63
131, 62
131, 52
130, 51
130, 44
129, 43
129, 37
128, 36
128, 32
127, 31
127, 28
126, 27
126, 25
125, 24
125, 22
124, 21
124, 20
120, 16
177, 341
175, 342
168, 315
168, 317
169, 318
169, 319
170, 320
170, 322
171, 323
171, 325
172, 326
172, 328
173, 329
173, 331
174, 332
174, 334
175, 335
175, 337
176, 338
174, 340
174, 339
173, 338
173, 336
172, 335
172, 333
171, 332
171, 331
170, 330
170, 328
169, 327
169, 325
168, 324
168, 322
167, 321
167, 319
166, 318
167, 313
165, 314
116, 20
117, 19
119, 19
122, 22
122, 23
123, 24
123, 26
124, 27
124, 30
125, 31
125, 34
126, 35
126, 40
127, 41
127, 48
128, 49
128, 57
129, 58
129, 68
130, 69
130, 82
131, 83
131, 95
130, 96
128, 94
128, 93
127, 92
127, 91
126, 90
126, 89
125, 88
125, 87
124, 86
124, 85
123, 84
123, 82
122, 81
122, 80
121, 79
121, 78
120, 77
120, 75
119, 74
119, 73
118, 72
118, 70
117, 69
117, 66
116, 65
116, 62
115, 61
115, 58
114, 57
114, 52
113, 51
113, 28
114, 27
114, 24
115, 23
115, 22
116, 21
