364, 2
366, 367
4, 369
2, 4
168, 16
167, 17
165, 17
164, 18
163, 18
162, 19
161, 19
159, 21
158, 21
156, 23
155, 23
150, 28
149, 28
138, 39
138, 40
133, 45
133, 46
129, 50
129, 51
125, 55
125, 56
122, 59
122, 60
119, 63
119, 64
117, 66
117, 67
115, 69
115, 70
114, 71
114, 72
112, 74
112, 75
111, 76
111, 77
109, 79
109, 80
108, 81
108, 82
107, 83
107, 84
106, 85
106, 86
105, 87
105, 88
104, 89
104, 90
103, 91
103, 93
102, 94
102, 96
101, 97
101, 100
100, 101
100, 104
99, 105
99, 108
98, 109
98, 117
97, 118
97, 126
98, 127
98, 133
99, 134
99, 135
100, 136
100, 137
102, 139
103, 138
103, 135
102, 134
102, 133
101, 132
101, 123
100, 122
100, 121
101, 120
101, 111
102, 110
102, 106
103, 105
103, 102
104, 101
104, 98
105, 97
105, 95
106, 94
106, 93
107, 92
107, 90
108, 89
108, 88
109, 87
109, 86
110, 85
110, 84
111, 83
111, 82
113, 80
113, 79
114, 78
114, 77
116, 75
116, 74
117, 73
117, 72
119, 70
119, 69
121, 67
121, 66
123, 64
123, 63
126, 60
126, 59
130, 55
130, 54
134, 50
134, 49
139, 44
139, 43
153, 29
154, 29
158, 25
159, 25
161, 23
162, 23
163, 22
164, 22
166, 20
168, 20
169, 19
173, 19
174, 20
174, 21
175, 22
175, 34
174, 35
174, 39
173, 40
173, 43
172, 44
172, 48
171, 49
171, 51
170, 52
170, 54
169, 55
169, 57
168, 58
168, 61
167, 62
167, 64
166, 65
166, 67
165, 68
165, 70
164, 71
164, 73
163, 74
163, 76
162, 77
162, 79
161, 80
161, 82
160, 83
160, 86
159, 87
159, 89
158, 90
158, 92
157, 93
157, 94
156, 95
156, 97
155, 98
155, 100
154, 101
154, 102
153, 103
153, 105
152, 106
152, 107
151, 108
151, 110
150, 111
150, 113
149, 114
149, 115
148, 116
148, 118
147, 119
147, 121
146, 122
146, 124
145, 125
145, 127
144, 128
144, 130
143, 131
143, 133
142, 134
142, 135
141, 136
141, 138
140, 139
140, 141
139, 142
139, 144
138, 145
138, 147
137, 148
137, 150
136, 151
136, 153
135, 154
135, 156
134, 157
134, 159
133, 160
133, 162
132, 163
132, 165
131, 166
131, 167
128, 170
127, 170
126, 171
124, 171
123, 172
122, 172
121, 173
120, 173
119, 174
117, 174
116, 175
115, 175
114, 176
112, 176
111, 177
110, 177
109, 178
108, 178
107, 179
105, 179
104, 180
103, 180
102, 181
101, 181
100, 182
98, 182
97, 183
96, 183
95, 184
94, 184
93, 185
91, 185
90, 186
89, 186
88, 187
87, 187
86, 188
85, 188
84, 189
83, 189
82, 190
80, 190
79, 191
78, 191
77, 192
76, 192
75, 193
74, 193
73, 194
72, 194
71, 195
70, 195
69, 196
68, 196
66, 198
65, 198
64, 199
63, 199
62, 200
61, 200
60, 201
59, 201
57, 203
56, 203
55, 204
54, 204
52, 206
51, 206
48, 209
47, 209
45, 211
44, 211
39, 216
38, 216
26, 228
26, 229
25, 230
25, 231
23, 233
23, 234
22, 235
22, 236
21, 237
21, 238
20, 239
20, 241
19, 242
19, 244
18, 245
18, 247
17, 248
17, 253
16, 254
16, 261
17, 262
17, 267
18, 268
18, 269
19, 270
19, 271
20, 272
20, 273
26, 279
27, 279
28, 280
29, 280
30, 281
32, 281
33, 282
35, 282
36, 283
53, 283
54, 282
59, 282
60, 281
64, 281
65, 280
68, 280
69, 279
71, 279
72, 278
75, 278
76, 277
79, 277
80, 276
82, 276
83, 275
85, 275
86, 274
89, 274
90, 273
92, 273
93, 272
95, 272
96, 271
99, 271
100, 270
103, 270
104, 271
104, 273
103, 274
103, 281
102, 282
102, 289
101, 290
101, 303
100, 304
100, 310
101, 311
101, 323
102, 324
102, 329
103, 330
103, 333
104, 334
104, 336
105, 337
105, 339
106, 340
106, 342
107, 343
107, 344
108, 345
108, 346
110, 348
110, 349
115, 354
122, 354
123, 353
125, 353
127, 351
128, 351
129, 350
130, 350
135, 345
136, 345
137, 344
137, 343
141, 339
141, 338
144, 335
144, 334
146, 332
146, 331
149, 328
149, 327
150, 326
150, 325
152, 323
152, 322
153, 321
153, 320
155, 318
155, 317
156, 316
156, 315
158, 313
158, 312
159, 311
159, 310
160, 309
160, 308
161, 307
161, 306
162, 305
162, 304
163, 303
163, 302
164, 301
164, 300
165, 299
165, 298
166, 297
166, 296
167, 295
167, 294
168, 293
168, 292
169, 291
169, 290
170, 289
170, 287
171, 286
171, 285
172, 284
172, 283
173, 282
173, 281
174, 280
174, 278
175, 277
175, 276
176, 275
176, 274
177, 273
177, 271
178, 270
178, 269
179, 268
179, 267
180, 266
180, 264
181, 263
181, 262
182, 261
182, 259
183, 258
183, 257
184, 256
184, 255
186, 253
196, 253
197, 254
202, 254
203, 255
203, 256
204, 257
204, 258
205, 259
205, 260
207, 262
208, 262
209, 263
212, 263
213, 262
214, 262
215, 261
216, 261
217, 260
220, 260
221, 261
222, 261
223, 262
224, 262
226, 264
227, 264
228, 265
229, 265
231, 267
232, 267
235, 270
236, 270
238, 272
239, 272
243, 276
243, 280
242, 281
242, 285
241, 286
241, 300
242, 301
242, 304
243, 305
243, 306
244, 307
244, 308
246, 310
247, 310
248, 311
255, 311
256, 310
259, 310
260, 309
261, 309
262, 308
264, 308
265, 307
266, 307
268, 305
269, 305
271, 303
272, 303
275, 300
276, 300
279, 297
280, 297
283, 294
284, 294
287, 291
288, 291
291, 288
292, 288
296, 284
297, 284
298, 283
299, 283
300, 282
302, 282
303, 281
304, 281
305, 280
306, 280
308, 278
309, 278
310, 277
311, 277
312, 276
313, 276
315, 274
316, 274
317, 273
318, 273
319, 272
320, 272
322, 270
322, 268
319, 268
317, 270
316, 270
315, 271
314, 271
313, 272
312, 272
311, 271
324, 258
324, 257
328, 253
328, 252
331, 249
331, 248
333, 246
333, 245
335, 243
335, 242
336, 241
336, 240
338, 238
338, 237
339, 236
339, 235
340, 234
340, 233
341, 232
341, 231
342, 230
342, 228
343, 227
343, 226
344, 225
344, 224
345, 223
345, 221
346, 220
346, 218
347, 217
347, 215
348, 214
348, 211
349, 210
349, 206
350, 205
350, 199
351, 198
351, 182
350, 181
350, 177
349, 176
349, 173
348, 172
348, 170
347, 169
347, 168
346, 167
346, 166
345, 165
345, 164
344, 163
344, 162
341, 159
341, 158
338, 155
337, 155
333, 151
332, 151
331, 150
330, 150
328, 148
327, 148
326, 147
325, 147
324, 146
323, 146
322, 145
320, 145
319, 144
317, 144
316, 143
314, 143
313, 142
310, 142
309, 141
306, 141
305, 140
302, 140
301, 139
292, 139
291, 138
259, 138
258, 139
250, 139
249, 140
243, 140
242, 141
236, 141
235, 142
234, 141
234, 138
235, 137
235, 136
236, 135
236, 134
237, 133
237, 131
238, 130
238, 129
239, 128
239, 127
240, 126
240, 124
241, 123
241, 121
242, 120
242, 118
243, 117
243, 116
244, 115
244, 113
245, 112
245, 110
246, 109
246, 107
247, 106
247, 104
248, 103
248, 101
249, 100
249, 98
250, 97
250, 94
251, 93
251, 90
252, 89
252, 86
253, 85
253, 82
254, 81
254, 77
255, 76
255, 67
256, 66
256, 62
255, 61
255, 54
254, 53
254, 51
252, 49
252, 48
249, 48
246, 51
245, 51
243, 53
243, 54
240, 57
240, 58
238, 60
238, 61
237, 62
237, 63
236, 64
236, 65
235, 66
235, 67
234, 68
234, 69
233, 70
233, 72
232, 73
232, 74
231, 75
231, 76
230, 77
230, 79
229, 80
229, 82
228, 83
228, 85
227, 86
227, 87
226, 88
226, 90
225, 91
225, 94
224, 95
224, 97
223, 98
223, 100
222, 101
222, 104
221, 105
221, 108
220, 109
220, 112
219, 113
219, 116
218, 117
218, 120
217, 121
217, 125
216, 126
216, 130
215, 131
215, 135
214, 136
214, 141
213, 142
213, 144
211, 146
209, 146
208, 147
204, 147
203, 148
199, 148
198, 149
195, 149
194, 150
191, 150
190, 151
186, 151
185, 152
182, 152
181, 153
179, 153
178, 154
175, 154
174, 155
172, 155
171, 156
168, 156
167, 157
165, 157
164, 158
161, 158
160, 159
158, 159
157, 160
155, 160
154, 161
152, 161
151, 162
149, 162
148, 163
145, 163
144, 164
143, 164
142, 165
140, 165
139, 166
137, 166
136, 167
135, 166
135, 164
136, 163
136, 161
137, 160
137, 158
138, 157
138, 155
139, 154
139, 152
140, 151
140, 149
141, 148
141, 146
142, 145
142, 143
143, 142
143, 140
144, 139
144, 138
145, 137
145, 135
146, 134
146, 132
147, 131
147, 129
148, 128
148, 126
149, 125
149, 123
150, 122
150, 120
151, 119
151, 118
152, 117
152, 115
153, 114
153, 112
154, 111
154, 110
155, 109
155, 107
156, 106
156, 104
157, 103
157, 102
158, 101
158, 99
159, 98
159, 96
160, 95
160, 94
161, 93
161, 91
162, 90
162, 88
163, 87
163, 85
164, 84
164, 81
165, 80
165, 78
166, 77
166, 75
167, 74
167, 72
168, 71
168, 69
169, 68
169, 66
170, 65
170, 63
171, 62
171, 60
172, 59
172, 56
173, 55
173, 53
174, 52
174, 50
175, 49
175, 45
176, 44
176, 41
177, 40
177, 36
178, 35
178, 28
179, 27
179, 24
178, 23
178, 20
177, 19
177, 18
176, 17
175, 17
174, 16
246, 280
249, 279
250, 280
251, 280
253, 282
254, 282
255, 283
256, 283
257, 284
260, 284
261, 285
264, 285
265, 286
268, 286
269, 287
280, 287
281, 288
283, 288
281, 292
280, 292
276, 296
275, 296
272, 299
271, 299
269, 301
268, 301
266, 303
265, 303
264, 304
263, 304
262, 305
261, 305
260, 306
259, 306
255, 307
254, 308
249, 308
246, 305
246, 304
245, 300
244, 299
244, 288
245, 287
245, 282
246, 281
208, 256
211, 257
212, 257
211, 260
174, 254
175, 253
180, 253
181, 254
181, 255
180, 256
180, 257
179, 258
179, 260
178, 261
178, 262
177, 263
177, 265
176, 266
176, 267
175, 268
175, 269
174, 270
174, 272
173, 273
173, 274
172, 275
172, 276
171, 277
171, 278
170, 279
170, 281
169, 282
169, 283
168, 284
168, 285
167, 286
167, 287
166, 288
166, 289
165, 290
165, 292
164, 293
164, 294
163, 295
163, 296
162, 297
162, 298
161, 299
161, 300
160, 301
160, 302
159, 303
159, 304
158, 305
158, 306
156, 308
156, 309
155, 310
155, 311
154, 312
154, 313
153, 314
153, 315
151, 317
151, 318
150, 319
150, 320
148, 322
148, 323
147, 324
147, 325
145, 327
145, 328
142, 331
142, 332
140, 334
140, 335
136, 339
136, 340
132, 344
131, 344
127, 348
126, 348
125, 349
124, 349
123, 350
122, 350
121, 351
117, 351
111, 345
111, 344
110, 343
110, 341
109, 340
109, 339
108, 338
108, 336
107, 335
107, 333
106, 332
106, 329
105, 328
105, 323
104, 322
104, 308
103, 307
103, 306
104, 305
104, 291
105, 290
105, 283
106, 282
106, 276
107, 275
107, 270
110, 267
113, 267
114, 266
116, 266
117, 265
120, 265
121, 264
124, 264
125, 263
128, 263
129, 262
131, 262
132, 261
135, 261
136, 260
139, 260
140, 259
144, 259
145, 258
148, 258
149, 257
153, 257
154, 256
157, 256
158, 255
166, 255
167, 254
202, 212
203, 211
204, 212
204, 222
203, 223
203, 237
202, 238
202, 250
201, 251
198, 251
197, 250
188, 250
187, 249
187, 247
188, 246
188, 245
189, 244
189, 243
190, 242
190, 240
191, 239
191, 238
192, 237
192, 235
193, 234
193, 233
194, 232
194, 231
195, 230
195, 228
196, 227
196, 226
197, 225
197, 223
198, 222
198, 221
199, 220
199, 219
200, 218
200, 216
201, 215
201, 214
202, 213
124, 175
125, 174
128, 175
128, 177
127, 178
127, 180
126, 181
126, 184
125, 185
125, 187
124, 188
124, 190
123, 191
123, 194
122, 195
122, 197
121, 198
121, 200
120, 201
120, 204
119, 205
119, 207
118, 208
118, 211
117, 212
117, 215
116, 216
116, 218
115, 219
115, 222
114, 223
114, 225
113, 226
113, 229
112, 230
112, 234
111, 235
111, 238
110, 239
110, 243
109, 244
109, 248
108, 249
108, 252
107, 253
107, 257
106, 258
106, 263
105, 264
105, 265
102, 266
101, 267
99, 267
98, 268
95, 268
94, 269
92, 269
91, 270
89, 270
88, 271
85, 271
84, 272
82, 272
81, 273
79, 273
78, 274
75, 274
74, 275
71, 275
70, 276
68, 276
67, 277
64, 277
63, 278
59, 278
58, 279
53, 279
52, 280
37, 280
36, 279
34, 279
33, 278
31, 278
30, 277
29, 277
23, 270
22, 269
22, 268
21, 267
21, 266
20, 265
20, 261
19, 260
19, 255
20, 254
20, 249
21, 248
21, 246
22, 245
22, 243
23, 242
23, 240
24, 239
24, 238
25, 237
25, 236
27, 234
27, 233
28, 232
28, 231
44, 216
48, 212
49, 212
51, 210
52, 210
54, 208
55, 208
57, 206
58, 206
59, 205
60, 205
62, 203
63, 203
64, 202
65, 202
66, 201
67, 201
68, 200
69, 200
71, 198
72, 198
73, 197
74, 197
75, 196
76, 196
77, 195
78, 195
79, 194
81, 194
82, 193
83, 193
84, 192
85, 192
86, 191
87, 191
88, 190
89, 190
90, 189
91, 189
92, 188
94, 188
95, 187
96, 187
97, 186
98, 186
99, 185
101, 185
102, 184
103, 184
104, 183
105, 183
106, 182
108, 182
109, 181
110, 181
111, 180
112, 180
113, 179
115, 179
116, 178
117, 178
118, 177
120, 177
121, 176
122, 176
123, 175
282, 163
283, 164
283, 165
282, 166
282, 168
281, 169
281, 171
280, 172
280, 173
279, 174
279, 176
278, 177
278, 179
277, 180
277, 182
276, 183
276, 185
275, 186
275, 187
274, 188
274, 190
273, 191
273, 193
272, 194
272, 196
271, 197
271, 199
270, 200
270, 201
269, 202
269, 204
268, 205
268, 207
267, 208
267, 210
266, 211
266, 212
265, 213
265, 215
264, 216
264, 217
263, 218
263, 220
262, 221
262, 222
261, 223
261, 225
260, 226
260, 228
259, 229
259, 231
258, 232
258, 233
257, 234
257, 236
256, 237
256, 239
255, 240
255, 242
254, 243
254, 245
253, 246
253, 248
252, 249
252, 250
251, 251
251, 253
250, 254
250, 256
249, 257
249, 259
248, 260
248, 262
247, 263
247, 265
246, 266
246, 268
245, 269
245, 271
244, 272
243, 271
242, 271
239, 268
238, 268
235, 265
234, 265
232, 263
231, 263
230, 262
229, 262
227, 260
226, 260
225, 259
224, 259
221, 256
225, 252
225, 251
229, 247
229, 246
231, 244
231, 243
234, 240
234, 239
236, 237
236, 236
238, 234
238, 233
240, 231
240, 230
242, 228
242, 227
244, 225
244, 224
245, 223
245, 222
247, 220
247, 219
249, 217
249, 216
250, 215
250, 214
252, 212
252, 211
254, 209
254, 208
255, 207
255, 206
257, 204
257, 203
259, 201
259, 200
260, 199
260, 198
262, 196
262, 195
263, 194
263, 193
265, 191
265, 190
266, 189
266, 188
267, 187
267, 186
269, 184
269, 183
270, 182
270, 181
271, 180
271, 179
273, 177
273, 176
275, 174
275, 173
277, 171
277, 170
278, 169
278, 168
280, 166
280, 165
209, 150
210, 149
212, 150
212, 154
211, 155
211, 161
210, 162
210, 168
209, 169
209, 176
208, 177
208, 184
207, 185
207, 192
206, 193
206, 195
205, 196
205, 197
204, 198
204, 200
203, 201
203, 202
202, 203
202, 204
201, 205
201, 207
200, 208
200, 209
199, 210
199, 212
198, 213
198, 214
197, 215
197, 216
196, 217
196, 219
195, 220
195, 221
194, 222
194, 224
193, 225
193, 226
192, 227
192, 228
191, 229
191, 231
190, 232
190, 233
189, 234
189, 236
188, 237
188, 238
187, 239
187, 241
186, 242
186, 243
185, 244
185, 245
184, 246
182, 250
174, 250
173, 251
166, 251
165, 252
157, 252
156, 253
153, 253
152, 254
148, 254
147, 255
144, 255
143, 256
139, 256
138, 257
135, 257
134, 258
131, 258
130, 259
127, 259
126, 260
124, 260
123, 261
120, 261
119, 262
116, 262
115, 263
113, 263
112, 264
109, 263
109, 260
110, 259
110, 254
111, 253
111, 250
112, 249
112, 245
113, 244
113, 241
114, 240
114, 236
115, 235
115, 231
116, 230
116, 227
117, 226
117, 224
118, 223
118, 220
119, 219
119, 217
120, 216
120, 213
121, 212
121, 209
122, 208
122, 206
123, 205
123, 202
124, 201
124, 199
125, 198
125, 196
126, 195
126, 192
127, 191
127, 189
128, 188
128, 186
129, 185
129, 182
130, 181
130, 179
131, 178
131, 176
132, 175
134, 171
135, 171
136, 170
137, 170
138, 169
140, 169
141, 168
143, 168
144, 167
145, 167
146, 166
149, 166
150, 165
152, 165
153, 164
155, 164
156, 163
158, 163
159, 162
162, 162
163, 161
165, 161
166, 160
168, 160
169, 159
172, 159
173, 158
175, 158
176, 157
179, 157
180, 156
182, 156
183, 155
186, 155
187, 154
191, 154
192, 153
195, 153
196, 152
200, 152
201, 151
204, 151
205, 150
223, 147
224, 146
226, 146
227, 147
227, 148
226, 149
226, 150
225, 151
225, 152
224, 153
224, 154
223, 155
223, 157
222, 158
222, 159
221, 160
221, 161
220, 162
220, 163
219, 164
219, 166
218, 167
218, 168
217, 169
217, 170
216, 171
216, 172
215, 173
215, 174
214, 175
214, 176
213, 177
212, 176
212, 170
213, 169
213, 163
214, 162
214, 156
215, 155
215, 150
217, 148
218, 148
219, 147
260, 142
261, 141
289, 141
290, 142
300, 142
301, 143
304, 143
305, 144
308, 144
309, 145
312, 145
313, 146
315, 146
316, 147
318, 147
319, 148
321, 148
322, 149
323, 149
324, 150
325, 150
327, 152
328, 152
329, 153
330, 153
333, 156
334, 156
340, 162
340, 163
342, 165
342, 166
343, 167
343, 168
344, 169
344, 171
345, 172
345, 173
346, 174
346, 177
347, 178
347, 182
348, 183
348, 196
347, 197
347, 204
346, 205
346, 209
345, 210
345, 213
344, 214
344, 216
343, 217
343, 219
342, 220
342, 221
341, 222
341, 224
340, 225
340, 226
339, 227
339, 228
338, 229
338, 230
337, 231
337, 233
336, 234
336, 235
334, 237
334, 238
333, 239
333, 240
331, 242
331, 243
329, 245
329, 246
326, 249
326, 250
323, 253
323, 254
317, 260
317, 261
316, 262
315, 262
299, 278
298, 278
295, 281
294, 281
293, 282
291, 282
290, 283
288, 283
287, 284
285, 284
284, 285
282, 285
281, 284
270, 284
269, 283
266, 283
265, 282
262, 282
261, 281
259, 281
258, 280
257, 280
256, 279
255, 279
254, 278
253, 278
252, 277
251, 277
250, 276
249, 276
248, 275
248, 271
249, 270
249, 267
250, 266
250, 264
251, 263
251, 261
252, 260
252, 258
253, 257
253, 255
254, 254
254, 252
255, 251
255, 250
256, 249
256, 247
257, 246
257, 244
258, 243
258, 241
259, 240
259, 238
260, 237
260, 236
261, 235
261, 233
262, 232
262, 230
263, 229
263, 227
264, 226
264, 225
265, 224
265, 222
266, 221
266, 219
267, 218
267, 217
268, 216
268, 214
269, 213
269, 212
270, 211
270, 209
271, 208
271, 206
272, 205
272, 204
273, 203
273, 201
274, 200
274, 198
275, 197
275, 195
276, 194
276, 192
277, 191
277, 189
278, 188
278, 187
279, 186
279, 184
280, 183
280, 181
281, 180
281, 178
282, 177
282, 176
283, 175
283, 173
284, 172
284, 170
285, 169
285, 167
286, 166
286, 165
287, 164
287, 162
288, 161
288, 159
289, 158
289, 156
290, 155
290, 153
291, 152
291, 147
289, 147
287, 149
287, 150
284, 153
284, 154
282, 156
282, 157
280, 159
280, 160
278, 162
278, 163
276, 165
276, 166
275, 167
275, 168
273, 170
273, 171
271, 173
271, 174
269, 176
269, 177
268, 178
268, 179
266, 181
266, 182
265, 183
265, 184
264, 185
264, 186
262, 188
262, 189
261, 190
261, 191
260, 192
260, 193
258, 195
258, 196
257, 197
257, 198
255, 200
255, 201
254, 202
254, 203
252, 205
252, 206
250, 208
250, 209
249, 210
249, 211
247, 213
247, 214
245, 216
245, 217
243, 219
243, 220
242, 221
242, 222
240, 224
240, 225
238, 227
238, 228
236, 230
236, 231
234, 233
234, 234
232, 236
232, 237
230, 239
230, 240
227, 243
227, 244
224, 247
224, 248
217, 255
215, 255
214, 254
212, 254
211, 253
210, 253
209, 252
207, 252
206, 251
206, 248
205, 247
205, 242
206, 241
206, 225
207, 224
207, 213
208, 212
208, 203
209, 202
209, 196
210, 195
210, 192
211, 191
211, 190
212, 189
212, 187
213, 186
213, 185
214, 184
214, 183
215, 182
215, 181
216, 180
216, 179
217, 178
217, 176
218, 175
218, 174
219, 173
219, 172
220, 171
220, 170
221, 169
221, 168
222, 167
222, 166
223, 165
223, 163
224, 162
224, 161
225, 160
225, 159
226, 158
226, 157
227, 156
227, 154
228, 153
228, 152
229, 151
229, 150
230, 149
230, 148
231, 147
231, 146
232, 145
236, 145
237, 144
243, 144
244, 143
251, 143
252, 142
249, 52
250, 52
251, 53
251, 54
252, 55
252, 63
253, 64
252, 65
252, 74
251, 75
251, 80
250, 81
250, 84
249, 85
249, 88
248, 89
248, 92
247, 93
247, 96
246, 97
246, 99
245, 100
245, 102
244, 103
244, 105
243, 106
243, 108
242, 109
242, 111
241, 112
241, 114
240, 115
240, 116
239, 117
239, 119
238, 120
238, 122
237, 123
237, 124
236, 125
236, 127
235, 128
235, 129
234, 130
234, 132
233, 133
233, 134
232, 135
232, 136
231, 137
231, 139
230, 140
230, 141
228, 143
223, 143
222, 144
217, 144
216, 143
217, 142
217, 137
218, 136
218, 132
219, 131
219, 127
220, 126
220, 122
221, 121
221, 118
222, 117
222, 114
223, 113
223, 110
224, 109
224, 106
225, 105
225, 102
226, 101
226, 99
227, 98
227, 96
228, 95
228, 92
229, 91
229, 89
230, 88
230, 87
231, 86
231, 84
232, 83
232, 81
233, 80
233, 79
234, 78
234, 76
235, 75
235, 74
236, 73
236, 71
237, 70
237, 69
238, 68
238, 67
239, 66
239, 65
240, 64
240, 63
242, 61
242, 60
245, 57
245, 56
