4, 2
496, 4
494, 303
2, 301
376, 13
375, 14
374, 14
370, 18
370, 19
366, 23
366, 24
365, 25
365, 26
364, 27
364, 28
363, 29
363, 30
362, 31
362, 32
361, 33
361, 34
360, 35
360, 37
359, 38
359, 39
358, 40
358, 43
357, 44
357, 46
356, 47
356, 49
355, 50
355, 52
354, 53
354, 56
353, 57
353, 60
352, 61
352, 64
351, 65
351, 69
350, 70
350, 74
349, 75
349, 79
348, 80
348, 84
347, 85
347, 90
346, 91
346, 96
345, 97
345, 103
344, 104
344, 109
342, 111
341, 111
340, 110
338, 110
337, 109
334, 109
333, 108
331, 108
330, 107
326, 107
325, 106
317, 106
316, 105
294, 105
293, 106
283, 106
282, 107
281, 106
281, 103
282, 102
282, 100
283, 99
283, 96
284, 95
284, 92
285, 91
285, 89
286, 88
286, 84
287, 83
287, 80
288, 79
288, 75
289, 74
289, 69
290, 68
290, 61
291, 60
291, 51
292, 50
292, 46
291, 45
291, 35
290, 34
290, 29
289, 28
289, 26
288, 25
288, 23
287, 22
287, 20
286, 19
286, 18
285, 17
284, 17
283, 16
282, 17
281, 17
280, 18
279, 18
278, 19
277, 19
271, 25
271, 26
269, 28
269, 29
268, 30
268, 31
266, 33
266, 34
265, 35
265, 36
264, 37
264, 39
263, 40
263, 41
262, 42
262, 43
261, 44
261, 46
260, 47
260, 49
259, 50
259, 52
258, 53
258, 55
257, 56
257, 58
256, 59
256, 61
255, 62
255, 64
254, 65
254, 69
253, 70
253, 73
252, 74
252, 78
251, 79
251, 84
250, 85
250, 90
249, 91
249, 97
248, 98
248, 105
247, 106
247, 114
246, 115
246, 116
245, 117
244, 117
243, 118
241, 118
240, 119
238, 119
237, 120
235, 120
234, 121
232, 121
231, 122
228, 122
227, 123
225, 123
224, 124
222, 124
221, 125
219, 125
218, 126
216, 126
215, 127
213, 127
212, 128
210, 128
209, 129
208, 129
207, 130
206, 130
205, 131
204, 131
203, 132
202, 132
201, 133
200, 133
199, 134
198, 134
197, 135
196, 135
194, 137
193, 137
191, 139
190, 139
188, 141
187, 141
177, 151
177, 152
175, 154
175, 155
173, 157
173, 158
172, 159
169, 159
168, 158
166, 158
165, 157
163, 157
161, 155
161, 151
162, 150
162, 145
163, 144
163, 139
164, 138
164, 134
165, 133
165, 128
166, 127
166, 123
167, 122
167, 118
168, 117
168, 113
169, 112
169, 108
170, 107
170, 103
171, 102
171, 98
172, 97
172, 92
173, 91
173, 86
174, 85
174, 79
175, 78
175, 73
176, 72
176, 67
177, 66
177, 60
178, 59
178, 52
179, 51
179, 40
180, 39
180, 25
179, 24
179, 22
178, 21
177, 21
176, 22
175, 22
169, 28
169, 29
159, 39
159, 40
156, 43
156, 44
152, 48
152, 49
149, 52
149, 53
147, 55
147, 56
144, 59
144, 60
143, 61
143, 62
141, 64
141, 65
140, 66
140, 67
139, 68
139, 69
138, 70
138, 71
137, 72
137, 73
136, 74
136, 75
135, 76
135, 78
134, 79
134, 81
133, 82
133, 85
132, 86
132, 92
135, 95
137, 95
137, 92
136, 91
136, 90
135, 89
135, 88
136, 87
136, 85
137, 84
137, 81
138, 80
138, 79
139, 78
139, 76
140, 75
140, 74
141, 73
141, 72
142, 71
142, 70
143, 69
143, 68
144, 67
144, 66
146, 64
146, 63
148, 61
148, 60
150, 58
150, 57
152, 55
152, 54
155, 51
155, 50
159, 46
159, 45
163, 41
163, 40
173, 30
173, 29
175, 27
177, 29
177, 34
176, 35
176, 45
175, 46
175, 56
174, 57
174, 62
173, 63
173, 69
172, 70
172, 75
171, 76
171, 82
170, 83
170, 88
169, 89
169, 94
168, 95
168, 99
167, 100
167, 104
166, 105
166, 109
165, 110
165, 114
164, 115
164, 119
163, 120
163, 124
162, 125
162, 130
161, 131
161, 135
160, 136
160, 141
159, 142
159, 147
158, 148
158, 153
157, 154
153, 154
152, 153
150, 153
149, 152
145, 152
144, 151
141, 151
140, 150
134, 150
133, 149
121, 149
120, 148
117, 148
116, 149
106, 149
105, 150
100, 150
99, 151
96, 151
95, 152
94, 152
93, 153
91, 153
90, 154
88, 154
87, 155
86, 155
85, 156
83, 156
82, 157
81, 157
80, 158
79, 158
78, 159
77, 159
76, 160
75, 160
73, 162
72, 162
71, 163
70, 163
68, 165
67, 165
66, 166
65, 166
63, 168
62, 168
60, 170
59, 170
57, 172
56, 172
54, 174
53, 174
50, 177
49, 177
44, 182
43, 182
35, 190
35, 191
31, 195
31, 196
29, 198
29, 199
27, 201
27, 202
26, 203
26, 205
25, 206
25, 207
24, 208
24, 211
23, 212
23, 215
22, 216
22, 222
21, 223
21, 228
22, 229
22, 235
23, 236
23, 239
24, 240
24, 242
25, 243
25, 244
26, 245
26, 247
27, 248
27, 249
29, 251
29, 252
30, 253
30, 254
31, 255
31, 256
33, 258
33, 259
35, 261
35, 262
39, 266
39, 267
47, 275
48, 275
51, 278
52, 278
55, 281
56, 281
58, 283
59, 283
61, 285
62, 285
63, 286
64, 286
65, 287
67, 287
68, 288
70, 288
71, 289
74, 289
75, 290
79, 290
80, 291
94, 291
95, 290
100, 290
101, 289
103, 289
104, 288
106, 288
107, 287
109, 287
111, 285
112, 285
114, 283
115, 283
122, 276
122, 275
124, 273
124, 272
126, 270
126, 269
128, 267
128, 266
129, 265
129, 264
130, 263
130, 262
131, 261
131, 260
132, 259
132, 258
133, 257
133, 255
134, 254
134, 253
135, 252
135, 251
136, 250
136, 248
137, 247
137, 246
138, 245
138, 243
139, 242
139, 240
140, 239
140, 238
141, 237
141, 235
142, 234
142, 233
143, 232
143, 230
144, 229
144, 227
145, 226
145, 225
146, 224
146, 222
147, 221
147, 220
148, 219
148, 217
149, 216
149, 215
150, 214
150, 212
151, 211
151, 210
152, 209
154, 211
154, 218
155, 219
155, 224
156, 225
156, 228
157, 229
157, 232
158, 233
158, 234
159, 235
159, 237
160, 238
160, 239
161, 240
161, 241
162, 242
162, 243
163, 244
163, 245
166, 248
166, 249
169, 252
170, 252
172, 254
173, 254
174, 255
175, 255
176, 256
177, 256
178, 257
181, 257
182, 258
188, 258
189, 257
192, 257
193, 256
195, 256
196, 255
198, 255
199, 254
200, 254
201, 253
202, 253
204, 251
205, 251
207, 249
208, 249
216, 241
216, 240
220, 236
220, 235
223, 232
223, 231
225, 229
225, 228
227, 226
227, 225
229, 223
229, 222
230, 221
230, 220
232, 218
232, 217
233, 216
233, 215
235, 213
235, 212
236, 211
236, 210
237, 209
237, 208
238, 207
238, 206
239, 205
239, 204
240, 203
240, 202
242, 200
242, 199
243, 198
243, 197
244, 196
244, 195
245, 194
245, 193
246, 192
246, 191
247, 190
247, 189
249, 187
251, 189
251, 191
252, 192
252, 193
253, 194
253, 196
254, 197
254, 199
255, 200
255, 201
256, 202
256, 203
257, 204
257, 205
258, 206
258, 207
259, 208
259, 209
261, 211
261, 212
262, 213
262, 214
265, 217
265, 218
269, 222
269, 223
274, 228
275, 228
278, 231
279, 231
280, 232
281, 232
282, 233
283, 233
284, 234
287, 234
288, 235
298, 235
299, 234
301, 234
302, 233
303, 233
304, 232
305, 232
306, 231
307, 231
311, 227
312, 227
315, 224
315, 223
319, 219
319, 218
322, 215
322, 214
324, 212
324, 211
326, 209
326, 208
328, 206
328, 205
329, 204
329, 203
330, 202
330, 201
332, 199
332, 198
333, 197
333, 196
334, 195
334, 194
335, 193
335, 192
336, 191
337, 191
338, 190
342, 190
344, 192
344, 195
345, 196
345, 201
346, 202
346, 207
347, 208
347, 213
348, 214
348, 218
349, 219
349, 224
350, 225
350, 229
351, 230
351, 233
352, 234
352, 238
353, 239
353, 242
354, 243
354, 246
355, 247
355, 248
356, 249
356, 250
358, 252
359, 252
360, 253
369, 253
370, 252
373, 252
374, 251
376, 251
377, 250
378, 250
379, 249
380, 249
382, 247
383, 247
392, 238
392, 237
394, 235
394, 234
396, 232
396, 231
398, 229
398, 228
399, 227
399, 226
401, 224
401, 223
402, 222
402, 221
403, 220
403, 219
404, 218
404, 216
405, 215
405, 214
406, 213
406, 211
407, 210
407, 208
408, 207
408, 205
409, 204
409, 202
410, 201
410, 197
411, 196
411, 192
413, 190
430, 190
431, 191
453, 191
454, 190
457, 190
458, 189
459, 189
460, 188
461, 188
462, 187
464, 187
465, 186
468, 186
469, 185
473, 185
474, 184
475, 184
475, 182
474, 181
472, 181
471, 182
466, 182
465, 183
463, 183
462, 184
460, 184
459, 185
458, 185
457, 186
456, 186
455, 187
452, 187
451, 188
446, 188
445, 187
427, 187
426, 186
413, 186
412, 185
412, 182
411, 181
411, 176
410, 175
410, 172
409, 171
409, 169
408, 168
408, 166
407, 165
407, 163
405, 161
405, 160
404, 159
404, 158
401, 155
401, 154
399, 152
399, 151
395, 147
395, 146
390, 141
390, 140
388, 138
387, 138
382, 133
381, 133
375, 127
374, 127
371, 124
371, 122
372, 121
372, 120
373, 119
373, 118
374, 117
374, 115
375, 114
375, 113
376, 112
376, 111
377, 110
377, 108
378, 107
378, 106
379, 105
379, 103
380, 102
380, 100
381, 99
381, 98
382, 97
382, 95
383, 94
383, 92
384, 91
384, 88
385, 87
385, 85
386, 84
386, 80
387, 79
387, 74
388, 73
388, 65
389, 64
389, 50
390, 49
390, 46
389, 45
389, 29
388, 28
388, 24
387, 23
387, 20
386, 19
386, 18
385, 17
385, 16
384, 15
384, 14
383, 14
382, 13
359, 190
360, 189
407, 189
408, 190
408, 193
407, 194
407, 198
406, 199
406, 202
405, 203
405, 205
404, 206
404, 208
403, 209
403, 211
402, 212
402, 213
401, 214
401, 216
400, 217
400, 218
399, 219
399, 220
398, 221
398, 222
396, 224
396, 225
395, 226
395, 227
393, 229
393, 230
391, 232
391, 233
388, 236
388, 237
382, 243
381, 243
378, 246
377, 246
376, 247
375, 247
374, 248
372, 248
371, 249
366, 249
365, 250
363, 250
362, 249
361, 249
358, 246
358, 244
357, 243
357, 240
356, 239
356, 236
355, 235
355, 232
354, 231
354, 227
353, 226
353, 222
352, 221
352, 216
351, 215
351, 211
350, 210
350, 205
349, 204
349, 199
348, 198
348, 193
347, 192
347, 191
348, 190
255, 189
256, 188
258, 188
259, 189
266, 189
267, 190
285, 190
286, 191
330, 191
331, 192
331, 193
330, 194
330, 195
329, 196
329, 197
327, 199
327, 200
326, 201
326, 202
325, 203
325, 204
323, 206
323, 207
321, 209
321, 210
319, 212
319, 213
316, 216
316, 217
306, 227
305, 227
303, 229
302, 229
301, 230
300, 230
299, 231
286, 231
285, 230
284, 230
283, 229
282, 229
280, 227
279, 227
277, 225
276, 225
273, 222
273, 221
268, 216
268, 215
265, 212
265, 211
264, 210
264, 209
262, 207
262, 206
261, 205
261, 204
260, 203
260, 202
259, 201
259, 200
258, 199
258, 197
257, 196
257, 195
256, 194
256, 192
255, 191
340, 183
342, 182
343, 186
340, 187
339, 185
340, 184
175, 165
177, 165
178, 166
180, 166
181, 167
182, 167
183, 168
184, 168
185, 169
187, 169
188, 170
189, 170
190, 171
192, 171
193, 172
195, 172
196, 173
197, 173
198, 174
200, 174
201, 175
203, 175
204, 176
206, 176
207, 177
209, 177
210, 178
212, 178
213, 179
214, 179
215, 180
218, 180
219, 181
221, 181
222, 182
225, 182
226, 183
229, 183
230, 184
233, 184
234, 185
237, 185
238, 186
242, 186
243, 189
243, 190
242, 191
242, 192
241, 193
241, 194
240, 195
240, 196
239, 197
239, 198
237, 200
237, 201
236, 202
236, 203
235, 204
235, 205
234, 206
234, 207
233, 208
233, 209
232, 210
232, 211
230, 213
230, 214
229, 215
229, 216
227, 218
227, 219
226, 220
226, 221
224, 223
224, 224
222, 226
222, 227
220, 229
220, 230
217, 233
217, 234
213, 238
213, 239
207, 245
206, 245
203, 248
202, 248
200, 250
199, 250
198, 251
197, 251
196, 252
194, 252
193, 253
191, 253
180, 254
179, 253
178, 253
177, 252
176, 252
175, 251
174, 251
166, 243
166, 242
165, 241
165, 240
164, 239
164, 238
163, 237
163, 236
162, 235
162, 233
161, 232
161, 231
160, 230
160, 227
159, 226
159, 223
158, 216
157, 215
157, 203
156, 202
157, 201
157, 195
158, 194
158, 193
159, 192
159, 191
160, 190
160, 188
161, 187
161, 186
162, 185
162, 184
163, 183
163, 182
164, 181
164, 180
165, 179
165, 178
166, 177
166, 176
167, 175
167, 174
168, 173
168, 172
170, 170
170, 169
171, 168
171, 167
160, 161
161, 160
163, 160
164, 161
166, 161
167, 162
168, 162
169, 163
169, 164
168, 165
168, 166
167, 167
167, 168
165, 170
165, 171
164, 172
164, 173
163, 174
163, 175
162, 176
162, 177
161, 178
161, 179
159, 181
158, 180
158, 174
159, 173
159, 166
160, 165
108, 153
109, 152
128, 152
129, 153
137, 153
138, 154
142, 154
143, 155
146, 155
147, 156
150, 156
151, 157
153, 157
154, 158
157, 159
157, 161
156, 162
156, 169
155, 170
155, 178
154, 179
154, 189
153, 190
153, 196
152, 197
152, 199
151, 200
151, 201
150, 202
150, 204
149, 205
149, 206
148, 207
148, 209
147, 210
147, 211
146, 212
146, 214
145, 215
145, 217
144, 218
144, 219
143, 220
143, 222
142, 223
142, 224
141, 225
141, 227
140, 228
140, 229
139, 230
139, 232
138, 233
138, 234
137, 235
137, 237
136, 238
136, 240
135, 241
135, 242
134, 243
134, 245
133, 246
133, 248
132, 249
132, 250
131, 251
131, 252
130, 253
130, 255
129, 256
129, 257
128, 258
128, 259
127, 260
127, 261
126, 262
126, 263
125, 264
125, 265
123, 267
123, 268
121, 270
121, 271
116, 276
116, 277
114, 278
110, 282
109, 282
107, 284
105, 284
104, 285
102, 285
101, 286
99, 286
98, 287
90, 287
89, 288
85, 288
84, 287
78, 287
77, 286
73, 286
72, 285
70, 285
69, 284
67, 284
66, 283
65, 283
64, 282
63, 282
61, 280
60, 280
58, 278
57, 278
54, 275
53, 275
38, 259
36, 257
36, 256
34, 254
34, 253
33, 252
33, 251
32, 250
32, 249
30, 247
30, 246
29, 245
29, 243
28, 242
28, 241
27, 240
27, 238
26, 237
26, 234
25, 233
25, 219
26, 218
26, 214
27, 213
27, 210
28, 209
28, 208
29, 207
29, 206
30, 205
30, 204
31, 203
31, 202
32, 201
32, 200
35, 197
35, 196
38, 193
38, 192
45, 186
50, 181
51, 181
54, 178
55, 178
58, 175
59, 175
61, 173
62, 173
64, 171
65, 171
67, 169
68, 169
69, 168
70, 168
72, 166
73, 166
74, 165
75, 165
77, 163
78, 163
79, 162
80, 162
81, 161
82, 161
83, 160
84, 160
85, 159
87, 159
88, 158
89, 158
90, 157
92, 157
93, 156
95, 156
96, 155
98, 155
99, 154
102, 154
103, 153
367, 129
368, 128
370, 128
372, 130
373, 130
381, 138
382, 138
392, 148
392, 149
395, 152
395, 153
398, 156
398, 157
400, 159
400, 160
402, 162
402, 163
403, 164
403, 165
404, 166
404, 167
405, 168
405, 170
406, 171
406, 173
407, 174
407, 177
408, 178
408, 185
407, 186
401, 186
400, 185
373, 185
372, 186
349, 186
348, 187
346, 185
346, 178
345, 177
345, 173
346, 172
346, 171
347, 170
347, 169
348, 168
348, 167
349, 166
349, 165
350, 164
350, 163
351, 162
351, 161
352, 160
352, 159
353, 158
353, 157
354, 156
354, 155
355, 154
355, 153
356, 152
356, 151
357, 150
357, 149
358, 148
358, 147
359, 146
359, 145
360, 144
360, 143
361, 142
361, 141
362, 140
362, 139
363, 138
363, 137
364, 136
364, 135
365, 134
365, 133
366, 132
366, 131
367, 130
242, 122
243, 121
245, 121
246, 122
246, 126
245, 127
245, 154
246, 155
246, 165
247, 166
247, 172
248, 173
248, 180
247, 181
247, 182
246, 183
241, 183
240, 182
237, 182
236, 181
232, 181
231, 180
228, 180
227, 179
225, 179
224, 178
221, 178
220, 177
218, 177
217, 176
215, 176
214, 175
212, 175
211, 174
209, 174
208, 173
206, 173
205, 172
203, 172
202, 171
201, 171
200, 170
198, 170
197, 169
195, 169
194, 168
192, 168
191, 167
190, 167
189, 166
188, 166
187, 165
185, 165
184, 164
183, 164
182, 163
180, 163
179, 162
178, 162
176, 160
176, 159
178, 157
178, 156
181, 153
181, 152
189, 144
190, 144
192, 142
193, 142
195, 140
196, 140
198, 138
199, 138
200, 137
201, 137
202, 136
203, 136
204, 135
205, 135
206, 134
207, 134
208, 133
209, 133
210, 132
211, 132
212, 131
214, 131
215, 130
217, 130
218, 129
220, 129
221, 128
223, 128
224, 127
226, 127
227, 126
229, 126
230, 125
233, 125
234, 124
236, 124
237, 123
239, 123
240, 122
346, 118
347, 117
349, 117
350, 118
351, 118
352, 119
353, 119
354, 120
355, 120
356, 121
358, 121
359, 122
360, 122
361, 123
362, 123
365, 126
364, 127
364, 128
363, 129
363, 130
362, 131
362, 132
361, 133
361, 134
360, 135
360, 136
359, 137
359, 138
358, 139
358, 140
357, 141
357, 142
356, 143
356, 144
355, 145
355, 146
354, 147
354, 148
353, 149
353, 150
352, 151
352, 152
351, 153
351, 154
350, 155
350, 156
349, 157
349, 158
348, 159
348, 160
347, 161
347, 162
346, 163
345, 162
345, 160
344, 159
344, 151
345, 150
345, 131
346, 130
271, 113
272, 112
273, 112
274, 113
274, 115
273, 116
273, 118
272, 119
272, 121
271, 122
271, 124
270, 125
270, 126
269, 127
269, 129
268, 130
268, 132
267, 133
267, 134
266, 135
266, 137
265, 138
265, 140
264, 141
264, 143
263, 144
263, 145
262, 146
262, 148
261, 149
261, 151
260, 152
260, 153
259, 154
259, 155
258, 156
258, 157
257, 158
257, 160
256, 161
256, 162
255, 163
255, 164
254, 165
254, 166
253, 167
253, 169
252, 170
250, 168
250, 162
249, 161
249, 121
252, 118
255, 118
256, 117
258, 117
259, 116
261, 116
262, 115
264, 115
265, 114
268, 114
269, 113
287, 110
288, 109
321, 109
322, 110
327, 110
328, 111
331, 111
332, 112
334, 112
335, 113
338, 113
339, 114
341, 114
343, 122
342, 123
342, 138
341, 139
341, 169
342, 170
342, 171
341, 172
341, 174
340, 175
340, 176
339, 177
339, 178
338, 179
338, 180
337, 181
337, 182
335, 184
335, 185
325, 187
324, 188
297, 188
296, 187
274, 187
273, 186
263, 186
262, 185
256, 185
255, 184
254, 184
253, 181
252, 180
252, 179
253, 178
253, 176
254, 175
254, 174
255, 173
255, 172
256, 171
256, 169
257, 168
257, 167
258, 166
258, 165
259, 164
259, 163
260, 162
260, 160
261, 159
261, 158
262, 157
262, 156
263, 155
263, 154
264, 153
264, 151
265, 150
265, 148
266, 147
266, 146
267, 145
267, 143
268, 142
268, 140
269, 139
269, 138
270, 137
270, 135
271, 134
271, 132
272, 131
272, 129
273, 128
273, 127
274, 126
274, 124
275, 123
275, 121
276, 120
276, 118
277, 117
277, 115
278, 114
278, 113
280, 22
281, 21
282, 21
284, 23
284, 24
285, 25
285, 27
286, 28
286, 31
287, 32
287, 38
288, 39
288, 56
287, 57
287, 65
286, 66
286, 71
285, 72
285, 76
284, 77
284, 80
283, 81
283, 85
282, 86
282, 89
281, 90
281, 93
280, 94
280, 96
279, 97
279, 100
278, 101
278, 103
277, 104
277, 106
275, 108
274, 108
273, 109
270, 109
269, 110
266, 110
265, 111
263, 111
262, 112
260, 112
259, 113
257, 113
256, 114
253, 114
252, 115
251, 115
250, 114
250, 110
251, 109
251, 101
252, 100
252, 94
253, 93
253, 88
254, 87
254, 82
255, 81
255, 76
256, 75
256, 72
257, 71
257, 68
258, 67
258, 64
259, 63
259, 61
260, 60
260, 58
261, 57
261, 55
262, 54
262, 52
263, 51
263, 49
264, 48
264, 46
265, 45
265, 44
266, 43
266, 42
267, 41
267, 39
268, 38
268, 37
269, 36
269, 35
271, 33
271, 32
272, 31
272, 30
274, 28
274, 27
279, 22
378, 16
380, 16
382, 18
382, 19
383, 20
383, 21
384, 22
384, 26
385, 27
385, 34
386, 35
386, 58
385, 59
385, 69
384, 70
384, 76
383, 77
383, 81
382, 82
382, 85
381, 86
381, 88
380, 89
380, 92
379, 93
379, 95
378, 96
378, 97
377, 98
377, 100
376, 101
376, 103
375, 104
375, 105
374, 106
374, 108
373, 109
373, 110
372, 111
372, 112
371, 113
371, 115
370, 116
370, 117
369, 118
369, 119
367, 121
365, 121
364, 120
363, 120
362, 119
361, 119
360, 118
358, 118
357, 117
356, 117
355, 116
354, 116
353, 115
352, 115
351, 114
349, 114
347, 112
347, 107
348, 106
348, 101
349, 100
349, 94
350, 93
350, 88
351, 87
351, 83
352, 82
352, 78
353, 77
353, 73
354, 72
354, 68
355, 67
355, 63
356, 62
356, 59
357, 58
357, 56
358, 55
358, 52
359, 51
359, 49
360, 48
360, 46
361, 45
361, 43
362, 42
362, 40
363, 39
363, 37
364, 36
364, 35
365, 34
365, 33
366, 32
366, 31
367, 30
367, 29
368, 28
368, 27
370, 25
370, 24
