348, 2
350, 367
4, 369
2, 4
195, 15
194, 16
191, 16
190, 17
188, 17
187, 18
186, 18
183, 21
182, 21
179, 24
179, 25
176, 28
176, 29
174, 31
174, 32
173, 33
173, 34
172, 35
172, 36
171, 37
171, 39
170, 40
170, 42
169, 43
169, 46
168, 47
168, 52
167, 53
167, 57
166, 58
165, 57
162, 57
161, 56
159, 56
158, 55
155, 55
154, 54
152, 54
151, 53
149, 53
148, 52
146, 52
145, 51
143, 51
142, 50
140, 50
139, 49
137, 49
136, 48
134, 48
133, 47
131, 47
130, 46
128, 46
127, 45
125, 45
124, 44
122, 44
121, 43
119, 43
118, 42
116, 42
115, 41
113, 41
112, 40
110, 40
109, 39
107, 39
106, 38
104, 38
103, 37
100, 37
99, 36
97, 36
96, 35
93, 35
92, 34
90, 34
89, 33
86, 33
85, 32
82, 32
81, 31
78, 31
77, 30
73, 30
72, 29
67, 29
66, 28
45, 28
44, 29
41, 29
40, 30
37, 30
36, 31
35, 31
34, 32
33, 32
32, 33
31, 33
29, 35
28, 35
23, 40
23, 41
22, 42
22, 43
20, 45
20, 46
19, 47
19, 49
18, 50
18, 52
17, 53
17, 56
16, 57
16, 62
15, 63
15, 95
16, 96
16, 104
17, 105
17, 110
18, 111
18, 116
19, 117
19, 122
20, 123
20, 126
21, 127
21, 131
22, 132
22, 135
23, 136
23, 139
24, 140
24, 142
25, 143
25, 146
26, 147
26, 149
27, 150
27, 152
28, 153
28, 155
29, 156
29, 158
30, 159
30, 161
31, 162
31, 163
32, 164
32, 166
33, 167
33, 169
34, 170
34, 171
35, 172
35, 174
36, 175
36, 177
37, 178
37, 179
38, 180
38, 181
39, 182
39, 184
40, 185
40, 186
41, 187
41, 188
42, 189
42, 190
43, 191
43, 192
44, 193
44, 195
45, 196
45, 197
46, 198
46, 199
48, 201
48, 202
49, 203
49, 204
50, 205
50, 206
51, 207
51, 208
53, 210
53, 211
54, 212
54, 213
55, 214
55, 215
57, 217
57, 218
59, 220
59, 221
61, 223
61, 228
60, 229
60, 231
59, 232
59, 235
58, 236
58, 238
57, 239
57, 241
56, 242
56, 245
55, 246
55, 248
54, 249
54, 251
53, 252
53, 255
52, 256
52, 258
51, 259
51, 261
50, 262
50, 265
49, 266
49, 268
48, 269
48, 272
47, 273
47, 276
46, 277
46, 280
45, 281
45, 285
44, 286
44, 291
43, 292
39, 288
39, 287
35, 283
35, 282
32, 279
31, 279
30, 278
28, 278
28, 281
35, 288
35, 289
38, 292
38, 293
40, 295
40, 296
42, 298
42, 299
43, 300
42, 301
42, 326
43, 327
43, 333
44, 334
44, 337
45, 338
45, 340
46, 341
46, 343
47, 344
47, 345
48, 346
48, 347
50, 349
50, 350
52, 352
53, 352
54, 353
55, 353
56, 354
58, 354
59, 355
60, 355
61, 354
63, 354
66, 351
66, 349
67, 348
67, 346
66, 345
66, 341
65, 340
65, 338
64, 337
64, 335
63, 334
63, 333
62, 332
62, 330
61, 329
61, 328
60, 327
60, 325
59, 324
59, 323
58, 322
58, 321
57, 320
57, 318
56, 317
56, 316
55, 315
55, 314
54, 313
54, 311
53, 310
53, 309
51, 307
51, 306
50, 305
50, 304
49, 303
49, 302
47, 300
47, 299
46, 298
46, 296
47, 295
47, 289
48, 288
48, 284
49, 283
49, 279
50, 278
50, 275
51, 274
51, 272
52, 271
52, 268
53, 267
53, 265
54, 264
54, 261
55, 260
55, 258
56, 257
56, 255
57, 254
57, 251
58, 250
58, 248
59, 247
59, 245
60, 244
60, 241
61, 240
61, 238
62, 237
62, 235
63, 234
63, 231
64, 230
65, 230
70, 235
70, 236
72, 238
72, 240
73, 241
73, 244
74, 245
74, 247
75, 248
75, 251
76, 252
76, 254
77, 255
77, 257
78, 258
78, 260
79, 261
79, 263
80, 264
80, 266
81, 267
81, 268
82, 269
82, 271
83, 272
83, 273
84, 274
84, 275
85, 276
85, 277
86, 278
86, 279
87, 280
87, 281
88, 282
88, 283
89, 284
89, 285
91, 287
91, 288
98, 295
100, 295
101, 296
103, 296
104, 297
112, 297
113, 296
118, 296
119, 295
122, 295
123, 294
126, 294
127, 293
129, 293
130, 292
132, 292
133, 291
134, 291
135, 290
136, 290
136, 288
135, 287
133, 287
132, 288
131, 288
130, 289
127, 289
126, 290
125, 290
124, 291
121, 291
120, 292
116, 292
115, 293
103, 293
102, 292
101, 292
100, 291
99, 291
94, 286
94, 285
92, 283
92, 282
91, 281
91, 280
90, 279
90, 278
89, 277
89, 276
88, 275
88, 274
87, 273
87, 272
86, 271
86, 269
85, 268
85, 267
84, 266
84, 264
83, 263
83, 262
82, 261
82, 259
81, 258
81, 256
80, 255
80, 253
79, 252
79, 249
78, 248
78, 247
79, 246
80, 247
81, 247
86, 252
87, 252
92, 257
93, 257
94, 258
95, 258
97, 260
98, 260
99, 261
100, 261
102, 263
103, 263
104, 264
105, 264
107, 266
109, 266
110, 267
111, 267
112, 268
114, 268
115, 269
116, 269
117, 270
119, 270
120, 271
122, 271
123, 272
126, 272
127, 273
131, 273
132, 274
136, 274
137, 275
143, 275
144, 276
178, 276
179, 275
187, 275
188, 274
195, 274
196, 273
202, 273
203, 272
208, 272
209, 271
215, 271
216, 270
221, 270
222, 269
227, 269
228, 268
233, 268
234, 267
241, 267
242, 266
249, 266
250, 265
258, 265
259, 264
268, 264
269, 263
282, 263
283, 262
331, 262
332, 263
334, 263
335, 262
336, 262
336, 260
335, 259
322, 259
321, 258
291, 258
290, 259
273, 259
272, 260
263, 260
262, 261
254, 261
253, 262
246, 262
245, 263
238, 263
237, 264
230, 264
229, 265
224, 265
223, 266
218, 266
217, 267
212, 267
211, 268
205, 268
204, 269
199, 269
198, 270
192, 270
191, 271
183, 271
182, 272
173, 272
172, 273
151, 273
150, 272
140, 272
139, 271
135, 271
134, 270
130, 270
129, 269
125, 269
124, 268
122, 268
121, 267
120, 267
119, 266
117, 266
116, 265
115, 265
114, 264
112, 264
111, 263
110, 263
109, 262
108, 262
107, 261
106, 261
105, 260
104, 260
102, 258
101, 258
100, 257
99, 257
97, 255
96, 255
94, 253
93, 253
88, 248
87, 248
75, 236
75, 235
74, 234
74, 231
73, 230
73, 228
72, 227
72, 225
71, 224
71, 223
70, 222
70, 220
69, 219
69, 217
68, 216
68, 211
69, 210
69, 207
70, 206
70, 202
71, 201
71, 197
72, 196
72, 190
73, 189
73, 181
74, 180
74, 134
73, 133
73, 126
72, 125
72, 120
71, 119
71, 115
70, 114
70, 111
69, 110
69, 107
68, 106
68, 104
67, 103
67, 100
66, 99
66, 97
65, 96
65, 95
64, 94
64, 92
63, 91
63, 90
62, 89
62, 88
60, 86
60, 85
59, 84
54, 84
53, 85
53, 86
52, 87
52, 88
51, 89
51, 91
50, 92
50, 95
49, 96
49, 102
48, 103
48, 117
47, 118
47, 125
48, 126
48, 144
49, 145
49, 154
50, 155
50, 162
51, 163
51, 169
52, 170
52, 174
53, 175
53, 180
54, 181
54, 184
55, 185
55, 188
56, 189
56, 192
57, 193
57, 195
58, 196
58, 199
59, 200
59, 202
60, 203
60, 205
61, 206
61, 208
62, 209
62, 211
63, 212
63, 213
64, 214
64, 216
62, 218
60, 216
60, 215
59, 214
59, 213
57, 211
57, 210
56, 209
56, 208
55, 207
55, 206
53, 204
53, 203
52, 202
52, 201
51, 200
51, 199
50, 198
50, 197
49, 196
49, 195
48, 194
48, 193
47, 192
47, 191
46, 190
46, 189
45, 188
45, 187
44, 186
44, 185
43, 184
43, 182
42, 181
42, 180
41, 179
41, 178
40, 177
40, 175
39, 174
39, 173
38, 172
38, 170
37, 169
37, 167
36, 166
36, 165
35, 164
35, 162
34, 161
34, 159
33, 158
33, 156
32, 155
32, 153
31, 152
31, 150
30, 149
30, 147
29, 146
29, 144
28, 143
28, 141
27, 140
27, 137
26, 136
26, 133
25, 132
25, 129
24, 128
24, 125
23, 124
23, 120
22, 119
22, 114
21, 113
21, 108
20, 107
20, 101
19, 100
19, 89
18, 88
18, 67
19, 66
19, 60
20, 59
20, 55
21, 54
21, 52
22, 51
22, 49
24, 47
24, 46
25, 45
25, 44
33, 36
34, 36
35, 35
36, 35
37, 34
39, 34
40, 33
42, 33
43, 32
49, 32
50, 31
61, 31
62, 32
68, 32
69, 33
74, 33
75, 34
78, 34
79, 35
82, 35
83, 36
86, 36
87, 37
90, 37
91, 38
93, 38
94, 39
97, 39
98, 40
100, 40
101, 41
103, 41
104, 42
107, 42
108, 43
110, 43
111, 44
113, 44
114, 45
116, 45
117, 46
119, 46
120, 47
122, 47
123, 48
125, 48
126, 49
128, 49
129, 50
131, 50
132, 51
134, 51
135, 52
137, 52
138, 53
140, 53
141, 54
143, 54
144, 55
146, 55
147, 56
149, 56
150, 57
152, 57
153, 58
155, 58
156, 59
159, 59
160, 60
162, 60
163, 61
165, 61
167, 63
167, 71
168, 72
168, 78
169, 79
169, 83
170, 84
170, 88
171, 89
171, 91
172, 92
172, 95
173, 96
173, 98
174, 99
174, 101
175, 102
175, 104
176, 105
176, 107
177, 108
177, 109
178, 110
178, 112
179, 113
179, 114
180, 115
180, 117
181, 118
181, 119
182, 120
182, 121
183, 122
183, 123
184, 124
184, 125
185, 126
185, 127
186, 128
186, 129
187, 130
187, 131
188, 132
188, 133
189, 134
189, 135
191, 137
191, 138
192, 139
192, 140
193, 141
192, 142
189, 142
188, 141
186, 141
185, 140
183, 140
182, 139
179, 139
178, 138
176, 138
175, 137
165, 137
164, 138
163, 138
162, 139
160, 139
158, 141
157, 141
154, 144
153, 144
147, 138
146, 138
144, 136
143, 136
142, 135
140, 135
139, 134
137, 134
136, 135
134, 135
133, 136
132, 136
131, 137
131, 138
129, 140
129, 142
128, 143
128, 145
127, 146
127, 149
126, 150
126, 154
125, 155
125, 159
124, 160
124, 165
123, 166
123, 169
122, 170
122, 172
121, 173
121, 175
120, 176
120, 178
119, 179
119, 180
118, 181
118, 182
117, 183
117, 184
115, 186
115, 187
107, 195
106, 195
105, 196
104, 196
103, 197
101, 197
100, 198
97, 198
96, 197
95, 197
94, 196
93, 196
89, 192
89, 191
86, 188
86, 187
85, 186
85, 185
84, 184
84, 183
83, 182
83, 180
81, 178
80, 178
79, 179
79, 182
80, 183
80, 184
81, 185
81, 186
82, 187
82, 188
83, 189
83, 190
85, 192
85, 193
92, 200
93, 200
94, 201
102, 201
103, 200
105, 200
106, 199
107, 199
108, 198
109, 198
112, 195
113, 195
115, 193
115, 192
118, 189
118, 188
120, 186
120, 185
121, 184
121, 183
122, 182
122, 181
123, 180
123, 178
124, 177
124, 176
125, 175
125, 172
126, 171
126, 168
127, 167
127, 164
128, 163
128, 158
129, 157
129, 153
130, 152
130, 148
131, 147
131, 145
132, 144
132, 143
133, 142
133, 141
136, 138
140, 138
141, 139
142, 139
150, 147
150, 151
149, 152
149, 155
148, 156
148, 162
149, 163
149, 168
150, 169
150, 172
151, 173
151, 176
152, 177
152, 179
153, 180
153, 182
154, 183
154, 185
155, 186
155, 187
156, 188
156, 190
157, 191
157, 193
158, 194
158, 197
159, 198
159, 200
160, 201
160, 203
161, 204
161, 206
162, 207
162, 208
163, 209
163, 210
164, 211
165, 211
166, 212
167, 212
168, 211
169, 211
169, 210
170, 209
170, 206
171, 205
171, 203
172, 202
172, 198
173, 197
173, 194
172, 193
172, 185
171, 184
171, 179
170, 178
170, 175
169, 174
169, 172
168, 171
168, 170
167, 169
167, 168
166, 167
166, 166
165, 165
165, 164
164, 163
164, 162
163, 161
163, 160
161, 158
161, 157
160, 156
160, 155
158, 153
158, 152
156, 150
156, 147
158, 145
159, 145
161, 143
162, 143
163, 142
164, 142
165, 141
168, 141
169, 140
171, 140
172, 141
176, 141
177, 142
179, 142
180, 143
182, 143
183, 144
186, 144
187, 145
194, 145
195, 146
196, 146
197, 147
197, 148
199, 150
199, 151
202, 154
202, 155
205, 158
205, 159
208, 162
208, 163
210, 165
210, 166
215, 171
215, 172
222, 179
222, 185
223, 186
223, 192
224, 193
224, 195
225, 196
225, 199
226, 200
226, 201
227, 202
227, 204
228, 205
228, 206
230, 208
230, 209
234, 213
235, 213
236, 214
238, 214
239, 213
240, 213
241, 212
241, 211
242, 210
242, 207
243, 206
243, 204
242, 203
242, 200
241, 199
241, 198
242, 197
244, 199
245, 199
246, 200
247, 200
248, 201
249, 201
250, 202
251, 202
252, 203
253, 203
254, 204
255, 204
256, 205
258, 205
259, 206
261, 206
262, 207
265, 207
266, 208
271, 208
272, 209
275, 209
276, 208
286, 208
287, 209
288, 209
289, 210
290, 210
291, 211
293, 211
299, 217
302, 217
303, 216
304, 216
307, 213
308, 213
312, 209
312, 208
313, 207
313, 206
314, 205
314, 204
315, 203
315, 202
316, 201
316, 199
317, 198
317, 182
316, 181
316, 178
315, 177
315, 173
314, 172
314, 169
313, 168
313, 166
312, 165
312, 163
311, 162
311, 160
310, 159
310, 158
308, 156
308, 155
306, 153
306, 152
304, 150
304, 149
301, 146
301, 145
298, 142
297, 142
295, 140
287, 140
286, 141
285, 141
284, 142
283, 142
282, 143
280, 143
279, 142
278, 142
277, 141
275, 141
274, 142
273, 142
273, 143
270, 146
269, 146
268, 145
268, 144
261, 137
260, 137
259, 136
257, 136
256, 135
248, 135
247, 136
244, 136
243, 137
242, 137
241, 138
240, 138
239, 139
238, 139
236, 141
235, 141
232, 144
232, 145
230, 147
230, 148
228, 150
228, 152
227, 153
227, 154
226, 155
226, 158
225, 159
225, 161
224, 162
224, 164
223, 165
221, 163
221, 162
219, 160
219, 159
217, 157
217, 156
215, 154
215, 153
206, 144
205, 144
204, 143
203, 143
202, 142
199, 142
195, 138
195, 137
194, 136
194, 135
193, 134
193, 133
191, 131
191, 130
190, 129
190, 128
189, 127
189, 126
188, 125
188, 124
187, 123
187, 122
186, 121
186, 120
185, 119
185, 118
184, 117
184, 115
183, 114
183, 113
182, 112
182, 111
181, 110
181, 108
180, 107
180, 105
179, 104
179, 103
178, 102
178, 100
177, 99
177, 96
176, 95
176, 93
175, 92
175, 90
174, 89
174, 86
173, 85
173, 81
172, 80
172, 75
171, 74
171, 64
172, 63
173, 63
174, 64
177, 64
178, 65
181, 65
182, 66
186, 66
187, 67
190, 67
191, 68
196, 68
197, 69
201, 69
202, 70
208, 70
209, 71
215, 71
216, 72
224, 72
225, 73
235, 73
236, 72
239, 72
242, 69
242, 68
243, 67
243, 63
242, 62
242, 59
241, 58
241, 56
240, 55
240, 54
239, 53
239, 51
238, 50
238, 49
237, 48
237, 47
236, 46
236, 45
234, 43
234, 42
233, 41
233, 40
231, 38
231, 37
229, 35
229, 34
224, 29
224, 28
222, 26
221, 26
216, 21
215, 21
214, 20
213, 20
211, 18
210, 18
209, 17
207, 17
206, 16
203, 16
202, 15
46, 308
47, 307
48, 308
48, 309
49, 310
49, 311
50, 312
50, 313
51, 314
51, 315
52, 316
52, 317
53, 318
53, 319
54, 320
54, 322
55, 323
55, 324
56, 325
56, 326
57, 327
57, 329
58, 330
58, 331
59, 332
59, 334
60, 335
60, 337
61, 338
61, 339
62, 340
62, 343
63, 344
63, 349
61, 351
58, 351
57, 350
56, 350
51, 345
51, 344
50, 343
50, 342
49, 341
49, 339
48, 338
48, 336
47, 335
47, 331
46, 330
226, 186
227, 185
229, 187
230, 187
232, 189
232, 190
234, 192
234, 193
235, 194
235, 195
236, 196
236, 197
237, 198
237, 199
238, 200
238, 201
239, 202
239, 208
237, 210
236, 210
233, 207
233, 206
232, 205
232, 204
231, 203
231, 202
230, 201
230, 200
229, 199
229, 197
228, 196
228, 194
227, 193
227, 190
226, 189
269, 158
270, 157
272, 159
272, 160
273, 161
273, 163
274, 164
274, 165
275, 166
275, 168
276, 169
276, 171
277, 172
277, 174
278, 175
278, 177
279, 178
279, 181
280, 182
280, 184
281, 185
281, 189
282, 190
282, 195
283, 196
283, 197
282, 198
281, 198
280, 197
280, 196
279, 195
279, 194
277, 192
277, 190
276, 189
276, 188
275, 187
275, 186
274, 185
274, 183
273, 182
273, 180
272, 179
272, 178
271, 177
271, 175
270, 174
270, 172
269, 171
269, 167
268, 166
268, 163
269, 162
154, 153
155, 154
155, 155
157, 157
157, 158
158, 159
158, 160
160, 162
160, 163
161, 164
161, 165
162, 166
162, 167
163, 168
163, 169
164, 170
164, 171
165, 172
165, 173
166, 174
166, 176
167, 177
167, 181
168, 182
168, 188
169, 189
169, 199
168, 200
168, 202
167, 203
167, 205
166, 206
165, 205
165, 204
164, 203
164, 202
163, 201
163, 198
162, 197
162, 195
161, 194
161, 192
160, 191
160, 189
159, 188
159, 186
158, 185
158, 183
157, 182
157, 180
156, 179
156, 177
155, 176
155, 174
154, 173
154, 170
153, 169
153, 166
152, 165
152, 155
205, 148
211, 154
211, 155
214, 158
214, 159
216, 161
216, 162
218, 164
218, 165
219, 166
219, 167
221, 169
214, 165
214, 164
211, 161
211, 160
208, 157
208, 156
205, 153
205, 152
203, 150
288, 144
289, 143
292, 143
293, 144
294, 144
300, 150
300, 151
303, 154
303, 155
305, 157
305, 158
306, 159
306, 160
307, 161
307, 162
308, 163
308, 164
309, 165
309, 167
310, 168
310, 170
311, 171
311, 175
312, 176
312, 180
313, 181
313, 185
314, 186
314, 194
313, 195
313, 198
312, 199
312, 201
311, 202
311, 203
310, 204
310, 205
308, 207
308, 208
307, 209
306, 209
303, 212
302, 212
301, 213
300, 213
297, 210
297, 209
296, 209
295, 208
294, 208
293, 207
291, 207
289, 205
287, 205
286, 204
285, 204
284, 203
286, 201
286, 192
285, 191
285, 187
284, 186
284, 182
283, 181
283, 179
282, 178
282, 176
281, 175
281, 173
280, 172
280, 170
279, 169
279, 167
278, 166
278, 164
277, 163
277, 161
276, 160
276, 159
275, 158
275, 156
274, 155
274, 154
273, 153
273, 152
272, 151
273, 150
273, 149
274, 148
274, 147
276, 145
277, 145
279, 147
281, 147
282, 146
284, 146
285, 145
286, 145
287, 144
250, 139
251, 138
254, 138
255, 139
257, 139
259, 141
260, 141
265, 146
265, 147
267, 150
268, 151
267, 152
267, 154
266, 155
266, 158
265, 159
265, 170
266, 171
266, 174
267, 175
267, 176
268, 177
268, 179
269, 180
269, 182
270, 183
270, 185
271, 186
271, 187
272, 188
272, 189
273, 190
273, 192
274, 193
274, 194
275, 195
275, 196
277, 198
277, 199
280, 202
281, 202
282, 203
280, 204
279, 205
269, 205
268, 204
264, 204
263, 203
261, 203
260, 202
258, 202
257, 201
256, 201
255, 200
254, 200
253, 199
252, 199
251, 198
250, 198
249, 197
248, 197
246, 195
245, 195
243, 193
242, 193
238, 189
237, 189
236, 188
236, 187
234, 184
233, 183
233, 182
232, 181
232, 180
231, 179
231, 178
229, 176
229, 175
228, 174
228, 173
227, 172
227, 165
228, 164
228, 161
229, 160
229, 158
230, 157
230, 155
231, 154
231, 153
232, 152
232, 151
233, 150
233, 149
241, 142
242, 141
243, 141
244, 140
246, 140
247, 139
55, 89
56, 88
57, 88
59, 90
59, 91
60, 92
60, 93
61, 94
61, 96
62, 97
62, 99
63, 100
63, 102
64, 103
64, 105
65, 106
65, 109
66, 110
66, 112
67, 113
67, 117
68, 118
68, 122
69, 123
69, 129
70, 130
70, 141
71, 142
71, 174
70, 175
70, 185
69, 186
69, 193
68, 194
68, 198
67, 199
67, 203
66, 204
66, 205
65, 206
64, 205
64, 203
63, 202
63, 201
62, 200
62, 197
61, 196
61, 194
60, 193
60, 190
59, 189
59, 187
58, 186
58, 182
57, 181
57, 178
56, 177
56, 172
55, 171
55, 166
54, 165
54, 159
53, 158
53, 150
52, 149
52, 137
51, 136
51, 109
52, 108
52, 100
53, 99
53, 94
54, 93
54, 91
55, 90
192, 20
193, 19
204, 19
205, 20
206, 20
207, 21
208, 21
209, 22
210, 22
211, 23
214, 25
215, 25
225, 35
225, 36
228, 39
228, 40
230, 42
230, 43
231, 44
231, 45
232, 46
232, 47
234, 49
234, 50
235, 51
235, 53
236, 54
236, 55
237, 56
237, 57
238, 58
238, 61
239, 62
238, 68
237, 68
236, 69
220, 69
219, 68
213, 68
212, 67
206, 67
205, 66
200, 66
199, 65
195, 65
194, 64
190, 64
189, 63
185, 63
184, 62
181, 62
180, 61
177, 61
176, 60
171, 58
171, 50
172, 49
172, 46
173, 45
173, 42
174, 41
174, 40
175, 39
175, 37
176, 36
176, 35
177, 34
179, 31
179, 30
187, 22
188, 22
189, 21
190, 21
191, 20
