340, 2
342, 367
4, 369
2, 4
310, 16
309, 17
306, 17
305, 18
303, 18
302, 19
301, 19
300, 20
298, 20
297, 21
296, 21
295, 22
293, 22
292, 23
291, 23
290, 24
288, 24
287, 25
286, 25
285, 26
284, 26
283, 27
282, 27
281, 28
279, 28
278, 29
277, 29
276, 30
275, 30
274, 31
273, 31
272, 32
270, 32
269, 33
268, 33
267, 34
266, 34
265, 35
263, 35
262, 36
261, 36
260, 37
259, 37
258, 38
256, 38
255, 39
254, 39
253, 40
251, 40
250, 41
249, 41
248, 42
246, 42
245, 43
243, 43
242, 44
240, 44
239, 45
238, 45
237, 46
235, 46
234, 47
232, 47
231, 48
229, 48
228, 49
226, 49
225, 50
223, 50
222, 51
220, 51
219, 52
216, 52
215, 53
212, 53
211, 54
208, 54
207, 55
205, 55
204, 56
200, 56
199, 57
196, 57
195, 58
192, 58
191, 59
187, 59
186, 60
181, 60
180, 61
176, 61
175, 62
169, 62
168, 63
161, 63
160, 64
149, 64
148, 65
104, 65
103, 64
92, 64
91, 63
82, 63
81, 62
74, 62
73, 61
66, 61
65, 60
58, 60
57, 59
50, 59
49, 58
41, 58
40, 57
18, 57
17, 58
16, 58
15, 59
15, 61
16, 62
16, 63
21, 68
22, 68
24, 70
25, 70
26, 71
27, 71
28, 72
29, 72
31, 74
33, 74
34, 75
35, 75
36, 76
37, 76
38, 77
39, 77
40, 78
41, 78
42, 79
44, 79
45, 80
46, 80
47, 81
48, 81
49, 82
51, 82
52, 83
53, 83
54, 84
56, 84
57, 85
58, 85
59, 86
61, 86
62, 87
63, 87
64, 88
66, 88
67, 89
68, 89
69, 90
71, 90
72, 91
73, 91
74, 92
76, 92
77, 93
78, 93
79, 94
81, 94
82, 95
83, 95
84, 96
86, 96
87, 97
88, 97
89, 98
91, 98
92, 99
93, 99
94, 100
96, 100
97, 101
98, 101
99, 102
101, 102
102, 103
103, 103
104, 104
105, 104
106, 105
106, 107
105, 108
105, 110
104, 111
104, 113
103, 114
103, 117
102, 118
102, 123
101, 124
101, 129
100, 130
100, 135
99, 136
99, 141
98, 142
98, 146
97, 147
97, 150
96, 151
96, 153
95, 154
95, 156
94, 157
94, 158
93, 159
93, 161
91, 163
91, 164
84, 171
83, 171
82, 172
78, 172
77, 171
77, 164
76, 163
76, 157
75, 156
75, 148
74, 147
74, 140
73, 139
73, 133
72, 132
72, 127
71, 126
71, 122
70, 121
70, 118
69, 117
69, 115
68, 114
68, 113
67, 112
67, 111
66, 110
66, 109
65, 108
65, 107
64, 106
64, 105
63, 104
63, 103
59, 99
59, 98
58, 98
55, 95
53, 95
52, 94
42, 94
41, 95
39, 95
38, 96
37, 96
36, 97
35, 97
32, 100
31, 100
27, 104
27, 105
24, 108
24, 109
23, 110
23, 111
22, 112
22, 113
21, 114
21, 116
20, 117
20, 123
21, 124
21, 127
22, 128
22, 130
23, 131
23, 132
24, 133
24, 134
25, 135
25, 136
26, 137
26, 138
28, 140
28, 141
30, 143
30, 144
32, 146
32, 147
35, 150
35, 151
38, 154
38, 155
42, 159
42, 160
46, 164
46, 165
50, 169
50, 170
56, 176
56, 177
61, 182
61, 183
66, 188
66, 189
72, 195
72, 196
77, 201
77, 202
80, 205
80, 209
81, 210
81, 214
82, 215
82, 219
83, 220
83, 224
84, 225
84, 228
85, 229
85, 232
86, 233
86, 237
87, 238
87, 241
88, 242
88, 245
89, 246
89, 248
90, 249
90, 252
91, 253
91, 256
92, 257
92, 259
93, 260
93, 263
94, 264
94, 266
95, 267
95, 269
96, 270
96, 272
97, 273
97, 274
96, 275
95, 275
87, 267
86, 267
82, 263
81, 263
78, 260
77, 260
75, 258
74, 258
73, 257
72, 257
70, 255
69, 255
68, 254
67, 254
66, 253
64, 253
63, 252
59, 252
58, 251
56, 251
55, 252
53, 252
52, 253
51, 253
50, 254
50, 257
52, 257
54, 255
62, 255
63, 256
64, 256
65, 257
67, 257
69, 259
70, 259
71, 260
72, 260
74, 262
75, 262
77, 264
78, 264
82, 268
83, 268
90, 275
91, 275
100, 284
100, 285
101, 286
101, 288
102, 289
102, 290
103, 291
103, 293
104, 294
104, 296
105, 297
105, 299
106, 300
106, 301
107, 302
107, 304
108, 305
108, 306
109, 307
109, 309
110, 310
110, 311
111, 312
111, 314
112, 315
112, 316
113, 317
113, 318
114, 319
114, 321
115, 322
115, 323
116, 324
116, 325
117, 326
117, 327
118, 328
118, 329
119, 330
119, 331
121, 333
121, 334
122, 335
122, 336
123, 337
123, 338
125, 340
125, 341
128, 344
128, 345
131, 348
131, 349
135, 353
136, 353
137, 354
141, 354
142, 353
142, 345
141, 344
141, 341
140, 340
140, 338
139, 337
139, 335
138, 334
138, 333
137, 332
137, 330
136, 329
136, 328
135, 327
135, 326
134, 325
134, 324
133, 323
133, 322
131, 320
131, 319
130, 318
130, 317
128, 315
128, 314
126, 312
126, 311
123, 308
123, 307
121, 305
121, 304
118, 301
118, 300
115, 297
115, 296
110, 291
110, 290
104, 284
104, 283
103, 282
103, 281
102, 280
102, 278
101, 277
101, 275
100, 274
100, 272
99, 271
99, 269
98, 268
98, 266
97, 265
97, 262
96, 261
96, 259
95, 258
95, 255
94, 254
94, 252
93, 251
93, 248
92, 247
92, 245
91, 244
91, 241
90, 240
90, 236
89, 235
89, 232
88, 231
88, 228
87, 227
87, 224
86, 223
86, 219
85, 218
85, 214
84, 213
85, 212
86, 212
90, 216
90, 217
98, 225
98, 226
110, 238
110, 239
143, 272
144, 272
156, 284
157, 284
161, 288
162, 288
166, 292
167, 292
170, 295
171, 295
173, 297
174, 297
175, 298
176, 298
177, 299
178, 299
179, 300
180, 300
181, 301
182, 301
183, 302
189, 302
190, 301
192, 301
195, 298
195, 297
196, 296
196, 295
197, 294
197, 288
198, 287
198, 280
197, 279
197, 275
194, 275
194, 280
195, 281
195, 285
194, 286
194, 293
193, 294
193, 295
190, 298
189, 298
188, 299
185, 299
184, 298
182, 298
181, 297
180, 297
179, 296
178, 296
176, 294
175, 294
174, 293
173, 293
170, 290
169, 290
165, 286
164, 286
161, 283
160, 283
150, 273
149, 273
110, 234
110, 233
99, 222
99, 221
91, 213
91, 212
85, 206
85, 205
82, 202
82, 198
81, 197
81, 192
80, 191
80, 186
79, 185
79, 179
78, 178
78, 177
80, 175
83, 175
84, 174
85, 174
87, 172
88, 172
92, 168
92, 167
94, 165
94, 164
95, 163
95, 162
96, 161
96, 160
97, 159
97, 157
98, 156
98, 154
99, 153
99, 151
100, 150
100, 146
101, 145
101, 141
102, 140
102, 135
103, 134
103, 129
104, 128
104, 123
105, 122
105, 118
106, 117
106, 114
107, 113
107, 111
108, 110
108, 109
109, 108
109, 107
110, 106
111, 106
112, 107
113, 107
114, 108
116, 108
117, 109
119, 109
120, 110
121, 110
122, 111
124, 111
125, 112
126, 112
128, 114
128, 115
129, 116
129, 117
131, 119
131, 120
132, 121
132, 122
133, 123
133, 124
134, 125
134, 127
135, 128
135, 129
136, 130
136, 131
137, 132
137, 134
138, 135
138, 136
139, 137
139, 139
138, 140
137, 140
133, 144
133, 145
132, 146
132, 148
131, 149
131, 150
132, 151
132, 152
135, 155
136, 155
137, 156
139, 156
140, 157
144, 157
146, 159
146, 160
147, 161
147, 163
148, 164
148, 166
149, 167
149, 168
150, 169
151, 169
152, 168
152, 164
151, 163
151, 156
152, 155
153, 155
154, 154
155, 154
162, 147
162, 146
164, 144
164, 143
166, 141
166, 140
167, 139
167, 138
168, 137
168, 136
169, 135
169, 134
170, 133
170, 132
171, 131
171, 130
172, 129
175, 129
176, 130
178, 130
179, 131
181, 131
182, 132
182, 144
183, 145
183, 147
184, 148
184, 149
185, 150
185, 151
187, 153
187, 154
188, 155
189, 155
191, 157
192, 157
193, 158
197, 158
198, 157
199, 157
200, 156
200, 155
202, 153
202, 151
203, 150
203, 147
204, 146
204, 140
206, 138
207, 139
210, 139
211, 140
214, 140
215, 141
218, 141
221, 144
221, 145
222, 146
224, 146
225, 145
225, 144
226, 143
227, 143
228, 144
232, 144
233, 145
237, 145
238, 146
241, 146
242, 147
245, 147
248, 150
248, 152
249, 153
249, 154
250, 155
254, 155
254, 154
255, 153
255, 151
256, 150
260, 150
261, 151
265, 151
266, 152
270, 152
272, 154
272, 156
274, 158
274, 159
275, 160
277, 160
278, 159
278, 155
279, 154
283, 154
284, 155
293, 155
294, 156
304, 156
305, 155
304, 154
302, 154
301, 153
293, 153
292, 152
283, 152
282, 151
278, 151
277, 150
277, 149
276, 148
276, 146
275, 145
275, 143
274, 142
274, 141
273, 140
273, 138
272, 137
272, 135
271, 134
271, 133
270, 132
270, 131
269, 130
269, 119
270, 118
270, 116
271, 115
271, 114
273, 112
273, 111
279, 105
280, 105
281, 104
282, 104
283, 103
286, 103
288, 105
288, 108
287, 109
287, 114
286, 115
286, 119
285, 120
285, 124
284, 125
284, 131
283, 132
283, 135
284, 136
284, 137
287, 137
289, 135
289, 134
293, 130
293, 129
305, 117
306, 117
310, 113
311, 113
313, 111
314, 111
317, 108
317, 107
319, 105
319, 104
321, 102
321, 101
322, 100
322, 98
323, 97
323, 96
324, 95
324, 93
325, 92
325, 89
326, 88
326, 84
327, 83
327, 75
328, 74
328, 35
327, 34
327, 28
326, 27
326, 24
325, 23
325, 22
324, 21
324, 20
320, 16
108, 296
109, 295
113, 299
113, 300
116, 303
116, 304
119, 307
119, 308
122, 311
122, 312
124, 314
124, 315
126, 317
126, 318
128, 320
128, 321
129, 322
129, 323
130, 324
130, 325
132, 327
132, 328
133, 329
133, 331
134, 332
134, 333
135, 334
135, 335
136, 336
136, 338
137, 339
137, 341
138, 342
138, 345
139, 346
139, 349
138, 350
137, 350
132, 345
132, 344
130, 342
130, 341
127, 338
127, 337
126, 336
126, 335
124, 333
124, 332
123, 331
123, 330
122, 329
122, 328
121, 327
121, 326
120, 325
120, 324
119, 323
119, 322
118, 321
118, 320
117, 319
117, 318
116, 317
116, 316
115, 315
115, 313
114, 312
114, 311
113, 310
113, 308
112, 307
112, 306
111, 305
111, 304
110, 303
110, 301
109, 300
109, 298
108, 297
138, 143
140, 143
141, 144
141, 145
142, 146
142, 148
143, 149
143, 151
144, 152
144, 153
143, 154
140, 154
139, 153
137, 153
134, 150
134, 149
135, 148
135, 147
136, 146
136, 145
145, 141
143, 142
188, 133
189, 134
192, 134
193, 135
195, 135
196, 136
199, 136
200, 137
201, 137
202, 141
201, 142
201, 147
200, 148
200, 150
199, 151
199, 152
193, 155
187, 149
187, 148
186, 145
185, 144
185, 140
184, 139
184, 135
165, 129
166, 128
167, 128
168, 129
168, 130
167, 131
167, 133
166, 134
166, 135
165, 136
165, 137
163, 139
163, 140
161, 142
161, 143
159, 145
159, 146
155, 150
154, 150
152, 152
150, 152
149, 151
149, 145
148, 144
148, 138
149, 137
150, 137
151, 136
152, 136
153, 135
154, 135
156, 133
158, 133
159, 132
160, 132
162, 130
163, 130
164, 129
259, 124
260, 125
261, 125
265, 129
265, 130
266, 133
267, 134
267, 139
268, 140
268, 143
269, 144
269, 148
265, 149
264, 148
260, 148
259, 147
256, 147
255, 144
254, 143
254, 141
253, 140
253, 138
252, 137
252, 135
251, 134
252, 132
252, 131
253, 130
253, 129
254, 128
254, 127
148, 122
149, 121
151, 121
152, 122
154, 122
155, 123
157, 123
158, 124
159, 124
160, 125
162, 125
163, 126
161, 128
160, 128
159, 129
158, 129
157, 130
156, 130
155, 131
154, 131
153, 132
152, 132
151, 133
150, 133
149, 134
148, 133
232, 120
233, 119
235, 119
236, 120
238, 120
243, 126
245, 128
245, 129
247, 131
247, 133
248, 134
248, 136
247, 137
247, 143
242, 144
241, 143
237, 143
236, 142
233, 142
232, 141
228, 141
227, 140
225, 140
224, 138
223, 137
223, 129
224, 128
224, 127
226, 125
226, 124
230, 121
231, 120
204, 118
205, 117
206, 117
208, 119
209, 119
214, 124
214, 125
216, 127
216, 128
217, 129
217, 130
218, 131
218, 132
219, 133
219, 137
218, 138
214, 138
213, 137
211, 137
210, 136
207, 136
205, 134
205, 124
204, 123
196, 117
197, 116
200, 116
201, 117
201, 121
202, 122
202, 133
201, 134
200, 134
199, 133
196, 133
195, 132
193, 132
192, 131
189, 131
188, 130
187, 130
186, 129
186, 127
187, 126
187, 125
188, 124
188, 123
193, 118
194, 118
195, 117
132, 116
133, 115
134, 115
135, 116
137, 116
138, 117
140, 117
141, 118
142, 118
143, 119
144, 119
145, 120
145, 135
143, 137
142, 137
141, 136
141, 135
140, 134
140, 132
139, 131
139, 130
138, 129
138, 127
137, 126
137, 125
136, 124
136, 123
135, 122
135, 121
134, 120
134, 119
133, 118
133, 117
113, 101
121, 107
120, 107
119, 106
116, 105
115, 105
114, 104
113, 104
112, 103
42, 98
43, 97
51, 97
52, 98
53, 98
54, 99
55, 99
58, 102
58, 103
61, 106
61, 107
62, 108
62, 109
63, 110
63, 111
64, 112
64, 113
65, 114
65, 116
66, 117
66, 118
67, 119
67, 122
68, 123
68, 127
69, 128
69, 133
70, 134
70, 140
71, 141
71, 149
72, 150
72, 157
73, 158
73, 165
74, 166
74, 169
73, 170
72, 169
71, 169
69, 167
69, 166
64, 161
64, 160
61, 157
60, 157
60, 160
61, 161
61, 162
65, 166
65, 167
70, 172
71, 172
73, 174
74, 174
75, 175
75, 179
76, 180
76, 186
77, 187
77, 192
78, 193
78, 195
77, 196
73, 192
73, 191
68, 186
68, 185
62, 179
62, 178
57, 173
57, 172
52, 167
52, 166
48, 162
48, 161
44, 157
44, 156
40, 152
40, 151
37, 148
37, 147
34, 144
34, 143
32, 141
32, 140
30, 138
30, 137
28, 135
28, 134
27, 133
27, 132
26, 131
26, 130
25, 129
25, 127
24, 126
24, 123
23, 122
23, 119
24, 118
24, 115
25, 114
25, 113
26, 112
26, 111
28, 109
28, 108
35, 101
36, 101
38, 99
40, 99
41, 98
191, 96
192, 96
196, 100
196, 101
197, 102
197, 103
198, 104
198, 106
199, 107
199, 109
200, 110
200, 112
199, 113
197, 113
196, 114
194, 114
192, 116
191, 116
186, 121
186, 122
184, 124
184, 126
182, 128
179, 128
178, 127
176, 127
175, 126
174, 126
173, 125
173, 124
176, 121
176, 120
179, 117
179, 116
181, 114
181, 113
182, 112
182, 110
183, 109
183, 108
184, 107
184, 106
185, 105
185, 104
186, 103
186, 102
187, 101
187, 100
162, 89
165, 88
166, 89
167, 89
168, 90
168, 91
169, 92
169, 93
170, 94
170, 96
171, 97
171, 100
172, 116
171, 117
171, 120
170, 121
170, 122
169, 123
168, 123
166, 124
165, 123
163, 123
162, 122
161, 122
160, 121
158, 121
157, 120
155, 120
154, 119
152, 119
151, 118
150, 118
149, 112
150, 111
150, 109
151, 108
151, 106
152, 105
152, 103
153, 102
153, 101
154, 100
154, 98
156, 96
156, 95
157, 94
157, 93
161, 89
313, 19
314, 18
317, 18
318, 19
319, 19
322, 22
322, 23
323, 24
323, 27
324, 28
324, 33
325, 34
325, 51
326, 52
326, 58
325, 59
325, 76
324, 77
324, 84
323, 85
323, 88
322, 89
322, 92
321, 93
321, 95
320, 96
320, 97
319, 98
319, 99
318, 100
318, 101
317, 102
317, 103
309, 111
308, 111
305, 114
304, 114
289, 129
289, 130
288, 131
287, 130
287, 125
288, 124
288, 120
289, 119
289, 115
290, 114
290, 102
288, 100
282, 100
281, 101
280, 101
278, 103
277, 103
271, 109
271, 110
269, 112
269, 113
268, 114
268, 115
267, 116
267, 119
266, 120
266, 123
265, 124
264, 124
262, 122
260, 122
259, 121
257, 121
256, 122
255, 122
251, 126
251, 127
249, 129
248, 128
248, 127
246, 125
246, 124
240, 118
239, 118
238, 117
235, 117
234, 116
233, 117
230, 117
229, 118
228, 118
223, 123
223, 124
222, 125
222, 126
220, 128
219, 127
219, 126
217, 124
217, 123
210, 116
209, 116
208, 115
207, 115
206, 114
205, 114
203, 112
203, 110
202, 109
202, 107
201, 106
201, 104
200, 103
200, 102
199, 101
199, 99
197, 97
197, 96
195, 94
194, 94
193, 93
190, 93
189, 94
188, 94
186, 96
186, 97
184, 99
184, 100
183, 101
183, 103
182, 104
182, 105
181, 106
181, 107
180, 108
180, 109
179, 110
179, 111
178, 112
178, 113
176, 115
175, 114
175, 102
174, 101
174, 97
173, 96
173, 93
172, 92
172, 91
171, 90
171, 89
168, 86
167, 86
166, 85
162, 85
161, 86
160, 86
155, 91
155, 92
153, 94
153, 95
152, 96
152, 97
151, 98
151, 99
150, 100
150, 102
149, 103
149, 105
148, 106
148, 108
147, 109
147, 112
146, 113
146, 115
145, 116
144, 116
143, 115
141, 115
140, 114
138, 114
137, 113
136, 113
135, 112
133, 112
132, 111
131, 111
130, 110
129, 110
127, 108
127, 107
123, 103
123, 102
121, 100
120, 100
118, 98
113, 98
112, 99
111, 99
108, 102
107, 102
106, 101
104, 101
103, 100
102, 100
101, 99
99, 99
98, 98
97, 98
96, 97
94, 97
93, 96
92, 96
91, 95
89, 95
88, 94
87, 94
86, 93
84, 93
83, 92
82, 92
81, 91
79, 91
78, 90
77, 90
76, 89
74, 89
73, 88
72, 88
71, 87
69, 87
68, 86
67, 86
66, 85
64, 85
63, 84
62, 84
61, 83
59, 83
58, 82
57, 82
56, 81
54, 81
53, 80
52, 80
51, 79
50, 79
49, 78
47, 78
46, 77
45, 77
44, 76
43, 76
42, 75
40, 75
39, 74
38, 74
37, 73
36, 73
35, 72
34, 72
33, 71
32, 71
31, 70
30, 70
29, 69
28, 69
26, 67
25, 67
23, 65
22, 65
19, 62
19, 61
21, 59
30, 59
31, 60
41, 60
42, 61
50, 61
51, 62
58, 62
59, 63
66, 63
67, 64
74, 64
75, 65
83, 65
84, 66
93, 66
94, 67
106, 67
107, 68
146, 68
147, 67
159, 67
160, 66
167, 66
168, 65
174, 65
175, 64
180, 64
181, 63
185, 63
186, 62
190, 62
191, 61
195, 61
196, 60
199, 60
200, 59
203, 59
204, 58
207, 58
208, 57
211, 57
212, 56
215, 56
216, 55
218, 55
219, 54
222, 54
223, 53
225, 53
226, 52
228, 52
229, 51
231, 51
232, 50
234, 50
235, 49
237, 49
238, 48
239, 48
240, 47
242, 47
243, 46
245, 46
246, 45
248, 45
249, 44
250, 44
251, 43
253, 43
254, 42
255, 42
256, 41
258, 41
259, 40
260, 40
261, 39
263, 39
264, 38
265, 38
266, 37
267, 37
268, 36
270, 36
271, 35
272, 35
273, 34
274, 34
275, 33
277, 33
278, 32
279, 32
280, 31
281, 31
282, 30
283, 30
284, 29
286, 29
287, 28
288, 28
289, 27
290, 27
291, 26
292, 26
293, 25
295, 25
296, 24
297, 24
298, 23
300, 23
301, 22
302, 22
303, 21
305, 21
306, 20
309, 20
310, 19
