4, 2
488, 4
486, 369
2, 367
450, 243
448, 245
448, 246
447, 247
448, 248
448, 249
452, 253
452, 254
456, 258
456, 259
461, 264
461, 265
464, 268
464, 269
465, 269
466, 270
467, 270
468, 269
469, 269
471, 267
471, 266
470, 265
470, 264
468, 262
468, 261
464, 257
464, 256
459, 251
459, 250
456, 247
456, 246
453, 243
316, 15
315, 16
311, 16
310, 17
308, 17
307, 18
306, 18
304, 20
303, 20
301, 22
301, 23
298, 26
298, 27
297, 28
297, 29
296, 30
296, 32
295, 33
295, 37
294, 38
294, 58
295, 59
295, 64
296, 65
296, 69
297, 70
297, 73
298, 74
298, 77
299, 78
299, 80
300, 81
300, 83
301, 84
301, 87
302, 88
302, 90
303, 91
303, 93
304, 94
304, 95
305, 96
305, 98
306, 99
306, 101
307, 102
307, 103
308, 104
308, 106
309, 107
309, 108
310, 109
310, 111
311, 112
311, 113
312, 114
312, 115
313, 116
313, 118
314, 119
314, 120
315, 121
315, 122
316, 123
316, 124
317, 125
317, 126
318, 127
318, 129
319, 130
319, 131
320, 132
320, 133
321, 134
321, 135
322, 136
322, 137
323, 138
323, 139
325, 141
325, 142
326, 143
326, 144
327, 145
327, 146
328, 147
328, 148
329, 149
329, 150
330, 151
330, 152
332, 154
332, 155
333, 156
333, 157
335, 159
335, 160
336, 161
336, 162
338, 164
338, 165
339, 166
339, 167
341, 169
341, 170
343, 172
343, 173
345, 175
345, 176
347, 178
347, 179
348, 180
347, 181
344, 181
343, 182
342, 182
341, 183
340, 183
339, 184
339, 185
337, 187
337, 189
336, 190
336, 194
335, 195
335, 238
334, 239
334, 244
333, 245
333, 246
332, 247
332, 248
329, 251
326, 251
325, 250
324, 250
317, 243
317, 242
315, 240
315, 239
314, 238
314, 236
313, 235
313, 234
312, 233
312, 231
311, 230
311, 229
310, 228
310, 226
309, 225
309, 224
308, 223
308, 222
306, 220
306, 219
305, 218
305, 217
303, 215
303, 214
302, 213
302, 212
301, 211
301, 210
299, 208
299, 207
298, 206
298, 205
296, 203
296, 202
295, 201
295, 200
293, 198
293, 197
291, 195
291, 194
288, 191
288, 190
285, 187
284, 187
280, 183
279, 183
277, 181
276, 181
275, 180
274, 180
273, 179
265, 179
264, 180
263, 180
256, 187
256, 188
254, 190
254, 191
253, 192
253, 193
252, 194
252, 195
251, 196
251, 197
250, 198
250, 200
249, 201
249, 204
248, 205
248, 220
247, 221
245, 219
244, 219
234, 209
233, 209
227, 203
226, 203
223, 200
222, 200
220, 198
219, 198
217, 196
216, 196
215, 195
214, 195
213, 194
212, 194
211, 193
210, 193
209, 192
208, 192
206, 190
206, 187
205, 186
205, 183
204, 182
204, 180
203, 179
203, 177
202, 176
202, 175
201, 174
201, 173
200, 172
200, 171
195, 166
194, 166
193, 165
186, 165
182, 169
182, 170
181, 171
181, 172
180, 173
180, 175
179, 176
179, 181
178, 182
178, 195
177, 196
174, 193
174, 192
165, 183
165, 182
139, 156
138, 156
121, 139
120, 139
112, 131
111, 131
106, 126
105, 126
101, 122
100, 122
96, 118
95, 118
93, 116
92, 116
90, 114
89, 114
88, 113
87, 113
85, 111
84, 111
83, 110
82, 110
81, 109
80, 109
79, 108
78, 108
77, 107
75, 107
74, 106
72, 106
71, 105
68, 105
67, 104
53, 104
52, 105
50, 105
49, 106
48, 106
47, 107
45, 107
43, 109
42, 109
40, 111
39, 111
34, 116
34, 117
31, 120
31, 121
30, 122
30, 123
29, 124
29, 125
28, 126
28, 127
27, 128
27, 130
26, 131
26, 132
25, 133
25, 136
24, 137
24, 140
23, 141
23, 145
22, 146
22, 151
21, 152
21, 185
22, 186
22, 193
23, 194
23, 199
24, 200
24, 205
25, 206
25, 210
26, 211
26, 214
27, 215
27, 219
28, 220
28, 223
29, 224
29, 227
30, 228
30, 231
31, 232
31, 235
32, 236
32, 238
33, 239
33, 242
34, 243
34, 245
35, 246
35, 248
36, 249
36, 251
37, 252
37, 255
38, 256
38, 258
39, 259
39, 260
40, 261
40, 263
41, 264
41, 265
42, 266
42, 268
43, 269
43, 270
44, 271
44, 272
45, 273
45, 275
46, 276
46, 277
47, 278
47, 279
48, 280
48, 281
49, 282
49, 283
50, 284
50, 285
51, 286
51, 287
52, 288
52, 289
53, 290
53, 291
55, 293
55, 294
56, 295
56, 296
57, 297
57, 298
59, 300
59, 301
60, 302
60, 303
62, 305
62, 306
64, 308
64, 309
66, 311
66, 312
68, 314
68, 315
72, 319
72, 320
76, 324
76, 325
84, 333
85, 333
91, 339
92, 339
94, 341
95, 341
97, 343
98, 343
100, 345
101, 345
102, 346
103, 346
104, 347
105, 347
106, 348
107, 348
108, 349
109, 349
110, 350
112, 350
113, 351
115, 351
116, 352
119, 352
120, 353
123, 353
124, 354
141, 354
142, 353
144, 353
145, 352
147, 352
148, 351
149, 351
150, 350
151, 350
153, 348
154, 348
164, 338
164, 337
167, 334
167, 333
168, 332
168, 331
169, 330
169, 329
170, 328
170, 327
171, 326
171, 324
172, 323
172, 321
173, 320
173, 315
174, 314
174, 307
173, 306
173, 301
172, 300
172, 298
171, 297
171, 295
170, 294
170, 293
169, 292
169, 291
168, 290
168, 289
166, 287
166, 286
164, 284
164, 283
161, 280
161, 279
157, 275
157, 274
151, 268
150, 268
144, 262
143, 262
139, 258
138, 258
135, 255
134, 255
131, 252
130, 252
127, 249
126, 249
124, 247
123, 247
121, 245
120, 245
118, 243
117, 243
114, 240
114, 239
116, 237
118, 237
119, 236
120, 236
121, 235
122, 235
123, 234
124, 234
127, 231
128, 231
130, 229
130, 228
132, 226
132, 225
133, 224
133, 223
134, 222
134, 221
135, 220
135, 219
136, 218
136, 216
137, 215
137, 213
138, 212
138, 207
139, 206
139, 191
138, 190
138, 185
137, 184
137, 181
136, 180
136, 179
135, 178
135, 177
134, 176
134, 175
132, 173
131, 173
130, 172
126, 172
125, 173
124, 173
119, 178
119, 179
117, 181
117, 182
116, 183
116, 185
115, 186
115, 187
114, 188
114, 192
113, 193
113, 197
112, 198
112, 203
111, 204
111, 213
110, 214
110, 227
111, 228
111, 235
110, 236
108, 236
105, 233
104, 233
101, 230
100, 230
98, 228
97, 228
94, 225
93, 225
91, 223
90, 223
87, 220
86, 220
85, 219
84, 219
82, 217
81, 217
80, 216
79, 216
78, 215
77, 215
76, 214
75, 214
74, 213
73, 213
72, 212
68, 212
67, 211
64, 211
62, 209
62, 208
61, 207
61, 206
60, 205
60, 204
59, 203
59, 202
58, 201
58, 200
57, 199
57, 198
56, 197
56, 196
55, 195
55, 194
54, 193
54, 192
53, 191
53, 190
51, 188
51, 187
49, 185
49, 184
48, 184
46, 182
43, 182
43, 185
44, 185
45, 186
46, 186
48, 188
48, 189
49, 190
49, 191
51, 193
51, 194
52, 195
52, 196
53, 197
53, 198
54, 199
54, 200
55, 201
55, 202
56, 203
56, 204
57, 205
57, 206
58, 207
58, 208
59, 209
59, 212
57, 214
56, 214
50, 220
50, 221
48, 223
48, 225
47, 226
47, 228
46, 229
46, 243
47, 244
47, 247
48, 248
48, 249
49, 250
49, 251
50, 252
50, 253
53, 256
53, 257
60, 264
61, 264
62, 265
64, 265
65, 266
72, 266
73, 265
75, 265
76, 264
77, 264
78, 263
79, 263
80, 262
81, 262
83, 264
83, 265
84, 266
84, 268
85, 269
85, 270
86, 271
86, 273
87, 274
87, 275
88, 276
88, 278
89, 279
89, 280
90, 281
90, 283
91, 284
91, 285
92, 286
92, 287
93, 288
93, 290
94, 291
94, 292
95, 293
95, 294
96, 295
96, 296
97, 297
97, 299
98, 300
98, 301
99, 302
99, 303
100, 304
100, 306
101, 307
101, 308
102, 309
102, 311
103, 312
103, 313
104, 314
104, 315
105, 316
105, 318
106, 319
106, 320
107, 321
107, 322
108, 323
108, 324
109, 325
109, 326
110, 327
110, 328
111, 329
111, 330
112, 331
112, 332
113, 333
113, 334
114, 335
117, 335
117, 334
118, 333
118, 332
119, 331
119, 314
118, 313
118, 303
117, 302
117, 283
116, 282
116, 263
115, 262
115, 247
116, 246
117, 247
118, 247
120, 249
121, 249
123, 251
124, 251
126, 253
127, 253
130, 256
131, 256
134, 259
135, 259
139, 263
140, 263
145, 268
146, 268
156, 278
156, 279
160, 283
160, 284
162, 286
162, 287
164, 289
164, 290
166, 292
166, 293
167, 294
167, 295
168, 296
168, 298
169, 299
169, 301
170, 302
170, 308
171, 309
171, 312
170, 313
170, 319
169, 320
169, 322
168, 323
168, 325
167, 326
167, 327
166, 328
166, 329
165, 330
165, 331
163, 333
163, 334
159, 338
159, 339
155, 343
154, 343
151, 346
150, 346
148, 348
147, 348
146, 349
144, 349
143, 350
141, 350
140, 351
125, 351
124, 350
121, 350
120, 349
117, 349
116, 348
114, 348
113, 347
111, 347
110, 346
109, 346
108, 345
107, 345
106, 344
105, 344
104, 343
103, 343
101, 341
100, 341
99, 340
98, 340
95, 337
94, 337
90, 333
89, 333
77, 321
77, 320
73, 316
73, 315
70, 312
70, 311
68, 309
68, 308
66, 306
66, 305
64, 303
64, 302
62, 300
62, 299
61, 298
61, 297
59, 295
59, 294
58, 293
58, 292
57, 291
57, 290
55, 288
55, 287
54, 286
54, 285
53, 284
53, 283
52, 282
52, 281
51, 280
51, 279
50, 278
50, 277
49, 276
49, 274
48, 273
48, 272
47, 271
47, 270
46, 269
46, 268
45, 267
45, 265
44, 264
44, 263
43, 262
43, 260
42, 259
42, 257
41, 256
41, 255
40, 254
40, 251
39, 250
39, 248
38, 247
38, 245
37, 244
37, 242
36, 241
36, 238
35, 237
35, 235
34, 234
34, 231
33, 230
33, 227
32, 226
32, 223
31, 222
31, 219
30, 218
30, 214
29, 213
29, 210
28, 209
28, 205
27, 204
27, 199
26, 198
26, 193
25, 192
25, 185
24, 184
24, 154
25, 153
25, 147
26, 146
26, 142
27, 141
27, 138
28, 137
28, 135
29, 134
29, 132
30, 131
30, 129
31, 128
31, 127
32, 126
32, 125
33, 124
33, 123
35, 121
35, 120
43, 112
44, 112
45, 111
46, 111
47, 110
48, 110
49, 109
50, 109
51, 108
53, 108
54, 107
66, 107
67, 108
70, 108
71, 109
73, 109
74, 110
76, 110
77, 111
78, 111
79, 112
80, 112
81, 113
82, 113
84, 115
85, 115
86, 116
87, 116
89, 118
90, 118
92, 120
93, 120
96, 123
97, 123
102, 128
103, 128
107, 132
108, 132
115, 139
116, 139
131, 154
132, 154
166, 188
166, 189
174, 197
174, 198
179, 203
179, 207
180, 208
180, 214
181, 215
181, 221
182, 222
182, 225
183, 226
183, 230
184, 231
184, 235
185, 236
185, 239
186, 240
186, 243
187, 244
187, 247
188, 248
188, 251
189, 252
189, 255
190, 256
190, 258
191, 259
191, 262
192, 263
192, 265
193, 266
193, 269
194, 270
194, 272
195, 273
195, 275
196, 276
196, 278
197, 279
197, 281
198, 282
198, 284
199, 285
199, 286
200, 287
200, 289
201, 290
201, 292
202, 293
202, 295
203, 296
203, 298
204, 299
204, 300
205, 301
205, 303
206, 304
206, 305
207, 306
207, 308
208, 309
208, 310
209, 311
209, 312
210, 313
210, 315
211, 316
211, 317
212, 318
212, 319
213, 320
213, 321
214, 322
214, 323
216, 325
216, 326
217, 327
217, 328
219, 330
219, 331
221, 333
221, 334
229, 342
230, 342
231, 343
232, 343
233, 344
234, 344
235, 345
242, 345
243, 344
244, 344
248, 340
248, 339
249, 338
249, 337
250, 336
250, 325
249, 324
249, 320
248, 319
248, 317
247, 316
247, 314
246, 313
246, 311
245, 310
245, 308
244, 307
244, 305
243, 304
243, 303
242, 302
242, 300
241, 299
241, 298
240, 297
240, 295
239, 294
239, 293
238, 292
238, 290
237, 289
237, 288
236, 287
236, 286
235, 285
235, 284
234, 283
234, 282
233, 281
233, 280
232, 279
232, 278
231, 277
231, 276
230, 275
230, 274
229, 273
229, 272
228, 271
228, 270
227, 269
227, 268
226, 267
226, 266
224, 264
224, 263
223, 262
223, 261
221, 259
221, 258
220, 257
220, 256
218, 254
218, 253
217, 252
217, 251
215, 249
215, 248
214, 247
214, 246
212, 244
212, 243
210, 241
210, 240
208, 238
208, 237
206, 235
206, 234
205, 233
205, 232
202, 229
202, 228
200, 226
200, 225
198, 223
198, 222
195, 219
195, 218
192, 215
192, 214
189, 211
191, 209
192, 210
193, 210
194, 211
198, 211
199, 210
200, 210
201, 209
202, 209
204, 207
204, 206
205, 205
205, 203
206, 202
206, 197
207, 196
210, 196
211, 197
212, 197
213, 198
214, 198
216, 200
217, 200
218, 201
219, 201
222, 204
223, 204
229, 210
230, 210
239, 219
240, 219
249, 228
249, 231
250, 232
250, 235
251, 236
251, 239
252, 240
252, 242
253, 243
253, 244
254, 245
254, 247
255, 248
255, 250
256, 251
256, 252
257, 253
257, 254
261, 258
264, 258
269, 253
269, 252
270, 251
270, 248
268, 246
268, 245
266, 243
266, 242
264, 240
264, 239
260, 235
260, 234
252, 226
252, 225
251, 224
251, 206
252, 205
252, 202
253, 201
253, 199
254, 198
254, 197
255, 196
255, 195
256, 194
256, 193
258, 191
258, 190
261, 187
261, 186
264, 183
265, 183
266, 182
272, 182
273, 183
274, 183
275, 184
276, 184
279, 187
280, 187
287, 194
287, 195
289, 197
289, 198
291, 200
291, 201
293, 203
293, 204
295, 206
295, 207
296, 208
296, 209
297, 210
297, 211
299, 213
299, 214
300, 215
300, 216
301, 217
301, 218
303, 220
303, 221
304, 222
304, 223
306, 225
306, 227
307, 228
307, 229
308, 230
308, 231
309, 232
309, 234
310, 235
310, 237
311, 238
311, 239
312, 240
312, 241
313, 242
313, 243
315, 245
315, 246
320, 251
321, 251
323, 253
324, 253
325, 254
331, 254
335, 250
335, 249
336, 248
336, 246
337, 245
337, 240
338, 239
338, 196
339, 195
339, 191
340, 190
340, 189
341, 188
341, 187
343, 185
344, 185
345, 184
347, 184
348, 185
349, 185
364, 200
364, 201
368, 205
368, 206
370, 208
370, 209
372, 211
372, 212
373, 213
373, 214
374, 215
374, 216
375, 217
375, 218
377, 220
377, 221
378, 222
378, 223
379, 224
379, 227
380, 228
380, 231
381, 232
381, 234
382, 235
382, 238
383, 239
383, 242
384, 243
384, 245
385, 246
385, 249
386, 250
386, 252
387, 253
387, 255
388, 256
388, 258
389, 259
389, 261
390, 262
390, 264
391, 265
391, 267
392, 268
392, 270
393, 271
393, 273
394, 274
394, 275
395, 276
395, 278
396, 279
396, 281
397, 282
397, 283
398, 284
398, 286
399, 287
399, 289
400, 290
400, 291
401, 292
401, 294
402, 295
402, 296
403, 297
403, 299
404, 300
404, 301
405, 302
405, 304
406, 305
406, 306
407, 307
407, 308
408, 309
408, 311
409, 312
409, 313
410, 314
410, 316
411, 317
411, 318
412, 319
412, 320
413, 321
413, 323
414, 324
414, 325
415, 326
415, 327
416, 328
416, 329
417, 330
417, 331
421, 335
423, 335
424, 334
424, 331
423, 330
423, 327
422, 326
422, 324
421, 323
421, 322
420, 321
420, 319
419, 318
419, 316
418, 315
418, 313
417, 312
417, 310
416, 309
416, 307
415, 306
415, 304
414, 303
414, 301
413, 300
413, 299
412, 298
412, 296
411, 295
411, 293
410, 292
410, 290
409, 289
409, 288
408, 287
408, 285
407, 284
407, 283
406, 282
406, 280
405, 279
405, 277
404, 276
404, 275
403, 274
403, 272
402, 271
402, 269
401, 268
401, 267
400, 266
400, 264
399, 263
399, 262
398, 261
398, 259
397, 258
397, 256
396, 255
396, 254
395, 253
395, 251
394, 250
394, 249
393, 248
393, 246
392, 245
392, 244
391, 243
391, 242
390, 241
390, 239
389, 238
389, 237
388, 236
388, 235
387, 234
387, 233
386, 232
386, 231
385, 230
385, 229
384, 228
384, 227
383, 226
383, 225
382, 224
382, 222
381, 221
381, 218
380, 217
380, 215
381, 214
382, 214
385, 217
386, 217
391, 222
392, 222
393, 223
395, 221
390, 216
389, 216
385, 212
384, 212
382, 210
381, 210
378, 207
378, 203
377, 202
377, 197
376, 196
376, 190
375, 189
375, 179
374, 178
374, 154
373, 153
373, 141
374, 140
374, 90
373, 89
373, 83
372, 82
372, 78
371, 77
371, 74
370, 73
370, 71
369, 70
369, 68
368, 67
368, 65
367, 64
367, 63
366, 62
366, 60
365, 59
365, 58
364, 57
364, 56
363, 55
363, 54
362, 53
362, 52
361, 51
361, 50
360, 49
360, 48
358, 46
358, 45
357, 44
357, 43
355, 41
355, 40
352, 37
352, 36
340, 24
339, 24
337, 22
336, 22
335, 21
334, 21
333, 20
332, 20
331, 19
330, 19
329, 18
328, 18
327, 17
325, 17
324, 16
319, 16
318, 15
413, 308
411, 309
409, 303
411, 303
411, 304
410, 307
410, 306
393, 257
394, 258
394, 259
395, 260
395, 262
396, 263
396, 264
397, 265
397, 267
398, 268
398, 270
399, 271
399, 272
400, 273
400, 275
401, 276
401, 277
402, 278
402, 280
403, 281
403, 283
404, 284
404, 285
405, 286
405, 288
406, 289
406, 291
407, 292
407, 293
408, 294
408, 296
409, 297
409, 299
410, 300
409, 303
408, 302
408, 301
407, 300
407, 299
406, 298
406, 296
405, 295
405, 294
404, 293
404, 291
403, 290
403, 289
402, 288
402, 286
401, 285
401, 283
400, 282
400, 281
399, 280
399, 278
398, 277
398, 275
397, 274
397, 273
396, 272
396, 270
395, 269
395, 267
394, 266
394, 264
393, 263
393, 261
392, 260
393, 257
392, 253
390, 254
108, 241
109, 241
111, 243
111, 247
112, 248
112, 265
113, 266
113, 285
114, 286
114, 304
115, 305
115, 315
116, 316
116, 328
115, 329
113, 327
113, 326
112, 325
112, 324
111, 323
111, 322
110, 321
110, 320
109, 319
109, 318
108, 317
108, 315
107, 314
107, 313
106, 312
106, 310
105, 309
105, 308
104, 307
104, 306
103, 305
103, 303
102, 302
102, 301
101, 300
101, 299
100, 298
100, 296
99, 295
99, 294
98, 293
98, 292
97, 291
97, 289
96, 288
96, 287
95, 286
95, 285
94, 284
94, 282
93, 281
93, 280
92, 279
92, 277
91, 276
91, 275
90, 274
90, 273
89, 272
89, 270
88, 269
88, 268
87, 267
87, 265
86, 264
86, 263
85, 262
85, 260
87, 258
88, 258
90, 256
91, 256
96, 251
97, 251
104, 244
105, 244
254, 235
255, 234
259, 238
259, 239
262, 242
262, 243
264, 245
264, 246
266, 248
266, 251
263, 254
262, 254
259, 251
259, 249
258, 248
258, 247
257, 246
257, 244
256, 243
256, 242
255, 241
255, 239
254, 238
61, 216
63, 218
63, 219
64, 220
64, 221
65, 222
65, 224
66, 225
66, 226
67, 227
67, 228
68, 229
68, 230
69, 231
69, 232
70, 233
70, 234
71, 235
71, 237
72, 238
72, 239
73, 240
73, 241
74, 242
74, 244
75, 245
75, 246
76, 247
76, 248
77, 249
77, 251
78, 252
78, 253
79, 254
79, 256
80, 258
78, 260
77, 260
76, 261
75, 261
74, 262
72, 262
66, 263
65, 262
63, 262
54, 253
54, 252
52, 250
52, 249
51, 248
51, 247
50, 243
49, 242
49, 230
50, 229
50, 227
51, 226
51, 225
52, 224
52, 223
65, 216
66, 215
71, 215
72, 216
73, 216
74, 217
75, 217
76, 218
77, 218
78, 219
79, 219
80, 220
81, 220
83, 222
84, 222
86, 224
87, 224
90, 227
91, 227
93, 229
94, 229
97, 232
98, 232
101, 235
102, 235
105, 238
105, 239
101, 243
100, 243
92, 251
91, 251
88, 254
87, 254
85, 256
84, 256
82, 254
82, 253
81, 252
81, 251
80, 250
80, 248
79, 247
79, 246
78, 245
78, 244
77, 243
77, 241
76, 240
76, 239
75, 238
75, 237
74, 236
74, 234
73, 233
73, 232
72, 231
72, 230
71, 229
71, 228
70, 227
70, 225
69, 224
69, 223
68, 222
68, 221
67, 220
67, 219
66, 218
66, 217
183, 211
184, 210
187, 213
187, 214
190, 217
190, 218
193, 221
193, 222
196, 225
196, 226
198, 228
198, 229
201, 232
201, 233
203, 235
203, 236
205, 238
205, 239
206, 240
206, 241
208, 243
208, 244
210, 246
210, 247
212, 249
212, 250
213, 251
213, 252
215, 254
215, 255
216, 256
216, 257
218, 259
218, 260
219, 261
219, 262
221, 264
221, 265
222, 266
222, 267
223, 268
223, 269
225, 271
225, 272
226, 273
226, 274
227, 275
227, 276
228, 277
228, 278
229, 279
229, 280
230, 281
230, 282
231, 283
231, 284
232, 285
232, 286
233, 287
233, 288
234, 289
234, 291
235, 292
235, 293
236, 294
236, 295
237, 296
237, 298
238, 299
238, 300
239, 301
239, 303
240, 304
240, 305
241, 306
241, 308
242, 309
242, 311
243, 312
243, 314
244, 315
244, 317
245, 318
245, 320
246, 321
246, 325
247, 326
247, 334
246, 335
246, 337
245, 338
245, 339
243, 341
242, 341
241, 342
236, 342
235, 341
234, 341
233, 340
232, 340
223, 331
223, 330
221, 328
221, 327
219, 325
219, 324
218, 323
218, 322
216, 320
216, 319
215, 318
215, 317
214, 316
214, 314
213, 313
213, 312
212, 311
212, 310
211, 309
211, 308
210, 307
210, 305
209, 304
209, 303
208, 302
208, 300
207, 299
207, 297
206, 296
206, 295
205, 294
205, 292
204, 291
204, 289
203, 288
203, 286
202, 285
202, 284
201, 283
201, 281
200, 280
200, 278
199, 277
199, 275
198, 274
198, 272
197, 271
197, 269
196, 268
196, 265
195, 264
195, 262
194, 261
194, 258
193, 257
193, 255
192, 254
192, 251
191, 250
191, 247
190, 246
190, 243
189, 242
189, 239
188, 238
188, 235
187, 234
187, 230
186, 229
186, 225
185, 224
185, 221
184, 220
184, 214
183, 213
201, 193
203, 201
202, 202
202, 204
199, 207
198, 207
195, 208
194, 207
193, 207
190, 204
190, 203
188, 196
127, 175
129, 175
132, 178
132, 179
133, 180
133, 182
134, 183
134, 185
135, 186
135, 191
136, 192
136, 205
135, 206
135, 211
134, 212
134, 214
133, 215
133, 217
132, 218
132, 219
131, 220
131, 221
130, 222
130, 223
128, 225
128, 226
124, 230
123, 230
121, 232
120, 232
119, 233
117, 233
116, 234
115, 234
114, 233
114, 224
113, 223
113, 219
114, 218
114, 205
115, 204
115, 199
116, 198
116, 194
117, 193
117, 189
118, 188
118, 187
119, 186
119, 184
121, 182
121, 181
188, 168
192, 168
198, 174
198, 175
199, 176
199, 177
200, 178
200, 180
201, 181
201, 183
202, 184
202, 188
203, 189
202, 190
198, 190
197, 189
193, 189
192, 190
190, 190
189, 191
188, 191
186, 193
186, 194
185, 195
185, 202
186, 203
182, 202
182, 198
181, 197
181, 183
182, 182
182, 177
183, 176
183, 174
184, 173
184, 172
311, 20
312, 19
323, 19
324, 20
326, 20
327, 21
328, 21
329, 22
330, 22
331, 23
332, 23
333, 24
334, 24
336, 26
337, 26
340, 29
341, 29
346, 34
346, 35
350, 39
350, 40
353, 43
353, 44
355, 46
355, 47
356, 48
356, 49
358, 51
358, 52
359, 53
359, 54
360, 55
360, 56
361, 57
361, 58
362, 59
362, 60
363, 61
363, 63
364, 64
364, 65
365, 66
365, 68
366, 69
366, 71
367, 72
367, 75
368, 76
368, 78
369, 79
369, 83
370, 84
370, 90
371, 91
371, 136
370, 137
370, 160
371, 161
371, 180
372, 181
372, 190
373, 191
373, 197
374, 198
374, 202
373, 203
372, 203
366, 197
366, 196
360, 190
360, 189
355, 184
355, 183
352, 180
352, 179
349, 176
349, 175
347, 173
347, 172
345, 170
345, 169
343, 167
343, 166
341, 164
341, 163
340, 162
340, 161
338, 159
338, 158
337, 157
337, 156
335, 154
335, 153
334, 152
334, 151
332, 149
332, 148
331, 147
331, 146
330, 145
330, 144
329, 143
329, 142
328, 141
328, 140
327, 139
327, 138
326, 137
326, 136
324, 134
324, 133
323, 132
323, 130
322, 129
322, 128
321, 127
321, 126
320, 125
320, 124
319, 123
319, 122
318, 121
318, 120
317, 119
317, 118
316, 117
316, 115
315, 114
315, 113
314, 112
314, 111
313, 110
313, 108
312, 107
312, 106
311, 105
311, 103
310, 102
310, 101
309, 100
309, 98
308, 97
308, 95
307, 94
307, 92
306, 91
306, 89
305, 88
305, 87
304, 86
304, 83
303, 82
303, 80
302, 79
302, 77
301, 76
301, 73
300, 72
300, 69
299, 68
299, 64
298, 63
298, 58
297, 57
297, 39
298, 38
298, 34
299, 33
299, 32
300, 31
300, 29
302, 27
302, 26
306, 22
307, 22
309, 20
