220, 2
222, 367
4, 369
2, 4
191, 163
189, 165
189, 168
196, 175
196, 176
205, 185
206, 185
209, 188
210, 188
211, 189
214, 189
216, 187
216, 184
215, 184
213, 182
212, 182
193, 163
102, 15
101, 16
100, 16
99, 17
98, 17
96, 19
96, 20
94, 22
94, 23
93, 24
93, 26
92, 27
92, 31
91, 32
91, 53
92, 54
92, 59
93, 60
93, 64
94, 65
94, 68
95, 69
95, 72
96, 73
96, 75
97, 76
97, 77
98, 78
98, 80
99, 81
99, 82
100, 83
100, 84
101, 85
101, 86
102, 87
102, 88
103, 89
103, 90
104, 91
104, 92
105, 93
105, 94
107, 96
107, 97
109, 99
109, 100
111, 102
111, 103
113, 105
113, 106
117, 110
117, 111
127, 121
127, 122
131, 126
132, 126
136, 130
139, 130
140, 129
140, 128
139, 127
139, 126
138, 126
122, 110
122, 109
117, 104
117, 103
115, 101
115, 100
113, 98
113, 97
110, 94
110, 93
109, 92
109, 91
107, 89
107, 88
106, 87
106, 86
105, 85
105, 84
104, 83
104, 82
103, 81
103, 80
102, 79
102, 77
101, 76
101, 74
100, 73
100, 71
99, 70
99, 68
98, 67
98, 64
97, 63
97, 59
96, 58
96, 52
95, 51
95, 34
96, 33
96, 29
97, 28
97, 26
98, 25
98, 24
102, 20
103, 20
104, 19
107, 19
108, 20
109, 20
110, 21
111, 21
121, 31
121, 32
123, 34
123, 35
125, 37
125, 38
127, 40
127, 41
128, 42
128, 43
129, 44
129, 45
130, 46
130, 47
131, 48
131, 49
132, 50
132, 51
133, 52
133, 53
134, 54
134, 55
135, 56
135, 57
136, 58
136, 59
137, 60
137, 61
138, 62
138, 64
139, 65
139, 66
140, 67
140, 69
141, 70
141, 71
142, 72
142, 74
143, 75
143, 76
144, 77
144, 79
145, 80
145, 82
146, 83
146, 84
147, 85
147, 87
148, 88
148, 90
149, 91
149, 93
150, 94
150, 96
151, 97
151, 99
152, 100
152, 102
153, 103
153, 106
154, 107
154, 109
155, 110
155, 112
156, 113
156, 116
157, 117
157, 119
158, 120
158, 122
159, 123
159, 126
160, 127
160, 129
161, 130
161, 133
162, 134
162, 137
163, 138
163, 140
164, 141
164, 144
165, 145
165, 148
166, 149
166, 152
167, 153
167, 155
168, 156
168, 159
169, 160
169, 163
170, 164
170, 166
171, 167
171, 170
172, 171
172, 174
173, 175
173, 178
174, 179
174, 182
175, 183
175, 184
174, 185
172, 183
172, 182
171, 181
171, 180
170, 179
170, 178
168, 176
168, 175
167, 174
167, 173
166, 172
166, 171
165, 170
165, 169
164, 168
164, 167
163, 166
163, 165
162, 164
162, 163
161, 162
161, 161
160, 160
160, 159
159, 158
159, 157
157, 155
154, 155
153, 156
152, 155
151, 155
148, 152
148, 151
141, 144
140, 144
139, 143
137, 143
136, 144
136, 145
135, 146
135, 147
136, 148
136, 151
137, 152
137, 154
138, 155
135, 156
135, 155
134, 154
134, 153
132, 151
132, 150
131, 149
131, 148
128, 145
128, 144
123, 139
122, 139
121, 138
117, 138
116, 139
116, 140
115, 141
114, 141
111, 138
110, 138
107, 135
106, 135
104, 133
102, 133
101, 132
99, 132
98, 131
97, 131
95, 129
94, 129
91, 126
90, 126
89, 125
85, 125
83, 127
83, 132
84, 133
84, 136
85, 137
85, 140
86, 141
86, 142
85, 143
79, 137
79, 136
71, 128
71, 127
70, 126
70, 125
69, 124
68, 124
66, 122
65, 122
53, 110
52, 110
47, 105
46, 105
42, 101
41, 101
39, 99
38, 99
36, 97
35, 97
34, 96
33, 96
32, 95
31, 95
30, 94
29, 94
28, 93
25, 93
24, 92
18, 92
17, 93
16, 93
15, 94
14, 94
11, 97
11, 98
10, 99
10, 100
9, 101
9, 105
8, 106
8, 116
9, 117
9, 124
10, 125
10, 130
11, 131
11, 136
12, 137
12, 140
13, 141
13, 145
14, 146
14, 149
15, 150
15, 153
16, 154
16, 157
17, 158
17, 161
18, 162
18, 164
19, 165
19, 168
20, 169
20, 172
21, 173
21, 175
22, 176
22, 178
23, 179
23, 182
24, 183
24, 185
25, 186
25, 188
26, 189
26, 191
27, 192
27, 194
28, 195
28, 197
29, 198
29, 200
30, 201
30, 203
31, 204
31, 206
32, 207
32, 209
33, 210
33, 212
34, 213
34, 215
35, 216
35, 218
36, 219
36, 221
37, 222
37, 223
38, 224
38, 226
39, 227
39, 228
40, 229
40, 231
41, 232
41, 234
42, 235
42, 236
43, 237
43, 239
44, 240
44, 242
45, 243
45, 244
46, 245
46, 247
47, 248
47, 249
48, 250
48, 251
49, 252
49, 254
50, 255
50, 257
51, 258
51, 259
52, 260
52, 262
53, 263
53, 264
54, 265
54, 267
55, 268
55, 269
56, 270
56, 272
57, 273
57, 275
58, 276
58, 277
59, 278
59, 280
60, 281
60, 283
61, 284
61, 285
62, 286
62, 288
63, 289
63, 291
64, 292
64, 293
65, 294
65, 296
66, 297
66, 298
67, 299
67, 301
68, 302
68, 303
69, 304
69, 306
70, 307
70, 308
71, 309
71, 310
72, 311
72, 313
73, 314
73, 315
74, 316
74, 317
75, 318
75, 319
76, 320
76, 322
77, 323
77, 324
78, 325
78, 326
79, 327
79, 328
81, 330
81, 331
82, 332
82, 333
83, 334
83, 335
85, 337
85, 338
86, 339
86, 340
89, 343
89, 344
97, 352
98, 352
99, 353
100, 353
101, 354
102, 354
103, 355
108, 355
109, 354
111, 354
117, 348
117, 347
118, 346
118, 345
119, 344
119, 343
120, 342
120, 341
121, 340
121, 338
122, 337
122, 334
123, 333
123, 329
124, 328
124, 321
125, 320
125, 293
124, 292
124, 284
123, 283
123, 277
122, 276
122, 272
121, 271
121, 268
120, 267
120, 263
119, 262
119, 260
118, 259
118, 256
117, 255
117, 253
116, 252
116, 251
115, 250
115, 248
114, 247
114, 246
113, 245
113, 243
112, 242
112, 241
111, 240
111, 239
110, 238
110, 237
109, 236
109, 235
107, 233
107, 232
106, 231
106, 230
104, 228
104, 227
102, 225
102, 224
100, 222
100, 221
98, 219
98, 218
95, 215
95, 214
92, 211
92, 210
88, 206
88, 205
84, 201
84, 200
79, 195
79, 190
78, 189
78, 183
77, 182
77, 174
76, 173
76, 166
75, 165
75, 156
74, 155
74, 144
73, 143
73, 139
74, 138
80, 144
80, 145
84, 149
84, 150
87, 153
87, 154
89, 156
89, 157
91, 159
91, 160
92, 161
92, 163
93, 164
93, 167
94, 168
94, 170
95, 171
95, 173
96, 174
96, 176
97, 177
97, 179
98, 180
98, 182
99, 183
99, 185
100, 186
100, 188
101, 189
101, 191
102, 192
102, 194
103, 195
103, 197
104, 198
104, 200
105, 201
105, 203
106, 204
106, 205
107, 206
107, 208
108, 209
108, 211
109, 212
109, 214
110, 215
110, 217
111, 218
111, 220
112, 221
112, 222
113, 223
113, 225
114, 226
114, 228
115, 229
115, 231
116, 232
116, 233
117, 234
117, 236
118, 237
118, 239
119, 240
119, 241
120, 242
120, 244
121, 245
121, 247
122, 248
122, 250
123, 251
123, 252
124, 253
124, 255
125, 256
125, 257
126, 258
126, 260
127, 261
127, 263
128, 264
128, 265
129, 266
129, 268
130, 269
130, 270
131, 271
131, 273
132, 274
132, 275
133, 276
133, 278
134, 279
134, 280
135, 281
135, 283
136, 284
136, 285
137, 286
137, 288
138, 289
138, 290
139, 291
139, 292
140, 293
140, 294
141, 295
141, 297
142, 298
142, 299
143, 300
143, 301
144, 302
144, 303
145, 304
145, 305
146, 306
146, 307
147, 308
147, 309
148, 310
148, 311
149, 312
149, 313
150, 314
150, 315
151, 316
151, 317
155, 321
158, 321
159, 320
159, 309
158, 308
158, 303
157, 302
157, 298
156, 297
156, 294
155, 293
155, 290
154, 289
154, 287
153, 286
153, 283
152, 282
152, 279
151, 278
151, 276
150, 275
150, 273
149, 272
149, 269
148, 268
148, 266
147, 265
147, 263
146, 262
146, 260
145, 259
145, 258
144, 257
144, 255
143, 254
143, 252
142, 251
142, 249
141, 248
141, 247
140, 246
140, 244
139, 243
139, 242
138, 241
138, 239
137, 238
137, 237
136, 236
136, 235
135, 234
135, 232
134, 231
134, 230
133, 229
133, 228
132, 227
132, 226
131, 225
131, 223
130, 222
130, 221
129, 220
129, 219
128, 218
128, 217
127, 216
127, 215
126, 214
126, 212
125, 211
125, 210
124, 209
124, 208
123, 207
123, 206
122, 205
122, 204
121, 203
121, 202
120, 201
120, 200
119, 199
119, 198
118, 197
118, 196
117, 195
117, 194
116, 193
116, 192
115, 191
115, 190
114, 189
114, 187
115, 186
116, 186
117, 185
118, 185
118, 184
120, 182
120, 181
121, 180
123, 182
123, 184
124, 185
124, 186
125, 187
125, 188
126, 189
126, 190
127, 191
127, 192
129, 194
129, 195
130, 196
131, 196
132, 197
133, 197
134, 198
135, 197
136, 197
137, 196
137, 190
136, 189
136, 186
135, 185
135, 182
134, 181
134, 179
133, 178
133, 176
132, 175
132, 173
131, 172
131, 171
130, 170
130, 168
129, 167
129, 166
128, 165
128, 164
127, 163
127, 162
126, 161
126, 160
125, 159
125, 158
124, 157
124, 156
122, 154
122, 153
121, 152
121, 151
120, 150
120, 149
119, 148
119, 144
120, 143
121, 143
124, 146
124, 147
127, 150
127, 151
129, 153
129, 154
130, 155
130, 156
132, 158
132, 159
133, 160
133, 161
134, 162
134, 163
136, 165
136, 166
137, 167
137, 168
138, 169
138, 170
139, 171
139, 172
140, 173
140, 174
141, 175
141, 176
142, 177
142, 178
143, 179
143, 180
144, 181
144, 182
145, 183
145, 184
146, 185
146, 186
148, 188
150, 188
151, 187
151, 183
150, 182
150, 179
149, 178
149, 175
148, 174
148, 172
147, 171
147, 169
146, 168
146, 166
145, 165
145, 163
144, 162
144, 159
143, 158
143, 156
142, 155
142, 154
143, 153
149, 159
150, 159
151, 160
155, 160
156, 161
156, 162
157, 163
157, 164
158, 165
158, 166
159, 167
159, 168
160, 169
160, 170
161, 171
161, 172
162, 173
162, 174
164, 176
164, 177
165, 178
165, 179
166, 180
166, 181
167, 182
167, 183
168, 184
168, 185
169, 186
169, 187
171, 189
171, 190
172, 191
172, 192
173, 193
173, 195
174, 196
174, 197
175, 198
175, 199
176, 200
176, 201
177, 202
177, 203
178, 204
178, 205
179, 206
179, 208
180, 209
180, 210
181, 211
181, 213
182, 214
182, 215
183, 216
183, 218
184, 219
184, 222
185, 223
185, 226
186, 227
186, 230
187, 231
187, 234
188, 235
188, 237
189, 238
189, 241
190, 242
190, 245
191, 246
191, 249
192, 250
192, 253
193, 254
193, 256
194, 257
194, 260
195, 261
195, 263
196, 264
196, 267
197, 268
197, 270
198, 271
198, 274
199, 275
199, 277
200, 278
200, 280
201, 281
201, 283
202, 284
202, 286
203, 287
203, 288
204, 289
204, 291
205, 292
205, 294
206, 295
206, 297
207, 298
207, 299
208, 300
208, 301
209, 302
209, 303
210, 303
211, 304
213, 304
214, 303
214, 294
213, 293
213, 288
212, 287
212, 284
211, 283
211, 280
210, 279
210, 276
209, 275
209, 273
208, 272
208, 270
207, 269
207, 267
206, 266
206, 264
205, 263
205, 261
204, 260
204, 259
203, 258
203, 256
202, 255
202, 253
201, 252
201, 250
200, 249
200, 248
199, 247
199, 245
198, 244
198, 242
197, 241
197, 240
196, 239
196, 237
195, 236
195, 234
194, 233
194, 232
193, 231
193, 229
192, 228
192, 227
191, 226
191, 224
190, 223
190, 222
189, 221
189, 219
188, 218
188, 216
187, 215
187, 213
186, 212
186, 209
185, 208
185, 205
184, 204
184, 201
183, 200
183, 198
182, 197
182, 194
181, 193
181, 190
180, 189
180, 186
179, 185
179, 182
178, 181
178, 178
177, 177
177, 174
176, 173
176, 170
175, 169
175, 166
174, 165
174, 162
173, 161
173, 158
172, 157
172, 155
171, 154
171, 151
170, 150
170, 147
169, 146
169, 144
168, 143
168, 140
167, 139
167, 136
166, 135
166, 133
165, 132
165, 129
164, 128
164, 125
163, 124
163, 122
162, 121
162, 118
161, 117
161, 115
160, 114
160, 112
159, 111
159, 108
158, 107
158, 105
157, 104
157, 102
156, 101
156, 99
155, 98
155, 95
154, 94
154, 92
153, 91
153, 90
152, 89
152, 87
151, 86
151, 84
150, 83
150, 81
149, 80
149, 79
148, 78
148, 76
147, 75
147, 73
146, 72
146, 71
145, 70
145, 68
144, 67
144, 66
143, 65
143, 63
142, 62
142, 61
141, 60
141, 58
140, 57
140, 56
139, 55
139, 54
138, 53
138, 52
137, 51
137, 50
136, 49
136, 48
135, 47
135, 46
134, 45
134, 44
133, 43
133, 42
132, 41
132, 40
130, 38
130, 37
129, 36
129, 35
127, 33
127, 32
125, 30
125, 29
122, 26
122, 25
116, 19
115, 19
113, 17
112, 17
111, 16
109, 16
108, 15
29, 186
30, 185
31, 185
32, 186
32, 187
36, 191
37, 191
40, 194
41, 194
42, 195
43, 195
44, 196
47, 196
48, 197
49, 197
50, 196
54, 196
55, 195
56, 195
57, 194
58, 194
60, 192
61, 192
64, 189
65, 190
65, 191
66, 192
66, 193
67, 194
67, 195
68, 196
68, 198
69, 199
69, 200
70, 201
70, 203
71, 204
71, 205
72, 206
72, 208
73, 209
73, 210
74, 211
74, 213
75, 214
75, 216
76, 217
76, 218
77, 219
77, 221
78, 222
78, 224
79, 225
79, 228
80, 229
80, 232
81, 233
81, 237
82, 238
82, 243
83, 244
83, 249
84, 250
84, 254
85, 255
85, 259
86, 260
86, 264
87, 265
87, 269
88, 270
88, 274
89, 275
89, 278
90, 279
90, 283
91, 284
91, 287
92, 288
92, 291
93, 292
93, 295
94, 296
94, 299
95, 300
95, 301
97, 303
98, 303
99, 302
99, 290
98, 289
98, 282
97, 281
97, 276
96, 275
96, 271
95, 270
95, 266
94, 265
94, 262
93, 261
93, 258
92, 257
92, 254
91, 253
91, 250
90, 249
90, 247
89, 246
89, 243
88, 242
88, 240
87, 239
87, 237
86, 236
86, 233
85, 232
85, 230
84, 229
84, 224
83, 223
83, 217
82, 216
82, 211
81, 210
81, 207
82, 206
83, 206
84, 207
84, 208
88, 212
88, 213
91, 216
91, 217
94, 220
94, 221
96, 223
96, 224
98, 226
98, 227
100, 229
100, 230
102, 232
102, 233
103, 234
103, 235
105, 237
105, 238
106, 239
106, 240
107, 241
107, 242
108, 243
108, 244
109, 245
109, 246
110, 247
110, 249
111, 250
111, 251
112, 252
112, 254
113, 255
113, 257
114, 258
114, 260
115, 261
115, 264
116, 265
116, 268
117, 269
117, 273
118, 274
118, 278
119, 279
119, 285
120, 286
120, 295
121, 296
121, 317
120, 318
120, 326
119, 327
119, 331
118, 332
118, 335
117, 336
117, 338
116, 339
116, 341
115, 342
115, 343
113, 345
113, 346
109, 350
108, 350
107, 351
105, 351
104, 350
102, 350
100, 348
99, 348
93, 342
93, 341
90, 338
90, 337
88, 335
88, 334
87, 333
87, 332
85, 330
85, 329
84, 328
84, 327
83, 326
83, 325
82, 324
82, 323
81, 322
81, 321
80, 320
80, 319
79, 318
79, 317
78, 316
78, 314
77, 313
77, 312
76, 311
76, 310
75, 309
75, 308
74, 307
74, 305
73, 304
73, 303
72, 302
72, 300
71, 299
71, 298
70, 297
70, 295
69, 294
69, 293
68, 292
68, 290
67, 289
67, 287
66, 286
66, 285
65, 284
65, 282
64, 281
64, 279
63, 278
63, 277
62, 276
62, 274
61, 273
61, 271
60, 270
60, 269
59, 268
59, 266
58, 265
58, 264
57, 263
57, 261
56, 260
56, 259
55, 258
55, 256
54, 255
54, 253
53, 252
53, 251
52, 250
52, 248
51, 247
51, 246
50, 245
50, 243
49, 242
49, 241
48, 240
48, 238
47, 237
47, 236
46, 235
46, 233
45, 232
45, 231
44, 230
44, 228
43, 227
43, 225
42, 224
42, 223
41, 222
41, 220
40, 219
40, 217
39, 216
39, 214
38, 213
38, 212
37, 211
37, 209
36, 208
36, 206
35, 205
35, 203
34, 202
34, 200
33, 199
33, 197
32, 196
32, 194
31, 193
31, 191
30, 190
30, 188
29, 187
105, 181
105, 182
107, 184
107, 185
108, 186
108, 187
109, 188
109, 189
110, 190
110, 191
111, 192
111, 193
113, 195
113, 196
114, 197
114, 198
115, 199
115, 201
116, 202
116, 203
117, 204
117, 205
118, 206
118, 207
119, 208
119, 209
120, 210
120, 211
121, 212
121, 213
122, 214
122, 215
123, 216
123, 217
124, 218
124, 220
125, 221
125, 222
126, 223
126, 224
127, 225
127, 226
128, 227
128, 229
129, 230
129, 231
130, 232
130, 233
131, 234
131, 235
132, 236
132, 238
133, 239
133, 240
134, 241
134, 242
135, 243
135, 245
136, 246
136, 247
137, 248
137, 250
138, 251
138, 253
139, 254
139, 255
140, 256
140, 258
141, 259
141, 261
142, 262
142, 264
143, 265
143, 267
144, 268
144, 270
145, 271
145, 273
146, 274
146, 277
147, 278
147, 280
148, 281
148, 283
149, 284
149, 287
150, 288
150, 291
151, 292
151, 295
152, 296
152, 299
153, 300
153, 304
154, 305
154, 309
153, 310
152, 309
152, 308
151, 307
151, 306
150, 305
150, 304
149, 303
149, 302
148, 301
148, 300
147, 299
147, 298
146, 297
146, 296
145, 295
145, 294
144, 293
144, 291
143, 290
143, 289
142, 288
142, 287
141, 286
141, 285
140, 284
140, 282
139, 281
139, 280
138, 279
138, 277
137, 276
137, 275
136, 274
136, 272
135, 271
135, 270
134, 269
134, 267
133, 266
133, 264
132, 263
132, 262
131, 261
131, 259
130, 258
130, 257
129, 256
129, 254
128, 253
128, 252
127, 251
127, 249
126, 248
126, 246
125, 245
125, 244
124, 243
124, 241
123, 240
123, 238
122, 237
122, 235
121, 234
121, 233
120, 232
120, 230
119, 229
119, 227
118, 226
118, 225
117, 224
117, 222
116, 221
116, 219
115, 218
115, 216
114, 215
114, 213
113, 212
113, 211
112, 210
112, 208
111, 207
111, 205
110, 204
110, 202
109, 201
109, 199
108, 198
108, 196
107, 195
107, 194
106, 193
106, 191
105, 190
105, 188
104, 187
104, 185
103, 184
72, 177
73, 178
73, 184
74, 185
74, 187
73, 188
72, 188
69, 185
69, 184
68, 183
69, 182
69, 181
70, 180
70, 179
125, 168
125, 169
126, 170
126, 171
127, 172
127, 174
128, 175
128, 177
129, 178
129, 180
130, 181
130, 183
131, 184
131, 186
130, 187
128, 185
128, 183
127, 182
127, 181
126, 180
126, 178
125, 177
125, 175
124, 174
124, 172
123, 171
124, 166
122, 167
23, 161
24, 160
26, 160
27, 161
29, 161
30, 162
32, 162
33, 163
34, 163
35, 164
36, 164
37, 165
38, 165
40, 167
41, 167
43, 169
44, 169
46, 171
47, 171
50, 174
51, 174
57, 180
58, 180
61, 183
61, 185
56, 190
55, 190
54, 191
53, 191
52, 192
46, 192
45, 191
44, 191
43, 190
42, 190
32, 180
32, 179
30, 177
30, 176
28, 174
28, 173
27, 172
27, 171
26, 170
26, 169
25, 168
25, 167
24, 166
24, 165
23, 164
115, 150
112, 150
113, 147
110, 147
95, 138
96, 137
103, 144
103, 145
106, 148
106, 149
108, 151
108, 152
109, 153
109, 154
111, 156
111, 157
112, 158
112, 160
113, 161
113, 162
114, 163
114, 165
115, 166
115, 169
116, 170
116, 180
114, 182
113, 181
112, 181
107, 176
107, 175
105, 173
105, 172
104, 171
104, 170
102, 168
102, 167
101, 166
101, 165
99, 163
99, 161
98, 160
98, 158
97, 157
97, 155
96, 154
96, 151
95, 150
95, 146
94, 145
94, 140
95, 139
88, 132
90, 131
92, 134
91, 135
91, 136
19, 97
20, 96
22, 96
23, 97
26, 97
27, 98
29, 98
31, 100
32, 100
33, 101
34, 101
36, 103
37, 103
40, 106
41, 106
45, 110
46, 110
52, 116
53, 116
66, 129
66, 130
67, 131
67, 135
68, 136
68, 142
69, 143
69, 150
70, 151
70, 166
69, 167
69, 171
68, 172
68, 174
67, 175
67, 176
65, 178
63, 176
63, 175
62, 174
62, 173
61, 172
61, 170
60, 169
60, 168
59, 167
59, 166
58, 165
58, 164
57, 163
57, 162
56, 161
56, 160
55, 159
55, 157
54, 156
54, 155
53, 154
53, 153
52, 152
52, 151
51, 150
51, 149
50, 148
50, 147
49, 146
49, 144
48, 143
48, 142
47, 141
47, 140
46, 139
46, 138
44, 136
44, 135
43, 134
43, 133
42, 132
42, 131
41, 130
41, 129
39, 127
39, 126
37, 124
36, 124
35, 123
34, 124
33, 124
33, 127
37, 131
37, 132
38, 133
38, 134
40, 136
40, 137
41, 138
41, 139
42, 140
42, 141
43, 142
43, 143
44, 144
44, 145
45, 146
45, 147
46, 148
46, 149
47, 150
47, 152
48, 153
48, 154
49, 155
49, 156
50, 157
50, 158
51, 159
51, 160
52, 161
52, 162
53, 163
53, 164
54, 165
54, 167
55, 168
55, 169
56, 170
56, 171
55, 172
53, 170
52, 170
49, 167
48, 167
46, 165
45, 165
43, 163
42, 163
40, 161
39, 161
38, 160
37, 160
36, 159
34, 159
33, 158
32, 158
31, 157
28, 157
27, 156
21, 156
20, 155
20, 152
19, 151
19, 148
18, 147
18, 144
17, 143
17, 140
16, 139
16, 135
15, 134
15, 130
14, 129
14, 124
13, 123
13, 113
12, 112
12, 109
13, 108
13, 103
14, 102
14, 101
15, 100
15, 99
17, 97
