4, 2
496, 4
494, 363
2, 361
444, 153
443, 154
443, 156
442, 157
442, 159
443, 160
443, 162
444, 163
444, 164
445, 165
445, 166
447, 168
447, 169
448, 170
449, 170
452, 173
453, 173
454, 174
455, 174
456, 175
457, 175
458, 176
460, 176
461, 177
462, 177
463, 178
465, 178
466, 179
467, 179
468, 180
469, 180
470, 181
473, 181
474, 180
476, 180
477, 179
477, 177
476, 176
476, 175
471, 175
470, 174
469, 174
468, 173
466, 173
465, 172
464, 172
463, 171
461, 171
460, 170
459, 170
458, 169
457, 169
456, 168
455, 168
449, 162
449, 161
448, 160
448, 154
447, 153
376, 15
375, 16
374, 16
371, 19
371, 20
370, 21
370, 22
369, 23
369, 26
368, 27
368, 30
367, 31
367, 36
366, 37
366, 42
365, 43
365, 63
366, 64
366, 65
368, 65
369, 64
369, 63
368, 62
368, 43
369, 42
369, 37
370, 36
370, 31
371, 30
371, 27
372, 26
372, 24
373, 23
373, 22
374, 21
374, 20
375, 19
376, 19
377, 18
380, 21
380, 22
381, 23
381, 25
382, 26
382, 29
383, 30
383, 34
384, 35
384, 40
385, 41
385, 45
386, 46
386, 51
387, 52
387, 56
388, 57
388, 61
389, 62
389, 67
390, 68
390, 72
391, 73
391, 79
392, 80
392, 88
393, 89
393, 99
394, 100
394, 110
395, 111
395, 121
396, 122
396, 129
397, 130
397, 135
398, 136
398, 142
399, 143
399, 149
400, 150
400, 156
401, 157
401, 162
400, 163
399, 162
399, 161
398, 160
398, 159
397, 158
397, 157
396, 156
396, 155
395, 154
395, 153
394, 152
394, 151
393, 150
393, 149
392, 148
392, 147
390, 145
390, 144
389, 143
389, 142
388, 141
388, 140
387, 139
387, 138
386, 137
386, 136
385, 135
385, 134
384, 133
384, 132
383, 131
383, 130
382, 129
382, 128
381, 127
381, 126
379, 124
379, 123
378, 122
378, 121
377, 120
377, 119
376, 118
376, 117
375, 116
375, 115
372, 112
372, 111
367, 106
366, 106
365, 105
364, 105
363, 104
362, 104
361, 103
360, 103
359, 102
357, 102
356, 101
354, 101
353, 100
349, 100
348, 101
347, 101
345, 103
345, 111
346, 112
346, 115
347, 116
347, 118
348, 119
348, 121
349, 122
349, 125
350, 126
350, 129
351, 130
351, 133
352, 134
352, 137
353, 138
353, 142
354, 143
354, 151
355, 152
355, 157
354, 158
354, 161
352, 163
349, 160
348, 160
347, 159
347, 158
343, 154
343, 152
342, 151
342, 142
341, 141
340, 141
339, 140
338, 140
334, 136
334, 135
332, 133
332, 132
330, 130
330, 129
327, 126
327, 125
325, 123
325, 122
322, 119
322, 118
315, 111
315, 110
313, 108
312, 108
308, 104
307, 104
305, 102
304, 102
303, 101
300, 101
299, 100
296, 100
295, 101
293, 101
290, 104
290, 105
289, 106
289, 107
288, 108
288, 110
287, 111
287, 115
286, 116
285, 116
283, 114
283, 113
280, 110
280, 109
276, 105
276, 104
272, 100
272, 99
266, 93
266, 92
264, 90
263, 90
260, 87
259, 87
258, 86
257, 86
256, 85
246, 85
245, 86
244, 86
243, 87
242, 87
238, 91
237, 91
236, 90
234, 90
233, 89
232, 89
231, 90
229, 90
228, 91
227, 91
224, 94
224, 95
223, 96
223, 97
222, 98
222, 100
221, 101
221, 105
220, 106
220, 113
219, 114
219, 126
218, 127
203, 112
202, 112
198, 108
197, 108
194, 105
193, 105
191, 103
190, 103
188, 101
187, 101
186, 100
185, 100
184, 99
183, 99
182, 98
181, 98
179, 96
178, 96
174, 92
173, 92
166, 85
165, 85
160, 80
159, 80
157, 78
156, 78
154, 76
152, 76
151, 75
150, 75
149, 74
147, 74
146, 73
144, 73
143, 72
141, 72
140, 71
138, 71
137, 70
135, 70
134, 69
132, 69
131, 68
129, 68
128, 67
126, 67
125, 66
123, 66
122, 65
120, 65
119, 64
117, 64
116, 63
114, 63
113, 62
110, 62
109, 61
106, 61
105, 60
97, 60
96, 59
91, 59
90, 60
87, 60
86, 61
85, 61
84, 62
83, 62
81, 64
80, 64
78, 66
77, 66
75, 68
74, 68
65, 77
65, 78
60, 83
60, 84
56, 88
56, 89
54, 91
54, 92
52, 94
52, 95
51, 96
51, 97
50, 98
50, 99
49, 100
49, 101
48, 102
48, 104
47, 105
47, 108
46, 109
46, 115
45, 116
45, 128
46, 129
46, 136
47, 137
47, 142
48, 143
48, 148
49, 149
49, 152
50, 153
50, 157
51, 158
51, 162
52, 163
52, 167
53, 168
53, 171
52, 172
50, 172
49, 173
44, 173
43, 174
38, 174
37, 175
34, 175
33, 176
32, 176
31, 177
30, 177
25, 182
25, 183
23, 185
23, 186
22, 187
22, 197
23, 198
23, 200
24, 201
24, 202
25, 203
25, 204
27, 206
27, 207
29, 209
29, 210
30, 211
30, 212
33, 215
33, 216
42, 225
43, 225
46, 228
47, 228
48, 229
49, 229
50, 230
52, 230
53, 231
54, 231
55, 232
57, 232
58, 233
60, 233
61, 234
66, 234
67, 235
73, 235
74, 236
76, 236
77, 237
77, 238
78, 239
78, 240
79, 241
79, 242
80, 243
80, 244
81, 245
81, 246
82, 247
82, 248
84, 250
84, 251
85, 252
85, 253
86, 254
86, 255
87, 256
87, 257
88, 258
88, 259
89, 260
89, 261
90, 262
90, 264
91, 265
91, 266
93, 268
93, 270
95, 272
95, 273
96, 274
96, 275
98, 277
98, 278
100, 280
100, 281
102, 283
102, 284
104, 286
104, 287
105, 288
105, 289
107, 291
107, 292
108, 293
108, 294
110, 296
110, 297
112, 299
112, 300
114, 302
114, 303
116, 305
116, 306
121, 311
121, 312
147, 338
148, 338
152, 342
153, 342
155, 344
156, 344
158, 346
159, 346
161, 348
163, 348
164, 349
169, 349
170, 348
174, 348
175, 347
177, 347
178, 346
180, 346
181, 345
184, 345
185, 344
188, 344
189, 343
191, 343
192, 342
194, 342
195, 341
196, 341
197, 340
198, 340
202, 336
202, 335
204, 333
204, 332
205, 331
205, 329
206, 328
206, 327
207, 326
207, 323
208, 322
208, 319
209, 318
209, 310
210, 309
210, 303
209, 302
209, 294
208, 293
208, 290
207, 289
207, 287
206, 286
206, 284
205, 283
205, 281
204, 280
204, 278
203, 277
203, 276
202, 275
202, 273
201, 272
201, 270
200, 269
200, 268
199, 267
199, 266
198, 265
198, 263
197, 262
197, 261
196, 260
196, 259
195, 258
195, 257
194, 256
194, 255
193, 254
193, 253
192, 252
192, 251
190, 249
190, 248
189, 247
189, 246
187, 244
187, 243
184, 240
184, 239
182, 237
182, 236
180, 234
180, 233
177, 230
177, 229
171, 223
171, 222
154, 205
153, 205
148, 200
147, 200
143, 196
142, 196
141, 195
141, 193
142, 192
142, 191
143, 190
143, 189
144, 188
144, 187
145, 186
145, 185
146, 184
146, 182
147, 181
147, 179
148, 178
148, 176
149, 175
149, 172
150, 171
150, 169
151, 168
151, 164
152, 163
152, 158
153, 157
153, 153
154, 152
154, 135
153, 134
153, 131
152, 130
152, 127
151, 126
151, 123
150, 122
150, 120
149, 119
149, 118
148, 117
148, 115
147, 114
147, 113
146, 112
146, 111
145, 110
145, 109
140, 104
139, 104
138, 103
137, 103
136, 102
134, 102
133, 103
132, 103
131, 104
131, 105
130, 106
130, 108
129, 109
129, 112
128, 113
128, 117
127, 118
127, 137
128, 138
128, 148
129, 149
129, 163
130, 164
130, 174
131, 175
131, 183
132, 184
132, 188
131, 189
130, 189
129, 188
127, 188
126, 187
125, 187
124, 186
123, 186
122, 185
121, 185
120, 184
119, 184
118, 183
116, 183
115, 182
114, 182
110, 178
110, 177
109, 176
109, 175
108, 174
108, 173
107, 172
107, 171
106, 170
106, 169
105, 168
105, 167
104, 166
104, 165
103, 164
103, 163
102, 162
102, 161
101, 160
101, 159
100, 158
100, 157
99, 156
99, 155
98, 154
98, 153
97, 152
97, 151
96, 150
96, 149
95, 148
95, 147
94, 146
94, 145
93, 144
93, 143
92, 142
92, 141
91, 140
91, 139
90, 138
90, 137
89, 136
89, 135
88, 134
88, 133
87, 132
87, 131
86, 130
86, 129
85, 128
85, 127
84, 126
84, 125
82, 123
82, 122
81, 121
81, 120
80, 119
80, 118
79, 117
79, 116
77, 114
77, 113
76, 112
76, 111
74, 109
74, 108
71, 105
71, 104
63, 96
61, 96
60, 95
58, 95
57, 96
56, 95
56, 94
58, 92
58, 91
60, 89
60, 88
65, 83
65, 82
78, 69
79, 69
81, 67
82, 67
84, 65
85, 65
86, 64
87, 64
88, 63
91, 63
92, 62
95, 62
96, 63
105, 63
106, 64
109, 64
110, 65
112, 65
113, 66
115, 66
116, 67
118, 67
119, 68
121, 68
122, 69
124, 69
125, 70
128, 70
129, 71
130, 71
131, 72
133, 72
134, 73
136, 73
137, 74
139, 74
140, 75
142, 75
143, 76
145, 76
146, 77
148, 77
149, 78
150, 78
151, 79
153, 79
155, 81
156, 81
160, 85
161, 85
167, 91
168, 91
174, 97
175, 97
177, 99
178, 99
180, 101
181, 101
182, 102
183, 102
184, 103
185, 103
187, 105
188, 105
189, 106
190, 106
193, 109
194, 109
197, 112
198, 112
205, 119
206, 119
209, 122
209, 123
215, 129
216, 129
219, 132
219, 135
220, 136
220, 145
221, 146
221, 154
222, 155
222, 161
223, 162
223, 166
224, 167
224, 170
225, 171
225, 174
226, 175
226, 178
227, 179
227, 182
228, 183
228, 186
229, 187
229, 189
230, 190
230, 193
231, 194
231, 197
232, 198
232, 201
233, 202
233, 205
234, 206
234, 209
235, 210
235, 213
236, 214
236, 216
237, 217
237, 220
238, 221
238, 224
239, 225
239, 227
240, 228
240, 231
241, 232
241, 234
242, 235
242, 238
243, 239
243, 241
244, 242
244, 244
245, 245
245, 247
246, 248
246, 250
247, 251
247, 253
248, 254
248, 256
249, 257
249, 259
250, 260
250, 262
251, 263
251, 265
252, 266
252, 268
253, 269
253, 270
254, 271
254, 273
255, 274
255, 276
256, 277
256, 278
257, 279
257, 281
258, 282
258, 283
259, 284
259, 285
260, 286
260, 288
261, 289
261, 290
262, 291
262, 292
263, 293
263, 294
264, 295
264, 296
265, 297
265, 299
266, 300
266, 301
267, 302
267, 303
268, 304
268, 305
270, 307
270, 308
272, 310
273, 310
274, 311
276, 311
278, 309
278, 307
279, 306
279, 303
280, 302
280, 285
279, 284
279, 279
278, 278
278, 274
277, 273
277, 269
276, 268
276, 264
275, 263
275, 258
274, 257
274, 253
273, 252
273, 248
272, 247
272, 244
271, 243
271, 239
270, 238
270, 235
269, 234
269, 231
268, 230
268, 228
267, 227
267, 225
266, 224
266, 223
265, 222
265, 220
264, 219
264, 217
263, 216
263, 214
262, 213
262, 212
261, 211
261, 210
260, 209
260, 207
259, 206
259, 205
258, 204
258, 203
257, 202
257, 201
256, 200
256, 198
255, 197
255, 196
254, 195
254, 194
253, 193
253, 192
252, 191
252, 190
251, 189
251, 188
250, 187
250, 185
249, 184
249, 183
248, 182
248, 181
247, 180
247, 179
246, 178
246, 177
245, 176
245, 175
244, 174
244, 173
242, 171
242, 170
241, 169
241, 168
240, 167
240, 166
239, 165
239, 164
238, 163
238, 162
236, 160
236, 159
235, 158
235, 157
234, 156
234, 155
233, 154
233, 153
232, 152
232, 151
230, 149
230, 148
229, 147
229, 146
228, 145
228, 144
226, 142
226, 141
225, 140
225, 139
224, 138
224, 137
223, 136
223, 128
222, 127
222, 114
223, 113
223, 106
224, 105
224, 102
225, 101
225, 99
226, 98
226, 97
227, 96
227, 95
228, 94
229, 94
230, 93
234, 93
235, 94
235, 95
233, 97
233, 98
232, 99
232, 100
230, 102
230, 103
229, 104
229, 106
228, 107
228, 118
229, 119
229, 123
230, 124
230, 127
231, 128
231, 131
232, 132
232, 133
233, 134
233, 135
234, 136
234, 137
235, 138
235, 139
236, 140
236, 141
238, 143
238, 144
240, 146
240, 147
241, 148
241, 149
243, 151
243, 152
245, 154
245, 155
250, 160
251, 160
252, 161
254, 161
255, 160
256, 160
257, 159
257, 158
258, 157
258, 156
259, 155
259, 153
260, 152
260, 149
261, 148
261, 145
260, 144
260, 138
259, 137
259, 133
258, 132
258, 128
257, 127
257, 125
256, 124
256, 121
255, 120
255, 119
254, 118
254, 116
253, 115
253, 114
251, 112
251, 111
250, 110
250, 109
249, 108
249, 107
248, 106
248, 105
246, 103
246, 102
244, 100
244, 99
242, 97
242, 96
241, 95
241, 93
246, 88
255, 88
256, 89
257, 89
258, 90
259, 90
266, 97
266, 98
271, 103
271, 104
275, 108
275, 109
279, 113
279, 114
282, 117
282, 118
285, 121
285, 122
286, 123
286, 127
287, 128
287, 136
288, 137
288, 142
289, 143
289, 147
290, 148
290, 150
291, 151
291, 153
292, 154
292, 156
293, 157
293, 158
294, 159
294, 160
295, 161
295, 162
296, 163
296, 164
298, 166
298, 167
301, 170
302, 170
303, 171
305, 171
306, 170
307, 170
307, 169
308, 168
308, 166
309, 165
309, 162
308, 161
308, 158
307, 157
307, 156
306, 155
306, 153
305, 152
305, 151
304, 150
304, 149
303, 148
303, 146
302, 145
302, 144
301, 143
301, 142
300, 141
300, 140
299, 139
299, 138
298, 137
298, 136
296, 134
296, 133
295, 132
295, 131
294, 130
294, 129
292, 127
292, 126
291, 125
291, 124
289, 122
289, 117
290, 116
290, 112
291, 111
291, 109
292, 108
292, 107
296, 103
299, 103
300, 104
302, 104
303, 105
304, 105
307, 108
308, 108
316, 116
316, 117
321, 122
321, 123
323, 125
323, 126
326, 129
326, 130
328, 132
328, 133
331, 136
331, 137
333, 139
333, 140
335, 142
336, 142
339, 145
339, 152
340, 153
340, 155
342, 157
342, 158
349, 165
350, 165
351, 166
354, 166
356, 164
356, 163
357, 162
357, 159
358, 158
358, 151
357, 150
357, 143
356, 142
356, 138
355, 137
355, 133
354, 132
354, 129
353, 128
353, 125
352, 124
352, 122
351, 121
351, 119
350, 118
350, 115
349, 114
349, 112
348, 111
348, 105
350, 103
353, 103
354, 104
356, 104
357, 105
358, 105
359, 106
360, 106
361, 107
362, 107
363, 108
364, 108
366, 110
367, 110
369, 112
369, 113
371, 115
371, 116
373, 118
373, 122
378, 127
378, 128
379, 129
379, 130
380, 131
380, 132
381, 133
381, 134
382, 135
382, 136
383, 137
383, 138
384, 139
384, 140
385, 141
385, 142
386, 143
386, 144
387, 145
387, 146
388, 147
388, 148
390, 150
390, 151
391, 152
391, 153
392, 154
392, 155
393, 156
393, 157
394, 158
394, 159
395, 160
395, 161
396, 162
396, 163
397, 164
397, 165
398, 166
398, 167
399, 168
399, 169
400, 170
400, 172
401, 173
401, 174
402, 175
402, 176
403, 177
403, 178
404, 179
404, 180
405, 181
405, 184
406, 185
406, 189
407, 190
407, 195
408, 196
408, 201
409, 202
409, 206
410, 207
410, 212
411, 213
411, 218
412, 219
412, 223
413, 224
413, 228
414, 229
414, 233
415, 234
415, 239
416, 240
416, 244
417, 245
417, 250
418, 251
418, 255
419, 256
419, 260
420, 261
420, 264
421, 265
421, 268
422, 269
422, 272
423, 273
423, 275
424, 276
424, 278
425, 279
425, 280
426, 281
426, 282
428, 284
428, 285
431, 288
433, 288
434, 289
435, 288
436, 288
437, 287
437, 286
438, 285
438, 274
437, 273
437, 266
436, 265
436, 259
435, 258
435, 252
434, 251
434, 248
433, 247
433, 244
432, 243
432, 240
431, 239
431, 237
430, 236
430, 234
429, 233
429, 231
428, 230
428, 228
427, 227
427, 225
426, 224
426, 222
425, 221
425, 219
424, 218
424, 216
423, 215
423, 213
422, 212
422, 210
421, 209
421, 207
420, 206
420, 204
419, 203
419, 201
418, 200
418, 199
417, 198
417, 197
416, 196
416, 195
415, 194
415, 193
414, 192
414, 191
413, 190
413, 189
412, 188
412, 187
411, 186
411, 185
409, 183
409, 181
408, 180
408, 179
407, 178
407, 175
406, 174
406, 168
405, 167
405, 163
404, 162
404, 156
403, 155
403, 149
402, 148
402, 142
401, 141
401, 136
400, 135
400, 130
399, 129
399, 122
398, 121
398, 110
397, 109
397, 99
396, 98
396, 89
395, 88
395, 80
394, 79
394, 73
393, 72
393, 67
392, 66
392, 62
391, 61
391, 57
390, 56
390, 51
389, 50
389, 46
388, 45
388, 40
387, 39
387, 35
386, 34
386, 29
385, 28
385, 25
384, 24
384, 22
383, 21
383, 20
382, 19
382, 18
380, 16
379, 16
378, 15
140, 251
142, 253
124, 219
125, 220
125, 221
126, 222
126, 224
127, 225
127, 226
128, 227
128, 229
129, 230
129, 232
130, 233
130, 234
131, 235
131, 237
132, 238
132, 240
133, 241
133, 243
134, 244
134, 245
135, 246
135, 248
136, 249
136, 251
137, 252
137, 254
138, 255
138, 257
139, 258
139, 260
140, 261
140, 263
141, 264
141, 267
142, 268
142, 270
143, 271
143, 274
144, 275
144, 277
145, 278
145, 281
146, 282
146, 287
147, 288
147, 293
148, 294
148, 299
149, 300
149, 304
150, 305
150, 310
151, 311
151, 314
152, 315
152, 318
153, 319
153, 321
154, 322
154, 324
155, 325
155, 327
156, 328
156, 331
157, 332
157, 335
158, 336
158, 339
159, 340
159, 341
158, 342
157, 341
156, 341
153, 338
152, 338
121, 307
121, 306
117, 302
117, 301
115, 299
115, 298
113, 296
113, 295
111, 293
111, 292
110, 291
110, 290
109, 289
109, 288
107, 286
107, 285
105, 283
105, 282
104, 281
104, 280
102, 278
102, 277
99, 274
99, 273
98, 272
98, 271
96, 269
96, 268
95, 267
95, 266
94, 265
94, 264
93, 263
93, 262
92, 261
92, 259
91, 258
91, 257
90, 256
90, 255
89, 254
89, 253
88, 252
88, 251
87, 250
87, 249
85, 247
85, 246
84, 245
84, 244
83, 243
83, 242
82, 241
82, 240
81, 239
81, 238
80, 237
81, 236
94, 236
95, 235
99, 235
100, 234
102, 234
103, 233
104, 233
105, 232
107, 232
108, 231
109, 231
110, 230
111, 230
112, 229
113, 229
114, 228
115, 228
134, 205
135, 206
135, 212
136, 213
136, 219
137, 220
137, 226
138, 227
138, 234
139, 235
139, 240
140, 241
140, 246
141, 247
140, 251
139, 250
139, 249
138, 248
138, 246
137, 245
137, 243
136, 242
136, 240
135, 239
135, 237
134, 236
134, 235
133, 234
133, 232
132, 231
132, 229
131, 228
131, 227
130, 226
130, 224
129, 223
129, 221
128, 220
128, 219
127, 218
127, 216
126, 215
127, 214
127, 213
130, 210
130, 209
140, 198
142, 200
143, 200
148, 205
149, 205
155, 211
156, 211
164, 219
164, 220
171, 227
171, 228
176, 233
176, 234
179, 237
179, 238
181, 240
181, 241
183, 243
183, 244
185, 246
185, 247
187, 249
187, 250
188, 251
188, 252
190, 254
190, 255
191, 256
191, 257
192, 258
192, 259
193, 260
193, 261
194, 262
194, 263
195, 264
195, 265
196, 266
196, 268
197, 269
197, 270
198, 271
198, 273
199, 274
199, 275
200, 278
201, 279
201, 281
202, 282
202, 284
203, 285
203, 287
204, 288
204, 290
205, 291
205, 293
206, 294
206, 304
207, 305
207, 308
206, 309
206, 318
205, 319
205, 322
204, 323
204, 325
203, 326
203, 327
202, 328
202, 330
201, 331
201, 332
195, 338
194, 338
191, 339
190, 340
188, 340
187, 341
184, 341
183, 342
180, 342
179, 343
177, 343
176, 344
174, 344
173, 345
169, 345
168, 346
165, 346
164, 345
162, 345
160, 341
161, 341
162, 340
162, 338
161, 337
161, 334
160, 333
160, 330
159, 329
159, 325
158, 324
158, 321
157, 320
157, 317
156, 316
156, 313
155, 312
155, 309
154, 308
154, 305
153, 304
153, 299
152, 298
152, 295
151, 294
151, 289
150, 288
150, 285
149, 284
149, 279
148, 278
148, 270
147, 269
147, 262
146, 261
146, 256
145, 255
145, 250
144, 249
144, 246
143, 245
143, 241
142, 240
142, 234
141, 233
141, 227
140, 226
140, 220
139, 219
139, 212
138, 211
138, 204
137, 203
137, 200
411, 196
412, 195
413, 196
413, 197
414, 198
414, 199
415, 200
415, 201
416, 202
416, 204
417, 205
417, 207
418, 208
418, 209
419, 210
419, 212
420, 213
420, 215
421, 216
421, 218
422, 219
422, 221
423, 222
423, 224
424, 225
424, 227
425, 228
425, 230
426, 231
426, 234
427, 235
427, 237
428, 238
428, 240
429, 241
429, 243
430, 244
430, 247
431, 248
431, 252
432, 253
432, 258
433, 259
433, 265
434, 266
434, 273
435, 274
435, 284
434, 285
433, 285
429, 281
429, 280
428, 279
428, 278
427, 277
427, 275
426, 274
426, 272
425, 271
425, 269
424, 268
424, 265
423, 264
423, 261
422, 260
422, 256
421, 255
421, 251
420, 250
420, 245
419, 244
419, 239
418, 238
418, 233
417, 232
417, 228
416, 227
416, 223
415, 222
415, 218
414, 217
414, 213
413, 212
413, 207
412, 206
412, 201
411, 200
114, 187
115, 186
117, 186
118, 187
119, 187
120, 188
121, 188
122, 189
123, 189
124, 190
125, 190
126, 191
128, 191
129, 192
130, 192
131, 193
132, 193
133, 194
133, 196
134, 197
134, 198
133, 199
133, 200
131, 202
131, 203
129, 205
129, 206
125, 210
123, 208
123, 206
122, 205
122, 204
121, 203
121, 202
120, 201
120, 199
119, 198
119, 197
118, 196
118, 195
117, 194
117, 193
116, 192
116, 190
115, 189
115, 188
49, 176
50, 175
53, 175
54, 177
55, 178
55, 181
56, 182
56, 185
57, 186
57, 189
58, 190
58, 193
59, 194
59, 196
60, 197
60, 199
61, 200
61, 201
62, 202
62, 204
63, 205
63, 207
64, 208
64, 210
65, 211
65, 212
66, 213
66, 214
67, 215
67, 217
68, 218
68, 219
69, 220
69, 222
70, 223
70, 224
71, 225
71, 226
72, 227
72, 228
73, 229
73, 231
67, 232
66, 231
62, 231
61, 230
58, 230
57, 229
56, 229
55, 228
53, 228
52, 227
51, 227
50, 226
49, 226
48, 225
47, 225
42, 220
41, 220
39, 218
39, 217
34, 211
32, 209
32, 208
30, 206
30, 205
29, 204
29, 203
27, 201
27, 200
26, 199
26, 198
25, 197
25, 188
26, 187
26, 186
29, 183
29, 182
32, 180
33, 179
34, 179
35, 178
37, 178
38, 177
43, 177
44, 176
59, 175
60, 174
75, 174
76, 175
82, 175
83, 176
88, 176
89, 177
94, 177
95, 178
98, 178
99, 179
101, 179
102, 180
104, 180
105, 181
106, 181
107, 182
109, 183
109, 184
110, 185
110, 186
111, 187
111, 188
112, 189
112, 190
113, 191
113, 193
114, 194
114, 195
115, 196
115, 197
116, 198
116, 199
117, 200
117, 202
118, 203
118, 204
119, 205
119, 206
120, 207
120, 208
121, 209
121, 211
122, 212
122, 215
121, 216
121, 217
119, 219
115, 224
114, 224
112, 226
111, 226
110, 227
109, 227
108, 228
107, 228
106, 229
104, 229
103, 230
102, 230
101, 231
99, 231
98, 232
95, 232
94, 233
77, 231
77, 230
76, 229
76, 228
75, 227
75, 226
74, 225
74, 224
73, 223
73, 222
72, 221
72, 219
71, 218
71, 217
70, 216
70, 215
69, 214
69, 212
68, 211
68, 210
67, 209
67, 207
66, 206
66, 204
65, 203
65, 202
64, 201
64, 199
63, 198
63, 196
62, 195
62, 193
61, 192
61, 190
60, 189
60, 185
59, 184
59, 181
58, 180
58, 177
58, 175
224, 147
225, 146
226, 147
226, 148
227, 149
227, 150
229, 152
229, 153
230, 154
230, 155
231, 156
231, 157
232, 158
232, 159
233, 160
233, 161
235, 163
235, 164
236, 165
236, 166
237, 167
237, 168
238, 169
238, 170
239, 171
239, 172
241, 174
241, 175
242, 176
242, 177
243, 178
243, 179
244, 180
244, 181
245, 182
245, 183
246, 184
246, 185
247, 186
247, 187
248, 188
248, 190
249, 191
249, 192
250, 193
250, 194
251, 195
251, 196
252, 197
252, 198
253, 199
253, 201
254, 202
254, 203
255, 204
255, 205
256, 206
256, 207
257, 208
257, 210
258, 211
258, 212
259, 213
259, 214
260, 215
260, 217
261, 218
261, 220
262, 221
262, 222
263, 223
263, 225
264, 226
264, 228
265, 229
265, 231
266, 232
266, 234
267, 235
267, 239
268, 240
268, 243
269, 244
269, 248
270, 249
270, 253
271, 254
271, 258
272, 259
272, 263
273, 264
273, 268
274, 269
274, 273
275, 274
275, 278
276, 279
276, 285
277, 286
277, 301
276, 302
276, 306
275, 307
274, 307
272, 305
272, 304
270, 302
270, 301
269, 300
269, 299
268, 298
268, 296
267, 295
267, 294
266, 293
266, 292
265, 291
265, 290
264, 289
264, 288
263, 287
263, 285
262, 284
262, 283
261, 282
261, 281
260, 280
260, 278
259, 277
259, 276
258, 275
258, 273
257, 272
257, 271
256, 270
256, 268
255, 267
255, 265
254, 264
254, 262
253, 261
253, 259
252, 258
252, 256
251, 255
251, 253
250, 252
250, 251
249, 250
249, 248
248, 247
248, 245
247, 244
247, 241
246, 240
246, 238
245, 237
245, 235
244, 234
244, 231
243, 230
243, 228
242, 227
242, 224
241, 223
241, 220
240, 219
240, 217
239, 216
239, 213
238, 212
238, 209
237, 208
237, 205
236, 204
236, 202
235, 201
235, 198
234, 197
234, 194
233, 193
233, 190
232, 189
232, 186
231, 185
231, 182
230, 181
230, 178
229, 177
229, 174
228, 173
228, 170
227, 169
227, 166
226, 165
226, 161
225, 160
225, 154
224, 153
290, 133
291, 132
293, 134
293, 135
294, 136
294, 137
296, 139
296, 140
297, 141
297, 142
298, 143
298, 144
299, 145
299, 146
300, 147
300, 149
301, 150
301, 151
302, 152
302, 153
303, 154
303, 155
304, 156
304, 158
305, 159
305, 161
306, 162
306, 164
305, 165
305, 166
304, 167
303, 167
299, 163
299, 162
298, 161
298, 160
297, 159
297, 158
296, 157
296, 156
295, 155
295, 154
294, 153
294, 151
293, 150
293, 147
292, 146
292, 142
291, 141
291, 137
290, 136
135, 105
136, 106
137, 106
138, 107
139, 107
141, 109
141, 110
143, 112
143, 113
144, 114
144, 115
145, 116
145, 117
146, 118
146, 120
147, 121
147, 123
148, 124
148, 126
149, 127
149, 131
150, 132
150, 135
151, 136
151, 152
150, 153
150, 157
149, 158
149, 162
148, 163
148, 167
147, 168
147, 171
146, 172
146, 174
145, 175
145, 178
144, 179
144, 181
143, 182
143, 183
142, 184
142, 185
141, 186
141, 187
140, 188
140, 189
139, 190
139, 191
138, 192
137, 192
135, 190
135, 184
134, 183
134, 174
133, 173
133, 163
132, 162
132, 149
131, 148
131, 137
130, 136
130, 119
131, 118
131, 114
132, 113
132, 109
133, 108
133, 107
53, 99
54, 98
55, 98
57, 100
58, 100
59, 99
61, 99
62, 100
63, 100
66, 103
66, 104
70, 108
70, 109
72, 111
72, 112
74, 114
74, 115
76, 117
76, 118
77, 119
77, 120
78, 121
78, 122
79, 123
79, 124
81, 126
81, 127
82, 128
82, 129
83, 130
83, 131
84, 132
84, 133
85, 134
85, 135
86, 136
86, 137
87, 138
87, 139
88, 140
88, 141
89, 142
89, 143
90, 144
90, 145
91, 146
91, 147
92, 148
92, 149
93, 150
93, 151
94, 152
94, 153
95, 154
95, 155
96, 156
96, 157
97, 158
97, 159
98, 160
98, 161
99, 162
99, 163
100, 164
100, 165
101, 166
101, 167
102, 168
102, 169
103, 170
103, 171
104, 172
104, 173
105, 174
105, 175
106, 176
105, 177
103, 177
102, 176
100, 176
99, 175
96, 175
95, 174
89, 174
88, 173
83, 173
82, 172
77, 172
76, 171
60, 171
59, 172
58, 172
56, 170
56, 168
55, 167
55, 163
54, 162
54, 158
53, 157
53, 153
52, 152
52, 148
51, 147
51, 143
50, 142
50, 137
49, 136
49, 129
48, 128
48, 117
49, 116
49, 109
50, 108
50, 105
51, 104
51, 103
52, 102
52, 101
53, 100
238, 97
241, 100
241, 101
243, 103
243, 104
244, 105
244, 106
246, 108
246, 109
247, 110
247, 111
248, 112
248, 113
250, 115
250, 116
251, 117
251, 118
252, 119
252, 121
253, 122
253, 124
254, 125
254, 128
255, 129
255, 133
256, 134
256, 138
257, 139
257, 145
258, 146
258, 147
257, 148
257, 151
256, 152
256, 154
255, 155
255, 156
253, 158
252, 157
251, 157
249, 155
249, 154
246, 151
246, 150
244, 148
244, 147
243, 146
243, 145
241, 143
241, 142
239, 140
239, 139
238, 138
238, 137
237, 136
237, 135
236, 134
236, 133
235, 132
235, 131
234, 130
234, 128
233, 127
233, 123
232, 122
232, 118
231, 117
231, 108
232, 107
232, 105
233, 104
233, 103
235, 101
235, 100
