4, 2
386, 4
384, 369
2, 367
306, 234
305, 235
304, 235
303, 236
303, 238
308, 243
309, 243
312, 246
313, 246
315, 248
316, 248
318, 250
319, 250
320, 251
321, 251
323, 253
324, 253
325, 254
326, 254
327, 255
328, 255
329, 256
330, 256
331, 257
332, 257
333, 258
334, 258
335, 259
337, 259
338, 260
339, 260
340, 261
342, 261
343, 262
345, 262
346, 263
348, 263
349, 264
352, 264
353, 265
356, 265
357, 266
369, 266
370, 265
371, 265
371, 262
370, 261
358, 261
357, 260
354, 260
353, 259
350, 259
349, 258
347, 258
346, 257
344, 257
343, 256
342, 256
341, 255
339, 255
338, 254
337, 254
336, 253
335, 253
334, 252
333, 252
332, 251
331, 251
330, 250
329, 250
328, 249
327, 249
326, 248
325, 248
323, 246
322, 246
321, 245
320, 245
318, 243
317, 243
314, 240
313, 240
309, 236
308, 236
85, 15
84, 16
78, 16
77, 17
75, 17
74, 18
73, 18
72, 19
71, 19
70, 20
70, 21
69, 22
70, 23
72, 23
74, 21
75, 21
76, 20
78, 20
79, 19
85, 19
86, 18
88, 18
89, 19
98, 19
99, 20
104, 20
105, 21
109, 21
110, 22
113, 22
114, 23
117, 23
118, 24
120, 24
121, 25
124, 25
125, 26
128, 26
129, 27
131, 27
132, 28
134, 28
135, 29
137, 29
138, 30
140, 30
141, 31
144, 31
145, 32
147, 32
148, 33
150, 33
151, 34
153, 34
154, 35
156, 35
157, 36
158, 36
159, 37
161, 37
162, 38
164, 38
165, 39
167, 39
168, 40
169, 40
170, 41
172, 41
173, 42
175, 42
176, 43
177, 43
178, 44
180, 44
181, 45
182, 45
183, 46
184, 46
185, 47
186, 47
187, 48
189, 48
190, 49
191, 49
192, 50
193, 50
194, 51
195, 51
196, 52
197, 52
198, 53
199, 53
200, 54
201, 54
202, 55
203, 55
204, 56
205, 56
206, 57
207, 57
209, 59
210, 59
211, 60
212, 60
213, 61
214, 61
216, 63
217, 63
218, 64
219, 64
221, 66
222, 66
224, 68
225, 68
227, 70
228, 70
230, 72
231, 72
234, 75
235, 75
238, 78
239, 78
246, 85
247, 85
251, 89
251, 90
257, 96
257, 97
260, 100
260, 101
263, 104
263, 105
265, 107
265, 108
266, 109
266, 110
268, 112
268, 113
269, 114
269, 115
270, 116
270, 117
271, 118
271, 119
272, 120
272, 121
273, 122
273, 124
274, 125
274, 126
275, 127
275, 130
276, 131
276, 134
277, 135
277, 140
278, 141
278, 144
277, 145
277, 148
276, 149
276, 150
275, 151
275, 155
274, 156
274, 175
273, 176
271, 174
271, 173
270, 172
270, 171
268, 169
268, 168
267, 167
267, 166
266, 165
266, 164
264, 162
264, 161
262, 159
262, 158
260, 156
260, 155
259, 154
259, 153
256, 150
256, 149
246, 139
244, 139
243, 138
241, 138
240, 139
239, 139
239, 140
237, 142
236, 142
233, 139
233, 138
222, 127
221, 127
214, 120
213, 120
208, 115
207, 115
203, 111
202, 111
200, 109
199, 109
197, 107
196, 107
195, 106
194, 106
193, 105
192, 105
191, 104
189, 104
188, 103
183, 103
182, 104
181, 104
177, 108
177, 109
176, 110
176, 111
175, 112
175, 113
174, 114
173, 114
172, 115
168, 115
166, 117
165, 117
164, 118
164, 119
163, 120
163, 121
162, 122
162, 124
161, 125
161, 132
160, 133
160, 141
161, 142
161, 154
162, 155
162, 162
163, 163
163, 168
164, 169
164, 173
165, 174
165, 175
164, 176
148, 160
148, 159
133, 144
133, 143
113, 123
112, 123
107, 118
106, 118
103, 115
102, 115
100, 113
99, 113
98, 112
97, 112
95, 110
94, 110
93, 109
92, 109
91, 108
90, 108
89, 107
87, 107
86, 106
85, 106
84, 105
82, 105
81, 104
80, 104
79, 103
76, 103
75, 102
72, 102
71, 101
57, 101
56, 102
53, 102
52, 103
50, 103
49, 104
48, 104
47, 105
46, 105
44, 107
43, 107
33, 117
33, 118
31, 120
31, 121
30, 122
30, 123
28, 125
28, 126
27, 127
27, 129
26, 130
26, 131
25, 132
25, 133
24, 134
24, 136
23, 137
23, 140
22, 141
22, 143
21, 144
21, 148
20, 149
20, 153
19, 154
19, 160
18, 161
18, 170
17, 171
17, 199
18, 200
18, 210
19, 211
19, 217
20, 218
20, 223
21, 224
21, 228
22, 229
22, 233
23, 234
23, 237
24, 238
24, 241
25, 242
25, 245
26, 246
26, 248
27, 249
27, 251
28, 252
28, 254
29, 255
29, 257
30, 258
30, 260
31, 261
31, 262
32, 263
32, 265
33, 266
33, 267
34, 268
34, 269
35, 270
35, 272
36, 273
36, 274
37, 275
37, 276
38, 277
38, 278
39, 279
39, 280
40, 281
40, 282
41, 283
41, 284
43, 286
43, 287
44, 288
44, 289
46, 291
46, 292
48, 294
48, 295
49, 296
49, 297
52, 300
52, 301
55, 304
55, 305
60, 310
60, 311
73, 324
74, 324
79, 329
80, 329
83, 332
84, 332
86, 334
87, 334
89, 336
90, 336
92, 338
93, 338
94, 339
95, 339
97, 341
98, 341
99, 342
100, 342
101, 343
102, 343
103, 344
105, 344
106, 345
107, 345
108, 346
109, 346
110, 347
112, 347
113, 348
115, 348
116, 349
118, 349
119, 350
122, 350
123, 351
127, 351
128, 352
132, 352
133, 353
139, 353
140, 354
166, 354
167, 353
170, 353
171, 352
172, 352
173, 351
174, 351
175, 350
176, 350
181, 345
181, 344
183, 342
183, 341
184, 340
184, 339
185, 338
185, 336
186, 335
186, 332
187, 331
187, 327
188, 326
188, 306
187, 305
187, 300
186, 299
186, 296
185, 295
185, 292
184, 291
184, 289
183, 288
183, 286
182, 285
182, 283
181, 282
181, 281
180, 280
180, 278
179, 277
179, 275
178, 274
178, 273
177, 272
177, 271
176, 270
176, 269
175, 268
175, 266
174, 265
174, 264
173, 263
173, 262
172, 261
172, 260
171, 259
171, 258
170, 257
170, 256
169, 255
169, 254
168, 253
168, 252
167, 251
167, 250
165, 248
165, 247
164, 246
164, 245
163, 244
163, 243
161, 241
161, 240
159, 238
159, 237
158, 236
158, 235
156, 233
156, 232
154, 230
154, 229
152, 227
152, 226
150, 224
150, 223
148, 221
148, 220
146, 218
146, 217
145, 216
145, 215
143, 213
143, 212
141, 210
141, 209
138, 206
138, 205
136, 203
136, 202
133, 199
133, 198
131, 196
131, 195
127, 191
126, 191
125, 190
123, 190
122, 191
120, 191
119, 192
118, 192
117, 193
116, 193
114, 195
113, 195
111, 197
110, 197
106, 201
105, 201
103, 199
103, 193
104, 192
104, 187
105, 186
105, 169
104, 168
104, 166
103, 165
103, 164
102, 163
102, 162
99, 159
94, 159
94, 160
93, 161
93, 167
94, 168
94, 173
95, 174
95, 178
96, 179
96, 183
97, 184
97, 188
98, 189
98, 192
99, 193
99, 200
98, 201
98, 204
97, 205
97, 207
93, 211
92, 211
90, 213
89, 213
87, 211
87, 210
86, 209
86, 208
84, 206
84, 205
83, 204
83, 203
81, 201
81, 200
80, 199
80, 198
78, 196
78, 195
76, 193
76, 192
75, 191
75, 190
73, 188
73, 187
71, 185
71, 184
70, 183
70, 182
67, 179
67, 178
65, 176
65, 175
63, 173
63, 172
61, 170
61, 169
59, 167
59, 166
57, 164
57, 163
55, 161
55, 160
53, 158
53, 157
51, 155
51, 154
48, 151
48, 150
45, 147
43, 147
43, 149
44, 150
44, 151
47, 154
47, 155
49, 157
49, 158
51, 160
51, 161
53, 163
53, 164
55, 166
55, 167
57, 169
57, 170
59, 172
59, 173
61, 175
61, 176
64, 179
64, 180
66, 182
66, 183
68, 185
68, 186
70, 188
70, 189
71, 190
71, 191
73, 193
73, 194
75, 196
75, 197
76, 198
76, 199
78, 201
78, 202
79, 203
79, 204
81, 206
81, 207
82, 208
82, 209
84, 211
84, 212
85, 213
85, 214
86, 215
84, 217
83, 217
82, 218
81, 218
79, 220
78, 220
77, 221
76, 221
75, 222
74, 222
72, 224
71, 224
69, 226
69, 227
68, 228
68, 229
70, 231
72, 231
73, 232
77, 232
78, 231
81, 231
82, 230
83, 230
84, 229
85, 229
86, 228
87, 228
90, 225
91, 225
93, 227
93, 228
94, 229
94, 230
95, 231
95, 232
96, 233
96, 234
97, 235
97, 236
99, 238
99, 239
100, 240
100, 241
101, 242
101, 243
102, 244
102, 245
103, 246
103, 247
104, 248
104, 250
105, 251
105, 252
106, 253
106, 254
107, 255
107, 256
108, 257
108, 258
109, 259
109, 260
110, 261
110, 262
111, 263
111, 264
112, 265
112, 266
113, 267
113, 268
114, 269
114, 271
115, 272
115, 273
116, 274
116, 275
117, 276
117, 277
118, 278
118, 279
119, 280
119, 281
120, 282
120, 283
121, 284
121, 285
122, 286
122, 287
123, 288
123, 289
124, 290
124, 291
125, 292
125, 293
127, 295
127, 296
128, 297
128, 298
129, 299
129, 300
130, 301
130, 302
131, 303
131, 304
132, 305
132, 306
134, 308
134, 309
135, 310
135, 311
136, 312
136, 313
138, 315
138, 316
139, 317
139, 318
141, 320
141, 321
142, 322
142, 323
143, 324
143, 325
146, 328
146, 329
147, 330
150, 330
150, 326
149, 325
149, 324
148, 323
148, 322
146, 320
146, 319
145, 318
145, 316
144, 315
144, 314
143, 313
143, 312
142, 311
142, 310
141, 309
141, 308
140, 307
140, 306
139, 305
139, 304
138, 303
138, 301
137, 300
137, 299
136, 298
136, 297
135, 296
135, 294
134, 293
134, 292
133, 291
133, 289
132, 288
132, 287
131, 286
131, 284
130, 283
130, 282
129, 281
129, 279
128, 278
128, 276
127, 275
127, 273
126, 272
126, 271
125, 270
125, 268
124, 267
124, 265
123, 264
123, 262
122, 261
122, 259
121, 258
121, 257
120, 256
120, 254
119, 253
119, 250
118, 249
118, 247
117, 246
117, 244
116, 243
116, 241
115, 240
115, 238
114, 237
114, 235
113, 234
113, 231
112, 230
112, 228
111, 227
111, 225
110, 224
110, 221
109, 220
109, 218
108, 217
108, 215
107, 214
107, 211
106, 210
106, 207
105, 206
109, 202
110, 202
113, 199
114, 199
116, 197
117, 197
119, 195
120, 195
121, 194
123, 194
124, 193
129, 198
129, 199
132, 202
132, 203
134, 205
134, 206
137, 209
137, 210
139, 212
139, 213
141, 215
141, 216
143, 218
143, 219
145, 221
145, 222
146, 223
146, 224
148, 226
148, 227
150, 229
150, 230
152, 232
152, 233
154, 235
154, 236
156, 238
156, 239
158, 241
158, 242
159, 243
159, 244
161, 246
161, 247
162, 248
162, 249
163, 250
163, 251
165, 253
165, 254
166, 255
166, 256
167, 257
167, 258
168, 259
168, 260
169, 261
169, 262
170, 263
170, 264
171, 265
171, 266
172, 267
172, 269
173, 270
173, 271
174, 272
174, 273
175, 274
175, 276
176, 277
176, 278
177, 279
177, 281
178, 282
178, 283
179, 284
179, 286
180, 287
180, 289
181, 290
181, 292
182, 293
182, 296
183, 297
183, 300
184, 301
184, 306
185, 307
185, 325
184, 326
184, 330
183, 331
183, 334
182, 335
182, 337
181, 338
181, 339
180, 340
180, 341
173, 348
172, 348
171, 349
170, 349
169, 350
166, 350
165, 351
141, 351
140, 350
134, 350
133, 349
129, 349
128, 348
124, 348
123, 347
120, 347
119, 346
117, 346
116, 345
114, 345
113, 344
111, 344
110, 343
109, 343
108, 342
107, 342
106, 341
105, 341
104, 340
103, 340
102, 339
101, 339
100, 338
99, 338
98, 337
97, 337
96, 336
95, 336
93, 334
92, 334
90, 332
89, 332
87, 330
86, 330
84, 328
83, 328
79, 324
78, 324
60, 306
60, 305
56, 301
56, 300
53, 297
53, 296
51, 294
51, 293
49, 291
49, 290
48, 289
48, 288
46, 286
46, 285
45, 284
45, 283
43, 281
43, 280
42, 279
42, 278
41, 277
41, 276
40, 275
40, 274
39, 273
39, 271
38, 270
38, 269
37, 268
37, 267
36, 266
36, 265
35, 264
35, 262
34, 261
34, 260
33, 259
33, 257
32, 256
32, 254
31, 253
31, 251
30, 250
30, 248
29, 247
29, 245
28, 244
28, 241
27, 240
27, 237
26, 236
26, 233
25, 232
25, 228
24, 227
24, 223
23, 222
23, 217
22, 216
22, 209
21, 208
21, 198
20, 197
20, 172
21, 171
21, 162
22, 161
22, 155
23, 154
23, 150
24, 149
24, 145
25, 144
25, 142
26, 141
26, 138
27, 137
27, 136
28, 135
28, 133
29, 132
29, 131
30, 130
30, 129
31, 128
31, 127
32, 126
32, 125
33, 124
33, 123
35, 121
35, 120
39, 116
39, 115
43, 111
44, 111
46, 109
47, 109
49, 107
50, 107
51, 106
53, 106
54, 105
57, 105
58, 104
70, 104
71, 105
74, 105
75, 106
78, 106
79, 107
80, 107
81, 108
83, 108
84, 109
85, 109
86, 110
88, 110
89, 111
90, 111
92, 113
93, 113
94, 114
95, 114
96, 115
97, 115
99, 117
100, 117
102, 119
103, 119
107, 123
108, 123
134, 149
134, 150
151, 167
151, 168
165, 182
165, 183
168, 186
168, 189
169, 190
169, 192
170, 193
170, 196
171, 197
171, 199
172, 200
172, 202
173, 203
173, 204
174, 205
174, 207
175, 208
175, 210
176, 211
176, 212
177, 213
177, 215
178, 216
178, 217
179, 218
179, 220
180, 221
180, 222
181, 223
181, 225
182, 226
182, 227
183, 228
183, 229
184, 230
184, 232
185, 233
185, 234
186, 235
186, 236
187, 237
187, 238
188, 239
188, 241
189, 242
189, 243
190, 244
190, 245
191, 246
191, 247
192, 248
192, 249
193, 250
193, 251
194, 252
194, 253
195, 254
195, 255
196, 256
196, 257
197, 258
197, 259
198, 260
198, 261
199, 262
199, 263
200, 264
200, 265
202, 267
202, 268
203, 269
203, 270
205, 272
205, 273
206, 274
206, 275
208, 277
208, 278
210, 280
210, 281
211, 282
211, 283
213, 285
213, 286
215, 288
215, 289
216, 290
216, 291
218, 293
218, 294
220, 296
220, 297
222, 299
222, 300
224, 302
224, 303
226, 305
226, 306
229, 309
229, 310
232, 313
232, 314
237, 319
237, 320
250, 333
251, 333
253, 335
254, 335
256, 337
258, 337
259, 338
261, 338
262, 337
263, 337
265, 335
265, 334
266, 333
266, 325
265, 324
265, 320
264, 319
264, 316
263, 315
263, 313
262, 312
262, 310
261, 309
261, 307
260, 306
260, 304
259, 303
259, 302
258, 301
258, 300
257, 299
257, 298
256, 297
256, 296
255, 295
255, 294
254, 293
254, 292
253, 291
253, 290
252, 289
252, 288
251, 287
251, 286
249, 284
249, 283
248, 282
248, 281
247, 280
247, 279
245, 277
245, 276
243, 274
243, 273
241, 271
241, 270
239, 268
239, 267
237, 265
237, 264
235, 262
235, 261
232, 258
232, 257
229, 254
229, 253
225, 249
225, 248
221, 244
221, 243
217, 239
217, 238
213, 234
213, 233
209, 229
209, 228
206, 225
206, 224
202, 220
202, 219
196, 213
196, 212
191, 207
191, 206
183, 198
183, 197
175, 189
175, 188
170, 183
170, 182
169, 181
169, 178
168, 177
168, 173
167, 172
167, 168
166, 167
166, 162
165, 161
165, 154
164, 153
164, 139
163, 138
163, 137
164, 136
164, 126
165, 125
165, 123
166, 122
166, 121
168, 119
169, 119
170, 118
172, 118
173, 119
173, 129
172, 130
172, 133
173, 134
173, 153
174, 154
174, 160
175, 161
175, 165
176, 166
176, 169
177, 170
177, 172
178, 173
178, 175
179, 176
179, 178
180, 179
180, 181
181, 182
181, 183
182, 184
182, 185
183, 186
183, 187
184, 188
184, 189
186, 191
186, 192
187, 193
187, 194
190, 197
190, 198
194, 202
195, 202
197, 204
198, 204
199, 205
201, 205
202, 206
205, 206
206, 205
208, 205
209, 204
210, 204
214, 200
214, 199
215, 198
215, 197
216, 196
216, 195
217, 194
217, 191
218, 190
218, 185
219, 184
219, 174
218, 173
218, 167
217, 166
217, 162
216, 161
216, 159
215, 158
215, 156
214, 155
214, 153
213, 152
213, 151
212, 150
212, 149
211, 148
211, 147
210, 146
210, 145
209, 144
209, 143
207, 141
207, 140
204, 137
204, 136
199, 131
199, 130
197, 128
196, 128
191, 123
190, 123
187, 120
186, 120
185, 119
184, 119
183, 118
182, 118
181, 117
180, 117
178, 115
178, 113
179, 112
179, 111
180, 110
180, 109
182, 107
183, 107
184, 106
187, 106
188, 107
190, 107
191, 108
192, 108
193, 109
194, 109
195, 110
196, 110
199, 113
200, 113
203, 116
204, 116
208, 120
209, 120
216, 127
217, 127
233, 143
233, 144
237, 148
237, 149
238, 150
238, 153
239, 154
239, 157
240, 158
240, 160
241, 161
241, 162
242, 163
242, 165
244, 167
244, 168
246, 170
246, 171
247, 172
248, 172
249, 173
250, 173
251, 172
251, 168
250, 167
250, 165
249, 164
249, 162
248, 161
248, 160
247, 159
247, 158
246, 157
246, 156
245, 155
245, 154
243, 152
243, 151
242, 150
242, 149
241, 148
241, 143
242, 142
244, 142
246, 144
247, 144
251, 148
251, 149
255, 153
255, 154
257, 156
257, 157
259, 159
259, 160
260, 161
260, 162
262, 164
262, 165
264, 167
264, 168
265, 169
265, 170
266, 171
266, 172
267, 173
267, 174
269, 176
269, 177
270, 178
270, 179
271, 180
271, 181
272, 182
272, 183
273, 184
273, 186
274, 187
274, 190
275, 191
275, 200
276, 201
276, 207
277, 208
277, 213
278, 214
278, 218
279, 219
279, 223
280, 224
280, 226
281, 227
281, 229
282, 230
282, 232
283, 233
283, 235
284, 236
284, 237
285, 238
285, 239
286, 240
286, 241
291, 246
292, 246
293, 245
294, 245
294, 244
295, 243
295, 240
294, 239
294, 234
293, 233
293, 229
292, 228
292, 226
291, 225
291, 222
290, 221
290, 219
289, 218
289, 215
288, 214
288, 213
287, 212
287, 210
286, 209
286, 207
285, 206
285, 204
284, 203
284, 202
283, 201
283, 199
282, 198
282, 197
281, 196
281, 195
280, 194
280, 192
279, 191
279, 190
278, 189
278, 187
277, 186
277, 157
278, 156
278, 152
279, 151
279, 150
280, 149
280, 146
281, 145
281, 139
280, 138
280, 134
279, 133
279, 130
278, 129
278, 127
277, 126
277, 124
276, 123
276, 121
275, 120
275, 119
274, 118
274, 117
273, 116
273, 115
272, 114
272, 113
271, 112
271, 111
270, 110
270, 109
268, 107
268, 106
266, 104
266, 103
264, 101
264, 100
262, 98
262, 97
258, 93
258, 92
243, 77
242, 77
239, 74
238, 74
235, 71
234, 71
231, 68
230, 68
228, 66
227, 66
225, 64
224, 64
223, 63
222, 63
220, 61
219, 61
217, 59
216, 59
215, 58
214, 58
213, 57
212, 57
210, 55
209, 55
208, 54
207, 54
206, 53
205, 53
204, 52
203, 52
202, 51
201, 51
200, 50
199, 50
198, 49
197, 49
196, 48
195, 48
194, 47
193, 47
192, 46
191, 46
190, 45
188, 45
187, 44
186, 44
185, 43
184, 43
183, 42
182, 42
181, 41
179, 41
178, 40
177, 40
176, 39
174, 39
173, 38
172, 38
171, 37
169, 37
168, 36
166, 36
165, 35
163, 35
162, 34
160, 34
159, 33
158, 33
157, 32
155, 32
154, 31
152, 31
151, 30
149, 30
148, 29
146, 29
145, 28
142, 28
141, 27
139, 27
138, 26
136, 26
135, 25
133, 25
132, 24
130, 24
129, 23
126, 23
125, 22
122, 22
121, 21
119, 21
118, 20
115, 20
114, 19
110, 19
109, 18
106, 18
105, 17
100, 17
99, 16
92, 16
91, 15
129, 288
127, 289
85, 220
86, 219
88, 219
89, 220
89, 222
87, 224
86, 224
84, 226
83, 226
82, 227
81, 227
80, 228
76, 228
75, 229
73, 227
74, 226
75, 226
77, 224
78, 224
79, 223
80, 223
81, 222
82, 222
84, 220
101, 209
102, 209
103, 210
103, 211
104, 212
104, 214
105, 215
105, 218
106, 219
106, 221
107, 222
107, 225
108, 226
108, 228
109, 229
109, 231
110, 232
110, 235
111, 236
111, 238
112, 239
112, 241
113, 242
113, 244
114, 245
114, 247
115, 248
115, 250
116, 251
116, 254
117, 255
117, 257
118, 258
118, 259
119, 260
119, 262
120, 263
120, 265
121, 266
121, 268
122, 269
122, 271
123, 272
123, 273
124, 274
124, 276
125, 277
125, 279
126, 280
126, 282
127, 283
127, 284
128, 285
125, 286
125, 285
124, 284
124, 283
123, 282
123, 281
122, 280
122, 279
121, 278
121, 277
120, 276
120, 275
119, 274
119, 273
118, 272
118, 270
117, 269
117, 268
116, 267
116, 266
115, 265
115, 264
114, 263
114, 262
113, 261
113, 260
112, 259
112, 258
111, 257
111, 256
110, 255
110, 254
109, 253
109, 251
108, 250
108, 249
107, 248
107, 247
106, 246
106, 245
105, 244
105, 243
104, 242
104, 241
103, 240
103, 239
102, 238
102, 237
101, 236
101, 235
99, 233
99, 232
98, 231
98, 230
97, 229
97, 228
96, 227
96, 226
95, 225
95, 224
94, 223
94, 220
95, 219
95, 218
96, 217
96, 216
97, 215
97, 214
98, 213
98, 212
279, 204
280, 203
282, 205
282, 207
283, 208
283, 210
284, 211
284, 213
285, 214
285, 215
286, 216
286, 219
287, 220
287, 222
288, 223
288, 225
289, 226
289, 229
290, 230
290, 234
291, 235
291, 239
290, 240
288, 238
288, 237
287, 236
287, 235
286, 234
286, 232
285, 231
285, 229
284, 228
284, 226
283, 225
283, 223
282, 222
282, 219
281, 218
281, 214
280, 213
280, 207
279, 206
173, 194
174, 193
183, 202
183, 203
190, 210
190, 211
196, 217
196, 218
200, 222
200, 223
204, 227
204, 228
208, 232
208, 233
212, 237
212, 238
216, 242
216, 243
220, 247
220, 248
224, 252
224, 253
228, 257
228, 258
231, 261
231, 262
233, 264
233, 265
235, 267
235, 268
238, 271
238, 272
240, 274
240, 275
242, 277
242, 278
243, 279
243, 280
245, 282
245, 283
246, 284
246, 285
247, 286
247, 287
249, 289
249, 290
250, 291
250, 292
251, 293
251, 294
252, 295
252, 296
253, 297
253, 298
254, 299
254, 300
255, 301
255, 302
256, 303
256, 304
257, 305
257, 307
258, 308
258, 310
259, 311
259, 313
260, 314
260, 316
261, 317
261, 320
262, 321
262, 325
263, 326
263, 332
260, 335
259, 334
258, 334
257, 333
256, 333
254, 331
253, 331
238, 316
238, 315
234, 311
234, 310
231, 307
231, 306
228, 303
228, 302
226, 300
226, 299
224, 297
224, 296
222, 294
222, 293
220, 291
220, 290
218, 288
218, 287
216, 285
216, 284
215, 283
215, 282
213, 280
213, 279
211, 277
211, 276
210, 275
210, 274
208, 272
208, 271
207, 270
207, 269
205, 267
205, 266
204, 265
204, 264
202, 262
202, 261
201, 260
201, 259
200, 258
200, 257
199, 256
199, 255
198, 254
198, 253
197, 252
197, 251
196, 250
196, 249
195, 248
195, 247
194, 246
194, 245
193, 244
193, 243
192, 242
192, 241
191, 240
191, 238
190, 237
190, 236
189, 235
189, 234
188, 233
188, 232
187, 231
187, 229
186, 228
186, 227
185, 226
185, 225
184, 224
184, 222
183, 221
183, 220
182, 219
182, 217
181, 216
181, 215
180, 214
180, 212
179, 211
179, 209
178, 208
178, 207
177, 206
177, 204
176, 203
176, 202
175, 201
175, 199
174, 198
174, 196
173, 195
96, 164
97, 163
98, 163
100, 165
100, 166
101, 167
101, 169
102, 170
102, 184
101, 185
100, 184
100, 183
99, 182
99, 178
98, 177
98, 173
97, 172
97, 167
96, 166
176, 120
178, 119
179, 120
180, 120
181, 121
182, 121
183, 122
184, 122
186, 124
187, 124
191, 128
192, 128
199, 135
199, 136
203, 140
203, 141
205, 143
205, 144
207, 146
207, 147
208, 148
208, 149
209, 150
209, 151
210, 152
210, 153
211, 156
212, 157
212, 159
213, 160
213, 162
214, 163
214, 167
215, 168
215, 174
216, 175
216, 183
215, 184
215, 189
214, 190
214, 193
213, 194
213, 195
212, 196
212, 197
205, 202
204, 203
203, 203
202, 202
200, 202
199, 201
198, 201
191, 194
191, 193
189, 191
189, 190
188, 189
188, 188
186, 186
186, 185
185, 184
185, 183
184, 182
184, 180
183, 179
183, 178
182, 175
181, 174
181, 172
180, 171
180, 169
179, 168
179, 165
178, 164
178, 160
177, 159
177, 152
176, 151
