4, 2
398, 4
396, 369
2, 367
40, 63
37, 66
37, 68
36, 69
36, 79
37, 80
37, 85
38, 86
38, 89
39, 90
39, 93
40, 94
40, 97
41, 98
41, 100
42, 101
42, 104
43, 105
43, 107
44, 108
44, 110
45, 111
45, 114
46, 115
46, 117
47, 118
47, 120
48, 121
48, 123
49, 124
49, 126
50, 127
50, 129
51, 130
51, 132
52, 133
52, 134
53, 135
53, 137
54, 138
54, 140
55, 141
55, 143
56, 144
56, 145
57, 146
57, 148
58, 149
58, 151
59, 152
59, 153
60, 154
60, 156
61, 157
61, 158
62, 159
62, 161
63, 162
63, 163
64, 164
64, 165
65, 166
65, 168
66, 169
66, 170
67, 171
67, 172
68, 173
68, 175
69, 176
69, 177
70, 178
70, 179
71, 180
71, 182
72, 183
72, 185
73, 186
73, 193
74, 194
74, 202
75, 203
75, 209
76, 210
76, 216
77, 217
77, 221
78, 222
78, 227
79, 228
79, 230
78, 231
77, 231
70, 224
69, 224
65, 220
64, 220
61, 217
60, 217
59, 216
53, 216
51, 218
51, 220
50, 221
50, 231
51, 232
51, 238
52, 239
52, 245
53, 246
53, 251
54, 252
54, 258
55, 259
55, 269
54, 270
54, 272
52, 274
48, 274
39, 265
39, 264
37, 262
37, 261
36, 260
36, 259
34, 257
34, 256
33, 255
33, 253
32, 252
32, 251
31, 250
31, 249
30, 248
30, 247
29, 246
29, 244
28, 243
28, 241
27, 240
27, 239
26, 238
26, 236
25, 235
25, 233
24, 232
24, 230
23, 229
23, 226
22, 225
22, 222
21, 221
21, 209
22, 208
22, 206
23, 205
23, 204
24, 203
24, 200
22, 200
21, 201
21, 202
20, 203
20, 204
19, 205
19, 206
18, 207
18, 211
17, 212
17, 216
18, 217
18, 223
19, 224
19, 227
20, 228
20, 230
21, 231
21, 234
22, 235
22, 236
23, 237
23, 239
24, 240
24, 242
25, 243
25, 245
26, 246
26, 247
27, 248
27, 249
28, 250
28, 252
29, 253
29, 254
30, 255
30, 256
31, 257
31, 258
32, 259
32, 260
33, 261
33, 262
35, 264
35, 265
37, 267
37, 268
45, 276
46, 276
47, 277
48, 277
49, 278
53, 278
57, 274
57, 272
58, 271
58, 256
57, 255
57, 250
56, 249
56, 244
55, 243
55, 237
54, 236
54, 229
53, 228
53, 223
54, 222
54, 220
55, 219
57, 219
58, 220
59, 220
61, 222
62, 222
66, 226
67, 226
81, 240
81, 241
82, 242
82, 245
83, 246
83, 248
84, 249
84, 252
85, 253
85, 255
86, 256
86, 259
87, 260
87, 262
88, 263
88, 265
89, 266
89, 268
90, 269
90, 270
91, 271
91, 273
92, 274
92, 276
93, 277
93, 278
94, 279
94, 281
95, 282
95, 283
96, 284
96, 286
97, 287
97, 288
98, 289
98, 290
99, 291
99, 293
100, 294
100, 295
101, 296
101, 297
102, 298
102, 299
103, 300
103, 302
104, 303
104, 304
105, 305
105, 306
106, 307
106, 308
107, 309
107, 310
108, 311
108, 312
109, 313
109, 314
110, 315
110, 316
111, 317
111, 318
113, 320
113, 321
115, 323
115, 324
120, 329
121, 329
122, 330
123, 330
124, 331
127, 331
130, 328
130, 320
129, 319
129, 317
128, 316
128, 314
127, 313
127, 312
126, 311
126, 309
125, 308
125, 307
124, 306
124, 305
123, 304
123, 303
122, 302
122, 301
121, 300
121, 299
120, 298
120, 297
119, 296
119, 295
118, 294
118, 293
117, 292
117, 291
116, 290
116, 288
115, 287
115, 286
114, 285
114, 284
113, 283
113, 282
111, 280
111, 279
110, 278
110, 277
109, 276
109, 275
108, 274
108, 273
107, 272
107, 271
105, 269
105, 268
104, 267
104, 266
103, 265
103, 264
101, 262
101, 261
99, 259
99, 258
97, 256
97, 255
96, 254
96, 253
93, 250
93, 249
91, 247
91, 246
87, 242
87, 241
84, 238
84, 236
83, 235
83, 231
82, 230
82, 226
81, 225
81, 221
80, 220
80, 215
79, 214
79, 208
78, 207
78, 200
79, 199
80, 200
80, 201
81, 202
81, 203
82, 204
82, 206
83, 207
83, 208
84, 209
84, 210
85, 211
85, 212
86, 213
86, 214
87, 215
87, 216
88, 217
88, 218
89, 219
89, 220
90, 221
90, 222
91, 223
91, 224
92, 225
92, 226
93, 227
93, 228
95, 230
95, 231
96, 232
96, 233
97, 234
97, 235
98, 236
98, 237
100, 239
100, 240
101, 241
101, 242
103, 244
103, 245
104, 246
104, 247
106, 249
106, 250
108, 252
108, 253
111, 256
111, 257
124, 270
125, 270
128, 273
129, 273
130, 274
131, 274
132, 275
133, 275
134, 276
136, 276
137, 277
144, 277
145, 276
146, 276
148, 274
148, 273
149, 272
149, 261
148, 260
148, 256
147, 255
147, 253
146, 252
146, 249
145, 248
145, 246
144, 245
144, 242
143, 241
143, 236
144, 235
144, 233
147, 230
158, 230
159, 231
164, 231
165, 232
171, 232
172, 233
175, 233
176, 234
178, 234
179, 233
179, 232
177, 230
174, 230
173, 229
167, 229
166, 228
161, 228
160, 227
146, 227
145, 228
144, 228
141, 231
141, 233
140, 234
140, 242
141, 243
141, 247
142, 248
142, 250
143, 251
143, 253
144, 254
144, 257
145, 258
145, 261
146, 262
146, 271
143, 274
138, 274
137, 273
136, 273
135, 272
133, 272
131, 270
130, 270
128, 268
127, 268
113, 254
113, 253
110, 250
110, 249
108, 247
108, 246
107, 245
107, 244
105, 242
105, 241
104, 240
104, 239
102, 237
102, 236
101, 235
101, 234
99, 232
99, 231
98, 230
98, 229
97, 228
97, 227
96, 226
96, 225
95, 224
95, 223
94, 222
94, 221
93, 220
93, 219
91, 217
91, 215
90, 214
90, 213
89, 212
89, 211
88, 210
88, 209
87, 208
87, 207
86, 206
86, 205
85, 204
85, 203
84, 202
84, 201
83, 200
83, 199
82, 198
82, 196
81, 195
81, 194
80, 193
80, 192
79, 191
79, 190
78, 189
78, 188
77, 187
77, 185
76, 184
76, 182
75, 181
75, 173
74, 172
74, 164
73, 163
73, 156
72, 155
72, 150
71, 149
71, 144
70, 143
70, 139
69, 138
69, 134
68, 133
68, 130
67, 129
67, 125
66, 124
66, 121
65, 120
65, 117
64, 116
64, 113
63, 112
63, 109
62, 108
62, 106
61, 105
61, 102
60, 101
60, 98
59, 97
59, 95
58, 94
58, 91
57, 90
57, 88
56, 87
56, 85
55, 84
55, 82
54, 81
54, 79
53, 78
53, 76
52, 75
52, 74
51, 73
51, 72
50, 71
50, 70
49, 69
49, 68
44, 63
91, 252
91, 253
93, 255
93, 256
95, 258
95, 259
97, 261
97, 262
99, 264
99, 265
100, 266
100, 267
102, 269
102, 270
103, 271
103, 272
104, 273
104, 274
105, 275
105, 276
107, 278
107, 279
108, 280
108, 281
109, 282
109, 283
110, 284
110, 285
111, 286
111, 287
112, 288
112, 289
113, 290
113, 291
114, 292
114, 293
115, 294
115, 295
116, 296
116, 297
117, 298
117, 299
118, 300
118, 301
119, 302
119, 304
120, 305
120, 306
121, 307
121, 308
122, 309
122, 310
123, 311
123, 312
124, 313
124, 315
125, 316
125, 317
126, 318
126, 321
127, 322
127, 326
126, 327
123, 327
117, 321
117, 320
115, 318
115, 317
114, 316
114, 315
112, 313
112, 312
111, 311
111, 310
110, 309
110, 308
109, 307
109, 305
108, 304
108, 303
107, 302
107, 301
106, 300
106, 299
105, 298
105, 297
104, 296
104, 294
103, 293
103, 292
102, 291
102, 290
101, 289
101, 287
100, 286
100, 285
99, 284
99, 283
98, 282
98, 280
97, 279
97, 278
96, 277
96, 275
95, 274
95, 273
94, 272
94, 270
93, 269
93, 267
92, 266
92, 264
91, 263
91, 261
90, 260
90, 258
89, 257
89, 255
88, 254
42, 66
46, 70
46, 71
47, 72
47, 73
48, 74
48, 75
49, 76
49, 77
50, 78
50, 80
51, 81
51, 82
52, 83
52, 86
53, 87
53, 89
54, 90
54, 92
55, 93
55, 95
56, 96
56, 99
57, 100
57, 103
58, 104
58, 106
59, 107
59, 110
60, 111
60, 114
61, 115
61, 118
62, 119
62, 122
63, 123
63, 126
64, 127
64, 130
65, 131
65, 135
66, 136
66, 140
67, 141
67, 145
68, 146
68, 151
69, 152
69, 157
70, 158
68, 166
68, 165
67, 164
67, 163
66, 162
66, 160
65, 159
65, 158
64, 157
64, 155
63, 154
63, 153
62, 152
62, 150
61, 149
61, 148
60, 147
60, 145
59, 144
59, 142
58, 141
58, 139
57, 138
57, 137
56, 136
56, 134
55, 133
55, 131
54, 130
54, 128
53, 127
53, 125
52, 124
52, 122
51, 121
51, 119
50, 118
50, 116
49, 115
49, 113
48, 112
48, 110
47, 109
47, 107
46, 106
46, 103
45, 102
45, 100
44, 99
44, 96
43, 95
43, 93
42, 92
42, 89
41, 88
41, 84
40, 83
40, 78
39, 77
39, 71
40, 70
40, 68
164, 16
163, 17
163, 21
164, 22
164, 26
165, 27
165, 29
166, 30
166, 33
167, 34
167, 36
168, 37
168, 39
169, 40
169, 42
170, 43
170, 45
171, 46
171, 48
172, 49
172, 51
173, 52
173, 53
174, 54
174, 56
175, 57
175, 59
176, 60
176, 61
177, 62
177, 64
178, 65
178, 66
179, 67
179, 69
180, 70
180, 71
181, 72
181, 74
182, 75
182, 76
183, 77
183, 78
184, 79
184, 81
185, 82
185, 83
186, 84
186, 85
187, 86
187, 88
188, 89
188, 90
189, 91
189, 92
190, 93
190, 95
191, 96
191, 97
192, 98
192, 99
193, 100
193, 101
194, 102
194, 103
195, 104
195, 105
196, 106
196, 107
197, 108
197, 110
198, 111
198, 112
199, 113
199, 114
200, 115
200, 116
201, 117
201, 118
202, 119
202, 120
203, 121
203, 122
204, 123
204, 124
205, 125
205, 126
206, 127
206, 128
207, 129
207, 130
208, 131
208, 132
210, 134
210, 135
211, 136
211, 137
212, 138
212, 139
213, 140
213, 141
214, 142
214, 144
215, 145
215, 147
216, 148
216, 150
217, 151
217, 153
218, 154
218, 157
219, 158
219, 161
220, 162
220, 164
221, 165
221, 168
222, 169
222, 172
223, 173
223, 175
224, 176
224, 179
225, 180
225, 182
226, 183
226, 186
227, 187
227, 190
228, 191
228, 193
229, 194
229, 197
230, 198
230, 200
231, 201
231, 204
232, 205
232, 207
233, 208
233, 211
234, 212
234, 214
235, 215
235, 217
236, 218
236, 220
237, 221
237, 224
238, 225
234, 225
234, 224
231, 221
231, 220
228, 217
228, 216
224, 212
224, 211
220, 207
220, 206
214, 200
214, 199
199, 184
198, 184
192, 178
191, 178
187, 174
186, 174
185, 173
184, 173
183, 172
181, 172
180, 171
179, 172
178, 172
177, 173
177, 180
178, 181
178, 183
179, 184
179, 185
180, 186
180, 187
179, 188
167, 176
166, 176
160, 170
159, 170
156, 167
155, 167
154, 166
153, 166
152, 165
151, 165
150, 164
146, 164
143, 167
143, 169
142, 170
142, 174
143, 175
143, 180
144, 181
144, 183
145, 184
130, 174
129, 174
123, 168
122, 168
120, 166
119, 166
117, 164
116, 164
114, 162
112, 162
111, 161
103, 161
100, 164
100, 165
99, 166
99, 167
98, 168
98, 185
99, 186
99, 189
100, 190
100, 193
101, 194
101, 195
102, 196
102, 197
103, 198
105, 198
105, 195
103, 193
103, 192
102, 191
102, 188
101, 187
101, 183
100, 182
100, 170
101, 169
101, 167
105, 163
109, 163
110, 164
112, 164
113, 165
114, 165
116, 167
117, 167
119, 169
120, 169
125, 174
126, 174
145, 193
145, 194
150, 199
150, 200
152, 202
152, 203
154, 205
154, 206
155, 207
155, 208
157, 210
157, 211
158, 212
158, 213
160, 215
160, 216
163, 219
165, 219
165, 216
163, 214
163, 213
162, 212
162, 211
160, 209
160, 208
158, 206
158, 205
156, 203
156, 202
154, 200
154, 199
153, 198
153, 197
152, 196
152, 195
151, 194
151, 193
150, 192
150, 191
149, 190
149, 188
148, 187
148, 185
147, 184
147, 182
146, 181
146, 178
145, 177
145, 169
147, 167
150, 167
151, 168
152, 168
153, 169
154, 169
156, 171
157, 171
162, 176
163, 176
178, 191
178, 192
186, 200
186, 201
191, 206
191, 207
194, 210
194, 211
196, 213
198, 213
199, 212
198, 211
198, 210
196, 208
196, 207
193, 204
193, 203
191, 201
191, 200
189, 198
189, 197
187, 195
187, 194
186, 193
186, 192
185, 191
185, 190
183, 188
183, 187
182, 186
182, 185
181, 184
181, 182
180, 181
180, 178
179, 177
179, 176
181, 174
182, 174
184, 176
185, 176
188, 179
189, 179
194, 184
195, 184
213, 202
213, 203
219, 209
219, 210
223, 214
223, 215
226, 218
226, 219
230, 223
230, 224
233, 227
233, 228
236, 231
236, 232
239, 235
239, 236
242, 239
242, 240
244, 242
244, 243
245, 244
245, 246
246, 247
246, 248
247, 249
247, 250
248, 251
248, 252
249, 253
249, 254
250, 255
250, 256
251, 257
251, 258
252, 259
252, 260
253, 261
253, 262
254, 263
254, 264
255, 265
255, 266
256, 267
256, 268
257, 269
257, 270
258, 271
258, 272
259, 273
259, 274
261, 276
261, 277
262, 278
262, 279
264, 281
264, 282
265, 283
265, 284
267, 286
267, 287
268, 288
268, 289
270, 291
270, 292
272, 294
272, 295
273, 296
273, 297
275, 299
275, 300
277, 302
277, 303
279, 305
279, 306
280, 307
280, 308
282, 310
282, 311
284, 313
284, 314
286, 316
286, 317
288, 319
288, 320
290, 322
290, 323
291, 324
291, 325
293, 327
293, 328
295, 330
295, 331
297, 333
297, 334
299, 336
299, 337
300, 338
300, 339
302, 341
302, 342
303, 343
303, 344
304, 345
304, 346
306, 348
306, 349
307, 350
307, 351
310, 354
311, 353
311, 350
309, 348
309, 347
308, 346
308, 345
306, 343
306, 342
305, 341
305, 340
304, 339
304, 338
303, 337
303, 335
302, 334
302, 333
301, 332
301, 331
300, 330
300, 328
299, 327
299, 326
298, 325
298, 323
297, 322
297, 321
296, 320
296, 318
295, 317
295, 316
294, 315
294, 313
293, 312
293, 311
292, 310
292, 309
291, 308
291, 306
290, 305
290, 304
289, 303
289, 302
288, 301
288, 300
287, 299
287, 298
286, 297
286, 296
285, 295
285, 294
284, 293
284, 292
283, 291
283, 290
282, 289
282, 288
281, 287
281, 286
279, 284
279, 283
277, 281
277, 280
275, 278
275, 277
271, 273
271, 272
266, 267
266, 266
261, 261
261, 260
257, 256
257, 255
254, 252
254, 251
251, 248
251, 247
249, 245
249, 244
247, 242
247, 241
246, 240
246, 239
245, 238
245, 237
244, 236
244, 234
243, 233
243, 232
242, 231
242, 229
241, 228
241, 226
240, 225
240, 223
239, 222
239, 219
238, 218
238, 216
237, 215
237, 213
236, 212
236, 210
235, 209
235, 206
234, 205
234, 203
233, 202
233, 199
232, 198
232, 196
231, 195
231, 192
230, 191
230, 189
229, 188
229, 185
228, 184
228, 181
227, 180
227, 178
226, 177
226, 174
225, 173
225, 170
224, 169
224, 167
223, 166
223, 163
222, 162
222, 160
223, 159
225, 161
225, 162
227, 164
227, 165
229, 167
229, 168
230, 169
230, 170
232, 172
232, 173
234, 175
234, 176
237, 179
237, 180
239, 182
239, 183
242, 186
242, 187
244, 189
244, 190
248, 194
248, 195
253, 200
253, 201
259, 207
259, 208
270, 219
271, 219
276, 224
277, 224
280, 227
281, 227
283, 229
284, 229
286, 231
287, 231
288, 232
289, 232
290, 233
291, 233
292, 234
293, 234
294, 235
296, 235
297, 236
299, 236
300, 237
307, 237
309, 235
309, 231
308, 230
308, 229
307, 228
307, 227
305, 225
305, 224
302, 221
302, 220
300, 218
300, 217
298, 215
298, 214
296, 212
296, 211
294, 209
294, 208
292, 206
292, 205
291, 204
291, 203
289, 201
289, 200
288, 199
288, 198
287, 197
287, 196
286, 195
286, 194
285, 193
285, 192
284, 191
284, 190
283, 189
283, 188
282, 187
282, 186
281, 185
281, 183
280, 182
280, 180
279, 179
279, 174
281, 172
285, 172
286, 173
287, 173
288, 174
289, 174
290, 175
291, 175
293, 177
294, 177
296, 179
297, 179
299, 181
300, 181
303, 184
304, 184
308, 188
309, 188
315, 194
316, 194
338, 216
340, 216
340, 215
341, 214
340, 213
340, 211
339, 210
339, 208
338, 207
338, 206
337, 205
337, 203
336, 202
336, 201
337, 200
339, 200
340, 201
342, 201
343, 202
344, 202
345, 203
346, 203
348, 205
349, 205
352, 208
353, 208
358, 213
359, 213
365, 219
365, 220
378, 233
381, 233
381, 230
380, 229
380, 228
379, 227
379, 226
378, 225
378, 224
376, 222
376, 221
374, 219
374, 218
373, 217
373, 216
371, 214
371, 213
370, 212
370, 211
368, 209
368, 208
367, 207
367, 206
366, 205
366, 204
365, 203
365, 202
364, 201
364, 199
363, 198
363, 193
361, 193
361, 200
362, 201
362, 203
363, 204
363, 205
364, 206
364, 207
365, 208
365, 209
367, 211
367, 212
368, 213
368, 214
370, 216
370, 217
371, 218
371, 219
373, 221
373, 222
372, 223
356, 207
355, 207
352, 204
351, 204
349, 202
348, 202
346, 200
345, 200
344, 199
342, 199
341, 198
339, 198
338, 197
336, 197
335, 198
334, 198
334, 204
335, 205
333, 208
331, 206
331, 205
321, 195
320, 195
312, 187
311, 187
307, 183
306, 183
303, 180
302, 180
299, 177
298, 177
296, 175
295, 175
294, 174
293, 174
291, 172
290, 172
289, 171
288, 171
287, 170
285, 170
284, 169
280, 169
277, 172
277, 181
278, 182
278, 184
279, 185
279, 187
280, 188
280, 189
281, 190
281, 191
282, 192
282, 193
283, 194
283, 195
284, 196
284, 197
285, 198
285, 199
286, 200
286, 201
288, 203
288, 204
289, 205
289, 206
291, 208
291, 209
292, 210
292, 211
294, 213
294, 214
296, 216
296, 217
299, 220
299, 221
301, 223
301, 224
303, 226
303, 227
305, 229
305, 230
306, 231
306, 232
307, 233
305, 235
303, 235
302, 234
299, 234
298, 233
296, 233
295, 232
294, 232
293, 231
292, 231
291, 230
290, 230
289, 229
288, 229
287, 228
286, 228
284, 226
283, 226
280, 223
279, 223
275, 219
274, 219
259, 204
259, 203
254, 198
254, 197
249, 192
249, 191
246, 188
246, 187
243, 184
243, 183
240, 180
240, 179
238, 177
238, 176
236, 174
236, 173
234, 171
234, 170
232, 168
232, 167
230, 165
230, 164
228, 162
228, 161
227, 160
227, 159
225, 157
225, 156
224, 155
224, 154
222, 152
222, 151
221, 150
221, 149
220, 148
220, 147
219, 146
219, 145
217, 143
217, 141
216, 140
216, 138
215, 137
215, 135
214, 134
214, 132
213, 131
213, 129
212, 128
212, 126
211, 125
211, 123
210, 122
210, 120
209, 119
209, 117
208, 116
208, 114
207, 113
207, 112
206, 111
206, 109
205, 108
205, 107
204, 106
204, 104
203, 103
203, 102
202, 101
202, 99
201, 98
201, 97
200, 96
200, 95
199, 94
199, 93
198, 92
198, 91
197, 90
197, 89
196, 88
196, 87
195, 86
195, 85
194, 84
194, 83
193, 82
193, 81
192, 80
192, 79
191, 78
191, 77
190, 76
190, 75
189, 74
189, 73
188, 72
188, 71
187, 70
187, 69
186, 68
186, 67
185, 66
185, 65
184, 64
184, 62
183, 61
183, 60
182, 59
182, 58
181, 57
181, 56
180, 55
180, 54
179, 53
179, 51
178, 50
178, 49
177, 48
177, 46
176, 45
176, 44
175, 43
175, 41
174, 40
174, 38
173, 37
173, 35
172, 34
172, 32
171, 31
171, 29
170, 28
170, 26
169, 25
169, 23
168, 22
168, 21
167, 20
167, 18
165, 16
255, 260
256, 259
260, 263
260, 264
265, 269
265, 270
270, 275
270, 276
273, 279
273, 280
276, 283
276, 284
278, 286
278, 287
279, 288
279, 289
280, 290
280, 291
282, 293
282, 294
283, 295
283, 296
284, 297
284, 298
285, 299
285, 300
286, 301
286, 303
287, 304
287, 305
288, 306
288, 307
289, 308
289, 309
290, 310
290, 312
291, 313
291, 314
292, 315
292, 317
293, 318
293, 319
294, 320
294, 321
293, 322
291, 320
291, 319
289, 317
289, 316
287, 314
287, 313
285, 311
285, 310
284, 309
284, 308
282, 306
282, 305
280, 303
280, 302
278, 300
278, 299
277, 298
277, 297
275, 295
275, 294
273, 292
273, 291
272, 290
272, 289
270, 287
270, 286
268, 284
268, 283
267, 282
267, 281
265, 279
265, 278
264, 277
264, 276
262, 274
262, 273
261, 272
261, 271
260, 270
260, 269
259, 268
259, 267
258, 266
258, 265
256, 263
256, 262
255, 261
187, 74
187, 75
188, 76
188, 77
189, 78
189, 79
190, 80
190, 81
191, 82
191, 83
192, 84
192, 85
193, 86
193, 87
194, 88
194, 89
195, 90
195, 92
196, 93
196, 94
197, 95
197, 96
198, 97
198, 98
199, 99
199, 100
200, 101
200, 103
201, 104
201, 105
202, 106
202, 107
203, 108
203, 110
204, 111
204, 113
205, 114
205, 115
206, 116
206, 118
205, 119
204, 118
204, 117
203, 116
203, 115
202, 114
202, 113
201, 112
201, 111
200, 110
200, 109
199, 108
199, 107
198, 106
198, 105
197, 104
197, 102
196, 101
196, 100
195, 99
195, 98
194, 97
194, 96
193, 95
193, 94
192, 93
192, 92
191, 91
191, 89
190, 88
190, 87
189, 86
189, 85
188, 84
188, 82
187, 81
187, 80
186, 79
186, 78
185, 77
185, 75
184, 74
185, 71
183, 72
