4, 0
4, 1
2, 3
0, 5
2, 5
4, 7
4, 62
2, 64
0, 64
0, 66
2, 66
4, 68
4, 123
2, 125
0, 125
0, 127
2, 127
4, 129
4, 184
2, 186
0, 186
0, 188
2, 188
4, 190
4, 245
2, 247
0, 247
0, 249
2, 249
4, 251
4, 306
2, 308
0, 308
0, 310
2, 310
4, 312
4, 366
2, 368
0, 368
280, 2
282, 367
8, 369
6, 4
54, 15
53, 16
50, 16
49, 17
48, 17
43, 22
43, 23
40, 26
40, 27
38, 29
38, 30
36, 32
36, 33
34, 35
34, 36
33, 37
33, 38
32, 39
32, 40
31, 41
31, 42
30, 43
30, 44
29, 45
29, 47
28, 48
28, 49
27, 50
27, 51
26, 52
26, 54
25, 55
25, 56
24, 57
24, 59
23, 60
23, 64
22, 65
22, 69
21, 70
21, 75
20, 76
20, 82
19, 83
19, 90
18, 91
18, 100
17, 101
17, 114
16, 115
16, 134
15, 135
15, 182
16, 183
16, 194
17, 195
17, 202
18, 203
18, 207
19, 208
19, 213
20, 214
20, 218
21, 219
21, 222
22, 223
22, 225
23, 226
23, 229
24, 230
24, 232
25, 233
25, 235
26, 236
26, 238
27, 239
27, 240
28, 241
28, 242
29, 243
29, 244
30, 245
30, 246
32, 248
32, 249
35, 252
36, 252
37, 253
38, 253
39, 254
40, 254
41, 255
51, 255
52, 254
53, 254
54, 253
55, 253
57, 251
58, 251
61, 248
62, 248
67, 243
68, 243
81, 230
81, 229
84, 226
84, 225
86, 223
86, 222
88, 220
88, 219
90, 217
90, 216
91, 215
91, 214
94, 211
95, 212
95, 217
96, 218
96, 222
97, 223
97, 226
98, 227
98, 229
99, 230
99, 232
100, 233
100, 234
101, 235
101, 236
103, 238
103, 239
109, 245
110, 245
111, 246
112, 246
113, 247
122, 247
123, 246
125, 246
126, 245
127, 245
128, 244
129, 244
130, 243
131, 243
133, 241
134, 241
146, 229
146, 228
148, 226
148, 225
150, 223
150, 222
152, 220
152, 218
153, 217
153, 216
154, 215
154, 214
155, 213
155, 212
156, 211
156, 210
157, 209
157, 207
158, 206
158, 204
159, 203
159, 201
160, 200
160, 199
161, 198
161, 196
162, 195
162, 193
163, 192
163, 190
164, 189
164, 187
165, 186
165, 184
166, 183
166, 180
167, 179
167, 177
168, 176
168, 174
169, 173
169, 171
170, 170
171, 171
171, 192
170, 193
170, 213
169, 214
169, 269
168, 270
168, 353
169, 354
171, 354
171, 353
172, 352
172, 326
173, 325
173, 310
174, 309
174, 297
175, 296
175, 286
176, 285
176, 277
177, 276
177, 270
178, 269
178, 264
179, 263
179, 259
180, 258
180, 254
181, 253
181, 250
182, 249
182, 247
183, 246
183, 243
184, 242
184, 240
185, 239
185, 236
186, 235
186, 233
187, 232
187, 230
188, 229
188, 226
189, 225
189, 223
190, 222
190, 220
191, 219
191, 217
192, 216
192, 213
193, 212
193, 211
194, 210
194, 208
195, 207
195, 205
196, 204
196, 203
198, 201
198, 200
203, 195
205, 195
208, 198
208, 201
209, 202
209, 207
210, 208
210, 220
211, 221
211, 232
212, 233
212, 239
213, 240
213, 243
214, 244
214, 245
218, 249
220, 249
221, 250
224, 250
225, 249
228, 249
229, 248
231, 248
232, 247
234, 247
235, 246
236, 246
237, 245
239, 245
240, 244
241, 244
242, 243
243, 243
244, 242
245, 242
246, 241
247, 241
248, 240
249, 240
250, 239
251, 239
252, 238
254, 238
255, 237
257, 237
258, 236
260, 236
261, 235
264, 235
265, 234
267, 234
268, 233
269, 233
270, 232
271, 232
271, 231
272, 230
271, 229
269, 229
268, 230
267, 230
266, 231
263, 231
262, 232
259, 232
258, 233
256, 233
255, 234
254, 234
253, 235
251, 235
250, 236
249, 236
248, 237
246, 237
245, 238
244, 238
243, 239
242, 239
241, 240
240, 240
239, 241
238, 241
237, 242
236, 242
235, 243
233, 243
232, 244
231, 244
230, 245
228, 245
227, 246
220, 246
217, 243
217, 242
216, 241
216, 238
215, 237
215, 230
214, 229
214, 218
213, 217
213, 206
212, 205
212, 200
211, 199
211, 197
210, 196
210, 195
207, 192
205, 192
204, 191
203, 191
202, 192
201, 192
195, 198
195, 199
194, 200
194, 201
193, 202
193, 203
192, 204
192, 206
191, 207
191, 208
190, 209
190, 211
189, 212
189, 214
188, 215
188, 217
187, 218
187, 221
186, 222
186, 224
185, 225
185, 227
184, 228
184, 231
183, 232
183, 234
182, 235
182, 237
181, 238
181, 241
180, 242
180, 244
179, 245
179, 248
178, 249
178, 252
177, 253
177, 257
176, 258
176, 262
175, 263
175, 268
174, 269
174, 274
173, 275
172, 274
172, 223
173, 222
173, 198
174, 197
174, 170
175, 169
175, 155
176, 154
176, 146
177, 145
177, 140
178, 139
178, 136
177, 135
175, 135
174, 136
174, 140
173, 141
173, 147
172, 148
172, 150
171, 151
171, 154
170, 155
170, 158
169, 159
169, 161
168, 162
168, 164
167, 165
167, 168
166, 169
166, 171
165, 172
165, 175
164, 176
164, 178
163, 179
163, 181
162, 182
162, 185
161, 186
161, 188
160, 189
160, 191
159, 192
159, 194
158, 195
158, 196
157, 197
157, 199
156, 200
156, 202
155, 203
155, 205
154, 206
154, 207
153, 208
153, 210
152, 211
152, 212
151, 213
151, 214
150, 215
150, 216
149, 217
149, 218
148, 219
148, 220
146, 222
146, 223
144, 225
144, 226
131, 239
130, 239
128, 241
127, 241
126, 242
125, 242
124, 243
122, 243
121, 244
115, 244
114, 243
112, 243
105, 236
105, 235
104, 234
104, 233
102, 231
102, 229
101, 228
101, 226
100, 225
100, 222
99, 221
99, 216
98, 215
98, 203
99, 202
99, 201
100, 200
100, 199
101, 198
101, 197
102, 196
102, 195
103, 194
103, 193
104, 192
104, 191
105, 190
105, 189
106, 188
106, 187
107, 186
107, 185
109, 183
109, 182
110, 181
110, 180
111, 179
111, 178
112, 177
112, 176
113, 175
113, 174
114, 173
114, 172
115, 171
115, 169
116, 168
116, 166
117, 165
117, 164
118, 163
118, 161
119, 160
119, 157
120, 156
120, 153
121, 152
121, 149
122, 148
122, 135
121, 134
121, 133
119, 131
114, 131
113, 132
112, 132
108, 136
108, 137
106, 139
106, 140
105, 141
105, 142
103, 144
103, 145
102, 146
102, 147
101, 148
101, 150
100, 151
100, 152
99, 153
99, 155
98, 156
98, 159
97, 160
97, 163
96, 164
96, 169
95, 170
95, 182
94, 183
94, 199
95, 200
95, 201
94, 202
94, 203
93, 204
93, 205
92, 206
92, 207
90, 209
90, 210
89, 211
89, 212
87, 214
87, 215
86, 216
86, 217
84, 219
84, 220
82, 222
82, 223
79, 226
79, 227
74, 232
74, 233
73, 234
72, 234
65, 241
64, 241
59, 246
58, 246
55, 249
54, 249
52, 251
51, 251
50, 252
43, 252
42, 251
40, 251
39, 250
38, 250
34, 246
34, 245
32, 243
32, 242
31, 241
31, 239
30, 238
30, 237
29, 236
29, 235
28, 234
28, 232
27, 231
27, 228
26, 227
26, 225
25, 224
25, 221
24, 220
24, 217
23, 216
23, 212
22, 211
22, 207
21, 206
21, 201
20, 200
20, 193
19, 192
19, 178
18, 177
18, 142
19, 141
19, 119
20, 118
20, 104
21, 103
21, 94
22, 93
22, 85
23, 84
23, 77
24, 76
24, 71
25, 70
25, 66
26, 65
26, 62
27, 61
27, 59
28, 58
28, 56
29, 55
29, 54
30, 53
30, 51
31, 50
31, 49
32, 48
32, 47
33, 46
33, 45
34, 44
34, 42
35, 41
35, 40
37, 38
37, 37
38, 36
38, 35
40, 33
40, 32
42, 30
42, 29
45, 26
45, 25
50, 20
51, 20
52, 19
55, 19
56, 20
56, 21
57, 22
57, 24
58, 25
58, 39
57, 40
57, 54
56, 55
58, 57
60, 55
60, 43
61, 42
61, 23
60, 22
60, 20
59, 19
59, 18
57, 16
55, 16
115, 134
117, 134
119, 136
119, 146
118, 147
118, 150
117, 151
117, 155
116, 156
116, 158
115, 159
115, 161
114, 162
114, 164
113, 165
113, 167
112, 168
112, 169
111, 170
111, 171
110, 172
110, 173
109, 174
109, 175
108, 176
108, 177
107, 178
107, 179
106, 180
106, 181
105, 182
105, 183
104, 184
104, 185
103, 186
103, 187
102, 188
102, 189
101, 190
101, 191
100, 192
100, 193
99, 194
98, 193
98, 172
99, 171
99, 166
100, 165
100, 161
101, 160
101, 158
102, 157
102, 155
103, 154
103, 152
104, 151
104, 150
105, 149
105, 148
106, 147
106, 146
107, 145
107, 144
108, 143
108, 142
110, 140
110, 139
