238, 2
240, 367
4, 369
2, 4
166, 15
165, 16
164, 16
163, 17
162, 17
159, 20
158, 20
148, 30
148, 31
144, 35
144, 36
141, 39
141, 40
139, 42
139, 43
137, 45
137, 46
135, 48
135, 49
133, 51
133, 52
132, 53
132, 54
131, 55
131, 56
129, 58
129, 59
128, 60
128, 61
127, 62
127, 63
126, 64
126, 65
125, 66
125, 67
124, 68
124, 69
123, 70
123, 71
122, 72
122, 73
121, 74
121, 75
120, 76
120, 78
119, 79
119, 80
118, 81
118, 82
117, 83
117, 85
116, 86
116, 88
115, 89
115, 91
114, 92
114, 94
113, 95
113, 98
112, 99
112, 101
111, 102
111, 105
110, 106
110, 110
109, 111
109, 115
108, 116
108, 121
107, 122
107, 136
106, 137
106, 145
107, 146
107, 158
108, 159
108, 166
109, 167
109, 173
110, 174
110, 178
111, 179
111, 183
112, 184
112, 188
113, 189
113, 190
112, 191
112, 193
111, 194
107, 194
106, 195
106, 197
105, 198
105, 200
104, 201
104, 204
103, 205
103, 209
102, 210
102, 213
101, 214
101, 217
100, 218
100, 219
99, 220
99, 222
98, 223
98, 224
96, 226
96, 227
94, 229
94, 230
88, 236
88, 237
85, 240
84, 240
79, 245
78, 245
73, 250
72, 250
67, 255
66, 255
63, 258
62, 258
60, 260
59, 260
58, 261
57, 261
56, 262
54, 262
53, 263
50, 263
49, 262
48, 262
46, 260
46, 258
45, 257
45, 241
46, 240
46, 233
47, 232
47, 227
48, 226
48, 222
49, 221
49, 217
50, 216
50, 212
51, 211
51, 208
52, 207
52, 203
53, 202
53, 198
54, 197
54, 194
55, 193
55, 189
56, 188
56, 184
57, 183
57, 178
58, 177
58, 173
59, 172
59, 167
60, 166
60, 161
61, 160
61, 155
62, 154
62, 150
63, 149
63, 144
64, 143
64, 138
65, 137
65, 132
66, 131
66, 126
67, 125
67, 120
68, 119
68, 114
69, 113
69, 108
70, 107
70, 102
71, 101
71, 97
72, 96
72, 90
73, 89
73, 84
74, 83
74, 77
75, 76
75, 61
74, 61
73, 60
70, 63
70, 64
69, 65
69, 66
68, 67
68, 68
65, 71
65, 72
63, 74
63, 75
61, 77
61, 78
58, 81
58, 82
51, 89
50, 89
49, 90
46, 90
44, 88
44, 87
43, 86
43, 84
42, 83
42, 80
41, 79
41, 68
40, 67
40, 57
39, 56
39, 53
38, 52
38, 50
35, 47
33, 47
32, 48
32, 49
31, 50
31, 51
30, 52
30, 53
29, 54
29, 55
28, 56
28, 57
27, 58
27, 60
26, 61
26, 62
25, 63
25, 64
24, 65
24, 67
23, 68
23, 69
22, 70
22, 71
21, 72
21, 73
20, 74
20, 76
19, 77
19, 78
18, 79
18, 81
17, 82
17, 84
16, 85
16, 86
15, 87
15, 89
14, 90
14, 93
13, 94
13, 96
12, 97
12, 99
11, 100
11, 103
10, 104
10, 109
9, 110
9, 114
10, 115
10, 117
11, 118
13, 118
14, 119
15, 119
16, 118
16, 115
15, 115
13, 113
13, 110
14, 109
14, 105
15, 104
15, 101
16, 100
16, 98
17, 97
17, 94
18, 93
18, 91
19, 90
19, 88
20, 87
20, 86
21, 85
21, 83
22, 82
22, 81
23, 80
23, 78
24, 77
24, 76
25, 75
25, 73
26, 72
26, 71
27, 70
27, 69
28, 68
28, 66
29, 65
29, 64
30, 63
30, 62
31, 61
31, 59
32, 58
32, 57
34, 55
35, 56
35, 57
36, 58
36, 68
37, 69
37, 80
38, 81
38, 84
39, 85
39, 88
40, 89
40, 90
44, 94
51, 94
52, 93
53, 93
61, 85
61, 84
64, 81
64, 80
66, 78
66, 77
70, 73
71, 74
71, 75
70, 76
70, 83
69, 84
69, 89
68, 90
68, 95
67, 96
67, 101
66, 102
66, 107
65, 108
65, 113
64, 114
64, 119
63, 120
63, 124
62, 125
62, 130
61, 131
61, 136
60, 137
60, 142
59, 143
59, 148
58, 149
58, 154
57, 155
57, 160
56, 161
56, 165
55, 166
55, 171
54, 172
54, 177
53, 178
53, 182
52, 183
52, 187
51, 188
51, 192
50, 193
50, 197
49, 198
49, 201
48, 202
48, 206
47, 207
47, 211
46, 212
46, 215
45, 216
45, 220
44, 221
44, 225
43, 226
43, 231
42, 232
42, 239
41, 240
41, 258
42, 259
42, 261
43, 262
43, 263
46, 266
47, 266
48, 267
54, 267
55, 266
57, 266
58, 265
59, 265
60, 264
61, 264
62, 263
63, 263
65, 261
66, 261
69, 258
70, 258
75, 253
76, 253
81, 248
82, 248
87, 243
88, 243
92, 239
92, 238
97, 233
97, 232
99, 230
99, 229
101, 227
101, 226
102, 225
103, 226
103, 229
102, 230
102, 236
101, 237
101, 244
100, 245
100, 253
99, 254
99, 265
100, 266
100, 267
102, 269
103, 269
104, 270
104, 272
103, 273
103, 274
102, 275
102, 276
101, 277
101, 278
100, 279
100, 280
98, 282
98, 283
97, 284
97, 285
96, 286
96, 287
95, 288
95, 289
94, 290
94, 291
93, 292
93, 293
92, 294
92, 295
91, 296
91, 297
90, 298
90, 299
88, 301
88, 302
87, 303
87, 304
86, 305
86, 306
85, 307
85, 308
84, 309
84, 310
82, 312
82, 313
81, 314
81, 315
80, 316
80, 317
79, 318
79, 319
77, 321
77, 322
76, 323
76, 324
75, 325
75, 326
74, 327
74, 328
72, 330
72, 331
71, 332
71, 333
69, 335
69, 336
68, 337
68, 338
66, 340
66, 341
65, 342
65, 343
64, 344
64, 345
61, 348
61, 349
58, 352
58, 354
59, 355
60, 355
61, 354
62, 354
65, 351
65, 350
67, 348
67, 347
68, 346
68, 345
69, 344
69, 343
71, 341
71, 340
72, 339
72, 338
74, 336
74, 335
75, 334
75, 333
77, 331
77, 330
78, 329
78, 328
79, 327
79, 326
81, 324
81, 323
82, 322
82, 321
83, 320
83, 319
84, 318
84, 317
86, 315
86, 314
87, 313
87, 312
88, 311
88, 310
89, 309
89, 308
90, 307
90, 306
92, 304
92, 303
93, 302
93, 301
94, 300
94, 299
95, 298
95, 297
96, 296
96, 295
97, 294
97, 293
98, 292
98, 291
100, 289
100, 288
101, 287
101, 286
102, 285
102, 284
103, 283
103, 282
104, 281
104, 280
105, 279
105, 278
106, 277
106, 276
107, 275
107, 274
108, 273
108, 272
109, 271
109, 270
110, 269
110, 268
112, 266
112, 265
114, 263
114, 262
116, 260
116, 259
119, 256
120, 257
120, 258
121, 259
121, 260
122, 261
122, 262
125, 265
127, 265
128, 266
131, 266
132, 265
134, 265
135, 264
136, 264
137, 263
138, 263
140, 261
141, 261
144, 258
145, 258
150, 253
154, 257
155, 257
156, 258
158, 258
161, 255
170, 255
171, 254
175, 254
176, 253
178, 253
179, 252
180, 252
181, 251
183, 251
184, 250
185, 250
186, 249
187, 249
189, 247
190, 247
191, 246
192, 246
194, 244
195, 244
197, 242
198, 242
200, 240
201, 240
204, 237
205, 237
208, 234
209, 234
213, 230
214, 230
220, 224
221, 224
228, 217
229, 217
231, 215
231, 211
228, 211
225, 214
224, 214
222, 216
221, 216
220, 217
219, 217
218, 218
217, 218
216, 219
215, 219
214, 220
213, 220
212, 221
210, 221
209, 222
208, 222
207, 223
204, 223
203, 224
198, 224
197, 225
190, 225
189, 224
186, 224
185, 223
184, 223
182, 221
181, 221
176, 216
176, 215
175, 214
175, 213
174, 212
174, 211
173, 210
173, 209
172, 208
172, 207
171, 206
171, 204
170, 203
170, 202
169, 201
169, 200
168, 199
168, 197
167, 196
167, 195
165, 193
165, 192
164, 191
163, 191
162, 190
159, 190
156, 193
156, 194
155, 195
155, 197
154, 198
154, 200
153, 201
153, 204
152, 205
152, 208
151, 209
151, 213
150, 214
150, 219
149, 220
149, 226
148, 227
148, 244
147, 245
136, 234
136, 233
134, 231
134, 230
133, 229
133, 226
134, 225
134, 223
135, 222
135, 220
136, 219
136, 216
137, 215
137, 211
138, 210
138, 205
139, 204
139, 200
140, 199
140, 197
141, 196
141, 194
142, 193
142, 191
143, 190
143, 188
144, 187
144, 185
145, 184
145, 182
146, 181
146, 179
147, 178
147, 176
148, 175
148, 173
149, 172
149, 170
150, 169
150, 167
151, 166
151, 163
152, 162
152, 160
153, 159
153, 157
154, 156
154, 153
155, 152
155, 150
156, 149
156, 146
157, 145
157, 143
158, 142
158, 139
159, 138
159, 136
160, 135
160, 132
161, 131
161, 128
162, 127
162, 124
163, 123
163, 120
164, 119
164, 115
165, 114
165, 111
166, 110
166, 106
167, 105
167, 101
168, 100
168, 96
169, 95
169, 91
170, 90
170, 85
171, 84
171, 79
172, 78
172, 72
173, 71
173, 65
174, 64
174, 56
175, 55
175, 46
176, 45
176, 24
175, 23
175, 20
174, 19
174, 18
172, 16
171, 16
170, 15
160, 245
159, 248
159, 249
158, 250
133, 236
133, 237
136, 240
136, 241
140, 245
141, 245
146, 250
143, 254
142, 254
138, 258
137, 258
135, 260
134, 260
133, 261
131, 261
130, 262
128, 261
127, 261
125, 259
125, 258
124, 257
124, 253
123, 252
124, 247
124, 246
125, 245
125, 244
126, 243
126, 242
127, 241
127, 240
128, 239
128, 238
129, 237
129, 236
174, 222
175, 221
179, 225
180, 225
181, 226
182, 226
183, 227
184, 227
185, 228
189, 228
190, 229
197, 229
198, 228
204, 228
205, 227
207, 230
206, 230
202, 234
201, 234
198, 237
197, 237
195, 239
194, 239
192, 241
191, 241
189, 243
188, 243
187, 244
186, 244
184, 246
183, 246
182, 247
180, 247
179, 248
178, 248
177, 249
175, 249
174, 250
170, 250
169, 251
164, 251
163, 250
163, 249
164, 248
164, 246
165, 245
165, 244
166, 243
166, 241
167, 240
167, 238
168, 237
168, 235
169, 234
169, 233
170, 232
170, 231
171, 230
171, 229
172, 228
172, 227
173, 226
173, 225
174, 224
115, 199
116, 200
116, 202
117, 203
117, 205
118, 206
118, 208
119, 209
119, 211
120, 212
120, 213
121, 214
121, 215
122, 216
122, 218
123, 219
123, 225
122, 226
122, 230
121, 231
121, 234
120, 235
120, 236
119, 237
119, 238
118, 239
118, 240
117, 241
117, 242
116, 243
116, 244
115, 245
115, 246
114, 247
114, 248
113, 249
113, 250
112, 251
112, 252
111, 253
111, 254
110, 255
110, 256
109, 257
109, 258
106, 261
104, 259
104, 247
105, 246
105, 241
106, 240
106, 236
107, 235
107, 231
108, 230
108, 226
109, 225
109, 221
110, 220
110, 215
111, 214
111, 209
112, 208
112, 205
113, 204
113, 201
161, 195
163, 197
163, 198
164, 199
164, 200
165, 201
165, 202
166, 203
166, 205
167, 206
167, 207
168, 208
168, 209
169, 210
169, 212
170, 213
170, 214
171, 215
171, 216
173, 218
173, 219
172, 220
170, 220
169, 221
169, 222
168, 223
168, 225
167, 226
167, 227
166, 228
166, 229
165, 230
165, 231
163, 233
163, 234
154, 243
153, 243
152, 242
152, 228
153, 227
153, 220
154, 219
154, 215
155, 214
155, 210
156, 209
156, 205
157, 204
157, 202
158, 201
158, 199
159, 198
159, 197
127, 175
131, 177
131, 178
132, 179
132, 180
133, 181
133, 183
134, 184
133, 187
133, 189
132, 190
132, 192
131, 193
131, 195
130, 196
130, 199
129, 200
129, 202
128, 203
128, 206
127, 207
127, 209
126, 210
126, 211
124, 211
124, 210
123, 209
123, 208
122, 207
122, 205
121, 204
121, 202
120, 201
120, 199
119, 198
119, 196
118, 195
118, 192
117, 191
118, 189
118, 187
119, 186
119, 185
120, 184
120, 183
121, 182
121, 181
123, 179
123, 178
126, 175
167, 19
169, 19
171, 21
171, 24
172, 25
172, 44
171, 45
171, 55
170, 56
170, 63
169, 64
169, 71
168, 72
168, 77
167, 78
167, 84
166, 85
166, 89
165, 90
165, 94
164, 95
164, 100
163, 101
163, 104
162, 105
162, 109
161, 110
161, 113
160, 114
160, 118
159, 119
159, 122
158, 123
158, 126
157, 127
157, 130
156, 131
156, 134
155, 135
155, 137
154, 138
154, 141
153, 142
153, 144
152, 145
152, 148
151, 149
151, 152
150, 153
150, 155
149, 156
149, 158
148, 159
148, 161
147, 162
147, 165
146, 166
146, 168
145, 169
145, 171
144, 172
144, 174
143, 175
143, 177
142, 178
142, 180
141, 181
139, 181
138, 180
137, 180
136, 179
136, 177
135, 176
135, 175
131, 171
130, 171
129, 170
126, 170
125, 171
124, 171
119, 176
119, 177
118, 178
118, 179
116, 181
115, 180
115, 179
114, 178
114, 173
113, 172
113, 167
112, 166
112, 158
111, 157
111, 145
110, 144
110, 139
111, 138
111, 123
112, 122
112, 117
113, 116
113, 112
114, 111
114, 107
115, 106
115, 103
116, 102
116, 99
117, 98
117, 96
118, 95
118, 93
119, 92
119, 90
120, 89
120, 87
121, 86
121, 84
122, 83
122, 82
123, 81
123, 80
124, 79
124, 78
125, 77
125, 75
126, 74
126, 73
127, 72
127, 71
128, 70
128, 69
129, 68
129, 67
130, 66
130, 65
131, 64
131, 63
133, 61
133, 60
134, 59
134, 58
135, 57
135, 56
136, 55
136, 54
138, 52
138, 51
140, 49
140, 48
142, 46
142, 45
144, 43
144, 42
147, 39
147, 38
151, 34
151, 33
160, 24
161, 24
164, 21
165, 21
