212, 2
214, 367
4, 369
2, 4
181, 16
179, 18
178, 18
164, 32
164, 33
160, 37
160, 38
157, 41
157, 42
155, 44
155, 45
152, 48
152, 49
150, 51
150, 52
148, 54
148, 55
146, 57
146, 58
144, 60
144, 61
143, 62
143, 63
141, 65
141, 66
140, 67
140, 68
138, 70
138, 71
137, 72
137, 73
136, 74
136, 75
134, 77
134, 78
133, 79
133, 80
132, 81
132, 82
131, 83
131, 84
130, 85
130, 86
129, 87
129, 88
128, 89
128, 90
127, 91
127, 92
126, 93
126, 94
125, 95
125, 96
124, 97
124, 98
123, 99
123, 100
122, 101
122, 103
121, 104
121, 106
120, 107
120, 108
119, 109
119, 111
118, 112
118, 115
117, 116
117, 118
116, 119
116, 123
115, 124
115, 127
114, 128
114, 134
113, 135
113, 145
112, 146
112, 157
113, 158
113, 169
114, 170
114, 175
115, 176
115, 181
116, 182
116, 185
117, 186
117, 190
118, 191
118, 194
119, 195
119, 197
120, 198
120, 201
121, 202
121, 204
122, 205
122, 207
123, 208
123, 210
124, 211
124, 213
125, 214
125, 216
126, 217
126, 219
127, 220
127, 221
128, 222
128, 223
129, 224
129, 226
130, 227
130, 228
131, 229
131, 231
132, 232
131, 233
131, 235
130, 236
130, 238
129, 239
129, 241
128, 242
128, 245
127, 246
127, 249
126, 250
126, 253
125, 254
125, 257
124, 258
124, 261
123, 262
123, 265
122, 266
122, 270
121, 271
121, 273
120, 274
120, 276
119, 277
119, 278
118, 279
118, 281
117, 282
117, 283
116, 284
116, 286
115, 287
115, 288
112, 291
112, 292
109, 295
109, 296
96, 309
95, 309
94, 310
93, 310
92, 311
91, 311
90, 312
88, 312
87, 311
86, 311
82, 307
82, 306
81, 305
81, 303
80, 302
80, 300
79, 299
79, 295
78, 294
78, 284
77, 283
77, 275
78, 274
78, 260
79, 259
79, 250
80, 249
80, 241
81, 240
81, 233
82, 232
82, 226
83, 225
83, 218
84, 217
84, 210
85, 209
85, 202
86, 201
86, 194
87, 193
87, 186
88, 185
88, 178
89, 177
89, 169
90, 168
90, 160
91, 159
91, 150
92, 149
92, 141
93, 140
93, 132
94, 131
94, 123
95, 122
95, 115
96, 114
96, 108
97, 107
97, 101
98, 100
98, 92
97, 91
95, 93
95, 96
94, 97
94, 99
93, 100
93, 101
92, 102
92, 103
91, 104
91, 105
90, 106
90, 107
89, 108
89, 109
88, 110
88, 111
87, 112
87, 113
86, 114
86, 115
85, 116
85, 117
84, 118
84, 119
82, 121
82, 122
81, 123
81, 124
79, 126
79, 127
78, 128
78, 129
76, 131
76, 132
74, 134
74, 135
72, 137
72, 138
69, 141
69, 142
67, 144
67, 145
64, 148
64, 149
60, 153
60, 154
55, 159
54, 159
51, 162
50, 162
49, 163
48, 163
47, 164
44, 164
43, 165
41, 165
40, 164
39, 164
34, 159
34, 157
33, 156
33, 153
32, 152
32, 128
33, 127
33, 117
34, 116
34, 106
35, 105
35, 94
36, 93
36, 82
35, 81
35, 77
34, 76
34, 74
32, 72
30, 72
29, 71
28, 71
27, 72
26, 72
24, 74
23, 74
19, 78
19, 79
17, 81
17, 82
16, 83
16, 84
15, 85
15, 86
14, 87
14, 88
13, 89
13, 90
12, 91
12, 94
11, 95
11, 98
10, 99
10, 103
9, 104
9, 123
10, 124
10, 125
12, 127
13, 127
14, 128
15, 127
17, 127
17, 125
14, 125
12, 123
12, 121
11, 120
11, 108
12, 107
12, 102
13, 101
13, 97
14, 96
14, 94
15, 93
15, 91
16, 90
16, 89
17, 88
17, 87
18, 86
18, 85
19, 84
19, 83
21, 81
21, 80
26, 75
27, 75
28, 74
30, 74
32, 76
32, 78
33, 79
33, 99
32, 100
32, 110
31, 111
31, 122
30, 123
30, 133
29, 134
29, 149
30, 150
30, 155
31, 156
31, 158
32, 159
32, 160
33, 161
33, 162
37, 166
38, 166
39, 167
46, 167
47, 166
49, 166
50, 165
51, 165
52, 164
53, 164
57, 160
58, 160
61, 157
61, 156
65, 152
65, 151
68, 148
68, 147
71, 144
71, 143
73, 141
73, 140
76, 137
76, 136
78, 134
78, 133
80, 131
80, 130
81, 129
81, 128
83, 126
83, 125
84, 124
84, 123
85, 122
85, 121
87, 119
87, 118
88, 117
88, 116
89, 115
89, 114
90, 113
90, 112
91, 111
91, 110
93, 108
94, 109
94, 110
93, 111
93, 118
92, 119
92, 126
91, 127
91, 135
90, 136
90, 145
89, 146
89, 154
88, 155
88, 163
87, 164
87, 173
86, 174
86, 180
85, 181
85, 188
84, 189
84, 196
83, 197
83, 204
82, 205
82, 212
81, 213
81, 220
80, 221
80, 228
79, 229
79, 236
78, 237
78, 244
77, 245
77, 254
76, 255
76, 264
75, 265
75, 290
76, 291
76, 297
77, 298
77, 301
78, 302
78, 304
79, 305
79, 306
80, 307
80, 308
81, 309
81, 310
84, 313
85, 313
86, 314
92, 314
93, 313
94, 313
95, 312
96, 312
98, 310
99, 310
108, 301
109, 302
109, 303
108, 304
108, 306
107, 307
107, 308
106, 309
106, 311
105, 312
105, 313
104, 314
104, 316
103, 317
103, 318
102, 319
102, 321
101, 322
101, 323
100, 324
100, 325
99, 326
99, 328
98, 329
98, 330
97, 331
97, 333
96, 334
96, 335
95, 336
95, 338
94, 339
94, 341
93, 342
93, 344
92, 345
92, 347
91, 348
91, 349
90, 350
90, 351
89, 352
89, 353
90, 354
92, 352
92, 351
94, 349
94, 347
95, 346
95, 344
96, 343
96, 341
97, 340
97, 338
98, 337
98, 335
99, 334
99, 333
100, 332
100, 331
101, 330
101, 328
102, 327
102, 326
103, 325
103, 323
104, 322
104, 321
105, 320
105, 319
106, 318
106, 316
107, 315
107, 314
108, 313
108, 311
109, 310
109, 309
110, 308
110, 306
111, 305
111, 304
112, 303
112, 301
113, 300
113, 299
114, 298
114, 297
115, 296
115, 294
116, 293
116, 292
117, 291
117, 290
118, 289
119, 290
119, 295
120, 296
120, 301
122, 303
122, 304
123, 304
125, 306
128, 306
129, 305
131, 305
133, 303
134, 303
137, 300
137, 299
140, 296
140, 295
141, 294
141, 293
142, 292
142, 291
143, 290
143, 288
144, 287
144, 285
145, 284
145, 282
146, 281
146, 279
147, 278
147, 277
148, 276
149, 277
149, 283
150, 284
150, 286
151, 287
151, 289
152, 290
152, 291
153, 292
154, 292
155, 293
158, 293
159, 292
161, 292
162, 291
165, 291
166, 290
166, 287
163, 284
163, 281
162, 280
162, 268
163, 267
164, 267
165, 268
168, 268
169, 269
178, 269
179, 270
200, 270
201, 271
203, 271
204, 272
205, 272
206, 271
206, 270
204, 268
202, 268
201, 267
200, 267
198, 265
197, 265
196, 264
196, 263
191, 258
191, 257
190, 256
190, 255
189, 254
189, 252
188, 251
188, 249
187, 248
187, 245
186, 244
186, 238
185, 237
185, 226
184, 225
184, 220
183, 219
183, 217
180, 214
178, 214
176, 216
176, 217
175, 218
175, 219
174, 220
174, 221
172, 223
172, 224
171, 225
171, 227
170, 228
170, 229
169, 230
169, 231
168, 232
168, 234
167, 235
167, 237
166, 238
166, 239
165, 240
165, 242
164, 243
164, 245
163, 246
163, 249
162, 250
162, 253
161, 254
161, 257
160, 258
160, 260
159, 261
157, 261
153, 257
153, 251
154, 250
154, 246
155, 245
155, 242
156, 241
156, 238
157, 237
157, 234
158, 233
158, 231
159, 230
159, 225
157, 225
157, 226
156, 227
156, 229
155, 230
155, 232
154, 233
153, 233
152, 232
152, 225
151, 224
151, 221
150, 220
150, 219
149, 218
149, 217
146, 214
146, 211
147, 210
147, 208
148, 207
148, 205
149, 204
149, 202
150, 201
150, 199
151, 198
151, 196
152, 195
152, 192
153, 191
153, 189
154, 188
154, 186
155, 185
155, 182
156, 181
156, 179
157, 178
157, 176
158, 175
158, 173
159, 172
159, 169
160, 168
160, 165
161, 164
161, 162
162, 161
162, 158
163, 157
163, 154
164, 153
164, 150
165, 149
165, 147
166, 146
166, 142
167, 141
167, 138
168, 137
168, 134
169, 133
169, 130
170, 129
170, 126
171, 125
171, 121
172, 120
172, 116
173, 115
173, 112
174, 111
174, 107
175, 106
175, 103
176, 102
176, 98
177, 97
177, 93
178, 92
178, 88
179, 87
179, 83
180, 82
180, 78
181, 77
181, 72
182, 71
182, 67
183, 66
183, 61
184, 60
184, 55
185, 54
185, 49
186, 48
186, 41
187, 40
187, 32
188, 31
188, 20
187, 19
187, 18
185, 16
143, 273
145, 276
144, 277
144, 279
143, 280
143, 282
142, 283
142, 285
141, 286
141, 288
140, 289
140, 290
139, 291
139, 292
138, 293
138, 294
136, 296
136, 297
131, 302
130, 302
129, 303
125, 303
123, 301
123, 299
122, 298
122, 282
123, 281
123, 279
125, 277
127, 279
127, 282
128, 283
128, 284
131, 287
134, 287
135, 286
136, 286
137, 285
137, 284
139, 282
139, 281
140, 280
140, 279
141, 278
141, 277
142, 276
142, 275
143, 274
152, 262
154, 262
155, 262
157, 264
158, 264
159, 276
160, 277
160, 283
161, 284
161, 285
162, 286
162, 288
161, 289
160, 289
155, 290
154, 289
154, 288
153, 287
153, 285
152, 280
151, 279
151, 265
152, 264
136, 243
137, 242
139, 244
139, 245
141, 247
141, 248
144, 251
144, 252
147, 255
147, 258
146, 259
146, 260
145, 261
145, 263
144, 264
144, 265
143, 266
143, 268
142, 269
142, 270
141, 271
141, 272
140, 273
140, 274
139, 275
139, 277
138, 278
138, 279
136, 281
136, 282
134, 284
132, 284
130, 282
130, 281
129, 280
129, 276
128, 275
128, 270
129, 269
129, 267
130, 266
130, 264
131, 263
131, 262
132, 261
132, 259
133, 258
133, 255
134, 254
134, 251
135, 250
135, 245
136, 244
179, 218
180, 218
181, 219
181, 221
182, 222
182, 232
183, 233
183, 241
184, 242
184, 247
185, 248
185, 250
186, 251
186, 253
187, 254
187, 256
188, 257
188, 258
190, 260
190, 261
194, 265
194, 266
193, 267
172, 267
171, 266
168, 266
167, 265
165, 265
162, 262
163, 261
163, 256
164, 255
164, 252
165, 251
165, 249
166, 248
166, 245
167, 244
167, 242
168, 241
168, 240
169, 239
169, 237
170, 236
170, 234
171, 233
171, 232
172, 231
172, 230
173, 229
173, 227
174, 226
174, 225
175, 224
175, 223
177, 221
177, 220
145, 218
146, 218
147, 219
147, 220
148, 221
148, 222
149, 223
149, 227
150, 228
150, 245
149, 246
149, 250
148, 251
147, 251
145, 249
145, 248
143, 246
143, 245
141, 243
141, 242
139, 240
139, 239
138, 238
138, 234
139, 233
139, 231
140, 230
140, 228
141, 227
141, 225
142, 224
142, 223
143, 222
143, 220
182, 19
183, 18
185, 20
185, 36
184, 37
184, 44
183, 45
183, 51
182, 52
182, 57
181, 58
181, 63
180, 64
180, 68
179, 69
179, 74
178, 75
178, 79
177, 80
177, 84
176, 85
176, 89
175, 90
175, 94
174, 95
174, 99
173, 100
173, 104
172, 105
172, 108
171, 109
171, 113
170, 114
170, 117
169, 118
169, 122
168, 123
168, 126
167, 127
167, 130
166, 131
166, 135
165, 136
165, 139
164, 140
164, 143
163, 144
163, 147
162, 148
162, 151
161, 152
161, 155
160, 156
160, 158
159, 159
159, 162
158, 163
158, 166
157, 167
157, 169
156, 170
156, 173
155, 174
155, 176
154, 177
154, 179
153, 180
153, 183
152, 184
152, 186
151, 187
151, 189
150, 190
150, 192
149, 193
149, 195
148, 196
148, 199
147, 200
147, 202
146, 203
146, 205
145, 206
145, 208
144, 209
144, 211
143, 212
143, 213
137, 219
137, 220
136, 221
136, 222
135, 223
135, 224
133, 226
131, 224
131, 222
130, 221
130, 220
129, 219
129, 218
128, 217
128, 215
127, 214
127, 212
126, 211
126, 209
125, 208
125, 206
124, 205
124, 203
123, 202
123, 199
122, 198
122, 196
121, 195
121, 192
120, 191
120, 188
119, 187
119, 184
118, 183
118, 179
117, 178
117, 173
116, 172
116, 164
115, 163
115, 139
116, 138
116, 132
117, 131
117, 126
118, 125
118, 122
119, 121
119, 118
120, 117
120, 115
121, 114
121, 111
122, 110
122, 109
123, 108
123, 106
124, 105
124, 103
125, 102
125, 101
126, 100
126, 99
127, 98
127, 97
128, 96
128, 95
129, 94
129, 92
131, 90
131, 89
132, 88
132, 87
133, 86
133, 85
134, 84
134, 83
135, 82
135, 81
136, 80
136, 79
137, 78
137, 77
139, 75
139, 74
140, 73
140, 72
141, 71
141, 70
143, 68
143, 67
144, 66
144, 65
146, 63
146, 62
148, 60
148, 59
149, 58
149, 57
151, 55
151, 54
154, 51
154, 50
156, 48
156, 47
159, 44
159, 43
162, 40
162, 39
165, 36
165, 35
172, 28
172, 27
176, 23
177, 23
181, 19
