4, 27
2, 29
0, 29
0, 31
2, 31
4, 33
4, 83
2, 85
0, 85
0, 87
2, 87
4, 89
4, 139
2, 141
0, 141
0, 143
2, 143
4, 145
4, 195
2, 197
0, 197
0, 199
2, 199
4, 201
4, 250
2, 252
0, 252
0, 254
2, 254
4, 256
4, 306
2, 308
0, 308
0, 310
2, 310
4, 312
4, 362
2, 364
0, 364
2, 366
4, 368
4, 371
234, 2
236, 367
8, 369
6, 4
215, 15
214, 16
212, 16
211, 17
210, 17
209, 18
208, 18
207, 19
206, 19
203, 22
202, 22
198, 26
197, 26
187, 36
187, 37
183, 41
183, 42
179, 46
179, 47
176, 50
176, 51
173, 54
173, 55
171, 57
171, 58
168, 61
168, 62
167, 63
167, 64
165, 66
165, 67
163, 69
163, 70
161, 72
161, 73
160, 74
160, 75
158, 77
158, 78
157, 79
157, 80
156, 81
156, 82
154, 84
154, 85
153, 86
153, 87
151, 89
151, 90
150, 91
150, 92
149, 93
149, 94
148, 95
148, 96
147, 97
147, 98
146, 99
146, 100
145, 101
145, 102
144, 103
144, 104
143, 105
143, 106
142, 107
142, 109
141, 110
141, 111
140, 112
140, 114
139, 115
139, 116
138, 117
138, 120
137, 121
137, 123
136, 124
136, 126
135, 127
135, 131
134, 132
134, 136
133, 137
133, 145
132, 146
132, 170
133, 171
133, 179
134, 180
134, 186
135, 187
135, 192
136, 193
136, 196
137, 197
137, 200
138, 201
138, 204
139, 205
139, 208
140, 209
140, 211
141, 212
141, 214
142, 215
142, 217
143, 218
143, 220
144, 221
144, 222
145, 223
145, 225
146, 226
146, 227
147, 228
147, 230
148, 231
148, 232
149, 233
149, 234
148, 235
148, 238
147, 239
147, 242
146, 243
146, 246
145, 247
145, 250
144, 251
144, 254
143, 255
143, 257
142, 258
142, 260
141, 261
141, 263
140, 264
140, 265
139, 266
139, 267
138, 268
138, 270
137, 271
137, 272
136, 273
136, 274
135, 275
135, 276
134, 277
134, 278
133, 279
133, 280
131, 282
131, 283
130, 284
130, 285
129, 286
129, 287
127, 289
127, 290
125, 292
125, 293
123, 295
123, 296
120, 299
120, 300
109, 311
108, 311
107, 312
101, 312
100, 311
99, 311
96, 308
96, 307
94, 305
94, 304
93, 303
93, 301
92, 300
92, 298
91, 297
91, 292
90, 291
90, 266
91, 265
91, 258
92, 257
92, 251
93, 250
93, 245
94, 244
94, 240
95, 239
95, 234
96, 233
96, 229
97, 228
97, 224
98, 223
98, 218
99, 217
99, 213
100, 212
100, 208
101, 207
101, 204
102, 203
102, 199
103, 198
103, 195
104, 194
104, 190
105, 189
105, 186
106, 185
106, 181
107, 180
107, 177
108, 176
108, 172
109, 171
109, 168
110, 167
110, 163
111, 162
111, 158
112, 157
112, 154
113, 153
113, 149
114, 148
114, 144
115, 143
115, 139
116, 138
116, 134
117, 133
117, 129
118, 128
118, 125
119, 124
119, 120
120, 119
120, 115
121, 114
121, 111
122, 110
122, 107
123, 106
123, 102
124, 101
124, 99
125, 98
125, 95
126, 94
126, 91
127, 90
127, 87
128, 86
128, 83
129, 82
128, 81
128, 80
125, 80
125, 81
123, 83
123, 84
121, 86
121, 87
120, 88
120, 89
118, 91
118, 92
117, 93
117, 94
116, 95
116, 96
115, 97
115, 98
114, 99
114, 100
112, 102
112, 103
111, 104
111, 105
110, 106
110, 107
108, 109
108, 110
106, 112
106, 113
101, 118
101, 119
98, 122
97, 122
94, 125
93, 125
92, 126
91, 126
90, 127
86, 127
82, 123
82, 122
81, 121
81, 119
80, 118
80, 96
81, 95
81, 88
82, 87
82, 80
83, 79
83, 72
84, 71
84, 64
85, 63
85, 56
86, 55
86, 49
87, 48
87, 43
88, 42
88, 38
89, 37
89, 35
90, 34
90, 32
88, 30
87, 31
86, 31
86, 33
85, 34
85, 37
84, 38
84, 41
83, 42
83, 44
82, 45
82, 46
81, 47
81, 49
80, 50
80, 52
79, 53
79, 55
78, 56
78, 57
77, 58
77, 60
76, 61
76, 62
75, 63
75, 65
74, 66
74, 67
73, 68
73, 69
72, 70
72, 72
71, 73
71, 74
70, 75
70, 76
69, 77
69, 79
68, 80
68, 81
67, 82
67, 83
66, 84
66, 85
65, 86
65, 88
64, 89
64, 90
63, 91
63, 92
62, 93
62, 95
61, 96
61, 97
60, 98
60, 99
59, 100
59, 101
58, 102
58, 103
57, 104
57, 106
56, 107
56, 108
55, 109
55, 110
54, 111
54, 112
53, 113
53, 114
52, 115
52, 116
51, 117
51, 118
50, 119
50, 121
49, 122
49, 123
48, 124
48, 125
47, 126
47, 127
46, 128
46, 129
45, 130
45, 131
44, 132
44, 133
43, 134
43, 135
42, 136
42, 137
41, 138
41, 139
40, 140
40, 141
39, 142
39, 143
37, 145
37, 146
36, 147
36, 148
34, 150
34, 151
31, 154
31, 155
25, 161
24, 161
22, 163
19, 163
17, 161
17, 156
18, 155
17, 154
17, 153
15, 153
14, 154
14, 156
13, 157
13, 159
14, 160
14, 163
15, 164
15, 165
17, 167
22, 167
23, 166
24, 166
25, 165
26, 165
35, 156
35, 155
38, 152
38, 151
40, 149
40, 148
41, 147
41, 146
42, 145
42, 144
44, 142
44, 141
45, 140
45, 139
46, 138
46, 137
47, 136
47, 134
48, 133
48, 132
49, 131
49, 130
50, 129
50, 128
51, 127
51, 126
52, 125
52, 124
53, 123
53, 122
54, 121
54, 120
55, 119
55, 118
56, 117
56, 115
57, 114
57, 113
58, 112
58, 111
59, 110
59, 109
60, 108
60, 107
61, 106
61, 105
62, 104
62, 103
63, 102
63, 100
64, 99
64, 98
65, 97
65, 96
66, 95
66, 94
67, 93
67, 91
68, 90
68, 89
69, 88
69, 87
70, 86
70, 84
71, 83
71, 82
72, 81
72, 80
73, 79
73, 78
74, 77
74, 75
75, 74
75, 73
76, 72
76, 71
77, 70
77, 68
78, 67
78, 66
80, 74
79, 75
79, 82
78, 83
78, 90
77, 91
77, 98
76, 99
76, 117
77, 118
77, 121
78, 122
78, 123
79, 124
79, 125
80, 126
80, 127
83, 130
84, 130
85, 131
91, 131
92, 130
93, 130
94, 129
95, 129
97, 127
98, 127
107, 118
107, 117
110, 114
110, 113
112, 111
112, 110
113, 109
113, 108
115, 106
115, 105
116, 104
116, 103
117, 102
117, 101
119, 99
120, 100
120, 102
119, 103
119, 106
118, 107
118, 111
117, 112
117, 115
116, 116
116, 120
115, 121
115, 125
114, 126
114, 129
113, 130
113, 134
112, 135
112, 139
111, 140
111, 144
110, 145
110, 149
109, 150
109, 154
108, 155
108, 158
107, 159
107, 163
106, 164
106, 168
105, 169
105, 172
104, 173
104, 177
103, 178
103, 181
102, 182
102, 186
101, 187
101, 190
100, 191
100, 195
99, 196
99, 199
98, 200
98, 204
97, 205
97, 208
96, 209
96, 213
95, 214
95, 219
94, 220
94, 224
93, 225
93, 229
92, 230
92, 234
91, 235
91, 240
90, 241
90, 246
89, 247
89, 252
88, 253
88, 259
87, 260
87, 269
86, 270
86, 288
87, 289
87, 296
88, 297
88, 300
89, 301
89, 303
90, 304
90, 305
91, 306
91, 307
92, 308
92, 309
94, 311
94, 312
96, 314
97, 314
98, 315
100, 315
101, 316
107, 316
108, 315
109, 315
110, 314
111, 314
113, 312
114, 312
121, 305
121, 304
125, 300
125, 299
127, 297
127, 296
129, 294
129, 293
131, 291
131, 290
132, 289
132, 288
134, 286
134, 285
135, 284
135, 283
137, 281
138, 282
138, 286
137, 287
137, 288
138, 289
138, 293
139, 294
139, 295
143, 299
143, 301
142, 302
142, 304
141, 305
141, 307
140, 308
140, 309
139, 310
139, 312
138, 313
138, 315
137, 316
137, 318
136, 319
136, 321
135, 322
135, 324
134, 325
134, 329
133, 330
133, 333
132, 334
132, 337
131, 338
131, 341
130, 342
130, 345
129, 346
129, 350
128, 351
128, 354
131, 354
132, 353
132, 350
133, 349
133, 345
134, 344
134, 342
135, 341
135, 338
136, 337
136, 333
137, 332
137, 329
138, 328
138, 325
139, 324
139, 322
140, 321
140, 319
141, 318
141, 316
142, 315
142, 313
143, 312
143, 310
144, 309
144, 308
145, 307
146, 307
149, 310
150, 310
151, 311
154, 311
155, 310
157, 310
161, 306
161, 305
163, 303
163, 302
164, 301
164, 300
165, 299
165, 297
166, 296
166, 295
167, 294
167, 292
168, 291
168, 289
169, 288
169, 286
170, 285
170, 283
172, 281
173, 282
173, 286
174, 287
174, 290
175, 291
175, 292
177, 294
179, 294
179, 293
180, 292
180, 291
179, 290
179, 287
178, 286
178, 283
177, 282
177, 273
178, 272
180, 272
181, 273
183, 273
184, 274
193, 274
194, 273
197, 273
198, 272
201, 272
202, 271
203, 271
204, 270
205, 270
206, 269
207, 269
208, 268
209, 268
210, 267
211, 267
213, 265
214, 265
215, 264
216, 264
224, 256
224, 255
225, 254
225, 253
226, 252
226, 251
227, 250
227, 247
228, 246
228, 244
227, 243
227, 241
225, 239
224, 239
223, 238
220, 238
219, 239
216, 239
215, 240
213, 240
212, 241
210, 241
209, 242
206, 242
205, 243
193, 243
192, 242
189, 242
188, 241
187, 241
185, 239
184, 239
183, 238
182, 238
181, 237
177, 237
176, 238
176, 239
175, 240
175, 243
174, 244
174, 250
173, 251
173, 260
172, 261
171, 261
169, 259
169, 255
170, 254
170, 250
171, 249
171, 244
172, 243
172, 236
173, 235
173, 228
174, 227
174, 225
175, 224
175, 222
176, 221
176, 219
177, 218
177, 217
178, 216
178, 214
179, 213
179, 211
180, 210
180, 208
181, 207
181, 205
182, 204
182, 202
183, 201
183, 199
184, 198
184, 196
185, 195
185, 193
186, 192
186, 190
187, 189
187, 187
188, 186
188, 183
189, 182
189, 180
190, 179
190, 177
191, 176
191, 174
192, 173
192, 171
193, 170
193, 168
194, 167
194, 165
195, 164
195, 162
196, 161
196, 158
197, 157
197, 155
198, 154
198, 152
199, 151
199, 148
200, 147
200, 145
201, 144
201, 142
202, 141
202, 138
203, 137
203, 135
204, 134
204, 132
205, 131
205, 128
206, 127
206, 125
207, 124
207, 121
208, 120
208, 118
209, 117
209, 114
210, 113
210, 110
211, 109
211, 107
212, 106
212, 103
213, 102
213, 99
214, 98
214, 95
215, 94
215, 91
216, 90
216, 87
217, 86
217, 83
218, 82
218, 79
219, 78
219, 75
220, 74
220, 70
221, 69
221, 66
222, 65
222, 61
223, 60
223, 55
224, 54
224, 49
225, 48
225, 40
226, 39
226, 25
225, 24
225, 21
224, 20
224, 19
223, 18
223, 17
222, 16
220, 16
219, 15
155, 283
153, 284
167, 265
168, 264
171, 267
170, 268
170, 271
169, 272
169, 275
168, 276
168, 278
167, 279
167, 282
166, 283
166, 285
165, 286
165, 288
164, 289
164, 291
163, 292
163, 294
162, 295
162, 296
161, 297
161, 298
160, 299
160, 300
159, 301
159, 302
154, 307
152, 307
148, 303
148, 301
147, 300
147, 299
148, 298
148, 297
149, 296
150, 296
156, 290
156, 289
158, 287
158, 286
159, 285
159, 284
160, 283
160, 282
161, 281
161, 280
162, 279
162, 278
163, 277
163, 275
164, 274
164, 272
165, 271
165, 270
166, 269
166, 267
167, 266
163, 259
164, 260
164, 263
163, 264
163, 266
162, 267
162, 269
161, 270
161, 272
160, 273
160, 274
159, 275
159, 276
158, 277
158, 279
157, 280
157, 281
155, 283
154, 280
155, 279
155, 277
156, 276
156, 275
157, 274
157, 272
158, 271
158, 269
159, 268
159, 267
160, 266
160, 264
161, 263
161, 261
153, 243
155, 245
155, 246
156, 247
156, 248
158, 250
158, 251
159, 252
159, 253
160, 254
160, 255
159, 256
159, 257
158, 258
158, 260
157, 261
157, 263
156, 264
156, 266
155, 267
155, 268
154, 269
154, 271
153, 272
153, 274
152, 275
152, 276
151, 277
151, 279
150, 280
150, 282
149, 283
149, 284
148, 285
148, 287
147, 288
147, 289
146, 290
145, 289
145, 274
146, 273
146, 267
147, 266
147, 261
148, 260
148, 257
149, 256
149, 253
150, 252
150, 249
151, 248
151, 245
218, 243
219, 242
222, 242
224, 247
223, 248
223, 250
222, 251
222, 252
220, 254
220, 255
216, 259
215, 259
212, 262
211, 262
210, 263
209, 263
207, 265
206, 265
205, 266
204, 266
201, 267
200, 268
199, 268
198, 269
195, 269
194, 270
183, 270
182, 269
181, 269
180, 268
179, 268
177, 260
178, 259
178, 255
179, 254
179, 251
180, 250
180, 246
181, 245
181, 244
184, 243
185, 244
186, 244
187, 245
189, 245
190, 246
193, 246
194, 247
203, 247
204, 246
209, 246
210, 245
212, 245
213, 244
215, 244
216, 243
164, 216
166, 216
167, 217
167, 218
168, 219
168, 223
169, 224
169, 230
168, 231
168, 233
167, 234
167, 235
166, 236
166, 238
165, 239
165, 241
164, 242
164, 244
163, 245
163, 246
161, 248
160, 247
160, 246
158, 244
158, 243
157, 242
157, 241
156, 240
156, 239
155, 238
155, 237
154, 236
154, 235
155, 234
155, 232
156, 231
156, 229
157, 228
157, 227
158, 226
158, 225
159, 224
159, 223
160, 222
160, 221
161, 220
161, 219
214, 20
215, 19
219, 19
221, 21
221, 23
222, 24
222, 43
221, 44
221, 50
220, 51
220, 56
219, 57
219, 61
218, 62
218, 66
217, 67
217, 70
216, 71
216, 75
215, 76
215, 79
214, 80
214, 83
213, 84
213, 87
212, 88
212, 91
211, 92
211, 95
210, 96
210, 99
209, 100
209, 103
208, 104
208, 106
207, 107
207, 110
206, 111
206, 114
205, 115
205, 117
204, 118
204, 121
203, 122
203, 124
202, 125
202, 128
201, 129
201, 131
200, 132
200, 134
199, 135
199, 138
198, 139
198, 141
197, 142
197, 144
196, 145
196, 148
195, 149
195, 151
194, 152
194, 154
193, 155
193, 158
192, 159
192, 161
191, 162
191, 164
190, 165
190, 167
189, 168
189, 170
188, 171
188, 173
187, 174
187, 176
186, 177
186, 180
185, 181
185, 183
184, 184
184, 186
183, 187
183, 189
182, 190
182, 192
181, 193
181, 195
180, 196
180, 198
179, 199
179, 201
178, 202
178, 204
177, 205
177, 207
176, 208
176, 210
175, 211
175, 213
174, 214
174, 216
172, 218
171, 217
171, 216
170, 215
170, 214
168, 212
163, 212
157, 218
157, 219
156, 220
156, 221
155, 222
155, 223
154, 224
153, 224
151, 226
150, 226
149, 225
149, 223
148, 222
148, 221
147, 220
147, 218
146, 217
146, 215
145, 214
145, 212
144, 211
144, 209
143, 208
143, 206
142, 205
142, 202
141, 201
141, 198
140, 197
140, 194
139, 193
139, 189
138, 188
138, 182
137, 181
137, 175
136, 174
136, 143
137, 142
137, 136
138, 135
138, 131
139, 130
139, 127
140, 126
140, 123
141, 122
141, 120
142, 119
142, 117
143, 116
143, 115
144, 114
144, 112
145, 111
145, 110
146, 109
146, 108
147, 107
147, 106
148, 105
148, 104
149, 103
149, 101
150, 100
150, 99
152, 97
152, 96
153, 95
153, 94
154, 93
154, 92
155, 91
155, 90
156, 89
156, 88
158, 86
158, 85
159, 84
159, 83
161, 81
161, 80
162, 79
162, 78
164, 76
164, 75
165, 74
165, 73
167, 71
167, 70
168, 69
168, 68
170, 66
170, 65
172, 63
172, 62
175, 59
175, 58
177, 56
177, 55
180, 52
180, 51
183, 48
183, 47
188, 42
188, 41
203, 26
204, 26
207, 23
208, 23
209, 22
210, 22
212, 20
