224, 2
226, 367
4, 369
2, 4
170, 16
169, 17
168, 17
167, 18
166, 18
163, 21
163, 22
162, 23
162, 24
161, 25
161, 26
160, 27
160, 29
159, 30
159, 34
158, 35
158, 51
159, 52
159, 54
160, 55
160, 56
161, 57
161, 58
163, 60
163, 61
165, 63
165, 64
167, 66
167, 67
172, 72
172, 73
176, 77
176, 78
180, 82
180, 83
185, 88
185, 89
189, 93
189, 94
193, 98
193, 99
197, 103
197, 104
199, 106
199, 107
201, 109
201, 110
204, 113
204, 114
205, 115
205, 116
206, 117
206, 118
207, 119
207, 120
208, 121
208, 122
209, 122
210, 123
210, 130
209, 131
209, 134
208, 135
208, 137
207, 138
207, 140
206, 141
206, 143
205, 144
205, 145
204, 146
204, 147
203, 148
203, 149
202, 150
202, 151
201, 152
201, 153
199, 155
199, 156
187, 168
186, 168
184, 170
183, 170
182, 171
181, 171
180, 170
180, 169
178, 167
178, 166
176, 164
176, 163
174, 161
174, 160
172, 158
172, 157
170, 155
170, 154
169, 153
169, 152
167, 150
167, 149
165, 147
165, 146
163, 144
163, 143
161, 141
161, 140
160, 139
160, 138
158, 136
158, 135
156, 133
156, 132
154, 130
154, 129
151, 126
151, 125
149, 123
149, 122
146, 119
146, 118
141, 113
141, 112
136, 107
136, 106
135, 105
133, 105
133, 106
132, 107
132, 109
131, 110
131, 114
130, 115
130, 118
128, 120
127, 120
126, 121
126, 122
125, 123
125, 128
126, 129
126, 131
127, 132
127, 133
128, 134
128, 140
127, 141
127, 158
126, 159
124, 157
124, 155
123, 154
123, 152
122, 151
122, 149
121, 148
121, 147
120, 146
120, 145
119, 144
119, 142
118, 141
118, 140
117, 139
117, 138
115, 136
115, 135
114, 134
114, 133
113, 132
113, 131
111, 129
111, 128
106, 123
105, 123
104, 122
101, 122
98, 125
98, 126
97, 127
97, 141
98, 142
98, 147
99, 148
99, 151
100, 152
100, 156
101, 157
101, 159
102, 160
102, 163
103, 164
103, 166
104, 167
104, 169
105, 170
105, 172
106, 173
106, 175
107, 176
107, 177
108, 178
106, 180
106, 179
104, 177
104, 176
103, 175
103, 174
102, 173
102, 172
100, 170
100, 169
99, 168
99, 167
97, 165
97, 164
96, 163
96, 162
95, 161
95, 160
94, 159
94, 158
92, 156
92, 155
91, 154
91, 153
90, 152
90, 151
89, 150
89, 149
87, 147
87, 146
86, 145
86, 144
85, 143
85, 142
84, 141
84, 140
83, 139
83, 138
81, 136
81, 135
80, 134
80, 133
78, 131
78, 130
75, 127
75, 126
72, 123
72, 122
68, 118
68, 117
67, 116
67, 115
66, 114
66, 113
65, 112
65, 111
64, 110
64, 109
63, 108
63, 106
62, 105
62, 104
59, 101
57, 101
55, 103
55, 104
54, 105
54, 108
53, 109
53, 113
52, 114
52, 120
51, 121
51, 160
52, 161
52, 169
53, 170
53, 177
54, 178
54, 183
55, 184
55, 188
56, 189
56, 193
57, 194
57, 198
58, 199
58, 202
59, 203
59, 207
60, 208
60, 211
61, 212
61, 215
62, 216
62, 219
63, 220
63, 222
64, 223
64, 226
65, 227
65, 230
66, 231
66, 233
67, 234
67, 237
68, 238
68, 241
69, 242
69, 244
70, 245
70, 248
71, 249
71, 251
72, 252
72, 255
73, 256
73, 259
74, 260
74, 263
75, 264
75, 267
76, 268
76, 271
77, 272
77, 275
78, 276
78, 279
79, 280
79, 283
80, 284
80, 286
81, 287
81, 289
82, 290
82, 292
83, 293
83, 295
84, 296
84, 298
85, 299
85, 301
86, 302
86, 305
87, 306
85, 308
85, 307
84, 306
84, 305
83, 304
83, 303
82, 302
82, 301
81, 300
81, 299
80, 298
80, 297
79, 296
79, 295
78, 294
78, 293
77, 292
77, 291
76, 290
76, 289
75, 288
75, 287
73, 285
73, 284
72, 283
72, 282
70, 280
70, 279
66, 275
65, 275
64, 274
62, 274
61, 275
60, 275
58, 277
58, 278
57, 279
57, 288
58, 289
58, 294
59, 295
59, 298
60, 299
60, 302
61, 303
61, 306
62, 307
62, 310
63, 311
63, 313
64, 314
64, 316
65, 317
65, 319
66, 320
66, 323
67, 324
67, 326
68, 327
68, 330
69, 331
69, 334
70, 335
70, 339
71, 340
71, 349
70, 350
69, 350
62, 343
62, 342
58, 338
58, 337
55, 334
55, 333
53, 331
53, 330
50, 327
50, 326
47, 323
47, 322
45, 320
45, 319
41, 315
41, 314
37, 310
37, 309
33, 305
33, 304
30, 301
30, 300
24, 294
24, 293
18, 287
17, 287
16, 286
13, 286
11, 288
11, 289
10, 290
10, 293
9, 294
10, 295
10, 297
11, 298
11, 299
12, 300
13, 300
14, 299
14, 297
13, 296
13, 291
15, 289
23, 297
23, 298
29, 304
29, 305
32, 308
32, 309
35, 312
35, 313
40, 318
40, 319
43, 322
43, 323
46, 326
46, 327
49, 330
49, 331
51, 333
51, 334
54, 337
54, 338
57, 341
57, 342
61, 346
61, 347
66, 352
67, 352
69, 354
72, 354
74, 352
74, 339
73, 338
73, 334
72, 333
72, 330
71, 329
71, 326
70, 325
70, 323
69, 322
69, 319
68, 318
68, 316
67, 315
67, 313
66, 312
66, 310
65, 309
65, 306
64, 305
64, 302
63, 301
63, 298
62, 297
62, 294
61, 293
61, 289
60, 288
60, 280
62, 278
64, 278
68, 282
68, 283
70, 285
70, 286
71, 287
71, 288
73, 290
73, 291
74, 292
74, 293
75, 294
75, 295
76, 296
76, 297
77, 298
77, 299
78, 300
78, 301
79, 302
79, 303
80, 304
80, 305
81, 306
81, 307
82, 308
82, 309
83, 310
83, 311
84, 312
84, 313
86, 315
86, 316
87, 317
87, 318
88, 319
88, 320
90, 322
90, 323
91, 324
91, 325
93, 327
93, 328
94, 329
94, 330
95, 331
95, 332
97, 334
97, 335
98, 336
98, 337
102, 341
104, 341
105, 340
105, 339
102, 336
102, 335
100, 333
100, 332
99, 331
99, 330
97, 328
97, 326
96, 325
96, 323
95, 322
95, 320
94, 319
94, 317
93, 316
93, 314
92, 313
92, 311
91, 310
91, 308
90, 307
90, 305
89, 304
89, 301
88, 300
88, 298
87, 297
87, 295
86, 294
86, 292
85, 291
85, 289
84, 288
84, 286
83, 285
83, 283
82, 282
82, 279
81, 278
81, 275
80, 274
80, 271
79, 270
79, 267
78, 266
78, 263
77, 262
77, 259
76, 258
76, 255
75, 254
75, 251
74, 250
74, 248
73, 247
73, 244
72, 243
72, 241
71, 240
71, 237
70, 236
70, 234
69, 233
69, 230
68, 229
68, 226
67, 225
67, 223
66, 222
66, 219
65, 218
65, 215
64, 214
64, 211
63, 210
63, 207
62, 206
62, 202
61, 201
61, 198
60, 197
60, 193
59, 192
59, 188
58, 187
58, 183
57, 182
57, 177
56, 176
56, 169
55, 168
55, 159
54, 158
54, 122
55, 121
55, 115
56, 114
56, 110
57, 109
57, 107
58, 106
59, 106
60, 107
60, 109
61, 110
61, 111
62, 112
62, 113
63, 114
63, 115
64, 116
64, 117
65, 118
65, 119
67, 121
67, 122
70, 125
70, 126
74, 130
74, 131
77, 134
77, 135
78, 136
78, 137
79, 138
79, 139
80, 140
80, 141
82, 143
82, 144
83, 145
83, 146
84, 147
84, 148
85, 149
85, 150
86, 151
86, 152
88, 154
88, 155
89, 156
89, 157
90, 158
90, 159
92, 161
92, 162
93, 163
93, 164
94, 165
94, 166
96, 168
96, 169
97, 170
97, 171
98, 172
98, 173
100, 175
100, 176
101, 177
101, 178
102, 179
102, 180
104, 182
104, 183
105, 184
105, 185
106, 186
106, 187
108, 189
108, 190
110, 192
110, 193
112, 195
112, 196
114, 198
114, 199
116, 201
116, 202
118, 204
118, 205
124, 211
130, 211
133, 208
133, 207
134, 206
134, 204
135, 203
135, 200
134, 199
133, 199
132, 200
132, 201
131, 202
131, 203
130, 204
130, 205
128, 207
126, 207
123, 204
123, 203
121, 201
121, 200
120, 199
120, 198
119, 197
119, 196
118, 195
118, 194
117, 193
117, 192
116, 191
116, 189
115, 188
115, 187
114, 186
114, 185
113, 184
113, 182
112, 181
112, 180
111, 179
111, 177
110, 176
110, 175
109, 174
109, 172
108, 171
108, 169
107, 168
107, 166
106, 165
106, 163
105, 162
105, 159
104, 158
104, 156
103, 155
103, 151
102, 150
102, 147
101, 146
101, 142
100, 141
100, 128
102, 126
104, 126
109, 131
109, 132
111, 134
111, 135
112, 136
112, 137
113, 138
113, 139
115, 141
115, 142
116, 143
116, 145
117, 146
117, 147
118, 148
118, 149
119, 150
119, 152
120, 153
120, 155
121, 156
121, 158
122, 159
122, 161
123, 162
123, 164
124, 165
124, 168
125, 169
125, 172
126, 173
126, 175
127, 176
127, 179
128, 180
128, 184
129, 185
129, 186
132, 186
132, 183
131, 182
131, 177
130, 176
130, 143
131, 142
131, 136
134, 133
134, 130
135, 129
135, 126
136, 125
136, 120
137, 119
137, 115
138, 114
144, 120
144, 121
147, 124
147, 125
149, 127
149, 128
151, 130
151, 131
153, 133
153, 134
155, 136
155, 137
157, 139
157, 140
159, 142
159, 143
161, 145
161, 146
163, 148
163, 149
165, 151
165, 152
166, 153
166, 154
168, 156
168, 157
169, 158
169, 159
171, 161
171, 162
173, 164
173, 165
175, 167
175, 168
178, 171
178, 173
175, 176
174, 176
170, 180
169, 180
165, 184
164, 184
163, 185
163, 186
160, 189
160, 190
159, 191
159, 192
158, 193
158, 195
157, 196
157, 200
156, 201
156, 209
157, 210
157, 217
158, 218
158, 222
159, 223
159, 226
160, 227
160, 230
161, 231
161, 233
162, 234
162, 236
163, 237
163, 239
164, 240
164, 242
165, 243
165, 244
166, 245
166, 246
167, 247
167, 248
168, 249
168, 250
169, 251
169, 252
170, 253
170, 254
171, 255
171, 256
172, 257
172, 258
173, 259
173, 260
174, 261
174, 262
176, 264
176, 265
177, 266
177, 267
179, 269
179, 270
181, 272
181, 273
184, 276
184, 277
192, 285
193, 285
195, 287
196, 287
197, 288
198, 288
199, 289
201, 289
202, 290
207, 290
208, 289
209, 289
210, 288
211, 288
212, 287
212, 286
214, 284
214, 283
215, 282
215, 280
216, 279
216, 276
217, 275
217, 257
216, 256
216, 252
215, 251
215, 248
214, 247
214, 245
213, 244
213, 242
212, 241
212, 238
211, 237
211, 235
210, 234
210, 232
209, 231
209, 229
208, 228
208, 226
207, 225
207, 224
206, 223
206, 221
205, 220
205, 218
204, 217
204, 216
203, 215
203, 214
202, 213
202, 211
201, 210
201, 209
200, 208
200, 206
199, 205
199, 204
198, 203
198, 202
197, 201
197, 200
196, 199
196, 198
195, 197
195, 196
194, 195
194, 194
193, 193
193, 192
191, 190
191, 189
190, 188
190, 187
189, 186
189, 185
188, 184
188, 183
187, 182
187, 181
186, 180
186, 179
184, 177
184, 176
183, 175
183, 174
185, 172
186, 172
188, 170
189, 170
193, 166
194, 166
197, 163
197, 162
201, 158
201, 157
203, 155
203, 154
204, 153
204, 152
205, 151
205, 150
206, 149
206, 148
207, 147
207, 146
208, 145
208, 143
209, 142
209, 141
210, 140
210, 138
211, 137
211, 134
212, 133
212, 130
213, 129
213, 122
214, 121
214, 63
213, 62
213, 49
212, 48
212, 42
211, 41
211, 38
210, 37
210, 35
209, 34
209, 32
208, 31
208, 30
206, 28
206, 27
202, 23
201, 23
199, 21
198, 21
197, 20
195, 20
194, 19
192, 19
191, 18
188, 18
187, 17
184, 17
183, 16
179, 177
180, 176
182, 178
182, 179
183, 180
183, 181
185, 183
185, 184
186, 185
186, 186
187, 187
187, 188
188, 189
188, 190
189, 191
189, 192
190, 193
190, 194
192, 196
192, 197
193, 198
193, 199
194, 200
194, 201
195, 202
195, 203
196, 204
196, 206
197, 207
197, 208
198, 209
198, 210
199, 211
199, 213
200, 214
200, 215
201, 216
201, 217
202, 218
202, 220
203, 221
203, 223
204, 224
204, 225
205, 226
205, 228
206, 229
206, 231
207, 232
207, 234
208, 235
208, 237
209, 238
209, 240
210, 241
210, 243
211, 244
211, 247
212, 248
212, 251
213, 252
213, 255
214, 256
214, 261
215, 262
215, 269
214, 270
214, 276
213, 277
213, 279
212, 280
212, 281
211, 282
211, 283
207, 287
201, 287
200, 286
199, 286
198, 285
197, 285
195, 283
194, 283
186, 275
186, 274
183, 271
183, 270
181, 268
181, 267
179, 265
179, 264
178, 263
178, 262
177, 261
177, 260
175, 258
175, 257
174, 256
174, 255
173, 254
173, 253
172, 252
172, 251
171, 250
171, 249
170, 248
170, 247
169, 246
169, 245
168, 244
168, 243
167, 242
167, 240
166, 239
166, 237
165, 236
165, 235
164, 234
164, 231
163, 230
163, 228
162, 227
162, 224
161, 223
161, 219
160, 218
160, 214
159, 213
159, 199
160, 198
160, 196
161, 195
161, 193
162, 192
162, 191
171, 182
172, 182
175, 179
176, 179
178, 177
173, 19
174, 18
179, 18
180, 19
184, 19
185, 20
188, 20
189, 21
192, 21
193, 22
194, 22
195, 23
196, 23
197, 24
198, 24
200, 26
201, 26
203, 28
203, 29
205, 31
205, 32
206, 33
206, 34
207, 35
207, 36
208, 40
209, 41
209, 46
210, 47
210, 57
211, 58
211, 117
209, 117
209, 116
208, 115
208, 114
206, 112
206, 111
203, 108
203, 107
202, 106
202, 105
199, 102
199, 101
195, 97
195, 96
191, 92
191, 91
187, 87
187, 86
183, 82
183, 81
179, 77
179, 76
174, 71
174, 70
170, 66
170, 65
167, 62
167, 61
165, 59
165, 58
163, 56
163, 55
162, 52
161, 51
161, 47
160, 46
160, 42
161, 41
161, 34
162, 33
162, 30
163, 29
163, 27
164, 26
164, 25
165, 24
165, 23
168, 20
169, 20
