3, 238
3, 236
5, 234
88, 234
90, 236
90, 238
92, 238
92, 236
94, 234
177, 234
179, 236
179, 238
181, 238
181, 236
183, 234
265, 234
267, 236
267, 238
269, 238
269, 236
271, 234
354, 234
356, 236
356, 238
358, 238
358, 236
360, 234
443, 234
445, 236
445, 238
447, 238
447, 236
449, 234
4, 2
496, 4
494, 232
2, 230
334, 80
333, 81
331, 81
330, 82
329, 82
317, 94
317, 95
314, 98
314, 99
311, 102
311, 103
309, 105
309, 106
307, 108
307, 109
304, 112
304, 113
302, 115
302, 116
300, 118
300, 119
298, 121
298, 122
296, 124
296, 125
295, 126
295, 127
293, 129
293, 130
292, 131
292, 132
291, 133
291, 134
290, 135
290, 136
289, 137
289, 138
288, 139
288, 140
286, 142
286, 143
285, 144
285, 145
284, 146
284, 147
283, 148
283, 150
282, 151
282, 152
281, 153
281, 154
280, 155
280, 156
279, 157
279, 158
278, 159
278, 160
277, 161
277, 162
276, 163
276, 164
275, 165
275, 166
274, 167
274, 168
273, 169
273, 170
272, 171
272, 172
271, 173
271, 174
270, 175
270, 176
269, 177
269, 178
268, 179
268, 180
266, 182
266, 183
265, 184
265, 185
261, 189
260, 189
259, 188
259, 186
258, 185
258, 176
259, 175
259, 166
260, 165
260, 160
261, 159
261, 154
262, 153
262, 149
263, 148
263, 145
264, 144
264, 141
265, 140
265, 137
266, 136
266, 134
267, 133
267, 131
268, 130
268, 127
269, 126
269, 124
270, 123
270, 121
271, 120
271, 119
272, 118
272, 116
273, 115
273, 113
274, 112
274, 111
275, 110
275, 108
276, 107
276, 106
277, 105
277, 103
278, 102
278, 101
279, 100
279, 99
280, 98
280, 96
281, 95
281, 94
282, 93
282, 91
283, 90
283, 89
284, 88
284, 86
285, 85
285, 81
283, 81
282, 82
282, 84
281, 85
281, 86
280, 87
280, 88
279, 89
279, 90
278, 91
278, 92
276, 94
276, 95
273, 98
273, 99
265, 107
264, 107
261, 110
260, 110
258, 112
257, 112
256, 113
255, 113
254, 114
253, 114
252, 113
252, 110
251, 109
251, 106
250, 105
250, 102
249, 101
249, 100
248, 99
248, 97
247, 96
247, 95
246, 94
246, 93
245, 92
245, 91
244, 90
244, 89
240, 85
236, 85
235, 86
234, 86
230, 90
230, 91
229, 92
229, 93
228, 94
228, 95
227, 96
227, 97
226, 98
226, 100
225, 101
225, 104
224, 105
224, 111
225, 112
225, 115
226, 116
226, 117
227, 118
227, 119
228, 120
229, 120
230, 121
231, 121
232, 122
240, 122
241, 121
244, 121
245, 120
247, 120
248, 119
249, 119
251, 121
251, 125
250, 126
250, 134
249, 135
249, 139
248, 140
248, 143
247, 144
247, 146
246, 147
246, 148
245, 149
245, 151
244, 152
244, 153
243, 154
243, 155
242, 156
242, 157
241, 158
241, 159
240, 160
240, 161
239, 162
239, 163
238, 164
238, 165
237, 166
237, 167
236, 168
236, 169
233, 172
233, 173
226, 180
225, 180
223, 182
221, 182
220, 183
218, 183
217, 182
216, 182
212, 178
212, 177
211, 176
211, 175
210, 174
210, 171
209, 170
209, 166
208, 165
208, 157
207, 156
207, 144
208, 143
208, 134
209, 133
209, 131
210, 130
210, 129
211, 128
211, 127
212, 126
212, 125
213, 124
213, 123
215, 121
215, 120
216, 119
216, 118
217, 117
217, 116
218, 115
218, 114
217, 113
215, 113
213, 115
213, 116
211, 118
211, 119
210, 120
210, 122
209, 123
209, 124
208, 125
208, 127
207, 128
207, 130
206, 131
206, 132
204, 134
204, 135
203, 136
203, 137
201, 139
201, 140
200, 141
200, 142
198, 144
198, 145
196, 147
196, 148
195, 149
195, 150
193, 152
193, 153
190, 156
190, 157
188, 159
188, 160
186, 162
186, 163
184, 165
184, 166
180, 170
180, 171
175, 176
174, 176
171, 179
170, 179
167, 182
166, 182
163, 185
162, 185
161, 186
160, 186
159, 187
157, 187
156, 188
153, 188
152, 189
151, 188
150, 188
149, 187
149, 186
147, 184
147, 182
146, 181
146, 176
145, 175
145, 149
142, 149
141, 150
141, 151
137, 155
137, 156
133, 160
133, 161
130, 164
130, 165
126, 169
126, 170
120, 176
120, 177
113, 184
112, 184
108, 188
107, 188
106, 189
105, 189
104, 190
101, 190
98, 187
98, 186
97, 185
97, 184
96, 183
96, 180
95, 179
95, 176
94, 175
94, 170
93, 169
93, 163
92, 162
92, 155
91, 154
91, 149
90, 148
90, 146
89, 145
89, 144
85, 140
83, 140
82, 139
77, 139
76, 140
73, 140
72, 141
70, 141
69, 142
68, 142
66, 144
65, 144
63, 146
62, 146
51, 157
51, 158
49, 160
49, 161
48, 162
48, 163
47, 164
47, 171
48, 172
49, 172
49, 165
50, 164
50, 163
51, 162
51, 161
53, 159
53, 158
63, 148
64, 148
66, 146
67, 146
68, 145
69, 145
70, 144
71, 144
72, 143
73, 143
74, 142
77, 142
78, 141
80, 141
81, 142
84, 142
87, 145
87, 146
88, 147
88, 149
89, 150
89, 155
90, 156
90, 163
91, 164
91, 171
92, 172
92, 176
93, 177
93, 181
94, 182
94, 184
95, 185
95, 186
96, 187
96, 188
100, 192
106, 192
108, 190
109, 190
111, 188
112, 188
124, 176
124, 175
130, 169
130, 168
133, 165
133, 164
135, 162
135, 161
142, 154
143, 155
143, 177
144, 178
144, 182
145, 183
145, 185
146, 186
146, 187
149, 190
150, 190
151, 191
154, 191
155, 190
157, 190
158, 189
160, 189
161, 188
162, 188
163, 187
164, 187
166, 185
167, 185
169, 183
170, 183
174, 179
175, 179
184, 170
184, 169
187, 166
187, 165
189, 163
189, 162
191, 160
191, 159
193, 157
193, 156
195, 154
195, 153
197, 151
197, 150
199, 148
199, 147
200, 146
200, 145
202, 143
202, 142
204, 140
205, 141
205, 159
206, 160
206, 166
207, 167
207, 171
208, 172
208, 175
209, 176
209, 177
210, 178
210, 179
211, 180
211, 181
213, 183
214, 183
215, 184
216, 184
217, 185
221, 185
222, 184
224, 184
226, 182
227, 182
236, 173
236, 172
238, 170
238, 169
239, 168
239, 167
240, 166
240, 165
241, 164
241, 163
242, 162
242, 161
243, 160
243, 159
244, 158
244, 157
245, 156
245, 155
246, 154
246, 153
247, 152
247, 150
248, 149
248, 148
249, 147
249, 145
250, 144
250, 141
251, 140
251, 136
252, 135
252, 129
253, 128
253, 118
255, 116
256, 116
258, 114
259, 114
260, 113
261, 113
264, 110
265, 110
274, 101
275, 102
275, 104
274, 105
274, 106
273, 107
273, 109
272, 110
272, 111
271, 112
271, 114
270, 115
270, 117
269, 118
269, 119
268, 120
268, 122
267, 123
267, 125
266, 126
266, 128
265, 129
265, 132
264, 133
264, 135
263, 136
263, 139
262, 140
262, 143
261, 144
261, 147
260, 148
260, 152
259, 153
259, 157
258, 158
258, 163
257, 164
257, 172
256, 173
256, 187
257, 188
257, 190
258, 191
258, 192
261, 192
262, 191
263, 191
265, 189
265, 188
267, 186
267, 185
268, 184
268, 183
270, 181
270, 180
271, 179
271, 178
272, 177
272, 176
273, 175
273, 174
274, 173
274, 172
275, 171
275, 170
276, 169
276, 168
277, 167
277, 166
278, 165
278, 164
279, 163
279, 162
280, 161
280, 160
281, 159
281, 158
282, 157
282, 156
283, 155
283, 154
284, 153
284, 152
285, 151
285, 150
286, 149
286, 147
288, 145
288, 144
289, 143
289, 142
290, 141
290, 140
291, 139
291, 138
292, 137
292, 136
293, 135
293, 134
294, 133
294, 132
296, 130
296, 129
297, 128
297, 127
299, 125
299, 124
300, 123
300, 122
302, 120
302, 119
304, 117
304, 116
307, 113
307, 112
309, 110
309, 109
311, 107
311, 106
314, 103
314, 102
317, 99
317, 98
322, 93
322, 92
330, 84
331, 84
332, 83
335, 83
336, 82
336, 80
236, 88
239, 87
242, 90
242, 91
243, 92
243, 93
244, 94
244, 95
245, 96
245, 97
246, 98
246, 100
247, 101
247, 102
248, 103
248, 106
249, 107
249, 111
250, 112
248, 117
246, 117
245, 118
244, 118
243, 119
240, 119
239, 120
232, 119
231, 119
228, 116
228, 115
227, 114
227, 109
226, 108
227, 106
227, 102
228, 101
228, 99
229, 98
229, 97
230, 96
230, 95
231, 94
231, 93
232, 92
232, 91
235, 88
135, 16
134, 17
133, 17
131, 19
130, 19
126, 23
125, 23
116, 32
115, 32
114, 33
114, 34
106, 42
106, 43
103, 46
103, 47
100, 50
100, 51
97, 54
97, 55
94, 58
94, 59
92, 61
92, 62
90, 64
90, 65
88, 67
88, 68
86, 70
86, 71
84, 73
84, 74
82, 76
82, 77
81, 78
81, 79
79, 81
79, 82
78, 83
78, 84
76, 86
76, 87
75, 88
75, 89
74, 90
74, 91
72, 93
72, 94
71, 95
71, 96
70, 97
70, 98
69, 99
69, 100
68, 101
68, 102
66, 104
66, 105
65, 106
65, 107
64, 108
64, 109
63, 110
63, 111
61, 113
61, 114
60, 115
60, 116
59, 117
59, 118
58, 119
58, 120
57, 121
57, 122
56, 123
56, 124
55, 125
55, 126
54, 127
54, 128
53, 129
53, 130
52, 131
52, 132
51, 133
51, 135
50, 136
50, 137
49, 138
49, 139
48, 140
48, 142
47, 143
47, 144
46, 145
46, 146
45, 147
45, 149
44, 150
44, 152
43, 153
43, 155
42, 156
42, 158
41, 159
41, 161
40, 162
40, 164
39, 165
39, 167
38, 168
38, 170
37, 171
37, 173
36, 174
36, 177
35, 178
35, 180
34, 181
34, 184
33, 185
33, 187
32, 188
32, 190
31, 191
31, 194
30, 195
30, 197
29, 198
29, 200
28, 201
28, 204
27, 205
27, 206
26, 207
25, 206
25, 202
26, 201
26, 189
27, 188
27, 178
28, 177
28, 168
29, 167
29, 160
30, 159
30, 152
31, 151
31, 143
32, 142
32, 135
33, 134
33, 126
34, 125
34, 117
35, 116
35, 107
36, 106
36, 97
37, 96
37, 85
38, 84
38, 72
39, 71
39, 55
40, 54
40, 28
41, 27
41, 23
40, 22
38, 22
38, 26
37, 27
37, 53
36, 54
36, 70
35, 71
35, 84
34, 85
34, 95
33, 96
33, 105
32, 106
32, 115
31, 116
31, 125
30, 126
30, 133
29, 134
29, 142
28, 143
28, 150
27, 151
27, 158
26, 159
26, 166
25, 167
25, 176
24, 177
24, 187
23, 188
23, 200
22, 201
22, 223
25, 223
25, 222
26, 221
26, 219
27, 218
27, 216
28, 215
28, 213
29, 212
29, 209
30, 208
30, 206
31, 205
31, 202
32, 201
32, 199
33, 198
33, 196
34, 195
34, 192
35, 191
35, 189
36, 188
36, 185
37, 184
37, 182
38, 181
38, 178
39, 177
39, 175
40, 174
40, 171
41, 170
41, 168
42, 167
42, 165
43, 164
43, 162
44, 161
44, 159
45, 158
45, 157
46, 156
46, 154
47, 153
47, 151
48, 150
48, 148
49, 147
49, 146
50, 145
50, 143
51, 142
51, 141
52, 140
52, 139
53, 138
53, 137
54, 136
54, 134
55, 133
55, 132
56, 131
56, 130
57, 129
57, 128
58, 127
58, 126
59, 125
59, 124
60, 123
60, 122
61, 121
61, 120
62, 119
62, 118
63, 117
63, 116
65, 114
65, 113
66, 112
66, 111
67, 110
67, 109
68, 108
68, 107
70, 105
70, 104
71, 103
71, 102
72, 101
72, 100
73, 99
73, 98
74, 97
74, 96
76, 94
76, 93
77, 92
77, 91
78, 90
78, 89
80, 87
80, 86
81, 85
81, 84
82, 83
82, 82
84, 80
84, 79
85, 78
85, 77
87, 75
87, 74
89, 72
89, 71
91, 69
91, 68
93, 66
93, 65
96, 62
96, 61
98, 59
98, 58
101, 55
101, 54
104, 51
104, 50
107, 47
107, 46
113, 40
113, 39
123, 29
124, 29
130, 23
131, 23
134, 20
139, 20
140, 19
139, 18
139, 17
138, 17
137, 16
472, 10
471, 11
469, 11
460, 20
460, 21
457, 24
457, 25
455, 27
455, 28
453, 30
453, 31
452, 32
452, 33
450, 35
450, 36
449, 37
449, 38
448, 39
448, 40
447, 41
447, 42
446, 43
446, 44
445, 45
445, 46
444, 47
444, 48
443, 49
443, 50
442, 51
442, 53
441, 54
441, 55
440, 56
440, 58
439, 59
439, 60
438, 61
438, 63
437, 64
437, 66
436, 67
436, 69
435, 70
435, 73
434, 74
434, 76
433, 77
433, 80
432, 81
432, 83
431, 84
431, 87
430, 88
430, 91
429, 92
429, 95
428, 96
428, 99
427, 100
427, 103
426, 104
426, 107
425, 108
425, 111
424, 112
424, 116
423, 117
423, 120
422, 121
422, 125
421, 126
421, 130
420, 131
420, 136
419, 137
419, 141
418, 142
418, 146
417, 147
417, 148
414, 151
414, 152
409, 157
408, 157
406, 159
404, 159
403, 160
400, 160
400, 161
398, 163
398, 164
396, 166
396, 167
393, 170
393, 171
392, 172
391, 172
383, 180
381, 180
380, 181
376, 181
375, 180
374, 180
373, 179
373, 178
370, 175
370, 174
369, 173
369, 172
368, 171
368, 169
367, 168
367, 166
366, 165
366, 161
365, 160
365, 144
385, 124
385, 123
386, 122
386, 121
387, 120
387, 119
388, 118
388, 116
389, 115
389, 111
390, 110
390, 109
389, 108
389, 105
388, 104
388, 103
387, 103
386, 102
382, 102
381, 103
380, 103
379, 104
378, 104
377, 105
376, 105
373, 108
372, 108
371, 109
371, 110
369, 112
369, 113
368, 114
368, 115
367, 116
367, 118
366, 119
366, 122
365, 123
365, 126
364, 127
364, 131
363, 132
363, 140
362, 141
362, 142
360, 144
359, 144
357, 146
356, 146
355, 147
353, 147
352, 148
351, 148
349, 150
348, 150
347, 151
346, 151
345, 152
344, 152
343, 153
342, 153
341, 154
340, 154
339, 155
337, 155
336, 156
334, 156
333, 157
332, 157
331, 158
330, 158
329, 159
328, 159
327, 160
326, 160
325, 161
324, 161
323, 162
321, 162
320, 163
317, 163
316, 162
315, 162
312, 159
309, 159
309, 161
310, 161
313, 164
315, 164
316, 165
321, 165
322, 164
324, 164
325, 163
326, 163
327, 162
328, 162
329, 161
330, 161
331, 160
332, 160
333, 159
334, 159
335, 158
337, 158
338, 157
340, 157
341, 156
342, 156
343, 155
344, 155
345, 154
346, 154
347, 153
348, 153
349, 152
350, 152
351, 151
352, 151
354, 149
356, 149
357, 148
358, 148
359, 147
360, 147
361, 146
362, 147
362, 151
363, 152
363, 161
364, 162
364, 166
365, 167
365, 169
366, 170
366, 172
367, 173
367, 174
368, 175
368, 176
370, 178
370, 179
373, 182
374, 182
375, 183
381, 183
382, 182
384, 182
386, 180
387, 180
397, 170
397, 169
398, 168
398, 167
400, 165
400, 164
402, 162
404, 162
405, 161
407, 161
409, 159
410, 159
415, 154
416, 155
416, 160
415, 161
415, 167
414, 168
414, 174
413, 175
413, 182
412, 183
412, 211
413, 212
413, 215
414, 216
414, 218
416, 220
416, 221
417, 222
418, 222
419, 223
423, 223
424, 222
426, 222
429, 219
430, 219
433, 216
433, 215
438, 210
438, 209
440, 207
440, 206
442, 204
442, 203
444, 201
444, 200
445, 199
445, 198
446, 197
446, 196
447, 195
447, 194
448, 193
448, 192
449, 191
449, 190
450, 189
450, 188
451, 187
451, 185
452, 184
452, 182
453, 181
453, 179
454, 178
454, 174
455, 173
455, 169
456, 168
456, 163
457, 162
457, 156
458, 155
458, 144
459, 143
459, 135
458, 134
458, 128
457, 127
457, 126
456, 125
456, 124
455, 123
455, 122
454, 121
453, 121
452, 120
447, 120
446, 121
445, 121
442, 124
442, 125
440, 127
440, 128
439, 129
439, 130
438, 131
438, 132
437, 133
437, 135
436, 136
436, 139
435, 140
435, 144
434, 145
435, 146
436, 146
437, 145
437, 141
438, 140
438, 137
439, 136
439, 134
440, 133
440, 132
441, 131
441, 130
443, 128
443, 127
448, 122
451, 122
454, 125
454, 126
455, 127
455, 128
456, 129
456, 154
455, 155
455, 161
454, 162
454, 167
453, 168
453, 172
452, 173
452, 177
451, 178
451, 180
450, 181
450, 183
449, 184
449, 186
448, 187
448, 188
447, 189
447, 190
446, 191
446, 192
445, 193
445, 194
444, 195
444, 196
443, 197
443, 198
442, 199
442, 200
440, 202
440, 203
438, 205
438, 206
435, 209
435, 210
426, 219
425, 219
424, 220
423, 220
422, 221
420, 221
416, 217
416, 215
415, 214
415, 211
414, 210
414, 185
415, 184
415, 176
416, 175
416, 169
417, 168
417, 162
418, 161
418, 156
419, 155
419, 150
420, 149
420, 147
422, 145
422, 144
423, 143
423, 142
425, 140
425, 139
426, 138
426, 137
427, 136
427, 135
429, 133
429, 132
430, 131
430, 130
431, 129
431, 128
432, 127
432, 126
433, 125
433, 124
434, 123
434, 122
435, 121
435, 119
436, 118
436, 117
437, 116
437, 115
438, 114
438, 113
439, 112
439, 110
440, 109
440, 108
441, 107
441, 106
442, 105
442, 103
443, 102
443, 101
444, 100
444, 98
445, 97
445, 96
446, 95
446, 94
447, 93
447, 91
448, 90
448, 89
449, 88
449, 86
450, 85
450, 84
451, 83
451, 81
452, 80
452, 79
453, 78
453, 76
454, 75
454, 73
455, 72
455, 71
456, 70
456, 68
457, 67
457, 65
458, 64
458, 62
459, 61
459, 59
460, 58
460, 57
461, 56
461, 54
462, 53
462, 51
463, 50
463, 48
464, 47
464, 45
465, 44
465, 42
466, 41
466, 40
467, 39
467, 37
468, 36
468, 34
469, 33
469, 31
470, 30
470, 28
471, 27
471, 25
472, 24
472, 22
473, 21
473, 18
474, 17
474, 15
475, 14
475, 12
473, 10
382, 105
383, 104
387, 106
387, 114
386, 115
386, 117
385, 118
385, 119
384, 120
382, 123
382, 124
374, 132
373, 132
373, 133
367, 139
365, 138
365, 133
366, 132
366, 128
367, 127
367, 124
368, 123
368, 120
369, 119
369, 117
370, 116
370, 115
371, 114
377, 107
378, 107
379, 106
380, 106
381, 105
470, 14
471, 13
472, 14
472, 16
471, 17
471, 20
470, 21
470, 23
469, 24
469, 26
468, 27
468, 29
467, 30
467, 32
466, 33
466, 35
465, 36
465, 38
464, 39
464, 40
463, 41
463, 43
462, 44
462, 46
461, 47
461, 49
460, 50
460, 52
459, 53
459, 55
458, 56
458, 58
457, 59
457, 60
456, 61
456, 63
455, 64
455, 66
454, 67
454, 69
453, 70
453, 71
452, 72
452, 74
451, 75
451, 77
450, 78
450, 79
449, 80
449, 82
448, 83
448, 84
447, 85
447, 87
446, 88
446, 89
445, 90
445, 92
444, 93
444, 94
443, 95
443, 96
442, 97
442, 99
441, 100
441, 101
440, 102
440, 104
439, 105
439, 106
438, 107
438, 108
437, 109
437, 111
436, 112
436, 113
435, 114
435, 115
434, 116
434, 117
433, 118
433, 120
432, 121
432, 122
431, 123
431, 124
430, 125
430, 126
429, 127
429, 128
428, 129
428, 130
427, 131
427, 132
425, 134
425, 135
424, 136
424, 137
423, 138
422, 137
422, 132
423, 131
423, 127
424, 126
424, 122
425, 121
425, 118
426, 117
426, 113
427, 112
427, 109
428, 108
428, 105
429, 104
429, 101
430, 100
430, 97
431, 96
431, 93
432, 92
432, 89
433, 88
433, 85
434, 84
434, 82
435, 81
435, 78
436, 77
436, 75
437, 74
437, 71
438, 70
438, 68
439, 67
439, 65
440, 64
440, 62
441, 61
441, 60
442, 59
442, 57
443, 56
443, 55
444, 54
444, 52
445, 51
445, 50
446, 49
446, 48
447, 47
447, 46
448, 45
448, 44
449, 43
449, 42
450, 41
450, 40
451, 39
451, 38
453, 36
453, 35
454, 34
454, 33
455, 32
455, 31
457, 29
457, 28
460, 25
460, 24
463, 21
463, 20
469, 14
