4, 2
454, 4
452, 369
2, 367
23, 15
22, 16
22, 17
21, 18
21, 20
20, 21
20, 29
19, 30
19, 35
20, 36
20, 49
21, 50
21, 58
22, 59
22, 67
23, 68
23, 75
24, 76
24, 84
25, 85
25, 92
26, 93
26, 101
27, 102
27, 111
28, 112
28, 121
29, 122
29, 132
30, 133
30, 143
31, 144
31, 155
32, 156
32, 167
33, 168
33, 180
34, 181
34, 193
35, 194
35, 206
36, 207
36, 220
37, 221
37, 234
38, 235
38, 248
39, 249
39, 262
40, 263
40, 276
41, 277
41, 289
42, 290
42, 300
43, 301
43, 309
44, 310
44, 314
46, 316
47, 316
48, 315
48, 313
49, 312
49, 308
47, 306
47, 302
46, 301
46, 291
45, 290
45, 279
44, 278
44, 265
43, 264
43, 251
42, 250
42, 237
41, 236
41, 223
40, 222
40, 209
39, 208
39, 196
38, 195
38, 183
37, 182
37, 170
36, 169
36, 158
35, 157
35, 146
34, 145
34, 139
35, 138
36, 139
36, 140
37, 141
37, 143
38, 144
38, 146
39, 147
39, 148
40, 149
40, 151
41, 152
41, 154
42, 155
42, 157
43, 158
43, 160
44, 161
44, 163
45, 164
45, 166
46, 167
46, 170
47, 171
47, 173
48, 174
48, 177
49, 178
49, 180
50, 181
50, 184
51, 185
51, 187
52, 188
52, 191
53, 192
53, 195
54, 196
54, 199
55, 200
55, 204
56, 205
56, 208
57, 209
57, 212
58, 213
58, 217
59, 218
59, 222
60, 223
60, 226
61, 227
61, 231
62, 232
62, 236
63, 237
63, 240
64, 241
64, 245
65, 246
65, 249
66, 250
66, 254
67, 255
67, 258
68, 259
68, 263
69, 264
69, 267
70, 268
70, 272
71, 273
71, 276
72, 277
72, 280
73, 281
73, 283
74, 284
74, 287
75, 288
75, 291
76, 292
76, 295
77, 296
77, 298
78, 299
78, 302
79, 303
79, 305
80, 306
80, 309
81, 310
81, 312
82, 313
82, 316
83, 317
83, 319
84, 320
84, 322
85, 323
85, 325
86, 326
86, 328
87, 329
87, 331
88, 332
88, 333
89, 334
89, 336
90, 337
90, 339
91, 340
91, 341
92, 342
92, 343
93, 344
93, 345
94, 346
94, 347
95, 348
95, 349
96, 350
96, 351
99, 354
100, 354
101, 355
103, 355
107, 351
107, 349
108, 348
108, 345
109, 344
109, 339
110, 338
110, 293
109, 292
109, 277
108, 276
108, 262
107, 261
107, 244
106, 243
106, 219
105, 218
103, 218
102, 219
102, 242
103, 243
103, 260
104, 261
104, 275
105, 276
105, 291
106, 292
106, 338
105, 339
105, 344
104, 345
104, 348
102, 350
101, 350
99, 348
99, 347
98, 346
98, 345
97, 344
97, 343
96, 342
96, 341
95, 340
95, 339
94, 338
94, 336
93, 335
93, 334
92, 333
92, 331
91, 330
91, 328
90, 327
90, 325
89, 324
89, 322
88, 321
88, 319
87, 318
87, 316
86, 315
86, 313
85, 312
85, 310
84, 309
84, 306
83, 305
83, 302
82, 301
82, 299
81, 298
81, 295
80, 294
80, 291
79, 290
79, 288
78, 287
78, 284
77, 283
77, 280
76, 279
76, 276
75, 275
75, 272
74, 271
74, 268
73, 267
73, 263
72, 262
72, 259
71, 258
71, 255
70, 254
70, 250
69, 249
69, 246
68, 245
68, 241
67, 240
67, 237
66, 236
66, 232
65, 231
65, 227
64, 226
64, 223
63, 222
63, 218
62, 217
62, 213
61, 212
61, 209
60, 208
60, 204
59, 203
59, 200
58, 199
58, 196
57, 195
57, 192
56, 191
56, 188
55, 187
55, 184
54, 183
54, 181
53, 180
53, 177
52, 176
52, 174
51, 173
51, 170
50, 169
50, 167
49, 166
49, 164
48, 163
48, 161
47, 160
47, 158
46, 157
46, 155
45, 154
45, 152
46, 151
48, 153
49, 153
50, 154
51, 154
52, 155
58, 155
59, 154
60, 154
61, 153
62, 153
66, 149
66, 148
67, 147
67, 146
68, 145
68, 144
69, 143
69, 142
70, 141
70, 139
71, 138
71, 135
72, 134
72, 131
73, 130
73, 125
74, 124
74, 118
75, 117
75, 108
76, 107
76, 97
77, 96
77, 85
78, 84
78, 77
79, 76
79, 71
80, 70
80, 66
81, 65
81, 63
82, 62
82, 60
83, 59
83, 58
84, 57
84, 56
86, 54
91, 54
92, 55
93, 55
94, 56
95, 56
96, 57
97, 57
99, 59
100, 59
102, 61
103, 61
105, 63
106, 63
109, 66
110, 66
113, 69
114, 69
119, 74
120, 74
123, 77
123, 78
124, 79
124, 90
125, 91
125, 92
128, 92
129, 91
129, 90
130, 89
130, 86
129, 85
129, 72
130, 71
130, 67
131, 66
131, 65
133, 63
138, 63
139, 64
140, 64
141, 65
142, 65
143, 66
144, 66
145, 67
146, 67
148, 69
149, 69
156, 76
156, 77
158, 79
158, 80
159, 81
159, 82
160, 83
160, 84
161, 85
161, 86
162, 87
162, 89
163, 90
163, 91
164, 92
164, 94
165, 95
165, 96
166, 97
166, 99
167, 100
167, 101
168, 102
168, 108
167, 109
167, 122
168, 123
168, 124
169, 125
174, 125
175, 124
176, 124
177, 123
177, 122
178, 121
178, 116
177, 115
177, 113
176, 112
176, 110
175, 109
175, 108
174, 107
174, 105
173, 104
173, 87
174, 86
174, 81
175, 80
175, 78
176, 77
176, 75
177, 74
177, 73
178, 72
178, 71
181, 68
182, 68
183, 67
186, 67
187, 68
188, 68
193, 73
193, 74
195, 76
195, 77
197, 79
197, 80
198, 81
198, 82
199, 83
199, 84
201, 86
201, 87
202, 88
202, 90
203, 91
203, 92
204, 93
204, 94
205, 95
205, 97
206, 98
206, 107
207, 108
207, 109
208, 110
209, 110
210, 111
212, 109
212, 101
213, 100
214, 101
214, 103
215, 104
215, 109
216, 110
216, 112
217, 113
217, 115
218, 116
218, 118
219, 119
219, 120
220, 121
220, 122
221, 123
221, 124
223, 126
223, 127
227, 131
228, 131
229, 132
231, 132
232, 133
239, 133
240, 132
243, 132
244, 131
246, 131
247, 130
248, 130
249, 129
250, 129
252, 127
253, 127
257, 123
257, 122
258, 121
258, 118
260, 116
262, 118
263, 118
265, 120
266, 120
269, 123
270, 123
271, 124
272, 124
274, 126
275, 126
276, 127
277, 127
278, 128
279, 128
280, 129
285, 129
286, 128
286, 121
285, 120
285, 117
284, 116
284, 114
283, 113
283, 112
282, 111
282, 109
281, 108
281, 106
280, 105
280, 103
279, 102
279, 99
278, 98
278, 96
277, 95
277, 92
276, 91
276, 88
275, 87
275, 80
277, 78
284, 85
285, 85
301, 101
301, 102
306, 107
306, 108
309, 111
309, 112
313, 116
313, 117
322, 126
325, 126
326, 125
326, 124
325, 123
325, 121
324, 121
323, 120
322, 121
315, 114
315, 113
312, 110
312, 109
308, 105
308, 104
304, 100
304, 99
300, 95
302, 93
303, 93
304, 92
305, 92
306, 91
306, 90
308, 88
308, 87
309, 86
309, 85
310, 84
310, 82
311, 81
311, 78
312, 77
312, 74
313, 73
313, 70
314, 69
314, 68
316, 66
317, 66
318, 65
319, 66
321, 66
322, 67
324, 67
325, 68
326, 68
328, 70
329, 70
330, 71
331, 71
336, 76
336, 77
337, 78
337, 80
339, 82
340, 82
341, 81
342, 81
343, 80
343, 77
342, 76
342, 74
343, 73
343, 72
344, 71
349, 71
350, 72
351, 72
352, 73
353, 73
354, 74
355, 74
356, 75
357, 75
359, 77
360, 77
362, 79
363, 79
365, 81
366, 81
368, 83
369, 83
380, 94
380, 95
382, 97
382, 98
384, 100
384, 101
385, 102
385, 103
384, 104
383, 103
382, 103
379, 100
378, 100
377, 99
376, 99
375, 98
373, 98
372, 97
371, 97
370, 96
369, 96
367, 94
366, 94
365, 93
364, 93
363, 92
362, 92
361, 91
360, 91
359, 90
357, 90
356, 89
354, 89
353, 90
351, 90
348, 93
348, 94
347, 95
347, 97
346, 98
346, 103
347, 104
347, 106
349, 108
349, 109
354, 114
354, 115
355, 116
356, 116
359, 119
360, 119
361, 120
362, 120
363, 121
364, 121
365, 122
367, 122
368, 123
379, 123
380, 122
382, 122
384, 120
385, 120
389, 116
390, 116
391, 117
391, 118
392, 119
392, 122
393, 123
393, 126
394, 127
394, 129
395, 130
395, 133
396, 134
396, 136
397, 137
397, 139
398, 140
398, 143
399, 144
399, 145
400, 146
400, 148
401, 149
401, 151
402, 152
402, 154
403, 155
403, 157
404, 158
404, 159
405, 160
405, 162
406, 163
406, 164
407, 165
407, 167
408, 168
408, 169
409, 170
409, 172
410, 173
410, 174
411, 175
411, 177
412, 178
412, 179
413, 180
413, 182
414, 183
414, 184
415, 185
415, 187
416, 188
416, 189
417, 190
417, 192
418, 193
418, 194
419, 195
419, 197
420, 198
420, 199
421, 200
421, 202
422, 203
422, 204
423, 205
423, 206
424, 207
424, 208
425, 209
425, 210
426, 211
426, 212
430, 216
434, 216
435, 215
435, 214
436, 213
436, 205
435, 204
435, 194
434, 193
434, 174
433, 173
433, 164
432, 163
432, 160
431, 159
431, 157
430, 156
430, 154
429, 153
429, 152
428, 151
428, 150
427, 149
427, 148
426, 147
426, 146
424, 144
424, 143
421, 140
421, 139
415, 133
415, 132
408, 125
407, 125
396, 114
396, 113
395, 112
395, 110
396, 109
397, 110
397, 111
399, 113
399, 114
404, 119
405, 119
406, 120
407, 120
408, 121
419, 121
420, 120
421, 120
422, 119
423, 119
424, 118
425, 118
429, 114
429, 113
430, 112
430, 111
431, 110
431, 108
432, 107
432, 101
433, 100
433, 98
432, 97
432, 89
431, 88
431, 85
430, 84
430, 82
429, 81
429, 80
428, 79
428, 78
427, 77
427, 76
426, 75
426, 74
423, 71
423, 70
419, 66
418, 66
415, 63
414, 63
413, 62
412, 62
411, 61
410, 61
409, 60
407, 60
406, 59
399, 59
398, 60
397, 60
393, 64
393, 65
392, 66
392, 67
391, 68
391, 71
390, 72
390, 75
389, 76
389, 84
388, 85
388, 94
387, 95
385, 93
385, 92
379, 86
379, 85
378, 84
377, 84
372, 79
371, 79
368, 76
367, 76
365, 74
364, 74
363, 73
362, 73
360, 71
359, 71
358, 70
357, 70
356, 69
355, 69
354, 68
353, 68
352, 67
351, 67
350, 66
342, 66
338, 70
337, 70
335, 68
334, 68
333, 67
332, 67
331, 66
330, 66
329, 65
328, 65
327, 64
326, 64
325, 63
324, 63
323, 62
321, 62
320, 61
316, 61
315, 62
314, 62
313, 63
312, 63
312, 64
310, 66
310, 68
309, 69
309, 71
308, 72
308, 76
307, 77
307, 79
306, 80
306, 82
305, 83
305, 84
304, 85
304, 86
300, 90
298, 90
295, 87
292, 87
287, 82
286, 82
278, 74
275, 74
273, 76
273, 77
272, 78
272, 89
273, 90
273, 93
274, 94
274, 96
275, 97
275, 100
276, 101
276, 103
277, 104
277, 107
278, 108
278, 109
279, 110
279, 112
280, 113
280, 115
281, 116
281, 118
282, 119
282, 121
283, 122
283, 124
282, 125
280, 125
279, 124
278, 124
277, 123
276, 123
275, 122
274, 122
272, 120
271, 120
269, 118
268, 118
265, 115
264, 115
262, 113
261, 113
259, 111
259, 109
258, 108
258, 105
257, 104
257, 101
256, 100
256, 98
255, 97
255, 96
254, 95
254, 93
253, 92
253, 91
252, 90
252, 89
250, 87
250, 86
249, 85
249, 84
247, 82
247, 81
245, 79
245, 78
238, 71
237, 71
235, 69
234, 69
232, 67
230, 67
229, 66
227, 66
226, 65
221, 65
220, 66
219, 66
218, 67
217, 67
214, 70
214, 71
213, 72
213, 73
212, 74
212, 75
211, 76
211, 78
210, 79
210, 82
209, 83
209, 88
208, 89
206, 87
206, 86
205, 85
205, 84
204, 83
204, 82
203, 81
203, 80
202, 79
202, 78
200, 76
200, 75
199, 74
199, 73
197, 71
197, 70
191, 64
190, 64
189, 63
186, 63
185, 62
183, 62
182, 63
180, 63
179, 64
178, 64
174, 68
174, 69
173, 70
173, 71
172, 72
172, 73
171, 74
171, 77
170, 78
170, 81
169, 82
169, 87
168, 88
166, 86
166, 84
165, 83
165, 82
164, 81
164, 80
163, 79
163, 78
161, 76
161, 75
160, 74
160, 73
152, 65
151, 65
149, 63
148, 63
147, 62
146, 62
145, 61
144, 61
143, 60
142, 60
141, 59
139, 59
138, 58
132, 58
131, 59
130, 59
127, 62
127, 63
126, 64
126, 66
125, 67
125, 70
124, 71
123, 70
122, 70
117, 65
116, 65
113, 62
112, 62
110, 60
109, 60
106, 57
105, 57
103, 55
102, 55
100, 53
99, 53
98, 52
97, 52
96, 51
95, 51
94, 50
93, 50
92, 49
85, 49
84, 50
83, 50
80, 53
80, 54
79, 55
79, 56
78, 57
78, 59
77, 60
77, 62
76, 63
76, 66
75, 67
75, 71
74, 72
74, 78
73, 79
73, 88
72, 89
72, 99
71, 100
71, 110
70, 111
70, 119
69, 120
69, 126
68, 127
68, 131
67, 132
67, 135
66, 136
66, 138
65, 139
65, 140
64, 141
64, 142
63, 143
63, 144
62, 145
62, 146
58, 150
53, 150
52, 149
51, 149
47, 145
47, 144
45, 142
45, 141
44, 140
44, 138
43, 137
43, 135
42, 134
42, 127
40, 125
38, 125
37, 126
37, 129
34, 132
33, 131
33, 124
32, 123
32, 113
31, 112
31, 103
30, 102
30, 95
29, 94
29, 86
28, 85
28, 77
27, 76
27, 69
26, 68
26, 61
25, 60
25, 52
24, 51
24, 38
25, 37
26, 37
27, 36
27, 21
26, 20
26, 17
24, 15
399, 126
400, 125
416, 141
416, 142
420, 146
420, 147
422, 149
422, 150
423, 151
423, 152
424, 153
424, 154
425, 155
425, 157
426, 158
426, 159
427, 160
427, 163
428, 164
428, 173
429, 174
429, 192
430, 193
430, 203
431, 204
431, 206
430, 207
428, 205
428, 204
427, 203
427, 202
426, 201
426, 199
425, 198
425, 197
424, 196
424, 194
423, 193
423, 192
422, 191
422, 189
421, 188
421, 187
420, 186
420, 184
419, 183
419, 182
418, 181
418, 179
417, 178
417, 177
416, 176
416, 174
415, 173
415, 172
414, 171
414, 169
413, 168
413, 167
412, 166
412, 164
411, 163
411, 162
410, 161
410, 159
409, 158
409, 157
408, 156
408, 154
407, 153
407, 151
406, 150
406, 149
405, 148
405, 146
404, 145
404, 143
403, 142
403, 140
402, 139
402, 136
401, 135
401, 133
400, 132
400, 130
399, 129
354, 95
355, 94
356, 95
358, 95
359, 96
360, 96
361, 97
362, 97
364, 99
365, 99
366, 100
367, 100
369, 102
371, 102
372, 103
374, 103
376, 105
377, 105
380, 108
381, 108
385, 112
380, 117
379, 117
378, 118
368, 118
367, 117
366, 117
365, 116
364, 116
363, 115
362, 115
353, 106
353, 105
352, 104
352, 103
351, 102
351, 99
352, 98
352, 96
353, 95
217, 79
215, 80
221, 71
222, 70
226, 70
227, 71
229, 71
230, 72
231, 72
234, 75
235, 75
241, 81
241, 82
244, 85
244, 86
245, 87
245, 88
247, 90
247, 91
248, 92
248, 93
249, 94
249, 95
250, 96
250, 98
251, 99
251, 100
252, 101
252, 104
251, 105
250, 104
249, 104
247, 102
246, 102
244, 100
243, 100
239, 96
239, 94
238, 94
237, 93
234, 93
233, 94
233, 95
234, 96
234, 97
237, 100
238, 100
241, 103
242, 103
244, 105
245, 105
247, 107
248, 107
250, 109
251, 109
254, 112
254, 118
253, 119
253, 120
249, 124
248, 124
247, 125
246, 125
245, 126
244, 126
243, 127
241, 127
240, 128
232, 128
231, 127
230, 127
226, 123
226, 122
225, 121
225, 120
224, 119
224, 118
223, 117
223, 116
222, 115
222, 113
221, 112
221, 110
220, 109
220, 105
219, 104
219, 88
220, 87
220, 85
221, 84
221, 82
222, 81
222, 80
223, 79
223, 77
222, 76
219, 76
218, 77
218, 78
217, 79
216, 76
217, 75
217, 74
220, 71
405, 64
406, 65
408, 65
409, 66
410, 66
412, 68
413, 68
422, 77
422, 78
423, 79
423, 80
424, 81
424, 82
425, 85
426, 86
426, 88
427, 89
427, 96
428, 97
428, 101
427, 102
427, 106
426, 107
426, 109
420, 115
419, 115
409, 116
407, 114
406, 114
404, 112
404, 111
402, 109
402, 108
401, 107
401, 106
400, 105
400, 104
399, 103
399, 102
398, 97
397, 96
397, 83
396, 82
395, 82
394, 81
394, 76
395, 75
395, 72
396, 71
396, 69
398, 67
398, 66
