4, 2
468, 4
466, 369
2, 367
423, 15
422, 16
420, 16
419, 17
418, 17
417, 18
416, 18
415, 19
414, 19
413, 20
412, 20
410, 22
409, 22
400, 31
400, 32
397, 35
397, 36
395, 38
395, 39
394, 40
394, 41
393, 42
393, 43
391, 45
391, 46
390, 47
390, 49
389, 50
389, 51
388, 52
388, 53
387, 54
387, 55
386, 56
386, 57
385, 58
385, 60
384, 61
384, 62
383, 63
383, 65
382, 66
382, 67
381, 68
381, 70
380, 71
380, 73
379, 74
379, 76
378, 77
378, 79
377, 80
377, 82
376, 83
376, 86
375, 87
375, 89
374, 90
374, 93
373, 94
373, 97
372, 98
372, 101
371, 102
371, 105
370, 106
370, 109
369, 110
369, 114
368, 115
368, 119
367, 120
367, 124
366, 125
366, 129
365, 130
365, 135
364, 136
364, 141
363, 142
363, 147
362, 148
362, 154
361, 155
361, 162
360, 163
360, 169
359, 170
359, 177
358, 178
358, 186
357, 187
357, 195
356, 196
356, 205
355, 206
355, 216
354, 217
354, 230
353, 231
353, 249
351, 251
349, 251
348, 252
347, 252
346, 253
345, 253
344, 254
343, 254
338, 259
338, 260
337, 261
337, 263
336, 264
336, 266
335, 267
335, 271
334, 272
334, 284
333, 285
333, 287
332, 288
332, 296
331, 297
330, 297
329, 296
327, 296
326, 295
324, 295
323, 294
321, 294
320, 293
317, 293
316, 292
313, 292
312, 291
300, 291
299, 290
300, 289
300, 288
301, 287
301, 286
302, 285
302, 284
303, 283
303, 282
304, 281
304, 280
305, 279
305, 278
306, 277
306, 276
307, 275
307, 273
308, 272
308, 271
309, 270
309, 268
310, 267
310, 264
311, 263
311, 260
312, 259
312, 248
311, 247
311, 246
309, 244
304, 244
300, 248
300, 249
298, 251
298, 252
297, 253
297, 254
296, 255
296, 256
295, 257
295, 258
294, 259
294, 260
293, 261
293, 263
292, 264
292, 266
291, 267
291, 268
290, 269
290, 272
289, 273
289, 275
288, 276
288, 279
287, 280
287, 283
286, 284
286, 288
285, 289
285, 293
284, 294
283, 293
283, 291
282, 290
282, 284
281, 283
281, 276
280, 275
280, 263
279, 262
279, 247
280, 246
280, 245
284, 241
284, 237
282, 237
279, 240
278, 240
277, 241
277, 242
274, 245
274, 246
273, 247
273, 249
272, 250
272, 251
271, 252
271, 255
270, 256
270, 258
269, 259
269, 261
267, 263
267, 264
266, 265
265, 264
265, 263
264, 262
264, 261
263, 260
263, 259
261, 257
261, 256
259, 254
258, 254
254, 250
253, 250
252, 249
250, 249
249, 248
247, 248
246, 247
243, 247
242, 246
237, 246
236, 245
231, 245
230, 246
227, 246
226, 247
224, 247
223, 248
222, 248
220, 250
219, 250
215, 254
215, 255
214, 256
214, 257
213, 258
213, 259
212, 260
212, 262
211, 263
211, 271
212, 272
212, 275
213, 276
213, 277
217, 281
217, 282
218, 283
218, 285
219, 286
219, 288
220, 289
220, 290
221, 291
221, 292
222, 293
222, 294
223, 295
223, 296
224, 297
224, 298
225, 299
225, 300
226, 301
224, 303
223, 303
222, 304
221, 304
220, 305
219, 305
218, 306
216, 306
215, 307
213, 307
212, 308
210, 308
209, 309
207, 309
206, 310
203, 310
202, 311
195, 311
194, 310
192, 310
191, 309
190, 309
189, 308
188, 308
182, 302
182, 301
180, 299
180, 298
179, 297
179, 296
178, 295
178, 293
179, 292
179, 282
180, 281
180, 269
179, 268
179, 264
178, 263
178, 261
177, 260
177, 259
176, 258
176, 257
172, 253
171, 253
170, 252
169, 253
168, 253
167, 254
167, 255
166, 256
166, 260
165, 261
165, 263
166, 264
166, 272
167, 273
167, 276
168, 277
168, 280
169, 281
169, 283
170, 284
170, 286
171, 287
171, 289
172, 290
172, 291
173, 292
173, 293
174, 294
174, 300
173, 301
173, 305
172, 306
172, 308
171, 309
171, 311
170, 312
170, 313
169, 314
169, 316
168, 317
168, 318
167, 319
167, 320
161, 326
160, 326
159, 327
154, 327
153, 326
151, 326
150, 325
149, 325
142, 318
142, 317
139, 314
139, 313
137, 311
137, 310
136, 309
136, 308
134, 306
134, 305
133, 304
133, 302
132, 301
132, 299
131, 298
131, 282
132, 281
132, 266
131, 265
131, 261
128, 261
127, 262
127, 264
126, 265
126, 270
125, 271
125, 287
126, 288
126, 293
127, 294
127, 301
126, 302
126, 308
125, 309
125, 314
124, 315
124, 319
123, 320
123, 322
122, 323
122, 325
121, 326
121, 327
120, 328
120, 329
118, 331
118, 332
116, 334
115, 334
113, 336
110, 336
109, 337
105, 337
104, 336
100, 336
99, 335
97, 335
96, 334
95, 334
90, 329
90, 328
89, 327
89, 326
88, 325
88, 324
87, 323
87, 321
86, 320
86, 317
85, 316
85, 313
84, 312
84, 308
83, 307
83, 302
82, 301
82, 297
81, 296
81, 289
80, 288
80, 282
79, 281
79, 275
78, 274
78, 268
77, 267
77, 262
76, 261
76, 255
75, 254
75, 248
74, 247
74, 243
73, 242
73, 239
72, 238
72, 235
71, 234
71, 232
70, 231
70, 229
69, 228
69, 227
68, 226
68, 225
66, 223
66, 222
63, 219
62, 219
61, 218
56, 218
55, 219
53, 219
46, 226
45, 225
45, 216
46, 215
46, 205
47, 204
47, 196
48, 195
48, 187
49, 186
49, 182
50, 181
50, 176
51, 175
51, 171
52, 170
52, 166
53, 165
53, 162
54, 161
54, 158
55, 157
55, 154
56, 153
56, 150
57, 149
57, 147
58, 146
58, 144
59, 143
59, 141
60, 140
60, 138
61, 137
61, 135
62, 134
62, 133
63, 132
63, 130
64, 129
64, 128
65, 127
65, 126
66, 125
66, 124
67, 123
67, 122
68, 121
68, 120
69, 119
69, 118
71, 116
71, 115
74, 112
74, 111
82, 103
83, 103
85, 101
86, 101
87, 100
91, 100
95, 104
95, 105
96, 106
96, 107
97, 108
97, 109
98, 110
98, 112
99, 113
99, 117
100, 118
100, 121
101, 122
101, 124
102, 125
102, 126
103, 127
105, 127
105, 123
104, 122
104, 120
103, 119
103, 115
102, 114
102, 112
101, 111
101, 108
100, 107
100, 106
99, 105
99, 104
98, 103
98, 102
93, 97
86, 97
85, 98
83, 98
81, 100
80, 100
71, 109
71, 110
68, 113
68, 114
67, 115
67, 116
65, 118
65, 119
64, 120
64, 121
63, 122
63, 123
62, 124
62, 125
61, 126
61, 128
60, 129
60, 130
59, 131
59, 132
58, 133
58, 135
57, 136
57, 138
56, 139
56, 141
55, 142
55, 144
54, 145
54, 147
53, 148
53, 151
52, 152
52, 155
51, 156
51, 159
50, 160
50, 163
49, 164
49, 167
48, 168
48, 172
47, 173
47, 178
46, 179
46, 184
45, 185
45, 191
44, 192
44, 200
43, 201
43, 210
42, 211
42, 212
41, 213
40, 212
40, 208
39, 207
39, 202
38, 201
38, 195
37, 194
37, 189
36, 188
36, 182
35, 181
35, 176
34, 175
34, 169
33, 168
33, 162
32, 161
32, 155
31, 154
31, 148
30, 147
30, 141
29, 140
29, 134
28, 133
28, 126
27, 125
27, 119
26, 118
26, 111
25, 110
25, 100
24, 99
24, 79
26, 77
27, 78
27, 81
28, 82
28, 84
30, 84
31, 83
31, 79
30, 78
30, 76
29, 75
29, 74
26, 71
25, 72
24, 72
22, 74
22, 76
21, 77
21, 103
22, 104
22, 113
23, 114
23, 120
24, 121
24, 128
25, 129
25, 136
26, 137
26, 143
27, 144
27, 150
28, 151
28, 157
29, 158
29, 164
30, 165
30, 171
31, 172
31, 177
32, 178
32, 184
33, 185
33, 191
34, 192
34, 197
35, 198
35, 203
36, 204
36, 209
37, 210
37, 216
38, 217
38, 222
39, 223
39, 228
40, 229
40, 234
41, 235
41, 240
40, 241
40, 246
41, 247
41, 279
42, 280
42, 295
43, 296
43, 304
44, 305
44, 310
45, 311
45, 314
46, 315
46, 316
47, 317
47, 318
49, 320
49, 321
50, 321
51, 322
52, 322
53, 323
54, 323
55, 322
56, 322
56, 312
55, 311
55, 303
54, 302
54, 296
53, 295
53, 288
52, 287
52, 282
51, 281
51, 275
50, 274
50, 269
49, 268
49, 262
48, 261
48, 256
47, 255
47, 250
46, 249
46, 244
45, 243
45, 235
46, 234
46, 233
47, 232
47, 231
49, 229
49, 228
54, 223
55, 223
56, 222
61, 222
63, 224
63, 225
65, 227
65, 228
66, 229
66, 230
67, 231
67, 233
68, 234
68, 237
69, 238
69, 241
70, 242
70, 245
71, 246
71, 250
72, 251
72, 257
73, 258
73, 264
74, 265
74, 271
75, 272
75, 277
76, 278
76, 284
77, 285
77, 292
78, 293
78, 299
79, 300
79, 304
80, 305
80, 310
81, 311
81, 315
82, 316
82, 319
83, 320
83, 322
84, 323
84, 325
85, 326
85, 327
86, 328
86, 329
87, 330
87, 331
93, 337
94, 337
95, 338
97, 338
98, 339
101, 339
102, 340
112, 340
113, 339
115, 339
117, 337
118, 337
122, 333
122, 332
123, 331
123, 330
124, 329
124, 328
125, 327
125, 325
126, 324
126, 322
127, 321
127, 318
128, 317
128, 312
129, 311
129, 308
130, 307
133, 310
133, 311
134, 312
134, 313
136, 315
136, 316
139, 319
139, 320
147, 328
148, 328
149, 329
151, 329
152, 330
155, 330
156, 331
157, 331
158, 330
161, 330
162, 329
163, 329
164, 328
165, 328
168, 325
168, 324
170, 322
170, 321
171, 320
171, 319
172, 318
172, 316
173, 315
173, 314
174, 313
174, 311
175, 310
175, 308
176, 307
176, 304
178, 302
179, 303
179, 304
186, 311
187, 311
189, 313
191, 313
192, 314
204, 314
205, 313
208, 313
209, 312
211, 312
212, 311
214, 311
215, 310
217, 310
218, 309
220, 309
221, 308
222, 308
223, 307
224, 307
225, 306
226, 306
227, 305
228, 305
232, 309
232, 310
235, 313
235, 314
244, 323
245, 323
246, 324
247, 324
248, 325
254, 325
255, 324
257, 324
260, 321
261, 321
261, 320
263, 318
263, 317
265, 315
265, 313
266, 312
266, 309
267, 308
267, 301
268, 300
268, 279
267, 278
267, 269
270, 266
270, 265
272, 263
272, 261
273, 260
273, 258
274, 257
274, 256
275, 255
276, 256
276, 270
277, 271
277, 279
278, 280
278, 287
279, 288
279, 293
280, 294
280, 299
281, 300
281, 304
282, 305
282, 307
283, 308
283, 311
285, 313
286, 313
287, 312
287, 301
288, 300
288, 292
289, 291
289, 287
290, 286
290, 282
291, 281
291, 278
292, 277
292, 275
293, 274
293, 272
294, 271
294, 269
295, 268
295, 266
296, 265
296, 263
297, 262
297, 261
298, 260
298, 259
299, 258
299, 257
300, 256
300, 255
301, 254
301, 253
303, 251
303, 250
305, 248
307, 248
308, 249
308, 250
309, 251
309, 255
308, 256
308, 261
307, 262
307, 265
306, 266
306, 268
305, 269
305, 270
304, 271
304, 273
303, 274
303, 275
302, 276
302, 277
301, 278
301, 279
300, 280
300, 281
299, 282
299, 283
298, 284
298, 285
297, 286
297, 287
296, 288
296, 289
293, 292
292, 292
291, 293
291, 295
292, 296
295, 296
296, 295
301, 295
302, 294
307, 294
308, 295
314, 295
315, 296
318, 296
319, 297
321, 297
322, 298
324, 298
325, 299
327, 299
328, 300
329, 300
333, 304
333, 309
334, 310
334, 313
335, 314
335, 317
336, 318
336, 320
337, 321
337, 322
338, 323
338, 324
340, 326
340, 327
342, 329
343, 329
344, 330
352, 330
353, 329
354, 329
355, 328
356, 328
357, 327
359, 327
360, 328
360, 330
361, 331
361, 332
362, 333
362, 334
363, 335
363, 336
364, 337
364, 338
366, 340
366, 341
368, 343
368, 344
372, 348
373, 348
375, 350
376, 350
377, 351
378, 351
379, 352
380, 352
381, 353
382, 353
383, 354
386, 354
387, 355
400, 355
401, 354
405, 354
406, 353
408, 353
409, 352
412, 352
413, 351
414, 351
415, 350
416, 350
417, 349
418, 349
419, 348
420, 348
422, 346
423, 346
426, 343
427, 343
435, 335
435, 334
438, 331
438, 330
439, 329
439, 328
441, 326
441, 325
442, 324
442, 323
443, 322
443, 320
444, 319
444, 318
445, 317
445, 314
446, 313
446, 309
447, 308
447, 296
446, 295
446, 291
445, 290
445, 288
444, 287
444, 285
443, 284
443, 282
442, 281
442, 280
441, 279
441, 278
439, 276
439, 275
436, 272
436, 271
430, 265
429, 265
427, 263
426, 263
425, 262
424, 262
423, 261
422, 261
421, 260
419, 260
418, 259
416, 259
415, 258
406, 258
405, 257
403, 257
402, 258
393, 258
392, 259
391, 258
391, 255
390, 254
390, 239
391, 238
391, 234
392, 233
392, 231
393, 230
393, 229
394, 228
394, 227
396, 225
396, 224
398, 222
398, 221
400, 219
400, 218
402, 216
402, 215
403, 214
403, 213
405, 211
405, 210
406, 209
406, 208
408, 206
408, 205
409, 204
409, 203
410, 202
410, 201
411, 200
411, 199
412, 198
412, 197
413, 196
413, 195
414, 194
414, 193
415, 192
415, 191
416, 190
416, 189
417, 188
417, 186
418, 185
418, 184
419, 183
419, 182
420, 181
420, 179
421, 178
421, 177
422, 176
422, 174
423, 173
423, 171
424, 170
424, 168
425, 167
425, 165
426, 164
426, 163
427, 162
427, 160
428, 159
428, 157
429, 156
429, 154
430, 153
430, 150
431, 149
431, 147
432, 146
432, 144
433, 143
433, 141
434, 140
434, 138
435, 137
435, 134
436, 133
436, 131
437, 130
437, 128
438, 127
438, 124
439, 123
439, 120
440, 119
440, 116
441, 115
441, 113
442, 112
442, 109
443, 108
443, 106
444, 105
444, 102
445, 101
445, 97
446, 96
446, 93
447, 92
447, 86
448, 85
448, 76
449, 75
449, 52
448, 51
448, 43
447, 42
447, 38
446, 37
446, 34
445, 33
445, 31
444, 30
444, 29
443, 28
443, 26
442, 25
442, 24
441, 23
441, 22
435, 16
433, 16
432, 15
341, 316
343, 318
344, 318
345, 319
346, 319
347, 320
350, 320
351, 319
354, 321
351, 326
342, 322
342, 321
341, 320
341, 319
340, 318
363, 314
361, 315
222, 285
223, 284
231, 284
232, 285
232, 290
231, 291
231, 293
230, 294
230, 296
229, 297
228, 297
227, 296
227, 295
226, 294
226, 293
225, 292
225, 291
224, 290
224, 289
223, 288
223, 287
222, 286
260, 274
261, 273
263, 273
264, 274
264, 305
263, 306
263, 309
262, 310
262, 312
261, 313
261, 314
260, 315
260, 316
256, 320
255, 320
254, 321
252, 321
251, 322
250, 321
248, 321
247, 320
246, 320
239, 313
239, 312
235, 308
235, 307
232, 304
232, 303
231, 302
231, 301
232, 300
232, 299
233, 298
233, 296
234, 295
234, 293
235, 292
235, 289
236, 288
236, 284
237, 283
238, 283
239, 282
241, 282
242, 281
244, 281
245, 280
247, 280
248, 279
249, 279
250, 278
252, 278
253, 277
254, 277
255, 276
256, 276
257, 275
258, 275
259, 274
369, 273
370, 272
372, 273
372, 274
373, 275
373, 290
372, 291
371, 296
371, 297
370, 298
370, 299
359, 308
359, 305
358, 304
358, 295
357, 294
359, 283
359, 282
368, 273
45, 272
46, 271
47, 272
47, 277
48, 278
48, 283
49, 284
49, 290
50, 291
50, 298
51, 299
51, 305
52, 306
52, 316
51, 317
50, 316
50, 315
49, 314
49, 313
48, 312
48, 309
47, 308
47, 302
46, 301
46, 292
45, 291
383, 266
384, 265
385, 266
385, 271
384, 272
384, 274
383, 275
383, 277
382, 278
382, 279
381, 280
381, 282
380, 283
380, 284
379, 285
378, 284
378, 283
377, 282
377, 274
376, 273
376, 269
377, 268
378, 268
379, 267
380, 267
381, 266
394, 263
395, 262
413, 262
414, 263
417, 263
418, 264
421, 265
422, 265
424, 267
425, 267
435, 277
435, 278
437, 280
437, 281
438, 282
438, 283
439, 284
439, 285
440, 286
440, 288
441, 289
441, 291
442, 292
442, 297
443, 298
443, 306
442, 307
442, 311
441, 312
441, 315
440, 316
439, 319
439, 320
438, 321
438, 322
437, 323
437, 324
436, 325
436, 326
434, 328
434, 329
430, 333
430, 334
425, 339
424, 339
421, 342
420, 342
418, 344
417, 344
416, 345
415, 345
414, 346
413, 346
412, 347
411, 347
410, 348
408, 348
407, 349
404, 349
403, 350
399, 350
398, 351
389, 351
388, 350
385, 350
384, 349
381, 348
380, 348
378, 346
377, 346
370, 339
370, 338
368, 336
368, 335
367, 334
367, 333
366, 332
366, 331
365, 330
365, 329
364, 328
364, 327
363, 326
364, 321
364, 320
367, 317
367, 316
369, 314
369, 313
370, 312
370, 311
371, 310
371, 309
372, 308
372, 307
373, 306
373, 304
374, 303
374, 301
375, 300
375, 299
377, 297
377, 296
379, 294
379, 293
381, 291
381, 290
383, 288
383, 286
384, 285
384, 284
385, 283
385, 282
386, 281
386, 280
387, 279
387, 277
388, 276
388, 274
389, 273
389, 269
390, 268
392, 263
169, 258
170, 257
174, 261
174, 262
175, 263
175, 266
176, 267
176, 285
175, 286
173, 284
173, 282
172, 281
172, 279
171, 278
171, 275
170, 274
170, 270
169, 269
357, 256
358, 255
360, 255
362, 257
363, 257
366, 260
366, 261
369, 264
369, 267
367, 269
366, 269
363, 272
362, 272
358, 276
357, 275
357, 273
356, 272
356, 260
357, 259
350, 256
351, 255
352, 256
352, 280
353, 281
353, 283
352, 284
352, 287
351, 288
351, 292
350, 293
350, 297
349, 298
349, 301
350, 302
350, 308
351, 309
351, 314
350, 315
347, 315
343, 311
343, 310
342, 309
342, 306
343, 305
345, 305
346, 304
346, 302
345, 301
344, 301
343, 302
342, 302
340, 300
340, 299
339, 298
339, 292
338, 291
338, 289
340, 287
341, 287
342, 286
342, 282
341, 281
341, 280
338, 277
338, 275
339, 274
339, 269
340, 268
340, 265
341, 264
341, 263
342, 262
342, 261
345, 258
346, 258
347, 257
348, 257
349, 256
224, 254
225, 255
226, 255
227, 256
228, 256
232, 260
232, 261
233, 269
234, 270
234, 278
222, 280
220, 278
220, 277
219, 271
218, 270
218, 257
229, 249
239, 249
240, 250
244, 250
245, 251
247, 251
248, 252
252, 254
253, 254
260, 261
260, 262
261, 263
261, 265
262, 266
260, 270
259, 270
258, 271
257, 271
256, 272
255, 272
253, 274
251, 274
250, 275
248, 275
247, 276
246, 276
245, 277
243, 277
242, 278
240, 278
239, 279
237, 278
237, 265
236, 264
236, 260
235, 259
235, 258
230, 253
229, 253
424, 20
425, 19
430, 19
431, 20
433, 20
437, 24
437, 25
438, 26
438, 27
439, 28
439, 29
440, 30
440, 32
441, 33
441, 35
442, 36
442, 39
443, 40
443, 43
444, 44
444, 55
445, 56
445, 71
444, 72
444, 83
443, 84
443, 90
442, 91
442, 95
441, 96
441, 99
440, 100
440, 103
439, 104
439, 107
438, 108
438, 110
437, 111
437, 114
436, 115
436, 118
435, 119
435, 121
434, 122
434, 125
433, 126
433, 129
432, 130
432, 132
431, 133
431, 135
430, 136
430, 138
429, 139
429, 141
428, 142
428, 145
427, 146
427, 148
426, 149
426, 151
425, 152
425, 154
424, 155
424, 157
423, 158
423, 160
422, 161
422, 163
421, 164
421, 166
420, 167
420, 169
419, 170
419, 171
418, 172
418, 174
417, 175
417, 177
416, 178
416, 179
415, 180
415, 182
414, 183
414, 184
413, 185
413, 186
412, 187
412, 188
411, 189
411, 190
410, 191
410, 193
408, 195
408, 196
407, 197
407, 198
406, 199
406, 200
405, 201
405, 202
404, 203
404, 204
403, 205
403, 206
401, 208
401, 209
400, 210
400, 211
398, 213
398, 214
396, 216
396, 217
394, 219
394, 220
392, 222
392, 223
391, 224
391, 225
390, 226
390, 227
389, 228
389, 229
388, 230
388, 231
387, 232
387, 236
386, 237
386, 259
384, 261
382, 261
381, 262
380, 262
379, 263
377, 263
376, 264
374, 264
372, 262
372, 261
370, 259
370, 258
365, 253
364, 253
363, 252
362, 252
361, 251
359, 251
357, 249
357, 235
358, 234
358, 220
359, 219
359, 208
360, 207
360, 198
361, 197
361, 189
362, 188
362, 180
363, 179
363, 172
364, 171
364, 164
365, 163
365, 157
366, 156
366, 150
367, 149
367, 144
368, 143
368, 138
369, 137
369, 132
370, 131
370, 127
371, 126
371, 121
372, 120
372, 117
373, 116
373, 112
374, 111
374, 107
375, 106
375, 103
376, 102
376, 99
377, 98
377, 95
378, 94
378, 92
379, 91
379, 88
380, 87
380, 85
381, 84
381, 82
382, 81
382, 79
383, 78
383, 76
384, 75
384, 73
385, 72
385, 70
386, 69
386, 67
387, 66
387, 65
388, 64
388, 62
389, 61
389, 60
390, 59
390, 58
391, 57
391, 55
392, 54
392, 53
393, 52
393, 51
394, 50
394, 49
395, 48
395, 47
396, 46
396, 45
398, 43
398, 42
399, 41
399, 40
401, 38
401, 37
405, 33
405, 32
411, 26
412, 26
414, 24
415, 24
417, 22
418, 22
419, 21
421, 21
422, 20
