4, 2
496, 4
494, 215
2, 213
471, 23
470, 24
469, 24
468, 25
467, 25
461, 31
461, 32
458, 35
458, 36
456, 38
456, 39
455, 40
455, 41
453, 43
453, 44
451, 46
451, 47
450, 48
450, 49
448, 51
448, 52
447, 53
447, 54
446, 55
446, 56
445, 57
445, 58
444, 59
444, 60
443, 61
443, 62
442, 63
442, 64
441, 65
441, 66
440, 67
440, 68
439, 69
439, 70
438, 71
438, 72
437, 73
437, 75
436, 76
436, 77
435, 78
435, 79
434, 80
434, 81
433, 82
433, 84
432, 85
432, 86
431, 87
431, 89
430, 90
430, 91
429, 92
429, 94
428, 95
428, 97
427, 98
427, 99
426, 100
426, 102
425, 103
425, 105
424, 106
424, 108
423, 109
423, 111
422, 112
422, 115
421, 116
421, 118
420, 119
420, 121
419, 122
419, 125
418, 126
418, 129
417, 130
417, 133
416, 134
416, 138
415, 139
415, 143
414, 144
414, 145
413, 146
413, 147
407, 153
407, 154
394, 167
393, 167
384, 176
383, 176
378, 181
377, 181
376, 182
375, 182
374, 183
373, 183
372, 184
371, 184
370, 183
369, 183
368, 182
368, 181
367, 180
367, 175
366, 174
366, 167
367, 166
367, 160
368, 159
368, 158
370, 156
371, 156
384, 143
384, 142
388, 138
388, 137
390, 135
390, 134
392, 132
392, 131
393, 130
393, 129
394, 128
394, 121
393, 120
393, 119
392, 118
391, 118
390, 117
388, 117
387, 118
386, 118
385, 119
384, 119
383, 120
383, 121
380, 124
380, 125
379, 126
379, 127
377, 129
377, 130
376, 131
376, 132
375, 133
375, 134
374, 135
374, 136
373, 137
373, 138
372, 139
372, 140
371, 141
371, 142
370, 143
370, 144
369, 145
369, 147
368, 148
368, 150
367, 151
367, 153
366, 154
366, 155
365, 156
365, 157
364, 158
363, 158
361, 160
360, 160
358, 162
357, 162
355, 164
354, 164
353, 165
352, 165
351, 166
350, 166
349, 167
348, 167
347, 168
346, 168
345, 169
340, 169
339, 170
341, 172
343, 172
344, 171
346, 171
347, 170
348, 170
349, 169
350, 169
351, 168
352, 168
353, 167
354, 167
355, 166
356, 166
357, 165
358, 165
360, 163
361, 163
363, 161
364, 162
364, 177
365, 178
365, 181
366, 182
366, 183
369, 186
374, 186
375, 185
376, 185
377, 184
378, 184
381, 181
382, 181
388, 175
389, 175
412, 152
413, 153
413, 156
412, 157
412, 180
413, 181
413, 185
414, 186
414, 188
415, 189
415, 191
416, 192
416, 193
417, 194
417, 195
418, 196
418, 197
421, 200
421, 201
422, 202
423, 202
425, 204
426, 204
427, 205
434, 205
435, 204
436, 204
439, 201
440, 201
442, 199
442, 198
445, 195
445, 194
446, 193
446, 192
447, 191
447, 190
448, 189
448, 188
449, 187
449, 185
450, 184
450, 183
451, 182
451, 179
452, 178
452, 174
453, 173
453, 160
452, 159
452, 155
451, 154
451, 153
450, 152
450, 151
447, 148
446, 148
445, 147
443, 147
442, 146
439, 146
438, 147
436, 147
435, 148
434, 148
433, 149
432, 149
430, 151
430, 152
428, 154
428, 155
427, 156
427, 158
426, 159
426, 161
425, 162
425, 165
424, 166
424, 170
426, 170
426, 168
427, 167
427, 164
428, 163
428, 160
429, 159
429, 157
430, 156
430, 155
435, 150
436, 150
437, 149
444, 149
449, 154
449, 156
450, 157
450, 161
451, 162
451, 170
450, 171
450, 177
449, 178
449, 180
448, 181
448, 183
447, 184
447, 186
446, 187
446, 188
445, 189
445, 190
444, 191
444, 192
442, 194
442, 195
436, 201
435, 201
434, 202
433, 202
432, 203
429, 203
428, 202
426, 202
421, 197
421, 196
419, 194
419, 193
418, 192
418, 191
417, 190
417, 188
416, 187
416, 184
415, 183
415, 179
414, 178
414, 160
415, 159
415, 152
416, 151
416, 148
417, 147
417, 146
420, 143
420, 142
424, 138
424, 137
427, 134
427, 133
429, 131
429, 130
431, 128
431, 127
433, 125
433, 124
435, 122
435, 121
436, 120
436, 119
438, 117
438, 116
439, 115
439, 114
441, 112
441, 111
442, 110
442, 109
443, 108
443, 107
444, 106
444, 105
445, 104
445, 103
446, 102
446, 101
447, 100
447, 99
448, 98
448, 97
449, 96
449, 95
450, 94
450, 93
451, 92
451, 91
452, 90
452, 89
453, 88
453, 87
454, 86
454, 84
455, 83
455, 82
456, 81
456, 80
457, 79
457, 78
458, 77
458, 75
459, 74
459, 73
460, 72
460, 70
461, 69
461, 68
462, 67
462, 65
463, 64
463, 63
464, 62
464, 60
465, 59
465, 58
466, 57
466, 55
467, 54
467, 53
468, 52
468, 50
469, 49
469, 47
470, 46
470, 45
471, 44
471, 42
472, 41
472, 39
473, 38
473, 36
474, 35
474, 32
475, 31
475, 26
474, 25
474, 24
473, 24
472, 23
387, 120
390, 120
391, 121
391, 122
392, 123
392, 126
391, 127
391, 129
389, 131
389, 132
387, 134
387, 135
384, 138
384, 139
379, 144
379, 145
373, 151
372, 151
371, 152
370, 151
370, 149
371, 148
371, 147
372, 146
372, 144
373, 143
373, 142
374, 141
374, 140
375, 139
375, 138
376, 137
376, 136
378, 134
378, 133
379, 132
379, 131
380, 130
380, 129
381, 128
381, 127
383, 125
383, 124
470, 26
471, 26
473, 28
473, 29
472, 30
472, 33
471, 34
471, 37
470, 38
470, 40
469, 41
469, 42
468, 43
468, 45
467, 46
467, 48
466, 49
466, 50
465, 51
465, 53
464, 54
464, 55
463, 56
463, 58
462, 59
462, 61
461, 62
461, 63
460, 64
460, 66
459, 67
459, 68
458, 69
458, 71
457, 72
457, 73
456, 74
456, 75
455, 76
455, 78
454, 79
454, 80
453, 81
453, 82
452, 83
452, 84
451, 85
451, 87
450, 88
450, 89
449, 90
449, 91
448, 92
448, 93
447, 94
447, 95
446, 96
446, 97
445, 98
445, 99
444, 100
444, 101
443, 102
443, 103
442, 104
442, 105
441, 106
441, 107
439, 109
439, 110
438, 111
438, 112
437, 113
437, 114
435, 116
435, 117
434, 118
434, 119
432, 121
432, 122
430, 124
430, 125
428, 127
428, 128
426, 130
426, 131
423, 134
423, 135
419, 139
418, 138
418, 136
419, 135
419, 132
420, 131
420, 127
421, 126
421, 124
422, 123
422, 120
423, 119
423, 117
424, 116
424, 114
425, 113
425, 111
426, 110
426, 108
427, 107
427, 105
428, 104
428, 102
429, 101
429, 99
430, 98
430, 96
431, 95
431, 94
432, 93
432, 91
433, 90
433, 89
434, 88
434, 86
435, 85
435, 84
436, 83
436, 81
437, 80
437, 79
438, 78
438, 77
439, 76
439, 75
440, 74
440, 72
441, 71
441, 70
442, 69
442, 68
443, 67
443, 66
444, 65
444, 64
445, 63
445, 62
446, 61
446, 60
447, 59
447, 58
449, 56
449, 55
450, 54
450, 53
451, 52
451, 51
452, 50
452, 49
454, 47
454, 46
456, 44
456, 43
457, 42
457, 41
459, 39
459, 38
461, 36
461, 35
27, 9
27, 10
26, 11
26, 40
25, 41
25, 75
24, 76
24, 96
23, 97
23, 114
22, 115
22, 135
21, 136
21, 169
22, 170
22, 175
24, 177
27, 177
30, 174
30, 173
31, 172
31, 171
32, 170
32, 169
33, 168
33, 167
34, 166
34, 165
35, 164
35, 163
36, 162
36, 160
37, 159
37, 158
38, 157
38, 155
39, 154
39, 153
40, 152
40, 150
42, 148
45, 151
45, 152
48, 155
48, 156
49, 157
49, 158
51, 160
51, 161
53, 163
53, 164
56, 167
56, 168
59, 171
59, 172
64, 177
64, 178
83, 197
84, 197
87, 200
88, 200
89, 201
91, 201
92, 202
93, 202
94, 201
97, 201
98, 200
99, 200
100, 199
101, 199
103, 197
104, 197
106, 195
107, 195
108, 194
110, 194
111, 193
112, 193
113, 192
115, 192
121, 186
121, 185
123, 183
123, 182
125, 180
127, 182
127, 187
128, 188
128, 190
131, 193
135, 193
136, 192
137, 192
138, 191
139, 191
146, 184
146, 183
148, 181
148, 180
149, 179
149, 178
151, 176
151, 175
153, 173
153, 172
154, 171
154, 170
155, 169
155, 168
156, 167
156, 166
157, 165
157, 164
158, 163
158, 162
159, 161
159, 160
160, 159
160, 158
161, 157
161, 156
162, 155
162, 154
163, 153
163, 152
164, 151
164, 149
165, 148
165, 147
166, 146
166, 144
167, 143
167, 142
168, 141
168, 139
169, 138
169, 137
170, 136
170, 134
171, 133
171, 132
172, 131
172, 129
173, 128
173, 127
174, 126
175, 127
175, 129
174, 130
174, 135
173, 136
173, 142
172, 143
172, 166
173, 167
173, 169
174, 170
174, 171
175, 172
175, 173
176, 174
178, 174
179, 175
180, 175
181, 174
183, 174
185, 172
186, 172
190, 168
190, 167
194, 163
194, 162
198, 158
198, 157
202, 153
202, 152
206, 148
206, 147
209, 144
209, 143
211, 141
211, 140
213, 138
213, 137
215, 135
216, 136
216, 139
215, 140
215, 144
214, 145
214, 150
213, 151
213, 160
212, 161
212, 191
213, 192
213, 196
214, 197
214, 199
215, 200
215, 201
216, 201
217, 202
221, 202
222, 201
223, 201
230, 194
230, 193
233, 190
233, 189
235, 187
235, 186
237, 184
237, 183
238, 182
238, 181
239, 180
239, 179
241, 177
241, 176
242, 175
242, 174
243, 173
243, 171
244, 170
244, 169
245, 168
245, 167
246, 166
246, 164
247, 163
247, 162
248, 161
248, 159
249, 158
249, 157
250, 156
250, 153
251, 152
251, 150
252, 149
252, 146
253, 145
253, 141
254, 140
254, 138
259, 133
260, 133
262, 131
263, 131
267, 127
268, 127
275, 120
276, 120
280, 116
280, 115
287, 108
288, 108
289, 109
288, 110
288, 113
287, 114
287, 117
286, 118
286, 121
285, 122
285, 125
284, 126
284, 128
283, 129
283, 132
282, 133
282, 136
281, 137
281, 140
280, 141
280, 144
279, 145
279, 147
278, 148
278, 151
277, 152
277, 155
276, 156
276, 159
275, 160
275, 162
274, 163
274, 166
273, 167
273, 171
272, 172
272, 175
271, 176
271, 180
270, 181
270, 184
269, 185
269, 188
268, 189
268, 193
267, 194
267, 198
266, 199
266, 206
267, 207
268, 207
269, 206
270, 206
271, 205
271, 204
274, 201
274, 200
276, 198
276, 197
277, 196
277, 195
278, 194
278, 193
280, 191
280, 190
281, 189
281, 188
282, 187
282, 186
283, 185
283, 184
284, 183
284, 182
285, 181
285, 180
286, 179
286, 177
287, 176
287, 175
288, 174
288, 173
289, 172
289, 171
290, 170
290, 169
291, 168
291, 167
292, 166
292, 165
293, 164
293, 163
294, 162
294, 161
296, 159
296, 158
297, 157
297, 156
298, 155
298, 154
299, 153
299, 152
301, 150
301, 149
302, 148
302, 147
304, 145
304, 144
306, 142
306, 141
307, 140
307, 139
309, 137
309, 136
311, 134
311, 133
313, 131
313, 130
315, 128
315, 127
318, 124
318, 123
320, 121
320, 120
323, 117
323, 116
326, 113
326, 112
328, 110
328, 109
332, 105
332, 104
335, 101
335, 100
340, 95
340, 94
342, 92
347, 92
348, 91
349, 91
350, 90
350, 89
353, 86
353, 84
352, 83
350, 83
349, 84
347, 84
346, 85
345, 85
343, 87
342, 87
334, 95
334, 96
330, 100
330, 101
327, 104
327, 105
324, 108
324, 109
321, 112
321, 113
319, 115
319, 116
316, 119
316, 120
313, 123
313, 124
311, 126
311, 127
309, 129
309, 130
307, 132
307, 133
305, 135
305, 136
303, 138
303, 139
302, 140
302, 141
300, 143
300, 144
298, 146
298, 147
297, 148
297, 149
296, 150
296, 151
294, 153
294, 154
293, 155
293, 156
292, 157
292, 158
291, 159
291, 160
290, 161
290, 162
289, 163
289, 164
287, 166
287, 167
286, 168
286, 170
285, 171
285, 172
284, 173
284, 174
283, 175
283, 176
282, 177
282, 178
281, 179
281, 180
280, 181
280, 182
279, 183
279, 184
278, 185
278, 186
277, 187
277, 188
276, 189
276, 190
275, 191
275, 192
272, 195
271, 194
271, 193
272, 192
272, 189
273, 188
273, 184
274, 183
274, 180
275, 179
275, 176
276, 175
276, 171
277, 170
277, 167
278, 166
278, 163
279, 162
279, 159
280, 158
280, 155
281, 154
281, 152
282, 151
282, 148
283, 147
283, 144
284, 143
284, 140
285, 139
285, 137
286, 136
286, 133
287, 132
287, 129
288, 128
288, 125
289, 124
289, 122
290, 121
290, 118
291, 117
291, 114
292, 113
292, 110
293, 109
293, 106
294, 105
294, 103
295, 102
295, 100
301, 94
301, 92
300, 91
296, 91
295, 92
295, 93
292, 96
292, 97
283, 106
283, 107
269, 121
268, 121
263, 126
262, 126
259, 129
258, 129
256, 131
255, 130
255, 111
254, 110
254, 105
253, 104
253, 101
252, 100
252, 98
249, 95
245, 95
239, 101
239, 102
237, 104
237, 105
236, 106
236, 107
235, 108
235, 109
234, 110
234, 111
233, 112
233, 113
232, 114
232, 115
230, 117
229, 116
229, 114
228, 113
226, 113
224, 115
224, 116
221, 119
221, 120
218, 123
218, 124
215, 127
215, 128
213, 130
213, 131
211, 133
211, 134
209, 136
209, 137
207, 139
207, 140
204, 143
204, 144
201, 147
201, 148
196, 153
196, 154
193, 157
193, 158
189, 162
189, 163
182, 170
181, 170
180, 171
179, 171
177, 169
177, 167
176, 166
176, 162
175, 161
175, 152
176, 151
176, 141
177, 140
177, 135
178, 134
178, 129
179, 128
179, 124
180, 123
180, 120
181, 119
181, 115
182, 114
182, 111
183, 110
183, 107
184, 106
184, 103
185, 102
185, 99
186, 98
186, 95
187, 94
187, 91
188, 90
188, 87
189, 86
189, 83
190, 82
190, 79
191, 78
191, 75
192, 74
192, 70
193, 69
193, 63
190, 63
190, 64
189, 65
189, 66
188, 67
188, 70
187, 71
187, 73
186, 74
186, 77
185, 78
185, 80
184, 81
184, 84
183, 85
183, 88
182, 89
182, 91
181, 92
181, 95
180, 96
180, 98
179, 99
179, 101
178, 102
178, 104
177, 105
177, 107
176, 108
176, 109
175, 110
175, 112
174, 113
174, 115
173, 116
173, 117
172, 118
172, 120
171, 121
171, 123
170, 124
170, 125
169, 126
169, 128
168, 129
168, 130
167, 131
167, 133
166, 134
166, 136
165, 137
165, 138
164, 139
164, 141
163, 142
163, 143
162, 144
162, 145
161, 146
161, 148
160, 149
160, 150
159, 151
159, 152
158, 153
158, 155
157, 156
157, 157
156, 158
156, 159
155, 160
155, 161
154, 162
154, 163
153, 164
153, 165
151, 167
151, 168
150, 169
150, 170
149, 171
149, 172
147, 174
147, 175
145, 177
145, 178
144, 179
144, 180
135, 189
133, 189
131, 187
131, 184
130, 183
130, 174
129, 173
129, 170
128, 169
126, 169
126, 170
125, 171
125, 172
124, 173
124, 174
122, 176
122, 177
120, 179
120, 180
119, 181
119, 182
117, 184
117, 185
114, 188
113, 188
112, 189
111, 189
110, 190
108, 190
107, 191
106, 191
105, 192
104, 192
103, 193
102, 193
100, 195
99, 195
97, 197
95, 197
94, 198
92, 198
91, 197
90, 197
89, 196
88, 196
80, 188
79, 188
70, 179
70, 178
65, 173
65, 172
61, 168
61, 167
58, 164
58, 163
55, 160
55, 159
53, 157
53, 156
52, 155
52, 154
50, 152
50, 151
47, 148
47, 147
45, 145
45, 144
44, 143
44, 141
45, 140
45, 138
46, 137
46, 136
47, 135
47, 134
48, 133
48, 132
49, 131
49, 129
50, 128
50, 127
51, 126
51, 125
52, 124
52, 123
53, 122
53, 120
54, 119
54, 118
55, 117
55, 116
56, 115
56, 114
57, 113
57, 112
58, 111
58, 110
60, 108
60, 107
61, 106
61, 105
62, 104
62, 103
63, 102
63, 101
65, 99
65, 98
66, 97
66, 96
68, 94
68, 93
70, 91
70, 90
72, 88
72, 87
73, 86
73, 85
75, 83
75, 82
78, 79
78, 78
81, 75
81, 74
85, 70
85, 69
89, 65
89, 64
93, 60
93, 59
95, 57
95, 56
99, 52
99, 51
104, 46
104, 45
106, 43
106, 42
105, 41
103, 41
96, 48
96, 49
93, 52
93, 53
90, 56
90, 57
86, 61
86, 62
82, 66
82, 67
79, 70
79, 71
75, 75
75, 76
73, 78
73, 79
71, 81
71, 82
69, 84
69, 85
67, 87
67, 88
65, 90
65, 91
64, 92
64, 93
62, 95
62, 96
61, 97
61, 98
59, 100
59, 101
58, 102
58, 103
57, 104
57, 105
55, 107
55, 108
54, 109
54, 110
53, 111
53, 112
52, 113
52, 114
51, 115
51, 116
50, 117
50, 118
49, 119
49, 121
48, 122
48, 123
47, 124
47, 125
46, 126
46, 127
45, 128
45, 130
44, 131
44, 132
43, 133
43, 134
41, 136
38, 136
37, 137
37, 138
38, 139
38, 141
39, 142
39, 144
38, 145
38, 146
37, 147
37, 149
36, 150
36, 151
35, 152
35, 153
34, 154
34, 156
33, 157
33, 158
32, 159
32, 161
31, 162
31, 163
30, 164
30, 165
29, 166
29, 167
28, 168
28, 169
27, 170
26, 170
25, 169
25, 133
26, 132
26, 114
27, 113
27, 96
28, 95
28, 74
29, 73
29, 38
30, 37
30, 13
31, 12
31, 11
30, 10
30, 9
228, 117
229, 116
230, 117
230, 119
229, 120
229, 121
228, 122
228, 124
227, 125
227, 134
228, 135
228, 137
232, 141
233, 141
234, 142
243, 142
244, 141
246, 141
247, 140
249, 140
250, 141
249, 142
249, 146
248, 147
248, 149
247, 150
247, 152
246, 153
246, 156
245, 157
245, 158
244, 159
244, 161
243, 162
243, 163
242, 164
242, 166
241, 167
241, 168
240, 169
240, 170
239, 171
239, 172
238, 173
238, 174
237, 175
237, 176
236, 177
236, 178
234, 180
234, 181
233, 182
233, 183
231, 185
231, 186
229, 188
229, 189
224, 194
224, 195
222, 197
221, 197
220, 198
219, 198
217, 196
217, 193
216, 192
216, 158
217, 157
217, 149
218, 148
218, 144
219, 143
219, 139
220, 138
220, 135
221, 134
221, 132
222, 131
222, 129
223, 128
223, 127
224, 126
224, 125
225, 124
225, 122
226, 121
226, 120
228, 118
246, 99
249, 101
249, 103
250, 104
250, 108
251, 109
248, 136
247, 136
246, 137
244, 137
243, 138
239, 138
237, 138
235, 138
234, 137
233, 137
232, 136
232, 135
231, 134
232, 124
232, 122
233, 121
233, 120
234, 119
234, 118
235, 117
235, 116
236, 115
236, 114
237, 113
237, 112
239, 110
239, 109
240, 108
240, 107
241, 106
241, 105
243, 103
243, 102
