206, 2
208, 367
4, 369
2, 4
193, 15
192, 16
189, 16
188, 17
186, 17
185, 18
183, 18
182, 19
181, 19
180, 20
179, 20
177, 22
176, 22
174, 24
173, 24
172, 25
171, 25
170, 26
169, 26
168, 27
167, 27
164, 30
163, 30
160, 33
159, 33
156, 36
155, 36
153, 38
152, 38
149, 41
148, 41
124, 65
124, 66
120, 70
120, 71
116, 75
116, 76
113, 79
113, 80
111, 82
111, 83
108, 86
108, 87
106, 89
106, 90
104, 92
104, 93
102, 95
102, 96
100, 98
100, 99
98, 101
98, 102
97, 103
97, 104
95, 106
95, 107
94, 108
94, 109
92, 111
92, 112
91, 113
91, 114
89, 116
89, 117
88, 118
88, 119
87, 120
87, 121
85, 123
85, 124
84, 125
84, 126
83, 127
83, 128
82, 129
82, 130
81, 131
81, 132
80, 133
80, 134
79, 135
79, 136
78, 137
78, 138
77, 139
77, 140
76, 141
76, 143
75, 144
75, 145
74, 146
74, 147
73, 148
73, 150
72, 151
72, 152
71, 153
71, 155
70, 156
70, 157
69, 158
69, 160
68, 161
68, 162
67, 163
67, 165
66, 166
66, 168
65, 169
65, 171
63, 173
61, 173
60, 172
59, 172
58, 171
56, 171
55, 170
36, 170
35, 171
33, 171
32, 172
29, 172
28, 173
27, 173
26, 174
25, 174
23, 176
22, 176
20, 178
20, 179
18, 181
18, 182
17, 183
17, 184
16, 185
16, 187
18, 189
20, 189
21, 188
21, 185
23, 183
23, 182
26, 179
27, 179
28, 178
29, 178
30, 177
31, 177
32, 176
34, 176
35, 175
41, 175
42, 174
50, 174
51, 175
55, 175
56, 176
58, 176
59, 177
60, 177
62, 179
61, 180
61, 183
60, 184
60, 186
59, 187
59, 189
58, 190
58, 192
57, 193
57, 196
56, 197
56, 200
55, 201
55, 204
54, 205
54, 208
53, 209
53, 213
52, 214
52, 217
51, 218
51, 222
50, 223
50, 228
49, 229
49, 233
48, 234
48, 239
47, 240
47, 246
46, 247
46, 252
45, 253
45, 259
44, 260
44, 267
43, 268
43, 271
36, 278
36, 279
30, 285
30, 286
27, 289
27, 290
25, 292
25, 293
23, 295
23, 296
22, 297
22, 298
20, 300
20, 301
19, 302
19, 303
18, 304
18, 305
16, 307
16, 308
15, 309
15, 310
14, 311
14, 312
13, 313
13, 314
12, 315
12, 316
11, 317
11, 319
10, 320
10, 321
9, 322
9, 325
8, 326
8, 340
9, 341
9, 343
10, 344
10, 345
12, 347
12, 348
16, 352
17, 352
18, 353
19, 353
20, 354
22, 354
23, 355
35, 355
36, 354
38, 354
39, 353
40, 353
41, 352
42, 352
44, 350
45, 350
50, 345
52, 345
54, 347
55, 347
57, 349
58, 349
59, 350
61, 350
62, 351
65, 351
66, 352
72, 352
73, 351
77, 351
78, 350
80, 350
81, 349
82, 349
83, 348
84, 348
86, 346
87, 346
88, 345
89, 345
91, 343
92, 343
104, 331
104, 330
107, 327
107, 326
109, 324
109, 323
111, 321
111, 320
113, 318
113, 317
114, 316
114, 315
115, 314
115, 313
117, 311
117, 310
118, 309
118, 308
119, 307
119, 305
120, 304
120, 303
121, 302
121, 301
122, 300
122, 298
123, 297
123, 295
124, 294
124, 291
125, 290
125, 287
126, 286
126, 282
127, 281
127, 273
128, 272
128, 268
127, 267
127, 259
126, 258
126, 256
125, 255
125, 254
123, 252
123, 251
120, 248
119, 248
118, 247
117, 247
116, 246
115, 246
114, 245
111, 245
110, 244
93, 244
92, 243
92, 216
91, 215
91, 211
90, 210
90, 208
89, 207
89, 205
88, 204
88, 202
87, 201
87, 200
86, 199
86, 198
85, 197
85, 196
83, 194
83, 193
81, 191
81, 190
76, 185
76, 184
73, 181
72, 181
68, 177
68, 174
69, 173
69, 171
70, 170
70, 169
71, 168
71, 166
72, 165
72, 163
73, 162
73, 161
74, 160
74, 158
75, 157
75, 156
76, 155
76, 153
77, 152
77, 151
78, 150
78, 149
79, 148
79, 146
80, 145
80, 144
81, 143
81, 142
82, 141
82, 140
83, 139
83, 138
84, 137
84, 136
85, 135
85, 134
86, 133
86, 132
87, 131
87, 130
88, 129
88, 128
89, 127
89, 126
90, 125
90, 124
91, 123
91, 122
93, 120
93, 119
94, 118
94, 117
95, 116
95, 115
97, 113
97, 112
98, 111
98, 110
100, 108
100, 107
102, 105
102, 104
103, 103
103, 102
105, 100
105, 99
107, 97
107, 96
109, 94
109, 93
111, 91
111, 90
114, 87
114, 86
116, 84
116, 83
119, 80
119, 79
122, 76
122, 75
126, 71
126, 70
134, 62
134, 61
138, 57
139, 57
152, 44
153, 44
156, 41
157, 41
159, 39
160, 39
163, 36
164, 36
168, 32
169, 32
170, 31
171, 31
173, 29
174, 29
175, 28
176, 28
177, 27
178, 27
180, 25
181, 25
182, 24
183, 24
185, 22
187, 22
188, 21
190, 21
191, 20
196, 20
197, 19
200, 19
201, 18
201, 16
200, 15
40, 281
42, 282
42, 286
41, 287
41, 302
40, 303
40, 311
41, 312
41, 324
42, 325
42, 329
43, 330
43, 332
44, 333
44, 335
46, 337
46, 338
47, 339
46, 343
45, 343
41, 347
40, 347
39, 348
38, 348
37, 349
36, 349
35, 350
32, 350
31, 351
26, 350
23, 350
22, 349
20, 349
15, 344
15, 343
14, 342
14, 341
13, 340
13, 337
12, 336
12, 331
13, 330
14, 324
14, 322
15, 321
15, 320
16, 319
16, 317
17, 316
17, 315
18, 314
18, 313
20, 311
20, 310
21, 309
21, 308
22, 307
22, 306
24, 304
24, 303
25, 302
25, 301
27, 299
27, 298
28, 297
28, 296
30, 294
30, 293
33, 290
33, 289
38, 284
38, 283
81, 252
82, 251
85, 251
86, 252
86, 254
85, 255
85, 258
84, 259
84, 262
83, 263
83, 265
82, 266
82, 268
81, 269
81, 271
80, 272
80, 274
79, 275
79, 276
78, 277
78, 279
77, 280
77, 282
76, 283
76, 285
75, 286
75, 288
74, 289
74, 290
73, 291
73, 293
72, 294
72, 296
71, 297
71, 299
70, 300
70, 302
69, 303
69, 304
68, 305
68, 307
67, 308
67, 309
66, 310
66, 311
65, 312
65, 314
64, 315
64, 316
63, 317
63, 318
62, 319
62, 320
61, 321
61, 322
60, 323
60, 324
58, 326
58, 327
57, 328
57, 329
55, 331
55, 332
53, 334
53, 335
52, 336
51, 336
49, 334
49, 333
48, 332
48, 330
47, 329
47, 327
46, 326
46, 321
45, 320
45, 295
46, 294
46, 282
47, 281
47, 274
56, 265
57, 265
60, 262
61, 262
63, 260
64, 260
65, 259
66, 259
67, 258
68, 258
69, 257
70, 257
72, 255
73, 255
74, 254
76, 254
77, 253
78, 253
79, 252
95, 249
96, 248
108, 248
109, 249
111, 249
112, 250
114, 250
115, 251
120, 255
120, 256
121, 257
121, 258
122, 259
122, 262
123, 263
123, 277
122, 278
122, 283
121, 284
121, 287
120, 288
120, 291
119, 292
119, 294
118, 295
118, 297
117, 298
117, 300
116, 301
116, 302
115, 303
115, 304
114, 305
114, 306
113, 307
113, 308
112, 309
112, 310
111, 311
111, 312
109, 314
109, 315
108, 316
106, 319
106, 320
104, 322
104, 323
102, 325
102, 326
97, 331
97, 332
93, 336
92, 336
88, 340
87, 340
85, 342
84, 342
83, 343
82, 343
81, 344
80, 344
79, 345
78, 345
77, 346
75, 346
74, 347
65, 347
64, 346
62, 346
61, 345
60, 345
59, 344
55, 341
55, 340
56, 339
56, 338
58, 336
58, 335
60, 333
60, 332
62, 330
62, 329
63, 328
63, 327
64, 326
64, 325
65, 324
65, 323
66, 322
66, 321
67, 320
67, 319
68, 318
68, 317
69, 316
69, 315
70, 314
70, 313
71, 312
71, 310
72, 309
72, 308
73, 307
73, 305
74, 304
74, 302
75, 301
75, 300
76, 299
76, 297
77, 296
77, 294
78, 293
78, 291
79, 290
79, 288
80, 287
80, 286
81, 285
81, 283
82, 282
82, 280
83, 279
83, 277
84, 276
84, 274
85, 273
85, 271
86, 270
86, 268
87, 267
87, 265
88, 264
88, 262
89, 261
89, 258
90, 257
90, 253
91, 252
92, 249
67, 182
74, 189
74, 190
78, 194
78, 195
80, 197
80, 198
81, 199
81, 200
83, 202
83, 204
84, 205
84, 206
85, 207
85, 209
86, 210
86, 213
87, 214
87, 221
88, 222
88, 238
87, 239
87, 244
85, 246
83, 246
82, 247
80, 247
79, 248
77, 248
76, 249
74, 249
73, 250
72, 250
71, 251
70, 251
69, 252
68, 252
67, 253
66, 253
65, 254
64, 254
62, 256
61, 256
60, 257
59, 257
57, 259
56, 259
53, 262
52, 262
50, 264
49, 263
49, 257
50, 256
50, 251
51, 250
51, 244
52, 243
52, 238
53, 237
53, 232
54, 231
54, 227
55, 226
55, 222
56, 221
56, 217
57, 216
57, 212
58, 211
58, 208
59, 207
59, 204
60, 203
60, 200
61, 199
61, 196
62, 195
62, 193
63, 192
63, 189
64, 188
64, 186
65, 185
65, 184
