148, 2
150, 367
4, 369
2, 4
142, 15
141, 16
141, 17
134, 24
133, 24
132, 25
131, 25
129, 27
128, 27
126, 29
125, 29
123, 31
122, 31
119, 34
118, 34
115, 37
114, 37
110, 41
109, 41
88, 62
88, 63
82, 69
82, 70
77, 75
77, 76
72, 81
72, 82
68, 86
68, 87
65, 90
65, 91
62, 94
62, 95
58, 99
58, 100
56, 102
56, 103
53, 106
52, 105
52, 104
51, 103
51, 102
50, 101
47, 101
46, 102
46, 107
47, 107
49, 109
49, 113
46, 116
46, 117
44, 119
44, 120
42, 122
42, 123
41, 124
41, 125
39, 127
39, 128
37, 130
37, 131
35, 133
35, 134
34, 135
34, 136
33, 137
33, 138
31, 140
31, 141
30, 142
30, 143
28, 145
28, 146
27, 147
27, 148
26, 149
26, 150
25, 151
25, 152
24, 153
24, 154
23, 155
23, 156
22, 157
22, 159
21, 160
21, 161
20, 162
20, 164
19, 165
19, 167
18, 168
18, 170
17, 171
17, 174
16, 175
16, 179
15, 180
15, 183
14, 184
14, 189
13, 190
13, 196
12, 197
12, 203
11, 204
11, 211
10, 212
10, 218
9, 219
9, 225
8, 226
8, 232
7, 233
7, 239
6, 240
6, 265
7, 266
7, 271
8, 272
8, 276
9, 277
9, 280
10, 281
10, 284
11, 285
11, 288
12, 289
12, 292
13, 293
13, 295
14, 296
14, 298
15, 299
15, 301
16, 302
16, 303
17, 304
17, 306
18, 307
18, 308
19, 309
19, 310
20, 311
20, 312
21, 313
21, 314
22, 315
22, 316
24, 318
24, 319
26, 321
26, 322
28, 324
28, 325
33, 330
33, 331
39, 337
40, 337
43, 340
44, 340
45, 341
46, 341
48, 343
49, 343
50, 344
51, 344
52, 345
53, 345
54, 346
55, 346
56, 347
57, 347
58, 348
59, 348
60, 349
62, 349
63, 350
64, 350
65, 351
66, 351
67, 352
69, 352
70, 353
72, 353
73, 354
77, 354
78, 355
87, 355
88, 354
90, 354
91, 353
92, 353
93, 352
94, 352
96, 350
97, 350
102, 345
102, 344
105, 341
105, 340
106, 339
106, 338
107, 337
107, 336
109, 334
109, 333
110, 332
110, 330
111, 329
111, 328
112, 327
112, 326
113, 325
113, 324
114, 323
114, 321
115, 320
115, 318
116, 317
116, 315
117, 314
117, 312
118, 311
118, 308
119, 307
119, 304
120, 303
120, 300
121, 299
121, 294
122, 293
122, 289
123, 288
123, 282
124, 281
124, 274
125, 273
125, 266
126, 265
126, 255
127, 254
127, 232
126, 231
126, 225
125, 224
125, 221
124, 220
124, 217
123, 216
123, 214
122, 213
122, 211
121, 210
121, 209
120, 208
120, 207
119, 206
119, 205
118, 204
118, 203
116, 201
116, 200
115, 199
115, 198
112, 195
112, 194
100, 182
99, 182
98, 181
97, 181
96, 180
95, 180
94, 179
90, 179
89, 178
83, 178
82, 179
77, 179
76, 180
73, 180
72, 181
69, 181
68, 182
66, 182
65, 183
63, 183
61, 181
61, 170
60, 169
60, 159
59, 158
59, 148
58, 147
58, 137
57, 136
57, 129
56, 128
56, 122
55, 121
55, 116
54, 115
54, 113
55, 112
55, 111
57, 109
57, 108
59, 106
59, 105
62, 102
62, 101
65, 98
65, 97
68, 94
68, 93
72, 89
72, 88
76, 84
76, 83
81, 78
81, 77
86, 72
86, 71
93, 64
93, 63
111, 45
112, 45
116, 41
117, 41
121, 37
122, 37
125, 34
126, 34
127, 33
128, 33
130, 31
131, 31
133, 29
134, 29
135, 28
136, 28
144, 20
144, 19
145, 18
145, 16
144, 15
50, 190
51, 189
57, 189
58, 190
58, 209
59, 210
59, 215
58, 216
58, 230
57, 231
57, 236
56, 237
56, 240
55, 241
55, 244
54, 245
54, 247
53, 248
53, 249
52, 250
52, 251
51, 252
51, 253
50, 254
50, 255
49, 256
49, 257
48, 258
48, 259
47, 260
47, 261
42, 266
40, 266
34, 260
34, 259
32, 257
32, 256
31, 255
31, 254
30, 253
30, 252
29, 251
29, 249
28, 248
28, 246
27, 245
27, 243
26, 242
26, 239
25, 238
25, 233
24, 232
24, 213
25, 212
25, 205
26, 204
26, 201
27, 200
27, 199
31, 195
32, 195
33, 194
34, 194
35, 193
37, 193
38, 192
41, 192
42, 191
45, 191
46, 190
50, 119
51, 120
51, 123
52, 124
52, 130
53, 131
53, 138
54, 139
54, 149
55, 150
55, 160
56, 161
56, 171
57, 172
57, 183
55, 185
50, 185
49, 186
44, 186
43, 187
41, 187
40, 188
37, 188
36, 189
34, 189
33, 190
31, 190
29, 192
28, 192
24, 196
24, 197
23, 198
23, 199
22, 200
22, 202
21, 203
21, 210
20, 211
20, 233
21, 234
21, 239
22, 240
22, 243
23, 244
23, 246
24, 247
24, 249
25, 250
25, 252
26, 253
26, 254
27, 255
27, 256
28, 257
28, 258
29, 259
29, 260
30, 261
30, 262
33, 265
33, 266
35, 268
36, 268
38, 270
44, 270
46, 268
47, 268
47, 267
50, 264
50, 263
52, 261
52, 260
53, 259
53, 258
54, 257
54, 256
55, 255
55, 254
56, 253
56, 251
57, 250
57, 249
58, 248
58, 246
59, 245
59, 243
60, 242
60, 239
61, 238
61, 233
62, 232
62, 221
63, 220
63, 205
62, 204
62, 188
63, 187
66, 187
67, 186
70, 186
71, 185
73, 185
74, 184
77, 184
78, 183
84, 183
85, 182
87, 182
88, 183
92, 183
93, 184
95, 184
97, 186
98, 186
108, 196
108, 197
111, 200
111, 201
113, 203
113, 204
114, 205
114, 206
115, 207
115, 208
116, 209
116, 210
117, 211
117, 212
118, 213
118, 214
119, 215
119, 217
120, 218
120, 221
121, 222
121, 225
122, 226
122, 233
123, 234
123, 252
122, 253
122, 264
121, 265
121, 272
120, 273
120, 280
119, 281
119, 286
118, 287
118, 292
117, 293
117, 297
116, 298
116, 302
115, 303
115, 306
114, 307
114, 310
113, 311
113, 313
112, 314
112, 316
111, 317
111, 319
110, 320
110, 321
109, 322
109, 324
108, 325
108, 326
107, 327
107, 328
106, 329
106, 330
105, 331
105, 332
104, 333
104, 334
103, 335
103, 336
101, 338
101, 339
98, 342
98, 343
94, 347
93, 347
91, 349
90, 349
89, 350
86, 350
85, 351
79, 351
78, 350
75, 350
74, 349
72, 349
71, 348
69, 348
68, 347
66, 347
65, 346
64, 346
63, 345
62, 345
61, 344
60, 344
59, 343
57, 343
56, 342
55, 342
54, 341
53, 341
51, 339
50, 339
49, 338
48, 338
46, 336
45, 336
32, 323
32, 322
29, 319
29, 318
27, 316
27, 315
26, 314
26, 313
25, 312
25, 311
24, 310
24, 309
23, 308
23, 307
22, 306
22, 305
21, 304
21, 303
20, 302
20, 300
19, 299
19, 297
18, 296
18, 295
17, 294
17, 291
16, 290
16, 288
15, 287
15, 284
14, 283
14, 280
13, 279
13, 276
12, 275
12, 271
11, 270
11, 265
10, 264
10, 242
11, 241
11, 234
12, 233
12, 227
13, 226
13, 220
14, 219
14, 213
15, 212
15, 206
16, 205
16, 199
17, 198
17, 192
18, 191
18, 186
19, 185
19, 181
20, 180
20, 176
21, 175
21, 173
22, 172
22, 169
23, 168
23, 166
24, 165
24, 164
25, 163
25, 161
26, 160
26, 159
27, 158
27, 157
28, 156
28, 155
29, 154
29, 153
30, 152
30, 151
31, 150
31, 149
32, 148
32, 147
33, 146
33, 145
35, 143
35, 142
36, 141
36, 140
37, 139
37, 138
39, 136
39, 135
41, 133
41, 132
42, 131
42, 130
44, 128
44, 127
46, 125
46, 124
48, 122
48, 121
