4, 17
2, 19
0, 19
0, 21
2, 21
4, 23
4, 85
2, 87
0, 87
0, 89
2, 89
4, 91
4, 154
2, 156
0, 156
0, 158
2, 158
4, 160
4, 222
2, 224
0, 224
0, 226
2, 226
4, 228
4, 290
2, 292
0, 292
0, 294
2, 294
4, 296
4, 359
2, 361
0, 361
2, 363
4, 365
4, 371
134, 2
136, 367
8, 369
6, 4
129, 17
128, 18
128, 19
126, 21
126, 22
123, 25
123, 26
120, 29
120, 30
117, 33
117, 34
114, 37
114, 38
111, 41
111, 42
109, 44
109, 45
107, 47
107, 48
106, 49
106, 50
104, 52
104, 53
102, 55
102, 56
101, 57
101, 58
99, 60
99, 61
98, 62
98, 63
96, 65
96, 66
95, 67
95, 68
94, 69
94, 70
92, 72
92, 73
91, 74
91, 75
90, 76
90, 77
88, 79
88, 80
87, 81
87, 82
86, 83
86, 84
85, 85
85, 86
83, 88
83, 89
82, 90
82, 91
81, 92
81, 93
80, 94
80, 95
79, 96
79, 97
78, 98
78, 99
77, 100
77, 101
76, 102
76, 103
75, 104
75, 105
74, 106
74, 107
73, 108
73, 109
72, 110
72, 111
71, 112
71, 113
70, 114
70, 115
69, 116
69, 117
68, 118
68, 119
67, 120
67, 121
66, 122
66, 123
65, 124
65, 125
64, 126
64, 128
63, 129
63, 130
62, 131
62, 132
61, 133
61, 134
60, 135
60, 136
59, 137
59, 139
58, 140
58, 141
57, 142
57, 144
56, 145
56, 146
54, 148
53, 147
53, 123
54, 122
54, 110
55, 109
55, 107
53, 107
53, 110
52, 111
52, 126
51, 127
51, 157
50, 158
50, 161
49, 162
49, 163
48, 164
48, 166
47, 167
47, 169
46, 170
46, 171
45, 172
45, 174
44, 175
44, 177
43, 178
43, 180
42, 181
42, 183
41, 184
41, 186
40, 187
40, 189
39, 190
39, 193
38, 194
38, 196
37, 197
37, 200
36, 201
36, 204
35, 205
35, 208
34, 209
34, 212
33, 213
33, 216
32, 217
32, 221
31, 222
31, 226
30, 227
30, 232
29, 233
29, 236
28, 237
28, 238
27, 239
27, 240
26, 241
26, 242
25, 243
25, 244
24, 245
24, 246
23, 247
23, 248
22, 249
22, 250
21, 251
21, 252
20, 253
20, 254
19, 255
19, 257
18, 258
18, 259
17, 260
17, 261
16, 262
16, 264
15, 265
15, 266
14, 267
14, 269
13, 270
13, 272
12, 273
12, 275
11, 276
11, 279
10, 280
10, 287
11, 288
11, 289
12, 290
13, 290
16, 293
17, 293
18, 294
19, 294
20, 295
22, 295
23, 296
24, 296
26, 298
26, 305
27, 306
27, 311
28, 312
28, 316
29, 317
29, 320
30, 321
30, 323
31, 324
31, 326
32, 327
32, 328
33, 329
33, 331
34, 332
34, 333
35, 334
35, 335
36, 336
36, 337
37, 338
37, 339
38, 340
38, 341
40, 343
40, 344
43, 347
43, 348
46, 351
47, 351
49, 353
51, 353
52, 354
55, 354
56, 353
57, 353
62, 348
62, 347
63, 346
63, 345
64, 344
64, 343
65, 342
65, 341
66, 340
66, 338
67, 337
67, 335
68, 334
68, 332
69, 331
69, 328
70, 327
70, 324
71, 323
71, 319
72, 318
72, 313
73, 312
73, 306
74, 305
74, 296
75, 295
75, 269
74, 268
74, 261
73, 260
73, 255
72, 254
72, 251
71, 250
71, 247
70, 246
70, 244
69, 243
69, 242
68, 241
68, 239
67, 238
67, 237
65, 235
65, 234
60, 229
59, 229
57, 227
56, 227
55, 226
52, 226
50, 224
50, 217
51, 216
51, 200
52, 199
52, 174
53, 173
53, 157
54, 156
54, 154
55, 153
55, 151
56, 150
56, 149
57, 148
57, 146
58, 145
58, 144
59, 143
59, 142
60, 141
60, 139
61, 138
61, 137
62, 136
62, 135
63, 134
63, 133
64, 132
64, 130
65, 129
65, 128
66, 127
66, 126
67, 125
67, 124
68, 123
68, 122
69, 121
69, 120
70, 119
70, 118
71, 117
71, 116
72, 115
72, 114
73, 113
73, 111
74, 110
74, 109
75, 108
75, 107
76, 106
76, 105
77, 104
77, 103
79, 101
79, 100
80, 99
80, 98
81, 97
81, 96
82, 95
82, 94
83, 93
83, 92
84, 91
84, 90
85, 89
85, 88
86, 87
86, 86
88, 84
88, 83
89, 82
89, 81
90, 80
90, 79
91, 78
91, 77
93, 75
93, 74
94, 73
94, 72
96, 70
96, 69
97, 68
97, 67
98, 66
98, 65
100, 63
100, 62
101, 61
101, 60
103, 58
103, 57
105, 55
105, 54
106, 53
106, 52
108, 50
108, 49
109, 48
109, 47
111, 45
111, 44
114, 41
114, 40
117, 37
117, 36
120, 33
120, 32
123, 29
123, 28
126, 25
126, 24
128, 22
128, 21
130, 19
130, 17
25, 247
26, 246
27, 247
27, 254
26, 255
26, 267
25, 268
25, 293
24, 294
22, 294
21, 293
20, 293
19, 292
18, 292
17, 291
16, 291
12, 287
12, 279
13, 278
13, 275
14, 274
14, 272
15, 271
15, 269
16, 268
16, 267
17, 266
17, 264
18, 263
18, 262
19, 261
19, 260
20, 259
20, 257
21, 256
21, 255
22, 254
22, 253
23, 252
23, 251
24, 250
24, 249
25, 248
50, 228
52, 227
53, 228
55, 228
56, 229
57, 229
65, 237
65, 238
66, 239
66, 240
67, 241
67, 243
68, 244
68, 246
69, 247
69, 249
70, 250
70, 253
71, 254
71, 259
72, 260
72, 266
73, 297
72, 298
72, 307
71, 308
71, 314
70, 315
70, 319
69, 320
69, 324
68, 325
68, 328
67, 329
67, 332
66, 333
66, 335
65, 336
65, 338
64, 339
64, 340
63, 341
63, 342
62, 343
62, 344
61, 345
61, 346
59, 348
59, 349
57, 351
56, 351
51, 352
50, 351
49, 351
42, 344
42, 343
40, 341
40, 340
39, 339
39, 338
37, 336
37, 335
36, 334
36, 332
35, 331
35, 330
34, 329
34, 327
33, 326
33, 325
32, 324
32, 321
31, 320
31, 318
30, 317
30, 313
29, 312
29, 307
28, 297
30, 295
31, 295
32, 294
33, 294
36, 291
36, 290
38, 288
38, 287
39, 286
39, 285
40, 284
40, 283
41, 282
41, 280
42, 279
42, 277
43, 276
43, 273
44, 272
44, 269
45, 268
45, 264
46, 263
46, 259
47, 258
47, 252
48, 251
48, 243
49, 242
49, 231
50, 230
43, 228
44, 227
47, 227
48, 228
48, 233
47, 234
47, 243
46, 244
46, 252
45, 253
45, 259
44, 260
44, 264
43, 265
43, 269
42, 270
42, 273
41, 274
41, 277
40, 278
40, 280
39, 281
39, 282
38, 283
38, 285
36, 287
36, 288
31, 293
30, 293
29, 294
28, 294
27, 293
27, 265
28, 264
28, 254
29, 253
29, 244
30, 243
30, 240
31, 239
31, 238
32, 237
32, 236
39, 229
40, 229
41, 228
49, 167
50, 166
51, 167
51, 179
50, 180
50, 203
49, 204
49, 219
48, 220
48, 224
47, 225
45, 225
44, 226
42, 226
41, 227
39, 227
37, 229
36, 229
33, 232
32, 231
32, 226
33, 225
33, 221
34, 220
34, 216
35, 215
35, 212
36, 211
36, 208
37, 207
37, 204
38, 203
38, 200
39, 199
39, 196
40, 195
40, 193
41, 192
41, 190
42, 189
42, 186
43, 185
43, 183
44, 182
44, 180
45, 179
45, 177
46, 176
46, 175
47, 174
47, 172
48, 171
48, 169
49, 168
