4, 27
2, 29
0, 29
0, 31
2, 31
4, 33
4, 75
2, 77
0, 77
0, 79
2, 79
4, 81
4, 123
2, 125
0, 125
0, 127
2, 127
4, 129
4, 171
2, 173
0, 173
0, 175
2, 175
4, 177
4, 219
2, 221
0, 221
0, 223
2, 223
4, 225
4, 266
2, 268
0, 268
0, 270
2, 270
4, 272
4, 314
2, 316
0, 316
0, 318
2, 318
4, 320
4, 362
2, 364
0, 364
2, 366
4, 368
4, 371
232, 2
234, 367
8, 369
6, 4
192, 248
190, 250
190, 252
195, 257
196, 257
198, 259
199, 259
201, 261
202, 261
203, 262
204, 262
205, 263
207, 263
208, 264
209, 264
210, 265
211, 265
212, 266
214, 266
215, 267
218, 267
219, 268
225, 268
226, 267
226, 266
227, 265
226, 264
226, 263
225, 262
219, 262
218, 261
216, 261
215, 260
213, 260
212, 259
211, 259
210, 258
208, 258
207, 257
206, 257
205, 256
204, 256
202, 254
201, 254
198, 251
197, 251
196, 250
196, 249
195, 249
194, 248
27, 15
26, 16
25, 16
24, 17
23, 17
22, 18
22, 19
20, 21
20, 22
19, 23
19, 24
18, 25
18, 27
17, 28
17, 30
16, 31
16, 34
15, 35
15, 41
14, 42
14, 72
15, 73
15, 79
16, 80
16, 86
17, 87
17, 90
18, 91
18, 95
19, 96
19, 100
20, 101
20, 104
21, 105
21, 107
22, 108
22, 111
23, 112
23, 114
24, 115
24, 118
25, 119
25, 121
26, 122
26, 124
27, 125
27, 127
28, 128
28, 130
29, 131
29, 132
30, 133
30, 135
31, 136
31, 138
32, 139
32, 141
33, 142
33, 143
34, 144
34, 146
35, 147
35, 148
36, 149
36, 151
37, 152
37, 153
38, 154
38, 155
39, 156
39, 158
40, 159
40, 160
41, 161
41, 162
42, 163
42, 165
43, 166
43, 167
44, 168
44, 169
45, 170
45, 171
46, 172
46, 173
47, 174
47, 175
48, 176
48, 177
49, 178
49, 179
50, 180
50, 181
51, 182
51, 183
52, 184
52, 185
53, 186
53, 187
54, 188
54, 189
55, 190
55, 191
56, 192
56, 193
57, 194
57, 195
58, 196
58, 197
59, 198
59, 199
60, 200
60, 201
61, 202
61, 203
62, 204
62, 205
63, 206
63, 207
64, 208
64, 209
65, 210
65, 211
67, 213
67, 214
68, 215
68, 216
69, 217
69, 218
70, 219
70, 220
71, 221
71, 222
72, 223
72, 224
73, 225
73, 226
74, 227
74, 228
75, 229
75, 230
76, 231
76, 232
77, 233
77, 234
78, 235
78, 236
79, 237
79, 238
80, 239
82, 239
82, 238
83, 237
82, 236
82, 231
81, 230
81, 225
80, 224
80, 215
79, 214
79, 204
80, 203
80, 199
81, 198
81, 197
82, 196
83, 196
84, 197
84, 202
85, 203
85, 208
86, 209
86, 214
87, 215
87, 221
88, 222
88, 228
89, 229
89, 235
90, 236
90, 242
91, 243
91, 249
92, 250
92, 256
93, 257
93, 263
94, 264
94, 269
95, 270
95, 276
96, 277
96, 283
97, 284
97, 290
98, 291
98, 293
97, 294
96, 293
96, 292
95, 291
95, 290
93, 288
93, 287
92, 286
92, 285
91, 284
91, 283
90, 282
90, 281
88, 279
88, 278
86, 276
86, 275
84, 273
84, 272
81, 269
81, 268
78, 265
78, 264
77, 263
77, 262
75, 260
75, 259
73, 257
73, 256
67, 250
66, 250
65, 249
62, 249
61, 250
59, 248
59, 247
58, 246
58, 245
57, 244
57, 242
56, 241
56, 240
55, 239
54, 239
53, 240
53, 243
54, 244
54, 246
55, 247
55, 248
56, 249
56, 250
57, 251
57, 252
59, 254
59, 255
60, 256
60, 258
61, 259
61, 261
62, 262
62, 263
64, 265
64, 266
65, 266
66, 267
67, 267
68, 266
68, 263
66, 261
66, 260
65, 259
65, 258
64, 257
64, 254
65, 253
70, 258
70, 259
72, 261
72, 262
74, 264
74, 265
75, 266
75, 267
78, 270
78, 271
81, 274
81, 275
83, 277
83, 278
85, 280
85, 281
87, 283
87, 284
88, 285
88, 286
90, 288
90, 289
91, 290
91, 291
92, 292
92, 293
93, 294
93, 296
94, 297
94, 298
95, 299
95, 300
96, 301
96, 302
97, 303
97, 305
98, 306
98, 307
99, 308
99, 310
100, 311
100, 313
101, 314
101, 319
102, 320
102, 326
103, 327
103, 333
104, 334
104, 339
105, 340
105, 344
106, 345
106, 347
107, 348
107, 349
108, 350
111, 350
112, 349
112, 343
111, 342
111, 338
110, 337
110, 333
109, 332
109, 329
108, 328
108, 325
107, 324
107, 321
106, 320
106, 318
105, 317
105, 314
104, 313
104, 309
103, 308
103, 302
102, 301
102, 295
101, 294
101, 288
100, 287
100, 281
99, 280
99, 274
98, 273
98, 268
97, 267
97, 261
96, 260
96, 254
95, 253
95, 247
94, 246
94, 240
93, 239
93, 233
92, 232
92, 226
91, 225
91, 219
90, 218
90, 212
89, 211
89, 206
88, 205
88, 202
89, 201
93, 205
93, 206
94, 207
94, 208
96, 210
96, 211
97, 212
97, 213
98, 214
98, 215
99, 216
99, 217
100, 218
99, 219
99, 230
100, 231
100, 234
101, 235
101, 237
102, 238
102, 239
103, 240
103, 242
107, 246
110, 246
111, 245
111, 239
110, 238
110, 234
109, 233
109, 231
108, 230
108, 228
107, 227
107, 225
108, 224
113, 229
113, 230
114, 231
114, 233
115, 234
115, 235
117, 237
120, 237
120, 233
119, 232
119, 231
117, 229
117, 225
118, 224
119, 224
122, 227
122, 228
124, 230
124, 231
126, 233
126, 234
129, 237
129, 238
132, 241
132, 242
134, 244
134, 245
136, 247
136, 248
138, 250
138, 251
140, 253
140, 254
142, 256
142, 257
143, 258
143, 259
145, 261
145, 262
146, 263
146, 264
147, 265
147, 266
148, 267
148, 269
149, 270
149, 271
150, 272
150, 273
151, 274
151, 276
152, 277
152, 280
153, 281
153, 285
154, 286
154, 290
155, 291
155, 296
156, 297
156, 301
157, 302
157, 306
158, 307
158, 311
159, 312
159, 315
160, 316
160, 319
161, 320
161, 324
162, 325
162, 328
163, 329
163, 332
164, 333
164, 336
165, 337
165, 339
166, 340
166, 343
167, 344
167, 346
168, 347
168, 348
169, 349
169, 350
170, 351
170, 352
172, 354
175, 354
175, 346
174, 345
174, 341
173, 340
173, 337
172, 336
172, 333
171, 332
171, 329
170, 328
170, 325
169, 324
169, 321
168, 320
168, 317
167, 316
167, 314
166, 313
166, 310
165, 309
165, 306
164, 305
164, 303
163, 302
163, 299
162, 298
162, 296
161, 295
161, 293
160, 292
160, 289
159, 288
159, 286
158, 285
158, 283
157, 282
157, 280
156, 279
156, 277
155, 276
155, 273
154, 272
154, 268
153, 267
153, 262
152, 261
152, 257
151, 256
151, 251
150, 250
150, 246
149, 245
149, 240
148, 239
148, 235
147, 234
147, 230
146, 229
146, 224
145, 223
145, 219
144, 218
144, 214
143, 213
143, 209
142, 208
142, 204
141, 203
141, 199
142, 198
145, 201
145, 202
147, 204
147, 205
148, 206
148, 207
149, 208
149, 209
150, 210
150, 212
151, 213
151, 215
152, 216
152, 219
153, 220
153, 221
152, 222
152, 227
154, 229
156, 229
157, 228
157, 226
158, 225
159, 225
162, 228
163, 228
164, 229
165, 229
166, 230
168, 230
169, 231
171, 229
169, 227
168, 227
167, 226
166, 226
165, 225
164, 225
161, 222
160, 222
158, 220
157, 220
156, 219
156, 218
155, 217
155, 214
154, 213
154, 211
153, 210
153, 208
152, 207
152, 206
151, 205
151, 204
150, 203
150, 202
148, 200
148, 199
146, 197
146, 196
143, 193
142, 193
141, 192
140, 192
139, 191
139, 188
138, 187
138, 183
137, 182
137, 179
136, 178
136, 174
135, 173
135, 169
134, 168
134, 164
133, 163
133, 160
132, 159
132, 155
131, 154
131, 151
130, 150
130, 147
129, 146
129, 142
128, 141
128, 138
127, 137
127, 135
126, 134
126, 131
125, 130
125, 127
124, 126
124, 124
123, 123
123, 120
122, 119
122, 117
121, 116
121, 114
120, 113
120, 110
119, 109
119, 107
118, 106
118, 104
117, 103
117, 101
116, 100
116, 98
115, 97
115, 95
114, 94
114, 92
113, 91
113, 89
112, 88
112, 86
111, 85
111, 84
110, 83
110, 81
109, 80
109, 79
108, 78
108, 76
107, 75
107, 74
106, 73
106, 71
105, 70
105, 69
104, 68
104, 67
103, 66
103, 65
102, 64
102, 63
101, 62
101, 61
100, 60
100, 59
96, 55
94, 55
92, 57
92, 62
91, 63
91, 64
92, 65
92, 75
93, 76
93, 82
94, 83
94, 88
95, 89
95, 93
96, 94
96, 98
97, 99
97, 103
98, 104
98, 107
99, 108
99, 111
100, 112
100, 115
101, 116
101, 120
102, 121
102, 124
103, 125
103, 128
104, 129
104, 132
105, 133
105, 135
106, 136
106, 139
107, 140
107, 142
108, 143
108, 146
109, 147
109, 149
110, 150
110, 153
111, 154
111, 156
112, 157
112, 160
113, 161
113, 163
114, 164
114, 166
115, 167
115, 170
116, 171
116, 173
117, 174
117, 176
118, 177
118, 179
119, 180
119, 183
120, 184
120, 186
121, 187
121, 189
122, 190
122, 191
123, 192
123, 194
124, 195
124, 197
125, 198
125, 200
126, 201
126, 203
127, 204
127, 205
128, 206
128, 208
129, 209
129, 210
130, 211
130, 213
131, 214
131, 215
132, 216
132, 217
133, 218
133, 219
134, 220
134, 221
135, 222
135, 223
136, 224
136, 225
137, 226
137, 227
138, 228
138, 229
139, 230
139, 231
140, 232
140, 233
143, 233
144, 234
144, 236
145, 237
145, 242
146, 243
146, 247
147, 248
147, 252
148, 253
148, 256
147, 257
145, 255
145, 254
143, 252
143, 251
141, 249
141, 248
139, 246
139, 245
137, 243
137, 242
134, 239
134, 238
132, 236
132, 235
129, 232
129, 231
126, 228
126, 227
125, 226
125, 225
121, 221
120, 221
119, 220
117, 220
116, 221
115, 221
115, 222
113, 224
110, 221
110, 220
108, 218
107, 218
105, 216
104, 216
101, 213
101, 212
100, 211
100, 210
99, 209
99, 208
97, 206
97, 205
95, 203
95, 202
93, 200
93, 199
87, 193
87, 192
86, 191
86, 187
85, 186
85, 181
84, 180
84, 175
83, 174
83, 169
82, 168
82, 164
81, 163
81, 158
80, 157
80, 153
79, 152
79, 148
78, 147
78, 143
77, 142
77, 138
76, 137
76, 133
75, 132
75, 129
74, 128
74, 124
73, 123
73, 120
72, 119
72, 116
71, 115
71, 111
70, 110
70, 107
69, 106
69, 103
68, 102
68, 99
67, 98
67, 95
66, 94
66, 92
65, 91
65, 88
64, 87
64, 85
63, 84
63, 81
62, 80
62, 78
61, 77
61, 74
60, 73
60, 71
59, 70
59, 68
58, 67
58, 65
57, 64
57, 62
56, 61
56, 59
55, 58
55, 56
54, 55
54, 53
53, 52
53, 50
52, 49
52, 48
51, 47
51, 45
50, 44
50, 43
49, 42
49, 40
48, 39
48, 38
47, 37
47, 36
46, 35
46, 34
45, 33
45, 32
44, 31
44, 30
43, 29
43, 28
42, 27
42, 26
40, 24
40, 23
34, 17
33, 17
32, 16
31, 16
30, 15
106, 235
103, 230
137, 214
135, 215
95, 62
96, 61
98, 63
98, 64
99, 65
99, 66
100, 67
100, 68
101, 69
101, 70
102, 71
102, 72
103, 73
103, 74
104, 75
104, 77
105, 78
105, 80
106, 81
106, 82
107, 83
107, 85
108, 86
108, 87
109, 88
109, 90
110, 91
110, 93
111, 94
111, 96
112, 97
112, 99
113, 100
113, 102
114, 103
114, 105
115, 106
115, 108
116, 109
116, 111
117, 112
117, 115
118, 116
118, 118
119, 119
119, 121
120, 122
120, 125
121, 126
121, 128
122, 129
122, 132
123, 133
123, 136
124, 137
124, 140
125, 141
125, 143
126, 144
126, 148
127, 149
127, 152
128, 153
128, 157
129, 158
129, 161
130, 162
130, 166
131, 167
131, 170
132, 171
132, 175
133, 176
133, 180
134, 181
134, 185
135, 186
135, 190
136, 191
136, 196
135, 197
135, 205
136, 206
134, 213
134, 212
133, 211
133, 209
132, 208
132, 207
131, 206
131, 205
130, 204
130, 202
129, 201
129, 199
128, 198
128, 196
127, 195
127, 193
126, 192
126, 191
125, 190
125, 188
124, 187
124, 185
123, 184
123, 182
122, 181
122, 179
121, 178
121, 175
120, 174
120, 172
119, 171
119, 169
118, 168
118, 165
117, 164
117, 162
116, 161
116, 159
115, 158
115, 155
114, 154
114, 152
113, 151
113, 148
112, 147
112, 145
111, 144
111, 141
110, 140
110, 138
109, 137
109, 134
108, 133
108, 131
107, 130
107, 127
106, 126
106, 123
105, 122
105, 118
104, 117
104, 114
103, 113
103, 110
102, 109
102, 106
101, 105
101, 102
100, 101
100, 97
99, 96
99, 92
98, 91
98, 86
97, 85
97, 81
96, 80
96, 73
95, 72
27, 19
31, 19
37, 25
37, 26
39, 28
39, 29
40, 30
40, 31
42, 33
42, 35
43, 36
43, 37
44, 38
44, 39
45, 40
45, 41
46, 42
46, 44
47, 45
47, 46
48, 47
48, 48
49, 49
49, 51
50, 52
50, 54
51, 55
51, 57
52, 58
52, 60
53, 61
53, 63
54, 64
54, 66
55, 67
55, 69
56, 70
56, 72
57, 73
57, 75
58, 76
58, 79
59, 80
59, 82
60, 83
60, 86
61, 87
61, 89
62, 90
62, 93
63, 94
63, 96
64, 97
64, 100
65, 101
65, 104
66, 105
66, 108
67, 109
67, 113
68, 114
68, 117
69, 118
69, 121
70, 122
70, 125
71, 126
71, 130
72, 131
72, 135
73, 136
73, 139
74, 140
74, 144
75, 145
75, 149
76, 150
76, 154
77, 155
77, 159
78, 160
78, 165
79, 166
79, 171
80, 172
80, 177
81, 178
81, 183
82, 184
82, 189
83, 190
78, 195
78, 196
77, 197
77, 200
76, 201
76, 219
77, 220
77, 221
76, 222
74, 220
74, 219
73, 218
73, 217
72, 216
72, 215
70, 213
70, 212
69, 211
69, 210
68, 209
68, 208
67, 207
67, 206
66, 205
66, 204
65, 203
65, 202
64, 201
64, 200
62, 198
62, 197
61, 196
61, 195
60, 194
60, 193
59, 192
59, 191
58, 190
58, 189
57, 188
57, 187
56, 186
56, 185
55, 184
55, 183
54, 182
54, 181
53, 180
53, 179
52, 178
52, 176
51, 175
51, 174
50, 173
50, 172
49, 171
49, 170
48, 169
48, 168
47, 167
47, 166
46, 165
46, 164
45, 163
45, 162
44, 161
44, 159
43, 158
43, 157
42, 156
42, 155
41, 154
41, 152
40, 151
40, 150
39, 149
39, 147
38, 146
38, 145
37, 144
37, 142
36, 141
36, 140
35, 139
35, 137
34, 136
34, 134
33, 133
33, 132
32, 131
32, 129
31, 128
31, 126
30, 125
30, 123
29, 122
29, 120
28, 119
28, 117
27, 116
27, 113
26, 112
26, 110
25, 109
25, 106
24, 105
24, 103
23, 102
23, 99
22, 98
22, 94
21, 93
21, 89
20, 88
20, 84
19, 83
19, 77
18, 76
18, 68
17, 67
17, 45
18, 44
18, 38
19, 37
19, 33
20, 32
20, 30
21, 29
21, 27
22, 26
22, 25
23, 24
23, 23
