234, 2
236, 367
4, 369
2, 4
218, 256
218, 260
219, 261
222, 265
222, 266
224, 268
228, 266
226, 262
226, 261
223, 258
223, 256
222, 255
39, 15
38, 16
36, 16
35, 17
34, 17
32, 19
31, 19
27, 23
27, 24
23, 28
23, 29
21, 31
21, 32
20, 33
20, 34
19, 35
19, 36
18, 37
18, 38
17, 39
17, 41
16, 42
16, 44
15, 45
15, 47
14, 48
14, 51
13, 52
13, 57
12, 58
12, 64
11, 65
11, 74
10, 75
10, 91
11, 92
11, 102
12, 103
12, 110
13, 111
13, 116
14, 117
14, 122
15, 123
15, 127
16, 128
16, 132
17, 133
17, 137
18, 138
18, 141
19, 142
19, 146
20, 147
20, 149
21, 150
21, 153
22, 154
22, 157
23, 158
23, 160
24, 161
24, 164
25, 165
25, 167
26, 168
26, 170
27, 171
27, 173
28, 174
28, 176
29, 177
29, 179
30, 180
30, 182
31, 183
31, 185
32, 186
32, 188
33, 189
33, 191
34, 192
34, 194
35, 195
35, 196
36, 197
36, 199
37, 200
37, 201
38, 202
38, 204
39, 205
39, 206
40, 207
40, 208
41, 209
41, 211
42, 212
42, 213
43, 214
43, 216
44, 217
44, 218
45, 219
45, 220
46, 221
46, 222
47, 223
47, 224
48, 225
48, 226
49, 227
49, 228
47, 230
47, 232
46, 233
46, 240
45, 241
45, 253
44, 254
43, 253
43, 251
42, 250
42, 248
41, 247
41, 246
40, 245
40, 243
39, 242
39, 240
38, 239
38, 237
37, 236
37, 234
36, 233
36, 231
35, 230
35, 228
34, 227
34, 226
33, 225
33, 223
32, 222
32, 220
31, 219
31, 217
30, 216
30, 215
29, 214
29, 212
28, 211
28, 210
27, 209
27, 207
26, 206
26, 205
25, 204
25, 202
24, 201
24, 200
23, 199
23, 197
22, 196
22, 195
21, 194
21, 193
20, 192
19, 192
18, 193
18, 195
19, 196
19, 198
20, 199
20, 200
21, 201
21, 202
22, 203
22, 205
23, 206
23, 207
24, 208
24, 210
25, 211
25, 212
26, 213
26, 215
27, 216
27, 217
28, 218
28, 220
29, 221
29, 223
30, 224
30, 226
31, 227
31, 228
32, 229
32, 231
33, 232
33, 234
34, 235
34, 237
35, 238
35, 240
36, 241
36, 243
37, 244
37, 245
38, 246
38, 248
39, 249
39, 251
40, 252
40, 254
41, 255
41, 257
42, 258
42, 259
43, 260
43, 262
44, 263
44, 264
45, 265
45, 266
46, 267
46, 268
47, 269
49, 269
49, 259
48, 258
48, 246
49, 245
49, 234
51, 232
53, 234
53, 235
55, 237
55, 238
59, 242
59, 243
67, 251
67, 252
68, 253
68, 254
69, 255
69, 256
70, 257
70, 258
71, 259
71, 260
72, 261
72, 263
73, 264
73, 266
74, 267
74, 278
75, 279
75, 287
76, 288
76, 296
77, 297
77, 303
78, 304
78, 310
79, 311
79, 316
80, 317
80, 322
81, 323
81, 327
82, 328
82, 332
83, 333
83, 336
84, 337
84, 339
85, 340
85, 343
86, 344
86, 346
87, 347
87, 348
88, 349
88, 350
89, 351
89, 352
90, 353
91, 353
92, 354
96, 354
98, 352
98, 351
99, 350
99, 347
100, 346
100, 334
99, 333
99, 328
98, 327
98, 323
97, 322
97, 318
96, 317
96, 314
95, 313
95, 311
94, 310
94, 307
93, 306
93, 304
92, 303
92, 301
91, 300
91, 298
90, 297
90, 295
89, 294
89, 292
88, 291
88, 290
87, 289
87, 287
86, 286
86, 285
85, 284
85, 283
84, 282
84, 280
83, 279
83, 278
82, 277
82, 276
81, 275
81, 273
80, 272
80, 271
79, 270
79, 269
78, 268
78, 267
77, 266
77, 264
76, 263
76, 261
77, 260
78, 261
79, 261
81, 263
82, 263
83, 264
84, 264
85, 265
87, 265
88, 264
89, 264
91, 262
91, 261
92, 260
92, 259
93, 258
93, 255
94, 254
94, 248
95, 247
95, 227
94, 226
94, 214
93, 213
93, 196
92, 195
92, 180
93, 179
95, 181
95, 182
96, 183
96, 185
97, 186
97, 188
98, 189
98, 191
99, 192
99, 194
100, 195
100, 197
101, 198
101, 200
102, 201
102, 203
103, 204
103, 207
104, 208
104, 210
105, 211
105, 214
106, 215
106, 217
107, 218
107, 220
108, 221
108, 222
109, 223
109, 224
111, 226
113, 226
114, 225
114, 213
113, 212
113, 207
114, 206
116, 208
116, 209
117, 210
117, 211
119, 213
119, 214
120, 215
120, 217
121, 218
121, 219
122, 220
122, 221
123, 222
123, 223
124, 224
124, 225
125, 226
127, 226
129, 224
129, 223
130, 222
132, 224
132, 225
134, 227
134, 228
136, 230
136, 231
137, 232
137, 237
138, 238
138, 249
139, 250
139, 260
140, 261
140, 271
141, 272
141, 280
142, 281
142, 289
143, 290
143, 296
144, 297
144, 303
145, 304
145, 309
146, 310
146, 315
147, 316
147, 320
148, 321
148, 324
149, 325
149, 328
150, 329
150, 331
151, 332
151, 334
152, 335
152, 336
153, 337
153, 338
154, 339
154, 340
157, 343
158, 343
159, 344
161, 344
162, 343
163, 343
164, 342
164, 341
166, 339
166, 337
167, 336
167, 333
168, 332
168, 316
167, 315
167, 310
166, 309
166, 304
165, 303
165, 299
164, 298
164, 294
163, 293
163, 290
162, 289
162, 286
161, 285
161, 282
160, 281
160, 278
159, 277
159, 275
158, 274
158, 271
157, 270
157, 267
156, 266
156, 264
155, 263
155, 260
154, 259
154, 257
153, 256
153, 253
152, 252
152, 250
151, 249
151, 247
150, 246
150, 245
151, 244
152, 245
155, 245
156, 244
157, 244
157, 243
158, 242
158, 241
159, 240
159, 236
160, 235
160, 233
159, 232
159, 221
158, 220
158, 202
159, 201
161, 203
161, 204
162, 205
162, 206
163, 207
163, 208
164, 209
164, 210
165, 211
165, 212
166, 213
166, 215
167, 216
167, 217
168, 218
168, 219
169, 220
169, 222
170, 223
170, 224
171, 225
171, 227
172, 228
172, 229
173, 230
173, 232
175, 234
175, 235
176, 236
177, 236
179, 234
179, 230
180, 229
182, 231
182, 232
184, 234
184, 235
186, 237
186, 238
188, 240
188, 241
193, 246
194, 246
195, 247
196, 247
197, 246
197, 245
190, 238
190, 237
187, 234
187, 233
186, 232
186, 231
184, 229
184, 228
183, 227
183, 226
181, 224
181, 223
180, 222
177, 222
176, 223
176, 224
175, 225
173, 223
173, 222
172, 221
172, 219
171, 218
171, 217
170, 216
170, 214
169, 213
169, 212
168, 211
168, 210
167, 209
167, 208
166, 207
166, 205
164, 203
164, 202
162, 200
162, 199
161, 199
159, 197
156, 197
155, 198
155, 200
154, 201
154, 205
155, 206
155, 221
156, 222
156, 239
154, 241
151, 241
150, 240
149, 240
147, 238
147, 237
146, 236
146, 235
144, 233
144, 232
143, 231
143, 230
142, 229
142, 228
141, 227
141, 226
140, 225
140, 223
139, 222
139, 211
138, 210
138, 199
137, 198
137, 186
136, 185
136, 174
135, 173
135, 163
134, 162
134, 152
133, 151
133, 137
132, 136
132, 123
131, 122
131, 112
130, 111
130, 104
129, 103
129, 98
128, 97
128, 93
127, 92
127, 89
126, 88
126, 85
125, 84
125, 81
124, 80
124, 77
123, 76
123, 74
122, 73
122, 70
121, 69
121, 67
120, 66
120, 64
119, 63
119, 62
118, 61
118, 59
117, 58
117, 56
116, 55
116, 54
115, 53
115, 52
114, 51
114, 50
113, 49
113, 48
112, 47
112, 46
110, 44
110, 43
107, 40
107, 39
105, 37
104, 37
102, 35
100, 35
99, 34
94, 34
93, 35
92, 35
91, 36
90, 36
88, 38
88, 39
86, 41
86, 43
85, 44
85, 45
84, 46
84, 49
83, 50
83, 55
82, 56
82, 65
81, 66
81, 82
82, 83
82, 92
83, 93
83, 98
84, 99
84, 103
85, 104
85, 108
86, 109
86, 112
87, 113
87, 117
88, 118
88, 121
89, 122
89, 125
90, 126
90, 129
91, 130
91, 132
92, 133
92, 136
93, 137
93, 140
94, 141
94, 144
95, 145
95, 147
96, 148
96, 150
97, 151
97, 154
98, 155
98, 157
99, 158
99, 160
100, 161
100, 163
101, 164
101, 166
102, 167
102, 168
103, 169
103, 171
104, 172
104, 173
105, 174
105, 176
106, 177
106, 178
107, 179
107, 180
108, 181
108, 182
109, 183
109, 184
110, 185
110, 186
111, 187
111, 188
112, 189
112, 190
113, 191
113, 192
114, 193
114, 194
115, 195
115, 196
117, 198
117, 199
118, 200
118, 201
120, 203
120, 204
121, 205
121, 206
123, 208
123, 209
124, 210
124, 211
125, 212
125, 213
126, 214
126, 215
127, 216
127, 218
126, 219
125, 219
124, 218
124, 217
123, 216
123, 214
122, 213
122, 212
121, 211
121, 210
119, 208
119, 207
118, 206
118, 205
117, 204
117, 203
115, 201
112, 201
111, 202
111, 203
110, 204
110, 213
109, 214
108, 213
108, 210
107, 209
107, 207
106, 206
106, 203
105, 202
105, 200
104, 199
104, 197
103, 196
103, 194
102, 193
102, 191
101, 190
101, 188
100, 187
100, 185
99, 184
99, 182
98, 181
98, 180
97, 179
97, 178
96, 177
96, 176
94, 174
91, 174
90, 175
90, 176
89, 177
89, 199
90, 200
90, 215
91, 216
91, 227
92, 228
92, 245
91, 246
91, 254
90, 255
90, 257
89, 258
89, 259
87, 261
84, 261
83, 260
82, 260
76, 254
76, 251
75, 250
75, 237
74, 236
74, 224
73, 223
73, 211
72, 210
72, 198
71, 197
71, 186
70, 185
70, 173
69, 172
69, 152
68, 151
68, 129
67, 128
67, 112
66, 111
66, 100
65, 99
65, 90
64, 89
64, 83
63, 82
63, 76
62, 75
62, 71
61, 70
61, 65
60, 64
60, 60
59, 59
59, 56
58, 55
58, 51
57, 50
57, 47
56, 46
56, 43
55, 42
55, 39
54, 38
54, 35
53, 34
53, 32
52, 31
52, 29
51, 28
51, 27
50, 26
50, 25
49, 24
49, 23
48, 22
48, 21
44, 17
43, 17
42, 16
40, 16
78, 279
79, 278
80, 279
80, 280
81, 281
81, 283
82, 284
82, 285
83, 286
83, 288
84, 289
84, 290
85, 291
85, 292
86, 293
86, 295
87, 296
87, 298
88, 299
88, 301
89, 302
89, 304
90, 305
90, 307
91, 308
91, 311
92, 312
92, 314
93, 315
93, 318
94, 319
94, 323
95, 324
95, 328
96, 329
96, 335
97, 336
97, 345
96, 346
96, 349
94, 351
93, 351
91, 349
91, 348
90, 347
90, 346
89, 345
89, 343
88, 342
88, 340
87, 339
87, 336
86, 335
86, 332
85, 331
85, 327
84, 326
84, 322
83, 321
83, 317
82, 316
82, 310
81, 309
81, 304
80, 303
80, 296
79, 295
79, 287
78, 286
141, 240
142, 239
143, 239
145, 241
145, 242
146, 243
146, 245
147, 246
147, 247
148, 248
148, 250
149, 251
149, 253
150, 254
150, 257
151, 258
151, 260
152, 261
152, 264
153, 265
153, 267
154, 268
154, 271
155, 272
155, 275
156, 276
156, 278
157, 279
157, 282
158, 283
158, 286
159, 287
159, 290
160, 291
160, 294
161, 295
161, 299
162, 300
162, 304
163, 305
163, 309
164, 310
164, 316
165, 317
165, 331
164, 332
164, 335
163, 336
163, 337
162, 338
162, 339
161, 340
159, 340
156, 337
156, 336
155, 335
155, 334
154, 333
154, 331
153, 330
153, 328
152, 327
152, 324
151, 323
151, 320
150, 319
150, 315
149, 314
149, 309
148, 308
148, 303
147, 302
147, 296
146, 295
146, 289
145, 288
145, 280
144, 279
144, 271
143, 270
143, 260
142, 259
142, 249
141, 248
94, 38
95, 37
98, 37
99, 38
100, 38
101, 39
102, 39
106, 43
106, 44
108, 46
108, 47
110, 49
110, 50
111, 51
111, 52
112, 53
112, 54
113, 55
113, 57
114, 58
114, 59
115, 60
115, 62
116, 63
116, 64
117, 65
117, 67
118, 68
118, 70
119, 71
119, 74
120, 75
120, 77
121, 78
121, 81
122, 82
122, 85
123, 86
123, 89
124, 90
124, 93
125, 94
125, 98
126, 99
126, 104
127, 105
127, 112
128, 113
128, 123
129, 124
129, 138
130, 139
130, 153
131, 154
131, 164
132, 165
132, 175
133, 176
133, 186
134, 187
134, 199
135, 200
135, 212
136, 213
136, 215
135, 216
134, 216
132, 214
130, 214
128, 212
128, 211
127, 210
127, 209
126, 208
126, 207
124, 205
124, 204
123, 203
123, 202
122, 201
122, 200
120, 198
120, 197
119, 196
119, 195
117, 193
117, 192
116, 191
116, 190
115, 189
115, 188
114, 187
114, 186
113, 185
113, 184
112, 183
112, 182
111, 181
111, 180
110, 179
110, 178
109, 177
109, 176
108, 175
108, 173
107, 172
107, 171
106, 170
106, 168
105, 167
105, 166
104, 165
104, 163
103, 162
103, 160
102, 159
102, 157
101, 156
101, 154
100, 153
100, 150
99, 149
99, 147
98, 146
98, 144
97, 143
97, 140
96, 139
96, 136
95, 135
95, 132
94, 131
94, 129
93, 128
93, 125
92, 124
92, 121
91, 120
91, 117
90, 116
90, 112
89, 111
89, 108
88, 107
88, 103
87, 102
87, 98
86, 97
86, 92
85, 91
85, 81
84, 80
84, 68
85, 67
85, 57
86, 56
86, 51
87, 50
87, 47
88, 46
88, 45
89, 44
89, 43
90, 42
90, 41
93, 38
36, 20
37, 19
41, 19
46, 24
46, 25
47, 26
47, 27
48, 28
48, 29
49, 30
49, 32
50, 33
50, 35
51, 36
51, 39
52, 40
52, 43
53, 44
53, 47
54, 48
54, 51
55, 52
55, 55
56, 56
56, 60
57, 61
57, 65
58, 66
58, 71
59, 72
59, 76
60, 77
60, 83
61, 84
61, 90
62, 91
62, 100
63, 101
63, 113
64, 114
64, 130
65, 131
65, 154
66, 155
66, 174
67, 175
67, 187
68, 188
68, 199
69, 200
69, 211
70, 212
70, 224
71, 225
71, 237
72, 238
72, 249
71, 250
68, 247
68, 246
67, 245
67, 244
66, 243
66, 242
64, 240
64, 239
62, 237
62, 236
60, 234
60, 233
55, 228
54, 228
51, 225
51, 224
50, 223
50, 222
49, 221
49, 220
48, 219
48, 218
47, 217
47, 216
46, 215
46, 213
45, 212
45, 211
44, 210
44, 208
43, 207
43, 206
42, 205
42, 204
41, 203
41, 201
40, 200
40, 199
39, 198
39, 196
38, 195
38, 194
37, 193
37, 191
36, 190
36, 188
35, 187
35, 185
34, 184
34, 182
33, 181
33, 179
32, 178
32, 176
31, 175
31, 173
30, 172
30, 170
29, 169
29, 167
28, 166
28, 164
27, 163
27, 160
26, 159
26, 157
25, 156
25, 153
24, 152
24, 150
23, 149
23, 146
22, 145
22, 142
21, 141
21, 137
20, 136
20, 132
19, 131
19, 127
18, 126
18, 122
17, 121
17, 116
16, 115
16, 110
15, 109
15, 102
14, 101
14, 90
13, 89
13, 76
14, 75
14, 66
15, 65
15, 59
16, 58
16, 53
17, 52
17, 49
18, 48
18, 45
19, 44
19, 43
20, 42
20, 40
21, 39
21, 38
22, 37
22, 36
23, 35
23, 34
25, 32
25, 31
27, 29
27, 28
35, 20
