4, 2
460, 4
458, 369
2, 367
96, 16
95, 17
94, 17
86, 25
86, 26
83, 29
83, 30
80, 33
80, 34
77, 37
77, 38
75, 40
75, 41
73, 43
73, 44
71, 46
71, 47
70, 48
70, 49
68, 51
68, 52
67, 53
67, 54
65, 56
65, 57
64, 58
64, 59
62, 61
62, 62
61, 63
61, 64
60, 65
60, 66
58, 68
58, 69
57, 70
57, 71
56, 72
56, 73
55, 74
55, 75
54, 76
54, 77
53, 78
53, 79
52, 80
52, 82
51, 83
51, 84
50, 85
50, 86
49, 87
49, 88
48, 89
48, 90
47, 91
47, 93
46, 94
46, 95
45, 96
45, 97
44, 98
44, 100
43, 101
43, 102
42, 103
42, 105
41, 106
41, 108
40, 109
40, 110
39, 111
39, 113
38, 114
38, 115
37, 116
37, 118
36, 119
36, 121
35, 122
35, 124
34, 125
34, 127
33, 128
33, 129
32, 130
32, 132
31, 133
31, 135
30, 136
30, 139
29, 140
29, 142
28, 143
28, 145
27, 146
27, 149
26, 150
26, 153
25, 154
25, 157
24, 158
24, 162
23, 163
23, 166
22, 167
22, 172
21, 173
21, 180
20, 181
20, 192
21, 193
21, 196
22, 197
22, 198
25, 201
32, 201
33, 200
34, 200
35, 199
36, 199
38, 197
39, 197
41, 195
42, 195
46, 191
47, 191
53, 185
54, 185
84, 155
85, 156
85, 157
84, 158
84, 160
83, 161
83, 163
82, 164
82, 167
81, 168
81, 172
80, 173
80, 185
81, 186
81, 187
83, 189
84, 189
85, 190
86, 190
87, 189
89, 189
90, 188
91, 188
93, 186
94, 186
107, 173
107, 172
110, 169
111, 169
112, 170
112, 171
111, 172
111, 176
110, 177
110, 183
109, 184
109, 203
110, 204
110, 208
111, 209
111, 212
112, 213
112, 214
114, 216
114, 217
115, 217
117, 219
124, 219
125, 218
126, 218
127, 217
128, 217
129, 216
130, 216
132, 214
133, 214
136, 211
137, 211
142, 206
143, 206
147, 202
147, 201
158, 190
158, 189
163, 184
163, 183
168, 178
168, 177
171, 174
171, 173
175, 169
175, 168
178, 165
178, 164
182, 160
182, 159
185, 156
185, 155
189, 151
189, 150
192, 147
192, 146
194, 144
194, 143
197, 140
197, 139
200, 136
200, 135
203, 132
203, 131
206, 128
206, 127
208, 125
208, 124
211, 121
211, 120
214, 117
214, 116
216, 114
216, 113
219, 110
219, 109
221, 107
221, 106
225, 105
224, 106
224, 107
223, 108
223, 109
222, 110
222, 111
221, 112
221, 113
219, 115
219, 116
218, 117
218, 118
217, 119
217, 120
216, 121
216, 122
215, 123
215, 124
214, 125
214, 126
213, 127
213, 128
212, 129
212, 130
210, 132
210, 133
209, 134
209, 135
208, 136
208, 137
207, 138
207, 139
206, 140
206, 141
205, 142
205, 143
204, 144
204, 145
203, 146
203, 147
202, 148
202, 149
201, 150
201, 151
200, 152
200, 153
199, 154
199, 155
198, 156
198, 157
197, 158
197, 159
196, 160
196, 161
195, 162
195, 163
194, 164
194, 165
193, 166
193, 167
192, 168
192, 169
191, 170
191, 171
190, 172
190, 174
189, 175
189, 176
188, 177
188, 178
187, 179
187, 180
186, 181
186, 182
185, 183
185, 185
184, 186
184, 187
183, 188
183, 189
182, 190
182, 192
181, 193
181, 194
180, 195
180, 197
179, 198
179, 199
178, 200
178, 201
177, 202
177, 204
176, 205
176, 206
175, 207
175, 208
171, 212
170, 212
169, 213
168, 213
166, 215
165, 215
163, 217
162, 217
159, 220
158, 220
153, 225
152, 225
135, 242
135, 243
131, 247
131, 248
128, 251
128, 252
125, 255
125, 256
122, 259
122, 260
121, 261
121, 262
119, 264
119, 265
117, 267
117, 268
116, 269
116, 270
114, 272
114, 273
113, 274
113, 275
111, 277
111, 278
110, 279
110, 280
109, 281
109, 282
108, 283
108, 284
107, 285
107, 286
106, 287
106, 288
105, 289
105, 290
103, 292
103, 293
102, 294
102, 296
101, 297
101, 298
100, 299
100, 300
99, 301
99, 303
98, 304
98, 305
97, 306
97, 307
96, 308
96, 310
95, 311
95, 313
94, 314
94, 315
93, 316
93, 318
92, 319
92, 321
91, 322
91, 325
90, 326
90, 328
89, 329
89, 332
88, 333
88, 336
87, 337
87, 350
88, 351
88, 352
89, 353
90, 353
91, 354
94, 354
95, 353
96, 353
97, 352
98, 352
100, 350
101, 350
109, 342
109, 341
113, 337
113, 336
116, 333
116, 332
118, 330
118, 329
120, 327
120, 326
122, 324
122, 323
123, 322
123, 321
125, 319
125, 318
126, 317
126, 316
128, 314
128, 313
129, 312
129, 311
131, 309
131, 308
132, 307
132, 306
133, 305
133, 304
134, 303
134, 302
135, 301
135, 300
137, 298
137, 297
138, 296
138, 295
139, 294
139, 293
140, 292
140, 291
141, 290
141, 289
142, 288
142, 287
143, 286
143, 285
144, 284
144, 283
145, 282
145, 281
146, 280
146, 279
147, 278
147, 276
148, 275
148, 274
149, 273
149, 272
150, 271
150, 270
151, 269
151, 268
152, 267
152, 266
153, 265
153, 263
154, 262
154, 261
155, 260
155, 259
156, 258
156, 257
157, 256
157, 254
158, 253
158, 252
159, 251
159, 250
160, 249
160, 248
161, 247
161, 245
162, 244
162, 243
163, 242
163, 241
164, 240
164, 238
165, 237
165, 236
166, 235
166, 234
167, 233
167, 232
168, 231
168, 229
169, 228
169, 227
170, 226
170, 225
171, 224
171, 222
172, 221
172, 220
173, 219
173, 218
174, 217
174, 216
175, 215
175, 213
178, 210
179, 210
180, 209
181, 209
182, 208
183, 208
184, 207
185, 207
186, 206
187, 206
188, 205
189, 205
190, 204
192, 204
193, 203
194, 203
195, 202
196, 202
197, 201
198, 201
199, 200
200, 200
201, 199
203, 199
204, 198
205, 198
206, 197
208, 197
209, 196
211, 196
212, 195
213, 195
214, 194
216, 194
217, 193
219, 193
220, 192
222, 192
223, 191
225, 191
226, 190
228, 190
229, 189
231, 189
232, 188
234, 188
235, 187
238, 187
239, 186
244, 186
245, 185
249, 189
253, 189
254, 188
256, 188
257, 187
259, 187
260, 186
262, 186
263, 185
264, 185
265, 184
267, 184
268, 183
270, 183
271, 182
272, 182
273, 181
275, 181
276, 180
278, 180
279, 179
281, 179
282, 178
285, 178
286, 177
288, 177
289, 176
291, 176
292, 175
295, 175
296, 174
299, 174
300, 173
303, 173
304, 172
307, 172
308, 171
312, 171
313, 170
324, 170
326, 172
326, 173
325, 174
325, 175
323, 177
323, 178
318, 183
318, 184
314, 188
314, 190
316, 190
317, 189
318, 189
321, 186
322, 186
324, 184
325, 184
328, 181
329, 181
331, 179
332, 179
335, 176
336, 176
338, 174
339, 174
342, 171
343, 171
345, 169
346, 169
348, 167
349, 167
351, 165
352, 165
353, 164
354, 164
356, 162
357, 162
359, 160
360, 160
362, 158
363, 158
364, 157
365, 157
367, 155
368, 155
369, 154
370, 154
372, 152
373, 152
374, 151
375, 151
376, 150
377, 150
379, 148
380, 148
381, 147
382, 147
383, 146
384, 146
385, 145
386, 145
387, 144
388, 144
389, 143
390, 143
391, 142
392, 142
393, 141
394, 141
395, 140
396, 140
397, 139
399, 139
400, 138
401, 138
402, 137
404, 137
405, 136
407, 136
408, 135
410, 135
411, 134
413, 134
414, 133
417, 133
418, 132
421, 132
422, 131
439, 131
440, 130
440, 129
439, 128
428, 128
427, 129
420, 129
419, 130
416, 130
415, 131
413, 131
412, 132
409, 132
408, 133
406, 133
405, 134
404, 134
403, 135
401, 135
400, 136
398, 136
397, 137
396, 137
395, 138
394, 138
393, 139
392, 139
391, 140
389, 140
388, 141
387, 141
386, 142
385, 142
384, 143
383, 143
382, 144
381, 144
379, 146
378, 146
377, 147
376, 147
375, 148
374, 148
373, 149
372, 149
370, 151
369, 151
368, 152
367, 152
365, 154
364, 154
363, 155
362, 155
360, 157
359, 157
357, 159
356, 159
354, 161
353, 161
352, 162
351, 162
349, 164
348, 164
346, 166
345, 166
343, 168
342, 168
340, 170
339, 170
336, 173
335, 173
333, 175
332, 175
329, 178
327, 175
328, 174
328, 170
326, 168
325, 168
324, 167
317, 167
316, 168
311, 168
310, 169
306, 169
305, 170
302, 170
301, 171
298, 171
297, 172
294, 172
293, 173
291, 173
290, 174
287, 174
286, 175
284, 175
283, 176
281, 176
280, 177
278, 177
277, 178
275, 178
274, 179
272, 179
271, 180
269, 180
268, 181
266, 181
265, 182
264, 182
263, 183
261, 183
260, 184
258, 184
257, 185
255, 185
254, 186
250, 186
249, 185
249, 184
248, 183
242, 183
241, 184
237, 184
236, 185
233, 185
232, 186
230, 186
229, 187
227, 187
226, 188
224, 188
223, 189
221, 189
220, 190
218, 190
217, 191
215, 191
214, 192
213, 192
212, 193
210, 193
209, 194
207, 194
206, 195
205, 195
204, 196
202, 196
201, 197
200, 197
199, 198
198, 198
197, 199
195, 199
194, 200
193, 200
192, 201
191, 201
190, 202
189, 202
188, 203
187, 203
186, 204
185, 204
184, 205
182, 205
181, 206
180, 206
179, 205
179, 204
180, 203
180, 202
181, 201
181, 199
182, 198
182, 197
183, 196
183, 194
184, 193
184, 192
185, 191
185, 190
186, 189
186, 187
187, 186
187, 185
188, 184
188, 183
189, 182
189, 181
190, 180
190, 178
191, 177
191, 176
192, 175
192, 174
193, 173
193, 172
194, 171
194, 170
195, 169
195, 168
196, 167
196, 166
197, 165
197, 164
198, 163
198, 162
199, 161
199, 160
200, 159
200, 158
201, 157
201, 156
202, 155
202, 154
203, 153
203, 152
204, 151
204, 150
205, 149
205, 148
206, 147
206, 146
207, 145
207, 144
208, 143
208, 142
209, 141
209, 140
210, 139
210, 138
211, 137
211, 136
212, 135
212, 134
213, 133
213, 132
214, 131
214, 130
215, 129
215, 128
216, 127
216, 126
218, 124
218, 123
219, 122
219, 121
220, 120
220, 119
221, 118
221, 117
222, 116
222, 115
223, 114
223, 113
224, 112
224, 111
225, 110
225, 109
226, 108
226, 107
228, 105
228, 104
229, 103
229, 102
230, 101
230, 100
231, 99
231, 98
232, 97
232, 96
233, 95
233, 94
234, 93
234, 92
235, 91
235, 90
236, 89
236, 88
238, 86
238, 85
239, 84
239, 83
240, 82
240, 81
241, 80
241, 79
243, 77
243, 76
244, 75
244, 74
245, 73
245, 69
244, 69
242, 71
242, 72
241, 73
241, 74
240, 75
240, 76
238, 78
238, 79
236, 81
236, 82
233, 85
233, 86
231, 88
231, 89
228, 92
228, 93
226, 95
226, 96
223, 99
223, 100
220, 103
220, 104
218, 106
218, 107
215, 110
215, 111
213, 113
213, 114
210, 117
210, 118
208, 120
208, 121
205, 124
205, 125
202, 128
202, 129
199, 132
199, 133
196, 136
196, 137
194, 139
194, 140
191, 143
191, 144
188, 147
188, 148
185, 151
185, 152
181, 156
181, 157
178, 160
178, 161
174, 165
174, 166
171, 169
171, 170
167, 174
167, 175
163, 179
163, 180
158, 185
158, 186
150, 194
150, 195
139, 206
138, 206
134, 210
133, 210
130, 213
129, 213
128, 214
127, 214
125, 216
123, 216
122, 217
119, 217
118, 216
117, 216
115, 214
115, 213
114, 212
114, 211
113, 210
113, 208
112, 207
112, 201
111, 200
111, 189
112, 188
112, 180
113, 179
113, 174
114, 173
114, 169
115, 168
115, 165
116, 164
116, 162
117, 161
117, 160
120, 157
120, 156
122, 154
122, 153
125, 150
125, 149
127, 147
127, 146
129, 144
129, 143
132, 140
132, 139
134, 137
134, 136
136, 134
136, 133
137, 132
137, 131
139, 129
139, 128
141, 126
141, 125
143, 123
143, 122
145, 120
145, 119
146, 118
146, 117
148, 115
148, 114
150, 112
150, 111
152, 109
152, 108
153, 107
153, 106
155, 104
155, 103
157, 101
157, 100
158, 99
158, 98
160, 96
160, 95
162, 93
162, 92
163, 91
163, 90
165, 88
165, 87
167, 85
167, 84
168, 83
168, 82
170, 80
170, 79
172, 77
172, 76
173, 75
173, 74
175, 72
175, 71
177, 69
177, 68
178, 67
178, 66
180, 64
180, 63
182, 61
182, 60
183, 59
183, 58
185, 56
185, 55
186, 54
186, 53
188, 51
188, 50
189, 49
189, 48
191, 46
191, 45
192, 44
192, 43
193, 42
193, 41
195, 39
195, 38
196, 37
196, 36
197, 35
197, 34
198, 33
198, 32
199, 31
199, 30
200, 29
200, 27
201, 26
201, 24
202, 23
202, 18
201, 17
197, 17
196, 18
195, 18
194, 19
193, 19
185, 27
185, 28
180, 33
180, 34
177, 37
177, 38
174, 41
174, 42
172, 44
172, 45
170, 47
170, 48
168, 50
168, 51
166, 53
166, 54
164, 56
164, 57
162, 59
162, 60
160, 62
160, 63
159, 64
159, 65
157, 67
157, 68
156, 69
156, 70
154, 72
154, 73
153, 74
153, 75
151, 77
151, 78
150, 79
150, 80
148, 82
148, 83
147, 84
147, 85
146, 86
146, 87
145, 88
145, 89
144, 90
144, 91
143, 92
143, 93
141, 95
141, 96
140, 97
140, 98
139, 99
139, 100
138, 101
138, 102
137, 103
137, 104
136, 105
136, 106
135, 107
135, 108
134, 109
134, 111
133, 112
133, 113
132, 114
132, 115
131, 116
131, 117
130, 118
130, 119
129, 120
129, 122
128, 123
128, 124
127, 125
127, 126
126, 127
126, 128
125, 129
125, 131
124, 132
124, 133
123, 134
123, 136
122, 137
122, 138
121, 139
121, 141
120, 142
120, 143
119, 144
119, 146
118, 147
118, 149
117, 150
117, 152
116, 153
116, 155
115, 156
115, 158
114, 159
114, 160
112, 162
112, 163
107, 168
107, 169
98, 178
98, 179
97, 180
96, 180
91, 185
90, 185
88, 187
85, 187
83, 185
83, 184
82, 183
82, 176
83, 175
83, 170
84, 169
84, 166
85, 165
85, 163
86, 162
86, 160
87, 159
87, 157
88, 156
88, 155
89, 154
89, 152
90, 151
90, 150
91, 149
91, 148
92, 147
92, 146
93, 145
93, 144
96, 141
96, 140
99, 137
99, 136
103, 132
103, 131
105, 129
105, 128
108, 125
108, 124
110, 122
110, 121
113, 118
113, 117
115, 115
115, 114
117, 112
117, 111
119, 109
119, 108
120, 107
120, 106
122, 104
122, 103
124, 101
124, 100
126, 98
126, 97
127, 96
127, 95
129, 93
129, 92
130, 91
130, 90
132, 88
132, 87
133, 86
133, 85
134, 84
134, 83
136, 81
136, 80
137, 79
137, 78
138, 77
138, 76
139, 75
139, 74
141, 72
141, 71
142, 70
142, 69
143, 68
143, 66
144, 65
144, 64
145, 63
145, 62
146, 61
146, 59
147, 58
147, 55
144, 55
138, 61
138, 62
136, 64
136, 65
134, 67
134, 68
131, 71
131, 72
130, 73
130, 74
128, 76
128, 77
126, 79
126, 80
124, 82
124, 83
123, 84
123, 85
121, 87
121, 88
119, 90
119, 91
118, 92
118, 93
116, 95
116, 96
115, 97
115, 98
114, 99
114, 100
112, 102
112, 103
111, 104
111, 105
109, 107
109, 108
108, 109
108, 110
107, 111
107, 112
105, 114
105, 115
104, 116
104, 117
103, 118
103, 119
102, 120
102, 121
101, 122
101, 123
100, 124
100, 125
99, 126
99, 127
97, 129
97, 130
96, 131
96, 132
95, 133
95, 134
94, 135
94, 136
93, 137
93, 138
92, 139
92, 140
91, 141
91, 142
89, 144
89, 145
83, 151
83, 152
49, 186
48, 186
43, 191
42, 191
39, 194
38, 194
36, 196
35, 196
34, 197
33, 197
32, 198
31, 198
30, 199
27, 199
24, 196
24, 195
23, 194
23, 189
22, 188
22, 187
23, 186
23, 176
24, 175
24, 170
25, 169
25, 165
26, 164
26, 160
27, 159
27, 156
28, 155
28, 152
29, 151
29, 148
30, 147
30, 145
31, 144
31, 141
32, 140
32, 138
33, 137
33, 135
34, 134
34, 132
35, 131
35, 129
36, 128
36, 126
37, 125
37, 124
38, 123
38, 121
39, 120
39, 118
40, 117
40, 115
41, 114
41, 113
42, 112
42, 110
43, 109
43, 108
44, 107
44, 105
45, 104
45, 102
46, 101
46, 100
47, 99
47, 98
48, 97
48, 95
49, 94
49, 93
50, 92
50, 91
51, 90
51, 88
52, 87
52, 86
53, 85
53, 84
54, 83
54, 82
55, 81
55, 80
56, 79
56, 78
57, 77
57, 76
58, 75
58, 74
59, 73
59, 72
60, 71
60, 70
61, 69
61, 68
62, 67
62, 66
64, 64
64, 63
65, 62
65, 61
66, 60
66, 59
68, 57
68, 56
69, 55
69, 54
71, 52
71, 51
73, 49
73, 48
74, 47
74, 46
76, 44
76, 43
78, 41
78, 40
81, 37
81, 36
84, 33
84, 32
87, 29
87, 28
91, 24
92, 25
92, 26
90, 28
90, 29
89, 30
89, 31
87, 33
87, 34
86, 35
86, 36
84, 38
84, 39
83, 40
83, 41
81, 43
81, 44
80, 45
80, 46
78, 48
78, 49
77, 50
77, 51
76, 52
76, 53
74, 55
74, 56
73, 57
73, 58
72, 59
72, 60
70, 62
70, 63
69, 64
69, 65
67, 67
67, 68
65, 70
65, 71
64, 72
64, 73
62, 75
62, 76
61, 77
61, 78
59, 80
59, 83
60, 83
62, 81
62, 80
64, 78
64, 77
65, 76
65, 75
67, 73
67, 72
68, 71
68, 70
70, 68
70, 67
72, 65
72, 64
73, 63
73, 62
74, 61
74, 60
76, 58
76, 57
77, 56
77, 55
78, 54
78, 53
80, 51
80, 50
81, 49
81, 48
82, 47
82, 46
84, 44
84, 43
86, 41
86, 40
87, 39
87, 38
89, 36
89, 35
90, 34
90, 33
92, 31
92, 30
93, 29
93, 28
95, 26
95, 25
96, 24
96, 23
97, 22
97, 21
98, 20
98, 17
97, 16
169, 216
170, 215
171, 216
171, 218
170, 219
170, 220
169, 221
169, 222
168, 223
168, 224
167, 225
167, 227
166, 228
166, 229
165, 230
165, 231
164, 232
164, 234
163, 235
163, 236
162, 237
162, 238
161, 239
161, 240
160, 241
160, 243
159, 244
159, 245
158, 246
158, 247
157, 248
157, 250
156, 251
156, 252
155, 253
155, 254
154, 255
154, 256
153, 257
153, 259
152, 260
152, 261
151, 262
151, 263
150, 264
150, 265
149, 266
149, 267
148, 268
148, 270
147, 271
147, 272
146, 273
146, 274
145, 275
145, 276
144, 277
144, 278
143, 279
143, 280
142, 281
142, 282
141, 283
141, 284
140, 285
140, 286
139, 287
139, 288
138, 289
138, 290
137, 291
137, 292
136, 293
136, 294
135, 295
135, 296
134, 297
134, 298
133, 299
133, 300
132, 301
132, 302
130, 304
130, 305
129, 306
129, 307
128, 308
128, 309
127, 310
127, 311
125, 313
125, 314
124, 315
124, 316
122, 318
122, 319
121, 320
121, 321
119, 323
119, 324
117, 326
117, 327
115, 329
115, 330
112, 333
112, 334
109, 337
109, 338
98, 349
97, 349
95, 351
91, 351
89, 349
89, 340
90, 339
90, 335
91, 334
91, 331
92, 330
92, 327
93, 326
93, 324
94, 323
94, 321
95, 320
95, 318
96, 317
96, 315
97, 314
97, 313
98, 312
98, 310
99, 309
99, 308
100, 307
100, 305
101, 304
101, 303
102, 302
102, 301
103, 300
103, 298
104, 297
104, 296
105, 295
105, 294
106, 293
106, 292
107, 291
107, 290
108, 289
108, 288
109, 287
109, 286
110, 285
110, 284
111, 283
111, 282
112, 281
112, 280
114, 278
114, 277
115, 276
115, 275
117, 273
117, 272
119, 270
119, 269
120, 268
120, 267
122, 265
122, 264
123, 263
123, 262
126, 259
126, 258
129, 255
129, 254
132, 251
132, 250
135, 247
135, 246
156, 225
157, 225
162, 220
163, 220
165, 218
166, 218
168, 216
141, 62
142, 63
142, 64
141, 65
141, 66
140, 67
140, 68
139, 69
139, 70
138, 71
138, 72
137, 73
137, 74
136, 75
136, 76
134, 78
134, 79
133, 80
133, 81
132, 82
132, 83
130, 85
130, 86
129, 87
129, 88
127, 90
127, 91
126, 92
126, 93
124, 95
124, 96
123, 97
123, 98
121, 100
121, 101
119, 103
119, 104
117, 106
117, 107
115, 109
115, 110
113, 112
113, 113
111, 115
111, 116
109, 118
109, 119
107, 121
107, 122
104, 122
105, 121
105, 120
106, 119
106, 118
107, 117
107, 116
108, 115
108, 114
109, 113
109, 112
111, 110
111, 109
112, 108
112, 107
113, 106
113, 105
115, 103
115, 102
116, 101
116, 100
118, 98
118, 97
119, 96
119, 95
121, 93
121, 92
122, 91
122, 90
124, 88
124, 87
125, 86
125, 85
127, 83
127, 82
129, 80
129, 79
131, 77
131, 76
133, 74
133, 73
135, 71
135, 70
137, 68
137, 67
139, 65
139, 64
197, 20
198, 19
200, 21
199, 22
199, 25
198, 26
198, 27
197, 28
197, 29
196, 30
196, 31
195, 32
195, 33
194, 34
194, 35
193, 36
193, 37
192, 38
192, 39
191, 40
191, 41
189, 43
189, 44
188, 45
188, 46
186, 48
186, 49
185, 50
185, 51
184, 52
184, 53
182, 55
182, 56
180, 58
180, 59
179, 60
179, 61
177, 63
177, 64
175, 66
175, 67
174, 68
174, 69
172, 71
172, 72
170, 74
170, 75
169, 76
169, 77
167, 79
167, 80
165, 82
165, 83
164, 84
164, 85
162, 87
162, 88
160, 90
160, 91
159, 92
159, 93
157, 95
157, 96
155, 98
155, 99
154, 100
154, 101
152, 103
152, 104
150, 106
150, 107
149, 108
149, 109
147, 111
147, 112
145, 114
145, 115
143, 117
143, 118
142, 119
142, 120
140, 122
140, 123
138, 125
138, 126
136, 128
136, 129
134, 131
134, 132
133, 133
133, 134
130, 137
130, 138
128, 140
128, 141
126, 143
126, 144
124, 146
124, 147
122, 149
121, 148
121, 146
122, 145
122, 143
123, 142
123, 141
124, 140
124, 138
125, 137
125, 136
126, 135
126, 133
127, 132
127, 131
128, 130
128, 129
129, 128
129, 126
130, 125
130, 124
131, 123
131, 122
132, 121
132, 120
133, 119
133, 117
134, 116
134, 115
135, 114
135, 113
136, 112
136, 111
137, 110
137, 109
138, 108
138, 107
139, 106
139, 105
140, 104
140, 103
141, 102
141, 101
142, 100
142, 99
143, 98
143, 97
144, 96
144, 95
145, 94
145, 93
146, 92
146, 91
148, 89
148, 88
149, 87
149, 86
150, 85
150, 84
151, 83
151, 82
153, 80
153, 79
154, 78
154, 77
155, 76
155, 75
157, 73
157, 72
158, 71
158, 70
160, 68
160, 67
162, 65
162, 64
163, 63
163, 62
165, 60
165, 59
167, 57
167, 56
169, 54
169, 53
171, 51
171, 50
173, 48
173, 47
175, 45
175, 44
178, 41
178, 40
180, 38
180, 37
185, 32
185, 31
196, 20
