4, 2
462, 4
460, 369
2, 367
99, 15
98, 16
96, 16
95, 17
94, 17
93, 18
92, 18
91, 19
90, 19
88, 21
87, 21
85, 23
84, 23
81, 26
80, 26
62, 44
62, 45
57, 50
57, 51
54, 54
54, 55
52, 57
52, 58
50, 60
50, 61
49, 62
49, 63
48, 64
48, 65
46, 67
46, 68
45, 69
45, 70
44, 71
44, 72
43, 73
43, 74
42, 75
42, 76
41, 77
41, 78
40, 79
40, 80
39, 81
39, 83
38, 84
38, 85
37, 86
37, 87
36, 88
36, 89
35, 90
35, 92
34, 93
34, 94
33, 95
33, 97
32, 98
32, 100
31, 101
31, 102
30, 103
30, 106
29, 107
29, 109
28, 110
28, 112
27, 113
27, 115
26, 116
26, 119
25, 120
25, 123
24, 124
24, 128
23, 129
23, 133
22, 134
22, 139
21, 140
21, 147
20, 148
20, 172
21, 173
21, 178
22, 179
22, 182
23, 183
23, 185
24, 186
24, 188
25, 189
25, 190
27, 192
27, 193
31, 197
32, 197
33, 198
36, 198
37, 199
40, 199
41, 198
44, 198
45, 197
47, 197
48, 196
49, 196
50, 195
51, 195
52, 194
53, 194
54, 193
55, 193
56, 192
57, 192
58, 191
59, 191
61, 189
62, 189
64, 187
65, 187
67, 185
68, 185
71, 182
72, 182
74, 180
75, 180
78, 177
79, 177
83, 173
84, 173
87, 170
88, 170
92, 166
93, 166
96, 163
97, 163
100, 160
101, 160
104, 157
105, 157
108, 154
109, 154
113, 150
114, 150
117, 147
118, 147
124, 141
125, 141
142, 124
142, 123
152, 113
152, 112
159, 105
159, 104
165, 98
165, 97
170, 92
170, 91
175, 86
175, 85
180, 80
180, 79
185, 74
185, 73
190, 68
190, 67
193, 68
192, 69
192, 70
191, 71
191, 72
190, 73
190, 74
189, 75
189, 76
188, 77
188, 78
187, 79
187, 80
186, 81
186, 82
185, 83
185, 84
184, 85
184, 86
183, 87
183, 88
182, 89
182, 90
181, 91
181, 92
180, 93
180, 94
179, 95
179, 96
178, 97
178, 98
177, 99
177, 100
176, 101
176, 102
175, 103
175, 104
174, 105
174, 106
173, 107
173, 108
172, 109
172, 110
171, 111
171, 112
170, 113
170, 114
169, 115
169, 116
168, 117
168, 118
167, 119
167, 120
166, 121
166, 122
165, 123
165, 124
164, 125
164, 126
163, 127
163, 128
162, 129
162, 130
161, 131
161, 132
160, 133
160, 135
159, 136
159, 137
158, 138
158, 139
157, 140
157, 142
156, 143
156, 144
155, 145
155, 146
154, 147
154, 149
153, 150
153, 152
152, 153
152, 154
151, 155
151, 157
150, 158
150, 160
149, 161
149, 164
148, 165
148, 167
147, 168
147, 171
146, 172
146, 175
145, 176
145, 180
144, 181
144, 191
145, 192
145, 193
146, 194
152, 194
153, 193
154, 193
155, 192
156, 192
157, 191
158, 191
160, 189
161, 189
164, 186
165, 186
172, 179
173, 179
183, 169
183, 168
222, 129
223, 130
223, 131
222, 132
222, 134
221, 135
221, 136
220, 137
220, 139
219, 140
219, 142
218, 143
218, 145
217, 146
217, 148
216, 149
216, 151
215, 152
215, 155
214, 156
214, 158
213, 159
213, 163
212, 164
212, 167
211, 168
211, 173
210, 174
210, 183
209, 184
209, 186
210, 187
210, 192
211, 193
211, 194
214, 197
221, 197
222, 196
223, 196
224, 195
225, 195
227, 193
228, 193
231, 190
232, 190
241, 181
242, 181
269, 154
270, 154
274, 150
274, 149
292, 131
293, 131
294, 130
295, 131
295, 132
294, 133
294, 134
292, 136
292, 138
291, 139
291, 140
290, 141
290, 142
289, 143
289, 145
288, 146
288, 147
287, 148
287, 150
286, 151
286, 153
285, 154
285, 155
284, 156
284, 158
283, 159
283, 161
282, 162
282, 164
281, 165
281, 167
280, 168
280, 170
279, 171
279, 173
278, 174
278, 176
277, 177
277, 180
276, 181
276, 183
275, 184
275, 186
274, 187
274, 189
273, 190
273, 192
272, 193
272, 195
271, 196
271, 198
270, 199
270, 201
269, 202
269, 204
268, 205
268, 207
267, 208
267, 210
266, 211
266, 213
265, 214
265, 215
264, 216
264, 217
246, 235
246, 236
241, 241
241, 242
237, 246
237, 247
233, 251
233, 252
231, 254
231, 255
229, 257
229, 258
227, 260
227, 261
225, 263
225, 264
223, 266
223, 267
222, 268
222, 269
220, 271
220, 272
219, 273
219, 274
218, 275
218, 276
217, 277
217, 278
216, 279
216, 280
215, 281
215, 282
214, 283
214, 284
213, 285
213, 286
212, 287
212, 288
211, 289
211, 290
210, 291
210, 293
209, 294
209, 295
208, 296
208, 298
207, 299
207, 300
206, 301
206, 303
205, 304
205, 306
204, 307
204, 309
203, 310
203, 312
202, 313
202, 316
201, 317
201, 320
200, 321
200, 324
199, 325
199, 329
198, 330
198, 347
199, 348
199, 349
201, 351
201, 352
202, 352
204, 354
206, 354
207, 355
208, 355
209, 354
211, 354
218, 347
218, 346
220, 344
220, 343
221, 342
221, 341
222, 340
222, 339
224, 337
224, 336
225, 335
225, 334
226, 333
226, 331
227, 330
227, 329
228, 328
228, 327
229, 326
229, 324
230, 323
230, 322
231, 321
231, 319
232, 318
232, 317
233, 316
233, 314
234, 313
234, 311
235, 310
235, 309
236, 308
236, 306
237, 305
237, 303
238, 302
238, 300
239, 299
239, 297
240, 296
240, 295
241, 294
241, 292
242, 291
242, 289
243, 288
243, 286
244, 285
244, 283
245, 282
245, 280
246, 279
246, 277
247, 276
247, 275
248, 274
248, 272
249, 271
249, 269
250, 268
250, 266
251, 265
251, 263
252, 262
252, 261
253, 260
253, 258
254, 257
254, 255
255, 254
255, 252
256, 251
256, 249
257, 248
257, 247
258, 246
258, 244
259, 243
259, 241
260, 240
260, 238
261, 237
261, 235
262, 234
262, 233
263, 232
263, 230
264, 229
264, 227
265, 226
265, 224
266, 223
266, 222
267, 221
267, 219
288, 198
288, 197
296, 189
296, 188
302, 182
302, 181
309, 174
309, 173
315, 167
315, 166
323, 158
323, 157
335, 145
336, 145
339, 142
340, 142
341, 141
344, 141
345, 142
345, 144
344, 145
344, 147
343, 148
343, 149
342, 150
342, 152
341, 153
341, 154
340, 155
340, 157
339, 158
339, 159
338, 160
338, 161
337, 162
337, 164
336, 165
336, 166
335, 167
335, 169
334, 170
334, 172
333, 173
333, 175
332, 176
332, 178
331, 179
331, 181
330, 182
330, 185
329, 186
329, 188
328, 189
328, 192
327, 193
327, 196
326, 197
326, 199
325, 200
325, 203
324, 204
324, 207
323, 208
323, 212
322, 213
322, 217
323, 218
323, 219
324, 220
328, 220
329, 219
330, 219
333, 216
333, 215
337, 211
337, 210
340, 207
340, 206
343, 203
343, 202
347, 198
347, 197
355, 189
355, 188
357, 186
357, 185
359, 183
359, 182
362, 179
362, 178
366, 174
366, 173
368, 171
368, 170
370, 168
370, 167
372, 165
373, 166
373, 169
372, 170
372, 172
371, 173
371, 176
370, 177
370, 180
369, 181
369, 184
368, 185
368, 196
371, 199
373, 199
374, 198
376, 198
378, 196
379, 196
381, 194
382, 194
386, 190
387, 190
389, 188
390, 188
393, 185
393, 184
394, 183
394, 181
395, 180
395, 179
400, 174
401, 174
404, 171
405, 171
407, 169
408, 169
411, 166
412, 166
414, 164
415, 164
417, 162
418, 162
420, 160
421, 160
427, 154
428, 154
435, 147
436, 147
443, 140
443, 139
442, 138
440, 138
436, 142
435, 142
429, 148
428, 148
421, 155
420, 155
416, 159
415, 159
413, 161
412, 161
410, 163
409, 163
407, 165
406, 165
404, 167
403, 167
400, 170
399, 170
396, 173
395, 173
393, 175
393, 176
392, 177
392, 178
391, 179
391, 180
390, 181
390, 182
385, 187
384, 187
381, 190
380, 190
377, 193
376, 193
374, 195
373, 195
371, 193
371, 189
372, 188
372, 184
373, 183
373, 180
374, 179
374, 176
375, 175
375, 172
376, 171
376, 169
377, 168
377, 166
378, 165
378, 163
379, 162
379, 160
380, 159
380, 156
381, 155
381, 152
382, 151
382, 146
381, 145
380, 145
377, 148
377, 149
376, 150
376, 152
374, 154
374, 155
373, 156
373, 157
371, 159
371, 160
370, 161
370, 162
366, 166
366, 167
365, 168
365, 169
362, 172
362, 173
358, 177
358, 178
356, 180
356, 181
354, 183
354, 184
348, 190
348, 191
342, 197
342, 198
339, 201
339, 202
336, 205
336, 206
333, 209
333, 210
327, 216
326, 215
326, 211
327, 210
327, 207
328, 206
328, 203
329, 202
329, 199
330, 198
330, 196
331, 195
331, 192
332, 191
332, 188
333, 187
333, 185
334, 184
334, 182
335, 181
335, 178
336, 177
336, 175
337, 174
337, 172
338, 171
338, 170
339, 169
339, 167
340, 166
340, 164
341, 163
341, 162
342, 161
342, 160
343, 159
343, 158
344, 157
344, 155
345, 154
345, 153
346, 152
346, 150
347, 149
347, 148
348, 147
348, 145
349, 144
349, 141
350, 140
350, 137
348, 135
347, 135
346, 136
345, 136
343, 138
338, 138
336, 140
335, 140
317, 158
317, 159
310, 166
310, 167
303, 174
303, 175
297, 181
297, 182
291, 188
291, 189
277, 203
277, 204
274, 207
273, 207
272, 206
272, 205
273, 204
273, 202
274, 201
274, 199
275, 198
275, 196
276, 195
276, 193
277, 192
277, 190
278, 189
278, 187
279, 186
279, 183
280, 182
280, 180
281, 179
281, 177
282, 176
282, 174
283, 173
283, 171
284, 170
284, 168
285, 167
285, 165
286, 164
286, 162
287, 161
287, 159
288, 158
288, 156
289, 155
289, 153
290, 152
290, 151
291, 150
291, 148
292, 147
292, 145
293, 144
293, 143
294, 142
294, 141
295, 140
295, 139
296, 138
296, 137
297, 136
297, 135
298, 134
298, 133
299, 132
299, 131
300, 130
300, 129
302, 127
302, 126
303, 125
303, 124
304, 123
304, 122
305, 121
305, 116
302, 116
301, 117
301, 118
299, 120
299, 121
296, 124
295, 124
292, 127
291, 127
286, 132
285, 132
282, 135
282, 136
257, 161
256, 161
232, 185
231, 185
227, 189
226, 189
223, 192
222, 192
221, 193
219, 193
218, 194
217, 194
216, 193
215, 193
214, 192
214, 190
213, 189
213, 179
214, 178
214, 172
215, 171
215, 167
216, 166
216, 162
217, 161
217, 158
218, 157
218, 155
219, 154
219, 151
220, 150
220, 148
221, 147
221, 145
222, 144
222, 142
223, 141
223, 140
224, 139
224, 137
225, 136
225, 134
226, 133
226, 132
227, 131
227, 130
228, 129
228, 128
229, 127
229, 125
230, 124
230, 123
231, 122
231, 121
232, 120
232, 119
233, 118
233, 117
236, 114
236, 113
241, 108
241, 107
245, 103
245, 102
249, 98
249, 97
252, 94
252, 93
256, 89
256, 88
259, 85
259, 84
262, 81
262, 80
265, 77
265, 76
268, 73
268, 72
270, 70
270, 69
273, 66
273, 65
275, 63
275, 62
276, 61
276, 60
278, 58
278, 57
279, 56
279, 55
280, 54
280, 50
278, 48
274, 48
272, 50
271, 50
267, 54
267, 55
263, 59
263, 60
260, 63
260, 64
258, 66
258, 67
256, 69
256, 70
254, 72
254, 73
253, 74
253, 75
251, 77
251, 78
249, 80
249, 81
248, 82
248, 83
247, 84
247, 85
245, 87
245, 88
244, 89
244, 90
242, 92
242, 93
241, 94
241, 95
240, 96
240, 97
239, 98
239, 99
238, 100
238, 101
236, 103
236, 104
235, 105
235, 106
234, 107
234, 108
233, 109
233, 110
232, 111
232, 112
230, 114
230, 115
221, 124
221, 125
219, 127
218, 127
193, 152
193, 153
165, 181
164, 181
160, 185
159, 185
157, 187
156, 187
154, 189
153, 189
152, 190
151, 190
150, 191
149, 191
148, 190
148, 189
147, 188
147, 185
148, 184
148, 179
149, 178
149, 174
150, 173
150, 171
151, 170
151, 167
152, 166
152, 164
153, 163
153, 161
154, 160
154, 158
155, 157
155, 155
156, 154
156, 152
157, 151
157, 150
158, 149
158, 147
159, 146
159, 145
160, 144
160, 143
161, 142
161, 140
162, 139
162, 138
163, 137
163, 136
164, 135
164, 133
165, 132
165, 131
166, 130
166, 129
167, 128
167, 127
168, 126
168, 125
169, 124
169, 123
170, 122
170, 121
171, 120
171, 119
172, 118
172, 117
173, 116
173, 115
174, 114
174, 113
175, 112
175, 111
176, 110
176, 109
177, 108
177, 107
178, 106
178, 105
179, 104
179, 103
180, 102
180, 101
181, 100
181, 99
182, 98
182, 97
183, 96
183, 95
184, 94
184, 93
185, 92
185, 91
186, 90
186, 89
187, 88
187, 87
188, 86
188, 85
189, 84
189, 83
190, 82
190, 81
191, 80
191, 79
192, 78
192, 77
193, 76
193, 75
194, 74
194, 73
195, 72
195, 71
196, 70
196, 69
197, 68
197, 67
198, 66
198, 65
199, 64
199, 63
200, 62
200, 61
201, 60
201, 59
202, 58
202, 57
203, 56
203, 55
204, 54
204, 53
205, 52
205, 51
206, 50
206, 49
207, 48
207, 47
209, 45
209, 44
211, 42
211, 41
213, 39
213, 38
215, 36
215, 33
214, 32
213, 32
209, 36
209, 37
207, 39
207, 40
206, 41
206, 42
204, 44
204, 45
200, 49
200, 50
195, 55
195, 56
190, 61
190, 62
185, 67
185, 68
180, 73
180, 74
176, 78
176, 79
171, 84
171, 85
166, 90
166, 91
160, 97
160, 98
153, 105
153, 106
145, 114
145, 115
118, 142
117, 142
112, 147
111, 147
108, 150
107, 150
104, 153
103, 153
100, 156
99, 156
96, 159
95, 159
92, 162
91, 162
87, 166
86, 166
83, 169
82, 169
78, 173
77, 173
74, 176
73, 176
70, 179
69, 179
67, 181
66, 181
63, 184
62, 184
60, 186
59, 186
58, 187
57, 187
55, 189
54, 189
53, 190
52, 190
51, 191
50, 191
49, 192
48, 192
47, 193
45, 193
44, 194
43, 194
42, 195
35, 195
33, 193
32, 193
31, 192
31, 191
29, 189
29, 188
28, 187
28, 186
27, 185
27, 184
26, 183
26, 181
25, 180
25, 176
24, 175
24, 166
23, 165
23, 156
24, 155
24, 144
25, 143
25, 137
26, 136
26, 132
27, 131
27, 127
28, 126
28, 123
29, 122
29, 119
30, 118
30, 116
31, 115
31, 112
32, 111
32, 109
33, 108
33, 106
34, 105
34, 103
35, 102
35, 100
36, 99
36, 98
37, 97
37, 95
38, 94
38, 93
39, 92
39, 90
40, 89
40, 88
41, 87
41, 86
42, 85
42, 84
43, 83
43, 82
44, 81
44, 79
45, 78
45, 77
46, 76
46, 75
47, 74
47, 73
49, 71
49, 70
50, 69
50, 68
51, 67
51, 66
52, 65
52, 64
54, 62
54, 61
56, 59
56, 58
58, 56
58, 55
61, 52
61, 51
67, 45
67, 44
81, 30
82, 30
85, 27
86, 27
88, 25
89, 25
91, 23
92, 23
94, 21
95, 21
96, 20
97, 20
98, 19
104, 19
106, 21
106, 37
105, 38
105, 43
104, 44
104, 46
103, 47
103, 49
102, 50
102, 52
103, 53
104, 53
106, 51
106, 49
107, 48
107, 47
108, 46
108, 42
109, 41
109, 34
110, 33
110, 22
109, 21
109, 19
108, 18
108, 17
107, 16
106, 16
105, 15
258, 228
259, 228
260, 229
259, 230
259, 232
258, 233
258, 235
257, 236
257, 238
256, 239
256, 240
255, 241
255, 243
254, 244
254, 246
253, 247
253, 249
252, 250
252, 252
251, 253
251, 254
250, 255
250, 257
249, 258
249, 260
248, 261
248, 263
247, 264
247, 265
246, 266
246, 268
245, 269
245, 271
244, 272
244, 274
243, 275
243, 277
242, 278
242, 280
241, 281
241, 283
240, 284
240, 285
239, 286
239, 288
238, 289
238, 291
237, 292
237, 294
236, 295
236, 297
235, 298
235, 300
234, 301
234, 302
233, 303
233, 305
232, 306
232, 308
231, 309
231, 311
230, 312
230, 313
229, 314
229, 316
228, 317
228, 319
227, 320
227, 321
226, 322
226, 323
225, 324
225, 326
224, 327
224, 328
223, 329
223, 330
222, 331
222, 332
221, 333
221, 334
220, 335
220, 336
219, 337
219, 338
218, 339
218, 340
216, 342
216, 343
214, 345
214, 346
210, 350
209, 350
208, 351
206, 351
202, 347
202, 345
201, 344
201, 335
202, 334
202, 328
203, 327
203, 324
204, 323
204, 320
205, 319
205, 316
206, 315
206, 313
207, 312
207, 309
208, 308
208, 306
209, 305
209, 304
210, 303
210, 301
211, 300
211, 298
212, 297
212, 296
213, 295
213, 293
214, 292
214, 291
215, 290
215, 289
216, 288
216, 287
217, 286
217, 285
218, 284
218, 283
219, 282
219, 281
220, 280
220, 279
221, 278
221, 277
222, 276
222, 275
224, 273
224, 272
225, 271
225, 270
227, 268
227, 267
228, 266
228, 265
230, 263
230, 262
232, 260
232, 259
234, 257
234, 256
237, 253
237, 252
241, 248
241, 247
246, 242
246, 241
253, 234
253, 233
251, 88
275, 52
276, 53
276, 54
274, 56
274, 57
273, 58
273, 59
271, 61
271, 62
269, 64
269, 65
266, 68
266, 69
264, 71
264, 72
261, 75
261, 76
258, 79
258, 80
255, 83
255, 84
251, 88
250, 86
251, 85
251, 84
253, 82
253, 81
254, 80
254, 79
256, 77
256, 76
258, 74
258, 73
259, 72
259, 71
261, 69
261, 68
264, 65
264, 64
267, 61
267, 60
