4, 2
372, 4
370, 369
2, 367
74, 15
73, 16
72, 16
71, 17
70, 17
62, 25
62, 26
60, 28
60, 29
58, 31
58, 32
56, 34
56, 35
54, 37
54, 38
53, 39
53, 40
52, 41
52, 42
50, 44
50, 45
49, 46
49, 47
48, 48
48, 49
47, 50
47, 51
46, 52
46, 53
45, 54
45, 55
44, 56
44, 57
43, 58
43, 59
42, 60
42, 61
41, 62
41, 63
40, 64
40, 66
39, 67
39, 68
38, 69
38, 71
37, 72
37, 73
36, 74
36, 76
35, 77
35, 79
34, 80
34, 82
33, 83
33, 85
32, 86
32, 88
31, 89
31, 91
30, 92
30, 95
29, 96
29, 98
28, 99
28, 102
27, 103
27, 106
26, 107
26, 110
25, 111
25, 114
24, 115
24, 119
23, 120
23, 123
22, 124
22, 128
21, 129
21, 133
20, 134
20, 139
19, 140
19, 145
18, 146
18, 151
17, 152
17, 160
16, 161
16, 173
17, 174
17, 178
18, 179
18, 181
20, 183
20, 184
21, 184
23, 186
31, 186
32, 185
34, 185
35, 184
36, 184
37, 183
38, 183
39, 182
40, 182
41, 181
42, 181
44, 179
45, 179
47, 177
48, 177
51, 174
52, 174
55, 171
56, 171
59, 168
60, 168
65, 163
66, 163
71, 158
72, 158
73, 157
74, 158
74, 159
75, 160
75, 161
76, 162
76, 163
80, 167
81, 167
82, 168
89, 168
90, 167
91, 167
92, 166
94, 166
96, 164
97, 164
100, 161
101, 161
106, 156
107, 156
111, 152
111, 151
118, 144
118, 143
122, 139
122, 138
125, 135
125, 134
127, 132
127, 131
129, 129
129, 128
131, 126
131, 125
133, 123
133, 122
134, 121
134, 120
136, 118
137, 120
136, 121
136, 122
135, 123
135, 124
133, 126
133, 127
132, 128
132, 129
131, 130
131, 131
130, 132
130, 133
129, 134
129, 135
128, 136
128, 137
127, 138
127, 139
126, 140
126, 141
125, 142
125, 144
124, 145
124, 146
123, 147
123, 149
122, 150
122, 151
121, 152
121, 154
120, 155
120, 157
119, 158
119, 160
118, 161
118, 164
117, 165
117, 168
116, 169
116, 173
115, 174
115, 181
114, 182
114, 185
115, 186
115, 189
116, 190
116, 191
118, 193
120, 193
121, 194
125, 194
126, 193
128, 193
129, 192
131, 192
132, 191
134, 191
135, 190
136, 190
138, 188
139, 188
140, 187
141, 187
142, 186
143, 186
145, 184
146, 184
148, 182
149, 182
153, 178
154, 178
158, 174
159, 174
180, 153
180, 152
187, 148
186, 149
186, 150
184, 152
184, 153
183, 154
183, 155
182, 156
182, 157
181, 158
181, 159
180, 160
180, 161
178, 163
178, 164
177, 165
177, 166
176, 167
176, 168
175, 169
175, 170
174, 171
174, 172
173, 173
173, 174
172, 175
172, 176
171, 177
171, 178
170, 179
170, 180
169, 181
169, 182
168, 183
168, 184
167, 185
167, 187
166, 188
166, 189
165, 190
165, 191
164, 192
164, 193
163, 194
163, 195
162, 196
162, 197
161, 198
161, 199
160, 200
160, 201
159, 202
159, 204
158, 205
158, 206
157, 207
157, 208
156, 209
156, 210
155, 211
155, 212
154, 213
154, 215
153, 216
153, 217
152, 218
152, 219
151, 220
151, 221
150, 222
150, 223
142, 231
142, 232
138, 236
138, 237
134, 241
134, 242
131, 245
131, 246
129, 248
129, 249
127, 251
127, 252
126, 253
126, 254
124, 256
124, 257
122, 259
122, 260
120, 262
120, 263
119, 264
119, 265
118, 266
118, 267
117, 268
117, 269
116, 270
116, 271
115, 272
115, 273
113, 275
113, 276
112, 277
112, 278
111, 279
111, 280
110, 281
110, 283
109, 284
109, 285
108, 286
108, 288
107, 289
107, 290
106, 291
106, 292
105, 293
105, 295
104, 296
104, 298
103, 299
103, 300
102, 301
102, 303
101, 304
101, 306
100, 307
100, 309
99, 310
99, 312
98, 313
98, 316
97, 317
97, 319
96, 320
96, 323
95, 324
95, 327
94, 328
94, 332
93, 333
93, 339
92, 340
92, 350
93, 351
93, 353
94, 354
98, 354
100, 352
100, 351
101, 350
101, 349
102, 348
102, 347
103, 346
103, 345
104, 344
104, 343
105, 342
105, 341
106, 340
106, 338
107, 337
107, 336
108, 335
108, 333
109, 332
109, 331
110, 330
110, 328
111, 327
111, 326
112, 325
112, 323
113, 322
113, 321
114, 320
114, 318
115, 317
115, 316
116, 315
116, 313
117, 312
117, 311
118, 310
118, 308
119, 307
119, 306
120, 305
120, 303
121, 302
121, 301
122, 300
122, 298
123, 297
123, 296
124, 295
124, 293
125, 292
125, 291
126, 290
126, 288
127, 287
127, 286
128, 285
128, 283
129, 282
129, 281
130, 280
130, 278
131, 277
131, 276
132, 275
132, 273
133, 272
133, 271
134, 270
134, 268
135, 267
135, 266
136, 265
136, 263
137, 262
137, 261
138, 260
138, 259
139, 258
139, 256
140, 255
140, 254
141, 253
141, 251
142, 250
142, 249
143, 248
143, 247
144, 246
144, 244
145, 243
145, 242
146, 241
146, 240
147, 239
147, 237
148, 236
148, 235
149, 234
149, 233
150, 232
150, 231
151, 230
151, 228
153, 226
153, 225
158, 220
159, 220
163, 216
164, 216
167, 213
168, 213
170, 211
171, 211
173, 209
174, 209
175, 208
176, 208
178, 206
180, 206
181, 205
182, 205
183, 204
184, 204
185, 203
186, 203
187, 202
189, 202
190, 201
192, 201
193, 200
195, 200
196, 199
199, 199
200, 198
203, 198
204, 197
207, 197
208, 196
212, 196
213, 195
216, 195
217, 194
221, 194
222, 193
226, 193
227, 192
230, 192
231, 191
235, 191
236, 190
238, 190
239, 191
239, 192
237, 194
237, 195
235, 197
235, 198
233, 200
233, 201
231, 203
231, 204
229, 206
229, 207
228, 208
228, 209
227, 210
227, 211
226, 212
226, 214
225, 215
225, 217
224, 218
224, 223
225, 224
225, 225
228, 228
237, 228
238, 227
242, 227
243, 226
245, 226
246, 225
248, 225
249, 224
251, 224
252, 223
254, 223
255, 222
257, 222
258, 221
259, 221
260, 220
262, 220
263, 219
265, 219
266, 218
267, 218
268, 217
269, 217
270, 216
272, 216
273, 215
274, 215
275, 214
276, 214
277, 213
279, 213
280, 212
281, 212
282, 211
283, 211
284, 210
286, 210
287, 209
288, 209
289, 208
290, 208
291, 207
292, 207
293, 206
295, 206
296, 205
297, 205
298, 204
299, 204
300, 203
301, 203
302, 202
303, 202
304, 201
306, 201
307, 200
308, 200
309, 199
311, 199
312, 198
313, 198
314, 197
316, 197
317, 196
318, 196
319, 195
320, 195
321, 194
323, 194
324, 193
325, 193
326, 192
327, 192
328, 191
330, 191
331, 190
332, 190
333, 189
335, 189
336, 188
337, 188
338, 187
340, 187
341, 186
342, 186
343, 185
345, 185
346, 184
348, 184
349, 183
350, 183
351, 182
353, 182
354, 181
355, 181
357, 179
356, 178
352, 178
351, 179
350, 179
349, 180
347, 180
346, 181
344, 181
343, 182
342, 182
341, 183
339, 183
338, 184
337, 184
336, 185
334, 185
333, 186
332, 186
331, 187
329, 187
328, 188
327, 188
326, 189
325, 189
324, 190
322, 190
321, 191
320, 191
319, 192
318, 192
317, 193
315, 193
314, 194
313, 194
312, 195
310, 195
309, 196
308, 196
307, 197
305, 197
304, 198
303, 198
302, 199
301, 199
300, 200
298, 200
297, 201
296, 201
295, 202
294, 202
293, 203
292, 203
291, 204
289, 204
288, 205
287, 205
286, 206
285, 206
284, 207
283, 207
282, 208
280, 208
279, 209
278, 209
277, 210
276, 210
275, 211
273, 211
272, 212
271, 212
270, 213
269, 213
268, 214
266, 214
265, 215
264, 215
263, 216
261, 216
260, 217
259, 217
258, 218
256, 218
255, 219
254, 219
253, 220
251, 220
250, 221
248, 221
247, 222
245, 222
244, 223
241, 223
240, 224
236, 224
235, 225
230, 225
227, 222
227, 220
228, 219
228, 216
229, 215
229, 214
230, 213
230, 212
231, 211
231, 210
232, 209
232, 208
233, 207
233, 206
235, 204
235, 203
238, 200
238, 199
240, 197
240, 196
241, 195
241, 194
242, 193
242, 192
243, 191
243, 188
242, 187
234, 187
233, 188
229, 188
228, 189
225, 189
224, 190
220, 190
219, 191
215, 191
214, 192
211, 192
210, 193
206, 193
205, 194
202, 194
201, 195
198, 195
197, 196
195, 196
194, 197
191, 197
190, 198
189, 198
188, 199
186, 199
185, 200
183, 200
182, 201
181, 201
180, 202
179, 202
178, 203
177, 203
176, 204
175, 204
174, 205
173, 205
171, 207
170, 207
169, 208
168, 208
166, 210
165, 210
161, 214
160, 214
159, 215
158, 214
158, 213
159, 212
159, 211
160, 210
160, 208
161, 207
161, 206
162, 205
162, 204
163, 203
163, 202
164, 201
164, 200
165, 199
165, 198
166, 197
166, 195
167, 194
167, 193
168, 192
168, 191
169, 190
169, 189
170, 188
170, 187
171, 186
171, 185
172, 184
172, 183
173, 182
173, 181
174, 180
174, 179
175, 178
175, 177
176, 176
176, 175
177, 174
177, 173
178, 172
178, 171
179, 170
179, 169
180, 168
180, 167
181, 166
181, 165
182, 164
182, 163
183, 162
183, 161
185, 159
185, 158
186, 157
186, 156
187, 155
187, 154
188, 153
188, 152
189, 151
189, 150
191, 148
191, 147
192, 146
192, 145
193, 144
193, 143
195, 141
195, 140
196, 139
196, 138
198, 136
198, 135
199, 134
199, 133
201, 131
201, 130
202, 129
202, 128
204, 126
204, 125
206, 123
206, 122
207, 121
207, 120
209, 118
209, 117
212, 114
212, 113
214, 111
214, 110
218, 106
218, 105
222, 101
222, 100
224, 98
224, 95
222, 95
216, 101
216, 102
213, 105
213, 106
210, 109
210, 110
207, 113
207, 114
203, 118
203, 119
200, 122
200, 123
196, 127
196, 128
193, 131
193, 132
189, 136
189, 137
184, 142
184, 143
177, 150
177, 151
157, 171
156, 171
151, 176
150, 176
147, 179
146, 179
144, 181
143, 181
141, 183
140, 183
138, 185
137, 185
136, 186
135, 186
134, 187
133, 187
132, 188
130, 188
129, 189
128, 189
127, 190
120, 190
118, 188
118, 176
119, 175
119, 171
120, 170
120, 167
121, 166
121, 163
122, 162
122, 160
123, 159
123, 157
124, 156
124, 154
125, 153
125, 151
126, 150
126, 149
127, 148
127, 146
128, 145
128, 144
129, 143
129, 142
130, 141
130, 140
131, 139
131, 138
132, 137
132, 136
133, 135
133, 134
134, 133
134, 132
135, 131
135, 130
136, 129
136, 128
137, 127
137, 126
138, 125
138, 124
140, 122
140, 121
141, 120
141, 119
142, 118
142, 117
144, 115
144, 114
145, 113
145, 112
146, 111
146, 110
148, 108
148, 107
149, 106
149, 105
150, 104
150, 103
151, 102
151, 101
152, 100
152, 99
154, 97
154, 96
155, 95
155, 94
156, 93
156, 92
157, 91
157, 90
158, 89
158, 88
159, 87
159, 86
160, 85
160, 84
161, 83
161, 82
162, 81
162, 80
163, 79
163, 78
164, 77
164, 76
165, 75
165, 74
166, 73
166, 72
167, 71
167, 70
168, 69
168, 68
169, 67
169, 66
170, 65
170, 64
171, 63
171, 62
172, 61
172, 60
173, 59
173, 57
174, 56
174, 55
175, 54
175, 53
176, 52
176, 51
177, 50
177, 49
178, 48
178, 46
179, 45
179, 44
180, 43
180, 41
181, 40
181, 38
182, 37
182, 35
183, 34
183, 32
184, 31
184, 27
185, 26
185, 25
184, 24
182, 24
179, 27
179, 28
178, 29
178, 30
176, 32
176, 33
175, 34
175, 35
174, 36
174, 37
173, 38
173, 39
171, 41
171, 42
170, 43
170, 44
169, 45
169, 46
168, 47
168, 48
167, 49
167, 50
166, 51
166, 52
165, 53
165, 54
164, 55
164, 56
163, 57
163, 58
162, 59
162, 60
161, 61
161, 62
160, 63
160, 64
159, 65
159, 66
158, 67
158, 68
157, 69
157, 70
156, 71
156, 72
155, 73
155, 74
154, 75
154, 76
153, 77
153, 78
152, 79
152, 80
151, 81
151, 82
150, 83
150, 84
149, 85
149, 86
148, 87
148, 88
147, 89
147, 90
146, 91
146, 92
145, 93
145, 94
144, 95
144, 96
143, 97
143, 98
142, 99
142, 100
141, 101
141, 102
139, 104
139, 105
138, 106
138, 107
137, 108
137, 109
136, 110
136, 111
134, 113
134, 114
133, 115
133, 116
132, 117
132, 118
130, 120
130, 121
128, 123
128, 124
127, 125
127, 126
125, 128
125, 129
122, 132
122, 133
120, 135
120, 136
116, 140
116, 141
107, 150
107, 151
104, 154
103, 154
98, 159
97, 159
95, 161
94, 161
92, 163
91, 163
90, 164
88, 164
87, 165
84, 165
83, 164
82, 164
78, 160
78, 159
77, 158
77, 153
98, 132
98, 131
102, 127
102, 126
106, 122
106, 121
109, 118
109, 117
111, 115
111, 114
114, 111
114, 110
116, 108
116, 107
118, 105
118, 104
119, 103
119, 102
121, 100
121, 99
123, 97
123, 96
124, 95
124, 94
125, 93
125, 92
127, 90
127, 89
128, 88
128, 87
129, 86
129, 85
130, 84
130, 83
131, 82
131, 81
132, 80
132, 79
133, 78
133, 77
134, 76
134, 75
135, 74
135, 72
136, 71
136, 70
137, 69
137, 68
138, 67
138, 65
139, 64
139, 62
140, 61
140, 58
141, 57
141, 53
142, 52
142, 41
141, 40
141, 38
140, 37
140, 36
138, 34
137, 34
136, 33
128, 33
127, 34
126, 34
125, 35
123, 35
121, 37
120, 37
119, 38
118, 38
115, 41
114, 41
102, 53
102, 54
99, 57
99, 58
97, 60
97, 61
95, 63
95, 64
94, 65
94, 66
92, 68
92, 69
91, 70
91, 71
90, 72
90, 73
89, 74
89, 75
88, 76
88, 78
87, 79
87, 80
86, 81
85, 80
85, 78
86, 77
86, 72
87, 71
87, 63
88, 62
88, 46
87, 45
87, 35
86, 34
86, 29
85, 28
85, 25
84, 24
84, 23
83, 22
83, 21
82, 20
82, 19
79, 16
78, 16
77, 15
141, 239
142, 242
141, 243
141, 244
140, 245
140, 246
139, 247
139, 249
138, 250
138, 251
137, 252
137, 254
136, 255
136, 256
135, 257
135, 258
134, 259
134, 261
133, 262
133, 263
132, 264
132, 266
131, 267
131, 268
130, 269
130, 271
129, 272
129, 273
128, 274
128, 275
127, 276
127, 278
126, 279
126, 280
125, 281
125, 283
124, 284
124, 285
123, 286
123, 288
122, 289
122, 291
121, 292
121, 293
120, 294
120, 296
119, 297
119, 298
118, 299
118, 301
117, 302
117, 303
116, 304
116, 306
115, 307
115, 308
114, 309
114, 311
113, 312
113, 313
112, 314
112, 316
111, 317
111, 318
110, 319
110, 321
109, 322
109, 323
108, 324
108, 326
107, 327
107, 328
106, 329
106, 331
105, 332
105, 333
104, 334
104, 336
103, 337
103, 338
102, 339
102, 340
101, 341
101, 343
100, 344
100, 345
99, 346
99, 347
97, 349
96, 349
95, 348
95, 344
96, 343
96, 335
97, 334
97, 330
98, 329
98, 326
99, 325
99, 322
100, 321
100, 318
101, 317
101, 315
102, 314
102, 312
103, 311
103, 309
104, 308
104, 306
105, 305
105, 303
106, 302
106, 300
107, 299
107, 297
108, 296
108, 295
109, 294
109, 293
110, 292
110, 290
111, 289
111, 288
112, 287
112, 285
113, 284
113, 283
114, 282
114, 281
115, 280
115, 279
116, 278
116, 277
117, 276
117, 275
118, 274
118, 273
119, 272
119, 271
121, 269
121, 268
122, 267
122, 266
123, 265
123, 264
124, 263
124, 262
126, 260
126, 259
128, 257
128, 256
130, 254
130, 253
132, 251
132, 250
133, 249
133, 248
136, 245
136, 244
143, 238
141, 239
136, 118
140, 114
140, 115
138, 114
138, 113
142, 110
170, 51
171, 50
172, 53
171, 54
171, 55
170, 56
170, 57
169, 58
169, 59
168, 60
168, 61
167, 62
167, 63
166, 64
166, 66
165, 67
165, 68
164, 69
164, 70
163, 71
163, 72
162, 73
162, 74
161, 75
161, 76
160, 77
160, 78
159, 79
159, 80
157, 82
157, 83
156, 84
156, 85
155, 86
155, 87
154, 88
154, 89
153, 90
153, 91
152, 92
152, 93
151, 94
151, 95
150, 96
150, 97
149, 98
149, 99
147, 101
147, 102
146, 103
146, 104
145, 105
145, 106
144, 107
144, 108
142, 110
141, 108
142, 107
142, 106
143, 105
143, 104
144, 103
144, 102
145, 101
145, 100
146, 99
146, 98
147, 97
147, 96
149, 94
149, 93
150, 92
150, 91
151, 90
151, 89
152, 88
152, 87
153, 86
153, 85
154, 84
154, 83
155, 82
155, 81
156, 80
156, 79
157, 78
157, 77
158, 76
158, 75
159, 74
159, 73
160, 72
160, 71
161, 70
161, 69
162, 68
162, 67
163, 66
163, 65
164, 64
164, 63
165, 62
165, 61
166, 60
166, 59
167, 58
167, 57
168, 56
168, 55
169, 54
169, 53
170, 52
171, 50
175, 45
129, 37
130, 36
135, 36
137, 38
137, 39
138, 40
138, 42
139, 43
139, 50
138, 51
138, 56
137, 57
137, 59
136, 60
136, 62
135, 63
135, 65
134, 66
134, 68
133, 69
133, 70
132, 71
132, 72
131, 73
131, 74
130, 75
130, 77
129, 78
129, 79
127, 81
127, 82
126, 83
126, 84
125, 85
125, 86
124, 87
124, 88
123, 89
123, 90
121, 92
121, 93
120, 94
120, 95
119, 96
119, 97
117, 99
117, 100
115, 102
115, 103
113, 105
113, 106
111, 108
111, 109
109, 111
109, 112
107, 114
107, 115
104, 118
104, 119
100, 123
100, 124
95, 129
95, 130
77, 148
76, 148
75, 147
75, 138
76, 137
76, 129
77, 128
77, 123
78, 122
78, 118
79, 117
79, 114
80, 113
80, 110
81, 109
81, 106
82, 105
82, 103
83, 102
83, 99
84, 98
84, 96
85, 95
85, 93
86, 92
86, 90
87, 89
87, 88
88, 87
88, 85
89, 84
89, 83
90, 82
90, 80
91, 79
91, 78
92, 77
92, 76
93, 75
93, 74
94, 73
94, 72
95, 71
95, 70
96, 69
96, 68
98, 66
98, 65
100, 63
100, 62
101, 61
101, 60
105, 56
105, 55
117, 43
118, 43
120, 41
121, 41
123, 39
124, 39
125, 38
126, 38
127, 37
73, 19
77, 19
80, 22
80, 23
81, 24
81, 26
82, 27
82, 30
83, 31
83, 37
84, 38
84, 69
83, 70
83, 75
82, 76
82, 79
81, 80
81, 83
80, 84
80, 86
79, 87
79, 88
78, 89
78, 91
77, 92
77, 93
76, 94
76, 95
75, 96
75, 97
74, 98
74, 99
73, 100
73, 101
72, 102
72, 103
71, 104
71, 105
69, 107
69, 108
67, 110
67, 111
65, 113
65, 114
63, 116
63, 117
59, 121
59, 122
51, 130
51, 131
43, 139
41, 139
40, 140
40, 142
41, 142
42, 143
43, 143
44, 142
45, 142
54, 133
54, 132
62, 124
62, 123
65, 120
65, 119
68, 116
68, 115
70, 113
70, 112
72, 110
72, 109
73, 108
73, 107
75, 105
75, 104
76, 103
76, 102
77, 101
77, 100
78, 99
78, 98
79, 97
80, 98
80, 100
79, 101
79, 104
78, 105
78, 107
77, 108
77, 111
76, 112
76, 116
75, 117
75, 120
74, 121
74, 126
73, 127
73, 134
72, 135
72, 153
70, 155
69, 155
64, 160
63, 160
58, 165
57, 165
53, 169
52, 169
49, 172
48, 172
46, 174
45, 174
43, 176
42, 176
40, 178
39, 178
38, 179
37, 179
36, 180
35, 180
34, 181
33, 181
32, 182
30, 182
29, 183
25, 183
21, 179
21, 177
20, 176
20, 169
19, 168
19, 167
20, 166
20, 155
21, 154
21, 148
22, 147
22, 142
23, 141
23, 136
24, 135
24, 131
25, 130
25, 126
26, 125
26, 121
27, 120
27, 117
28, 116
28, 113
29, 112
29, 109
30, 108
30, 105
31, 104
31, 101
32, 100
32, 97
33, 96
33, 94
34, 93
34, 90
35, 89
35, 87
36, 86
36, 84
37, 83
37, 81
38, 80
38, 79
39, 78
39, 76
40, 75
40, 73
41, 72
41, 71
42, 70
42, 68
43, 67
43, 66
44, 65
44, 64
45, 63
45, 62
46, 61
46, 59
47, 58
47, 57
48, 56
48, 55
49, 54
49, 53
50, 52
50, 51
52, 49
52, 48
53, 47
53, 46
54, 45
54, 44
56, 42
56, 41
57, 40
57, 39
58, 38
58, 37
60, 35
60, 34
62, 32
62, 31
64, 29
64, 28
