334, 2
336, 367
4, 369
2, 4
155, 16
151, 20
151, 21
150, 22
150, 23
149, 24
149, 25
148, 26
148, 28
147, 29
147, 32
146, 33
146, 35
145, 36
145, 39
144, 40
144, 44
143, 45
143, 49
142, 50
142, 55
141, 56
141, 62
140, 63
140, 71
139, 72
139, 80
138, 81
138, 94
137, 95
137, 109
136, 110
136, 112
135, 113
135, 115
134, 116
134, 117
133, 118
133, 120
132, 121
132, 122
131, 123
131, 124
130, 125
130, 127
129, 128
129, 129
128, 130
128, 131
127, 132
127, 133
126, 134
126, 135
125, 136
125, 137
124, 138
124, 139
123, 140
123, 141
122, 142
122, 143
121, 144
121, 145
120, 146
120, 147
119, 148
119, 149
117, 151
117, 152
116, 153
116, 154
115, 155
115, 156
113, 158
113, 159
111, 161
111, 162
109, 164
109, 165
106, 168
106, 169
98, 177
97, 177
95, 179
94, 179
93, 180
92, 180
91, 181
90, 181
89, 182
79, 182
78, 181
77, 181
76, 180
75, 180
68, 173
68, 172
66, 170
66, 169
64, 167
64, 166
63, 165
63, 164
62, 163
62, 162
61, 161
61, 159
60, 158
60, 157
59, 156
59, 154
58, 153
58, 151
57, 150
57, 148
56, 147
56, 145
55, 144
55, 141
54, 140
54, 137
53, 136
53, 133
52, 132
52, 129
51, 128
51, 125
50, 124
50, 121
49, 120
49, 116
48, 115
48, 112
47, 111
47, 107
46, 106
46, 103
45, 102
45, 100
44, 99
44, 96
43, 95
43, 93
42, 92
42, 90
41, 89
41, 87
40, 86
40, 85
39, 84
39, 83
37, 81
37, 80
36, 80
35, 79
34, 79
33, 78
31, 78
30, 79
29, 79
27, 81
27, 82
25, 84
25, 85
24, 86
24, 87
23, 88
23, 89
22, 90
22, 92
21, 93
21, 94
20, 95
20, 97
19, 98
19, 100
18, 101
18, 104
17, 105
17, 108
16, 109
16, 114
15, 115
15, 121
14, 122
14, 142
15, 143
15, 147
16, 148
16, 150
17, 150
18, 151
19, 150
19, 148
18, 147
18, 143
17, 142
17, 122
18, 121
18, 115
19, 114
19, 109
20, 108
20, 105
21, 104
21, 102
22, 101
22, 99
23, 98
23, 96
24, 95
24, 93
25, 92
25, 91
26, 90
26, 89
27, 88
27, 87
28, 86
28, 85
32, 81
33, 81
36, 84
36, 85
37, 86
37, 87
38, 88
38, 89
39, 90
39, 92
40, 93
40, 95
41, 96
41, 99
42, 100
42, 103
43, 104
43, 107
44, 108
44, 111
45, 112
45, 115
46, 116
46, 120
47, 121
47, 124
48, 125
48, 128
49, 129
49, 132
50, 133
50, 136
51, 137
51, 140
52, 141
52, 144
53, 145
53, 147
54, 148
54, 150
55, 151
55, 154
56, 155
56, 156
57, 157
57, 159
58, 160
58, 161
59, 162
59, 163
60, 164
60, 165
61, 166
61, 167
62, 168
62, 169
63, 170
63, 171
65, 173
65, 174
69, 178
69, 179
70, 180
71, 180
73, 182
74, 182
76, 184
78, 184
79, 185
89, 185
90, 184
92, 184
93, 183
94, 183
95, 182
96, 182
98, 180
99, 180
110, 169
110, 168
112, 166
112, 165
114, 163
114, 162
116, 160
116, 159
117, 158
117, 157
119, 155
119, 154
120, 153
120, 152
121, 151
121, 150
123, 148
123, 147
124, 146
124, 145
125, 144
125, 143
126, 142
126, 141
127, 140
127, 139
128, 138
128, 137
129, 136
129, 135
130, 134
130, 132
131, 131
131, 130
132, 129
132, 128
133, 127
133, 126
134, 125
134, 124
135, 123
136, 124
136, 138
135, 139
135, 166
134, 167
134, 192
133, 193
133, 211
132, 212
132, 227
131, 228
131, 240
130, 241
130, 251
129, 252
129, 261
128, 262
128, 263
125, 266
124, 266
122, 268
121, 268
119, 270
118, 270
114, 274
113, 274
108, 279
108, 280
104, 284
104, 285
101, 288
101, 289
100, 290
100, 291
99, 292
99, 293
98, 294
98, 295
97, 296
97, 297
96, 298
96, 299
95, 300
95, 302
94, 303
94, 305
93, 306
93, 310
92, 311
92, 318
91, 319
91, 326
92, 327
92, 333
93, 334
93, 337
94, 338
94, 341
95, 342
95, 343
96, 344
96, 346
98, 348
98, 349
103, 354
109, 354
114, 349
114, 348
115, 347
115, 346
116, 345
116, 344
117, 343
117, 341
118, 340
118, 338
119, 337
119, 334
120, 333
120, 330
121, 329
121, 326
122, 325
122, 321
123, 320
123, 317
124, 316
124, 311
125, 310
125, 305
126, 304
126, 300
127, 299
127, 293
128, 292
128, 286
129, 285
129, 278
130, 277
130, 270
131, 269
131, 266
132, 265
133, 265
134, 264
135, 264
136, 263
137, 263
138, 262
139, 262
140, 261
141, 261
142, 260
143, 260
144, 259
145, 259
146, 258
147, 258
148, 257
149, 257
150, 256
151, 256
152, 255
153, 255
154, 254
156, 254
157, 253
158, 253
159, 252
160, 252
161, 251
162, 251
163, 250
164, 250
165, 249
166, 249
167, 248
168, 248
169, 247
170, 247
171, 246
172, 246
173, 245
174, 245
175, 244
176, 244
177, 243
178, 243
180, 241
181, 241
182, 240
183, 240
184, 239
185, 239
186, 238
187, 238
188, 237
189, 237
191, 235
192, 235
193, 234
194, 234
195, 233
196, 233
198, 231
199, 231
200, 230
201, 231
201, 234
200, 235
200, 237
199, 238
199, 241
198, 242
198, 244
197, 245
197, 248
196, 249
196, 253
195, 254
195, 258
194, 259
194, 264
193, 265
193, 273
192, 274
192, 290
193, 291
193, 295
194, 296
194, 299
195, 300
195, 302
196, 303
196, 304
197, 305
197, 306
198, 307
198, 309
204, 315
204, 316
205, 316
207, 318
208, 318
209, 319
210, 319
211, 320
212, 320
213, 321
216, 321
217, 322
233, 322
234, 321
238, 321
239, 320
242, 320
243, 319
246, 319
247, 318
249, 318
250, 317
251, 317
252, 316
253, 316
254, 315
255, 315
256, 314
258, 314
259, 313
260, 313
261, 312
262, 312
263, 311
264, 311
265, 310
266, 310
267, 309
268, 309
269, 308
270, 308
271, 307
272, 307
273, 306
274, 306
275, 305
276, 305
277, 304
278, 304
279, 303
280, 303
281, 302
282, 302
283, 301
284, 301
285, 300
286, 300
288, 298
289, 298
289, 296
286, 296
285, 297
284, 297
283, 298
282, 298
281, 299
280, 299
279, 300
278, 300
277, 301
276, 301
274, 303
273, 303
272, 304
271, 304
270, 305
269, 305
268, 306
266, 306
265, 307
264, 307
263, 308
262, 308
261, 309
260, 309
259, 310
258, 310
257, 311
256, 311
255, 312
254, 312
253, 313
251, 313
250, 314
249, 314
248, 315
247, 315
246, 316
243, 316
242, 317
239, 317
238, 318
234, 318
233, 319
225, 319
224, 320
223, 320
222, 319
217, 319
216, 318
214, 318
213, 317
212, 317
211, 316
210, 316
209, 315
208, 315
201, 308
201, 307
200, 306
200, 305
199, 304
199, 302
198, 301
198, 300
197, 299
197, 296
196, 295
196, 291
195, 290
195, 274
196, 273
196, 265
197, 264
197, 259
198, 258
198, 254
199, 253
199, 249
200, 248
200, 246
201, 245
201, 242
202, 241
202, 239
203, 238
203, 235
204, 234
204, 232
205, 231
205, 229
206, 228
206, 227
207, 226
208, 226
210, 224
211, 224
213, 222
214, 222
216, 220
217, 220
219, 218
220, 218
222, 216
223, 216
225, 214
226, 214
229, 211
230, 211
232, 209
233, 209
237, 205
238, 205
241, 202
242, 202
246, 198
247, 198
253, 192
254, 192
263, 183
264, 183
278, 169
278, 168
286, 160
286, 159
292, 153
292, 152
296, 148
296, 147
300, 143
300, 142
302, 140
302, 139
305, 136
305, 135
307, 133
307, 132
309, 130
309, 129
311, 127
311, 126
313, 124
313, 123
314, 122
314, 121
316, 119
316, 118
317, 117
317, 116
318, 115
318, 114
319, 113
319, 111
320, 110
320, 109
321, 108
321, 106
322, 105
322, 102
323, 101
323, 92
322, 91
322, 89
317, 84
316, 84
315, 83
312, 83
311, 82
307, 82
306, 83
302, 83
301, 84
300, 84
299, 85
298, 85
297, 86
296, 86
295, 87
294, 87
292, 89
291, 89
289, 91
288, 91
285, 94
284, 94
279, 99
278, 99
269, 108
269, 109
263, 115
263, 116
259, 120
259, 121
256, 124
256, 125
254, 127
254, 128
251, 131
251, 132
249, 134
249, 135
247, 137
247, 138
246, 139
246, 140
244, 142
244, 143
242, 145
242, 146
240, 148
240, 149
239, 150
239, 151
238, 152
238, 153
236, 155
236, 156
235, 157
235, 158
234, 159
234, 160
232, 162
232, 163
231, 164
231, 165
230, 166
230, 167
229, 168
229, 169
227, 171
227, 172
226, 173
226, 174
225, 175
225, 176
224, 177
224, 178
223, 179
223, 180
222, 181
222, 182
221, 183
221, 184
220, 185
220, 186
219, 187
219, 188
218, 189
218, 190
217, 191
217, 193
216, 194
216, 195
215, 196
215, 197
214, 198
214, 199
213, 200
213, 202
212, 203
212, 204
211, 205
211, 206
210, 207
210, 209
209, 210
209, 211
208, 212
208, 213
207, 214
207, 216
206, 217
206, 219
205, 220
205, 222
204, 223
204, 224
202, 226
201, 226
200, 227
199, 227
197, 229
196, 229
195, 230
194, 230
193, 231
192, 231
190, 233
189, 233
188, 234
187, 234
186, 235
185, 235
184, 236
183, 236
181, 238
180, 238
179, 239
178, 239
177, 240
176, 240
175, 241
174, 241
173, 242
172, 242
171, 243
170, 243
169, 244
168, 244
167, 245
166, 245
165, 246
164, 246
163, 247
162, 247
161, 248
160, 248
159, 249
158, 249
157, 250
156, 250
155, 251
154, 251
153, 252
152, 252
151, 253
150, 253
149, 254
147, 254
146, 255
145, 255
144, 256
143, 256
142, 257
141, 257
140, 258
139, 258
138, 259
137, 259
136, 260
135, 260
134, 261
133, 261
132, 260
132, 251
133, 250
133, 240
134, 239
134, 227
135, 226
135, 211
136, 210
136, 191
137, 190
137, 165
138, 164
138, 137
139, 136
139, 112
140, 111
140, 109
141, 108
141, 106
142, 105
142, 103
143, 102
143, 100
144, 99
144, 97
145, 96
145, 94
146, 93
146, 91
147, 90
147, 88
148, 87
148, 85
149, 84
149, 82
150, 81
150, 78
151, 77
151, 74
152, 73
152, 71
153, 70
153, 67
154, 66
154, 63
155, 62
155, 59
156, 58
156, 54
157, 53
157, 49
158, 48
158, 43
159, 42
159, 36
160, 35
160, 19
159, 18
159, 17
158, 16
125, 269
127, 269
128, 270
127, 271
127, 278
126, 279
126, 285
125, 286
125, 292
124, 293
124, 299
123, 300
123, 305
122, 306
122, 310
121, 311
121, 316
120, 317
120, 320
119, 321
119, 325
118, 326
118, 329
117, 330
117, 333
116, 334
116, 337
115, 338
115, 340
114, 341
114, 342
113, 343
113, 344
112, 345
112, 346
111, 347
111, 348
108, 351
104, 351
101, 348
101, 347
99, 345
99, 344
98, 343
98, 341
97, 340
97, 338
96, 337
96, 334
95, 333
95, 327
94, 326
94, 318
95, 317
95, 311
96, 310
96, 307
97, 306
97, 303
98, 302
98, 301
99, 300
99, 298
100, 297
100, 296
101, 295
101, 294
103, 292
103, 291
104, 290
104, 289
107, 286
107, 285
119, 273
120, 273
122, 271
123, 271
306, 86
307, 85
311, 85
312, 86
314, 86
315, 87
316, 87
319, 90
319, 91
320, 92
320, 101
319, 102
319, 105
318, 106
318, 107
317, 108
317, 110
316, 111
316, 112
315, 113
315, 114
314, 115
314, 116
313, 117
313, 118
311, 120
311, 121
310, 122
310, 123
308, 125
308, 126
306, 128
306, 129
304, 131
304, 132
302, 134
302, 135
299, 138
299, 139
296, 142
296, 143
292, 147
292, 148
287, 153
287, 154
281, 160
281, 161
255, 187
254, 187
248, 193
247, 193
242, 198
241, 198
237, 202
236, 202
233, 205
232, 205
229, 208
228, 208
226, 210
225, 210
222, 213
221, 213
219, 215
218, 215
216, 217
215, 217
213, 219
212, 219
210, 221
209, 220
209, 217
210, 216
210, 215
211, 214
211, 212
212, 211
212, 210
213, 209
213, 208
214, 207
214, 205
215, 204
215, 203
216, 202
216, 201
217, 200
217, 199
218, 198
218, 196
219, 195
219, 194
220, 193
220, 192
221, 191
221, 190
222, 189
222, 188
223, 187
223, 186
224, 185
224, 184
225, 183
225, 182
226, 181
226, 180
227, 179
227, 178
228, 177
228, 176
229, 175
229, 174
230, 173
230, 172
231, 171
231, 170
233, 168
233, 167
234, 166
234, 165
235, 164
235, 163
236, 162
236, 161
238, 159
238, 158
239, 157
239, 156
240, 155
240, 154
242, 152
242, 151
243, 150
243, 149
245, 147
245, 146
247, 144
247, 143
249, 141
249, 140
250, 139
250, 138
252, 136
252, 135
254, 133
254, 132
257, 129
257, 128
259, 126
259, 125
262, 122
262, 121
268, 115
268, 114
284, 98
285, 98
289, 94
290, 94
292, 92
293, 92
295, 90
296, 90
298, 88
300, 88
301, 87
302, 87
303, 86
154, 21
155, 20
156, 20
157, 21
157, 36
156, 37
156, 43
155, 44
155, 48
154, 49
154, 53
153, 54
153, 58
152, 59
152, 62
151, 63
151, 66
150, 67
150, 70
149, 71
149, 73
148, 74
148, 77
147, 78
147, 80
146, 81
146, 83
145, 84
145, 87
144, 88
144, 90
143, 91
143, 93
142, 94
141, 93
141, 81
142, 80
142, 71
143, 70
143, 63
144, 62
144, 56
145, 55
145, 50
146, 49
146, 45
147, 44
147, 40
148, 39
148, 37
149, 36
149, 33
150, 32
150, 30
151, 29
151, 27
152, 26
152, 25
153, 24
153, 23
154, 22
