242, 2
244, 367
4, 369
2, 4
120, 15
119, 16
119, 20
118, 21
118, 27
117, 28
117, 31
116, 32
116, 35
115, 36
115, 38
114, 39
114, 42
113, 43
113, 45
112, 46
112, 48
111, 49
111, 51
110, 52
110, 54
109, 55
109, 57
108, 58
108, 60
107, 61
107, 63
106, 64
106, 65
105, 66
105, 67
104, 68
104, 69
103, 70
103, 71
102, 72
102, 74
101, 75
101, 76
99, 78
99, 79
98, 80
98, 81
95, 84
95, 85
87, 93
86, 93
84, 95
83, 95
81, 97
80, 97
79, 98
77, 98
76, 99
71, 99
68, 96
68, 95
67, 94
67, 92
66, 91
66, 88
65, 87
65, 80
64, 79
64, 64
63, 63
63, 49
62, 48
62, 42
61, 41
61, 38
60, 37
60, 36
57, 33
56, 33
55, 32
47, 32
46, 33
45, 33
44, 34
43, 34
41, 36
40, 36
36, 40
35, 40
33, 42
33, 43
28, 48
28, 49
26, 51
26, 52
24, 54
24, 55
23, 56
23, 57
22, 58
22, 59
20, 61
20, 62
19, 63
19, 64
18, 65
18, 66
17, 67
17, 68
16, 69
16, 70
15, 71
15, 72
14, 73
14, 75
13, 76
13, 78
12, 79
12, 81
11, 82
11, 84
10, 85
10, 90
9, 91
9, 100
12, 103
15, 103
24, 94
24, 93
25, 92
25, 91
23, 89
22, 89
21, 90
20, 90
19, 91
19, 92
16, 95
15, 95
14, 94
14, 90
15, 89
15, 85
16, 84
16, 82
17, 81
17, 79
18, 78
18, 76
19, 75
19, 74
20, 73
20, 72
21, 71
21, 70
22, 69
22, 68
23, 67
23, 66
24, 65
24, 64
26, 62
26, 61
27, 60
27, 59
28, 58
28, 57
30, 55
30, 54
32, 52
32, 51
43, 40
44, 40
46, 38
47, 38
48, 37
49, 37
50, 36
52, 36
53, 37
54, 37
56, 39
56, 41
57, 42
57, 46
58, 47
58, 59
59, 60
59, 77
60, 78
60, 86
61, 87
61, 91
62, 92
62, 94
63, 95
63, 97
64, 98
64, 99
68, 103
69, 103
70, 104
77, 104
78, 103
80, 103
81, 102
82, 102
83, 101
84, 101
86, 99
87, 99
89, 97
90, 97
99, 88
99, 87
102, 84
102, 83
103, 82
103, 81
105, 79
105, 78
106, 77
106, 75
107, 74
107, 73
108, 72
108, 71
109, 70
109, 69
110, 68
110, 67
111, 66
111, 64
112, 63
112, 61
113, 60
113, 59
114, 58
114, 56
115, 55
115, 53
116, 52
117, 53
117, 107
118, 108
118, 145
119, 146
119, 229
106, 242
106, 243
99, 250
99, 251
96, 254
96, 255
93, 258
93, 259
91, 261
91, 262
89, 264
89, 265
87, 267
87, 268
85, 270
85, 271
84, 272
84, 273
82, 275
82, 276
81, 277
81, 278
80, 279
80, 280
79, 281
79, 282
78, 283
78, 284
77, 285
77, 286
76, 287
76, 288
75, 289
75, 291
74, 292
74, 294
73, 295
73, 297
72, 298
72, 302
71, 303
71, 317
72, 318
72, 321
73, 322
73, 324
74, 325
74, 327
75, 328
75, 329
76, 330
76, 331
77, 332
77, 333
78, 334
78, 335
79, 336
79, 338
80, 339
80, 340
82, 342
82, 343
84, 345
84, 346
90, 352
91, 352
93, 354
95, 354
96, 355
102, 355
103, 354
104, 354
106, 352
107, 352
109, 350
109, 349
111, 347
111, 346
112, 345
112, 344
113, 343
113, 342
114, 341
114, 340
115, 339
115, 337
116, 336
116, 333
117, 332
117, 328
118, 327
118, 321
119, 320
119, 314
120, 313
120, 304
121, 303
121, 288
122, 287
122, 272
123, 271
123, 254
124, 253
124, 231
141, 214
141, 213
148, 206
148, 205
156, 197
156, 196
161, 191
161, 190
163, 188
163, 187
165, 185
165, 184
168, 181
169, 182
169, 188
168, 189
168, 204
169, 205
169, 212
170, 213
170, 215
171, 216
171, 218
172, 219
172, 220
176, 224
177, 224
178, 225
184, 225
185, 224
186, 224
187, 223
188, 223
189, 222
190, 222
198, 214
198, 213
203, 208
203, 207
207, 203
207, 202
210, 199
210, 198
214, 194
214, 193
217, 190
217, 189
219, 187
219, 186
223, 182
223, 181
227, 177
227, 176
230, 173
230, 172
232, 170
232, 169
233, 168
233, 167
234, 166
234, 165
235, 164
235, 163
236, 162
236, 160
235, 159
232, 159
232, 160
230, 162
230, 163
229, 164
229, 165
228, 166
228, 167
226, 169
226, 170
223, 173
223, 174
218, 179
218, 180
215, 183
215, 184
213, 186
213, 187
210, 190
210, 191
206, 195
206, 196
203, 199
203, 200
199, 204
199, 205
194, 210
194, 211
188, 217
187, 217
185, 219
184, 219
183, 220
179, 220
176, 217
176, 216
175, 215
175, 213
174, 212
174, 207
173, 206
173, 186
174, 185
174, 175
175, 174
175, 169
176, 168
176, 167
177, 166
177, 165
179, 163
179, 162
180, 161
180, 160
181, 159
181, 158
182, 157
182, 156
183, 155
183, 154
184, 153
184, 152
185, 151
185, 149
186, 148
186, 147
187, 146
187, 145
188, 144
188, 142
189, 141
189, 140
190, 139
190, 137
191, 136
191, 135
192, 134
192, 132
193, 131
193, 130
194, 129
194, 127
195, 126
195, 124
196, 123
196, 121
197, 120
197, 118
198, 117
198, 115
199, 114
199, 112
200, 111
200, 109
201, 108
201, 106
202, 105
202, 102
203, 101
203, 98
204, 97
204, 95
205, 94
205, 91
206, 90
206, 88
207, 87
207, 84
208, 83
208, 79
209, 78
209, 73
210, 72
210, 58
209, 57
209, 55
207, 53
203, 53
202, 54
201, 54
200, 55
200, 56
197, 59
197, 60
196, 61
196, 62
195, 63
195, 64
194, 65
194, 66
193, 67
193, 68
192, 69
192, 70
191, 71
191, 73
190, 74
190, 75
189, 76
189, 78
188, 79
188, 81
187, 82
187, 84
186, 85
186, 87
185, 88
185, 91
184, 92
184, 94
183, 95
183, 98
182, 99
182, 102
181, 103
181, 107
180, 108
180, 111
179, 112
179, 116
178, 117
178, 120
177, 121
177, 126
176, 127
176, 132
175, 133
175, 138
174, 139
174, 145
173, 146
173, 152
172, 153
172, 159
171, 160
171, 166
170, 167
170, 168
169, 169
169, 170
167, 172
167, 173
165, 175
165, 176
163, 178
163, 179
161, 181
161, 182
159, 184
159, 185
157, 187
157, 188
152, 193
152, 194
143, 203
143, 204
137, 210
137, 211
126, 222
125, 222
124, 221
124, 152
123, 151
123, 119
122, 118
122, 37
123, 36
123, 21
124, 20
124, 17
123, 16
123, 15
118, 237
119, 238
119, 257
118, 258
118, 274
117, 275
117, 290
116, 291
116, 306
115, 307
115, 314
114, 315
114, 321
113, 322
113, 327
112, 328
112, 332
111, 333
111, 335
110, 336
110, 338
109, 339
109, 340
108, 341
108, 342
107, 343
107, 344
101, 350
96, 350
94, 348
93, 348
88, 343
88, 342
86, 340
86, 339
84, 337
84, 336
83, 335
83, 333
82, 332
82, 331
81, 330
81, 329
80, 328
80, 327
79, 326
79, 325
78, 324
78, 322
77, 321
77, 318
76, 317
76, 303
77, 302
77, 298
78, 297
78, 295
79, 294
79, 292
80, 291
80, 290
81, 289
81, 288
82, 287
82, 286
83, 285
83, 284
84, 283
84, 282
85, 281
85, 280
86, 279
86, 278
88, 276
88, 275
89, 274
89, 273
91, 271
91, 270
93, 268
93, 267
95, 265
95, 264
97, 262
97, 261
100, 258
100, 257
104, 253
104, 252
112, 244
112, 243
204, 59
205, 60
205, 73
204, 74
204, 78
203, 79
203, 83
202, 84
202, 87
201, 88
201, 90
200, 91
200, 94
199, 95
199, 97
198, 98
198, 101
197, 102
197, 104
196, 105
196, 108
195, 109
195, 111
194, 112
194, 114
193, 115
193, 117
192, 118
192, 120
191, 121
191, 123
190, 124
190, 125
189, 126
189, 128
188, 129
188, 131
187, 132
187, 133
186, 134
186, 136
185, 137
185, 138
184, 139
184, 141
183, 142
183, 143
182, 144
182, 145
181, 146
181, 148
180, 149
180, 150
179, 151
178, 150
178, 145
179, 144
179, 138
180, 137
180, 132
181, 131
181, 126
182, 125
182, 121
183, 120
183, 116
184, 115
184, 112
185, 111
185, 107
186, 106
186, 103
187, 102
187, 99
188, 98
188, 95
189, 94
189, 92
190, 91
190, 89
191, 88
191, 85
192, 84
192, 82
193, 81
193, 80
194, 79
194, 77
195, 76
195, 74
196, 73
196, 72
197, 71
197, 70
198, 69
198, 68
199, 67
199, 66
200, 65
200, 64
201, 63
201, 62
