292, 2
294, 367
4, 369
2, 4
266, 16
265, 17
264, 17
263, 18
262, 18
254, 26
254, 27
251, 30
251, 31
249, 33
249, 34
248, 35
248, 36
246, 38
246, 39
245, 40
245, 41
244, 42
244, 43
243, 44
243, 45
242, 46
242, 47
241, 48
241, 49
240, 50
240, 51
239, 52
239, 53
238, 54
238, 55
237, 56
237, 57
236, 58
236, 60
235, 61
235, 62
234, 63
234, 64
233, 65
233, 67
232, 68
232, 69
231, 70
231, 71
230, 72
230, 74
229, 75
229, 76
228, 77
228, 79
227, 80
227, 81
226, 82
226, 84
225, 85
225, 87
224, 88
224, 89
223, 90
223, 92
222, 93
222, 94
221, 95
221, 97
220, 98
220, 100
219, 101
219, 103
218, 104
218, 106
217, 107
217, 109
216, 110
216, 112
215, 113
215, 114
214, 115
214, 117
213, 118
213, 120
212, 121
212, 124
211, 125
211, 127
210, 128
210, 130
209, 131
209, 133
208, 134
208, 136
207, 137
207, 139
206, 140
206, 143
205, 144
205, 146
204, 147
204, 150
203, 151
203, 153
202, 154
202, 157
201, 158
201, 159
198, 162
198, 163
188, 173
188, 174
177, 185
177, 186
169, 194
169, 195
161, 203
161, 204
155, 210
155, 211
149, 217
149, 218
148, 219
147, 218
147, 207
148, 206
148, 195
149, 194
149, 178
150, 177
150, 153
151, 152
151, 109
150, 108
150, 81
149, 80
149, 66
148, 65
148, 58
147, 57
147, 54
146, 53
144, 53
144, 54
143, 55
143, 57
142, 58
142, 60
141, 61
141, 65
140, 66
140, 69
139, 70
139, 73
138, 74
138, 77
137, 78
137, 80
136, 81
136, 84
135, 85
135, 87
134, 88
134, 90
133, 91
133, 94
132, 95
132, 97
131, 98
131, 100
130, 101
130, 103
129, 104
129, 106
128, 107
128, 109
127, 110
127, 111
126, 112
126, 114
125, 115
125, 116
124, 117
124, 119
123, 120
123, 121
122, 122
122, 123
121, 124
121, 125
120, 126
120, 128
119, 129
119, 130
118, 131
118, 132
116, 134
116, 135
115, 136
115, 137
114, 138
114, 139
112, 141
112, 142
109, 145
109, 146
104, 151
103, 151
101, 153
97, 153
96, 152
95, 152
93, 150
93, 149
91, 147
91, 145
90, 144
90, 143
89, 142
89, 140
88, 139
88, 137
87, 136
87, 133
86, 132
86, 128
85, 127
85, 123
84, 122
84, 118
83, 117
83, 113
82, 112
82, 107
81, 106
81, 102
80, 101
80, 97
79, 96
79, 91
78, 90
78, 87
77, 86
77, 83
76, 82
76, 79
75, 78
75, 75
74, 74
74, 71
73, 70
73, 68
72, 67
72, 65
71, 64
71, 62
70, 61
70, 59
69, 58
69, 56
68, 55
68, 54
67, 53
67, 52
66, 51
66, 50
65, 49
65, 48
64, 47
64, 46
61, 43
61, 42
59, 40
58, 40
56, 38
55, 38
54, 37
44, 37
43, 38
42, 38
41, 39
40, 39
37, 42
36, 42
32, 46
32, 47
29, 50
29, 51
27, 53
27, 54
26, 55
26, 56
24, 58
24, 59
23, 60
23, 62
22, 63
22, 64
21, 65
21, 66
20, 67
20, 69
19, 70
19, 72
18, 73
18, 75
17, 76
17, 78
16, 79
16, 82
15, 83
15, 86
14, 87
14, 92
13, 93
13, 113
14, 114
14, 116
15, 117
15, 118
16, 119
16, 120
17, 121
19, 121
20, 120
19, 119
19, 118
17, 116
17, 114
16, 113
16, 110
15, 109
15, 98
16, 97
16, 92
17, 91
17, 86
18, 85
18, 82
19, 81
19, 79
20, 78
20, 76
21, 75
21, 73
22, 72
22, 70
23, 69
23, 67
24, 66
24, 65
25, 64
25, 62
26, 61
26, 60
28, 58
28, 57
29, 56
29, 55
31, 53
31, 52
35, 48
35, 47
38, 44
39, 44
41, 42
42, 42
44, 40
46, 40
47, 39
51, 39
52, 40
54, 40
56, 42
57, 42
58, 43
58, 44
61, 47
61, 48
63, 50
63, 51
64, 52
64, 53
65, 54
65, 55
66, 56
66, 58
67, 59
67, 60
68, 61
68, 63
69, 64
69, 66
70, 67
70, 70
71, 71
71, 73
72, 74
72, 77
73, 78
73, 81
74, 82
74, 85
75, 86
75, 89
76, 90
76, 94
77, 95
77, 100
78, 101
78, 105
79, 106
79, 110
80, 111
80, 115
81, 116
81, 121
82, 122
82, 126
83, 127
83, 131
84, 132
84, 135
85, 136
85, 138
86, 139
86, 142
87, 143
87, 144
88, 145
88, 147
89, 148
89, 149
91, 151
91, 152
94, 155
96, 155
97, 156
100, 156
101, 155
103, 155
105, 153
106, 153
111, 148
111, 147
114, 144
114, 143
116, 141
116, 140
117, 139
117, 138
119, 136
119, 135
120, 134
120, 133
121, 132
121, 131
122, 130
122, 129
123, 128
123, 127
124, 126
124, 124
125, 123
125, 122
126, 121
126, 120
127, 119
127, 117
128, 116
128, 115
129, 114
129, 112
130, 111
130, 109
131, 108
131, 107
132, 106
132, 104
133, 103
133, 101
134, 100
134, 98
135, 97
135, 94
136, 93
136, 91
137, 90
137, 87
138, 86
138, 84
139, 83
139, 81
140, 80
140, 77
141, 76
141, 73
142, 72
142, 69
143, 68
143, 65
145, 63
146, 64
146, 75
147, 76
147, 99
148, 100
148, 162
147, 163
147, 182
146, 183
146, 198
145, 199
145, 209
144, 210
144, 219
143, 220
143, 224
142, 225
142, 226
139, 229
139, 230
135, 234
135, 235
131, 239
131, 240
128, 243
128, 244
125, 247
125, 248
122, 251
122, 252
120, 254
120, 255
118, 257
118, 258
116, 260
116, 261
115, 262
115, 263
113, 265
113, 266
112, 267
112, 268
111, 269
111, 270
110, 271
110, 272
109, 273
109, 274
108, 275
108, 276
107, 277
107, 279
106, 280
106, 281
105, 282
105, 284
104, 285
104, 287
103, 288
103, 290
102, 291
102, 294
101, 295
101, 298
100, 299
100, 304
99, 305
99, 312
98, 313
98, 336
99, 337
99, 344
100, 345
100, 347
101, 348
101, 350
102, 351
102, 352
104, 354
108, 354
110, 352
111, 352
112, 351
112, 350
114, 348
114, 347
116, 345
116, 344
117, 343
117, 342
118, 341
118, 340
119, 339
119, 337
120, 336
120, 335
121, 334
121, 333
122, 332
122, 330
123, 329
123, 328
124, 327
124, 325
125, 324
125, 322
126, 321
126, 319
127, 318
127, 316
128, 315
128, 313
129, 312
129, 309
130, 308
130, 306
131, 305
131, 302
132, 301
132, 298
133, 297
133, 295
134, 294
134, 290
135, 289
135, 286
136, 285
136, 282
137, 281
137, 277
138, 276
138, 272
139, 271
139, 267
140, 266
140, 262
141, 261
141, 256
142, 255
142, 249
143, 248
143, 242
144, 241
144, 235
145, 234
145, 227
147, 225
147, 224
151, 220
151, 219
157, 213
157, 212
164, 205
164, 204
171, 197
171, 196
180, 187
180, 186
191, 175
191, 174
197, 168
198, 169
198, 172
197, 173
197, 176
196, 177
196, 180
195, 181
195, 184
194, 185
194, 189
193, 190
193, 195
192, 196
192, 200
191, 201
191, 206
190, 207
190, 212
189, 213
189, 220
188, 221
188, 228
187, 229
187, 261
188, 262
188, 269
189, 270
189, 273
190, 274
190, 278
191, 279
191, 282
192, 283
192, 284
193, 285
193, 287
194, 288
194, 289
195, 290
195, 291
196, 292
196, 293
197, 294
197, 295
198, 296
198, 297
201, 300
201, 301
205, 305
205, 306
207, 308
208, 308
210, 310
211, 310
214, 313
215, 313
216, 314
217, 314
218, 315
220, 315
221, 316
224, 316
225, 317
229, 317
230, 318
244, 318
245, 317
248, 317
249, 316
251, 316
252, 315
255, 315
256, 314
258, 314
259, 313
260, 313
261, 312
262, 312
263, 311
264, 311
265, 310
266, 310
267, 309
268, 309
269, 308
270, 308
271, 307
272, 307
273, 306
274, 306
276, 304
276, 303
273, 303
272, 304
271, 304
270, 305
269, 305
268, 306
267, 306
266, 307
265, 307
264, 308
263, 308
262, 309
261, 309
260, 310
259, 310
258, 311
256, 311
255, 312
253, 312
252, 313
249, 313
248, 314
246, 314
245, 315
228, 315
227, 314
224, 314
223, 313
220, 313
219, 312
218, 312
217, 311
216, 311
213, 308
212, 308
210, 306
209, 306
207, 304
207, 303
203, 299
203, 298
200, 295
200, 294
199, 293
199, 292
198, 291
198, 290
197, 289
197, 287
196, 286
196, 285
195, 284
195, 283
194, 282
194, 280
193, 279
193, 276
192, 275
192, 271
191, 270
191, 266
190, 265
190, 253
189, 252
189, 243
190, 242
190, 227
191, 226
191, 219
192, 218
192, 211
193, 210
193, 205
194, 204
194, 200
195, 199
195, 194
196, 193
196, 189
197, 188
197, 184
198, 183
198, 180
199, 179
199, 176
200, 175
200, 172
201, 171
201, 168
202, 167
202, 165
203, 164
203, 162
204, 161
204, 160
208, 156
208, 155
214, 149
214, 148
220, 142
220, 141
225, 136
225, 135
229, 131
229, 130
232, 127
232, 126
236, 122
236, 121
239, 118
239, 117
242, 114
242, 113
245, 110
245, 109
247, 107
247, 106
250, 103
250, 102
252, 100
252, 99
255, 96
255, 95
257, 93
257, 92
259, 90
259, 89
261, 87
261, 86
263, 84
263, 83
265, 81
265, 80
266, 79
266, 78
268, 76
268, 75
269, 74
269, 73
270, 72
270, 71
272, 69
272, 68
273, 67
273, 66
274, 65
274, 64
275, 63
275, 62
276, 61
276, 60
277, 59
277, 58
278, 57
278, 55
279, 54
279, 52
280, 51
280, 49
281, 48
281, 45
282, 44
282, 27
281, 26
281, 24
280, 23
280, 22
279, 21
279, 20
276, 17
275, 17
274, 16
141, 232
142, 233
142, 236
141, 237
141, 243
140, 244
140, 250
139, 251
139, 257
138, 258
138, 262
137, 263
137, 267
136, 268
136, 273
135, 274
135, 278
134, 279
134, 282
133, 283
133, 286
132, 287
132, 290
131, 291
131, 294
130, 295
130, 298
129, 299
129, 302
128, 303
128, 305
127, 306
127, 309
126, 310
126, 312
125, 313
125, 315
124, 316
124, 318
123, 319
123, 322
122, 323
122, 324
121, 325
121, 327
120, 328
120, 329
119, 330
119, 332
118, 333
118, 334
117, 335
117, 336
116, 337
116, 339
115, 340
115, 341
114, 342
114, 343
112, 345
112, 346
107, 351
106, 351
103, 348
103, 345
102, 344
102, 339
101, 338
101, 311
102, 310
102, 303
103, 302
103, 298
104, 297
104, 294
105, 293
105, 290
106, 289
106, 287
107, 286
107, 285
108, 284
108, 282
109, 281
109, 279
110, 278
110, 277
111, 276
111, 275
112, 274
112, 273
113, 272
113, 271
114, 270
114, 269
115, 268
115, 267
117, 265
117, 264
118, 263
118, 262
120, 260
120, 259
122, 257
122, 256
124, 254
124, 253
127, 250
127, 249
130, 246
130, 245
134, 241
134, 240
137, 237
137, 236
268, 19
269, 18
272, 18
273, 19
274, 19
276, 21
276, 22
278, 24
278, 26
279, 27
279, 31
280, 32
280, 40
279, 41
279, 45
278, 46
278, 48
277, 49
277, 51
276, 52
276, 54
275, 55
275, 57
274, 58
274, 59
273, 60
273, 61
272, 62
272, 63
271, 64
271, 65
270, 66
270, 67
268, 69
268, 70
267, 71
267, 72
266, 73
266, 74
264, 76
264, 77
262, 79
262, 80
261, 81
261, 82
259, 84
259, 85
257, 87
257, 88
255, 90
255, 91
252, 94
252, 95
250, 97
250, 98
248, 100
248, 101
245, 104
245, 105
243, 107
243, 108
240, 111
240, 112
237, 115
237, 116
234, 119
234, 120
230, 124
230, 125
226, 129
226, 130
223, 133
223, 134
217, 140
217, 141
212, 146
212, 147
207, 152
206, 151
206, 150
207, 149
207, 146
208, 145
208, 143
209, 142
209, 139
210, 138
210, 136
211, 135
211, 133
212, 132
212, 130
213, 129
213, 127
214, 126
214, 124
215, 123
215, 121
216, 120
216, 118
217, 117
217, 115
218, 114
218, 112
219, 111
219, 109
220, 108
220, 107
221, 106
221, 104
222, 103
222, 101
223, 100
223, 98
224, 97
224, 95
225, 94
225, 93
226, 92
226, 90
227, 89
227, 87
228, 86
228, 85
229, 84
229, 82
230, 81
230, 80
231, 79
231, 77
232, 76
232, 75
233, 74
233, 72
234, 71
234, 70
235, 69
235, 68
236, 67
236, 65
237, 64
237, 63
238, 62
238, 61
239, 60
239, 58
240, 57
240, 56
241, 55
241, 54
242, 53
242, 52
243, 51
243, 50
244, 49
244, 48
245, 47
245, 46
246, 45
246, 44
247, 43
247, 42
248, 41
248, 40
250, 38
250, 37
251, 36
251, 35
253, 33
253, 32
256, 29
256, 28
263, 21
264, 21
266, 19
