252, 2
254, 367
4, 369
2, 4
202, 15
201, 16
199, 16
194, 21
194, 22
193, 23
193, 24
191, 26
191, 28
190, 29
190, 30
189, 31
189, 33
188, 34
188, 36
187, 37
187, 39
186, 40
186, 42
185, 43
185, 45
184, 46
184, 49
183, 50
183, 53
182, 54
182, 56
181, 57
181, 60
180, 61
180, 65
179, 66
179, 69
178, 70
178, 74
177, 75
177, 78
176, 79
176, 83
175, 84
175, 88
174, 89
174, 94
173, 95
173, 99
172, 100
172, 105
171, 106
171, 110
170, 111
170, 116
169, 117
169, 123
168, 124
168, 130
167, 131
167, 137
166, 138
166, 139
164, 141
163, 141
162, 142
161, 142
160, 143
159, 143
157, 145
156, 145
155, 146
154, 146
153, 147
152, 147
151, 148
150, 148
149, 149
148, 149
147, 150
146, 150
145, 151
144, 151
142, 153
141, 153
140, 154
139, 154
137, 156
136, 156
133, 159
132, 159
129, 162
128, 162
125, 165
124, 165
112, 177
111, 176
111, 163
112, 162
112, 146
113, 145
113, 123
114, 122
114, 97
115, 96
115, 94
116, 93
116, 91
117, 90
117, 88
118, 87
118, 85
119, 84
119, 80
120, 79
120, 75
121, 74
121, 67
122, 66
122, 51
123, 50
123, 39
122, 38
122, 30
121, 29
119, 29
118, 30
117, 30
117, 31
116, 32
116, 33
115, 34
115, 37
114, 38
114, 43
113, 44
113, 53
112, 54
112, 77
111, 78
111, 96
110, 97
110, 98
109, 99
109, 100
107, 102
107, 103
105, 105
105, 106
96, 115
95, 115
94, 116
93, 116
92, 117
83, 117
82, 116
80, 116
78, 114
77, 114
71, 108
71, 107
69, 105
69, 104
67, 102
67, 101
66, 100
66, 98
65, 97
65, 96
64, 95
64, 93
63, 92
63, 90
62, 89
62, 86
61, 85
61, 82
60, 81
60, 77
59, 76
59, 72
58, 71
58, 67
57, 66
57, 62
56, 61
56, 57
55, 56
55, 53
54, 52
54, 48
53, 47
53, 45
52, 44
52, 42
51, 41
51, 40
50, 39
50, 37
45, 32
38, 32
36, 34
35, 34
31, 38
31, 39
29, 41
29, 42
27, 44
27, 45
26, 46
26, 47
25, 48
25, 49
24, 50
24, 51
23, 52
23, 53
22, 54
22, 56
21, 57
21, 59
20, 60
20, 61
19, 62
19, 64
18, 65
18, 67
17, 68
17, 71
16, 72
16, 74
15, 75
15, 78
14, 79
14, 82
13, 83
13, 87
12, 88
12, 92
11, 93
11, 100
10, 101
10, 109
11, 110
11, 113
12, 114
12, 115
13, 116
13, 117
14, 118
15, 118
16, 119
19, 119
20, 118
20, 117
19, 116
18, 116
15, 113
15, 112
14, 111
14, 96
15, 95
15, 91
16, 90
16, 86
17, 85
17, 81
18, 80
18, 77
19, 76
19, 74
20, 73
20, 70
21, 69
21, 67
22, 66
22, 64
23, 63
23, 62
24, 61
24, 59
25, 58
25, 56
26, 55
26, 54
27, 53
27, 52
28, 51
28, 50
29, 49
29, 48
30, 47
30, 46
32, 44
32, 43
34, 41
34, 40
37, 37
38, 37
40, 35
43, 35
47, 39
47, 40
48, 41
48, 43
49, 44
49, 46
50, 47
50, 50
51, 51
51, 54
52, 55
52, 59
53, 60
53, 64
54, 65
54, 69
55, 70
55, 74
56, 75
56, 79
57, 80
57, 83
58, 84
58, 87
59, 88
59, 91
60, 92
60, 94
61, 95
61, 97
62, 98
62, 99
63, 100
63, 101
64, 102
64, 103
65, 104
65, 105
66, 106
66, 107
68, 109
68, 110
75, 117
76, 117
78, 119
80, 119
81, 120
83, 120
84, 121
90, 121
91, 120
94, 120
95, 119
96, 119
97, 118
98, 118
100, 116
101, 116
105, 112
105, 111
108, 108
108, 107
109, 106
110, 106
111, 107
111, 112
110, 113
110, 136
109, 137
109, 156
108, 157
108, 171
107, 172
107, 182
106, 183
106, 184
105, 185
105, 186
102, 189
102, 190
99, 193
99, 194
97, 196
97, 197
96, 198
96, 199
94, 201
94, 202
93, 203
93, 204
91, 206
91, 207
90, 208
90, 209
89, 210
89, 211
88, 212
88, 213
87, 214
87, 215
86, 216
86, 217
85, 218
85, 219
84, 220
84, 222
83, 223
83, 224
82, 225
82, 226
81, 227
81, 229
80, 230
80, 231
79, 232
79, 234
78, 235
78, 237
77, 238
77, 240
76, 241
76, 243
75, 244
75, 246
74, 247
74, 250
73, 251
73, 253
72, 254
72, 257
71, 258
71, 261
70, 262
70, 267
69, 268
69, 272
68, 273
68, 278
67, 279
67, 286
66, 287
66, 294
65, 295
65, 308
64, 309
64, 332
65, 333
65, 343
66, 344
66, 349
67, 350
67, 351
68, 352
68, 353
69, 354
72, 354
74, 352
74, 351
76, 349
76, 348
77, 347
77, 346
78, 345
78, 343
79, 342
79, 341
80, 340
80, 339
81, 338
81, 336
82, 335
82, 333
83, 332
83, 330
84, 329
84, 328
85, 327
85, 325
86, 324
86, 321
87, 320
87, 318
88, 317
88, 314
89, 313
89, 311
90, 310
90, 307
91, 306
91, 303
92, 302
92, 298
93, 297
93, 294
94, 293
94, 289
95, 288
95, 284
96, 283
96, 279
97, 278
97, 274
98, 273
98, 269
99, 268
99, 264
100, 263
100, 257
101, 256
101, 251
102, 250
102, 245
103, 244
103, 238
104, 237
104, 231
105, 230
105, 223
106, 222
106, 215
107, 214
107, 207
108, 206
108, 198
109, 197
109, 188
110, 187
110, 185
112, 183
112, 182
126, 168
127, 168
130, 165
131, 165
134, 162
135, 162
138, 159
139, 159
141, 157
142, 157
144, 155
145, 155
146, 154
147, 154
148, 153
149, 153
150, 152
151, 152
152, 151
153, 151
154, 150
155, 150
156, 149
157, 149
159, 147
160, 147
161, 146
162, 146
163, 145
164, 145
165, 146
165, 154
164, 155
164, 162
163, 163
163, 173
162, 174
162, 183
161, 184
161, 197
160, 198
160, 213
159, 214
159, 256
160, 257
160, 271
161, 272
161, 281
162, 282
162, 289
163, 290
163, 293
164, 294
164, 298
165, 299
165, 302
166, 303
166, 306
167, 307
167, 309
168, 310
168, 312
169, 313
169, 314
170, 315
170, 317
171, 318
171, 319
172, 320
172, 321
173, 322
173, 323
175, 325
175, 326
178, 329
178, 330
182, 334
183, 334
186, 337
187, 337
189, 339
191, 339
192, 340
195, 340
196, 341
199, 341
200, 342
203, 342
204, 341
208, 341
209, 340
213, 340
214, 339
216, 339
217, 338
218, 338
219, 337
221, 337
222, 336
223, 336
224, 335
226, 335
227, 334
228, 334
229, 333
230, 333
231, 332
232, 332
234, 330
235, 330
236, 329
237, 329
239, 327
240, 327
241, 326
242, 326
245, 323
244, 322
241, 322
240, 323
239, 323
237, 325
236, 325
235, 326
234, 326
233, 327
232, 327
230, 329
229, 329
228, 330
227, 330
226, 331
225, 331
224, 332
222, 332
221, 333
220, 333
219, 334
217, 334
216, 335
215, 335
214, 336
211, 336
210, 337
206, 337
205, 338
198, 338
197, 337
194, 337
193, 336
191, 336
189, 334
188, 334
185, 331
184, 331
181, 328
181, 327
178, 324
178, 323
176, 321
176, 320
175, 319
175, 318
174, 317
174, 316
173, 315
173, 313
172, 312
172, 311
171, 310
171, 308
170, 307
170, 305
169, 304
169, 301
168, 300
168, 296
167, 295
167, 292
166, 291
166, 287
165, 286
165, 278
164, 277
164, 268
163, 267
163, 246
162, 245
162, 232
163, 231
163, 205
164, 204
164, 189
165, 188
165, 178
166, 177
166, 167
167, 166
167, 158
168, 157
168, 150
169, 149
169, 143
171, 141
172, 141
173, 140
174, 140
175, 139
176, 139
177, 138
178, 138
180, 136
181, 136
182, 135
183, 135
184, 134
185, 134
187, 132
188, 132
190, 130
191, 130
195, 126
196, 126
207, 115
207, 114
209, 112
209, 111
210, 110
210, 109
212, 107
212, 106
213, 105
213, 104
214, 103
214, 101
215, 100
215, 99
216, 98
216, 96
217, 95
217, 93
218, 92
218, 89
219, 88
219, 84
220, 83
220, 78
221, 77
221, 57
220, 56
220, 49
219, 48
219, 44
218, 43
218, 39
217, 38
217, 36
216, 35
216, 32
215, 31
215, 30
214, 29
214, 27
213, 26
213, 25
211, 23
211, 22
209, 20
209, 19
207, 17
206, 17
205, 16
204, 16
203, 15
104, 193
105, 194
105, 202
104, 203
104, 211
103, 212
103, 219
102, 220
102, 226
101, 227
101, 234
100, 235
100, 241
99, 242
99, 247
98, 248
98, 254
97, 255
97, 260
96, 261
96, 266
95, 267
95, 271
94, 272
94, 276
93, 277
93, 281
92, 282
92, 286
91, 287
91, 291
90, 292
90, 295
89, 296
89, 299
88, 300
88, 304
87, 305
87, 308
86, 309
86, 311
85, 312
85, 315
84, 316
84, 318
83, 319
83, 322
82, 323
82, 325
81, 326
81, 328
80, 329
80, 330
79, 331
79, 333
78, 334
78, 336
77, 337
77, 338
76, 339
76, 341
75, 342
75, 343
74, 344
74, 345
73, 346
73, 347
71, 349
70, 348
70, 347
69, 346
69, 341
68, 340
68, 300
69, 299
69, 290
70, 289
70, 282
71, 281
71, 276
72, 275
72, 270
73, 269
73, 265
74, 264
74, 260
75, 259
75, 257
76, 256
76, 253
77, 252
77, 249
78, 248
78, 246
79, 245
79, 243
80, 242
80, 240
81, 239
81, 237
82, 236
82, 234
83, 233
83, 231
84, 230
84, 229
85, 228
85, 227
86, 226
86, 225
87, 224
87, 222
88, 221
88, 220
89, 219
89, 218
90, 217
90, 216
91, 215
91, 214
92, 213
92, 212
93, 211
93, 210
94, 209
94, 208
96, 206
96, 205
97, 204
97, 203
99, 201
99, 200
100, 199
100, 198
102, 196
102, 195
117, 42
118, 41
119, 42
119, 63
118, 64
118, 71
117, 72
117, 76
116, 77
115, 76
115, 59
116, 58
116, 48
117, 47
201, 19
203, 19
204, 20
205, 20
206, 21
206, 22
209, 25
209, 26
210, 27
210, 28
211, 29
211, 31
212, 32
212, 33
213, 34
213, 37
214, 38
214, 41
215, 42
215, 46
216, 47
216, 51
217, 52
217, 61
218, 62
218, 72
217, 73
217, 81
216, 82
216, 86
215, 87
215, 90
214, 91
214, 93
213, 94
213, 96
212, 97
212, 98
211, 99
211, 101
210, 102
210, 103
209, 104
209, 105
208, 106
208, 107
206, 109
206, 110
204, 112
204, 113
194, 123
193, 123
189, 127
188, 127
186, 129
185, 129
183, 131
182, 131
181, 132
180, 132
179, 133
178, 133
176, 135
175, 135
174, 136
173, 136
172, 137
171, 137
170, 136
170, 134
171, 133
171, 127
172, 126
172, 120
173, 119
173, 114
174, 113
174, 108
175, 107
175, 103
176, 102
176, 97
177, 96
177, 92
178, 91
178, 87
179, 86
179, 82
180, 81
180, 77
181, 76
181, 72
182, 71
182, 68
183, 67
183, 64
184, 63
184, 60
185, 59
185, 56
186, 55
186, 52
187, 51
187, 48
188, 47
188, 45
189, 44
189, 42
190, 41
190, 39
191, 38
191, 36
192, 35
192, 33
193, 32
193, 31
194, 30
194, 28
195, 27
195, 26
197, 24
197, 23
