314, 2
316, 367
4, 369
2, 4
64, 16
62, 18
61, 18
54, 25
53, 25
50, 28
50, 29
46, 33
46, 34
43, 37
43, 38
40, 41
40, 42
38, 44
38, 45
36, 47
36, 48
34, 50
34, 51
32, 53
32, 54
31, 55
31, 56
29, 58
29, 59
28, 60
28, 61
27, 62
27, 63
25, 65
25, 66
24, 67
24, 68
23, 69
23, 70
22, 71
22, 72
21, 73
21, 74
20, 75
20, 76
19, 77
19, 78
18, 79
18, 80
17, 81
17, 82
16, 83
16, 85
15, 86
15, 87
14, 88
14, 91
16, 91
16, 90
17, 89
17, 88
18, 87
18, 86
19, 85
19, 84
20, 83
20, 82
21, 81
21, 80
22, 79
22, 78
23, 77
23, 76
24, 75
24, 74
25, 73
25, 72
26, 71
26, 70
27, 69
27, 68
28, 67
28, 66
29, 65
29, 64
31, 62
31, 61
32, 60
32, 59
33, 58
33, 57
35, 55
35, 54
37, 52
37, 51
38, 50
38, 49
40, 47
40, 46
43, 43
43, 42
46, 39
46, 38
49, 35
49, 34
62, 21
63, 21
65, 19
70, 19
73, 22
73, 23
74, 24
74, 26
75, 27
75, 31
76, 32
76, 37
77, 38
77, 44
78, 45
78, 52
79, 53
79, 59
80, 60
80, 67
81, 68
81, 72
82, 73
82, 77
83, 78
83, 82
84, 83
84, 86
85, 87
85, 89
86, 90
86, 92
87, 93
87, 95
88, 96
88, 97
89, 98
89, 99
90, 100
90, 101
91, 102
91, 103
94, 106
94, 107
96, 109
97, 109
100, 112
101, 112
102, 113
104, 113
105, 114
113, 114
114, 113
119, 113
120, 112
122, 112
123, 111
125, 111
126, 110
127, 110
128, 109
129, 109
130, 108
131, 108
132, 107
133, 107
134, 106
135, 106
137, 104
138, 104
140, 102
141, 102
145, 98
146, 98
150, 94
151, 94
155, 90
156, 90
161, 85
162, 85
163, 86
163, 88
162, 89
162, 92
161, 93
161, 96
160, 97
160, 101
159, 102
159, 106
158, 107
158, 111
157, 112
157, 116
156, 117
156, 123
155, 124
155, 129
154, 130
154, 136
153, 137
153, 146
152, 147
152, 157
151, 158
151, 177
150, 178
150, 195
149, 196
149, 213
148, 214
148, 233
147, 234
147, 247
146, 248
146, 250
145, 251
142, 251
141, 252
138, 252
137, 253
135, 253
134, 254
132, 254
131, 255
130, 255
129, 256
128, 256
127, 257
125, 257
124, 258
123, 258
122, 259
121, 259
119, 261
118, 261
117, 262
116, 262
113, 265
112, 265
97, 280
97, 281
94, 284
94, 285
92, 287
92, 288
89, 291
89, 292
87, 294
87, 295
86, 296
86, 297
85, 298
85, 299
84, 300
84, 301
83, 302
83, 303
82, 304
82, 305
81, 306
81, 307
80, 308
80, 310
79, 311
79, 312
78, 313
78, 315
77, 316
77, 319
76, 320
76, 322
75, 323
75, 327
74, 328
74, 339
75, 340
75, 343
77, 345
77, 346
81, 350
82, 350
83, 351
84, 351
85, 352
87, 352
88, 353
92, 353
93, 354
109, 354
110, 353
113, 353
114, 352
115, 352
116, 351
118, 351
119, 350
120, 350
121, 349
122, 349
124, 347
125, 347
130, 342
130, 341
132, 339
132, 338
134, 336
134, 335
135, 334
135, 333
136, 332
136, 331
137, 330
137, 328
138, 327
138, 326
139, 325
139, 323
140, 322
140, 320
141, 319
141, 316
142, 315
142, 312
143, 311
143, 308
144, 307
144, 302
145, 301
145, 295
146, 294
146, 286
147, 285
147, 275
148, 274
148, 260
149, 259
149, 254
150, 253
152, 253
153, 252
159, 252
160, 251
169, 251
170, 250
182, 250
183, 249
193, 249
194, 248
198, 248
199, 247
201, 247
202, 246
203, 246
204, 245
205, 245
206, 244
207, 244
208, 243
209, 243
211, 241
212, 241
214, 239
215, 239
219, 235
220, 235
225, 230
226, 230
227, 231
227, 233
226, 234
226, 237
225, 238
225, 241
224, 242
224, 245
223, 246
223, 250
222, 251
222, 255
221, 256
221, 260
220, 261
220, 265
219, 266
219, 272
218, 273
218, 279
217, 280
217, 290
216, 291
216, 312
217, 313
217, 316
218, 317
218, 319
219, 320
219, 321
220, 322
221, 322
223, 324
225, 324
226, 325
228, 325
229, 324
231, 324
232, 323
233, 323
235, 321
236, 321
247, 310
247, 309
253, 303
253, 302
256, 299
256, 298
259, 295
259, 294
262, 291
262, 290
264, 288
264, 287
268, 283
268, 282
273, 277
273, 276
276, 273
276, 272
278, 270
278, 269
280, 267
280, 266
291, 255
291, 254
293, 252
293, 251
295, 249
295, 248
298, 245
298, 244
299, 243
299, 242
301, 240
301, 239
303, 237
303, 234
301, 234
300, 235
300, 236
298, 238
298, 239
297, 240
297, 241
295, 243
295, 244
293, 246
293, 247
290, 250
290, 251
287, 254
287, 255
277, 265
277, 266
275, 268
275, 269
273, 271
273, 272
270, 275
270, 276
264, 282
264, 283
261, 286
261, 287
259, 289
259, 290
256, 293
256, 294
253, 297
253, 298
249, 302
249, 303
243, 309
243, 310
235, 318
234, 318
231, 321
229, 321
228, 322
226, 322
225, 321
224, 321
221, 318
221, 317
220, 316
220, 313
219, 312
219, 289
220, 288
220, 280
221, 279
221, 273
222, 272
222, 266
223, 265
223, 261
224, 260
224, 256
225, 255
225, 251
226, 250
226, 246
227, 245
227, 242
228, 241
228, 238
229, 237
229, 234
230, 233
230, 230
231, 229
231, 226
232, 225
232, 223
238, 217
238, 216
245, 209
245, 208
251, 202
251, 201
258, 194
258, 193
262, 189
262, 188
266, 184
266, 183
269, 180
269, 179
271, 177
271, 176
273, 174
273, 173
274, 172
274, 171
276, 169
276, 168
277, 167
277, 166
279, 164
279, 163
280, 162
280, 161
281, 160
281, 159
283, 157
283, 156
284, 155
284, 154
285, 153
285, 152
286, 151
286, 150
287, 149
287, 148
288, 147
288, 146
289, 145
289, 144
290, 143
290, 134
289, 133
289, 131
287, 129
287, 128
286, 127
285, 127
283, 125
282, 125
281, 124
274, 124
273, 125
271, 125
270, 126
269, 126
263, 132
263, 133
261, 135
261, 136
260, 137
260, 138
259, 139
259, 140
258, 141
258, 142
257, 143
257, 144
256, 145
256, 146
255, 147
255, 148
254, 149
254, 150
253, 151
253, 152
252, 153
252, 155
251, 156
251, 157
250, 158
250, 160
249, 161
249, 163
248, 164
248, 165
247, 166
247, 168
246, 169
246, 171
245, 172
245, 173
244, 174
244, 176
243, 177
243, 179
242, 180
242, 182
241, 183
241, 184
240, 185
240, 187
239, 188
239, 191
238, 192
238, 194
237, 195
237, 197
236, 198
236, 201
235, 202
235, 204
234, 205
234, 207
233, 208
233, 211
232, 212
232, 214
231, 215
231, 218
230, 219
230, 220
229, 221
229, 222
219, 232
218, 232
215, 235
214, 235
211, 238
210, 238
208, 240
207, 240
205, 242
204, 242
203, 243
202, 243
201, 244
199, 244
198, 245
194, 245
193, 246
184, 246
183, 247
172, 247
171, 248
161, 248
160, 249
153, 249
152, 250
151, 250
149, 248
149, 246
150, 245
150, 233
151, 232
151, 212
152, 211
152, 194
153, 193
153, 175
154, 174
154, 157
155, 156
155, 146
156, 145
156, 136
157, 135
157, 129
158, 128
158, 123
159, 122
159, 117
160, 116
160, 111
161, 110
161, 106
162, 105
162, 101
163, 100
163, 97
164, 96
164, 93
165, 92
165, 89
166, 88
166, 84
167, 83
167, 81
168, 80
168, 79
174, 73
174, 72
181, 65
181, 64
184, 61
184, 60
186, 58
186, 57
189, 54
189, 53
191, 51
191, 50
193, 48
193, 47
194, 46
194, 45
196, 43
196, 41
197, 40
197, 38
198, 37
198, 34
199, 33
199, 24
198, 23
198, 21
197, 20
197, 19
196, 18
195, 18
194, 17
193, 18
191, 18
190, 19
189, 19
187, 21
186, 21
186, 22
183, 25
183, 26
181, 28
181, 29
180, 30
180, 32
179, 33
179, 34
178, 35
178, 37
177, 38
177, 40
176, 41
176, 43
175, 44
175, 46
174, 47
174, 49
173, 50
173, 52
172, 53
172, 55
171, 56
171, 58
170, 59
170, 61
169, 62
169, 65
168, 66
168, 68
167, 69
167, 72
166, 73
166, 76
155, 87
154, 87
150, 91
149, 91
145, 95
144, 95
140, 99
139, 99
136, 102
135, 102
133, 104
132, 104
131, 105
130, 105
129, 106
128, 106
127, 107
125, 107
124, 108
123, 108
122, 109
120, 109
119, 110
115, 110
114, 111
105, 111
104, 110
103, 110
102, 109
101, 109
94, 102
94, 101
93, 100
93, 99
91, 97
91, 95
90, 94
90, 93
89, 92
89, 90
88, 89
88, 87
87, 86
87, 83
86, 82
86, 79
85, 78
85, 74
84, 73
84, 68
83, 67
83, 61
82, 60
82, 53
81, 52
81, 46
80, 45
80, 39
79, 38
79, 33
78, 32
78, 28
77, 27
77, 24
76, 23
76, 21
75, 20
75, 19
73, 17
72, 17
71, 16
141, 255
142, 254
146, 255
146, 261
145, 262
145, 276
144, 277
144, 286
143, 287
143, 295
142, 296
142, 301
141, 302
141, 307
140, 308
140, 311
139, 312
139, 315
138, 316
138, 319
137, 320
137, 321
136, 322
136, 324
135, 325
135, 327
134, 328
134, 329
133, 330
133, 331
132, 332
132, 333
131, 334
129, 337
129, 338
126, 341
126, 342
125, 343
124, 343
121, 346
120, 346
119, 347
118, 347
117, 348
116, 348
115, 349
114, 349
113, 350
110, 350
109, 351
92, 351
91, 350
88, 350
87, 349
83, 347
82, 347
79, 344
79, 343
78, 342
78, 340
77, 339
77, 328
78, 327
78, 323
79, 322
79, 320
80, 319
80, 317
81, 316
81, 314
82, 313
82, 311
83, 310
83, 309
84, 308
84, 307
85, 306
85, 304
86, 303
86, 302
87, 301
87, 300
89, 298
89, 297
90, 296
92, 293
92, 292
94, 290
94, 289
97, 286
97, 285
101, 281
101, 280
113, 268
114, 268
117, 265
118, 265
120, 263
121, 263
122, 262
123, 262
124, 261
125, 261
126, 260
127, 260
128, 259
129, 259
130, 258
132, 258
133, 257
134, 257
135, 256
137, 256
138, 255
273, 128
274, 127
280, 127
281, 128
282, 128
286, 132
286, 133
287, 134
287, 138
288, 139
288, 140
287, 141
287, 142
286, 143
286, 144
285, 145
285, 146
284, 147
284, 148
283, 149
283, 150
282, 151
282, 152
281, 153
281, 154
280, 155
280, 156
279, 157
279, 158
277, 160
277, 161
276, 162
276, 163
274, 165
274, 166
273, 167
273, 168
271, 170
271, 171
270, 172
270, 173
268, 175
268, 176
266, 178
266, 179
263, 182
263, 183
259, 187
259, 188
254, 193
254, 194
247, 201
247, 202
240, 209
240, 210
236, 214
235, 213
235, 212
236, 211
236, 209
237, 208
237, 205
238, 204
238, 202
239, 201
239, 198
240, 197
240, 195
241, 194
241, 192
242, 191
242, 189
243, 188
243, 186
244, 185
244, 183
245, 182
245, 180
246, 179
246, 177
247, 176
247, 175
248, 174
248, 172
249, 171
249, 169
250, 168
250, 167
251, 166
251, 164
252, 163
252, 161
253, 160
253, 159
254, 158
254, 156
255, 155
255, 154
256, 153
256, 152
257, 151
257, 150
258, 149
258, 147
259, 146
259, 145
260, 144
260, 143
261, 142
261, 141
262, 140
262, 139
263, 138
263, 137
266, 134
266, 133
270, 129
271, 129
272, 128
191, 21
194, 21
195, 22
195, 23
196, 24
196, 34
195, 35
195, 37
194, 38
194, 40
193, 41
193, 42
192, 43
192, 44
190, 46
190, 47
188, 49
188, 50
186, 52
186, 53
183, 56
183, 57
181, 59
181, 60
176, 65
176, 66
171, 71
170, 70
170, 69
171, 68
171, 66
172, 65
172, 62
173, 61
173, 59
174, 58
174, 56
175, 55
175, 53
176, 52
176, 50
177, 49
177, 47
178, 46
178, 44
179, 43
179, 41
180, 40
180, 38
181, 37
181, 35
182, 34
182, 33
183, 32
183, 31
184, 30
184, 29
185, 28
185, 27
