300, 2
302, 367
4, 369
2, 4
265, 15
264, 16
262, 16
261, 17
260, 17
259, 18
258, 18
256, 20
255, 20
247, 28
247, 29
244, 32
244, 33
242, 35
242, 36
241, 37
241, 38
240, 39
240, 40
238, 42
238, 43
237, 44
237, 45
236, 46
236, 47
235, 48
235, 49
234, 50
234, 51
233, 52
233, 53
232, 54
232, 55
231, 56
231, 58
230, 59
230, 60
229, 61
229, 63
228, 64
228, 65
227, 66
227, 68
226, 69
226, 71
225, 72
225, 73
224, 74
224, 76
223, 77
223, 79
222, 80
222, 82
221, 83
221, 85
220, 86
220, 89
219, 90
219, 92
218, 93
218, 95
217, 96
217, 99
216, 100
216, 102
215, 103
215, 106
214, 107
214, 110
213, 111
213, 115
212, 116
212, 119
211, 120
211, 125
210, 126
210, 130
209, 131
209, 135
208, 136
208, 137
202, 143
201, 143
195, 149
194, 149
190, 153
189, 153
185, 157
184, 157
180, 161
179, 161
175, 165
174, 165
170, 169
169, 169
164, 174
163, 174
159, 178
158, 178
153, 183
152, 183
148, 187
147, 187
140, 194
139, 194
138, 193
138, 192
139, 191
139, 175
140, 174
140, 54
141, 53
141, 46
142, 45
142, 41
141, 40
139, 40
138, 41
138, 43
137, 44
137, 48
136, 49
136, 53
135, 54
135, 58
134, 59
134, 63
133, 64
133, 67
132, 68
132, 71
131, 72
131, 75
130, 76
130, 79
129, 80
129, 82
128, 83
128, 84
127, 85
127, 87
126, 88
126, 89
125, 90
125, 92
124, 93
124, 94
123, 95
123, 96
122, 97
122, 98
120, 100
120, 101
118, 103
118, 104
116, 106
116, 107
106, 117
105, 117
103, 119
101, 119
100, 120
98, 120
97, 121
94, 121
93, 120
91, 120
90, 119
89, 119
83, 113
83, 112
81, 110
81, 109
80, 108
80, 107
79, 106
79, 105
78, 104
78, 103
77, 102
77, 100
76, 99
76, 98
75, 97
75, 95
74, 94
74, 92
73, 91
73, 90
72, 89
72, 86
71, 85
71, 83
70, 82
70, 80
69, 79
69, 77
68, 76
68, 73
67, 72
67, 69
66, 68
66, 66
65, 65
65, 63
64, 62
64, 59
63, 58
63, 56
62, 55
62, 53
61, 52
61, 50
60, 49
60, 48
59, 47
59, 45
58, 44
58, 43
57, 42
57, 41
56, 40
56, 39
54, 37
54, 36
51, 33
51, 32
50, 31
49, 31
47, 29
45, 29
44, 28
39, 28
38, 29
36, 29
35, 30
34, 30
28, 36
28, 37
26, 39
26, 40
25, 41
25, 42
24, 43
24, 44
23, 45
23, 46
22, 47
22, 48
21, 49
21, 51
20, 52
20, 54
19, 55
19, 57
18, 58
18, 60
17, 61
17, 63
16, 64
16, 68
15, 69
15, 72
14, 73
14, 77
13, 78
13, 85
12, 86
12, 101
13, 102
13, 106
14, 107
14, 108
15, 109
15, 110
18, 113
23, 113
23, 110
22, 110
21, 109
20, 109
18, 107
18, 105
17, 104
17, 101
16, 100
16, 88
17, 87
17, 79
18, 78
18, 74
19, 73
19, 70
20, 69
20, 66
21, 65
21, 62
22, 61
22, 59
23, 58
23, 56
24, 55
24, 53
25, 52
25, 51
26, 50
26, 48
27, 47
27, 46
28, 45
28, 44
30, 42
30, 41
32, 39
32, 38
36, 34
37, 34
38, 33
39, 33
40, 32
43, 32
44, 33
45, 33
51, 39
51, 40
52, 41
52, 42
53, 43
53, 44
54, 45
54, 46
55, 47
55, 48
56, 49
56, 51
57, 52
57, 53
58, 54
58, 56
59, 57
59, 60
60, 61
60, 63
61, 64
61, 66
62, 67
62, 69
63, 70
63, 73
64, 74
64, 77
65, 78
65, 80
66, 81
66, 84
67, 85
67, 87
68, 88
68, 90
69, 91
69, 93
70, 94
70, 95
71, 96
71, 98
72, 99
72, 101
73, 102
73, 103
74, 104
74, 106
75, 107
75, 108
76, 109
76, 110
78, 112
78, 113
80, 115
80, 116
86, 122
87, 122
88, 123
89, 123
90, 124
92, 124
93, 125
98, 125
99, 124
102, 124
103, 123
104, 123
105, 122
106, 122
108, 120
109, 120
114, 115
115, 115
115, 114
120, 109
120, 108
122, 106
122, 105
124, 103
124, 102
125, 101
125, 100
126, 99
126, 98
127, 97
127, 96
128, 95
128, 94
129, 93
129, 92
130, 91
130, 89
131, 88
131, 87
132, 86
132, 84
133, 83
133, 81
134, 80
134, 78
135, 77
136, 78
136, 171
135, 172
135, 190
134, 191
134, 199
127, 206
127, 207
120, 214
120, 215
117, 218
117, 219
114, 222
114, 223
112, 225
112, 226
110, 228
110, 229
108, 231
108, 232
106, 234
106, 235
105, 236
105, 237
103, 239
103, 240
102, 241
102, 242
101, 243
101, 244
100, 245
100, 246
99, 247
99, 248
98, 249
98, 251
97, 252
97, 253
96, 254
96, 256
95, 257
95, 259
94, 260
94, 261
93, 262
93, 264
92, 265
92, 269
91, 270
91, 273
90, 274
90, 277
89, 278
89, 284
88, 285
88, 292
87, 293
87, 324
88, 325
88, 335
89, 336
89, 341
90, 342
90, 346
91, 347
91, 349
92, 350
92, 351
95, 354
96, 354
97, 355
99, 355
100, 354
101, 354
105, 350
105, 349
107, 347
107, 346
108, 345
108, 344
109, 343
109, 342
110, 341
110, 340
111, 339
111, 338
112, 337
112, 335
113, 334
113, 333
114, 332
114, 330
115, 329
115, 327
116, 326
116, 324
117, 323
117, 321
118, 320
118, 317
119, 316
119, 313
120, 312
120, 309
121, 308
121, 305
122, 304
122, 301
123, 300
123, 297
124, 296
124, 292
125, 291
125, 287
126, 286
126, 282
127, 281
127, 277
128, 276
128, 271
129, 270
129, 266
130, 265
130, 260
131, 259
131, 253
132, 252
132, 247
133, 246
133, 239
134, 238
134, 231
135, 230
135, 224
136, 223
136, 214
137, 213
137, 205
138, 204
138, 202
148, 192
149, 192
155, 186
156, 186
160, 182
161, 182
166, 177
167, 177
171, 173
172, 173
176, 169
177, 169
181, 165
182, 165
186, 161
187, 161
191, 157
192, 157
196, 153
197, 153
202, 148
203, 148
206, 145
207, 146
207, 150
206, 151
206, 157
205, 158
205, 169
204, 170
204, 190
203, 191
203, 204
204, 205
204, 223
205, 224
205, 233
206, 234
206, 240
207, 241
207, 245
208, 246
208, 250
209, 251
209, 255
210, 256
210, 258
211, 259
211, 261
212, 262
212, 265
213, 266
213, 268
214, 269
214, 270
215, 271
215, 273
216, 274
216, 275
217, 276
217, 277
218, 278
218, 279
219, 280
219, 281
220, 282
220, 283
224, 287
224, 288
230, 294
231, 294
232, 295
233, 295
235, 297
236, 297
237, 298
238, 298
239, 299
243, 299
244, 300
247, 300
248, 301
251, 301
252, 300
257, 300
258, 299
262, 299
263, 298
264, 298
265, 297
266, 297
267, 296
268, 296
269, 295
270, 295
271, 294
272, 294
273, 293
274, 293
275, 292
276, 292
277, 291
278, 291
279, 290
280, 290
281, 289
282, 289
283, 288
284, 288
285, 287
286, 287
287, 286
288, 286
289, 285
289, 282
285, 282
284, 283
283, 283
282, 284
281, 284
280, 285
279, 285
277, 287
276, 287
275, 288
274, 288
273, 289
272, 289
271, 290
270, 290
269, 291
268, 291
267, 292
265, 292
264, 293
263, 293
262, 294
261, 294
260, 295
257, 295
256, 296
251, 296
250, 297
249, 296
245, 296
244, 295
240, 295
239, 294
238, 294
236, 292
235, 292
233, 290
232, 290
228, 286
228, 285
224, 281
224, 280
223, 279
223, 278
222, 277
222, 276
221, 275
221, 274
220, 273
220, 272
219, 271
219, 270
218, 269
218, 268
217, 267
217, 264
216, 263
216, 261
215, 260
215, 258
214, 257
214, 255
213, 254
213, 250
212, 249
212, 245
211, 244
211, 240
210, 239
210, 232
209, 231
209, 222
208, 221
208, 202
207, 201
207, 195
208, 194
208, 172
209, 171
209, 159
210, 158
210, 152
211, 151
211, 145
212, 144
212, 140
221, 131
222, 131
266, 87
266, 86
270, 82
270, 81
274, 77
274, 76
277, 73
277, 72
279, 70
279, 69
281, 67
281, 66
283, 64
283, 63
284, 62
284, 61
285, 60
285, 59
286, 58
286, 57
287, 56
287, 55
288, 54
288, 52
289, 51
289, 49
290, 48
290, 45
291, 44
291, 35
290, 34
290, 31
289, 30
289, 29
288, 28
288, 26
280, 18
279, 18
278, 17
277, 17
276, 16
275, 16
274, 15
132, 208
133, 209
133, 212
132, 213
132, 221
131, 222
131, 229
130, 230
130, 237
129, 238
129, 244
128, 245
128, 251
127, 252
127, 258
126, 259
126, 264
125, 265
125, 269
124, 270
124, 275
123, 276
123, 280
122, 281
122, 285
121, 286
121, 290
120, 291
120, 295
119, 296
119, 299
118, 300
118, 303
117, 304
117, 307
116, 308
116, 311
115, 312
115, 315
114, 316
114, 318
113, 319
113, 322
112, 323
112, 325
111, 326
111, 328
110, 329
110, 331
109, 332
109, 333
108, 334
108, 336
107, 337
107, 338
106, 339
106, 340
105, 341
105, 342
104, 343
104, 344
102, 346
102, 347
99, 350
97, 350
96, 349
96, 348
95, 347
95, 345
94, 344
94, 341
93, 340
93, 335
92, 334
92, 323
91, 322
91, 295
92, 294
92, 286
93, 285
93, 279
94, 278
94, 275
95, 274
95, 271
96, 270
96, 267
97, 266
97, 264
98, 263
98, 261
99, 260
99, 258
100, 257
100, 255
101, 254
101, 253
102, 252
102, 251
103, 250
103, 248
104, 247
104, 246
105, 245
105, 244
107, 242
107, 241
108, 240
108, 239
109, 238
109, 237
111, 235
111, 234
113, 232
113, 231
115, 229
115, 228
117, 226
117, 225
120, 222
120, 221
123, 218
123, 217
265, 20
266, 19
272, 19
273, 20
275, 20
276, 21
277, 21
284, 28
284, 29
285, 30
285, 31
286, 32
286, 35
287, 36
287, 43
286, 44
286, 47
285, 48
285, 50
284, 51
284, 52
283, 53
283, 55
282, 56
282, 57
281, 58
281, 59
279, 61
279, 62
278, 63
278, 64
276, 66
276, 67
273, 70
273, 71
271, 73
271, 74
267, 78
267, 79
260, 86
260, 87
222, 125
221, 125
215, 131
214, 130
214, 127
215, 126
215, 121
216, 120
216, 117
217, 116
217, 113
218, 112
218, 109
219, 108
219, 104
220, 103
220, 101
221, 100
221, 97
222, 96
222, 94
223, 93
223, 91
224, 90
224, 87
225, 86
225, 84
226, 83
226, 81
227, 80
227, 78
228, 77
228, 76
229, 75
229, 73
230, 72
230, 70
231, 69
231, 68
232, 67
232, 65
233, 64
233, 63
234, 62
234, 60
235, 59
235, 58
236, 57
236, 56
237, 55
237, 54
238, 53
238, 52
239, 51
239, 50
240, 49
240, 48
241, 47
241, 46
242, 45
242, 44
243, 43
243, 42
244, 41
244, 40
245, 39
245, 38
247, 36
247, 35
250, 32
250, 31
257, 24
258, 24
260, 22
261, 22
263, 20
