294, 2
296, 367
4, 369
2, 4
47, 16
43, 20
43, 21
41, 23
41, 24
39, 26
39, 27
38, 28
38, 29
37, 30
37, 31
36, 32
36, 34
35, 35
35, 36
34, 37
34, 38
33, 39
33, 41
32, 42
32, 43
31, 44
31, 46
30, 47
30, 49
29, 50
29, 52
28, 53
28, 54
27, 55
27, 58
26, 59
26, 61
25, 62
25, 65
24, 66
24, 68
23, 69
23, 72
22, 73
22, 75
21, 76
21, 79
20, 80
20, 83
19, 84
19, 88
18, 89
18, 92
17, 93
17, 97
16, 98
16, 101
15, 102
15, 106
14, 107
14, 112
13, 113
13, 131
14, 132
14, 134
15, 135
15, 136
18, 139
20, 139
20, 137
19, 136
19, 135
18, 134
18, 133
17, 132
17, 130
16, 129
16, 116
17, 115
17, 109
18, 108
18, 104
19, 103
19, 100
20, 99
20, 95
21, 94
21, 91
22, 90
22, 86
23, 85
23, 82
24, 81
24, 78
25, 77
25, 74
26, 73
26, 71
27, 70
27, 67
28, 66
28, 64
29, 63
29, 61
30, 60
30, 57
31, 56
31, 54
32, 53
32, 51
33, 50
33, 49
34, 48
34, 46
35, 45
35, 43
36, 42
36, 41
37, 40
37, 39
38, 38
38, 36
39, 35
39, 34
40, 33
40, 32
41, 31
41, 30
42, 29
42, 28
43, 27
43, 26
45, 24
45, 23
49, 19
51, 21
51, 22
52, 23
52, 25
53, 26
53, 29
54, 30
54, 36
55, 37
55, 44
56, 45
56, 53
57, 54
57, 64
58, 65
58, 74
59, 75
59, 82
60, 83
60, 90
61, 91
61, 97
62, 98
62, 102
63, 103
63, 108
64, 109
64, 113
65, 114
65, 117
66, 118
66, 120
67, 121
67, 124
68, 125
68, 127
69, 128
69, 130
70, 131
70, 132
71, 133
71, 135
72, 136
72, 137
73, 138
73, 140
74, 141
74, 142
75, 143
75, 144
76, 145
76, 146
78, 148
78, 149
80, 151
80, 152
87, 159
88, 159
89, 160
90, 160
91, 161
92, 161
93, 162
104, 162
105, 161
106, 161
107, 160
109, 160
110, 159
111, 159
112, 158
113, 158
115, 156
116, 156
118, 154
119, 154
122, 151
123, 151
133, 141
133, 140
137, 136
137, 135
140, 132
140, 131
143, 128
143, 127
145, 125
145, 124
147, 122
147, 121
148, 120
149, 121
149, 152
148, 153
148, 174
147, 175
147, 189
146, 190
146, 202
145, 203
145, 213
144, 214
144, 224
143, 225
143, 228
135, 236
135, 237
129, 243
129, 244
126, 247
126, 248
124, 250
124, 251
122, 253
122, 254
121, 255
121, 256
120, 257
120, 258
118, 260
118, 261
117, 262
117, 264
116, 265
116, 266
115, 267
115, 269
114, 270
114, 271
113, 272
113, 275
112, 276
112, 278
111, 279
111, 282
110, 283
110, 287
109, 288
109, 294
108, 295
108, 302
107, 303
107, 318
106, 319
106, 328
107, 329
107, 339
108, 340
108, 345
109, 346
109, 348
110, 349
110, 351
113, 354
117, 354
121, 350
121, 349
122, 348
122, 347
123, 346
123, 344
124, 343
124, 342
125, 341
125, 339
126, 338
126, 336
127, 335
127, 334
128, 333
128, 330
129, 329
129, 327
130, 326
130, 323
131, 322
131, 320
132, 319
132, 316
133, 315
133, 311
134, 310
134, 307
135, 306
135, 303
136, 302
136, 298
137, 297
137, 293
138, 292
138, 287
139, 286
139, 281
140, 280
140, 275
141, 274
141, 269
142, 268
142, 262
143, 261
143, 254
144, 253
144, 246
145, 245
145, 237
146, 236
146, 231
151, 226
152, 226
155, 223
156, 223
159, 220
160, 220
163, 217
164, 217
166, 215
167, 215
170, 212
171, 212
173, 210
174, 210
176, 208
177, 208
180, 205
181, 205
183, 203
184, 203
187, 200
188, 200
190, 198
191, 198
194, 195
195, 195
198, 192
199, 192
202, 189
203, 189
206, 186
207, 186
210, 183
211, 183
214, 180
215, 180
216, 181
216, 182
215, 183
215, 195
214, 196
214, 212
213, 213
213, 245
214, 246
214, 264
215, 265
215, 272
216, 273
216, 279
217, 280
217, 286
218, 287
218, 290
219, 291
219, 294
220, 295
220, 298
221, 299
221, 302
222, 303
222, 306
223, 307
223, 308
224, 309
224, 310
225, 311
225, 312
226, 313
226, 314
227, 315
227, 317
228, 318
228, 319
229, 320
229, 321
237, 329
237, 330
239, 332
240, 332
241, 333
242, 333
243, 334
245, 334
246, 335
247, 335
248, 336
250, 336
251, 337
270, 337
271, 336
275, 336
276, 335
280, 335
281, 334
283, 334
284, 333
284, 332
283, 331
279, 331
278, 332
274, 332
273, 333
269, 333
268, 334
253, 334
252, 333
250, 333
249, 332
248, 332
247, 331
245, 331
244, 330
243, 330
242, 329
241, 329
239, 327
239, 326
232, 319
232, 318
231, 317
231, 316
230, 315
230, 314
229, 313
229, 312
228, 311
228, 309
227, 308
227, 307
226, 306
226, 305
225, 304
225, 301
224, 300
224, 297
223, 296
223, 293
222, 292
222, 289
221, 288
221, 285
220, 284
220, 278
219, 277
219, 270
218, 269
218, 261
217, 260
217, 202
218, 201
218, 186
219, 185
219, 177
222, 174
223, 174
226, 171
227, 171
231, 167
232, 167
236, 163
237, 163
241, 159
242, 159
247, 154
248, 154
261, 141
261, 140
265, 136
265, 135
268, 132
268, 131
270, 129
270, 128
271, 127
271, 126
272, 125
272, 124
273, 123
273, 121
274, 120
274, 119
275, 118
275, 115
276, 114
276, 111
277, 110
277, 104
278, 103
278, 84
277, 83
277, 77
276, 76
276, 72
275, 71
275, 68
274, 67
274, 64
273, 63
273, 61
272, 60
272, 58
271, 57
271, 55
270, 54
270, 53
269, 52
269, 51
268, 50
268, 49
267, 48
267, 47
266, 46
266, 45
265, 44
265, 43
264, 42
264, 41
261, 38
261, 37
256, 32
255, 32
254, 31
248, 31
243, 36
243, 37
241, 39
241, 40
240, 41
240, 43
239, 44
239, 45
238, 46
238, 48
237, 49
237, 51
236, 52
236, 55
235, 56
235, 59
234, 60
234, 63
233, 64
233, 67
232, 68
232, 71
231, 72
231, 75
230, 76
230, 80
229, 81
229, 86
228, 87
228, 92
227, 93
227, 97
226, 98
226, 103
225, 104
225, 109
224, 110
224, 115
223, 116
223, 121
222, 122
222, 129
221, 130
221, 136
220, 137
220, 144
219, 145
219, 153
218, 154
218, 161
217, 162
217, 171
216, 172
216, 174
212, 178
211, 178
208, 181
207, 181
204, 184
203, 184
200, 187
199, 187
197, 189
196, 189
193, 192
192, 192
189, 195
188, 195
185, 198
184, 198
182, 200
181, 200
178, 203
177, 203
175, 205
174, 205
171, 208
170, 208
168, 210
167, 210
165, 212
164, 212
161, 215
160, 215
158, 217
157, 217
153, 221
152, 221
149, 224
148, 224
147, 223
147, 218
148, 217
148, 207
149, 206
149, 194
150, 193
150, 180
151, 179
151, 162
152, 161
152, 135
153, 134
153, 110
154, 109
154, 108
155, 107
155, 105
156, 104
156, 103
157, 102
157, 100
158, 99
158, 96
159, 95
159, 92
160, 91
160, 86
161, 85
161, 68
160, 67
160, 63
159, 62
159, 60
158, 59
156, 59
154, 61
154, 62
153, 63
153, 64
152, 65
152, 69
151, 70
151, 81
150, 82
150, 109
149, 110
149, 111
148, 112
148, 113
147, 114
147, 115
146, 116
146, 117
144, 119
144, 120
143, 121
143, 122
140, 125
140, 126
138, 128
138, 129
135, 132
135, 133
130, 138
130, 139
121, 148
120, 148
117, 151
116, 151
114, 153
113, 153
111, 155
110, 155
109, 156
108, 156
107, 157
106, 157
105, 158
103, 158
102, 159
95, 159
94, 158
92, 158
90, 156
89, 156
82, 149
82, 148
81, 147
81, 146
79, 144
79, 143
78, 142
78, 141
77, 140
77, 139
76, 138
76, 137
75, 136
75, 134
74, 133
74, 132
73, 131
73, 129
72, 128
72, 126
71, 125
71, 123
70, 122
70, 119
69, 118
69, 116
68, 115
68, 112
67, 111
67, 107
66, 106
66, 101
65, 100
65, 95
64, 94
64, 89
63, 88
63, 80
62, 79
62, 72
61, 71
61, 61
60, 60
60, 51
59, 50
59, 42
58, 41
58, 34
57, 33
57, 28
56, 27
56, 24
55, 23
55, 21
54, 20
54, 19
53, 18
53, 17
52, 17
51, 16
141, 235
142, 236
142, 242
141, 243
141, 251
140, 252
140, 258
139, 259
139, 266
138, 267
138, 272
137, 273
137, 278
136, 279
136, 284
135, 285
135, 290
134, 291
134, 295
133, 296
133, 300
132, 301
132, 304
131, 305
131, 309
130, 310
130, 313
129, 314
129, 317
128, 318
128, 321
127, 322
127, 324
126, 325
126, 328
125, 329
125, 331
124, 332
124, 334
123, 335
123, 337
122, 338
122, 339
121, 340
121, 342
120, 343
120, 344
119, 345
119, 346
118, 347
118, 348
115, 351
113, 349
113, 348
112, 347
112, 344
111, 343
111, 338
110, 337
110, 307
111, 306
111, 297
112, 296
112, 290
113, 289
113, 285
114, 284
114, 281
115, 280
115, 277
116, 276
116, 274
117, 273
117, 271
118, 270
118, 269
119, 268
119, 266
120, 265
120, 264
121, 263
121, 262
122, 261
122, 260
123, 259
123, 258
125, 256
125, 255
126, 254
126, 253
129, 250
129, 249
132, 246
132, 245
137, 240
137, 239
155, 68
156, 67
157, 68
157, 69
158, 70
158, 83
157, 84
157, 89
156, 90
156, 93
154, 95
153, 94
153, 90
154, 89
154, 73
155, 72
250, 34
252, 34
253, 35
254, 35
259, 40
259, 41
261, 43
261, 44
262, 45
262, 46
264, 48
264, 49
265, 50
265, 51
266, 52
266, 54
267, 55
267, 56
268, 57
268, 59
269, 60
269, 62
270, 63
270, 65
271, 66
271, 69
272, 70
272, 73
273, 74
273, 78
274, 79
274, 88
275, 89
275, 100
274, 101
274, 108
273, 109
273, 112
272, 113
272, 116
271, 117
271, 119
270, 120
270, 121
269, 122
269, 123
268, 124
268, 125
267, 126
267, 127
266, 128
266, 129
263, 132
263, 133
258, 138
258, 139
246, 151
245, 151
239, 157
238, 157
234, 161
233, 161
230, 164
229, 164
225, 168
224, 168
222, 170
221, 170
220, 169
220, 165
221, 164
221, 157
222, 156
222, 148
223, 147
223, 140
224, 139
224, 132
225, 131
225, 125
226, 124
226, 118
227, 117
227, 112
228, 111
228, 106
229, 105
229, 100
230, 99
230, 95
231, 94
231, 89
232, 88
232, 83
233, 82
233, 78
234, 77
234, 74
235, 73
235, 70
236, 69
236, 65
237, 64
237, 62
238, 61
238, 58
239, 57
239, 54
240, 53
240, 51
241, 50
241, 48
242, 47
242, 45
243, 44
243, 43
244, 42
244, 41
245, 40
245, 39
