350, 2
352, 367
4, 369
2, 4
156, 16
153, 19
153, 20
152, 21
152, 22
151, 23
151, 24
150, 25
150, 26
149, 27
149, 29
148, 30
148, 33
147, 34
147, 36
146, 37
146, 40
145, 41
145, 45
144, 46
144, 51
143, 52
143, 58
142, 59
142, 66
141, 67
141, 76
140, 77
140, 88
139, 89
139, 103
138, 104
138, 105
136, 107
136, 108
135, 109
135, 110
134, 111
134, 112
131, 115
131, 116
129, 118
129, 119
126, 122
126, 123
123, 126
123, 127
110, 140
109, 140
107, 142
106, 142
104, 144
103, 144
102, 145
100, 145
99, 146
98, 146
97, 147
94, 147
93, 148
84, 148
83, 147
81, 147
80, 146
78, 146
77, 145
76, 145
74, 143
73, 143
67, 137
67, 136
64, 133
64, 132
63, 131
63, 130
62, 129
62, 128
61, 127
61, 126
60, 125
60, 124
59, 123
59, 122
58, 121
58, 119
57, 118
57, 117
56, 116
56, 114
55, 113
55, 111
54, 110
54, 108
53, 107
53, 105
52, 104
52, 102
51, 101
51, 98
50, 97
50, 95
49, 94
49, 92
48, 91
48, 89
47, 88
47, 86
46, 85
46, 82
45, 81
45, 79
44, 78
44, 76
43, 75
43, 74
42, 73
42, 71
41, 70
41, 69
40, 68
40, 67
38, 65
37, 65
36, 64
33, 64
32, 65
31, 65
26, 70
26, 71
24, 73
24, 74
23, 75
23, 76
22, 77
22, 78
21, 79
21, 80
20, 81
20, 82
19, 83
19, 85
18, 86
18, 89
17, 90
17, 93
16, 94
16, 99
15, 100
15, 113
16, 114
16, 118
17, 119
17, 121
20, 124
21, 124
22, 123
22, 121
20, 119
20, 118
19, 117
19, 113
18, 112
18, 101
19, 100
19, 95
20, 94
20, 91
21, 90
21, 87
22, 86
22, 85
23, 84
23, 82
24, 81
24, 80
25, 79
25, 78
26, 77
26, 76
28, 74
28, 73
34, 67
35, 67
38, 70
38, 71
39, 72
39, 74
40, 75
40, 77
41, 78
41, 79
42, 80
42, 82
43, 83
43, 86
44, 87
44, 89
45, 90
45, 92
46, 93
46, 95
47, 96
47, 98
48, 99
48, 102
49, 103
49, 105
50, 106
50, 108
51, 109
51, 111
52, 112
52, 114
53, 115
53, 117
54, 118
54, 119
55, 120
55, 122
56, 123
56, 124
57, 125
57, 126
58, 127
58, 128
59, 129
59, 130
60, 131
60, 132
61, 133
61, 134
62, 135
62, 136
66, 140
66, 141
68, 143
69, 143
73, 147
74, 147
75, 148
76, 148
77, 149
79, 149
80, 150
82, 150
83, 151
94, 151
95, 150
98, 150
99, 149
100, 149
101, 148
103, 148
104, 147
105, 147
106, 146
107, 146
109, 144
110, 144
113, 141
114, 141
125, 130
125, 129
128, 126
128, 125
131, 122
131, 121
133, 119
133, 118
135, 116
135, 115
137, 113
138, 114
138, 144
137, 145
137, 194
136, 195
136, 224
135, 225
135, 242
134, 243
134, 255
133, 256
133, 264
132, 265
132, 272
131, 273
131, 279
130, 280
130, 285
129, 286
129, 289
126, 292
124, 292
123, 293
122, 293
121, 294
120, 294
119, 295
118, 295
117, 296
116, 296
115, 297
114, 297
113, 298
111, 298
110, 299
109, 299
108, 300
107, 300
106, 301
105, 301
104, 302
103, 302
102, 303
101, 303
100, 304
99, 304
97, 306
96, 306
94, 308
93, 308
91, 310
90, 310
81, 319
81, 320
79, 322
79, 323
78, 324
78, 326
77, 327
77, 330
76, 331
76, 336
77, 337
77, 340
78, 341
78, 343
80, 345
80, 346
85, 351
86, 351
87, 352
88, 352
89, 353
90, 353
91, 354
102, 354
103, 353
104, 353
105, 352
106, 352
114, 344
114, 343
116, 341
116, 340
117, 339
117, 338
118, 337
118, 336
119, 335
119, 334
120, 333
120, 332
121, 331
121, 330
122, 329
122, 327
123, 326
123, 324
124, 323
124, 321
125, 320
125, 318
126, 317
126, 315
127, 314
127, 311
128, 310
128, 307
129, 306
129, 303
130, 302
130, 298
131, 297
131, 294
134, 291
135, 291
136, 290
138, 290
139, 289
140, 289
141, 288
142, 288
143, 287
144, 287
145, 286
146, 286
147, 285
148, 285
149, 284
150, 284
151, 283
152, 283
154, 281
155, 281
156, 280
157, 280
158, 279
159, 279
160, 278
161, 278
162, 277
163, 277
164, 276
165, 276
167, 274
168, 274
169, 273
170, 273
171, 272
172, 272
174, 270
175, 270
176, 269
177, 269
179, 267
180, 267
181, 266
182, 266
184, 264
185, 264
186, 263
187, 263
189, 261
190, 261
192, 259
193, 259
194, 258
195, 258
197, 256
198, 256
201, 253
202, 253
204, 251
205, 251
206, 252
206, 255
205, 256
205, 259
204, 260
204, 264
203, 265
203, 270
202, 271
202, 276
201, 277
201, 288
200, 289
200, 303
201, 304
201, 311
202, 312
202, 316
203, 317
203, 319
204, 320
204, 322
205, 323
205, 324
206, 325
206, 326
207, 327
207, 328
209, 330
209, 331
211, 333
211, 334
212, 335
213, 335
215, 337
216, 337
218, 339
219, 339
220, 340
221, 340
222, 341
225, 341
226, 342
230, 342
231, 343
239, 343
240, 342
244, 342
245, 341
248, 341
249, 340
251, 340
252, 339
254, 339
255, 338
257, 338
258, 337
259, 337
260, 336
262, 336
263, 335
264, 335
265, 334
266, 334
268, 332
269, 332
270, 331
271, 331
273, 329
274, 329
275, 328
276, 328
278, 326
279, 326
281, 324
282, 324
283, 323
284, 323
286, 321
287, 321
289, 319
290, 319
293, 316
294, 316
297, 313
298, 313
301, 310
302, 310
315, 297
315, 296
314, 295
313, 295
311, 297
310, 297
299, 308
298, 308
294, 312
293, 312
290, 315
289, 315
287, 317
286, 317
284, 319
283, 319
281, 321
280, 321
279, 322
278, 322
276, 324
275, 324
273, 326
272, 326
271, 327
270, 327
268, 329
267, 329
266, 330
265, 330
263, 332
262, 332
261, 333
259, 333
258, 334
257, 334
256, 335
254, 335
253, 336
251, 336
250, 337
248, 337
247, 338
243, 338
242, 339
227, 339
226, 338
223, 338
222, 337
221, 337
219, 335
218, 335
216, 333
215, 333
213, 331
213, 330
210, 327
210, 326
209, 325
209, 324
208, 323
208, 322
207, 321
207, 319
206, 318
206, 316
205, 315
205, 310
204, 309
204, 298
203, 297
203, 291
204, 290
204, 279
205, 278
205, 273
206, 272
206, 267
207, 266
207, 261
208, 260
208, 257
209, 256
209, 253
210, 252
210, 249
211, 248
211, 247
215, 243
216, 243
220, 239
221, 239
224, 236
225, 236
230, 231
231, 231
236, 226
237, 226
246, 217
247, 217
284, 180
284, 179
291, 172
291, 171
297, 165
297, 164
301, 160
301, 159
304, 156
304, 155
307, 152
307, 151
309, 149
309, 148
311, 146
311, 145
314, 142
314, 141
316, 139
316, 138
317, 137
317, 136
319, 134
319, 133
321, 131
321, 130
323, 128
323, 127
324, 126
324, 125
325, 124
325, 123
326, 122
326, 121
327, 120
327, 119
329, 117
329, 115
330, 114
330, 113
331, 112
331, 111
332, 110
332, 109
333, 108
333, 107
334, 106
334, 104
335, 103
335, 101
336, 100
336, 98
337, 97
337, 93
338, 92
338, 82
337, 81
337, 79
335, 77
335, 76
333, 74
331, 74
330, 73
322, 73
321, 74
319, 74
318, 75
317, 75
316, 76
315, 76
314, 77
313, 77
311, 79
310, 79
308, 81
307, 81
302, 86
301, 86
288, 99
288, 100
282, 106
282, 107
277, 112
277, 113
274, 116
274, 117
271, 120
271, 121
268, 124
268, 125
266, 127
266, 128
264, 130
264, 131
261, 134
261, 135
259, 137
259, 138
257, 140
257, 141
255, 143
255, 144
253, 146
253, 147
252, 148
252, 149
250, 151
250, 152
248, 154
248, 155
247, 156
247, 157
245, 159
245, 160
244, 161
244, 162
243, 163
243, 164
241, 166
241, 167
240, 168
240, 169
238, 171
238, 172
237, 173
237, 174
236, 175
236, 176
235, 177
235, 178
234, 179
234, 180
233, 181
233, 182
232, 183
232, 184
231, 185
231, 186
230, 187
230, 188
229, 189
229, 190
228, 191
228, 192
227, 193
227, 194
226, 195
226, 197
225, 198
225, 199
224, 200
224, 201
223, 202
223, 203
222, 204
222, 206
221, 207
221, 208
220, 209
220, 210
219, 211
219, 213
218, 214
218, 216
217, 217
217, 218
216, 219
216, 221
215, 222
215, 224
214, 225
214, 227
213, 228
213, 230
212, 231
212, 233
211, 234
211, 236
210, 237
210, 239
209, 240
209, 242
208, 243
208, 244
205, 247
204, 247
202, 249
201, 249
198, 252
197, 252
195, 254
194, 254
192, 256
191, 256
190, 257
189, 257
187, 259
186, 259
184, 261
183, 261
182, 262
181, 262
179, 264
178, 264
177, 265
176, 265
174, 267
173, 267
172, 268
171, 268
169, 270
168, 270
167, 271
166, 271
165, 272
164, 272
163, 273
162, 273
160, 275
159, 275
158, 276
157, 276
156, 277
155, 277
154, 278
153, 278
152, 279
151, 279
150, 280
149, 280
147, 282
146, 282
145, 283
144, 283
143, 284
142, 284
141, 285
139, 285
138, 286
137, 286
136, 287
135, 287
134, 288
133, 287
133, 281
134, 280
134, 274
135, 273
135, 266
136, 265
136, 257
137, 256
137, 245
138, 244
138, 228
139, 227
139, 202
140, 201
140, 153
141, 152
141, 111
142, 110
142, 103
143, 102
143, 101
144, 100
144, 99
145, 98
145, 97
146, 96
146, 95
147, 94
147, 93
148, 92
148, 91
149, 90
149, 89
150, 88
150, 86
151, 85
151, 84
152, 83
152, 81
153, 80
153, 79
154, 78
154, 76
155, 75
155, 74
156, 73
156, 71
157, 70
157, 68
158, 67
158, 65
159, 64
159, 62
160, 61
160, 58
161, 57
161, 54
162, 53
162, 48
163, 47
163, 41
164, 40
164, 26
163, 25
163, 21
162, 20
162, 19
161, 18
161, 17
160, 16
125, 296
127, 296
127, 301
126, 302
126, 305
125, 306
125, 309
124, 310
124, 313
123, 314
123, 316
122, 317
122, 319
121, 320
121, 322
120, 323
120, 325
119, 326
119, 327
118, 328
118, 330
117, 331
117, 332
116, 333
116, 334
115, 335
115, 336
114, 337
114, 338
112, 340
112, 341
110, 343
106, 348
105, 348
103, 350
102, 350
101, 351
92, 351
91, 350
90, 350
89, 349
82, 343
82, 342
81, 341
81, 340
80, 339
80, 336
79, 335
79, 333
80, 332
80, 328
81, 327
81, 326
82, 325
82, 324
83, 323
87, 318
87, 317
88, 316
89, 316
94, 311
95, 311
97, 309
98, 309
99, 308
100, 308
101, 307
102, 307
104, 305
105, 305
106, 304
107, 304
108, 303
109, 303
110, 302
112, 302
113, 301
114, 301
115, 300
116, 300
117, 299
118, 299
119, 298
120, 298
121, 297
122, 297
123, 296
322, 77
323, 76
329, 76
330, 77
331, 77
333, 79
333, 80
334, 81
334, 83
335, 84
335, 91
334, 92
334, 96
333, 97
333, 99
332, 100
332, 102
331, 103
331, 104
330, 105
330, 107
329, 108
329, 109
328, 110
328, 111
327, 112
327, 113
326, 114
326, 115
325, 116
325, 117
324, 118
324, 119
323, 120
323, 121
322, 122
322, 123
321, 124
321, 125
319, 127
319, 128
317, 130
317, 131
316, 132
316, 133
314, 135
314, 136
312, 138
312, 139
310, 141
310, 142
307, 145
307, 146
305, 148
305, 149
303, 151
303, 152
299, 156
299, 157
296, 160
296, 161
290, 167
290, 168
284, 174
284, 175
268, 191
268, 192
259, 201
258, 201
243, 216
242, 216
233, 225
232, 225
228, 229
227, 229
222, 234
221, 234
217, 238
216, 238
215, 239
214, 239
213, 238
214, 237
214, 235
215, 234
215, 232
216, 231
216, 229
217, 228
217, 226
218, 225
218, 223
219, 222
219, 221
220, 220
220, 218
221, 217
221, 215
222, 214
222, 212
223, 211
223, 210
224, 209
224, 208
225, 207
225, 206
226, 205
226, 203
227, 202
227, 201
228, 200
228, 199
229, 198
229, 197
230, 196
230, 194
231, 193
231, 192
232, 191
232, 190
233, 189
233, 188
234, 187
234, 186
235, 185
235, 184
236, 183
236, 182
237, 181
237, 180
238, 179
238, 178
239, 177
239, 176
241, 174
241, 173
242, 172
242, 171
243, 170
243, 169
245, 167
245, 166
246, 165
246, 164
247, 163
247, 162
249, 160
249, 159
250, 158
250, 157
252, 155
252, 154
254, 152
254, 151
255, 150
255, 149
257, 147
257, 146
259, 144
259, 143
261, 141
261, 140
263, 138
263, 137
265, 135
265, 134
268, 131
268, 130
270, 128
270, 127
273, 124
273, 123
276, 120
276, 119
279, 116
279, 115
283, 111
283, 110
289, 104
289, 103
305, 87
306, 87
310, 83
311, 83
314, 80
315, 80
316, 79
317, 79
318, 78
319, 78
320, 77
158, 19
159, 20
159, 21
160, 22
160, 27
161, 28
161, 38
160, 39
160, 46
159, 47
159, 51
158, 52
158, 56
157, 57
157, 60
156, 61
156, 63
155, 64
155, 66
154, 67
154, 69
153, 70
153, 72
152, 73
152, 74
151, 75
151, 77
150, 78
150, 79
149, 80
149, 82
148, 83
148, 84
147, 85
147, 86
146, 87
146, 89
145, 90
145, 91
144, 92
143, 91
143, 79
144, 78
144, 68
145, 67
145, 60
146, 59
146, 53
147, 52
147, 47
148, 46
148, 42
149, 41
149, 38
150, 37
150, 35
151, 34
151, 31
152, 30
152, 28
153, 27
153, 26
154, 25
154, 24
155, 23
155, 22
