4, 2
450, 4
448, 369
2, 367
426, 148
430, 155
431, 154
432, 154
433, 151
433, 150
432, 149
431, 147
135, 146
134, 147
134, 153
135, 154
135, 156
136, 157
136, 161
137, 162
137, 167
138, 168
138, 172
139, 173
139, 176
140, 177
140, 181
141, 182
141, 185
142, 186
142, 189
143, 190
143, 193
144, 194
144, 197
145, 198
145, 202
146, 203
146, 208
147, 209
147, 214
148, 215
148, 221
149, 222
149, 230
150, 231
150, 235
151, 236
152, 235
153, 235
153, 231
152, 230
152, 222
151, 221
151, 215
150, 214
150, 209
149, 208
149, 202
148, 201
148, 198
147, 197
147, 193
146, 192
146, 189
145, 188
145, 185
144, 184
144, 181
143, 180
143, 177
142, 176
142, 172
141, 171
141, 167
140, 166
140, 162
139, 161
139, 156
138, 155
138, 154
137, 153
137, 148
136, 147
136, 146
115, 133
115, 134
114, 135
114, 136
115, 137
115, 138
116, 139
116, 141
117, 142
117, 145
118, 146
118, 149
119, 150
119, 153
120, 154
120, 158
121, 159
121, 162
122, 163
122, 167
123, 168
123, 172
124, 173
124, 177
125, 178
125, 183
126, 184
126, 189
127, 190
127, 196
128, 197
128, 203
129, 204
129, 210
130, 211
130, 216
131, 217
131, 223
132, 224
132, 230
133, 231
133, 237
134, 238
134, 243
135, 244
135, 250
136, 251
136, 258
137, 259
137, 266
138, 267
138, 278
140, 280
142, 280
143, 279
143, 272
142, 271
142, 262
141, 261
141, 254
140, 253
140, 247
139, 246
139, 240
138, 239
138, 234
137, 233
137, 227
136, 226
136, 220
135, 219
135, 214
134, 213
134, 207
133, 206
133, 200
132, 199
132, 193
131, 192
131, 186
130, 185
130, 181
129, 180
129, 175
128, 174
128, 170
127, 169
127, 165
126, 164
126, 160
125, 159
125, 156
124, 155
124, 152
123, 151
123, 148
122, 147
122, 143
121, 142
121, 139
120, 138
120, 136
119, 135
119, 134
118, 133
180, 113
179, 114
178, 114
177, 115
176, 115
174, 117
174, 118
173, 119
173, 120
172, 121
172, 122
171, 123
171, 124
170, 125
170, 127
169, 128
169, 130
168, 131
168, 134
167, 135
167, 138
166, 139
166, 143
165, 144
165, 151
164, 152
164, 169
165, 170
165, 178
166, 179
166, 183
167, 184
167, 186
168, 187
168, 188
169, 189
169, 190
170, 191
170, 192
171, 193
171, 194
172, 195
172, 196
173, 196
174, 197
177, 197
177, 195
174, 192
174, 191
173, 190
173, 189
172, 188
172, 187
171, 186
171, 185
170, 184
170, 182
169, 181
169, 176
168, 175
168, 148
169, 147
169, 142
170, 141
170, 137
171, 136
171, 134
172, 133
172, 130
173, 129
173, 127
174, 126
174, 125
175, 124
175, 123
176, 122
176, 121
177, 120
177, 119
178, 118
179, 118
180, 117
183, 117
189, 123
189, 124
190, 125
190, 126
191, 127
191, 128
192, 129
192, 130
193, 131
193, 132
194, 133
194, 135
195, 136
195, 139
196, 140
196, 148
195, 149
195, 153
194, 154
194, 158
193, 159
193, 163
192, 164
192, 167
191, 168
191, 171
190, 172
190, 174
189, 175
189, 177
188, 178
188, 179
187, 180
187, 181
186, 182
186, 183
184, 185
183, 185
182, 184
182, 183
183, 182
183, 181
184, 180
185, 180
185, 177
182, 177
179, 180
179, 187
182, 190
184, 190
185, 189
186, 189
188, 187
188, 186
189, 185
189, 184
190, 183
190, 182
191, 181
191, 180
192, 179
192, 177
193, 176
193, 174
194, 173
194, 170
195, 169
195, 166
196, 165
196, 162
197, 161
197, 157
198, 156
198, 153
199, 152
199, 137
198, 136
198, 134
197, 133
197, 131
196, 130
196, 129
195, 128
195, 127
194, 126
194, 125
193, 124
193, 123
192, 122
192, 121
185, 114
184, 114
183, 113
34, 39
33, 40
32, 40
29, 43
29, 44
28, 45
28, 46
27, 47
27, 50
26, 51
26, 56
25, 57
25, 77
26, 78
26, 89
27, 90
27, 96
28, 97
28, 103
29, 104
29, 107
30, 108
30, 110
31, 111
31, 113
32, 114
32, 115
33, 116
33, 118
35, 120
35, 121
36, 122
37, 122
38, 123
40, 123
42, 121
42, 120
43, 119
43, 117
44, 116
44, 112
45, 111
45, 105
46, 104
46, 99
47, 98
47, 94
48, 93
48, 91
49, 90
49, 88
48, 87
46, 87
46, 88
45, 89
45, 91
44, 92
44, 96
43, 97
43, 102
42, 103
42, 108
41, 109
41, 114
40, 115
40, 117
39, 118
38, 118
36, 116
36, 115
35, 114
35, 112
34, 111
34, 109
33, 108
33, 106
32, 105
32, 101
31, 100
31, 95
30, 94
30, 86
29, 85
29, 70
28, 69
28, 62
29, 61
29, 53
30, 52
30, 49
31, 48
31, 47
32, 46
32, 45
34, 43
35, 43
36, 42
41, 42
42, 43
44, 43
45, 44
46, 44
47, 45
48, 45
51, 48
52, 48
54, 50
54, 51
60, 57
60, 58
62, 60
62, 61
64, 63
64, 64
66, 66
66, 67
67, 68
67, 69
68, 70
68, 71
69, 72
69, 73
70, 74
70, 75
71, 76
71, 77
72, 78
72, 79
73, 80
73, 82
74, 83
74, 85
75, 86
75, 87
76, 88
76, 90
77, 91
77, 94
78, 95
78, 97
79, 98
79, 101
80, 102
80, 105
81, 106
81, 109
82, 110
82, 113
83, 114
83, 117
84, 118
84, 121
85, 122
85, 126
86, 127
86, 131
87, 132
87, 136
88, 137
88, 141
89, 142
89, 146
90, 147
90, 152
91, 153
91, 157
92, 158
92, 162
93, 163
93, 168
94, 169
94, 175
95, 176
95, 181
96, 182
96, 188
97, 189
97, 196
98, 197
98, 205
99, 206
99, 214
100, 215
100, 224
101, 225
101, 234
102, 235
102, 245
103, 246
103, 254
104, 255
104, 263
105, 264
105, 272
106, 273
106, 280
107, 281
107, 288
108, 289
106, 291
99, 291
98, 292
90, 292
89, 293
69, 293
68, 292
65, 292
64, 291
62, 291
61, 290
60, 290
59, 289
58, 289
57, 288
56, 288
55, 287
54, 287
52, 285
51, 285
49, 283
48, 283
38, 273
38, 272
35, 269
35, 268
34, 267
34, 266
32, 264
32, 263
31, 262
31, 261
30, 260
30, 259
29, 258
29, 257
28, 256
28, 255
27, 254
27, 253
26, 252
26, 250
25, 249
25, 247
24, 246
24, 243
23, 242
23, 229
24, 228
24, 226
25, 225
25, 224
26, 223
26, 222
27, 221
27, 219
28, 218
28, 217
29, 216
29, 215
32, 212
32, 210
29, 210
27, 212
27, 213
26, 214
26, 215
25, 216
25, 217
24, 218
24, 220
23, 221
23, 222
22, 223
22, 224
21, 225
21, 227
20, 228
20, 232
19, 233
19, 235
20, 236
20, 243
21, 244
21, 247
22, 248
22, 250
23, 251
23, 253
24, 254
24, 255
25, 256
25, 257
26, 258
26, 260
27, 261
27, 262
29, 264
29, 265
30, 266
30, 267
32, 269
32, 270
34, 272
34, 273
36, 275
36, 276
44, 284
45, 284
48, 287
49, 287
51, 289
52, 289
53, 290
54, 290
55, 291
56, 291
57, 292
58, 292
59, 293
60, 293
61, 294
63, 294
64, 295
67, 295
68, 296
90, 296
91, 295
100, 295
101, 294
107, 294
109, 296
109, 300
110, 301
110, 305
111, 306
111, 311
112, 312
112, 317
113, 318
113, 321
114, 322
114, 324
115, 325
115, 327
116, 328
116, 331
117, 332
117, 335
118, 336
118, 337
119, 338
119, 340
120, 341
120, 342
121, 343
121, 344
123, 346
123, 347
125, 349
125, 350
126, 351
126, 352
128, 354
130, 354
130, 351
129, 350
129, 349
128, 348
128, 347
126, 345
126, 344
123, 341
123, 339
122, 338
122, 337
121, 336
121, 334
120, 333
120, 330
119, 329
119, 326
118, 325
118, 323
117, 322
117, 320
116, 319
116, 316
115, 315
115, 310
114, 309
114, 304
113, 303
113, 299
112, 298
112, 295
113, 294
137, 294
138, 293
152, 293
153, 294
154, 294
156, 296
157, 296
159, 298
160, 298
162, 300
163, 300
169, 306
170, 306
174, 310
175, 310
179, 314
180, 314
181, 315
182, 315
183, 316
185, 316
186, 317
188, 317
189, 316
188, 315
188, 314
187, 313
184, 313
183, 312
182, 312
178, 308
177, 308
174, 305
173, 305
168, 300
167, 300
163, 296
162, 296
160, 294
159, 294
157, 292
156, 292
155, 291
154, 291
153, 290
149, 290
148, 289
144, 289
143, 290
137, 290
136, 291
113, 291
111, 289
111, 286
110, 285
110, 278
109, 277
109, 270
108, 269
108, 260
107, 259
107, 251
106, 250
106, 242
105, 241
105, 231
104, 230
104, 221
103, 220
103, 211
102, 210
102, 202
101, 201
101, 193
100, 192
100, 186
99, 185
99, 179
98, 178
98, 173
97, 172
97, 167
96, 166
96, 161
95, 160
95, 155
94, 154
94, 150
93, 149
93, 145
92, 144
92, 140
91, 139
91, 135
90, 134
90, 130
89, 129
89, 125
88, 124
88, 120
87, 119
87, 116
86, 115
86, 112
85, 111
85, 108
84, 107
84, 103
83, 102
83, 100
82, 99
82, 96
81, 95
81, 93
80, 92
80, 90
79, 89
79, 87
78, 86
78, 84
77, 83
77, 81
76, 80
76, 78
75, 77
75, 76
74, 75
74, 74
73, 73
73, 72
72, 71
72, 70
71, 69
71, 68
70, 67
70, 66
69, 65
69, 64
67, 62
67, 61
65, 59
65, 58
63, 56
63, 55
58, 50
58, 49
54, 45
53, 45
51, 43
50, 43
48, 41
47, 41
46, 40
44, 40
43, 39
348, 15
347, 16
344, 16
343, 17
341, 17
340, 18
339, 18
338, 19
337, 19
336, 20
335, 20
333, 22
332, 22
331, 23
330, 23
329, 24
328, 24
326, 26
325, 26
324, 27
323, 27
321, 29
320, 29
316, 33
315, 33
314, 34
314, 35
310, 39
310, 40
308, 42
308, 43
307, 44
307, 46
306, 47
306, 50
305, 51
305, 61
306, 62
306, 66
307, 67
307, 69
308, 70
308, 72
309, 73
309, 75
310, 76
310, 78
311, 79
311, 80
312, 81
312, 82
313, 83
313, 84
314, 85
314, 86
315, 87
315, 88
316, 89
316, 90
317, 91
317, 92
319, 94
319, 95
320, 96
320, 97
321, 98
321, 99
323, 101
323, 102
325, 104
325, 105
327, 107
327, 108
328, 109
328, 110
330, 112
330, 113
332, 115
332, 116
335, 119
335, 120
337, 122
337, 123
339, 125
339, 126
342, 129
342, 130
345, 133
345, 134
358, 147
358, 149
359, 150
359, 168
358, 169
355, 166
355, 165
354, 164
354, 163
353, 162
353, 160
352, 159
352, 158
351, 157
351, 155
350, 154
350, 153
349, 152
349, 150
348, 149
348, 148
347, 147
347, 146
346, 145
346, 144
341, 139
341, 138
340, 137
340, 136
339, 135
339, 134
338, 133
338, 132
335, 129
331, 129
329, 131
328, 131
327, 132
326, 132
323, 135
323, 136
322, 137
322, 139
321, 140
321, 144
320, 145
319, 144
319, 143
318, 142
318, 139
317, 138
317, 137
316, 136
316, 135
315, 134
315, 133
314, 132
314, 131
313, 130
313, 129
312, 128
312, 127
310, 125
310, 124
308, 122
308, 121
302, 115
301, 115
299, 113
298, 113
297, 112
295, 112
294, 113
293, 113
291, 115
283, 115
282, 116
281, 116
280, 117
279, 117
278, 118
277, 118
276, 119
275, 119
269, 125
269, 126
267, 128
267, 129
266, 130
266, 131
265, 132
265, 133
264, 134
264, 136
263, 137
263, 140
262, 141
262, 146
261, 147
261, 152
260, 153
258, 151
258, 150
257, 149
257, 148
250, 141
249, 141
248, 140
247, 140
246, 139
239, 139
237, 141
237, 142
236, 143
236, 144
235, 145
235, 147
234, 148
234, 152
233, 153
233, 157
232, 158
231, 157
231, 154
230, 153
230, 149
229, 148
229, 144
228, 143
228, 140
227, 139
227, 137
226, 136
226, 133
225, 132
225, 131
224, 130
224, 128
223, 127
223, 125
222, 124
222, 123
221, 122
221, 120
220, 119
220, 118
219, 117
219, 116
217, 114
217, 113
214, 110
212, 110
211, 109
209, 109
207, 111
207, 115
206, 116
206, 120
207, 121
209, 121
210, 120
210, 119
211, 118
211, 116
212, 115
213, 115
214, 116
214, 117
215, 118
215, 119
216, 120
216, 121
217, 122
217, 123
218, 124
218, 126
219, 127
219, 128
220, 129
220, 131
221, 132
221, 133
222, 134
222, 137
223, 138
223, 140
224, 141
224, 144
225, 145
225, 149
226, 150
226, 154
227, 155
227, 160
228, 161
228, 166
229, 167
229, 175
230, 176
230, 185
229, 186
229, 194
231, 196
232, 196
234, 194
234, 176
235, 175
235, 168
236, 167
236, 161
237, 160
237, 154
238, 153
238, 149
239, 148
239, 146
242, 143
245, 143
246, 144
247, 144
253, 150
253, 151
255, 153
255, 154
256, 155
256, 156
257, 157
257, 158
258, 159
258, 162
259, 163
259, 166
260, 167
260, 180
261, 181
263, 181
264, 180
264, 163
265, 162
265, 148
266, 147
266, 142
267, 141
267, 138
268, 137
268, 135
269, 134
269, 133
270, 132
270, 131
272, 129
272, 128
277, 123
278, 123
280, 121
281, 121
282, 120
283, 120
284, 119
289, 119
291, 121
291, 122
290, 123
290, 128
289, 129
289, 134
288, 135
288, 142
287, 143
287, 164
288, 165
291, 165
292, 164
293, 164
293, 161
292, 161
290, 159
290, 146
291, 145
291, 137
292, 136
292, 130
293, 129
293, 125
294, 124
294, 118
296, 116
297, 116
298, 117
299, 117
306, 124
306, 125
308, 127
308, 128
309, 129
309, 130
311, 132
311, 133
312, 134
312, 135
313, 136
313, 137
314, 138
314, 140
315, 141
315, 144
316, 145
316, 149
317, 150
317, 154
318, 155
318, 159
319, 160
319, 176
320, 177
322, 177
322, 176
323, 175
323, 152
324, 151
324, 142
325, 141
325, 139
326, 138
326, 137
329, 134
330, 134
331, 133
334, 133
336, 135
336, 136
337, 137
337, 139
339, 141
339, 142
344, 147
344, 148
345, 149
345, 150
346, 151
346, 153
347, 154
347, 156
348, 157
348, 158
349, 159
349, 161
350, 162
350, 163
351, 164
351, 165
352, 166
352, 167
353, 168
353, 169
355, 171
355, 172
357, 174
357, 175
358, 176
358, 177
359, 178
359, 208
360, 209
360, 218
361, 219
361, 225
362, 226
362, 231
363, 232
363, 237
364, 238
364, 240
365, 241
365, 244
366, 245
366, 247
367, 248
367, 250
368, 251
368, 252
369, 253
369, 255
371, 257
371, 258
373, 260
376, 260
378, 258
378, 250
377, 249
377, 229
376, 228
376, 223
375, 222
375, 218
374, 217
374, 213
373, 212
373, 209
372, 208
372, 204
371, 203
371, 200
370, 199
370, 196
369, 195
369, 193
368, 192
368, 190
367, 189
367, 187
366, 186
366, 184
365, 183
365, 182
364, 181
364, 180
363, 179
363, 178
362, 177
362, 154
363, 153
375, 165
376, 165
380, 169
381, 169
385, 173
386, 173
387, 174
388, 174
389, 175
390, 175
391, 176
392, 176
393, 177
394, 177
396, 179
397, 179
398, 180
400, 180
400, 177
399, 176
398, 176
397, 175
396, 175
395, 174
394, 174
393, 173
392, 173
391, 172
390, 172
388, 170
387, 170
385, 168
384, 168
379, 163
378, 163
362, 147
362, 118
361, 117
361, 70
360, 69
360, 54
359, 53
359, 42
358, 41
358, 33
357, 32
357, 27
356, 26
356, 22
355, 21
355, 19
353, 17
353, 16
351, 16
350, 15
362, 189
363, 188
364, 189
364, 190
365, 191
365, 193
366, 194
366, 196
367, 197
367, 200
368, 201
368, 204
369, 205
369, 209
370, 210
370, 214
371, 215
371, 219
372, 220
372, 223
373, 224
373, 230
374, 231
374, 251
375, 252
375, 254
374, 255
372, 253
372, 252
371, 251
371, 249
370, 248
370, 247
369, 246
369, 244
368, 243
368, 240
367, 239
367, 236
366, 235
366, 231
365, 230
365, 224
364, 223
364, 217
363, 216
363, 207
362, 206
344, 20
345, 19
350, 19
352, 21
352, 23
353, 24
353, 27
354, 28
354, 33
355, 34
355, 43
356, 44
356, 56
357, 57
357, 74
358, 75
358, 138
359, 139
359, 140
358, 141
357, 141
346, 130
346, 129
344, 127
344, 126
341, 123
341, 122
339, 120
339, 119
337, 117
337, 116
334, 113
334, 112
332, 110
332, 109
331, 108
331, 107
329, 105
329, 104
327, 102
327, 101
325, 99
325, 98
324, 97
324, 96
322, 94
322, 93
321, 92
321, 91
320, 90
320, 89
318, 87
318, 86
317, 85
317, 84
316, 83
316, 82
315, 81
315, 79
314, 78
314, 77
313, 76
313, 75
312, 74
312, 72
311, 71
311, 69
310, 68
310, 66
309, 65
309, 60
308, 59
308, 53
309, 52
309, 48
310, 47
310, 46
311, 45
311, 44
312, 43
312, 42
315, 39
315, 38
319, 34
320, 34
322, 32
323, 32
326, 29
327, 29
328, 28
329, 28
331, 26
332, 26
333, 25
334, 25
335, 24
336, 24
337, 23
338, 23
340, 21
341, 21
342, 20
