276, 2
278, 367
4, 369
2, 4
249, 232
254, 241
258, 240
258, 239
259, 238
257, 233
256, 233
255, 232
254, 232
253, 231
125, 152
123, 154
123, 155
122, 156
122, 158
121, 159
121, 162
120, 163
120, 168
119, 169
119, 175
118, 176
118, 186
117, 187
117, 197
116, 198
116, 209
115, 210
115, 218
114, 219
114, 226
113, 227
113, 233
112, 234
112, 243
116, 243
117, 242
117, 239
116, 238
116, 234
117, 233
117, 227
118, 226
118, 219
119, 218
119, 209
120, 208
120, 197
121, 196
121, 186
122, 185
122, 176
123, 175
123, 173
125, 171
126, 171
126, 169
127, 168
127, 162
128, 161
128, 153
127, 152
261, 67
259, 69
258, 69
258, 70
256, 72
256, 73
254, 75
254, 76
253, 77
253, 79
252, 80
252, 81
251, 82
251, 84
250, 85
250, 86
249, 87
249, 89
248, 90
248, 93
247, 94
247, 96
246, 97
246, 100
245, 101
245, 103
244, 104
244, 107
243, 108
243, 112
242, 113
242, 116
241, 117
241, 121
240, 122
240, 126
239, 127
239, 131
238, 132
238, 137
237, 138
237, 142
236, 143
236, 148
235, 149
235, 155
234, 156
234, 161
233, 162
233, 168
232, 169
232, 174
231, 175
231, 180
230, 181
230, 186
229, 187
229, 192
228, 193
228, 198
227, 199
227, 202
226, 203
226, 204
225, 205
225, 206
224, 207
224, 208
223, 209
222, 208
222, 195
223, 194
223, 191
224, 190
224, 187
225, 186
225, 180
224, 179
221, 179
219, 181
219, 183
218, 184
218, 187
217, 188
217, 194
216, 195
216, 197
215, 198
215, 199
214, 200
214, 202
213, 203
213, 204
212, 205
212, 207
211, 208
211, 209
210, 210
209, 210
208, 209
208, 200
209, 199
209, 197
210, 196
210, 193
211, 192
211, 189
212, 188
212, 185
213, 184
213, 177
212, 176
209, 176
207, 178
207, 179
206, 180
206, 181
205, 182
205, 184
204, 185
204, 189
203, 190
203, 198
202, 199
202, 201
201, 202
201, 204
199, 206
199, 207
196, 210
195, 210
194, 209
194, 203
195, 202
195, 200
196, 199
196, 196
197, 195
197, 192
198, 191
198, 187
199, 186
199, 182
200, 181
200, 175
201, 174
201, 172
200, 171
200, 170
199, 170
198, 169
197, 170
196, 170
195, 171
195, 172
194, 173
194, 175
193, 176
193, 177
192, 178
192, 180
191, 181
191, 184
190, 185
190, 189
189, 190
189, 196
188, 197
188, 204
187, 205
187, 206
186, 207
186, 208
185, 209
185, 210
184, 211
184, 212
182, 214
182, 215
178, 219
177, 219
176, 218
176, 217
175, 216
175, 209
176, 208
176, 207
177, 206
177, 204
178, 203
178, 201
179, 200
179, 198
180, 197
180, 195
181, 194
181, 191
182, 190
182, 186
183, 185
183, 181
184, 180
184, 175
185, 174
185, 167
184, 166
181, 166
180, 167
180, 168
178, 170
178, 171
177, 172
177, 173
176, 174
176, 176
175, 177
175, 179
174, 180
174, 182
173, 183
173, 186
172, 187
172, 191
171, 192
171, 197
170, 198
170, 204
169, 205
169, 210
168, 211
168, 212
166, 214
166, 215
164, 217
164, 218
162, 220
161, 220
159, 218
159, 205
160, 204
160, 197
159, 197
157, 195
157, 181
156, 180
156, 176
155, 175
155, 173
154, 172
154, 171
152, 169
150, 169
149, 168
148, 168
147, 169
145, 169
140, 174
140, 175
139, 176
139, 177
138, 178
138, 179
137, 180
137, 182
136, 183
136, 184
135, 185
135, 188
134, 189
134, 191
133, 192
133, 194
129, 198
129, 200
128, 201
128, 204
127, 205
127, 207
126, 208
126, 212
125, 213
125, 229
126, 230
126, 232
127, 233
127, 234
128, 235
129, 235
130, 236
136, 236
137, 235
138, 235
144, 229
144, 228
146, 226
146, 225
148, 223
148, 222
149, 221
149, 219
150, 218
150, 217
151, 216
151, 215
152, 214
153, 215
153, 216
154, 217
154, 221
155, 222
155, 223
158, 226
163, 226
164, 225
165, 225
170, 220
172, 222
172, 223
173, 223
174, 224
175, 224
176, 225
177, 225
178, 224
180, 224
181, 223
182, 223
187, 218
187, 217
188, 216
188, 215
189, 214
190, 214
192, 216
193, 216
194, 217
196, 217
197, 216
198, 216
199, 215
200, 215
203, 212
204, 213
204, 214
205, 215
205, 216
207, 218
210, 218
211, 217
212, 217
215, 214
216, 215
216, 219
217, 220
217, 221
218, 222
218, 223
213, 228
213, 229
211, 231
211, 232
209, 234
209, 235
208, 236
208, 237
207, 238
207, 239
206, 240
206, 241
205, 242
205, 244
204, 245
204, 246
203, 247
203, 249
202, 250
202, 252
201, 253
201, 256
200, 257
200, 259
199, 260
199, 265
198, 266
198, 272
197, 273
197, 285
196, 286
196, 318
197, 319
197, 327
198, 328
198, 330
202, 334
203, 334
204, 333
205, 333
205, 332
206, 331
206, 329
207, 328
207, 325
208, 324
208, 321
209, 320
209, 317
210, 316
210, 313
211, 312
211, 308
212, 307
212, 303
213, 302
213, 298
214, 297
214, 293
215, 292
215, 288
216, 287
216, 283
217, 282
217, 278
218, 277
218, 273
219, 272
219, 268
220, 267
220, 263
221, 262
221, 258
222, 257
222, 253
223, 252
223, 249
224, 248
224, 244
225, 243
225, 239
226, 238
226, 233
227, 232
227, 228
228, 227
228, 226
230, 224
231, 224
232, 223
235, 223
236, 222
238, 222
239, 221
239, 218
238, 217
232, 217
231, 218
230, 217
230, 213
231, 212
231, 207
232, 206
232, 204
233, 203
233, 202
234, 201
234, 200
235, 199
235, 198
236, 197
236, 196
237, 195
237, 194
238, 193
238, 191
239, 190
239, 189
240, 188
240, 187
241, 186
241, 185
242, 184
242, 182
243, 181
243, 180
244, 179
244, 178
245, 177
245, 175
246, 174
246, 173
247, 172
247, 171
248, 170
248, 168
249, 167
249, 166
250, 165
250, 163
251, 162
251, 161
252, 160
252, 158
253, 157
253, 155
254, 154
254, 152
255, 151
255, 149
256, 148
256, 146
257, 145
257, 142
258, 141
258, 138
259, 137
259, 134
260, 133
260, 130
261, 129
261, 126
262, 125
262, 121
263, 120
263, 116
264, 115
264, 110
265, 109
265, 103
266, 102
266, 96
267, 95
267, 87
268, 86
268, 70
267, 69
267, 68
266, 67
220, 230
221, 231
221, 234
220, 235
220, 239
219, 240
219, 244
218, 245
218, 249
217, 250
217, 254
216, 255
216, 259
215, 260
215, 264
214, 265
214, 269
213, 270
213, 274
212, 275
212, 279
211, 280
211, 284
210, 285
210, 289
209, 290
209, 294
208, 295
208, 299
207, 300
207, 304
206, 305
206, 308
205, 309
205, 313
204, 314
204, 316
203, 317
202, 316
202, 279
203, 278
203, 270
204, 269
204, 263
205, 262
205, 259
206, 258
206, 256
207, 255
207, 253
208, 252
208, 250
209, 249
209, 247
210, 246
210, 245
211, 244
211, 243
212, 242
212, 241
213, 240
213, 239
214, 238
214, 237
215, 236
215, 235
148, 174
150, 176
150, 178
151, 179
151, 197
150, 198
150, 202
149, 203
149, 206
148, 207
148, 209
147, 210
147, 211
146, 212
146, 214
145, 215
145, 216
144, 217
144, 218
143, 219
143, 220
142, 221
142, 222
140, 224
140, 225
135, 230
134, 230
133, 231
132, 230
132, 229
133, 228
134, 228
134, 215
135, 214
135, 209
136, 208
136, 203
137, 202
137, 199
138, 198
138, 195
139, 194
139, 191
140, 190
140, 188
141, 187
141, 185
142, 184
142, 183
143, 182
143, 180
144, 179
144, 178
262, 74
263, 75
263, 79
262, 80
262, 90
261, 91
261, 98
260, 99
260, 105
259, 106
259, 111
258, 112
258, 116
257, 117
257, 121
256, 122
256, 126
255, 127
255, 130
254, 131
254, 134
253, 135
253, 138
252, 139
252, 142
251, 143
251, 145
250, 146
250, 148
249, 149
249, 151
248, 152
248, 154
247, 155
247, 157
246, 158
246, 160
245, 161
245, 162
244, 163
244, 165
243, 166
243, 167
242, 168
242, 169
241, 170
241, 172
240, 173
240, 174
239, 175
239, 176
238, 177
237, 176
237, 172
238, 171
238, 166
239, 165
239, 160
240, 159
240, 153
241, 152
241, 147
242, 146
242, 141
243, 140
243, 136
244, 135
244, 130
245, 129
245, 125
246, 124
246, 120
247, 119
247, 116
248, 115
248, 111
249, 110
249, 107
250, 106
250, 103
251, 102
251, 100
252, 99
252, 97
253, 96
253, 93
254, 92
254, 90
255, 89
255, 87
256, 86
256, 85
257, 84
257, 82
258, 81
258, 80
259, 79
259, 78
260, 77
260, 76
142, 16
139, 19
139, 20
138, 21
138, 22
137, 23
137, 24
136, 25
136, 27
135, 28
135, 29
134, 30
134, 32
133, 33
133, 35
132, 36
132, 38
131, 39
131, 40
130, 41
130, 43
129, 44
129, 46
128, 47
128, 49
127, 50
127, 52
126, 53
126, 55
125, 56
125, 58
124, 59
124, 62
123, 63
123, 65
122, 66
122, 68
121, 69
121, 72
120, 73
120, 75
119, 76
119, 79
118, 80
118, 83
117, 84
117, 86
116, 87
116, 90
115, 91
115, 93
114, 94
114, 95
113, 96
112, 96
107, 101
106, 101
101, 106
100, 106
96, 110
95, 110
92, 113
91, 113
89, 115
88, 115
85, 118
84, 118
82, 120
81, 120
79, 122
78, 122
76, 124
75, 124
73, 126
72, 126
70, 128
69, 128
68, 129
67, 129
65, 131
64, 131
63, 132
62, 132
60, 134
59, 134
58, 135
57, 135
56, 136
55, 136
53, 138
52, 138
51, 139
50, 139
47, 142
46, 142
38, 150
38, 151
36, 153
36, 154
35, 155
35, 157
34, 158
34, 162
35, 163
35, 164
38, 167
39, 167
40, 168
42, 168
43, 167
44, 167
45, 166
45, 164
44, 163
40, 163
39, 162
39, 161
38, 160
39, 159
39, 157
40, 156
40, 155
43, 152
43, 151
47, 147
48, 147
51, 144
52, 144
54, 142
55, 142
57, 140
58, 140
59, 139
60, 139
61, 138
62, 138
64, 136
65, 136
66, 135
67, 135
69, 133
70, 133
71, 132
72, 132
74, 130
75, 130
77, 128
78, 128
80, 126
81, 126
83, 124
84, 124
86, 122
87, 122
89, 120
90, 120
93, 117
94, 117
96, 115
97, 115
101, 111
102, 111
106, 107
107, 107
111, 103
112, 104
112, 108
111, 109
111, 113
110, 114
110, 118
109, 119
109, 123
108, 124
108, 128
107, 129
107, 134
106, 135
106, 140
105, 141
105, 146
104, 147
104, 153
103, 154
103, 159
102, 160
102, 166
101, 167
101, 173
100, 174
100, 180
99, 181
99, 187
98, 188
98, 193
97, 194
97, 200
96, 201
96, 206
95, 207
95, 212
94, 213
94, 218
93, 219
93, 224
92, 225
92, 229
91, 230
91, 234
90, 235
90, 239
89, 240
89, 244
88, 245
88, 248
87, 249
87, 253
86, 254
86, 258
85, 259
85, 262
84, 263
84, 267
83, 268
83, 271
82, 272
82, 276
81, 277
81, 280
80, 281
80, 284
79, 285
79, 288
78, 289
78, 292
77, 293
77, 296
76, 297
76, 300
75, 301
75, 303
74, 304
74, 306
73, 307
73, 309
72, 310
72, 313
71, 314
71, 315
70, 316
70, 318
69, 319
69, 320
68, 321
68, 323
67, 324
67, 325
66, 326
66, 327
65, 328
65, 329
64, 330
64, 331
63, 332
63, 333
62, 334
62, 335
60, 337
60, 338
58, 340
58, 341
51, 348
50, 348
48, 350
47, 350
46, 351
38, 351
37, 350
36, 350
35, 349
34, 349
32, 347
31, 347
29, 345
29, 344
25, 340
25, 339
24, 338
24, 337
23, 336
23, 335
22, 334
22, 333
21, 332
21, 330
20, 329
20, 327
19, 326
19, 323
18, 322
18, 319
17, 318
17, 313
16, 312
16, 305
15, 304
15, 277
16, 276
16, 268
17, 267
17, 262
18, 261
18, 257
19, 256
19, 252
20, 251
20, 249
21, 248
21, 245
22, 244
22, 242
23, 241
23, 240
24, 239
24, 237
25, 236
25, 235
26, 234
26, 233
27, 232
27, 230
28, 229
28, 228
29, 227
29, 226
30, 225
30, 224
32, 222
32, 221
33, 220
33, 219
35, 217
35, 216
37, 214
37, 213
46, 204
51, 204
55, 208
55, 210
56, 211
56, 214
57, 215
57, 242
56, 243
56, 250
55, 251
55, 257
54, 258
54, 262
53, 263
53, 268
52, 269
52, 272
51, 273
51, 276
50, 277
50, 281
49, 282
49, 285
48, 286
48, 290
47, 291
47, 294
46, 295
46, 297
45, 298
45, 300
44, 301
44, 304
43, 305
43, 308
42, 309
42, 312
41, 313
41, 315
40, 316
40, 318
39, 319
39, 320
37, 322
37, 323
35, 325
35, 328
37, 328
38, 327
38, 326
41, 323
41, 322
42, 321
42, 320
43, 319
43, 317
44, 316
44, 314
45, 313
45, 310
46, 309
46, 306
47, 305
47, 302
48, 301
48, 299
49, 298
49, 296
50, 295
50, 292
51, 291
51, 287
52, 286
52, 283
53, 282
53, 278
54, 277
54, 274
55, 273
55, 270
56, 269
56, 264
57, 263
57, 259
58, 258
58, 252
59, 251
59, 245
60, 244
60, 230
61, 229
61, 224
60, 223
60, 214
59, 213
59, 210
58, 209
58, 207
57, 206
57, 205
53, 201
51, 201
50, 200
48, 200
47, 201
45, 201
43, 203
42, 203
35, 210
35, 211
33, 213
33, 214
31, 216
31, 217
30, 218
30, 219
28, 221
28, 222
27, 223
27, 224
26, 225
26, 226
25, 227
25, 228
24, 229
24, 230
23, 231
23, 233
22, 234
22, 235
21, 236
21, 238
20, 239
20, 240
19, 241
19, 243
18, 244
18, 247
17, 248
17, 250
16, 251
16, 255
15, 256
15, 260
14, 261
14, 266
13, 267
13, 274
12, 275
12, 305
13, 306
13, 313
14, 314
14, 319
15, 320
15, 323
16, 324
16, 327
17, 328
17, 330
18, 331
18, 333
19, 334
19, 335
20, 336
20, 337
21, 338
21, 339
22, 340
22, 341
24, 343
24, 344
31, 351
32, 351
34, 353
36, 353
37, 354
47, 354
48, 353
49, 353
50, 352
51, 352
53, 350
54, 350
60, 344
60, 343
62, 341
62, 340
64, 338
64, 337
65, 336
65, 335
66, 334
66, 333
67, 332
67, 331
68, 330
68, 329
69, 328
69, 327
70, 326
70, 325
71, 324
71, 322
72, 321
72, 320
73, 319
73, 317
74, 316
74, 315
75, 314
75, 311
76, 310
76, 308
77, 307
77, 305
78, 304
78, 302
79, 301
79, 298
80, 297
80, 294
81, 293
81, 290
82, 289
82, 286
83, 285
83, 282
84, 281
84, 278
85, 277
85, 273
86, 272
86, 269
87, 268
87, 264
88, 263
88, 260
89, 259
89, 255
90, 254
90, 250
91, 249
91, 246
92, 245
92, 241
93, 240
93, 236
94, 235
94, 231
95, 230
95, 226
96, 225
96, 220
97, 219
97, 214
98, 213
98, 208
99, 207
99, 202
100, 201
100, 195
101, 194
101, 189
102, 188
102, 182
103, 181
103, 175
104, 174
104, 168
105, 167
105, 161
106, 160
106, 155
107, 154
107, 148
108, 147
108, 142
109, 141
109, 136
110, 135
110, 130
111, 129
111, 125
112, 124
112, 120
113, 119
113, 115
114, 114
114, 110
115, 109
115, 105
116, 104
116, 101
117, 100
117, 98
119, 96
120, 96
129, 87
130, 87
131, 88
131, 90
130, 91
130, 93
129, 94
129, 97
128, 98
128, 101
127, 102
127, 104
126, 105
126, 107
125, 108
125, 110
124, 111
124, 113
123, 114
123, 116
122, 117
122, 119
121, 120
121, 123
120, 124
120, 126
119, 127
119, 129
118, 130
118, 133
116, 135
116, 136
115, 137
115, 139
114, 140
114, 142
113, 143
113, 145
112, 146
112, 149
111, 150
111, 154
110, 155
110, 159
109, 160
109, 164
108, 165
108, 170
107, 171
107, 177
106, 178
106, 184
105, 185
105, 193
104, 194
104, 201
103, 202
103, 211
102, 212
102, 220
101, 221
101, 229
100, 230
100, 236
99, 237
99, 242
98, 243
99, 244
99, 245
100, 246
102, 246
103, 245
103, 244
104, 243
104, 236
105, 235
105, 229
106, 228
106, 220
107, 219
107, 210
108, 209
108, 201
109, 200
109, 192
110, 191
110, 184
111, 183
111, 177
112, 176
112, 170
113, 169
113, 165
114, 164
114, 159
115, 158
115, 154
116, 153
116, 150
117, 149
117, 146
118, 145
118, 143
119, 142
119, 140
120, 139
125, 139
126, 138
126, 135
125, 134
125, 132
124, 131
123, 131
122, 130
122, 128
123, 127
123, 125
124, 124
124, 121
125, 120
125, 118
126, 117
126, 115
127, 114
127, 112
128, 111
128, 109
129, 108
129, 106
130, 105
130, 103
131, 102
131, 99
132, 98
132, 95
133, 94
133, 92
134, 91
134, 87
135, 86
135, 83
136, 82
136, 81
151, 66
152, 66
157, 61
158, 61
160, 59
161, 59
163, 57
164, 57
165, 56
166, 56
167, 55
171, 55
172, 54
176, 54
177, 53
178, 53
179, 54
182, 54
183, 53
183, 51
181, 49
180, 49
179, 48
177, 48
176, 49
175, 49
174, 50
169, 50
168, 51
166, 51
165, 52
163, 52
162, 53
161, 53
160, 54
159, 54
157, 56
156, 56
152, 60
151, 60
142, 69
141, 69
139, 71
138, 70
138, 68
139, 67
139, 61
140, 60
140, 56
141, 55
141, 49
142, 48
142, 44
143, 43
143, 38
144, 37
144, 31
145, 30
145, 23
146, 22
146, 19
145, 18
145, 16
141, 24
142, 25
142, 29
141, 30
141, 36
140, 37
140, 42
139, 43
139, 47
138, 48
138, 54
137, 55
137, 59
136, 60
136, 65
135, 66
135, 70
134, 71
134, 75
133, 76
133, 77
123, 87
122, 87
121, 88
120, 87
120, 85
121, 84
121, 81
122, 80
122, 77
123, 76
123, 74
124, 73
124, 70
125, 69
125, 67
126, 66
126, 64
127, 63
127, 60
128, 59
128, 57
129, 56
129, 54
130, 53
130, 51
131, 50
131, 48
132, 47
132, 45
133, 44
133, 43
134, 42
134, 40
135, 39
135, 37
136, 36
136, 34
137, 33
137, 31
138, 30
138, 29
139, 28
139, 26
