4, 2
436, 4
434, 369
2, 367
394, 286
395, 290
395, 291
397, 293
400, 292
401, 292
402, 291
401, 288
401, 287
400, 286
400, 285
399, 285
398, 284
238, 195
237, 196
235, 196
234, 197
233, 197
230, 200
229, 200
225, 204
225, 205
220, 210
220, 211
219, 212
219, 213
217, 215
217, 216
216, 217
216, 218
215, 219
215, 220
213, 222
213, 223
212, 224
212, 225
211, 226
211, 227
210, 228
210, 229
208, 231
208, 232
207, 233
206, 233
205, 234
205, 236
204, 237
204, 238
203, 239
203, 241
202, 242
202, 244
201, 245
201, 246
200, 247
200, 248
199, 249
199, 250
198, 251
198, 253
197, 254
197, 256
196, 257
196, 262
195, 263
195, 268
196, 269
196, 270
198, 272
200, 272
201, 273
214, 273
215, 272
219, 272
220, 271
223, 271
224, 270
226, 270
227, 269
229, 269
230, 268
234, 268
235, 267
236, 267
237, 266
237, 264
236, 265
235, 265
234, 266
230, 266
229, 267
227, 267
226, 268
224, 268
223, 269
220, 269
219, 270
215, 270
214, 271
208, 271
207, 270
209, 268
210, 268
211, 267
212, 267
213, 266
214, 266
216, 264
217, 264
220, 261
221, 261
231, 251
231, 250
235, 246
235, 245
238, 242
238, 241
240, 239
240, 238
242, 236
242, 235
243, 234
243, 233
244, 232
244, 231
245, 230
245, 229
246, 228
246, 227
247, 226
247, 225
248, 224
248, 222
249, 221
249, 218
250, 217
250, 213
251, 212
251, 205
250, 204
250, 201
249, 200
249, 199
246, 196
244, 196
243, 195
237, 198
238, 197
243, 197
244, 198
245, 198
248, 201
248, 204
249, 205
249, 212
248, 213
248, 217
247, 218
247, 220
246, 221
246, 223
245, 224
245, 226
244, 227
244, 228
243, 229
243, 230
242, 231
242, 232
241, 233
241, 234
239, 236
239, 237
237, 239
237, 240
234, 243
234, 244
230, 248
230, 249
219, 260
218, 260
215, 263
214, 263
212, 265
211, 265
210, 266
209, 266
208, 267
207, 267
206, 268
205, 268
204, 269
201, 269
200, 268
200, 262
201, 261
201, 257
202, 256
202, 253
203, 252
203, 249
204, 248
204, 245
205, 244
205, 243
206, 242
206, 240
207, 239
207, 238
208, 237
208, 236
209, 235
209, 234
210, 233
210, 232
211, 231
211, 230
212, 229
212, 228
213, 227
213, 226
214, 225
214, 224
216, 222
216, 221
217, 220
217, 219
219, 217
219, 216
220, 215
220, 214
221, 213
221, 212
226, 207
226, 206
231, 201
232, 201
234, 199
235, 199
236, 198
411, 188
410, 189
408, 189
407, 190
406, 190
398, 198
398, 199
396, 201
396, 202
394, 204
394, 205
393, 206
393, 207
392, 208
392, 209
390, 211
390, 212
389, 213
389, 214
388, 215
388, 217
387, 218
387, 220
386, 221
386, 223
385, 224
385, 226
384, 227
384, 229
383, 230
383, 232
382, 233
382, 235
381, 236
381, 237
380, 238
380, 240
379, 241
379, 242
349, 272
348, 272
342, 278
341, 278
338, 281
337, 281
335, 283
334, 283
333, 284
332, 284
331, 285
330, 285
329, 286
328, 286
327, 287
324, 287
323, 286
323, 285
322, 284
323, 283
323, 279
324, 278
324, 276
325, 275
325, 274
326, 273
326, 272
327, 271
327, 270
328, 269
328, 268
329, 267
329, 266
331, 264
331, 263
332, 262
332, 261
333, 260
333, 258
334, 257
334, 256
335, 255
335, 254
336, 253
336, 252
337, 251
337, 250
345, 242
345, 241
347, 239
347, 238
349, 236
349, 235
350, 234
350, 229
349, 228
348, 228
344, 232
344, 233
342, 235
342, 236
341, 237
341, 238
339, 240
339, 241
337, 243
337, 244
336, 245
336, 246
335, 247
335, 248
331, 252
331, 253
329, 255
328, 255
305, 278
305, 279
298, 286
297, 286
296, 287
295, 287
294, 286
294, 282
295, 281
295, 279
296, 278
296, 276
297, 275
297, 273
298, 272
298, 270
299, 269
299, 268
300, 267
300, 265
301, 264
301, 262
302, 261
302, 259
303, 258
303, 256
304, 255
304, 254
305, 253
305, 251
306, 250
306, 249
307, 248
307, 246
309, 244
309, 243
312, 240
312, 239
316, 235
316, 234
320, 230
320, 229
321, 228
321, 227
322, 226
322, 225
323, 224
323, 223
322, 222
319, 222
318, 223
318, 224
316, 226
316, 227
314, 229
314, 230
313, 231
313, 232
311, 234
311, 235
309, 237
309, 238
307, 240
307, 241
304, 244
304, 245
296, 253
296, 254
293, 257
292, 257
269, 280
267, 280
266, 279
266, 275
267, 274
267, 271
268, 270
268, 268
269, 267
269, 265
270, 264
270, 262
271, 261
271, 260
274, 257
274, 256
276, 254
276, 253
279, 250
279, 249
281, 247
281, 246
283, 244
283, 243
284, 242
284, 241
286, 239
286, 238
287, 237
287, 236
288, 235
288, 234
289, 233
289, 232
290, 231
290, 230
291, 229
291, 228
292, 227
292, 226
293, 225
293, 224
295, 222
295, 221
296, 220
296, 219
297, 218
297, 216
296, 215
294, 215
292, 217
291, 217
290, 218
290, 219
286, 223
286, 224
284, 226
284, 227
282, 229
282, 230
280, 232
280, 233
279, 234
279, 235
278, 236
278, 237
277, 238
277, 239
276, 240
276, 241
275, 242
275, 244
274, 245
274, 246
273, 247
273, 248
272, 249
272, 251
271, 252
271, 253
270, 254
270, 256
269, 257
269, 258
248, 279
247, 279
245, 281
243, 279
243, 277
244, 276
244, 274
245, 273
245, 271
246, 270
246, 269
247, 268
247, 267
248, 266
248, 265
249, 264
249, 263
250, 262
250, 261
251, 260
251, 259
252, 258
252, 257
254, 255
254, 253
256, 251
256, 250
257, 249
257, 246
256, 245
254, 247
254, 248
253, 249
253, 251
252, 252
252, 253
251, 254
251, 255
249, 257
249, 258
248, 259
248, 260
247, 261
247, 262
246, 263
246, 264
245, 265
245, 266
244, 267
244, 268
243, 269
243, 271
242, 272
242, 274
241, 275
241, 282
242, 283
243, 283
244, 284
245, 283
247, 283
250, 280
251, 280
264, 267
265, 267
266, 268
265, 269
265, 272
264, 273
264, 282
265, 283
269, 283
270, 282
271, 282
294, 259
295, 259
297, 257
297, 256
300, 253
301, 254
301, 256
300, 257
300, 259
299, 260
299, 262
298, 263
298, 265
297, 266
297, 267
296, 268
296, 270
295, 271
295, 273
294, 274
294, 276
293, 277
293, 279
292, 280
292, 282
291, 283
291, 288
293, 290
296, 290
297, 289
298, 289
299, 288
300, 288
307, 281
307, 280
328, 259
329, 260
329, 262
327, 264
327, 265
326, 266
326, 267
325, 268
325, 269
324, 270
324, 271
323, 272
323, 273
322, 274
322, 276
321, 277
321, 279
320, 280
320, 287
322, 289
329, 289
330, 288
331, 288
332, 287
333, 287
334, 286
335, 286
336, 285
337, 285
340, 282
341, 282
343, 280
344, 280
351, 273
352, 273
374, 251
375, 252
375, 254
374, 255
374, 257
373, 258
373, 260
372, 261
372, 264
371, 265
371, 267
370, 268
370, 270
369, 271
369, 273
368, 274
368, 276
367, 277
367, 279
366, 280
366, 282
365, 283
365, 284
364, 285
364, 287
363, 288
363, 290
362, 291
362, 293
361, 294
361, 295
359, 297
358, 297
356, 299
355, 299
354, 300
353, 300
351, 302
350, 302
349, 303
348, 303
346, 305
345, 305
343, 307
342, 307
339, 310
338, 310
334, 314
334, 315
331, 318
331, 319
329, 321
329, 322
328, 323
328, 324
327, 325
327, 326
326, 327
326, 328
325, 329
325, 332
324, 333
324, 343
325, 344
325, 346
327, 348
327, 349
331, 353
332, 353
333, 354
337, 354
338, 353
339, 353
340, 352
340, 351
342, 349
342, 348
344, 346
344, 345
346, 343
346, 342
347, 341
347, 340
348, 339
348, 338
349, 337
349, 336
350, 335
350, 334
351, 333
351, 331
352, 330
352, 329
353, 328
353, 327
354, 326
354, 324
355, 323
355, 321
356, 320
356, 318
357, 317
357, 315
358, 314
358, 311
359, 310
359, 308
360, 307
360, 305
361, 304
361, 302
362, 301
362, 300
363, 299
363, 298
365, 296
366, 296
367, 295
368, 295
370, 293
371, 293
372, 292
373, 292
374, 291
375, 291
377, 289
378, 289
379, 288
380, 288
381, 287
382, 287
383, 286
384, 286
385, 285
387, 285
388, 284
389, 284
389, 282
385, 282
384, 283
383, 283
382, 284
381, 284
380, 285
379, 285
378, 286
377, 286
376, 287
375, 287
373, 289
372, 289
371, 290
370, 290
368, 292
366, 292
365, 291
365, 290
366, 289
366, 288
367, 287
367, 285
368, 284
368, 282
369, 281
369, 279
370, 278
370, 276
371, 275
371, 273
372, 272
372, 270
373, 269
373, 267
374, 266
374, 264
375, 263
375, 261
376, 260
376, 258
377, 257
377, 255
378, 254
378, 252
379, 251
379, 249
380, 248
380, 247
381, 246
381, 244
390, 235
390, 234
396, 228
396, 227
400, 223
400, 222
404, 218
404, 217
408, 213
408, 212
412, 208
412, 207
414, 205
414, 204
416, 202
416, 201
417, 200
417, 191
415, 189
413, 189
412, 188
356, 302
357, 301
358, 301
359, 302
358, 303
358, 305
357, 306
357, 308
356, 309
356, 311
355, 312
355, 315
354, 316
354, 318
353, 319
353, 321
352, 322
352, 323
351, 324
351, 326
350, 327
350, 328
349, 329
349, 331
348, 332
348, 333
347, 334
347, 335
346, 336
346, 337
345, 338
345, 339
344, 340
344, 341
342, 343
342, 344
341, 345
341, 346
339, 348
339, 349
337, 351
333, 351
329, 347
329, 346
327, 344
327, 341
326, 340
326, 337
327, 336
327, 332
328, 331
328, 329
329, 328
329, 327
330, 326
330, 325
331, 324
331, 323
333, 321
333, 320
336, 317
336, 316
340, 312
341, 312
344, 309
345, 309
347, 307
348, 307
350, 305
351, 305
353, 303
354, 303
355, 302
286, 229
287, 231
286, 232
286, 233
285, 234
285, 235
284, 236
284, 237
282, 239
282, 240
281, 241
281, 242
279, 244
278, 243
278, 242
279, 241
279, 240
280, 239
280, 238
281, 237
281, 236
282, 235
282, 234
284, 232
284, 231
288, 228
286, 229
409, 192
410, 191
413, 191
414, 192
414, 193
415, 194
415, 198
414, 199
414, 200
413, 201
413, 202
410, 205
410, 206
406, 210
406, 211
402, 215
402, 216
398, 220
398, 221
394, 225
394, 226
388, 232
388, 233
387, 234
386, 234
385, 233
385, 232
386, 231
386, 229
387, 228
387, 226
388, 225
388, 223
389, 222
389, 220
390, 219
390, 217
391, 216
391, 215
392, 214
392, 213
394, 211
394, 210
395, 209
395, 208
396, 207
396, 206
398, 204
398, 203
400, 201
400, 200
408, 192
207, 137
206, 138
205, 138
202, 141
202, 142
200, 144
200, 145
199, 146
199, 147
197, 149
197, 151
196, 152
196, 153
195, 154
195, 155
194, 156
194, 157
193, 158
193, 159
192, 160
192, 161
191, 162
191, 163
190, 164
190, 166
189, 167
189, 168
188, 169
188, 171
187, 172
187, 173
186, 174
186, 176
185, 177
185, 178
184, 179
184, 180
183, 181
183, 182
182, 183
182, 184
181, 185
181, 186
180, 187
180, 188
179, 189
179, 190
178, 191
178, 192
177, 193
177, 194
176, 195
176, 197
175, 198
175, 199
174, 200
174, 202
173, 203
173, 204
172, 205
172, 206
171, 207
171, 209
170, 210
170, 211
169, 212
169, 213
168, 214
168, 216
167, 217
167, 218
166, 219
166, 220
165, 221
165, 222
164, 223
164, 224
163, 225
163, 227
162, 228
162, 230
161, 231
161, 233
160, 234
160, 235
159, 236
159, 237
158, 238
158, 239
157, 240
157, 241
156, 242
156, 245
157, 246
159, 246
160, 245
162, 245
163, 244
164, 244
166, 242
167, 242
169, 240
170, 240
172, 238
173, 238
175, 236
179, 236
180, 235
179, 234
176, 234
175, 235
174, 235
173, 236
172, 236
170, 238
169, 238
167, 240
166, 240
164, 242
163, 242
162, 243
161, 243
160, 244
159, 244
158, 243
158, 242
159, 241
159, 240
160, 239
160, 237
161, 236
161, 235
162, 234
162, 233
163, 232
163, 230
164, 229
164, 227
165, 226
165, 225
166, 224
166, 223
167, 222
167, 221
168, 220
168, 218
169, 217
169, 216
170, 215
170, 214
171, 213
171, 211
172, 210
172, 209
173, 208
173, 207
174, 206
174, 204
175, 203
175, 202
176, 201
176, 199
177, 198
177, 197
178, 196
178, 195
179, 194
179, 193
180, 192
180, 190
181, 189
181, 188
183, 186
183, 185
184, 184
184, 183
185, 182
185, 181
186, 180
186, 178
187, 177
187, 176
188, 175
188, 173
189, 172
189, 171
190, 170
190, 168
191, 167
191, 166
192, 165
192, 163
193, 162
193, 161
194, 160
194, 159
196, 157
196, 156
197, 155
197, 153
198, 152
198, 151
199, 150
199, 149
200, 148
200, 147
202, 145
203, 149
204, 149
205, 148
205, 146
206, 145
206, 144
207, 143
207, 142
208, 141
208, 140
209, 139
209, 138
208, 137
204, 144
202, 145
180, 117
176, 121
176, 122
174, 124
174, 125
172, 127
172, 128
171, 129
171, 130
170, 131
170, 132
169, 133
169, 134
168, 135
168, 137
167, 138
167, 139
166, 140
166, 142
165, 143
165, 145
164, 146
164, 148
163, 149
163, 152
162, 153
162, 155
161, 156
161, 159
160, 160
160, 162
159, 163
159, 164
158, 165
158, 167
157, 168
157, 169
156, 170
156, 171
155, 172
155, 174
154, 175
154, 176
153, 177
153, 178
152, 179
152, 180
151, 181
151, 182
150, 183
150, 184
149, 185
149, 187
148, 188
148, 189
147, 190
147, 191
146, 192
146, 194
145, 195
145, 197
144, 198
144, 199
143, 200
143, 202
142, 203
142, 204
141, 205
141, 207
140, 208
140, 209
139, 210
139, 212
138, 213
138, 214
137, 215
137, 216
136, 217
136, 219
135, 220
135, 221
134, 222
134, 223
133, 224
133, 226
132, 227
132, 228
131, 229
131, 231
130, 232
130, 233
129, 234
129, 235
128, 236
128, 237
127, 238
127, 239
126, 240
126, 241
127, 242
129, 242
131, 240
132, 240
135, 237
136, 237
137, 236
138, 236
140, 234
141, 234
144, 231
144, 229
142, 229
139, 232
138, 232
136, 234
135, 234
134, 235
133, 235
132, 234
133, 233
133, 231
134, 230
134, 229
135, 228
135, 227
136, 226
136, 224
137, 223
137, 222
138, 221
138, 220
139, 219
139, 217
140, 216
140, 215
141, 214
141, 212
142, 211
142, 210
143, 209
143, 207
144, 206
144, 205
145, 204
145, 202
146, 201
146, 200
147, 199
147, 197
148, 196
148, 195
149, 194
149, 192
150, 191
150, 190
151, 189
151, 188
152, 187
152, 185
153, 184
153, 183
154, 182
154, 181
155, 180
155, 179
156, 178
156, 177
157, 176
157, 174
158, 173
158, 172
159, 171
159, 170
160, 169
160, 168
161, 167
161, 165
162, 164
162, 162
163, 161
163, 159
164, 158
164, 156
165, 155
165, 152
166, 151
166, 148
167, 147
167, 145
168, 144
168, 143
169, 142
169, 140
170, 139
170, 138
171, 137
171, 135
172, 134
172, 133
173, 132
173, 131
175, 129
176, 130
176, 131
178, 131
179, 130
179, 129
183, 125
183, 124
184, 123
184, 118
183, 117
186, 16
185, 17
184, 17
182, 19
182, 20
181, 21
181, 22
180, 23
180, 25
179, 26
179, 27
178, 28
178, 30
177, 31
177, 33
176, 34
176, 35
175, 36
175, 38
174, 39
174, 41
173, 42
173, 43
172, 44
172, 46
171, 47
171, 48
170, 49
170, 50
169, 51
169, 53
168, 54
168, 56
167, 57
167, 58
166, 59
166, 61
165, 62
165, 63
164, 64
164, 66
163, 67
163, 68
162, 69
162, 71
161, 72
161, 73
160, 74
160, 75
159, 76
159, 78
158, 79
158, 80
157, 81
157, 82
156, 83
156, 85
155, 86
155, 87
154, 88
154, 89
153, 90
153, 92
152, 93
152, 94
151, 95
151, 97
150, 98
150, 100
149, 101
149, 103
148, 104
148, 106
145, 109
144, 109
143, 110
141, 110
140, 111
139, 111
138, 112
137, 112
136, 113
135, 113
134, 114
133, 114
132, 115
130, 115
129, 116
128, 116
127, 117
126, 117
125, 118
124, 118
123, 119
122, 119
120, 121
119, 121
118, 122
117, 122
116, 123
115, 123
114, 124
113, 124
112, 125
110, 125
109, 126
108, 126
107, 127
106, 127
105, 128
104, 128
103, 129
102, 129
101, 130
100, 130
99, 131
98, 131
97, 132
96, 132
94, 134
93, 134
92, 135
91, 135
90, 136
89, 136
88, 137
87, 137
86, 138
85, 138
84, 139
83, 139
81, 141
80, 141
79, 142
78, 142
77, 143
76, 143
75, 144
74, 144
72, 146
71, 146
68, 149
67, 149
62, 154
62, 155
61, 156
61, 157
60, 158
60, 160
59, 161
59, 166
60, 167
60, 168
64, 172
65, 172
66, 173
67, 173
68, 174
70, 174
71, 175
71, 176
62, 185
62, 186
58, 190
58, 191
56, 193
56, 194
55, 195
55, 196
54, 197
54, 198
53, 199
53, 200
52, 201
52, 202
51, 203
51, 204
50, 205
50, 206
49, 207
49, 208
48, 209
48, 210
47, 211
47, 212
46, 213
46, 215
45, 216
45, 217
44, 218
44, 220
43, 221
43, 223
42, 224
42, 226
41, 227
41, 229
40, 230
40, 232
39, 233
39, 235
38, 236
38, 238
37, 239
37, 241
36, 242
36, 244
35, 245
35, 247
34, 248
34, 249
33, 250
33, 252
32, 253
32, 255
31, 256
31, 257
30, 258
30, 260
29, 261
29, 263
28, 264
28, 266
27, 267
27, 269
26, 270
26, 273
25, 274
25, 276
24, 277
24, 281
23, 282
23, 287
22, 288
22, 292
21, 293
21, 298
20, 299
20, 314
21, 315
21, 318
22, 319
22, 321
23, 322
23, 323
24, 324
24, 325
29, 330
35, 330
37, 328
38, 328
40, 326
41, 326
50, 317
50, 316
52, 314
52, 313
53, 312
53, 311
55, 309
55, 308
56, 307
56, 306
57, 305
57, 304
59, 302
59, 301
60, 300
60, 299
62, 297
62, 296
64, 294
64, 293
66, 291
66, 290
68, 288
68, 287
70, 285
70, 284
71, 283
71, 282
73, 280
73, 279
74, 278
74, 277
76, 275
76, 274
77, 273
77, 272
79, 270
79, 269
80, 268
80, 267
82, 265
82, 264
83, 263
83, 262
84, 261
84, 260
86, 258
86, 257
87, 256
87, 255
89, 253
89, 252
90, 251
90, 250
92, 248
92, 247
93, 246
93, 245
95, 243
95, 242
96, 241
96, 240
97, 239
97, 238
98, 237
98, 235
99, 234
99, 233
100, 232
100, 230
101, 229
101, 228
102, 227
102, 225
103, 224
103, 222
104, 221
104, 219
105, 218
105, 217
106, 216
106, 214
107, 213
107, 212
108, 211
108, 210
109, 209
109, 208
110, 207
110, 206
111, 205
111, 204
112, 203
112, 202
113, 201
113, 200
114, 199
114, 198
115, 197
115, 196
116, 195
116, 194
117, 193
117, 192
118, 191
118, 190
119, 189
119, 188
120, 187
120, 185
121, 184
121, 183
122, 182
122, 181
123, 180
123, 179
124, 178
124, 176
125, 175
125, 174
126, 173
126, 171
127, 170
127, 168
128, 167
128, 166
129, 165
129, 163
130, 162
130, 160
131, 159
131, 158
132, 157
132, 155
133, 154
133, 152
134, 151
134, 150
135, 149
135, 147
136, 146
136, 144
137, 143
137, 142
138, 141
138, 139
139, 138
139, 137
140, 136
140, 134
141, 133
141, 131
142, 130
142, 128
143, 127
143, 126
144, 125
144, 123
145, 122
145, 120
146, 119
146, 116
147, 115
147, 113
150, 110
151, 110
152, 109
154, 109
155, 108
157, 108
158, 107
159, 107
160, 106
162, 106
163, 105
165, 105
166, 104
167, 104
168, 103
170, 103
171, 102
172, 102
173, 101
174, 101
175, 100
177, 100
178, 99
179, 99
180, 98
182, 98
183, 97
184, 97
185, 96
187, 96
188, 95
189, 95
190, 94
191, 94
192, 93
193, 93
194, 92
195, 92
196, 91
197, 91
198, 90
199, 90
200, 89
202, 89
203, 88
204, 88
205, 87
206, 87
207, 86
209, 86
210, 85
211, 85
212, 84
214, 84
215, 83
216, 83
217, 82
219, 82
220, 81
222, 81
223, 80
224, 80
225, 79
227, 79
228, 78
230, 78
231, 77
233, 77
234, 76
237, 76
238, 75
240, 75
241, 74
244, 74
245, 73
248, 73
249, 72
253, 72
254, 71
256, 71
257, 70
262, 70
263, 71
263, 72
262, 73
262, 74
261, 75
261, 76
253, 84
253, 85
247, 91
247, 92
244, 95
244, 96
241, 99
241, 100
239, 102
239, 103
238, 104
238, 105
237, 106
237, 107
236, 108
236, 109
235, 110
235, 113
234, 114
234, 118
235, 119
237, 119
237, 115
238, 114
238, 111
239, 110
239, 109
240, 108
240, 107
241, 106
241, 105
243, 103
243, 102
245, 100
245, 99
248, 96
248, 95
252, 91
252, 90
262, 80
262, 79
264, 77
264, 76
265, 75
265, 74
266, 73
266, 68
265, 67
256, 67
255, 68
253, 68
252, 69
249, 69
248, 70
245, 70
244, 71
241, 71
240, 72
237, 72
236, 73
234, 73
233, 74
230, 74
229, 75
227, 75
226, 76
224, 76
223, 77
222, 77
221, 78
219, 78
218, 79
217, 79
216, 80
214, 80
213, 81
211, 81
210, 82
209, 82
208, 83
206, 83
205, 84
204, 84
203, 85
202, 85
201, 86
199, 86
198, 87
197, 87
196, 88
195, 88
194, 89
193, 89
192, 90
191, 90
190, 91
189, 91
188, 92
187, 92
186, 93
184, 93
183, 94
182, 94
181, 95
179, 95
178, 96
177, 96
176, 97
175, 97
174, 98
172, 98
171, 99
170, 99
169, 100
168, 100
167, 101
165, 101
164, 102
162, 102
161, 103
160, 103
159, 104
157, 104
156, 105
154, 105
153, 106
151, 106
150, 105
150, 104
151, 103
151, 101
152, 100
152, 99
153, 98
153, 96
154, 95
154, 93
155, 92
155, 91
156, 90
156, 89
157, 88
157, 86
158, 85
158, 84
159, 83
159, 82
160, 81
160, 79
161, 78
161, 77
162, 76
162, 75
163, 74
163, 72
164, 71
164, 70
165, 69
165, 67
166, 66
166, 65
167, 64
167, 62
168, 61
168, 60
169, 59
169, 57
170, 56
170, 55
171, 54
171, 52
172, 51
172, 50
173, 49
173, 47
174, 46
174, 45
175, 44
175, 42
176, 41
176, 40
177, 39
177, 37
178, 36
178, 34
179, 33
179, 31
180, 30
180, 29
181, 28
181, 26
182, 25
182, 24
183, 23
183, 22
184, 21
184, 20
185, 19
186, 19
187, 20
187, 28
186, 29
186, 32
185, 33
185, 34
184, 35
184, 36
183, 37
183, 38
180, 41
180, 43
181, 43
185, 39
185, 38
186, 37
186, 36
187, 35
187, 33
188, 32
188, 29
189, 28
189, 18
187, 16
141, 114
142, 113
144, 113
145, 114
145, 115
144, 116
144, 118
143, 119
143, 121
142, 122
142, 124
141, 125
141, 127
140, 128
140, 130
139, 131
139, 132
138, 133
138, 135
137, 136
137, 138
136, 139
136, 140
135, 141
135, 143
134, 144
134, 145
133, 146
133, 148
132, 149
132, 151
131, 152
131, 153
130, 154
130, 156
129, 157
129, 159
128, 160
128, 161
127, 162
127, 164
126, 165
126, 167
125, 168
125, 169
124, 170
124, 172
123, 173
123, 174
122, 175
122, 177
121, 178
121, 179
120, 180
120, 182
119, 183
119, 184
118, 185
118, 186
117, 187
117, 188
116, 189
116, 190
115, 191
115, 192
114, 193
114, 194
113, 195
113, 196
112, 197
112, 198
111, 199
111, 200
110, 201
110, 202
109, 203
109, 204
108, 205
108, 206
107, 207
107, 208
106, 209
106, 211
105, 212
105, 213
104, 214
104, 215
103, 216
103, 218
102, 219
102, 220
101, 221
101, 223
100, 224
100, 226
99, 227
99, 229
98, 230
98, 231
97, 232
97, 234
96, 235
96, 236
95, 237
95, 238
94, 239
94, 240
93, 241
93, 242
92, 243
92, 244
90, 246
90, 247
89, 248
89, 249
87, 251
87, 252
86, 253
86, 254
84, 256
84, 257
83, 258
83, 259
81, 261
81, 262
80, 263
80, 264
79, 265
79, 266
77, 268
77, 269
76, 270
76, 271
74, 273
74, 274
73, 275
73, 276
71, 278
71, 279
70, 280
70, 281
68, 283
68, 284
67, 285
67, 286
65, 288
65, 289
63, 291
63, 292
61, 294
61, 295
59, 297
59, 298
57, 300
57, 301
55, 303
55, 304
54, 305
54, 306
53, 307
53, 308
52, 309
52, 310
50, 312
50, 313
48, 315
48, 316
40, 324
39, 324
36, 327
35, 327
34, 328
30, 328
26, 324
26, 323
25, 322
25, 321
24, 320
24, 318
23, 317
23, 315
22, 314
22, 300
23, 299
23, 294
24, 293
24, 288
25, 287
25, 283
26, 282
26, 278
27, 277
27, 274
28, 273
28, 270
29, 269
29, 267
30, 266
30, 264
31, 263
31, 262
32, 261
32, 259
33, 258
33, 256
34, 255
34, 254
35, 253
35, 251
36, 250
36, 248
37, 247
37, 246
38, 245
38, 243
39, 242
39, 240
40, 239
40, 237
41, 236
41, 234
42, 233
42, 231
43, 230
43, 228
44, 227
44, 225
45, 224
45, 222
46, 221
46, 219
47, 218
47, 216
48, 215
48, 214
49, 213
49, 212
50, 211
50, 210
51, 209
51, 207
52, 206
52, 205
53, 204
53, 203
54, 202
54, 201
55, 200
55, 199
57, 197
57, 196
58, 195
58, 194
60, 192
60, 191
64, 187
64, 186
74, 176
76, 176
79, 179
79, 187
78, 188
78, 192
77, 193
77, 195
76, 196
76, 197
75, 198
75, 200
74, 201
74, 203
73, 204
73, 206
72, 207
72, 209
71, 210
71, 212
70, 213
70, 215
69, 216
69, 218
68, 219
68, 221
67, 222
67, 224
66, 225
66, 227
65, 228
65, 230
64, 231
64, 232
63, 233
63, 235
62, 236
62, 237
61, 238
61, 240
60, 241
60, 243
59, 244
59, 245
58, 246
58, 248
57, 249
57, 252
56, 253
56, 256
55, 257
55, 259
54, 260
54, 263
53, 264
53, 266
52, 267
52, 269
51, 270
51, 272
50, 273
50, 275
49, 276
49, 278
48, 279
48, 281
50, 281
50, 279
51, 278
51, 276
52, 275
52, 273
53, 272
53, 270
54, 269
54, 267
55, 266
55, 264
56, 263
56, 261
57, 260
57, 257
58, 256
58, 253
59, 252
59, 250
60, 249
60, 247
61, 246
61, 244
62, 243
62, 242
63, 241
63, 239
64, 238
64, 237
65, 236
65, 234
66, 233
66, 231
67, 230
67, 229
68, 228
68, 226
69, 225
69, 222
70, 221
70, 219
71, 218
71, 216
72, 215
72, 213
73, 212
73, 210
74, 209
74, 207
75, 206
75, 205
76, 204
76, 202
77, 201
77, 199
78, 198
78, 196
79, 195
79, 193
80, 192
80, 188
81, 187
81, 179
80, 178
80, 177
79, 176
79, 175
78, 174
78, 171
77, 170
76, 170
75, 171
69, 171
68, 170
67, 170
66, 169
65, 169
63, 167
63, 166
62, 165
62, 161
63, 160
63, 159
64, 158
64, 157
71, 150
72, 150
74, 148
75, 148
77, 146
78, 146
79, 145
80, 145
81, 144
82, 144
84, 142
85, 142
86, 141
87, 141
88, 140
89, 140
90, 139
91, 139
92, 138
93, 138
94, 137
95, 137
97, 135
98, 135
99, 134
100, 134
101, 133
102, 133
103, 132
104, 132
105, 131
106, 131
107, 130
108, 130
109, 129
110, 129
111, 128
113, 128
114, 127
115, 127
116, 126
117, 126
118, 125
119, 125
120, 124
121, 124
123, 122
124, 122
125, 121
126, 121
127, 120
128, 120
129, 119
130, 119
131, 118
133, 118
134, 117
135, 117
136, 116
137, 116
138, 115
139, 115
140, 114
