360, 2
362, 367
4, 369
2, 4
345, 143
344, 144
343, 144
342, 145
341, 145
341, 146
338, 149
338, 150
337, 151
337, 152
336, 153
336, 154
335, 155
335, 156
334, 157
334, 158
333, 159
333, 160
332, 161
332, 162
331, 163
331, 165
330, 166
330, 167
329, 168
329, 170
328, 171
328, 173
327, 174
327, 176
326, 177
326, 180
325, 181
325, 183
324, 184
324, 187
323, 188
323, 191
322, 192
322, 195
321, 196
321, 199
320, 200
320, 204
319, 205
319, 209
318, 210
318, 214
317, 215
317, 219
316, 220
316, 224
315, 225
315, 229
314, 230
314, 235
313, 236
313, 239
311, 241
311, 242
309, 244
308, 244
306, 246
305, 246
304, 247
302, 247
300, 245
300, 242
299, 241
300, 240
300, 238
301, 237
301, 236
302, 235
302, 234
303, 233
303, 232
304, 231
304, 230
305, 229
305, 227
306, 226
306, 225
307, 224
307, 221
308, 220
308, 217
309, 216
309, 211
307, 209
305, 209
304, 210
303, 210
301, 212
301, 213
300, 214
300, 215
299, 216
299, 217
298, 218
298, 220
297, 221
297, 224
296, 225
296, 229
295, 230
295, 238
294, 239
294, 240
292, 242
292, 243
290, 245
290, 246
281, 255
278, 255
276, 253
276, 250
275, 249
275, 245
276, 244
276, 237
277, 236
277, 235
278, 234
278, 232
279, 231
279, 230
280, 229
280, 228
281, 227
281, 225
282, 224
282, 223
283, 222
283, 220
284, 219
284, 217
285, 216
285, 214
286, 213
286, 212
287, 211
287, 209
288, 208
288, 206
289, 205
289, 202
290, 201
290, 196
287, 196
284, 199
284, 200
283, 201
283, 202
282, 203
282, 204
281, 205
281, 206
280, 207
280, 209
279, 210
279, 211
278, 212
278, 214
277, 215
277, 217
276, 218
276, 220
275, 221
275, 223
274, 224
274, 227
273, 228
273, 232
272, 233
272, 235
271, 236
271, 237
270, 238
270, 239
269, 240
269, 241
268, 242
268, 243
267, 244
267, 245
265, 247
265, 248
263, 250
263, 251
255, 259
254, 259
253, 260
251, 260
249, 258
249, 257
248, 256
248, 254
247, 253
247, 237
248, 236
248, 234
249, 233
249, 232
250, 231
250, 230
251, 229
251, 227
252, 226
252, 225
253, 224
253, 222
254, 221
254, 219
255, 218
255, 216
256, 215
256, 213
257, 212
257, 210
258, 209
258, 207
259, 206
259, 203
260, 202
260, 200
261, 199
261, 195
262, 194
262, 186
261, 185
259, 185
256, 188
256, 189
255, 190
255, 191
254, 192
254, 193
253, 194
253, 195
252, 196
252, 197
251, 198
251, 200
250, 201
250, 203
249, 204
249, 206
248, 207
248, 209
247, 210
247, 213
246, 214
246, 217
245, 218
245, 222
244, 223
244, 228
243, 229
243, 235
242, 236
242, 238
241, 239
241, 240
240, 241
240, 242
239, 243
239, 244
238, 245
238, 246
236, 248
236, 249
235, 250
235, 251
233, 253
233, 254
228, 259
227, 259
226, 260
223, 260
220, 257
220, 256
219, 255
219, 254
218, 253
218, 249
217, 248
217, 233
218, 232
218, 231
219, 230
219, 229
220, 228
220, 227
221, 226
221, 225
222, 224
222, 222
223, 221
223, 219
224, 218
224, 216
225, 215
225, 213
226, 212
226, 209
227, 208
227, 204
228, 203
228, 198
229, 197
229, 190
230, 189
229, 188
229, 187
228, 186
226, 186
223, 189
223, 190
222, 191
222, 192
221, 193
221, 194
220, 195
220, 197
219, 198
219, 200
218, 201
218, 203
217, 204
217, 206
216, 207
216, 210
215, 211
215, 215
214, 216
214, 221
213, 222
213, 230
212, 231
212, 233
211, 234
211, 235
210, 236
210, 237
209, 238
209, 239
206, 242
206, 243
198, 251
197, 251
196, 252
191, 252
188, 249
188, 244
189, 243
189, 241
190, 240
190, 237
191, 236
191, 232
192, 231
192, 216
190, 214
187, 214
184, 217
184, 218
183, 219
183, 221
182, 222
182, 225
181, 226
181, 233
180, 234
181, 235
181, 244
182, 245
182, 246
181, 247
181, 248
178, 251
178, 252
175, 255
174, 255
172, 257
171, 257
169, 259
168, 259
167, 260
165, 260
164, 261
155, 261
154, 260
153, 260
151, 258
153, 256
154, 256
155, 255
156, 255
163, 248
163, 247
166, 244
166, 243
168, 241
168, 240
169, 239
169, 238
170, 237
170, 236
171, 235
171, 234
172, 233
172, 232
173, 231
173, 230
174, 229
174, 227
175, 226
175, 224
176, 223
176, 221
177, 220
177, 216
178, 215
178, 194
177, 193
177, 189
176, 188
176, 186
175, 185
175, 183
174, 182
174, 180
173, 179
173, 178
171, 176
171, 175
168, 172
167, 172
166, 171
165, 171
164, 170
162, 170
161, 171
159, 171
157, 173
156, 173
154, 175
154, 176
151, 179
151, 180
149, 182
149, 183
148, 184
148, 185
147, 186
147, 187
146, 188
146, 189
145, 190
145, 191
144, 192
144, 193
143, 194
143, 195
142, 196
142, 198
141, 199
141, 201
140, 202
140, 204
139, 205
139, 208
138, 209
138, 214
137, 215
137, 222
136, 223
136, 230
135, 231
135, 243
136, 244
136, 248
137, 249
137, 251
139, 253
139, 254
142, 257
143, 257
146, 260
146, 261
147, 262
148, 262
150, 264
151, 264
152, 265
154, 265
155, 266
163, 266
164, 265
167, 265
168, 264
169, 264
170, 263
171, 263
172, 262
173, 262
174, 261
175, 261
179, 257
180, 257
180, 256
184, 252
187, 255
188, 255
189, 256
190, 256
191, 257
195, 257
196, 256
198, 256
199, 255
200, 255
201, 254
202, 254
209, 247
209, 246
211, 244
213, 246
213, 252
214, 253
214, 255
215, 256
215, 258
216, 259
216, 260
220, 264
221, 264
222, 265
226, 265
227, 264
229, 264
231, 262
232, 262
236, 258
236, 257
238, 255
238, 254
240, 252
240, 251
241, 250
243, 252
243, 257
244, 258
244, 259
245, 260
245, 261
248, 264
249, 264
250, 265
253, 265
254, 264
256, 264
257, 263
258, 263
266, 255
266, 254
268, 252
268, 251
269, 250
270, 250
271, 251
271, 253
272, 254
272, 255
273, 256
273, 257
275, 259
276, 259
277, 260
281, 260
282, 259
283, 259
284, 258
285, 258
293, 250
293, 249
295, 247
299, 251
301, 251
302, 252
303, 252
304, 251
307, 251
308, 250
309, 250
310, 249
311, 250
311, 251
310, 252
310, 256
308, 258
307, 258
306, 259
305, 259
304, 260
302, 260
301, 261
300, 261
299, 262
298, 262
297, 263
296, 263
295, 264
294, 264
292, 266
291, 266
288, 269
288, 270
287, 271
287, 272
286, 273
286, 285
287, 286
287, 295
288, 296
288, 306
289, 307
289, 318
290, 319
290, 332
291, 333
291, 344
292, 345
292, 351
293, 352
293, 354
294, 355
296, 355
297, 354
297, 353
298, 352
298, 349
299, 348
299, 345
300, 344
300, 339
301, 338
301, 333
302, 332
302, 327
303, 326
303, 321
304, 320
304, 315
305, 314
305, 309
306, 308
306, 303
307, 302
307, 297
308, 296
308, 291
309, 290
309, 285
310, 284
310, 280
311, 279
311, 274
312, 273
312, 268
313, 267
313, 262
316, 259
318, 259
319, 258
320, 258
322, 256
323, 256
324, 255
325, 255
327, 253
328, 253
329, 252
330, 252
330, 249
329, 248
327, 248
326, 249
325, 249
324, 250
323, 250
322, 251
321, 251
319, 253
318, 253
317, 254
316, 254
315, 253
315, 251
316, 250
316, 245
317, 244
317, 242
318, 241
318, 240
320, 238
320, 237
321, 236
321, 235
323, 233
323, 232
324, 231
324, 230
325, 229
325, 228
326, 227
326, 226
328, 224
328, 223
329, 222
329, 221
330, 220
330, 219
331, 218
331, 217
332, 216
332, 215
333, 214
333, 212
334, 211
334, 210
335, 209
335, 208
336, 207
336, 205
337, 204
337, 202
338, 201
338, 200
339, 199
339, 197
340, 196
340, 193
341, 192
341, 190
342, 189
342, 186
343, 185
343, 182
344, 181
344, 178
345, 177
345, 172
346, 171
346, 167
347, 166
347, 161
348, 160
348, 152
349, 151
349, 148
348, 147
348, 144
347, 144
346, 143
306, 264
307, 263
308, 264
308, 269
307, 270
307, 275
306, 276
306, 280
305, 281
305, 286
304, 287
304, 292
303, 293
303, 298
302, 299
302, 304
301, 305
301, 310
300, 311
300, 316
299, 317
299, 322
298, 323
298, 328
297, 329
297, 332
296, 333
295, 332
295, 324
294, 323
294, 311
293, 310
293, 300
292, 299
292, 289
291, 288
291, 273
295, 269
296, 269
298, 267
299, 267
300, 266
301, 266
302, 265
304, 265
305, 264
161, 176
162, 175
164, 175
168, 179
168, 180
169, 181
169, 182
170, 183
170, 184
171, 185
171, 187
172, 188
172, 191
173, 192
173, 198
174, 199
174, 210
173, 211
173, 216
172, 217
172, 220
171, 221
171, 223
170, 224
170, 226
169, 227
169, 228
168, 229
168, 231
167, 232
167, 233
165, 235
165, 236
164, 237
164, 238
163, 239
163, 240
160, 243
160, 244
152, 252
151, 252
150, 253
147, 253
145, 251
145, 250
144, 249
144, 247
143, 246
143, 243
142, 242
142, 238
141, 237
141, 223
142, 222
142, 219
143, 218
143, 216
144, 215
144, 213
145, 212
145, 210
146, 209
146, 208
147, 207
147, 206
148, 205
148, 204
146, 202
146, 199
147, 198
147, 197
148, 196
148, 194
149, 193
149, 192
150, 191
150, 190
151, 189
151, 188
152, 187
152, 186
154, 184
154, 183
157, 180
157, 179
160, 176
343, 152
344, 153
344, 155
343, 156
343, 162
342, 163
342, 168
341, 169
341, 173
340, 174
340, 178
339, 179
339, 182
338, 183
338, 186
337, 187
337, 189
336, 190
336, 193
335, 194
335, 196
334, 197
334, 199
333, 200
333, 201
332, 202
332, 204
331, 205
331, 206
330, 207
330, 209
329, 210
329, 211
328, 212
328, 213
327, 214
327, 215
326, 216
326, 217
325, 218
325, 219
324, 220
324, 221
323, 222
323, 223
321, 218
322, 217
322, 213
323, 212
323, 208
324, 207
324, 204
325, 203
325, 199
326, 198
326, 195
327, 194
327, 191
328, 190
328, 187
329, 186
329, 184
330, 183
330, 180
331, 179
331, 177
332, 176
332, 174
333, 173
333, 171
334, 170
334, 168
335, 167
335, 166
336, 165
336, 163
337, 162
337, 161
338, 160
338, 159
339, 158
339, 157
340, 156
340, 155
130, 117
128, 119
128, 122
127, 123
127, 126
126, 127
126, 131
125, 132
125, 135
124, 136
124, 139
123, 140
123, 144
122, 145
122, 148
121, 149
121, 152
120, 153
120, 157
119, 158
119, 161
118, 162
118, 165
117, 166
117, 170
116, 171
116, 175
115, 176
115, 180
114, 181
114, 185
113, 186
113, 190
112, 191
112, 196
111, 197
111, 201
110, 202
110, 208
109, 209
109, 216
108, 217
108, 227
107, 228
107, 237
108, 238
108, 243
109, 244
109, 245
112, 248
114, 248
115, 247
116, 247
117, 246
118, 246
118, 245
120, 243
120, 242
121, 241
121, 240
122, 239
122, 238
124, 236
124, 235
125, 234
125, 231
126, 230
126, 226
122, 226
122, 227
121, 228
121, 231
120, 232
120, 233
119, 234
119, 235
117, 237
117, 238
116, 239
116, 240
114, 242
113, 241
113, 240
112, 239
112, 224
113, 223
113, 215
114, 214
114, 208
115, 207
115, 201
116, 200
116, 196
117, 195
117, 190
118, 189
118, 185
119, 184
119, 180
120, 179
120, 175
121, 174
121, 170
122, 169
122, 166
123, 165
123, 161
124, 160
124, 157
125, 156
125, 153
126, 152
126, 148
127, 147
127, 144
128, 143
128, 140
129, 139
129, 135
130, 134
130, 131
131, 130
131, 129
132, 128
134, 128
135, 127
135, 122
134, 121
134, 119
133, 118
133, 117
110, 102
109, 103
108, 103
104, 107
104, 108
103, 109
103, 110
102, 111
102, 112
101, 113
101, 114
100, 115
100, 116
99, 117
99, 119
98, 120
98, 122
97, 123
97, 125
96, 126
96, 128
95, 129
95, 131
94, 132
94, 134
93, 135
93, 137
92, 138
92, 141
91, 142
91, 144
90, 145
90, 147
89, 148
89, 151
88, 152
88, 155
87, 156
87, 159
86, 160
86, 163
85, 164
85, 167
84, 168
84, 171
83, 172
83, 176
82, 177
82, 181
81, 182
81, 186
80, 187
80, 192
79, 193
79, 198
78, 199
78, 205
77, 206
77, 213
76, 214
76, 223
75, 224
75, 241
76, 242
76, 245
77, 246
77, 247
79, 249
85, 249
88, 246
88, 245
89, 244
87, 242
86, 242
83, 245
81, 245
80, 244
80, 243
79, 242
79, 221
80, 220
80, 212
81, 211
81, 204
82, 203
82, 198
83, 197
83, 192
84, 191
84, 186
85, 185
85, 181
86, 180
86, 176
87, 175
87, 172
88, 171
88, 168
89, 167
89, 164
90, 163
90, 159
91, 158
91, 156
92, 155
92, 152
93, 151
93, 148
94, 147
94, 145
95, 144
95, 142
96, 141
96, 138
97, 137
97, 135
98, 134
98, 132
99, 131
99, 129
100, 128
100, 126
101, 125
101, 123
102, 122
102, 120
103, 119
103, 118
104, 117
104, 115
105, 114
105, 113
107, 111
107, 110
108, 109
109, 110
109, 114
108, 115
108, 118
107, 119
107, 121
106, 122
106, 124
105, 125
105, 127
104, 128
104, 130
103, 131
103, 132
102, 133
102, 138
104, 138
105, 137
105, 136
106, 135
106, 134
107, 133
107, 131
108, 130
108, 128
109, 127
109, 125
110, 124
110, 122
111, 121
111, 119
112, 118
112, 115
113, 114
113, 104
111, 102
94, 15
93, 16
91, 16
89, 18
88, 18
87, 19
87, 20
84, 23
84, 24
83, 25
83, 27
82, 28
82, 29
81, 30
81, 32
80, 33
80, 36
79, 37
79, 40
78, 41
78, 45
77, 46
77, 51
76, 52
76, 57
75, 58
75, 64
74, 65
74, 66
73, 67
69, 67
68, 68
66, 68
65, 69
63, 69
62, 70
60, 70
59, 71
57, 71
56, 72
55, 72
54, 73
52, 73
51, 74
50, 74
49, 75
48, 75
47, 76
46, 76
44, 78
43, 78
41, 80
40, 80
37, 83
36, 83
31, 88
31, 89
29, 91
29, 92
28, 93
28, 95
27, 96
27, 98
28, 99
28, 100
29, 101
30, 101
31, 102
32, 102
34, 100
34, 98
33, 97
33, 94
37, 90
37, 89
39, 87
40, 87
43, 84
44, 84
46, 82
47, 82
48, 81
49, 81
50, 80
51, 80
52, 79
53, 79
54, 78
55, 78
56, 77
57, 77
58, 76
60, 76
61, 75
62, 75
63, 74
65, 74
66, 73
69, 73
70, 72
72, 72
73, 73
73, 80
72, 81
72, 87
71, 88
71, 95
70, 96
70, 102
69, 103
69, 109
68, 110
68, 115
67, 116
67, 122
66, 123
66, 128
65, 129
65, 135
64, 136
64, 141
63, 142
63, 147
62, 148
62, 152
61, 153
61, 158
60, 159
60, 164
59, 165
59, 170
58, 171
58, 175
57, 176
57, 181
56, 182
56, 186
55, 187
55, 191
54, 192
54, 196
53, 197
53, 200
52, 201
52, 205
51, 206
51, 209
50, 210
50, 213
49, 214
49, 217
48, 218
48, 220
47, 221
47, 224
46, 225
46, 227
45, 228
45, 230
44, 231
44, 233
43, 234
43, 236
42, 237
42, 238
41, 239
41, 241
40, 242
40, 243
39, 244
39, 245
38, 246
38, 247
37, 248
37, 249
33, 253
32, 253
31, 254
30, 254
29, 253
28, 253
25, 250
25, 249
23, 247
23, 246
22, 245
22, 243
21, 242
21, 240
20, 239
20, 237
19, 236
19, 231
18, 230
18, 219
19, 218
19, 211
20, 210
20, 206
21, 205
21, 202
22, 201
22, 198
23, 197
23, 195
24, 194
24, 191
25, 190
25, 188
26, 187
26, 185
27, 184
27, 182
28, 181
28, 179
29, 178
29, 175
30, 174
30, 172
31, 171
31, 170
32, 169
32, 167
33, 166
33, 164
34, 163
34, 162
35, 161
35, 159
36, 158
37, 159
37, 162
38, 163
39, 163
40, 162
40, 148
37, 148
36, 149
36, 150
35, 151
35, 152
34, 153
34, 155
33, 156
33, 157
32, 158
32, 159
31, 160
31, 162
30, 163
30, 165
29, 166
29, 168
28, 169
28, 170
27, 171
27, 173
26, 174
26, 176
25, 177
25, 180
24, 181
24, 183
23, 184
23, 186
22, 187
22, 189
21, 190
21, 193
20, 194
20, 196
19, 197
19, 200
18, 201
18, 204
17, 205
17, 209
16, 210
16, 217
15, 218
15, 231
16, 232
16, 237
17, 238
17, 240
18, 241
18, 243
19, 244
19, 246
20, 247
20, 248
21, 249
21, 250
23, 252
23, 253
25, 255
26, 255
27, 256
28, 256
29, 257
32, 257
33, 256
34, 256
35, 255
36, 255
38, 253
38, 252
40, 250
40, 249
41, 248
41, 247
42, 246
42, 245
43, 244
43, 243
44, 242
44, 240
45, 239
45, 238
46, 237
46, 235
47, 234
47, 232
48, 231
48, 229
49, 228
49, 226
50, 225
50, 222
51, 221
51, 219
52, 218
52, 215
53, 214
53, 211
54, 210
54, 207
55, 206
55, 202
56, 201
56, 198
57, 197
57, 193
58, 192
58, 188
59, 187
59, 183
60, 182
60, 177
61, 176
61, 172
62, 171
62, 166
63, 165
63, 160
64, 159
64, 154
65, 153
65, 149
66, 148
66, 143
67, 142
67, 137
68, 136
68, 130
69, 129
69, 124
70, 123
70, 117
71, 116
71, 111
72, 110
72, 104
73, 103
73, 97
74, 96
74, 90
75, 89
75, 82
76, 81
76, 74
77, 73
77, 72
79, 70
84, 70
85, 69
90, 69
91, 68
96, 68
97, 69
97, 71
96, 72
96, 73
95, 74
95, 76
94, 77
94, 79
93, 80
93, 81
92, 82
92, 83
91, 84
91, 86
90, 87
90, 88
89, 89
89, 90
88, 91
88, 93
87, 94
87, 95
86, 96
86, 98
85, 99
85, 100
84, 101
84, 103
83, 104
83, 106
82, 107
82, 110
83, 111
84, 111
85, 110
85, 108
86, 107
86, 105
87, 104
87, 102
88, 101
88, 100
89, 99
89, 97
90, 96
90, 95
91, 94
91, 93
92, 92
92, 90
93, 89
93, 88
94, 87
94, 85
95, 84
95, 83
96, 82
96, 81
97, 80
97, 78
98, 77
98, 75
99, 74
99, 73
100, 72
100, 70
102, 68
104, 68
105, 67
133, 67
134, 68
148, 68
149, 69
160, 69
161, 70
177, 70
178, 71
187, 71
188, 70
188, 68
187, 67
186, 67
185, 66
172, 66
171, 65
161, 65
160, 64
148, 64
147, 63
131, 63
130, 62
107, 62
106, 63
104, 63
102, 61
103, 60
103, 52
104, 51
104, 39
103, 38
103, 29
102, 28
102, 24
101, 23
101, 21
100, 20
100, 19
97, 16
96, 16
95, 15
92, 20
93, 19
96, 19
97, 20
97, 21
98, 22
98, 24
99, 25
99, 29
100, 30
100, 40
101, 41
101, 49
100, 50
100, 59
99, 60
99, 62
98, 63
92, 63
91, 64
85, 64
84, 65
79, 65
78, 64
78, 59
79, 58
79, 53
80, 52
80, 47
81, 46
81, 42
82, 41
82, 38
83, 37
83, 34
84, 33
84, 31
85, 30
85, 29
86, 28
86, 26
88, 24
88, 23
91, 20
