246, 2
248, 367
4, 369
2, 4
236, 242
235, 243
235, 245
234, 249
235, 250
235, 251
236, 251
238, 251
239, 243
128, 164
127, 165
126, 165
122, 169
122, 170
121, 171
121, 172
120, 173
120, 174
119, 175
119, 177
118, 178
118, 180
117, 181
117, 183
116, 184
116, 187
115, 188
115, 191
114, 192
114, 196
113, 197
113, 201
112, 202
112, 207
111, 208
111, 214
110, 215
110, 217
109, 218
108, 217
108, 197
109, 196
109, 192
110, 191
110, 188
111, 187
111, 185
112, 184
112, 183
111, 182
109, 182
109, 183
108, 184
108, 185
107, 186
107, 189
106, 190
106, 193
105, 194
105, 203
104, 204
104, 213
105, 214
105, 221
106, 222
106, 224
107, 225
107, 227
108, 228
108, 229
111, 232
116, 232
117, 231
118, 231
122, 227
122, 226
124, 224
124, 223
126, 221
126, 220
127, 219
127, 218
128, 217
128, 216
129, 215
129, 214
130, 213
130, 212
131, 211
131, 210
132, 209
132, 207
133, 206
133, 204
134, 203
134, 200
135, 199
135, 194
136, 193
136, 180
135, 179
135, 174
134, 173
134, 170
133, 169
133, 168
132, 167
132, 166
131, 165
130, 165
129, 164
128, 168
130, 170
130, 171
131, 172
131, 175
132, 176
132, 184
133, 185
133, 188
132, 189
132, 197
131, 198
131, 201
130, 202
130, 204
129, 205
129, 207
128, 208
128, 210
127, 211
127, 212
126, 213
126, 214
125, 215
125, 216
123, 218
123, 219
122, 220
122, 221
120, 223
120, 224
116, 228
115, 228
114, 229
113, 228
113, 219
114, 218
114, 211
115, 210
115, 205
116, 204
116, 199
117, 198
117, 194
118, 193
118, 190
119, 189
119, 186
120, 185
120, 183
121, 182
121, 180
122, 179
122, 177
123, 176
123, 175
124, 174
124, 173
125, 172
125, 171
107, 114
106, 115
106, 119
105, 120
105, 122
104, 123
104, 126
103, 127
103, 130
102, 131
102, 134
101, 135
101, 139
100, 140
100, 145
99, 146
99, 153
98, 154
98, 162
97, 163
97, 176
96, 177
96, 201
95, 202
95, 225
96, 226
96, 229
99, 229
99, 225
98, 224
98, 203
99, 202
99, 178
100, 177
100, 164
101, 163
101, 154
102, 153
102, 147
103, 146
103, 141
104, 140
104, 136
105, 135
105, 132
106, 131
106, 128
107, 127
107, 124
108, 123
108, 120
109, 119
109, 114
96, 105
95, 106
95, 111
94, 112
94, 118
93, 119
93, 125
92, 126
92, 131
91, 132
91, 139
90, 140
90, 148
89, 149
89, 158
88, 159
88, 168
87, 169
87, 178
86, 179
86, 188
85, 189
85, 198
84, 199
84, 211
83, 212
83, 217
84, 218
86, 218
86, 214
87, 213
87, 201
88, 200
88, 191
89, 190
89, 181
90, 180
90, 171
91, 170
91, 161
92, 160
92, 150
93, 149
93, 141
94, 140
94, 133
95, 132
95, 127
96, 126
96, 120
97, 119
97, 113
98, 112
98, 106
97, 105
230, 79
228, 81
228, 82
227, 83
227, 84
226, 85
226, 87
225, 88
225, 92
224, 93
224, 98
223, 99
223, 105
222, 106
222, 113
221, 114
221, 121
220, 122
220, 129
219, 130
219, 139
218, 140
218, 149
217, 150
217, 158
216, 159
216, 168
215, 169
215, 178
214, 179
214, 188
213, 189
213, 200
212, 201
212, 212
211, 213
211, 223
210, 224
210, 225
209, 226
209, 227
206, 230
204, 230
203, 229
203, 227
202, 226
202, 217
203, 216
203, 209
204, 208
204, 204
205, 203
205, 199
206, 198
206, 193
204, 193
203, 194
203, 196
202, 197
202, 200
201, 201
201, 204
200, 205
200, 207
199, 208
199, 211
198, 212
198, 214
197, 215
197, 218
196, 219
196, 221
195, 222
195, 225
194, 226
194, 228
193, 229
193, 230
190, 233
189, 233
188, 232
188, 212
189, 211
189, 203
190, 202
190, 196
189, 195
187, 195
187, 196
186, 197
186, 200
185, 201
185, 203
184, 204
184, 207
183, 208
183, 211
182, 212
182, 215
181, 216
181, 219
180, 220
180, 222
179, 223
179, 226
178, 227
178, 228
177, 229
177, 230
176, 231
174, 229
174, 227
173, 226
173, 202
174, 201
174, 196
175, 195
175, 187
174, 186
173, 186
172, 187
172, 192
171, 193
171, 199
170, 200
170, 206
169, 207
169, 210
168, 211
168, 213
167, 214
167, 217
166, 218
166, 220
165, 221
165, 223
164, 224
164, 225
163, 226
163, 228
161, 230
161, 231
160, 232
159, 232
158, 233
156, 231
156, 229
155, 228
155, 206
156, 205
156, 201
157, 200
157, 195
158, 194
158, 187
156, 187
155, 188
155, 191
154, 192
154, 197
153, 198
153, 204
152, 205
152, 208
151, 209
151, 211
150, 212
150, 214
149, 215
149, 216
148, 217
148, 219
147, 220
147, 221
145, 223
145, 224
143, 226
140, 226
138, 224
138, 223
137, 222
137, 216
136, 215
135, 215
134, 216
134, 222
135, 223
135, 225
139, 229
140, 229
141, 230
142, 229
144, 229
148, 225
148, 224
149, 223
149, 222
151, 220
152, 221
152, 228
153, 229
153, 232
154, 233
154, 234
155, 235
156, 235
157, 236
159, 236
160, 235
161, 235
164, 232
164, 231
165, 230
165, 229
166, 228
166, 227
167, 226
167, 224
168, 223
168, 222
169, 221
170, 222
170, 226
171, 227
171, 230
172, 231
172, 232
173, 233
173, 234
174, 234
175, 235
176, 234
177, 234
180, 231
180, 230
181, 229
181, 227
182, 226
182, 224
183, 223
183, 222
184, 221
185, 222
185, 232
186, 233
186, 235
188, 237
191, 237
195, 233
195, 232
196, 231
196, 229
197, 228
197, 226
198, 225
200, 227
200, 230
203, 233
207, 233
208, 232
209, 232
210, 233
210, 250
209, 251
209, 281
208, 282
208, 300
207, 301
207, 311
206, 312
206, 319
205, 320
205, 325
204, 326
204, 329
203, 330
203, 334
202, 335
202, 338
201, 339
201, 341
200, 342
200, 344
199, 345
199, 346
198, 347
198, 348
196, 350
195, 349
195, 329
196, 328
196, 317
197, 316
197, 306
198, 305
198, 293
199, 292
199, 278
200, 277
200, 270
201, 269
201, 266
202, 265
202, 264
203, 263
203, 261
201, 261
199, 263
199, 265
198, 266
198, 269
197, 270
197, 277
196, 278
196, 293
195, 294
195, 305
194, 306
194, 317
193, 318
193, 328
192, 329
192, 351
193, 352
193, 353
194, 354
197, 354
200, 351
200, 350
201, 349
201, 348
202, 347
202, 345
203, 344
203, 342
204, 341
204, 339
205, 338
205, 335
206, 334
206, 330
207, 329
207, 326
208, 325
208, 320
209, 319
209, 311
210, 310
210, 300
211, 299
211, 280
212, 279
212, 249
213, 248
213, 227
214, 226
214, 223
215, 222
215, 220
216, 219
216, 217
217, 216
217, 214
218, 213
218, 211
219, 210
219, 208
220, 207
220, 205
221, 204
221, 201
222, 200
222, 198
223, 197
223, 194
224, 193
224, 191
225, 190
225, 187
226, 186
226, 182
227, 181
227, 178
228, 177
228, 173
229, 172
229, 168
230, 167
230, 163
231, 162
231, 157
232, 156
232, 151
233, 150
233, 145
234, 144
234, 138
235, 137
235, 130
236, 129
236, 119
237, 118
237, 99
236, 98
236, 89
235, 88
235, 84
234, 83
234, 81
232, 79
231, 84
232, 85
232, 88
233, 89
233, 97
234, 98
234, 119
233, 120
233, 130
232, 131
232, 137
231, 138
231, 144
230, 145
230, 150
229, 151
229, 156
228, 157
228, 162
227, 163
227, 167
226, 168
226, 172
225, 173
225, 177
224, 178
224, 181
223, 182
223, 185
222, 186
222, 189
221, 190
221, 193
220, 194
220, 197
219, 198
219, 200
218, 201
218, 203
217, 204
217, 206
216, 207
215, 206
215, 200
216, 199
216, 189
217, 188
217, 178
218, 177
218, 168
219, 167
219, 159
220, 158
220, 149
221, 148
221, 140
222, 139
222, 130
223, 129
223, 122
224, 121
224, 114
225, 113
225, 106
226, 105
226, 99
227, 98
227, 93
228, 92
228, 89
229, 88
229, 86
149, 15
147, 17
146, 17
144, 19
143, 19
140, 22
139, 22
126, 35
125, 35
111, 49
110, 49
105, 54
104, 54
102, 56
101, 55
101, 43
102, 42
102, 30
99, 30
98, 31
98, 32
97, 33
97, 35
96, 36
96, 40
95, 41
95, 44
94, 45
94, 50
93, 51
93, 56
92, 57
92, 62
91, 63
91, 65
90, 66
89, 66
85, 70
84, 70
81, 73
80, 73
77, 76
76, 76
73, 79
72, 79
69, 82
68, 82
66, 84
65, 84
62, 87
61, 87
59, 89
58, 89
56, 91
55, 91
52, 94
51, 94
50, 95
49, 95
47, 97
46, 97
44, 99
43, 99
42, 100
41, 100
39, 102
38, 102
37, 103
36, 103
34, 105
33, 105
31, 107
30, 107
27, 110
26, 110
19, 117
19, 118
17, 120
17, 123
16, 124
16, 128
17, 129
17, 130
19, 132
23, 132
23, 129
21, 127
21, 123
22, 122
22, 121
29, 114
30, 114
33, 111
34, 111
36, 109
37, 109
39, 107
40, 107
42, 105
43, 105
44, 104
45, 104
47, 102
48, 102
49, 101
50, 101
52, 99
53, 99
55, 97
56, 97
58, 95
59, 95
61, 93
62, 93
65, 90
66, 90
68, 88
69, 88
72, 85
73, 85
76, 82
77, 82
79, 80
80, 80
84, 76
85, 76
88, 73
89, 73
90, 74
90, 75
89, 76
89, 81
88, 82
88, 88
87, 89
87, 96
86, 97
86, 103
85, 104
85, 111
84, 112
84, 119
83, 120
83, 126
82, 127
82, 133
81, 134
81, 140
80, 141
80, 147
79, 148
79, 154
78, 155
78, 161
77, 162
77, 168
76, 169
76, 174
75, 175
75, 181
74, 182
74, 188
73, 189
73, 195
72, 196
72, 202
71, 203
71, 208
70, 209
70, 215
69, 216
69, 221
68, 222
68, 228
67, 229
67, 234
66, 235
66, 240
65, 241
65, 245
64, 246
64, 250
63, 251
63, 255
62, 256
62, 259
61, 260
61, 263
60, 264
60, 267
59, 268
59, 271
58, 272
58, 274
57, 275
57, 277
56, 278
56, 280
55, 281
55, 283
54, 284
54, 286
53, 287
53, 288
52, 289
52, 290
51, 291
51, 293
50, 294
50, 295
49, 296
49, 297
48, 298
48, 299
46, 301
46, 302
44, 304
44, 305
36, 313
35, 313
34, 314
33, 314
32, 315
27, 315
22, 310
22, 309
20, 307
20, 306
19, 305
19, 303
18, 302
18, 300
17, 299
17, 296
16, 295
16, 291
15, 290
15, 284
14, 283
14, 249
15, 248
15, 241
16, 240
16, 234
17, 233
17, 229
18, 228
18, 224
19, 223
19, 220
20, 219
20, 216
21, 215
21, 212
22, 211
22, 209
23, 208
23, 206
24, 205
24, 203
25, 202
25, 200
26, 199
26, 198
28, 196
28, 195
29, 194
31, 196
31, 197
32, 198
32, 200
33, 201
33, 205
34, 206
34, 216
35, 217
35, 298
34, 299
34, 300
35, 301
35, 306
36, 307
37, 307
38, 306
38, 271
39, 270
39, 232
38, 231
38, 212
37, 211
37, 204
36, 203
36, 199
35, 198
35, 196
34, 195
34, 194
33, 193
33, 192
32, 191
31, 191
30, 190
29, 190
28, 191
27, 191
25, 193
25, 194
24, 195
24, 196
23, 197
23, 198
22, 199
22, 200
21, 201
21, 203
20, 204
20, 206
19, 207
19, 209
18, 210
18, 213
17, 214
17, 217
16, 218
16, 221
15, 222
15, 226
14, 227
14, 231
13, 232
13, 237
12, 238
12, 245
11, 246
11, 258
10, 259
10, 274
11, 275
11, 286
12, 287
12, 293
13, 294
13, 297
14, 298
14, 301
15, 302
15, 304
16, 305
16, 306
17, 307
17, 308
18, 309
18, 310
19, 311
19, 312
24, 317
25, 317
26, 318
34, 318
35, 317
36, 317
37, 316
38, 316
47, 307
47, 306
49, 304
49, 303
50, 302
50, 301
52, 299
52, 298
53, 297
53, 295
54, 294
54, 293
55, 292
55, 291
56, 290
56, 288
57, 287
57, 286
58, 285
58, 283
59, 282
59, 280
60, 279
60, 277
61, 276
61, 274
62, 273
62, 270
63, 269
63, 266
64, 265
64, 262
65, 261
65, 258
66, 257
66, 253
67, 252
67, 248
68, 247
68, 243
69, 242
69, 237
70, 236
70, 231
71, 230
71, 225
72, 224
72, 218
73, 217
73, 212
74, 211
74, 205
75, 204
75, 198
76, 197
76, 191
77, 190
77, 185
78, 184
78, 178
79, 177
79, 171
80, 170
80, 164
81, 163
81, 157
82, 156
82, 151
83, 150
83, 144
84, 143
84, 137
85, 136
85, 129
86, 128
86, 122
87, 121
87, 115
88, 114
88, 107
89, 106
89, 100
90, 99
90, 92
91, 91
91, 85
92, 84
92, 78
93, 77
93, 72
94, 71
94, 69
97, 66
98, 66
102, 62
103, 62
108, 57
109, 57
114, 52
115, 52
129, 38
130, 38
143, 25
146, 25
147, 26
148, 26
152, 22
152, 21
153, 20
153, 16
152, 15
98, 58
96, 59
