232, 2
234, 367
4, 369
2, 4
221, 208
220, 208
219, 209
220, 213
220, 214
221, 215
223, 215
225, 215
226, 215
227, 214
224, 207
111, 132
110, 133
109, 133
109, 134
108, 135
108, 136
107, 137
107, 139
106, 140
106, 143
105, 144
105, 147
104, 148
104, 152
103, 153
103, 158
102, 159
102, 165
101, 166
101, 176
100, 177
100, 214
101, 215
101, 218
102, 219
102, 220
105, 220
107, 218
107, 217
108, 216
108, 214
107, 213
106, 213
104, 211
104, 184
105, 183
105, 168
106, 167
106, 161
107, 160
107, 155
108, 154
108, 150
109, 149
109, 145
110, 144
110, 142
111, 141
112, 141
114, 139
114, 135
113, 134
113, 133
112, 133
220, 84
219, 85
218, 85
217, 86
217, 87
215, 89
215, 90
214, 91
214, 92
213, 93
213, 95
212, 96
212, 97
211, 98
211, 100
210, 101
210, 104
209, 105
209, 108
208, 109
208, 112
207, 113
207, 117
206, 118
206, 122
205, 123
205, 129
204, 130
204, 136
203, 137
203, 143
202, 144
202, 151
201, 152
201, 159
200, 160
200, 167
199, 168
199, 170
198, 171
196, 171
195, 172
194, 172
192, 174
192, 175
191, 176
191, 177
190, 178
190, 180
189, 181
189, 185
188, 186
188, 194
187, 195
187, 196
182, 201
181, 200
181, 198
180, 197
180, 193
181, 192
181, 190
182, 189
182, 187
183, 186
183, 184
184, 183
184, 179
185, 178
185, 176
184, 175
184, 173
183, 172
180, 172
178, 174
178, 175
177, 176
177, 178
176, 179
176, 184
175, 185
175, 191
174, 192
174, 193
173, 194
173, 195
170, 198
169, 197
169, 196
168, 195
168, 190
169, 189
169, 187
170, 186
170, 184
171, 183
171, 179
172, 178
172, 172
173, 171
173, 168
172, 167
172, 166
168, 166
165, 169
165, 170
164, 171
164, 174
163, 175
163, 181
162, 182
162, 192
161, 193
161, 195
160, 196
160, 197
159, 198
159, 199
157, 201
157, 202
155, 204
154, 203
154, 202
153, 201
153, 195
154, 194
154, 192
155, 191
155, 188
156, 187
156, 184
157, 183
157, 177
158, 176
158, 168
157, 167
154, 167
151, 170
151, 171
150, 172
150, 174
149, 175
149, 179
148, 180
148, 189
147, 190
147, 195
146, 196
146, 197
141, 202
140, 201
140, 200
139, 199
139, 196
140, 195
140, 187
141, 186
141, 185
139, 183
138, 183
137, 182
137, 171
136, 170
136, 168
135, 167
135, 166
132, 163
128, 163
127, 164
126, 164
125, 165
124, 165
122, 167
122, 168
120, 170
120, 171
119, 172
119, 173
115, 177
114, 177
113, 178
113, 179
112, 180
112, 183
111, 184
111, 188
110, 189
110, 194
109, 195
109, 202
110, 203
110, 206
111, 207
111, 208
112, 209
112, 210
114, 212
115, 212
116, 213
122, 213
123, 212
124, 212
126, 210
127, 210
130, 207
130, 206
132, 204
132, 203
133, 202
134, 202
135, 203
135, 204
138, 207
143, 207
144, 206
145, 206
147, 204
148, 204
149, 205
149, 206
150, 207
150, 208
153, 211
155, 211
156, 210
157, 210
161, 206
161, 205
163, 203
163, 202
164, 201
166, 203
167, 203
168, 204
171, 204
172, 203
173, 203
174, 202
175, 202
177, 204
177, 205
178, 206
179, 206
180, 207
183, 207
184, 206
185, 206
187, 204
189, 204
191, 206
192, 206
193, 207
189, 211
189, 212
184, 217
184, 218
182, 220
182, 221
180, 223
180, 224
179, 225
179, 226
178, 227
178, 228
177, 229
177, 230
176, 231
176, 232
175, 233
175, 235
174, 236
174, 237
173, 238
173, 240
172, 241
172, 244
171, 245
171, 249
170, 250
170, 255
169, 256
169, 276
170, 277
170, 283
171, 284
171, 288
172, 289
172, 293
173, 294
173, 297
174, 298
174, 301
175, 302
175, 304
176, 305
176, 308
177, 309
177, 310
178, 311
178, 313
179, 314
179, 315
181, 317
181, 318
182, 319
183, 319
184, 320
185, 320
186, 319
187, 319
187, 318
188, 317
188, 316
189, 315
189, 310
190, 309
190, 302
191, 301
191, 294
192, 293
192, 281
193, 280
193, 268
194, 267
194, 256
195, 255
195, 246
196, 245
196, 237
197, 236
197, 229
198, 228
198, 221
199, 220
199, 213
200, 212
200, 209
204, 205
205, 205
207, 203
208, 203
209, 202
210, 202
210, 198
209, 197
207, 197
206, 198
205, 198
204, 199
203, 198
203, 197
204, 196
204, 195
205, 194
205, 193
207, 191
207, 190
208, 189
208, 187
209, 186
209, 185
210, 184
210, 181
211, 180
211, 176
212, 175
212, 170
213, 169
213, 163
214, 162
214, 157
215, 156
215, 150
216, 149
216, 146
217, 145
217, 141
218, 140
218, 137
219, 136
219, 133
220, 132
220, 129
221, 128
221, 125
222, 124
222, 121
223, 120
223, 117
224, 116
224, 113
225, 112
225, 109
226, 108
226, 102
227, 101
227, 93
226, 92
226, 87
223, 84
192, 217
193, 218
193, 225
192, 226
192, 233
191, 234
191, 242
190, 243
190, 251
189, 252
189, 262
188, 263
188, 276
187, 277
187, 289
186, 290
186, 298
185, 299
185, 306
184, 307
184, 308
183, 309
182, 308
182, 307
181, 306
181, 303
180, 302
180, 300
179, 299
179, 296
178, 295
178, 292
177, 291
177, 287
176, 286
176, 281
175, 280
175, 274
174, 273
174, 259
175, 258
175, 252
176, 251
176, 247
177, 246
177, 244
178, 243
178, 240
179, 239
179, 238
180, 237
180, 235
181, 234
181, 233
182, 232
182, 231
183, 230
183, 229
184, 228
184, 227
186, 225
186, 224
188, 222
188, 221
194, 195
196, 195
193, 199
194, 196
128, 169
130, 169
131, 170
131, 172
132, 173
132, 187
131, 188
131, 192
130, 193
130, 196
129, 197
129, 198
128, 199
128, 200
126, 202
126, 203
122, 207
121, 207
120, 208
118, 208
117, 207
117, 205
118, 204
118, 203
117, 202
117, 193
118, 192
118, 190
119, 189
119, 185
120, 184
120, 183
121, 182
121, 180
122, 179
122, 178
123, 177
123, 176
124, 175
124, 174
125, 173
125, 172
220, 93
221, 94
221, 106
220, 107
220, 110
219, 111
219, 114
218, 115
218, 118
217, 119
217, 122
216, 123
216, 126
215, 127
215, 130
214, 131
214, 134
213, 135
213, 138
212, 139
212, 142
211, 143
211, 147
210, 148
210, 153
209, 154
209, 159
208, 160
208, 166
207, 167
207, 173
206, 174
206, 177
205, 178
204, 177
204, 171
205, 170
205, 163
206, 162
206, 155
207, 154
207, 147
208, 146
208, 140
209, 139
209, 132
210, 131
210, 126
211, 125
211, 120
212, 119
212, 115
213, 114
213, 111
214, 110
214, 107
215, 106
215, 104
216, 103
216, 101
217, 100
217, 98
218, 97
218, 95
124, 15
123, 16
122, 16
120, 18
120, 19
119, 20
119, 21
118, 22
118, 23
117, 24
117, 26
116, 27
116, 30
115, 31
115, 33
114, 34
114, 38
113, 39
113, 42
112, 43
112, 46
111, 47
111, 50
110, 51
110, 55
109, 56
109, 60
108, 61
108, 64
107, 65
107, 69
106, 70
106, 73
105, 74
105, 78
104, 79
104, 83
103, 84
103, 88
102, 89
102, 93
101, 94
101, 96
98, 99
97, 99
93, 103
92, 103
88, 107
87, 107
83, 111
82, 111
80, 113
79, 113
76, 116
75, 116
73, 118
72, 118
69, 121
68, 121
66, 123
65, 123
63, 125
62, 125
60, 127
59, 127
57, 129
56, 129
54, 131
53, 131
51, 133
50, 133
47, 136
46, 136
37, 145
37, 146
35, 148
35, 149
34, 150
34, 151
33, 152
33, 157
34, 158
36, 158
37, 157
38, 157
38, 155
39, 154
39, 152
41, 150
41, 149
50, 140
51, 140
54, 137
55, 137
57, 135
58, 135
60, 133
61, 133
63, 131
64, 131
66, 129
67, 129
69, 127
70, 127
72, 125
73, 125
76, 122
77, 122
79, 120
80, 120
83, 117
84, 117
86, 115
87, 115
91, 111
92, 111
95, 108
96, 108
98, 106
99, 107
99, 109
98, 110
98, 115
97, 116
97, 120
96, 121
96, 126
95, 127
95, 132
94, 133
94, 138
93, 139
93, 145
92, 146
92, 151
91, 152
91, 158
90, 159
90, 165
89, 166
89, 171
88, 172
88, 179
87, 180
87, 187
86, 188
86, 194
85, 195
85, 202
84, 203
84, 211
83, 212
83, 219
82, 220
82, 227
81, 228
81, 235
80, 236
80, 242
79, 243
79, 249
78, 250
78, 256
77, 257
77, 263
76, 264
76, 270
75, 271
75, 276
74, 277
74, 281
73, 282
73, 287
72, 288
72, 292
71, 293
71, 297
70, 298
70, 302
69, 303
69, 306
68, 307
68, 309
67, 310
67, 313
66, 314
66, 316
65, 317
65, 319
64, 320
64, 322
63, 323
63, 325
62, 326
62, 327
61, 328
61, 329
60, 330
60, 332
59, 333
59, 334
58, 335
58, 336
56, 338
56, 339
54, 341
54, 342
48, 348
47, 348
45, 350
43, 350
42, 351
36, 351
35, 350
33, 350
30, 347
29, 347
28, 346
28, 345
24, 341
24, 340
23, 339
23, 338
21, 336
21, 334
20, 333
20, 332
19, 331
19, 329
18, 328
18, 326
17, 325
17, 322
16, 321
16, 317
15, 316
15, 311
14, 310
14, 302
13, 301
13, 268
14, 267
14, 258
15, 257
15, 251
16, 250
16, 244
17, 243
17, 239
18, 238
18, 234
19, 233
19, 230
20, 229
20, 226
21, 225
21, 222
22, 221
22, 218
23, 217
23, 215
24, 214
24, 212
25, 211
25, 209
26, 208
26, 206
27, 205
27, 204
28, 203
28, 202
29, 201
29, 199
30, 198
30, 197
31, 196
31, 195
32, 194
32, 193
33, 192
33, 191
35, 189
35, 188
41, 182
44, 182
46, 184
46, 185
47, 186
47, 187
48, 188
48, 191
49, 192
49, 199
50, 200
50, 224
49, 225
49, 235
48, 236
48, 244
47, 245
47, 251
46, 252
46, 257
45, 258
45, 262
44, 263
44, 267
43, 268
43, 272
42, 273
42, 277
41, 278
41, 282
40, 283
40, 286
39, 287
39, 291
38, 292
38, 295
37, 296
37, 298
36, 299
36, 302
35, 303
35, 310
38, 310
38, 306
39, 305
39, 302
40, 301
40, 299
41, 298
41, 295
42, 294
42, 290
43, 289
43, 286
44, 285
44, 281
45, 280
45, 277
46, 276
46, 272
47, 271
47, 266
48, 265
48, 261
49, 260
49, 256
50, 255
50, 249
51, 248
51, 242
52, 241
52, 232
53, 231
53, 194
52, 193
52, 189
51, 188
51, 186
50, 185
50, 183
48, 181
48, 180
47, 179
46, 179
45, 178
40, 178
38, 180
37, 180
34, 183
34, 184
32, 186
32, 187
30, 189
30, 190
29, 191
29, 192
28, 193
28, 194
27, 195
27, 196
26, 197
26, 198
25, 199
25, 201
24, 202
24, 203
23, 204
23, 206
22, 207
22, 209
21, 210
21, 212
20, 213
20, 215
19, 216
19, 218
18, 219
18, 222
17, 223
17, 226
16, 227
16, 230
15, 231
15, 235
14, 236
14, 240
13, 241
13, 246
12, 247
12, 252
11, 253
11, 261
10, 262
10, 274
9, 275
9, 296
10, 297
10, 308
11, 309
11, 314
12, 315
12, 320
13, 321
13, 324
14, 325
14, 327
15, 328
15, 330
16, 331
16, 333
17, 334
17, 336
18, 337
18, 338
19, 339
19, 340
21, 342
21, 343
22, 344
22, 345
28, 351
29, 351
31, 353
32, 353
33, 354
37, 354
38, 355
42, 355
43, 354
45, 354
46, 353
47, 353
48, 352
49, 352
52, 349
53, 349
53, 348
58, 343
58, 342
59, 341
59, 340
61, 338
61, 337
62, 336
62, 335
63, 334
63, 333
64, 332
64, 331
65, 330
65, 328
66, 327
66, 326
67, 325
67, 323
68, 322
68, 320
69, 319
69, 317
70, 316
70, 313
71, 312
71, 309
72, 308
72, 306
73, 305
73, 301
74, 300
74, 296
75, 295
75, 292
76, 291
76, 286
77, 285
77, 280
78, 279
78, 274
79, 273
79, 268
80, 267
80, 262
81, 261
81, 255
82, 254
82, 248
83, 247
83, 240
84, 239
84, 233
85, 232
85, 225
86, 224
86, 217
87, 216
87, 209
88, 208
88, 200
89, 199
89, 192
90, 191
90, 186
91, 185
92, 186
92, 197
91, 198
91, 213
90, 214
90, 220
92, 222
93, 222
94, 221
95, 221
95, 220
96, 219
96, 206
97, 205
97, 186
98, 185
98, 170
99, 169
99, 160
100, 159
100, 150
101, 149
101, 143
102, 142
102, 137
103, 136
103, 132
104, 131
104, 127
105, 126
105, 122
106, 121
106, 119
107, 118
107, 117
108, 116
109, 116
110, 115
111, 115
111, 110
110, 110
109, 109
107, 109
106, 110
105, 110
104, 111
104, 112
103, 113
102, 112
102, 108
103, 107
103, 103
104, 102
104, 101
106, 99
107, 99
112, 94
113, 94
121, 86
122, 86
130, 78
131, 78
136, 73
137, 73
140, 70
141, 70
144, 67
145, 67
147, 65
148, 65
149, 64
150, 64
151, 63
152, 63
153, 62
154, 62
155, 61
157, 61
158, 60
161, 60
162, 61
162, 62
161, 63
161, 64
160, 65
160, 67
159, 68
159, 69
158, 70
158, 71
157, 72
157, 73
156, 74
156, 75
155, 76
155, 78
154, 79
154, 80
153, 81
153, 84
154, 85
157, 85
158, 84
158, 83
159, 82
159, 81
160, 80
160, 79
161, 78
161, 76
162, 75
162, 74
164, 72
164, 70
165, 69
165, 68
166, 67
166, 65
167, 64
167, 62
168, 61
168, 57
167, 56
167, 55
166, 55
165, 54
158, 54
157, 55
155, 55
154, 56
153, 56
152, 57
150, 57
149, 58
148, 58
146, 60
145, 60
144, 61
143, 61
141, 63
140, 63
138, 65
137, 65
133, 69
132, 69
127, 74
126, 74
118, 82
117, 82
109, 90
108, 90
107, 91
106, 90
106, 87
107, 86
107, 82
108, 81
108, 78
109, 77
109, 73
110, 72
110, 68
111, 67
111, 64
112, 63
112, 59
113, 58
113, 54
114, 53
114, 50
115, 49
115, 46
116, 45
116, 42
117, 41
117, 37
118, 36
118, 33
119, 32
119, 30
120, 29
120, 27
121, 26
122, 27
122, 44
121, 45
121, 51
120, 52
120, 54
121, 55
123, 55
124, 54
124, 50
125, 49
125, 36
126, 35
126, 17
