4, 2
480, 4
478, 369
2, 367
195, 16
195, 17
194, 18
195, 19
195, 23
196, 24
196, 26
197, 27
197, 29
198, 30
198, 32
199, 33
199, 35
200, 36
200, 37
201, 38
201, 40
202, 41
202, 42
203, 43
203, 44
204, 45
204, 47
205, 48
205, 49
206, 50
206, 51
207, 52
207, 54
208, 55
208, 56
209, 57
209, 58
210, 59
210, 60
211, 61
211, 63
212, 64
212, 65
213, 66
213, 68
214, 69
214, 70
215, 71
215, 73
216, 74
216, 75
217, 76
217, 78
218, 79
218, 80
219, 81
219, 82
220, 83
220, 84
221, 85
221, 87
222, 88
222, 89
223, 90
223, 91
224, 92
224, 93
225, 94
225, 96
226, 97
226, 98
227, 99
227, 100
228, 101
228, 102
229, 103
229, 104
230, 105
230, 106
231, 107
231, 108
232, 109
232, 110
233, 111
233, 112
234, 113
234, 114
235, 115
235, 116
236, 117
236, 118
238, 120
238, 121
239, 122
239, 123
240, 124
240, 125
241, 126
241, 127
242, 128
242, 129
243, 130
243, 131
244, 132
244, 134
245, 135
245, 137
246, 138
246, 141
247, 142
247, 145
248, 146
248, 150
249, 151
249, 156
250, 157
250, 158
249, 159
247, 157
247, 156
246, 155
246, 154
245, 153
245, 152
244, 151
244, 150
242, 148
242, 147
241, 146
241, 145
239, 143
239, 142
238, 141
238, 140
236, 138
236, 137
234, 135
234, 134
232, 132
232, 131
229, 128
229, 127
226, 124
226, 123
224, 121
224, 120
221, 117
221, 116
219, 114
219, 113
216, 110
216, 109
213, 106
213, 105
203, 95
202, 95
201, 94
200, 94
199, 93
198, 93
197, 92
194, 92
193, 93
192, 93
188, 97
188, 98
187, 99
187, 102
186, 103
186, 128
187, 129
187, 136
188, 137
188, 142
189, 143
189, 147
188, 148
187, 147
187, 146
186, 145
186, 143
185, 142
185, 141
184, 140
184, 139
183, 138
183, 137
182, 136
182, 135
181, 134
181, 133
180, 132
180, 131
178, 129
178, 128
177, 127
177, 126
175, 124
175, 123
174, 122
174, 121
172, 119
172, 118
171, 117
171, 116
169, 114
169, 113
166, 110
166, 109
162, 105
162, 104
156, 98
155, 98
152, 95
150, 95
149, 94
148, 94
147, 95
145, 95
144, 96
144, 97
143, 98
143, 100
142, 101
142, 111
143, 112
143, 115
144, 116
144, 120
145, 121
145, 123
146, 124
146, 127
147, 128
147, 130
148, 131
148, 134
149, 135
149, 137
150, 138
149, 139
148, 139
145, 136
144, 136
140, 132
139, 132
136, 129
135, 129
130, 124
129, 124
126, 121
125, 121
122, 118
121, 118
119, 116
118, 116
117, 115
116, 115
115, 114
114, 114
113, 113
112, 113
111, 112
110, 112
109, 111
107, 111
106, 110
101, 110
100, 111
99, 111
98, 112
98, 113
97, 114
97, 121
98, 122
98, 126
99, 127
99, 130
100, 131
100, 134
101, 135
101, 138
102, 139
102, 142
103, 143
103, 146
104, 147
104, 150
105, 151
105, 154
106, 155
106, 157
107, 158
107, 161
108, 162
108, 164
109, 165
109, 168
110, 169
110, 171
111, 172
111, 174
112, 175
112, 177
113, 178
113, 180
114, 181
114, 183
115, 184
115, 185
116, 186
116, 188
117, 189
117, 191
118, 192
118, 194
119, 195
119, 196
120, 197
120, 199
121, 200
121, 201
122, 202
122, 204
123, 205
123, 206
124, 207
124, 209
125, 210
125, 211
126, 212
126, 214
127, 215
127, 216
128, 217
128, 218
129, 219
129, 221
130, 222
130, 223
131, 224
131, 225
132, 226
132, 227
133, 228
133, 229
134, 230
134, 232
135, 233
135, 234
136, 235
136, 236
137, 237
137, 238
138, 239
138, 240
139, 241
139, 242
140, 243
140, 245
141, 246
141, 247
142, 248
142, 249
143, 250
143, 251
144, 252
144, 253
145, 254
145, 255
146, 256
146, 257
148, 259
148, 260
149, 261
149, 262
150, 263
150, 264
151, 265
151, 266
152, 267
152, 268
153, 269
153, 270
154, 271
154, 272
155, 273
155, 274
156, 275
156, 276
157, 277
157, 278
158, 279
158, 280
159, 281
159, 282
160, 283
160, 284
161, 285
161, 286
162, 287
162, 288
163, 289
163, 291
162, 292
161, 292
160, 291
159, 291
158, 290
157, 290
155, 288
154, 288
152, 286
151, 286
143, 278
142, 278
136, 272
136, 271
134, 269
133, 269
99, 235
99, 234
92, 227
92, 226
89, 223
89, 222
88, 221
88, 219
87, 218
87, 216
86, 215
86, 213
85, 212
85, 210
84, 209
84, 207
83, 206
83, 204
82, 203
82, 201
81, 200
81, 198
80, 197
80, 195
79, 194
79, 192
78, 191
78, 189
77, 188
77, 186
76, 185
76, 183
75, 182
75, 180
74, 179
74, 178
73, 177
73, 175
72, 174
72, 173
71, 172
71, 170
70, 169
70, 167
69, 166
69, 165
68, 164
68, 163
67, 162
67, 160
66, 159
66, 158
65, 157
65, 155
64, 154
64, 153
63, 152
63, 151
62, 150
62, 148
61, 147
61, 146
60, 145
60, 143
59, 142
59, 141
58, 140
58, 139
57, 138
57, 136
56, 135
56, 134
55, 133
55, 132
54, 131
54, 130
53, 129
53, 128
52, 127
52, 126
51, 125
51, 124
49, 122
49, 121
48, 120
48, 119
46, 117
46, 116
41, 111
41, 110
38, 107
37, 107
33, 103
32, 103
30, 101
26, 101
26, 102
25, 103
25, 118
26, 119
26, 124
27, 125
27, 128
28, 129
28, 132
29, 133
29, 135
30, 136
30, 138
31, 139
31, 140
32, 141
32, 143
33, 144
33, 145
34, 146
34, 147
36, 149
36, 150
37, 151
37, 152
38, 153
38, 154
40, 156
40, 157
41, 158
41, 159
43, 161
43, 162
44, 163
44, 164
46, 166
46, 167
47, 168
47, 169
48, 170
48, 171
50, 173
50, 174
51, 175
51, 176
52, 177
52, 178
54, 180
54, 181
55, 182
55, 183
57, 185
57, 186
59, 188
59, 189
61, 191
61, 192
64, 195
64, 196
66, 198
66, 199
69, 202
69, 203
73, 207
73, 208
77, 212
77, 213
81, 217
81, 218
85, 222
85, 223
87, 225
87, 226
88, 227
88, 229
89, 230
89, 232
90, 233
90, 235
91, 236
91, 238
92, 239
92, 241
93, 242
93, 245
94, 246
94, 248
95, 249
95, 251
96, 252
96, 255
97, 256
97, 258
98, 259
98, 261
99, 262
99, 265
100, 266
100, 268
101, 269
101, 272
102, 273
102, 275
103, 276
103, 279
104, 280
104, 283
105, 284
105, 286
106, 287
106, 290
107, 291
107, 293
108, 294
108, 297
109, 298
109, 300
110, 301
110, 303
111, 304
111, 305
112, 306
112, 308
113, 309
113, 311
114, 312
114, 313
115, 314
115, 316
116, 317
116, 319
117, 320
117, 321
118, 322
118, 324
119, 325
119, 326
120, 327
120, 329
121, 330
121, 332
122, 333
122, 335
123, 336
123, 337
124, 338
124, 340
125, 341
125, 342
124, 343
123, 343
121, 341
121, 340
113, 332
113, 331
107, 325
106, 325
104, 323
104, 322
83, 301
83, 300
74, 291
74, 290
69, 285
69, 284
59, 274
59, 273
49, 263
49, 262
39, 252
39, 251
31, 243
31, 242
27, 238
27, 237
25, 235
25, 233
24, 232
23, 232
22, 233
22, 236
26, 240
26, 241
30, 245
30, 246
38, 254
38, 255
48, 265
48, 266
59, 277
59, 278
68, 287
68, 288
73, 293
73, 294
82, 303
82, 304
112, 334
112, 335
120, 343
120, 344
127, 351
127, 352
129, 354
130, 354
131, 353
131, 350
130, 349
130, 347
129, 346
129, 344
128, 343
128, 342
127, 341
127, 339
126, 338
126, 336
125, 335
125, 334
124, 333
124, 331
123, 330
123, 328
122, 327
122, 325
121, 324
121, 323
120, 322
120, 320
119, 319
119, 318
118, 317
118, 315
117, 314
117, 312
116, 311
116, 310
115, 309
115, 307
114, 306
114, 304
113, 303
113, 302
112, 301
112, 299
111, 298
111, 296
110, 295
110, 292
109, 291
109, 289
108, 288
108, 285
107, 284
107, 281
106, 280
106, 277
105, 276
105, 274
104, 273
104, 270
103, 269
103, 267
102, 266
102, 264
101, 263
101, 260
100, 259
100, 257
99, 256
99, 253
98, 252
98, 250
97, 249
97, 247
96, 246
96, 243
95, 242
95, 240
94, 239
94, 237
93, 236
93, 234
94, 233
98, 237
98, 238
130, 270
131, 270
135, 274
135, 275
139, 279
140, 279
149, 288
150, 288
152, 290
153, 290
155, 292
156, 292
157, 293
158, 293
159, 294
161, 294
162, 295
163, 295
164, 296
165, 296
166, 297
167, 297
168, 296
168, 294
167, 293
167, 291
166, 290
166, 289
165, 288
165, 287
164, 286
164, 285
163, 284
163, 283
162, 282
162, 281
161, 280
161, 279
160, 278
160, 277
159, 276
159, 275
158, 274
158, 273
157, 272
157, 271
156, 270
156, 269
155, 268
155, 267
154, 266
154, 265
153, 264
153, 263
152, 262
152, 261
151, 260
151, 259
149, 257
149, 256
148, 255
148, 254
147, 253
147, 252
146, 251
146, 250
145, 249
145, 248
144, 247
144, 246
143, 245
143, 244
142, 243
142, 242
141, 241
141, 240
140, 239
140, 237
139, 236
139, 235
138, 234
138, 233
137, 232
137, 231
136, 230
136, 229
135, 228
135, 226
134, 225
134, 224
133, 223
133, 222
132, 221
132, 220
131, 219
131, 217
130, 216
130, 215
129, 214
129, 213
128, 212
128, 210
127, 209
127, 208
126, 207
126, 205
125, 204
125, 203
124, 202
124, 200
123, 199
123, 198
122, 197
122, 195
121, 194
121, 192
120, 191
120, 190
119, 189
119, 187
118, 186
118, 184
117, 183
117, 182
116, 181
116, 179
115, 178
115, 176
114, 175
114, 173
113, 172
113, 170
112, 169
112, 166
111, 165
111, 163
110, 162
110, 160
109, 159
109, 156
108, 155
108, 152
107, 151
107, 149
106, 148
106, 145
105, 144
105, 141
104, 140
104, 137
103, 136
103, 132
102, 131
102, 128
101, 127
101, 124
100, 123
100, 114
101, 113
102, 113
103, 112
104, 113
107, 113
108, 114
109, 114
110, 115
112, 115
114, 117
115, 117
116, 118
117, 118
119, 120
120, 120
122, 122
123, 122
126, 125
127, 125
132, 130
133, 130
137, 134
138, 134
142, 138
143, 138
146, 141
147, 141
153, 147
153, 148
154, 149
154, 150
155, 151
155, 152
156, 153
156, 155
157, 156
157, 157
158, 158
158, 160
159, 161
159, 162
160, 163
160, 164
161, 165
161, 166
162, 167
162, 168
163, 169
163, 170
164, 171
164, 172
165, 173
165, 174
167, 176
167, 177
168, 178
168, 179
171, 182
171, 183
174, 186
174, 187
175, 188
176, 188
177, 189
178, 189
179, 190
180, 190
181, 191
183, 191
184, 190
185, 190
186, 189
186, 188
187, 187
187, 186
188, 185
188, 183
189, 182
189, 177
190, 176
190, 164
189, 163
189, 160
190, 159
192, 161
192, 163
193, 164
193, 166
194, 167
194, 170
195, 171
195, 174
196, 175
196, 177
197, 178
197, 180
198, 181
198, 183
199, 184
199, 186
200, 187
200, 189
201, 190
201, 191
203, 191
204, 190
204, 189
205, 188
205, 183
204, 182
204, 180
203, 179
203, 177
202, 176
202, 175
201, 174
201, 173
200, 172
200, 171
199, 170
199, 168
198, 167
198, 166
197, 165
197, 164
196, 163
196, 162
195, 161
195, 160
194, 159
194, 156
193, 155
193, 151
192, 150
192, 146
191, 145
191, 140
190, 139
190, 133
189, 132
189, 124
188, 123
188, 107
189, 106
189, 102
190, 101
190, 99
194, 95
197, 95
198, 96
199, 96
200, 97
201, 97
212, 108
212, 109
215, 112
215, 113
217, 115
217, 116
220, 119
220, 120
222, 122
222, 123
225, 126
225, 127
227, 129
227, 130
231, 134
231, 135
232, 136
232, 137
234, 139
234, 140
236, 142
236, 143
237, 144
237, 145
239, 147
239, 148
240, 149
240, 150
242, 152
242, 153
243, 154
243, 155
244, 156
244, 157
245, 158
245, 159
246, 160
246, 161
247, 162
247, 163
248, 164
248, 165
249, 166
249, 167
250, 168
250, 169
251, 170
253, 170
253, 169
254, 168
253, 167
253, 159
252, 158
252, 153
251, 152
251, 148
250, 147
250, 146
251, 145
253, 147
253, 148
255, 150
255, 151
257, 153
257, 154
259, 156
259, 157
261, 159
261, 160
264, 163
264, 164
266, 166
266, 167
269, 170
269, 171
271, 173
271, 174
272, 175
275, 175
275, 173
274, 172
274, 170
273, 169
273, 167
272, 166
272, 164
271, 163
271, 160
270, 159
270, 156
269, 155
269, 152
268, 151
268, 147
267, 146
267, 140
266, 139
266, 122
267, 121
267, 119
268, 118
268, 117
269, 116
269, 115
273, 111
281, 111
283, 113
284, 113
298, 127
298, 128
302, 132
302, 133
305, 136
305, 137
308, 140
308, 141
311, 144
311, 145
313, 147
313, 148
316, 151
319, 151
320, 152
320, 153
328, 161
330, 161
331, 160
331, 158
332, 157
332, 151
331, 150
331, 144
330, 143
330, 139
329, 138
329, 135
328, 134
328, 130
327, 129
327, 125
326, 124
326, 120
325, 119
325, 113
324, 112
324, 103
325, 102
325, 100
326, 99
326, 98
327, 97
331, 97
332, 98
333, 98
335, 100
336, 100
348, 112
348, 113
351, 116
351, 117
353, 119
353, 120
355, 122
355, 123
357, 125
357, 126
359, 128
361, 128
363, 130
363, 131
364, 132
364, 133
365, 134
365, 136
367, 138
367, 139
368, 140
368, 141
369, 142
369, 143
370, 144
370, 145
371, 146
371, 147
373, 149
373, 150
376, 153
376, 154
380, 158
381, 158
382, 159
383, 159
384, 160
387, 160
388, 159
389, 159
390, 158
390, 157
391, 156
391, 141
390, 140
390, 135
389, 134
389, 130
388, 129
388, 126
387, 125
395, 129
395, 130
398, 133
398, 134
401, 137
401, 138
404, 141
404, 142
406, 144
406, 145
408, 147
408, 148
411, 151
411, 152
413, 154
413, 155
415, 157
415, 158
417, 160
417, 161
418, 162
418, 164
419, 165
419, 169
420, 170
420, 175
421, 176
421, 180
422, 181
422, 184
423, 185
423, 188
424, 189
424, 192
425, 193
425, 196
426, 197
426, 200
427, 201
427, 203
428, 204
428, 207
429, 208
429, 210
430, 211
430, 213
431, 214
431, 216
432, 217
432, 219
433, 220
433, 222
434, 223
434, 225
435, 226
435, 227
436, 228
436, 230
437, 231
437, 232
438, 233
438, 235
439, 236
439, 237
440, 238
440, 240
441, 241
441, 242
442, 243
442, 244
444, 246
444, 247
446, 249
446, 250
449, 253
450, 253
451, 254
455, 254
459, 250
459, 240
458, 239
458, 237
457, 236
457, 235
456, 234
456, 232
455, 231
455, 230
454, 229
454, 227
453, 226
453, 225
452, 224
452, 222
451, 221
451, 220
450, 219
450, 217
449, 216
449, 215
448, 214
448, 212
447, 211
447, 210
446, 209
446, 207
445, 206
445, 205
444, 204
444, 203
443, 202
443, 201
442, 200
442, 198
441, 197
441, 196
440, 195
440, 194
439, 193
439, 192
438, 191
438, 190
436, 188
436, 187
435, 186
435, 185
434, 184
434, 183
433, 182
433, 181
432, 180
432, 179
430, 177
430, 176
429, 175
429, 174
427, 172
427, 171
426, 170
426, 169
424, 167
424, 166
423, 165
423, 164
421, 162
421, 160
420, 159
420, 154
419, 153
419, 146
418, 145
418, 133
417, 132
417, 128
418, 127
419, 127
420, 128
427, 128
430, 131
430, 132
431, 133
432, 133
435, 136
436, 136
438, 138
439, 138
442, 141
443, 141
444, 142
450, 142
451, 141
452, 141
454, 139
454, 138
455, 137
455, 134
456, 133
456, 127
455, 126
455, 122
454, 121
454, 118
453, 117
453, 116
452, 115
452, 113
451, 112
451, 111
450, 110
450, 109
449, 108
449, 107
448, 106
448, 105
446, 103
446, 102
444, 100
444, 99
442, 97
442, 96
437, 91
437, 90
436, 90
433, 87
432, 87
431, 86
430, 86
429, 85
424, 85
420, 89
420, 90
419, 91
419, 92
418, 93
418, 95
417, 96
417, 99
416, 100
416, 105
415, 106
415, 117
414, 118
413, 118
412, 117
412, 116
410, 114
410, 113
407, 110
407, 109
406, 108
406, 106
405, 105
405, 104
404, 104
403, 105
403, 106
404, 107
404, 110
406, 112
406, 113
409, 116
409, 117
411, 119
411, 120
414, 123
414, 124
415, 125
415, 140
416, 141
416, 150
417, 151
417, 152
416, 153
412, 149
412, 148
410, 146
410, 145
408, 143
408, 142
406, 140
406, 139
403, 136
403, 135
400, 132
400, 131
396, 127
396, 126
390, 120
390, 119
380, 109
380, 108
378, 106
378, 105
376, 103
376, 102
374, 100
374, 99
366, 91
364, 91
363, 90
360, 90
357, 93
357, 95
356, 96
356, 109
357, 110
357, 114
358, 115
358, 119
357, 120
354, 117
354, 116
352, 114
352, 113
349, 110
349, 109
339, 99
338, 99
336, 97
335, 97
333, 95
331, 95
330, 94
327, 94
326, 95
325, 95
324, 96
324, 97
323, 98
323, 99
322, 100
322, 117
323, 118
323, 122
324, 123
324, 127
325, 128
325, 132
326, 133
326, 136
327, 137
327, 141
328, 142
328, 147
329, 148
329, 156
328, 157
322, 151
322, 150
319, 147
319, 146
318, 145
318, 141
317, 140
317, 137
316, 136
316, 134
315, 133
315, 131
314, 130
314, 129
313, 128
313, 126
312, 125
312, 124
311, 123
311, 122
310, 121
310, 120
309, 119
309, 118
308, 117
308, 116
307, 115
307, 114
305, 112
305, 111
304, 110
304, 109
303, 108
303, 107
301, 105
301, 104
299, 102
299, 101
298, 100
298, 99
296, 97
295, 97
294, 98
294, 101
295, 102
295, 105
296, 106
296, 109
297, 110
297, 112
298, 113
298, 114
299, 115
299, 116
300, 117
300, 118
301, 119
301, 121
302, 122
302, 123
304, 125
304, 126
305, 127
305, 128
306, 129
306, 130
307, 131
307, 132
306, 133
303, 130
303, 129
299, 125
299, 124
286, 111
285, 111
284, 110
283, 110
282, 109
281, 109
280, 108
274, 108
273, 109
272, 109
271, 110
270, 110
267, 113
267, 114
266, 115
266, 116
265, 117
265, 119
264, 120
264, 124
263, 125
263, 134
264, 135
264, 144
265, 145
265, 149
266, 150
266, 154
267, 155
267, 158
268, 159
265, 161
265, 160
263, 158
263, 157
260, 154
260, 153
258, 151
258, 150
257, 149
257, 148
255, 146
255, 145
253, 143
253, 142
252, 141
252, 140
250, 138
250, 137
249, 136
249, 135
248, 134
248, 133
247, 132
247, 131
246, 130
246, 128
245, 127
245, 124
244, 123
244, 121
243, 120
243, 117
242, 116
242, 114
241, 113
241, 111
240, 110
240, 107
239, 106
239, 104
238, 103
238, 101
237, 100
237, 98
236, 97
236, 95
235, 94
235, 92
234, 91
234, 89
233, 88
233, 87
232, 86
232, 84
231, 83
231, 82
230, 81
230, 79
229, 78
229, 77
228, 76
228, 74
227, 73
227, 72
226, 71
226, 69
225, 68
225, 67
224, 66
224, 65
223, 64
223, 63
222, 62
222, 61
221, 60
221, 58
220, 57
220, 56
219, 55
219, 54
218, 53
218, 52
217, 51
217, 50
216, 49
216, 48
215, 47
215, 46
214, 45
214, 44
213, 43
213, 42
212, 41
212, 40
210, 38
210, 37
209, 36
209, 35
208, 34
208, 33
206, 31
206, 30
205, 29
205, 28
204, 27
204, 26
202, 24
202, 23
200, 21
200, 20
198, 18
198, 17
197, 16
423, 173
424, 172
426, 174
426, 175
427, 176
427, 177
429, 179
429, 180
430, 181
430, 182
431, 183
431, 184
433, 186
433, 187
434, 188
434, 189
435, 190
435, 191
436, 192
436, 193
437, 194
437, 195
438, 196
438, 197
439, 198
439, 199
440, 200
440, 201
441, 202
441, 204
442, 205
442, 206
443, 207
443, 208
444, 209
444, 211
445, 212
445, 213
446, 214
446, 216
447, 217
447, 218
448, 219
448, 220
449, 221
449, 223
450, 224
450, 226
451, 227
451, 228
452, 229
452, 231
453, 232
453, 233
454, 234
454, 236
455, 237
455, 238
456, 239
456, 241
457, 242
457, 248
453, 252
452, 251
451, 251
447, 247
447, 246
446, 245
446, 244
444, 242
444, 241
443, 240
443, 239
442, 238
442, 236
441, 235
441, 234
440, 233
440, 231
439, 230
439, 229
438, 228
438, 226
437, 225
437, 224
436, 223
436, 221
435, 220
435, 218
434, 217
434, 215
433, 214
433, 212
432, 211
432, 209
431, 208
431, 205
430, 204
430, 202
429, 201
429, 198
428, 197
428, 194
427, 193
427, 191
426, 190
426, 187
425, 186
425, 182
424, 181
424, 178
423, 177
312, 131
310, 132
170, 120
168, 121
305, 116
305, 117
306, 118
306, 119
307, 120
307, 121
308, 122
308, 123
309, 124
309, 125
310, 126
310, 127
311, 128
309, 130
309, 129
308, 128
308, 127
306, 125
306, 124
305, 123
305, 122
304, 121
304, 120
303, 119
303, 118
302, 117
303, 113
301, 114
149, 110
150, 109
152, 109
153, 110
154, 110
166, 122
166, 123
170, 127
170, 128
173, 131
173, 132
175, 134
175, 135
178, 138
178, 139
180, 141
180, 142
182, 144
182, 145
183, 146
183, 147
185, 149
185, 152
186, 153
186, 157
187, 158
187, 179
186, 180
186, 183
185, 184
185, 185
182, 188
180, 188
178, 186
177, 186
175, 184
175, 183
172, 180
172, 179
170, 177
170, 176
169, 175
169, 174
167, 172
167, 171
166, 170
166, 169
165, 168
165, 167
164, 166
164, 165
163, 164
163, 163
162, 162
162, 161
161, 160
161, 159
160, 158
160, 156
162, 154
162, 152
159, 149
159, 148
157, 146
157, 145
156, 144
156, 143
154, 141
154, 139
153, 138
153, 137
152, 136
152, 134
151, 133
151, 131
150, 130
150, 127
149, 126
149, 123
148, 122
148, 112
149, 111
365, 105
367, 104
368, 105
369, 105
370, 106
371, 106
372, 107
373, 107
380, 114
380, 115
381, 116
381, 117
382, 118
382, 119
383, 120
383, 121
384, 124
385, 125
385, 128
386, 129
386, 132
387, 133
387, 137
388, 138
388, 144
389, 145
389, 154
388, 155
388, 156
384, 157
383, 156
382, 156
377, 151
377, 150
375, 148
375, 147
373, 145
373, 144
372, 143
372, 142
371, 141
371, 140
369, 138
369, 137
368, 136
368, 135
367, 134
367, 132
366, 131
366, 130
365, 129
365, 127
364, 126
364, 125
363, 121
362, 120
362, 116
361, 115
361, 110
362, 109
362, 107
364, 105
29, 104
30, 105
31, 105
34, 108
35, 108
40, 113
40, 114
44, 118
44, 119
46, 121
46, 122
48, 124
48, 125
49, 126
49, 127
50, 128
50, 129
51, 130
51, 131
52, 132
52, 133
53, 134
53, 135
54, 136
54, 137
55, 138
55, 139
56, 140
56, 142
57, 143
57, 144
58, 145
58, 147
59, 148
59, 149
60, 150
60, 152
61, 153
61, 154
62, 155
62, 156
63, 157
63, 159
64, 160
64, 161
65, 162
65, 164
66, 165
66, 166
67, 167
67, 168
68, 169
68, 171
69, 172
69, 174
70, 175
70, 176
71, 177
71, 179
72, 180
72, 181
73, 182
73, 184
74, 185
74, 187
75, 188
75, 190
76, 191
76, 193
77, 194
77, 196
78, 197
78, 199
79, 200
79, 202
80, 203
80, 205
81, 206
81, 208
82, 209
82, 211
83, 212
83, 213
82, 214
79, 211
79, 210
74, 205
74, 204
71, 201
71, 200
68, 197
68, 196
65, 193
65, 192
62, 189
62, 188
60, 186
60, 185
59, 184
59, 183
57, 181
57, 180
56, 179
56, 178
54, 176
54, 175
53, 174
53, 173
51, 171
51, 170
50, 169
50, 168
49, 167
49, 166
48, 165
48, 164
46, 162
46, 161
44, 159
44, 158
43, 157
43, 156
41, 154
41, 153
40, 152
40, 151
39, 150
39, 149
37, 147
37, 146
36, 145
36, 144
35, 143
35, 142
34, 141
34, 139
33, 138
33, 137
32, 136
32, 134
31, 133
31, 130
30, 129
30, 127
29, 126
29, 122
28, 121
28, 113
27, 112
27, 106
146, 98
147, 97
150, 97
152, 99
153, 99
161, 107
161, 108
164, 111
164, 112
167, 115
167, 116
169, 118
156, 108
155, 108
154, 107
148, 107
146, 109
145, 108
145, 106
144, 105
144, 104
145, 103
145, 100
146, 99
361, 93
372, 101
371, 103
370, 103
369, 102
364, 102
363, 103
362, 103
360, 105
358, 104
358, 98
359, 97
427, 88
429, 88
430, 89
431, 89
433, 91
434, 91
436, 93
436, 94
441, 99
441, 100
443, 102
443, 103
444, 104
444, 105
446, 107
446, 108
447, 109
447, 110
448, 111
448, 112
449, 113
449, 114
450, 117
451, 118
451, 120
452, 121
452, 124
453, 125
453, 135
452, 136
452, 137
450, 139
449, 139
446, 140
445, 139
444, 139
441, 136
440, 136
438, 134
437, 134
435, 132
434, 132
431, 129
431, 128
429, 126
427, 126
426, 125
420, 125
417, 112
418, 111
418, 103
419, 102
419, 98
420, 97
420, 95
421, 94
421, 93
422, 92
422, 91
200, 28
201, 27
202, 28
202, 29
203, 30
203, 31
205, 33
205, 34
206, 35
206, 36
207, 37
207, 38
209, 40
209, 41
210, 42
210, 43
211, 44
211, 45
212, 46
212, 47
213, 48
213, 49
214, 50
214, 51
215, 52
215, 53
216, 54
216, 55
217, 56
217, 57
218, 58
218, 59
219, 60
219, 61
220, 62
220, 64
221, 65
221, 66
222, 67
222, 68
223, 69
223, 70
224, 71
224, 73
225, 74
225, 75
226, 76
226, 78
227, 79
227, 80
228, 81
228, 83
229, 84
229, 85
230, 86
230, 88
231, 89
231, 90
232, 91
232, 93
233, 94
233, 96
234, 97
234, 99
235, 100
235, 102
236, 103
236, 105
237, 106
237, 109
238, 110
238, 112
237, 113
236, 112
236, 111
235, 110
235, 109
234, 108
234, 107
233, 106
233, 105
232, 104
232, 103
231, 102
231, 101
230, 100
230, 99
229, 98
229, 97
228, 96
228, 95
227, 94
227, 92
226, 91
226, 90
225, 89
225, 88
224, 87
224, 86
223, 85
223, 83
222, 82
222, 81
221, 80
221, 79
220, 78
220, 77
219, 76
219, 74
218, 73
218, 72
217, 71
217, 69
216, 68
216, 67
215, 66
215, 64
214, 63
214, 62
213, 61
213, 60
212, 59
212, 57
211, 56
211, 55
210, 54
210, 53
209, 52
209, 50
208, 49
208, 48
207, 47
207, 46
206, 45
206, 43
205, 42
205, 41
204, 40
204, 39
203, 38
203, 36
202, 35
202, 34
201, 33
201, 31
200, 30
