4, 2
496, 4
494, 295
2, 293
400, 114
398, 116
398, 117
397, 118
397, 122
396, 123
396, 127
397, 128
397, 136
398, 137
398, 140
399, 141
399, 145
400, 146
400, 148
401, 149
401, 151
402, 152
402, 155
403, 156
403, 157
404, 158
404, 160
405, 161
405, 163
406, 164
406, 166
407, 167
407, 168
408, 169
405, 170
405, 169
401, 165
401, 164
398, 161
398, 160
395, 157
395, 156
391, 152
391, 151
386, 146
386, 145
383, 142
383, 141
380, 138
380, 137
379, 136
379, 134
378, 133
378, 131
377, 130
375, 130
374, 131
374, 135
375, 136
375, 138
376, 139
376, 140
377, 141
377, 142
381, 146
381, 147
385, 151
385, 152
389, 156
389, 157
393, 161
393, 162
396, 165
396, 166
400, 170
400, 171
403, 174
403, 175
406, 178
406, 179
409, 182
409, 183
412, 186
412, 187
414, 189
414, 190
417, 193
417, 194
419, 196
419, 197
420, 198
420, 199
421, 200
421, 201
422, 202
422, 203
423, 204
423, 206
424, 207
424, 208
425, 209
425, 210
426, 211
426, 212
427, 213
427, 214
428, 215
428, 216
429, 217
429, 218
430, 219
430, 220
431, 221
431, 222
432, 223
432, 224
433, 225
433, 227
434, 228
434, 229
435, 230
435, 231
436, 232
436, 233
437, 234
437, 235
438, 236
438, 237
439, 238
439, 239
440, 240
440, 241
441, 242
441, 243
442, 244
442, 245
443, 246
443, 247
444, 248
444, 249
446, 251
446, 252
447, 253
447, 254
449, 256
449, 257
450, 258
450, 259
452, 261
452, 262
454, 264
454, 265
457, 268
457, 269
461, 273
461, 274
468, 281
469, 281
471, 283
472, 283
473, 284
475, 284
476, 283
476, 280
475, 279
475, 278
474, 277
474, 276
473, 275
473, 274
472, 273
472, 272
471, 271
471, 270
469, 268
469, 267
468, 266
468, 265
467, 264
467, 263
466, 262
466, 261
464, 259
464, 258
463, 257
463, 256
462, 255
462, 254
461, 253
461, 252
459, 250
459, 249
458, 248
458, 247
457, 246
457, 245
455, 243
455, 242
454, 241
454, 240
453, 239
453, 238
451, 236
451, 235
449, 233
449, 232
448, 231
448, 230
446, 228
446, 227
444, 225
444, 224
443, 223
443, 222
441, 220
441, 219
439, 217
439, 216
436, 213
436, 212
434, 210
434, 209
433, 208
433, 207
430, 204
430, 203
428, 201
428, 200
425, 197
425, 196
423, 194
423, 193
422, 192
422, 191
421, 190
421, 188
420, 187
420, 186
419, 185
419, 184
418, 183
418, 182
417, 181
417, 179
416, 178
416, 177
415, 176
415, 175
414, 174
414, 172
413, 171
413, 170
412, 169
412, 167
411, 166
411, 165
410, 164
410, 162
409, 161
409, 159
408, 158
408, 156
407, 155
407, 154
406, 153
406, 150
405, 149
405, 147
404, 146
404, 143
403, 142
403, 139
402, 138
402, 134
401, 133
401, 121
402, 120
403, 120
407, 124
407, 125
408, 126
408, 127
409, 128
409, 129
410, 130
410, 131
411, 132
411, 134
412, 135
412, 137
413, 138
413, 140
414, 141
414, 151
412, 153
412, 154
411, 155
411, 156
412, 157
415, 157
417, 155
417, 154
418, 153
418, 150
419, 149
419, 144
418, 143
418, 139
417, 138
417, 135
416, 134
416, 133
415, 132
415, 130
414, 129
414, 128
413, 127
413, 126
412, 125
412, 124
411, 123
411, 122
409, 120
409, 119
405, 115
404, 115
403, 114
439, 228
440, 227
442, 229
442, 230
443, 231
443, 232
445, 234
445, 235
447, 237
447, 238
448, 239
448, 240
450, 242
450, 243
451, 244
451, 245
452, 246
452, 247
454, 249
454, 250
455, 251
455, 252
456, 253
456, 254
458, 256
458, 257
459, 258
459, 259
460, 260
460, 261
461, 262
461, 263
463, 265
463, 266
462, 267
459, 264
459, 263
457, 261
457, 260
455, 258
455, 257
453, 255
453, 254
452, 253
452, 252
450, 250
450, 249
449, 248
449, 247
447, 245
447, 244
446, 243
446, 242
445, 241
445, 240
444, 239
444, 238
443, 237
443, 236
442, 235
442, 234
441, 233
441, 232
440, 231
440, 230
439, 229
152, 13
151, 14
151, 16
152, 17
152, 19
153, 20
153, 22
154, 23
154, 24
155, 25
155, 26
156, 27
156, 29
157, 30
157, 31
158, 32
158, 33
159, 34
159, 36
160, 37
160, 38
161, 39
161, 40
162, 41
162, 42
163, 43
163, 45
164, 46
164, 47
165, 48
165, 49
166, 50
166, 51
167, 52
167, 53
168, 54
168, 55
169, 56
169, 57
170, 58
170, 59
171, 60
171, 61
172, 62
172, 63
173, 64
173, 65
174, 66
174, 67
175, 68
175, 69
176, 70
176, 71
177, 72
177, 73
178, 74
178, 75
179, 76
179, 77
180, 78
180, 79
181, 80
181, 81
182, 82
182, 83
184, 85
184, 86
185, 87
185, 88
186, 89
186, 90
187, 91
187, 92
188, 93
188, 94
189, 95
189, 96
191, 98
191, 99
192, 100
192, 101
193, 102
193, 103
194, 104
194, 105
196, 107
196, 108
197, 109
197, 110
198, 111
198, 112
199, 113
199, 114
201, 116
201, 117
202, 118
202, 119
203, 120
203, 121
204, 122
204, 123
205, 124
205, 125
206, 126
206, 127
208, 129
208, 130
209, 131
209, 132
210, 133
204, 130
204, 129
186, 111
185, 111
182, 108
181, 108
180, 107
179, 107
178, 106
177, 106
176, 105
175, 105
174, 104
172, 104
171, 103
168, 103
167, 102
162, 102
161, 103
159, 103
158, 104
157, 104
156, 105
155, 105
153, 107
153, 108
152, 109
152, 110
151, 111
151, 113
150, 114
149, 114
147, 112
147, 111
139, 103
138, 103
136, 101
129, 101
127, 103
127, 104
126, 105
126, 106
125, 107
125, 118
126, 119
126, 121
127, 122
127, 123
128, 124
128, 126
129, 127
129, 128
130, 129
130, 130
131, 131
131, 132
132, 133
132, 134
133, 135
126, 132
126, 131
109, 114
108, 114
104, 110
103, 110
101, 108
100, 108
99, 107
98, 107
97, 106
96, 106
95, 105
94, 105
93, 104
92, 104
91, 103
89, 103
88, 102
78, 102
77, 103
75, 103
74, 104
73, 104
68, 109
68, 110
67, 111
67, 113
66, 114
66, 116
65, 117
65, 132
66, 133
66, 136
67, 137
67, 140
68, 141
68, 143
69, 144
69, 146
70, 147
70, 148
71, 149
71, 151
72, 152
72, 153
73, 154
73, 155
74, 156
74, 157
76, 159
76, 160
77, 161
77, 162
78, 163
78, 164
79, 165
79, 166
81, 168
81, 169
83, 171
83, 172
86, 175
86, 176
89, 179
89, 180
94, 185
94, 186
99, 191
99, 192
108, 201
108, 202
117, 211
117, 212
120, 215
120, 216
123, 219
123, 220
124, 221
124, 222
123, 223
122, 223
120, 221
119, 221
116, 218
115, 218
110, 213
109, 213
85, 189
85, 188
80, 183
80, 182
74, 176
74, 175
71, 172
71, 171
69, 169
69, 168
66, 165
66, 164
64, 162
64, 161
62, 159
62, 158
60, 156
60, 155
58, 153
58, 152
57, 151
57, 150
55, 148
55, 147
54, 146
54, 145
52, 143
52, 142
51, 141
51, 140
49, 138
49, 137
48, 136
48, 135
47, 134
47, 133
46, 132
46, 131
45, 130
45, 129
44, 128
44, 127
43, 126
43, 125
42, 124
42, 123
41, 122
41, 121
40, 120
40, 119
39, 118
39, 117
38, 116
38, 115
37, 114
37, 113
36, 112
36, 111
35, 110
35, 109
34, 108
34, 106
33, 105
33, 104
32, 103
32, 102
31, 101
31, 100
30, 99
30, 98
29, 97
29, 96
28, 95
28, 94
27, 93
27, 92
26, 91
26, 90
25, 89
25, 88
24, 87
23, 87
22, 88
22, 91
23, 92
23, 93
24, 94
24, 96
25, 97
25, 98
26, 99
26, 101
27, 102
27, 103
28, 104
28, 105
29, 106
29, 108
30, 109
30, 110
31, 111
31, 113
32, 114
32, 115
33, 116
33, 118
34, 119
34, 120
35, 121
35, 123
36, 124
36, 125
37, 126
37, 128
38, 129
38, 130
39, 131
39, 133
40, 134
40, 136
41, 137
41, 138
42, 139
42, 141
43, 142
43, 144
44, 145
44, 146
45, 147
45, 149
46, 150
46, 152
47, 153
47, 155
48, 156
48, 158
49, 159
49, 160
50, 161
50, 163
51, 164
51, 166
52, 167
52, 169
53, 170
53, 172
54, 173
54, 175
55, 176
55, 177
56, 178
56, 180
57, 181
57, 183
58, 184
58, 186
59, 187
59, 188
60, 189
60, 191
61, 192
61, 194
62, 195
62, 197
63, 198
63, 200
64, 201
64, 202
65, 203
65, 205
66, 206
66, 208
67, 209
67, 211
68, 212
68, 213
69, 214
69, 216
70, 217
70, 219
71, 220
71, 222
72, 223
72, 224
73, 225
73, 227
74, 228
74, 229
75, 230
75, 232
76, 233
76, 235
77, 236
77, 238
78, 239
78, 240
79, 241
79, 243
80, 244
80, 246
81, 247
81, 249
82, 250
82, 252
83, 253
83, 255
84, 256
84, 259
85, 260
85, 262
86, 263
86, 267
87, 268
87, 271
86, 272
85, 271
84, 271
81, 268
80, 268
74, 262
73, 262
50, 239
50, 238
41, 229
41, 228
36, 223
35, 223
34, 222
33, 222
32, 223
32, 224
44, 236
44, 237
75, 268
76, 268
80, 272
81, 272
83, 274
84, 274
86, 276
89, 276
90, 275
90, 268
89, 267
89, 263
88, 262
88, 259
87, 258
87, 256
86, 255
86, 253
85, 252
85, 250
84, 249
84, 247
83, 246
83, 244
82, 243
82, 241
81, 240
81, 238
80, 237
80, 235
79, 234
79, 233
78, 232
78, 230
77, 229
77, 227
76, 226
76, 225
75, 224
75, 222
74, 221
74, 219
73, 218
73, 217
72, 216
72, 214
71, 213
71, 211
70, 210
70, 208
69, 207
69, 206
68, 205
68, 203
67, 202
67, 200
66, 199
66, 197
65, 196
65, 195
64, 194
64, 192
63, 191
63, 189
62, 188
62, 186
61, 185
61, 183
60, 182
60, 181
59, 180
59, 178
58, 177
58, 175
57, 174
57, 172
56, 171
56, 170
55, 169
55, 167
54, 166
54, 164
53, 163
53, 161
52, 160
52, 158
51, 157
51, 155
50, 154
50, 153
49, 152
49, 150
48, 149
48, 147
47, 146
47, 144
46, 143
48, 141
48, 142
50, 144
50, 145
51, 146
51, 147
52, 148
52, 149
54, 151
54, 152
55, 153
55, 154
57, 156
57, 157
59, 159
59, 160
61, 162
61, 163
63, 165
63, 166
66, 169
66, 170
68, 172
68, 173
71, 176
71, 177
75, 181
75, 182
81, 188
81, 189
88, 196
88, 197
101, 210
102, 210
109, 217
110, 217
114, 221
115, 221
118, 224
119, 224
121, 226
123, 226
124, 227
128, 227
128, 226
129, 225
128, 224
128, 222
127, 221
127, 220
126, 219
126, 218
124, 216
124, 215
121, 212
121, 211
115, 205
115, 204
104, 193
104, 192
98, 186
98, 185
93, 180
93, 179
89, 175
89, 174
86, 171
86, 170
84, 168
84, 167
82, 165
82, 164
81, 163
81, 162
80, 161
80, 160
78, 158
78, 157
77, 156
77, 155
76, 154
76, 153
75, 152
75, 151
74, 150
74, 149
73, 148
73, 146
72, 145
72, 144
71, 143
71, 141
70, 140
70, 137
69, 136
69, 133
68, 132
68, 117
69, 116
69, 114
70, 113
70, 112
71, 111
71, 110
74, 107
75, 107
76, 106
77, 106
78, 105
88, 105
89, 106
91, 106
92, 107
93, 107
94, 108
95, 108
96, 109
97, 109
99, 111
100, 111
102, 113
103, 113
109, 119
110, 119
117, 126
117, 127
130, 140
130, 141
139, 150
139, 151
142, 154
142, 155
144, 157
144, 158
145, 159
145, 160
146, 161
146, 162
148, 164
148, 165
150, 167
150, 168
152, 170
152, 171
154, 173
154, 174
157, 177
157, 178
162, 183
162, 184
165, 187
166, 187
168, 189
172, 189
172, 186
170, 184
170, 183
166, 179
166, 178
162, 174
162, 173
158, 169
158, 168
154, 164
154, 163
150, 159
150, 158
145, 153
145, 152
143, 150
143, 149
142, 148
142, 147
141, 146
141, 145
140, 144
140, 143
139, 142
139, 141
138, 140
138, 139
137, 138
137, 137
136, 136
136, 135
135, 134
135, 133
134, 132
134, 131
133, 130
133, 129
132, 128
132, 126
131, 125
131, 124
130, 123
130, 121
129, 120
129, 118
128, 117
128, 107
132, 103
133, 104
135, 104
139, 108
140, 108
142, 110
142, 111
147, 116
147, 117
150, 120
150, 122
151, 123
151, 127
152, 128
152, 131
153, 132
153, 134
154, 135
154, 137
155, 138
155, 140
156, 141
156, 142
157, 143
157, 145
158, 146
158, 147
159, 148
159, 149
160, 150
160, 151
161, 152
161, 153
162, 154
162, 155
163, 156
163, 157
165, 159
165, 160
166, 161
166, 162
168, 164
168, 165
174, 171
175, 171
176, 172
180, 172
180, 166
179, 165
179, 164
178, 163
178, 162
177, 161
177, 159
176, 158
176, 157
175, 156
175, 155
174, 154
174, 153
173, 152
173, 151
172, 150
172, 149
171, 148
171, 147
170, 146
170, 145
168, 143
168, 142
167, 141
167, 140
166, 139
166, 138
164, 136
164, 135
162, 133
162, 132
160, 130
160, 129
158, 127
158, 126
156, 124
156, 123
154, 121
154, 120
153, 119
153, 115
154, 114
154, 112
155, 111
155, 110
159, 106
161, 106
162, 105
167, 105
168, 106
171, 106
172, 107
174, 107
175, 108
176, 108
178, 110
179, 110
181, 112
182, 112
185, 115
186, 115
198, 127
198, 128
205, 135
205, 136
211, 142
211, 143
215, 147
215, 148
219, 152
219, 153
222, 153
222, 152
223, 151
226, 154
226, 155
229, 158
229, 159
232, 162
232, 163
241, 172
242, 172
244, 174
245, 174
246, 175
248, 175
251, 172
251, 160
250, 159
250, 155
249, 154
249, 150
248, 149
248, 146
247, 145
247, 142
246, 141
246, 138
245, 137
245, 134
244, 133
244, 129
243, 128
243, 124
242, 123
242, 119
241, 118
241, 113
240, 112
242, 110
248, 116
248, 117
250, 119
250, 120
252, 122
252, 123
254, 125
254, 126
256, 128
256, 129
257, 130
257, 131
258, 132
258, 133
260, 135
260, 136
262, 138
262, 139
263, 140
263, 141
266, 144
266, 145
268, 147
268, 148
272, 152
272, 153
280, 161
280, 162
285, 167
286, 167
289, 170
290, 170
292, 172
293, 172
294, 173
295, 173
296, 174
299, 174
300, 173
301, 173
301, 172
302, 171
302, 170
303, 169
303, 163
302, 162
302, 157
301, 156
301, 152
300, 151
300, 148
299, 147
299, 145
298, 144
298, 141
297, 140
297, 138
296, 137
296, 135
295, 134
296, 133
297, 133
305, 141
305, 142
308, 145
308, 146
312, 150
312, 151
317, 156
317, 157
320, 160
322, 160
323, 159
323, 153
322, 152
322, 148
321, 147
321, 145
320, 144
320, 142
319, 141
319, 139
318, 138
318, 135
317, 134
317, 132
316, 131
316, 128
315, 127
315, 119
316, 118
316, 117
317, 116
321, 116
322, 117
323, 117
331, 125
331, 126
336, 131
336, 132
342, 138
342, 139
358, 155
361, 155
361, 150
360, 149
360, 147
359, 146
359, 145
358, 144
358, 143
357, 142
357, 141
355, 139
355, 138
353, 136
353, 135
351, 133
351, 132
349, 130
347, 130
347, 136
348, 137
347, 138
346, 138
340, 132
340, 131
335, 126
335, 125
324, 114
323, 114
322, 113
316, 113
313, 116
313, 118
312, 119
312, 127
313, 128
313, 131
314, 132
314, 135
315, 136
315, 138
316, 139
316, 141
317, 142
317, 144
318, 145
318, 148
319, 149
319, 152
318, 153
316, 151
316, 150
312, 146
312, 145
308, 141
308, 140
301, 133
301, 132
300, 132
297, 129
296, 129
295, 128
292, 128
291, 129
291, 131
292, 132
292, 134
293, 135
293, 137
294, 138
294, 141
295, 142
295, 144
296, 145
296, 147
297, 148
297, 151
298, 152
298, 156
299, 157
299, 162
300, 163
300, 169
298, 171
296, 171
295, 170
294, 170
291, 167
290, 167
276, 153
276, 152
272, 148
272, 147
269, 144
269, 143
266, 140
266, 139
264, 137
264, 136
263, 135
263, 134
261, 132
261, 131
260, 130
260, 129
258, 127
258, 126
257, 125
257, 124
255, 122
255, 121
253, 119
253, 118
252, 117
252, 116
249, 113
249, 112
244, 107
243, 107
242, 106
239, 106
238, 107
238, 118
239, 119
239, 123
240, 124
240, 128
241, 129
241, 133
242, 134
242, 137
243, 138
243, 141
244, 142
244, 145
245, 146
245, 149
246, 150
246, 154
247, 155
247, 159
248, 160
248, 170
247, 171
245, 171
242, 168
241, 168
236, 163
236, 162
232, 158
232, 157
229, 154
229, 153
226, 150
226, 149
224, 147
224, 146
223, 145
223, 144
221, 142
221, 141
219, 139
219, 138
218, 137
218, 136
217, 135
217, 134
215, 132
215, 131
214, 130
214, 129
213, 128
213, 127
211, 125
211, 124
210, 123
210, 122
209, 121
209, 120
208, 119
208, 118
207, 117
207, 116
206, 115
206, 114
205, 113
205, 112
204, 111
204, 110
203, 109
203, 108
202, 107
202, 106
201, 105
201, 104
200, 103
200, 102
199, 101
199, 100
198, 99
198, 97
197, 96
197, 95
196, 94
196, 93
195, 92
195, 91
194, 90
194, 89
193, 88
193, 86
192, 85
192, 84
191, 83
191, 82
190, 81
190, 79
189, 78
189, 77
188, 76
188, 75
187, 74
187, 73
186, 72
186, 70
185, 69
185, 68
184, 67
184, 66
183, 65
183, 64
182, 63
182, 62
181, 61
181, 60
180, 59
180, 58
179, 57
179, 56
178, 55
178, 53
177, 52
177, 51
176, 50
176, 49
175, 48
175, 47
174, 46
174, 45
172, 43
172, 42
171, 41
171, 40
170, 39
170, 38
169, 37
169, 36
168, 35
168, 34
167, 33
167, 32
165, 30
165, 29
164, 28
164, 27
163, 26
163, 25
161, 23
161, 22
159, 20
159, 19
156, 16
156, 15
154, 13
354, 142
354, 143
355, 144
355, 145
356, 147
349, 141
156, 132
157, 131
159, 133
159, 134
161, 136
161, 137
163, 139
163, 140
164, 141
164, 142
165, 143
165, 144
167, 146
167, 147
168, 148
168, 149
169, 150
169, 151
171, 153
171, 155
172, 156
172, 157
173, 158
173, 159
174, 160
174, 161
175, 162
175, 163
176, 164
176, 166
177, 167
176, 168
175, 168
171, 164
171, 163
169, 161
169, 160
167, 158
167, 157
166, 156
166, 155
165, 154
165, 153
164, 152
164, 151
163, 150
163, 149
162, 148
162, 147
161, 146
161, 145
160, 144
160, 143
159, 142
159, 140
158, 139
158, 138
157, 137
157, 135
156, 134
161, 32
162, 31
164, 33
164, 34
165, 35
165, 36
166, 37
166, 38
167, 39
167, 40
169, 42
169, 43
170, 44
170, 45
171, 46
171, 47
172, 48
172, 49
173, 50
173, 51
174, 52
174, 53
175, 54
175, 55
176, 56
176, 57
177, 58
177, 59
178, 60
178, 61
179, 62
179, 63
180, 64
180, 66
181, 67
181, 68
182, 69
182, 70
183, 71
183, 72
184, 73
184, 74
185, 75
185, 77
186, 78
186, 79
187, 80
187, 81
188, 82
186, 84
186, 83
185, 82
185, 81
184, 80
184, 79
183, 78
183, 77
182, 76
182, 75
181, 74
181, 73
180, 72
180, 71
178, 69
178, 68
177, 67
177, 66
176, 65
176, 64
175, 63
175, 61
174, 60
174, 59
173, 58
173, 57
172, 56
172, 55
171, 54
171, 53
170, 52
170, 51
169, 50
169, 49
168, 48
168, 47
167, 46
167, 45
166, 44
166, 43
165, 42
165, 41
164, 40
164, 38
163, 37
163, 36
162, 35
162, 34
161, 33
