332, 2
334, 367
4, 369
2, 4
275, 17
274, 18
273, 18
272, 19
271, 19
270, 20
269, 20
268, 21
267, 21
266, 22
265, 22
263, 24
262, 24
261, 25
260, 25
259, 26
258, 26
257, 27
256, 27
255, 28
254, 28
253, 29
252, 29
251, 30
250, 30
248, 32
247, 32
246, 33
245, 33
244, 34
243, 34
242, 35
241, 35
240, 36
239, 36
238, 37
237, 37
235, 39
234, 39
233, 40
232, 40
231, 41
230, 41
229, 42
228, 42
227, 43
226, 43
224, 45
223, 45
222, 46
221, 46
220, 47
219, 47
218, 48
217, 48
215, 50
214, 50
213, 51
212, 51
211, 52
210, 52
208, 54
207, 54
206, 55
205, 55
204, 56
203, 56
201, 58
200, 58
199, 59
198, 59
197, 60
196, 60
194, 62
193, 62
192, 63
191, 63
190, 64
189, 64
187, 66
186, 66
185, 67
184, 67
183, 68
182, 68
180, 70
179, 70
178, 71
177, 71
175, 73
174, 73
173, 74
172, 74
170, 76
169, 76
168, 77
167, 77
165, 79
164, 79
163, 80
162, 80
160, 82
159, 82
158, 83
157, 83
155, 85
154, 85
152, 87
151, 87
149, 89
148, 89
146, 91
145, 91
142, 94
141, 94
139, 96
138, 96
136, 98
135, 98
132, 101
131, 101
129, 103
128, 103
125, 106
124, 106
121, 109
120, 109
117, 112
116, 112
113, 115
112, 115
109, 118
108, 118
104, 122
103, 122
99, 126
98, 126
94, 130
93, 130
89, 134
88, 134
80, 142
79, 142
76, 145
75, 145
57, 163
55, 161
55, 157
56, 156
56, 145
57, 144
57, 138
58, 137
58, 136
59, 135
59, 134
58, 134
57, 135
57, 141
56, 142
56, 151
55, 152
55, 163
54, 164
54, 166
53, 167
53, 168
46, 175
46, 176
43, 179
43, 180
40, 183
40, 184
38, 186
38, 187
36, 189
36, 190
35, 191
35, 192
33, 194
33, 195
32, 196
32, 197
31, 198
31, 199
30, 200
30, 201
29, 202
29, 204
28, 205
28, 207
27, 208
27, 217
26, 218
27, 219
27, 222
28, 223
28, 224
29, 225
29, 226
30, 227
30, 232
29, 233
29, 241
28, 242
28, 243
27, 244
27, 245
22, 250
22, 251
20, 253
20, 254
19, 255
19, 256
18, 257
18, 258
17, 259
17, 261
16, 262
16, 272
17, 273
17, 274
19, 276
19, 277
21, 279
22, 279
23, 280
27, 280
28, 279
29, 279
31, 277
31, 276
33, 274
33, 273
34, 272
34, 271
35, 270
35, 269
36, 268
36, 266
37, 265
37, 264
38, 263
38, 261
39, 260
39, 258
40, 257
40, 255
41, 254
41, 252
42, 251
43, 247
43, 246
52, 237
53, 237
54, 236
75, 236
77, 238
77, 239
78, 240
78, 242
79, 243
79, 245
80, 246
80, 251
81, 252
81, 262
80, 263
80, 267
79, 268
79, 271
78, 272
78, 273
77, 274
77, 275
68, 284
68, 285
60, 293
60, 294
58, 296
58, 297
57, 298
57, 300
58, 300
59, 301
60, 300
61, 300
62, 299
63, 299
70, 292
70, 291
72, 289
72, 288
73, 287
73, 286
75, 284
75, 283
76, 282
76, 281
77, 280
77, 279
78, 278
78, 277
79, 276
79, 275
96, 258
97, 258
99, 260
98, 261
98, 278
99, 279
99, 281
100, 282
100, 283
103, 286
104, 286
105, 287
109, 287
110, 286
112, 286
113, 285
114, 285
116, 283
117, 283
136, 264
138, 266
138, 268
139, 269
139, 270
140, 271
140, 272
141, 273
141, 274
145, 278
146, 278
147, 279
153, 279
154, 278
155, 278
156, 277
157, 277
158, 276
159, 276
174, 261
174, 260
177, 257
177, 256
180, 253
180, 252
183, 249
183, 248
184, 247
185, 248
185, 250
184, 251
184, 253
183, 254
183, 256
182, 257
182, 260
181, 261
181, 265
180, 266
180, 274
179, 275
179, 278
178, 279
178, 281
177, 282
177, 287
178, 288
178, 290
179, 291
179, 299
178, 300
178, 314
177, 315
177, 320
176, 321
176, 328
175, 329
175, 334
174, 335
174, 339
173, 340
173, 344
172, 345
172, 348
171, 349
171, 352
172, 353
173, 352
173, 350
174, 349
174, 346
175, 345
175, 341
176, 340
176, 336
177, 335
177, 330
178, 329
178, 325
179, 324
179, 319
180, 318
180, 313
181, 312
181, 307
182, 306
182, 302
183, 301
183, 296
184, 295
184, 294
186, 292
194, 292
195, 291
198, 291
199, 290
200, 290
201, 289
202, 289
203, 288
204, 288
206, 286
207, 286
211, 282
212, 282
217, 277
217, 276
221, 272
221, 271
223, 269
223, 268
224, 267
224, 266
225, 265
225, 264
226, 263
226, 262
227, 261
227, 260
228, 259
228, 258
230, 256
231, 256
234, 253
235, 253
237, 251
238, 251
241, 248
242, 248
244, 246
245, 246
247, 244
248, 244
250, 242
251, 242
253, 240
254, 240
256, 238
257, 238
259, 236
260, 236
262, 234
263, 234
264, 233
265, 233
267, 231
268, 231
269, 230
270, 230
272, 228
273, 228
275, 226
276, 226
277, 225
278, 225
280, 223
281, 223
282, 222
283, 222
285, 220
286, 220
287, 219
288, 219
290, 217
291, 217
292, 216
293, 216
295, 214
296, 214
297, 213
298, 213
300, 211
301, 211
302, 210
303, 210
305, 208
306, 208
308, 206
309, 206
311, 204
312, 204
315, 201
316, 201
318, 199
318, 198
319, 197
319, 193
318, 192
317, 192
316, 191
315, 191
314, 190
312, 190
311, 189
303, 189
302, 188
288, 188
287, 189
277, 189
276, 190
269, 190
268, 191
263, 191
262, 192
257, 192
256, 193
252, 193
251, 194
248, 194
247, 195
243, 195
242, 196
238, 196
237, 197
234, 197
233, 198
230, 198
229, 199
226, 199
225, 200
222, 200
221, 201
218, 201
217, 202
214, 202
213, 203
210, 203
209, 204
206, 204
205, 205
202, 205
201, 206
199, 206
198, 207
195, 207
194, 208
191, 208
190, 209
188, 209
187, 210
184, 210
183, 211
180, 211
179, 212
177, 212
176, 213
173, 213
172, 214
169, 214
168, 215
164, 215
163, 214
159, 214
158, 215
157, 215
154, 218
153, 218
152, 219
150, 219
149, 220
147, 220
146, 221
143, 221
142, 222
139, 222
138, 223
134, 223
133, 222
133, 221
134, 220
134, 219
135, 218
135, 217
136, 216
136, 211
135, 210
133, 210
131, 212
130, 212
114, 228
113, 228
112, 229
110, 229
109, 230
105, 230
104, 231
100, 231
99, 232
95, 232
94, 233
88, 233
87, 234
81, 234
80, 235
79, 235
78, 234
77, 234
73, 230
73, 229
71, 227
70, 227
67, 224
66, 224
65, 223
64, 223
62, 221
62, 220
63, 219
63, 218
65, 216
65, 215
66, 214
66, 213
67, 212
67, 211
68, 210
68, 209
69, 208
69, 207
70, 206
70, 205
71, 204
71, 203
72, 202
72, 201
73, 200
73, 198
74, 197
74, 196
75, 195
75, 194
76, 193
76, 191
77, 190
77, 189
78, 188
78, 187
79, 186
79, 184
80, 183
80, 181
81, 180
81, 179
82, 178
82, 176
83, 175
83, 172
84, 171
84, 168
85, 167
85, 162
86, 161
86, 148
85, 147
85, 146
83, 144
82, 144
81, 143
81, 142
84, 139
85, 139
92, 132
93, 132
97, 128
98, 128
102, 124
103, 124
107, 120
108, 120
111, 117
112, 117
115, 114
116, 114
119, 111
120, 111
123, 108
124, 108
127, 105
128, 105
130, 103
131, 103
134, 100
135, 100
137, 98
138, 98
141, 95
142, 95
144, 93
145, 93
147, 91
148, 91
151, 88
152, 88
154, 86
155, 86
157, 84
158, 84
159, 83
160, 83
162, 81
163, 81
164, 80
165, 80
167, 78
168, 78
169, 77
170, 77
171, 76
172, 76
174, 74
175, 74
176, 73
177, 73
179, 71
180, 71
181, 70
182, 70
184, 68
185, 68
186, 67
187, 67
189, 65
190, 65
191, 64
192, 64
193, 63
194, 63
196, 61
197, 61
198, 60
199, 60
200, 59
201, 59
203, 57
204, 57
205, 56
206, 56
207, 55
208, 55
210, 53
211, 53
212, 52
213, 52
214, 51
215, 51
217, 49
218, 49
219, 48
220, 48
221, 47
222, 47
223, 46
224, 46
226, 44
227, 44
228, 43
229, 43
230, 42
231, 42
232, 41
233, 41
234, 40
235, 40
236, 39
237, 39
239, 37
240, 37
241, 36
242, 36
243, 35
244, 35
245, 34
246, 34
247, 33
248, 33
250, 31
251, 31
252, 30
253, 30
254, 29
255, 29
256, 28
257, 28
258, 27
259, 27
260, 26
261, 26
262, 25
263, 25
265, 23
266, 23
267, 22
268, 22
269, 21
270, 21
271, 20
272, 20
273, 19
274, 19
275, 18
181, 291
182, 291
183, 292
183, 297
182, 298
182, 300
181, 301
181, 304
180, 305
179, 304
179, 293
72, 282
73, 282
74, 283
73, 284
73, 285
72, 286
72, 287
71, 288
71, 289
67, 293
67, 294
64, 297
63, 297
61, 299
60, 299
59, 298
59, 297
60, 296
60, 295
64, 291
64, 290
184, 276
185, 276
186, 277
186, 281
185, 282
185, 286
184, 287
184, 288
182, 290
180, 288
180, 286
179, 285
179, 284
180, 283
180, 280
223, 261
224, 261
225, 262
225, 263
224, 264
224, 265
223, 266
223, 267
222, 268
222, 269
219, 272
219, 273
208, 284
207, 284
205, 286
204, 286
202, 288
201, 288
200, 289
199, 289
198, 290
196, 290
195, 291
192, 291
191, 292
187, 292
185, 290
185, 285
186, 284
186, 280
187, 279
187, 277
190, 274
195, 274
197, 276
195, 278
195, 280
196, 280
197, 279
198, 279
200, 277
201, 277
204, 274
205, 274
207, 272
208, 272
211, 269
212, 269
214, 267
215, 267
217, 265
218, 265
220, 263
221, 263
193, 237
194, 238
194, 242
193, 243
193, 246
192, 247
192, 250
191, 251
191, 255
190, 256
190, 260
189, 261
189, 265
188, 266
188, 270
187, 271
187, 272
183, 276
182, 276
180, 274
180, 270
181, 269
181, 264
182, 263
182, 260
183, 259
183, 257
184, 256
184, 254
185, 253
185, 251
186, 250
186, 249
187, 248
187, 247
188, 246
188, 245
189, 244
189, 243
190, 242
190, 241
191, 240
191, 239
47, 236
49, 237
47, 240
45, 239
107, 231
108, 230
110, 230
111, 231
111, 233
109, 235
109, 236
107, 238
107, 239
106, 240
106, 241
104, 243
104, 244
103, 245
103, 247
102, 248
102, 249
101, 250
101, 251
100, 252
100, 253
90, 263
89, 263
81, 271
80, 270
80, 266
81, 265
81, 248
80, 247
80, 243
79, 242
79, 240
78, 239
78, 237
80, 235
84, 235
85, 234
90, 234
91, 233
97, 233
98, 232
102, 232
103, 231
32, 230
34, 231
35, 231
36, 232
37, 232
38, 233
39, 233
40, 234
41, 234
43, 236
43, 237
42, 238
41, 249
41, 251
40, 252
40, 254
39, 255
39, 257
38, 258
38, 260
37, 261
37, 263
36, 264
36, 265
35, 266
35, 268
34, 269
34, 270
33, 271
33, 272
31, 274
31, 275
27, 279
18, 274
18, 273
17, 272
17, 270
16, 269
17, 264
17, 261
18, 260
18, 259
19, 258
19, 257
20, 256
20, 255
21, 254
21, 253
26, 248
26, 247
28, 245
28, 244
29, 243
29, 237
30, 236
30, 232
121, 228
122, 227
125, 227
126, 228
126, 229
108, 247
107, 247
105, 249
104, 249
103, 248
104, 247
104, 245
105, 244
105, 243
107, 241
107, 240
108, 239
108, 238
110, 236
110, 235
116, 229
118, 229
119, 228
59, 225
65, 224
67, 226
68, 226
74, 234
73, 235
70, 235
56, 236
54, 234
55, 232
55, 231
57, 229
57, 228
59, 226
54, 224
55, 223
57, 223
58, 224
58, 226
56, 228
56, 229
54, 231
54, 232
52, 234
51, 234
50, 235
49, 235
47, 233
47, 232
48, 231
48, 229
53, 224
145, 222
146, 221
150, 221
151, 222
149, 224
149, 225
147, 227
147, 228
145, 230
145, 231
143, 233
143, 234
142, 235
142, 236
141, 237
141, 238
140, 239
140, 240
139, 241
139, 243
138, 244
138, 246
137, 247
137, 259
136, 260
136, 262
132, 266
132, 267
119, 280
118, 280
114, 284
113, 284
112, 285
111, 285
110, 286
105, 286
104, 285
103, 285
101, 283
101, 282
100, 281
100, 280
99, 279
99, 276
98, 275
98, 265
99, 264
99, 260
100, 259
100, 257
101, 256
101, 255
114, 242
115, 242
121, 236
121, 235
130, 226
131, 226
132, 225
134, 225
135, 224
138, 224
139, 223
141, 223
142, 222
160, 218
161, 217
164, 220
164, 222
163, 223
163, 225
162, 226
162, 227
161, 228
161, 229
160, 230
160, 231
159, 232
159, 233
157, 235
157, 236
155, 238
155, 239
152, 242
152, 243
150, 245
150, 246
146, 250
146, 251
141, 256
141, 257
140, 258
139, 258
137, 256
137, 250
138, 249
138, 246
139, 245
139, 243
140, 242
140, 241
141, 240
141, 239
142, 238
142, 237
143, 236
143, 235
145, 233
145, 232
146, 231
146, 230
148, 228
148, 227
151, 224
151, 223
154, 220
155, 220
156, 219
157, 219
158, 218
212, 213
213, 212
214, 213
215, 213
218, 216
218, 217
219, 218
219, 219
220, 220
220, 221
221, 222
221, 224
222, 225
222, 227
223, 228
223, 230
224, 231
224, 233
225, 234
225, 236
226, 237
226, 240
227, 241
227, 245
228, 246
228, 253
227, 254
227, 256
222, 261
221, 261
218, 264
217, 264
215, 266
214, 266
212, 268
211, 268
209, 270
208, 270
206, 272
205, 272
203, 274
202, 274
201, 275
200, 275
199, 274
193, 274
192, 273
190, 273
188, 271
188, 269
189, 268
189, 264
190, 263
190, 259
191, 258
191, 255
192, 254
192, 250
193, 249
193, 246
194, 245
194, 242
195, 241
195, 238
196, 237
196, 235
197, 234
197, 232
198, 231
198, 230
199, 229
199, 227
200, 226
200, 225
201, 224
201, 223
203, 221
203, 220
210, 213
133, 211
134, 211
135, 212
135, 216
134, 217
134, 218
133, 219
133, 220
132, 221
132, 222
130, 224
129, 224
128, 225
127, 225
126, 226
123, 226
122, 227
119, 227
118, 226
121, 223
121, 222
125, 218
126, 218
292, 189
293, 188
295, 188
296, 189
307, 189
308, 190
311, 190
312, 191
314, 191
315, 192
316, 192
318, 194
318, 197
313, 202
312, 202
309, 205
308, 205
306, 207
305, 207
303, 209
302, 209
301, 210
300, 210
298, 212
297, 212
296, 213
295, 213
293, 215
292, 215
291, 216
290, 216
289, 217
288, 217
286, 219
285, 219
283, 221
282, 221
281, 222
280, 222
278, 224
277, 224
276, 225
275, 225
273, 227
272, 227
271, 228
270, 228
268, 230
267, 230
266, 231
265, 231
263, 233
262, 233
261, 234
260, 234
258, 236
257, 236
255, 238
254, 238
252, 240
251, 240
249, 242
248, 242
246, 244
245, 244
242, 247
241, 247
239, 249
238, 249
235, 252
234, 252
232, 254
231, 254
230, 255
228, 253
228, 242
227, 241
227, 238
226, 237
226, 234
225, 233
225, 231
224, 230
224, 228
223, 227
223, 225
222, 224
222, 223
221, 222
221, 220
220, 219
220, 218
219, 217
219, 216
215, 212
210, 212
208, 214
207, 214
204, 217
204, 218
201, 221
199, 221
198, 222
198, 223
197, 224
197, 225
195, 227
195, 228
193, 230
193, 231
192, 232
192, 233
190, 235
190, 236
188, 238
188, 239
186, 241
186, 242
185, 243
185, 244
183, 246
183, 247
180, 250
180, 251
178, 253
178, 254
175, 257
175, 258
170, 263
170, 264
161, 273
160, 273
157, 276
156, 276
155, 277
154, 277
153, 278
151, 278
150, 279
149, 278
147, 278
146, 277
145, 277
142, 274
142, 273
141, 272
141, 271
140, 270
140, 269
139, 268
139, 266
138, 265
138, 262
139, 261
139, 260
145, 254
145, 253
149, 249
149, 248
152, 245
152, 244
154, 242
154, 241
156, 239
156, 238
158, 236
158, 235
160, 233
160, 232
161, 231
161, 230
162, 229
162, 228
163, 227
163, 226
164, 225
164, 219
165, 218
165, 217
166, 216
168, 216
169, 215
171, 215
172, 214
175, 214
176, 213
179, 213
180, 212
183, 212
184, 211
186, 211
187, 210
190, 210
191, 209
194, 209
195, 208
197, 208
198, 207
201, 207
202, 206
204, 206
205, 205
208, 205
209, 204
212, 204
213, 203
216, 203
217, 202
220, 202
221, 201
224, 201
225, 200
228, 200
229, 199
232, 199
233, 198
237, 198
238, 197
241, 197
242, 196
245, 196
246, 195
250, 195
251, 194
255, 194
256, 193
260, 193
261, 192
265, 192
266, 191
271, 191
272, 190
280, 190
281, 189
50, 184
51, 183
52, 183
53, 184
53, 195
52, 196
52, 204
51, 205
51, 211
50, 212
50, 217
49, 218
49, 221
48, 222
48, 225
47, 226
47, 227
46, 228
46, 229
45, 230
45, 231
43, 233
40, 233
39, 232
38, 232
37, 231
36, 231
32, 227
32, 226
33, 225
33, 223
34, 222
34, 220
35, 219
35, 218
36, 217
36, 215
37, 214
37, 212
38, 211
38, 209
39, 208
39, 207
40, 206
40, 204
41, 203
41, 202
42, 201
42, 200
43, 199
43, 198
44, 197
44, 196
45, 195
45, 194
46, 193
46, 192
47, 191
47, 190
48, 189
48, 188
49, 187
49, 186
50, 185
52, 171
53, 172
53, 176
52, 177
52, 179
51, 180
51, 181
50, 182
50, 183
49, 184
49, 185
48, 186
48, 187
47, 188
47, 189
46, 190
46, 191
45, 192
45, 193
44, 194
44, 195
43, 196
43, 197
42, 198
42, 199
41, 200
41, 201
40, 202
40, 203
39, 204
39, 206
38, 207
38, 208
37, 209
37, 211
36, 212
36, 214
35, 215
35, 217
34, 218
34, 220
33, 221
33, 222
32, 223
32, 224
31, 225
30, 225
29, 224
29, 223
28, 222
28, 220
27, 219
27, 211
28, 210
28, 208
29, 207
29, 205
30, 204
30, 202
31, 201
31, 200
32, 199
32, 198
33, 197
33, 196
35, 194
35, 193
36, 192
36, 191
37, 190
37, 189
40, 186
40, 185
42, 183
42, 182
45, 179
45, 178
79, 146
80, 145
82, 145
85, 148
85, 150
86, 151
86, 157
85, 158
85, 164
84, 165
84, 168
83, 169
83, 172
82, 173
82, 175
81, 176
81, 178
80, 179
80, 181
79, 182
79, 183
78, 184
78, 186
77, 187
77, 188
76, 189
76, 191
75, 192
75, 193
74, 194
74, 195
73, 196
73, 197
72, 198
72, 200
71, 201
71, 202
70, 203
70, 204
69, 205
69, 206
68, 207
68, 208
67, 209
67, 210
66, 211
66, 212
65, 213
65, 214
63, 216
63, 217
62, 218
62, 219
60, 221
59, 221
58, 222
55, 222
54, 223
53, 223
52, 224
50, 224
49, 223
49, 221
50, 220
50, 215
51, 214
51, 208
52, 207
52, 199
53, 198
53, 186
54, 185
54, 180
55, 179
55, 175
56, 174
56, 173
57, 172
57, 171
58, 170
58, 169
59, 168
59, 167
61, 165
61, 164
62, 163
62, 162
66, 158
66, 157
75, 148
76, 148
78, 146
