4, 2
496, 4
494, 335
2, 333
114, 14
112, 16
112, 17
111, 18
111, 20
110, 21
110, 22
109, 23
109, 26
108, 27
108, 30
107, 31
107, 35
106, 36
106, 41
105, 42
105, 47
104, 48
104, 53
103, 54
103, 59
102, 60
102, 65
101, 66
101, 70
100, 71
100, 76
99, 77
99, 82
98, 83
98, 87
97, 88
97, 93
96, 94
96, 99
95, 100
95, 105
94, 106
94, 111
93, 112
93, 116
92, 117
92, 119
91, 120
91, 121
90, 122
90, 123
89, 124
89, 126
88, 127
88, 128
87, 129
87, 130
86, 131
86, 132
85, 133
85, 134
84, 135
84, 137
83, 138
83, 139
82, 140
82, 141
81, 142
81, 143
80, 144
80, 145
79, 146
79, 147
78, 148
78, 149
77, 150
77, 151
76, 152
76, 153
75, 154
75, 155
74, 156
74, 157
73, 158
73, 159
72, 160
72, 162
71, 163
71, 164
70, 165
70, 166
69, 167
69, 168
68, 169
68, 170
67, 171
67, 172
66, 173
66, 174
64, 176
64, 177
63, 178
63, 179
62, 180
62, 181
61, 182
61, 183
60, 184
60, 185
59, 186
59, 187
58, 188
58, 189
57, 190
57, 191
56, 192
56, 193
55, 194
55, 195
54, 196
54, 198
53, 199
53, 200
52, 201
52, 202
51, 203
51, 205
50, 206
50, 207
49, 208
49, 210
48, 211
48, 212
45, 215
44, 215
43, 216
41, 216
40, 217
39, 217
38, 218
36, 218
35, 219
33, 219
32, 220
31, 220
30, 221
28, 221
27, 222
26, 222
25, 223
24, 223
22, 225
22, 227
23, 228
39, 228
40, 227
41, 227
43, 229
42, 230
42, 233
41, 234
41, 252
42, 253
42, 256
43, 257
43, 259
44, 260
44, 261
47, 264
51, 264
56, 259
56, 258
58, 256
58, 255
59, 254
59, 253
61, 251
61, 250
62, 249
62, 248
63, 247
63, 246
64, 245
64, 244
65, 243
65, 242
66, 241
66, 240
67, 239
67, 238
68, 237
68, 236
69, 235
69, 233
70, 232
70, 231
71, 230
71, 228
72, 227
72, 226
73, 225
73, 224
74, 223
78, 223
79, 222
85, 222
86, 221
92, 221
93, 220
98, 220
99, 219
104, 219
105, 218
110, 218
111, 217
117, 217
118, 216
123, 216
124, 215
129, 215
130, 214
131, 215
131, 216
121, 226
120, 226
113, 233
112, 233
108, 237
107, 237
103, 241
102, 241
98, 245
97, 245
94, 248
93, 248
91, 250
90, 250
88, 252
87, 252
85, 254
84, 254
81, 257
80, 257
78, 259
77, 259
75, 261
74, 261
72, 263
71, 263
68, 266
67, 266
62, 271
62, 272
63, 273
65, 273
66, 272
67, 272
68, 271
69, 271
70, 270
71, 270
73, 268
74, 268
75, 267
76, 267
77, 266
78, 266
80, 264
81, 264
82, 263
83, 263
84, 262
85, 262
87, 260
88, 260
89, 259
90, 259
91, 258
92, 258
93, 257
94, 257
95, 256
96, 256
98, 254
99, 254
100, 253
101, 253
102, 252
103, 252
104, 251
105, 251
106, 250
107, 250
108, 249
109, 249
110, 248
111, 248
112, 247
113, 247
114, 246
115, 246
116, 245
117, 245
118, 244
119, 244
120, 243
121, 243
122, 242
123, 242
124, 241
125, 241
126, 240
127, 240
128, 239
129, 239
130, 238
131, 238
132, 237
133, 237
134, 236
135, 236
136, 235
137, 235
138, 234
139, 234
140, 233
141, 233
142, 232
143, 232
145, 230
146, 230
147, 229
148, 229
149, 228
150, 228
151, 227
152, 227
154, 225
155, 225
156, 224
157, 224
159, 222
160, 222
162, 220
163, 220
164, 219
165, 219
167, 217
168, 217
170, 215
171, 215
172, 214
173, 214
174, 215
174, 224
175, 225
175, 228
176, 229
176, 230
177, 231
177, 232
183, 238
185, 238
186, 239
188, 239
189, 240
195, 240
196, 239
200, 239
201, 238
203, 238
204, 237
205, 237
206, 236
207, 236
208, 235
210, 235
212, 233
213, 233
214, 232
215, 232
217, 230
218, 230
219, 229
220, 229
222, 227
223, 227
225, 225
226, 225
228, 223
229, 223
231, 221
232, 221
233, 222
232, 223
232, 225
231, 226
231, 230
230, 231
230, 241
231, 242
231, 243
232, 244
232, 245
235, 248
236, 248
237, 249
247, 249
248, 248
250, 248
251, 247
252, 247
253, 246
254, 246
255, 245
256, 245
257, 244
258, 244
259, 243
260, 243
262, 241
263, 241
264, 240
265, 240
267, 238
268, 238
270, 236
271, 236
274, 233
275, 233
278, 230
279, 230
285, 224
286, 224
290, 220
290, 219
297, 212
297, 211
302, 206
302, 205
306, 201
306, 200
310, 196
310, 195
312, 193
314, 193
315, 192
318, 192
319, 193
319, 194
318, 195
318, 196
317, 197
317, 198
315, 200
315, 201
313, 203
313, 204
311, 206
311, 207
309, 209
309, 210
306, 213
306, 214
305, 215
305, 216
303, 218
303, 219
301, 221
301, 222
300, 223
300, 224
299, 225
299, 226
297, 228
297, 229
296, 230
296, 231
295, 232
295, 233
294, 234
294, 235
293, 236
293, 237
292, 238
292, 239
291, 240
291, 241
290, 242
290, 243
285, 248
284, 248
282, 250
281, 250
279, 252
278, 252
271, 259
271, 260
270, 261
270, 263
271, 264
276, 264
277, 265
277, 266
276, 267
276, 268
275, 269
275, 270
274, 271
274, 272
273, 273
273, 274
272, 275
272, 276
271, 277
271, 278
270, 279
270, 280
269, 281
269, 282
268, 283
268, 284
267, 285
267, 286
266, 287
266, 289
265, 290
265, 291
264, 292
264, 293
263, 294
263, 295
262, 296
262, 298
261, 299
261, 300
260, 301
260, 303
259, 304
259, 305
258, 306
258, 308
257, 309
257, 311
256, 312
256, 313
255, 314
255, 316
254, 317
254, 321
255, 322
257, 320
257, 319
258, 318
258, 317
259, 316
259, 315
260, 314
260, 313
261, 312
261, 311
262, 310
262, 309
263, 308
263, 307
264, 306
264, 305
265, 304
265, 302
266, 301
266, 300
267, 299
267, 298
268, 297
268, 296
269, 295
269, 294
270, 293
270, 292
271, 291
271, 290
272, 289
272, 288
273, 287
273, 286
274, 285
274, 284
275, 283
275, 281
276, 280
276, 279
277, 278
277, 277
278, 276
278, 275
279, 274
279, 273
280, 272
280, 271
281, 270
281, 268
282, 267
282, 266
283, 265
283, 264
284, 263
284, 262
287, 259
288, 259
289, 258
290, 258
291, 257
293, 257
294, 256
295, 256
296, 255
297, 255
298, 254
299, 254
300, 253
301, 253
302, 252
303, 252
304, 251
305, 251
306, 250
307, 250
308, 249
309, 249
310, 248
311, 248
312, 247
313, 247
315, 245
316, 245
318, 243
319, 243
321, 241
322, 241
324, 239
325, 239
327, 237
328, 237
331, 234
332, 234
335, 231
336, 231
346, 221
347, 221
349, 219
349, 218
355, 212
356, 212
357, 211
358, 211
359, 210
360, 210
361, 209
362, 209
363, 208
364, 208
365, 207
366, 207
367, 206
368, 206
369, 205
370, 205
371, 204
372, 204
373, 203
374, 203
375, 202
376, 202
377, 201
378, 201
379, 200
380, 200
381, 199
382, 199
383, 198
384, 198
385, 197
387, 197
388, 196
389, 196
390, 195
391, 195
392, 194
393, 194
394, 193
396, 193
397, 192
398, 192
399, 191
400, 191
401, 190
403, 190
404, 189
406, 189
407, 188
408, 188
409, 187
411, 187
412, 186
414, 186
415, 185
424, 185
425, 184
435, 184
436, 183
444, 183
445, 182
451, 182
452, 181
457, 181
458, 180
461, 180
462, 179
465, 179
466, 178
468, 178
469, 177
471, 177
472, 176
473, 176
475, 174
475, 171
474, 171
473, 170
459, 170
458, 171
453, 171
452, 172
448, 172
447, 173
443, 173
442, 174
439, 174
438, 175
436, 175
435, 176
432, 176
431, 177
429, 177
428, 178
426, 178
425, 179
423, 179
422, 180
420, 180
419, 181
416, 181
415, 182
412, 182
411, 183
399, 183
398, 184
385, 184
384, 185
374, 185
373, 184
373, 181
374, 180
374, 170
373, 169
373, 167
372, 166
372, 165
369, 162
368, 162
367, 161
364, 161
363, 162
360, 162
359, 163
358, 163
357, 164
356, 164
355, 165
353, 165
351, 167
350, 167
349, 168
348, 168
346, 170
345, 170
343, 172
342, 172
339, 175
338, 175
333, 177
334, 176
334, 175
337, 172
337, 171
340, 168
340, 167
343, 164
343, 163
345, 161
345, 160
346, 159
346, 158
347, 157
347, 155
346, 154
344, 154
343, 155
342, 155
338, 159
337, 159
328, 168
328, 169
321, 176
321, 177
317, 181
317, 182
313, 186
313, 187
311, 189
310, 189
309, 190
298, 190
297, 191
285, 191
284, 192
273, 192
272, 193
268, 193
267, 192
267, 191
270, 188
270, 187
276, 181
276, 180
279, 177
279, 176
282, 173
282, 172
284, 170
284, 169
286, 167
286, 166
287, 165
287, 164
288, 163
288, 162
290, 160
290, 159
291, 158
291, 157
292, 156
292, 155
293, 154
293, 153
294, 152
294, 151
295, 150
295, 149
296, 148
300, 148
301, 147
307, 147
308, 146
315, 146
316, 145
323, 145
324, 144
332, 144
333, 143
340, 143
341, 142
349, 142
350, 141
357, 141
358, 140
364, 140
365, 139
372, 139
373, 138
379, 138
380, 137
380, 135
372, 135
371, 136
364, 136
363, 137
356, 137
355, 138
348, 138
347, 139
340, 139
339, 140
331, 140
330, 141
323, 141
322, 142
314, 142
313, 143
307, 143
306, 144
300, 144
299, 145
298, 145
297, 144
297, 142
296, 141
296, 139
295, 138
291, 138
290, 139
289, 139
287, 141
286, 141
280, 147
279, 147
278, 148
274, 148
273, 149
269, 149
268, 150
264, 150
263, 151
260, 151
259, 152
256, 152
255, 153
251, 153
250, 154
247, 154
246, 155
244, 155
243, 154
243, 153
244, 152
244, 150
245, 149
245, 147
244, 146
244, 144
241, 141
239, 141
238, 140
230, 140
229, 141
226, 141
225, 142
224, 142
223, 143
221, 143
220, 144
219, 144
218, 145
217, 145
216, 146
215, 146
214, 147
213, 147
211, 149
210, 149
208, 151
207, 151
196, 162
196, 163
190, 169
187, 169
186, 170
183, 170
182, 171
180, 171
179, 172
176, 172
175, 173
172, 173
171, 174
169, 174
168, 175
166, 175
165, 176
162, 176
161, 177
160, 177
159, 176
159, 173
160, 172
160, 160
159, 159
159, 155
158, 154
158, 153
157, 152
157, 151
156, 150
156, 149
154, 147
154, 146
152, 144
151, 144
149, 142
148, 142
147, 141
146, 141
145, 140
140, 140
139, 139
136, 139
135, 140
130, 140
129, 141
126, 141
125, 142
123, 142
122, 143
121, 143
120, 144
118, 144
117, 145
116, 145
115, 146
114, 146
113, 147
112, 147
111, 148
110, 148
108, 150
107, 150
106, 151
105, 151
102, 154
101, 154
99, 156
98, 156
95, 159
94, 159
91, 162
90, 162
89, 161
90, 160
90, 159
92, 157
92, 156
94, 154
94, 153
97, 150
97, 149
99, 147
99, 146
101, 144
101, 143
103, 141
103, 140
105, 138
105, 137
107, 135
107, 134
109, 132
109, 131
111, 129
111, 128
112, 127
112, 126
114, 124
114, 123
115, 122
115, 121
117, 119
117, 118
118, 117
118, 116
119, 115
119, 114
121, 112
121, 111
122, 110
122, 109
123, 108
123, 107
125, 105
125, 104
126, 103
126, 102
127, 101
127, 100
128, 99
128, 98
129, 97
129, 96
130, 95
130, 94
131, 93
131, 92
132, 91
132, 90
133, 89
133, 88
134, 87
134, 86
135, 85
135, 84
136, 83
136, 81
137, 80
137, 79
138, 78
138, 77
139, 76
139, 74
140, 73
140, 72
141, 71
141, 70
142, 69
142, 67
143, 66
143, 65
144, 64
144, 63
145, 62
145, 60
146, 59
146, 58
147, 57
147, 55
148, 54
148, 52
149, 51
149, 50
150, 49
150, 47
151, 46
151, 44
152, 43
152, 41
153, 40
153, 38
154, 37
154, 35
155, 34
155, 31
156, 30
156, 27
157, 26
157, 20
156, 19
156, 18
155, 17
152, 17
151, 18
150, 18
141, 27
141, 28
138, 31
138, 32
136, 34
136, 35
133, 38
133, 39
131, 41
131, 42
129, 44
129, 45
127, 47
127, 48
125, 50
125, 51
123, 53
123, 54
122, 55
122, 56
120, 58
120, 59
119, 60
119, 61
118, 62
118, 63
116, 65
116, 66
115, 67
115, 68
114, 69
114, 70
113, 71
113, 72
112, 73
112, 74
111, 75
111, 76
110, 77
110, 78
109, 79
109, 80
108, 81
108, 83
107, 84
107, 85
106, 86
106, 88
105, 89
105, 90
104, 91
104, 92
103, 93
103, 95
102, 96
102, 97
101, 98
101, 99
100, 100
99, 99
99, 95
100, 94
100, 89
101, 88
101, 84
102, 83
102, 78
103, 77
103, 72
104, 71
104, 67
105, 66
105, 61
106, 60
106, 55
107, 54
107, 49
108, 48
108, 43
109, 42
109, 37
110, 36
110, 32
111, 31
111, 28
112, 27
112, 25
113, 24
113, 22
114, 21
114, 19
115, 18
115, 17
116, 16
116, 15
115, 14
281, 254
283, 255
282, 256
280, 259
65, 225
66, 224
68, 224
69, 225
69, 226
68, 227
68, 229
67, 230
67, 231
66, 232
66, 233
65, 234
65, 236
64, 237
64, 238
63, 239
63, 240
62, 241
62, 242
61, 243
61, 244
60, 245
60, 246
59, 247
59, 248
57, 250
57, 251
56, 252
56, 253
54, 255
54, 256
52, 258
52, 259
51, 260
50, 260
49, 261
47, 259
47, 258
46, 257
46, 256
45, 255
45, 252
44, 251
44, 235
45, 234
45, 231
46, 230
46, 228
47, 227
48, 227
49, 226
57, 226
58, 225
337, 222
338, 221
333, 229
332, 229
328, 233
327, 233
325, 235
324, 235
321, 238
320, 238
318, 240
317, 240
316, 241
315, 241
313, 243
312, 243
310, 245
309, 245
308, 246
307, 246
306, 247
305, 247
304, 248
303, 248
302, 249
301, 249
300, 250
299, 250
298, 251
297, 251
296, 252
295, 252
294, 253
293, 253
292, 254
290, 254
289, 253
289, 252
290, 251
290, 250
291, 249
291, 248
293, 246
294, 246
296, 244
297, 244
298, 243
299, 243
300, 242
301, 242
302, 241
303, 241
305, 239
306, 239
307, 238
308, 238
309, 237
310, 237
312, 235
313, 235
314, 234
315, 234
316, 233
317, 233
318, 232
319, 232
321, 230
322, 230
323, 229
324, 229
325, 228
326, 228
327, 227
328, 227
330, 225
331, 225
332, 224
333, 224
334, 223
335, 223
336, 222
41, 220
42, 219
44, 219
45, 220
45, 222
43, 224
39, 224
38, 225
33, 225
32, 224
34, 222
36, 222
37, 221
39, 221
40, 220
70, 210
71, 209
74, 209
75, 210
74, 211
74, 213
73, 214
73, 216
72, 217
72, 218
71, 219
71, 220
70, 221
64, 221
63, 222
57, 222
56, 223
49, 223
48, 222
48, 221
49, 220
49, 218
51, 216
53, 216
54, 215
55, 215
56, 214
58, 214
59, 213
61, 213
62, 212
64, 212
65, 211
67, 211
68, 210
170, 208
171, 207
173, 207
174, 208
171, 211
170, 211
168, 213
167, 213
165, 215
164, 215
162, 217
161, 217
160, 218
159, 218
157, 220
156, 220
154, 222
153, 222
152, 223
151, 223
150, 224
149, 224
147, 226
146, 226
145, 227
144, 227
143, 228
142, 228
141, 229
140, 229
138, 231
137, 231
136, 232
135, 232
134, 233
133, 233
132, 234
131, 234
130, 235
129, 235
128, 236
127, 236
126, 237
125, 237
124, 238
123, 238
122, 239
121, 239
120, 240
119, 240
118, 241
117, 241
116, 242
115, 242
114, 243
113, 243
112, 244
111, 244
110, 245
109, 245
108, 246
107, 246
106, 247
105, 247
104, 248
103, 248
102, 249
101, 249
100, 250
101, 246
102, 246
105, 243
106, 243
110, 239
111, 239
116, 234
117, 234
126, 225
127, 225
131, 221
131, 220
138, 213
140, 213
141, 212
146, 212
147, 211
151, 211
152, 210
158, 210
159, 209
164, 209
165, 208
239, 199
240, 198
243, 198
243, 200
243, 201
242, 202
242, 203
241, 204
241, 205
240, 206
240, 207
239, 208
239, 209
237, 211
237, 212
233, 216
232, 216
229, 219
228, 219
226, 221
225, 221
223, 223
222, 223
220, 225
219, 225
217, 227
216, 227
215, 228
214, 228
212, 230
211, 230
210, 231
209, 231
208, 232
207, 232
206, 233
205, 233
204, 234
203, 234
200, 235
199, 236
195, 236
194, 237
190, 237
189, 236
187, 236
186, 235
185, 235
184, 234
183, 234
181, 232
181, 231
179, 229
179, 228
178, 224
177, 223
177, 212
178, 211
178, 210
180, 208
181, 208
183, 206
184, 206
190, 205
191, 204
197, 204
198, 203
205, 203
206, 202
213, 202
214, 201
221, 201
222, 200
230, 200
231, 199
250, 198
251, 197
254, 197
255, 198
249, 204
248, 204
245, 207
244, 206
244, 205
245, 204
245, 203
247, 201
247, 200
249, 198
299, 194
300, 193
306, 193
307, 194
305, 196
305, 197
301, 201
301, 202
296, 207
296, 208
290, 214
290, 215
280, 225
279, 225
275, 229
274, 229
271, 232
270, 232
268, 234
267, 234
265, 236
264, 236
262, 238
261, 238
259, 240
258, 240
257, 241
256, 241
255, 242
254, 242
253, 243
252, 243
251, 244
250, 244
249, 245
247, 245
246, 246
238, 246
234, 242
234, 240
233, 239
233, 232
234, 231
234, 227
235, 226
235, 224
236, 223
236, 222
237, 221
237, 219
238, 218
238, 217
243, 212
244, 212
246, 210
247, 210
252, 205
253, 205
261, 197
262, 197
263, 196
273, 196
274, 195
285, 195
286, 194
358, 190
359, 189
365, 189
366, 190
366, 192
364, 194
364, 195
363, 196
363, 197
361, 199
361, 200
357, 204
357, 205
351, 211
350, 211
349, 212
348, 212
347, 213
346, 213
345, 214
344, 214
343, 215
342, 215
341, 216
340, 216
339, 217
338, 217
337, 218
336, 218
334, 220
333, 220
332, 221
331, 221
330, 222
329, 222
328, 223
327, 223
325, 225
324, 225
323, 226
322, 226
321, 227
320, 227
319, 228
318, 228
316, 230
315, 230
314, 231
313, 231
312, 232
311, 232
310, 233
309, 233
307, 235
306, 235
305, 236
304, 236
303, 237
302, 237
301, 238
300, 238
298, 240
297, 239
297, 237
299, 235
299, 234
300, 233
300, 232
302, 230
302, 229
303, 228
303, 227
304, 226
304, 225
306, 223
306, 222
307, 221
307, 220
309, 218
309, 217
310, 216
310, 215
312, 213
312, 212
313, 211
313, 210
315, 208
315, 207
317, 205
317, 204
319, 202
319, 201
322, 198
322, 197
327, 192
328, 192
329, 191
343, 191
344, 190
386, 188
387, 187
396, 187
397, 188
396, 189
395, 189
394, 190
393, 190
392, 191
391, 191
390, 192
389, 192
388, 193
386, 193
385, 194
384, 194
383, 195
382, 195
381, 196
380, 196
379, 197
378, 197
377, 198
376, 198
375, 199
374, 199
373, 200
372, 200
371, 201
370, 201
369, 202
368, 202
367, 203
366, 203
365, 204
363, 204
362, 203
365, 200
365, 199
366, 198
366, 197
368, 195
368, 194
369, 193
369, 192
370, 191
370, 190
371, 189
373, 189
374, 188
149, 184
150, 183
152, 183
153, 184
153, 185
152, 186
152, 187
151, 188
151, 189
150, 190
150, 191
149, 192
149, 193
147, 195
147, 196
146, 197
146, 198
143, 201
143, 202
140, 205
140, 206
136, 210
135, 210
134, 211
129, 211
128, 212
123, 212
122, 213
116, 213
115, 214
110, 214
109, 215
104, 215
103, 216
98, 216
97, 217
92, 217
91, 218
85, 218
84, 219
78, 219
77, 220
76, 220
75, 219
75, 218
76, 217
76, 215
77, 214
77, 212
78, 211
78, 209
79, 208
79, 207
80, 206
82, 206
83, 205
85, 205
86, 204
88, 204
89, 203
91, 203
92, 202
93, 202
94, 201
96, 201
97, 200
99, 200
100, 199
102, 199
103, 198
105, 198
106, 197
108, 197
109, 196
111, 196
112, 195
114, 195
115, 194
117, 194
118, 193
120, 193
121, 192
123, 192
124, 191
127, 191
128, 190
130, 190
131, 189
133, 189
134, 188
136, 188
137, 187
139, 187
140, 186
142, 186
143, 185
145, 185
146, 184
82, 174
84, 175
83, 176
83, 180
82, 181
82, 185
81, 186
81, 189
80, 190
80, 193
79, 194
79, 197
78, 198
78, 200
77, 201
75, 205
73, 205
72, 206
70, 206
69, 207
67, 207
66, 208
64, 208
63, 209
61, 209
60, 210
58, 210
57, 211
55, 211
54, 212
52, 211
52, 209
53, 208
53, 207
54, 206
54, 205
55, 204
55, 202
56, 201
56, 200
57, 199
57, 198
58, 197
58, 195
59, 194
59, 193
60, 192
60, 191
61, 190
61, 189
62, 188
62, 187
64, 185
65, 183
66, 184
66, 187
67, 188
68, 187
69, 187
459, 174
460, 173
467, 173
468, 174
467, 175
465, 175
464, 176
461, 176
460, 177
457, 177
456, 178
451, 178
450, 179
443, 179
442, 180
437, 180
436, 179
437, 178
439, 178
440, 177
443, 177
444, 176
448, 176
449, 175
453, 175
454, 174
183, 174
184, 173
187, 173
188, 175
186, 177
186, 178
185, 179
185, 180
184, 181
184, 182
183, 183
183, 184
182, 185
182, 186
181, 187
181, 189
180, 190
180, 191
179, 192
179, 194
178, 195
178, 197
177, 198
177, 200
176, 201
176, 202
170, 204
169, 205
164, 205
163, 206
157, 206
156, 207
151, 207
150, 208
146, 208
145, 209
144, 209
143, 207
145, 205
145, 204
147, 202
147, 201
149, 199
149, 198
151, 196
151, 195
152, 194
152, 193
153, 192
153, 191
154, 190
154, 189
155, 188
155, 187
156, 186
156, 184
157, 183
157, 182
159, 181
160, 180
162, 180
163, 179
166, 179
167, 178
169, 178
170, 177
172, 177
173, 176
176, 176
177, 175
180, 175
181, 174
335, 169
333, 171
333, 172
330, 175
330, 176
329, 177
329, 178
327, 180
327, 181
325, 183
325, 184
324, 185
324, 186
321, 189
317, 189
316, 188
318, 186
318, 185
322, 181
322, 180
328, 174
328, 173
365, 165
366, 164
367, 165
368, 165
369, 166
369, 167
370, 168
370, 170
371, 171
371, 179
370, 180
370, 183
369, 184
369, 185
368, 186
357, 186
356, 187
342, 187
341, 188
332, 188
331, 187
332, 186
332, 185
334, 183
335, 183
342, 176
343, 176
345, 174
346, 174
348, 172
349, 172
351, 170
352, 170
353, 169
354, 169
355, 168
356, 168
357, 167
358, 167
359, 166
360, 166
361, 165
226, 163
227, 162
230, 162
231, 163
231, 164
230, 165
229, 165
221, 173
220, 173
216, 177
215, 177
211, 181
210, 181
205, 186
204, 186
201, 189
200, 189
197, 192
196, 192
192, 196
191, 196
188, 199
187, 199
185, 201
184, 201
183, 202
182, 202
181, 203
180, 202
180, 199
181, 198
181, 196
182, 195
182, 193
183, 192
183, 191
184, 190
184, 189
185, 188
185, 186
186, 185
186, 184
187, 183
187, 182
188, 181
188, 180
190, 178
190, 177
191, 176
191, 175
192, 174
192, 173
194, 171
195, 171
196, 170
198, 170
199, 169
202, 169
203, 168
206, 168
207, 167
210, 167
211, 166
214, 166
215, 165
218, 165
219, 164
222, 164
223, 163
269, 153
270, 152
273, 152
274, 153
271, 156
271, 157
267, 161
267, 162
264, 165
264, 166
262, 168
262, 169
260, 171
260, 172
259, 173
259, 174
257, 176
257, 177
255, 179
255, 180
254, 181
254, 182
252, 184
252, 185
251, 186
251, 187
250, 188
250, 189
248, 191
248, 192
245, 195
239, 195
238, 196
229, 196
228, 197
220, 197
219, 198
213, 198
212, 199
205, 199
204, 200
197, 200
196, 201
193, 201
192, 200
195, 197
196, 197
199, 194
200, 194
204, 190
205, 190
208, 187
209, 187
214, 182
215, 182
219, 178
220, 178
224, 174
225, 174
240, 159
243, 159
244, 158
247, 158
248, 157
251, 157
252, 156
256, 156
257, 155
260, 155
261, 154
264, 154
265, 153
287, 150
288, 149
290, 149
291, 150
290, 151
290, 153
289, 154
289, 155
288, 156
288, 157
286, 159
286, 160
285, 161
285, 162
284, 163
284, 164
282, 166
282, 167
280, 169
280, 170
278, 172
278, 173
275, 176
275, 177
270, 182
270, 183
259, 194
252, 194
251, 193
252, 192
252, 191
253, 190
253, 189
255, 187
255, 186
256, 185
256, 184
257, 183
257, 182
259, 180
259, 179
261, 177
261, 176
262, 175
262, 174
264, 172
264, 171
266, 169
266, 168
269, 165
269, 164
272, 161
272, 160
282, 150
230, 144
231, 143
237, 143
238, 144
239, 144
241, 146
241, 147
242, 148
241, 149
241, 151
240, 152
240, 153
236, 157
234, 157
233, 158
230, 158
229, 159
226, 159
225, 160
222, 160
221, 161
218, 161
217, 162
214, 162
213, 163
210, 163
209, 164
206, 164
205, 165
202, 165
201, 166
199, 166
198, 165
210, 153
211, 153
213, 151
214, 151
216, 149
217, 149
218, 148
219, 148
220, 147
221, 147
222, 146
224, 146
225, 145
226, 145
227, 144
130, 144
131, 143
144, 143
145, 144
146, 144
147, 145
148, 145
153, 151
154, 152
154, 153
155, 154
155, 156
156, 157
156, 160
157, 161
157, 171
156, 172
156, 176
155, 177
155, 178
152, 179
151, 180
149, 180
148, 181
145, 181
144, 182
142, 182
141, 183
139, 183
138, 184
136, 184
135, 185
133, 185
132, 186
130, 186
129, 187
127, 187
126, 188
123, 188
122, 189
120, 189
119, 190
117, 190
116, 191
114, 191
113, 192
111, 192
110, 193
108, 193
107, 194
105, 194
104, 195
102, 195
101, 196
99, 196
98, 197
96, 197
95, 198
93, 198
92, 199
90, 199
89, 200
87, 200
86, 201
85, 201
84, 202
82, 202
81, 199
82, 198
82, 195
83, 194
83, 191
84, 190
84, 187
85, 186
85, 182
86, 181
86, 177
87, 176
87, 172
88, 171
88, 169
93, 164
94, 164
98, 160
99, 160
101, 158
102, 158
106, 155
108, 153
109, 153
110, 152
111, 152
113, 150
114, 150
115, 149
116, 149
117, 148
118, 148
119, 147
121, 147
122, 146
123, 146
124, 145
126, 145
127, 144
293, 142
292, 146
289, 143
290, 143
88, 135
89, 134
90, 135
90, 137
89, 138
89, 144
88, 145
88, 151
87, 152
87, 157
86, 158
86, 159
83, 162
83, 163
79, 167
79, 168
75, 172
75, 173
72, 176
72, 177
68, 181
68, 182
66, 184
65, 183
65, 182
66, 181
66, 180
67, 179
67, 178
68, 177
68, 176
69, 175
69, 174
70, 173
70, 172
71, 171
71, 170
72, 169
72, 168
73, 167
73, 166
74, 165
74, 164
75, 163
75, 162
76, 161
76, 160
77, 159
77, 158
78, 157
78, 156
79, 155
79, 154
80, 153
80, 152
81, 151
81, 149
82, 148
82, 147
83, 146
83, 145
84, 144
84, 143
85, 142
85, 141
86, 140
86, 139
87, 138
87, 137
88, 136
151, 22
152, 21
153, 21
154, 22
154, 24
153, 25
153, 29
152, 30
152, 33
151, 34
151, 36
150, 37
150, 39
149, 40
149, 42
148, 43
148, 45
147, 46
147, 47
146, 48
146, 50
145, 51
145, 53
144, 54
144, 55
143, 56
143, 58
142, 59
142, 60
141, 61
141, 63
140, 64
140, 65
139, 66
139, 68
138, 69
138, 70
137, 71
137, 72
136, 73
136, 75
135, 76
135, 77
134, 78
134, 79
133, 80
133, 81
132, 82
132, 83
131, 84
131, 86
130, 87
130, 88
129, 89
129, 90
128, 91
128, 92
127, 93
127, 94
126, 95
126, 96
125, 97
125, 98
123, 100
123, 101
122, 102
122, 103
121, 104
121, 105
120, 106
120, 107
119, 108
119, 109
117, 111
117, 112
116, 113
116, 114
115, 115
115, 116
113, 118
113, 119
112, 120
112, 121
110, 123
110, 124
109, 125
109, 126
107, 128
107, 129
105, 131
105, 132
103, 134
103, 135
102, 136
102, 137
100, 139
100, 140
98, 142
98, 143
95, 146
95, 147
92, 150
91, 149
91, 146
92, 145
92, 139
93, 138
93, 132
94, 131
94, 126
95, 125
95, 120
96, 119
96, 117
97, 116
97, 114
98, 113
98, 112
99, 111
99, 110
100, 109
100, 108
101, 107
101, 106
102, 105
102, 103
103, 102
103, 101
104, 100
104, 99
105, 98
105, 97
106, 96
106, 94
107, 93
107, 92
108, 91
108, 90
109, 89
109, 87
110, 86
110, 85
111, 84
111, 83
112, 82
112, 81
113, 80
113, 78
114, 77
114, 76
115, 75
115, 74
116, 73
116, 72
117, 71
117, 70
119, 68
119, 67
120, 66
120, 65
121, 64
121, 63
122, 62
122, 61
124, 59
124, 58
125, 57
125, 56
127, 54
127, 53
129, 51
129, 50
130, 49
130, 48
133, 45
133, 44
135, 42
135, 41
137, 39
137, 38
140, 35
140, 34
143, 31
143, 30
147, 26
147, 25
150, 22
