4, 2
496, 4
494, 319
2, 317
124, 14
123, 15
122, 15
121, 16
120, 16
119, 17
118, 17
113, 22
111, 19
110, 18
108, 18
107, 19
107, 20
106, 21
106, 22
105, 23
105, 26
104, 27
104, 29
103, 30
103, 31
100, 34
100, 35
94, 41
94, 42
89, 47
89, 48
86, 51
86, 52
82, 56
81, 55
81, 54
82, 53
82, 45
81, 44
81, 42
80, 41
78, 41
76, 43
76, 45
75, 46
75, 48
74, 49
74, 51
73, 52
73, 54
72, 55
72, 56
73, 57
73, 58
75, 58
76, 59
76, 62
75, 63
75, 66
74, 67
74, 70
73, 71
73, 72
71, 74
71, 75
70, 76
70, 77
69, 78
69, 79
68, 80
68, 81
67, 82
67, 83
66, 84
66, 85
65, 86
65, 87
64, 88
64, 89
63, 90
63, 92
62, 93
62, 94
61, 95
61, 96
60, 97
60, 98
59, 99
59, 100
58, 101
58, 103
57, 104
57, 105
56, 106
56, 107
55, 108
55, 110
54, 111
54, 112
53, 113
53, 115
52, 116
52, 117
51, 118
51, 120
50, 121
50, 122
49, 123
49, 125
48, 126
48, 128
47, 129
47, 130
46, 131
46, 133
45, 134
45, 136
44, 137
44, 139
43, 140
43, 141
42, 142
42, 144
41, 145
41, 147
40, 148
40, 150
39, 151
39, 153
38, 154
38, 156
37, 157
37, 158
36, 159
36, 162
35, 163
35, 165
34, 166
34, 168
33, 169
33, 171
32, 172
32, 174
31, 175
31, 177
30, 178
30, 180
29, 181
29, 183
28, 184
28, 186
27, 187
27, 189
26, 190
26, 193
25, 194
25, 196
24, 197
24, 200
23, 201
23, 204
22, 205
22, 219
21, 220
21, 228
22, 229
22, 233
25, 236
26, 236
27, 235
28, 235
28, 234
29, 233
29, 232
31, 230
31, 229
32, 228
32, 226
33, 225
33, 224
34, 223
34, 222
35, 221
35, 220
36, 219
36, 217
37, 216
37, 215
38, 214
44, 220
45, 220
47, 222
50, 222
51, 223
54, 223
55, 222
58, 222
59, 223
59, 224
58, 225
58, 226
57, 227
57, 228
56, 229
56, 230
55, 231
55, 236
57, 238
59, 238
60, 237
61, 237
62, 236
63, 236
65, 234
66, 234
69, 231
70, 231
85, 216
85, 215
88, 212
88, 211
91, 208
91, 207
93, 205
93, 204
95, 202
95, 201
97, 199
97, 198
99, 196
99, 195
101, 193
101, 192
102, 191
102, 190
104, 188
104, 187
105, 186
105, 185
107, 183
107, 182
108, 181
108, 180
110, 178
110, 177
113, 174
114, 175
114, 176
112, 178
112, 179
111, 180
111, 188
110, 189
110, 191
109, 192
109, 194
108, 195
108, 198
107, 199
107, 202
106, 203
106, 207
105, 208
105, 213
104, 214
104, 223
105, 224
105, 226
107, 228
113, 228
114, 227
115, 227
117, 225
118, 225
130, 213
130, 212
133, 209
133, 208
135, 206
135, 205
137, 203
137, 202
138, 201
138, 200
139, 199
139, 198
141, 196
141, 195
142, 194
142, 193
143, 192
143, 191
144, 190
144, 189
145, 188
145, 187
148, 184
149, 184
150, 183
151, 183
152, 182
154, 182
155, 181
156, 181
157, 180
163, 186
163, 187
165, 189
165, 190
166, 191
166, 192
167, 193
166, 194
166, 195
165, 196
165, 198
164, 199
164, 200
163, 201
163, 202
162, 203
162, 205
161, 206
161, 207
160, 208
160, 209
159, 210
159, 211
158, 212
158, 213
157, 214
157, 215
154, 218
154, 219
147, 226
146, 226
145, 225
145, 221
146, 220
146, 216
147, 215
147, 211
148, 210
148, 206
149, 205
149, 202
150, 201
150, 198
151, 197
151, 195
152, 194
152, 193
154, 191
154, 188
153, 187
151, 187
148, 190
148, 192
147, 193
147, 194
146, 195
146, 198
145, 199
145, 203
144, 204
144, 207
143, 208
143, 212
142, 213
142, 217
141, 218
141, 229
142, 230
143, 230
144, 231
147, 231
148, 230
149, 230
150, 231
150, 233
149, 234
149, 235
148, 236
148, 237
147, 238
147, 240
146, 241
146, 242
145, 243
145, 244
144, 245
144, 247
143, 248
143, 249
142, 250
142, 252
141, 253
141, 254
140, 255
140, 256
139, 257
139, 259
138, 260
138, 261
137, 262
137, 263
136, 264
136, 265
135, 266
135, 268
134, 269
134, 270
133, 271
133, 272
132, 273
132, 274
131, 275
131, 277
130, 278
130, 279
129, 280
129, 281
128, 282
128, 284
127, 285
127, 286
126, 287
126, 288
125, 289
125, 290
124, 291
124, 293
123, 294
123, 295
122, 296
122, 297
121, 298
121, 300
120, 301
120, 302
119, 303
119, 305
120, 306
122, 306
123, 305
123, 304
124, 303
124, 302
125, 301
125, 299
126, 298
126, 297
127, 296
127, 295
128, 294
128, 293
129, 292
129, 290
130, 289
130, 288
131, 287
131, 286
132, 285
132, 283
133, 282
133, 281
134, 280
134, 279
135, 278
135, 277
136, 276
136, 274
137, 273
137, 272
138, 271
138, 270
139, 269
139, 268
140, 267
140, 266
141, 265
141, 264
142, 263
142, 261
144, 259
144, 258
145, 257
145, 256
146, 255
146, 254
147, 253
147, 252
148, 251
148, 250
149, 249
149, 248
150, 247
150, 246
151, 245
151, 244
152, 243
152, 242
153, 241
153, 240
155, 238
155, 237
156, 236
156, 235
157, 234
157, 233
158, 232
158, 231
159, 230
159, 229
161, 227
161, 226
162, 225
162, 224
163, 223
163, 222
164, 221
164, 220
166, 218
166, 217
167, 216
167, 215
168, 214
168, 213
170, 211
170, 210
171, 209
171, 208
172, 207
174, 209
174, 211
175, 212
175, 214
176, 215
176, 218
168, 226
168, 227
163, 232
163, 233
161, 235
161, 236
160, 237
160, 238
159, 239
159, 240
158, 241
158, 243
157, 244
157, 249
158, 250
159, 250
160, 251
161, 251
162, 250
163, 250
165, 248
166, 248
178, 236
178, 235
180, 233
182, 235
182, 236
183, 237
183, 238
184, 239
184, 240
185, 240
186, 241
187, 241
188, 240
188, 239
189, 238
189, 235
190, 234
190, 231
191, 230
191, 226
192, 225
192, 222
193, 221
193, 218
194, 217
194, 214
195, 213
195, 210
196, 209
196, 208
200, 204
201, 204
205, 200
206, 200
210, 196
211, 196
215, 192
216, 192
219, 189
220, 189
225, 184
226, 184
228, 185
227, 186
227, 187
226, 188
226, 189
225, 190
225, 191
224, 192
224, 193
223, 194
223, 195
222, 196
222, 198
221, 199
221, 200
220, 201
220, 202
219, 203
219, 205
218, 206
218, 207
217, 208
217, 210
216, 211
216, 213
215, 214
215, 216
214, 217
214, 221
213, 222
213, 231
214, 232
214, 234
216, 236
216, 237
217, 237
218, 238
219, 238
220, 239
226, 239
227, 238
229, 238
230, 237
231, 237
232, 236
233, 236
235, 234
236, 234
240, 230
241, 230
244, 227
244, 226
250, 220
250, 219
253, 216
253, 215
254, 214
254, 213
256, 211
256, 210
257, 209
257, 208
258, 207
258, 206
259, 205
259, 203
260, 202
260, 200
261, 199
261, 197
262, 196
262, 194
279, 177
280, 178
280, 179
279, 180
279, 182
278, 183
278, 184
277, 185
277, 187
276, 188
276, 190
275, 191
275, 193
274, 194
274, 195
273, 196
273, 198
272, 199
272, 201
271, 202
271, 203
270, 204
270, 206
269, 207
269, 208
268, 209
268, 211
267, 212
267, 213
266, 214
266, 215
265, 216
265, 217
264, 218
264, 219
263, 220
263, 221
262, 222
262, 223
261, 224
261, 225
260, 226
260, 227
259, 228
259, 231
260, 231
261, 232
264, 229
264, 227
265, 226
265, 225
266, 224
266, 223
267, 222
267, 221
268, 220
268, 219
270, 217
270, 216
272, 214
272, 213
284, 201
285, 201
287, 199
288, 199
290, 197
291, 197
292, 196
293, 196
294, 195
295, 195
297, 193
298, 193
302, 189
303, 189
304, 190
304, 191
303, 192
303, 194
302, 195
302, 196
301, 197
301, 200
300, 201
300, 203
299, 204
299, 206
298, 207
298, 209
297, 210
297, 213
296, 214
296, 216
295, 217
295, 221
294, 222
294, 231
295, 232
295, 233
296, 234
297, 234
298, 235
302, 235
303, 234
304, 234
305, 233
306, 233
307, 232
308, 232
309, 231
310, 231
311, 230
312, 230
314, 228
315, 228
317, 226
318, 226
320, 224
321, 224
327, 218
328, 218
342, 204
342, 203
353, 192
353, 191
357, 187
358, 188
358, 190
357, 191
357, 192
356, 193
356, 195
355, 196
355, 198
354, 199
354, 200
353, 201
353, 203
352, 204
352, 206
351, 207
351, 209
350, 210
350, 212
349, 213
349, 215
348, 216
348, 218
347, 219
347, 221
345, 223
345, 224
338, 231
338, 232
334, 236
334, 237
330, 241
330, 242
328, 244
328, 245
326, 247
326, 248
324, 250
324, 251
322, 253
322, 254
321, 255
321, 256
319, 258
319, 259
318, 260
318, 261
317, 262
317, 263
316, 264
316, 266
315, 267
315, 269
314, 270
314, 273
313, 274
313, 289
314, 290
314, 294
315, 295
315, 297
316, 298
316, 300
317, 301
317, 302
318, 303
318, 304
319, 305
320, 305
321, 306
323, 306
324, 305
325, 305
325, 304
327, 302
327, 301
328, 300
328, 299
329, 298
329, 296
330, 295
330, 293
331, 292
331, 290
332, 289
332, 287
333, 286
333, 283
334, 282
334, 279
335, 278
335, 275
336, 274
336, 271
337, 270
337, 268
338, 267
338, 264
339, 263
339, 260
340, 259
340, 256
341, 255
341, 252
342, 251
342, 248
343, 247
343, 244
344, 243
344, 241
345, 240
345, 237
346, 236
346, 234
347, 233
347, 231
348, 230
348, 228
349, 227
349, 225
356, 218
356, 217
373, 200
373, 199
408, 164
408, 163
410, 161
433, 161
434, 162
443, 162
444, 163
451, 163
452, 164
456, 164
457, 165
461, 165
462, 166
464, 166
465, 167
467, 167
468, 168
469, 168
471, 170
471, 172
470, 173
470, 174
469, 175
468, 175
467, 176
467, 178
468, 179
471, 179
472, 178
473, 178
474, 177
474, 175
475, 174
475, 173
476, 172
476, 169
475, 168
475, 167
472, 164
470, 164
469, 163
467, 163
466, 162
464, 162
463, 161
459, 161
458, 160
454, 160
453, 159
448, 159
447, 158
439, 158
438, 157
425, 157
424, 156
417, 156
416, 155
424, 147
425, 147
426, 146
426, 143
423, 143
417, 149
416, 149
412, 153
412, 154
411, 155
410, 155
409, 156
381, 156
380, 155
381, 154
381, 153
383, 151
383, 150
384, 149
384, 148
386, 146
386, 145
387, 144
387, 143
388, 142
388, 141
389, 140
389, 139
390, 138
390, 137
391, 136
391, 135
392, 134
392, 133
393, 132
393, 131
394, 130
394, 129
395, 128
395, 127
396, 126
396, 125
397, 124
397, 123
398, 122
398, 121
399, 120
399, 118
400, 117
400, 116
401, 115
401, 114
402, 113
402, 112
403, 111
403, 110
404, 109
404, 107
405, 106
405, 105
406, 104
406, 102
407, 101
407, 100
408, 99
408, 98
409, 97
409, 95
410, 94
410, 92
411, 91
411, 90
412, 89
412, 87
413, 86
413, 84
414, 83
414, 80
415, 79
415, 73
414, 72
410, 72
408, 74
407, 74
403, 78
403, 79
400, 82
400, 83
398, 85
398, 86
397, 87
397, 88
396, 89
396, 90
395, 91
395, 93
394, 94
394, 95
393, 96
393, 97
392, 98
392, 100
391, 101
391, 102
390, 103
390, 105
389, 106
389, 107
388, 108
388, 110
387, 111
387, 112
386, 113
386, 115
385, 116
385, 118
384, 119
384, 120
383, 121
383, 123
382, 124
382, 126
381, 127
381, 128
380, 129
380, 131
379, 132
379, 134
378, 135
378, 136
377, 137
377, 139
376, 140
376, 141
375, 142
375, 144
374, 145
374, 147
373, 148
373, 149
372, 150
372, 152
371, 153
371, 154
368, 157
348, 157
347, 158
332, 158
331, 159
319, 159
318, 160
306, 160
305, 161
292, 161
291, 160
291, 157
289, 157
286, 160
286, 161
285, 162
281, 162
280, 163
268, 163
267, 164
255, 164
254, 165
252, 165
250, 163
250, 161
247, 161
246, 162
245, 162
244, 163
243, 163
241, 165
240, 165
239, 166
229, 166
228, 167
218, 167
217, 168
214, 168
213, 167
213, 157
210, 154
210, 152
211, 151
211, 148
212, 147
212, 145
213, 144
213, 141
214, 140
214, 138
215, 137
215, 135
216, 134
216, 132
217, 131
217, 129
218, 128
218, 125
219, 124
219, 122
220, 121
220, 119
221, 118
221, 116
222, 115
222, 113
223, 112
223, 110
224, 109
224, 107
225, 106
225, 105
226, 104
226, 102
227, 101
227, 99
228, 98
228, 96
229, 95
229, 93
230, 92
230, 91
231, 90
231, 88
232, 87
232, 86
233, 85
233, 83
234, 82
234, 81
235, 80
235, 78
236, 77
236, 76
237, 75
237, 74
238, 73
238, 72
239, 71
239, 69
240, 68
240, 67
241, 66
241, 65
242, 64
242, 62
243, 61
243, 60
244, 59
244, 58
245, 57
245, 55
246, 54
246, 53
247, 52
247, 51
248, 50
248, 48
249, 47
249, 46
250, 45
250, 43
248, 41
247, 41
246, 42
245, 42
244, 43
244, 44
242, 46
242, 47
241, 48
241, 49
240, 50
240, 51
239, 52
239, 54
238, 55
238, 56
237, 57
237, 59
236, 60
236, 62
235, 63
235, 65
234, 66
234, 67
233, 68
233, 70
232, 71
232, 73
231, 74
231, 76
230, 77
230, 79
229, 80
229, 81
228, 82
228, 84
227, 85
227, 86
226, 87
226, 89
225, 90
225, 91
224, 92
224, 93
223, 94
223, 95
222, 96
222, 97
221, 98
221, 99
220, 100
220, 101
219, 102
219, 103
218, 104
218, 105
217, 106
217, 107
216, 108
216, 109
215, 110
215, 111
214, 112
214, 113
213, 114
213, 115
212, 116
212, 117
211, 118
211, 119
210, 120
210, 121
209, 122
209, 123
208, 124
208, 125
207, 126
207, 127
206, 128
206, 129
205, 130
205, 131
204, 132
204, 133
203, 134
203, 135
202, 136
202, 137
201, 138
201, 139
200, 140
200, 141
199, 142
199, 143
198, 144
198, 145
196, 147
196, 148
195, 149
195, 150
194, 151
193, 150
189, 150
189, 151
178, 162
177, 162
173, 166
172, 166
169, 169
168, 169
166, 171
165, 171
163, 173
160, 173
159, 174
153, 174
152, 173
151, 173
150, 172
150, 170
151, 169
150, 168
150, 165
149, 164
149, 163
147, 161
146, 161
145, 160
140, 160
139, 159
140, 158
142, 158
143, 157
145, 157
146, 156
146, 153
145, 152
145, 151
144, 150
138, 150
137, 151
135, 151
133, 153
132, 153
120, 165
119, 165
118, 166
117, 166
116, 165
117, 164
117, 163
118, 162
118, 161
119, 160
119, 158
120, 157
120, 156
121, 155
121, 153
122, 152
122, 151
123, 150
123, 148
124, 147
124, 146
125, 145
125, 143
126, 142
126, 140
127, 139
127, 137
128, 136
128, 134
129, 133
129, 130
130, 129
130, 126
131, 125
131, 114
130, 113
130, 111
126, 107
118, 107
117, 108
115, 108
113, 110
112, 110
110, 112
109, 112
105, 116
104, 116
102, 118
101, 117
101, 116
102, 115
102, 114
103, 113
103, 112
104, 111
104, 110
105, 109
105, 108
106, 107
106, 106
107, 105
107, 103
108, 102
108, 101
109, 100
109, 99
110, 98
110, 96
111, 95
111, 94
112, 93
112, 91
113, 90
113, 89
114, 88
114, 86
115, 85
115, 83
116, 82
116, 80
117, 79
117, 78
118, 77
118, 75
119, 74
119, 71
120, 70
120, 68
121, 67
121, 65
122, 64
122, 62
123, 61
123, 58
124, 57
124, 55
125, 54
125, 52
126, 51
126, 49
127, 48
127, 46
128, 45
128, 42
129, 41
129, 38
130, 37
130, 34
131, 33
131, 29
132, 28
132, 17
131, 16
131, 15
130, 14
341, 234
342, 235
342, 237
341, 238
341, 240
340, 241
340, 244
339, 245
339, 248
338, 249
338, 252
337, 253
337, 256
336, 257
336, 260
335, 261
335, 264
334, 265
334, 268
333, 269
333, 271
332, 272
332, 275
331, 276
331, 279
330, 280
330, 283
329, 284
329, 287
328, 288
328, 290
327, 291
327, 293
326, 294
326, 295
325, 296
325, 298
322, 301
321, 301
320, 300
320, 299
319, 298
319, 296
318, 295
318, 292
317, 291
317, 285
316, 284
316, 281
317, 280
317, 273
318, 272
318, 269
319, 268
319, 267
320, 266
320, 264
321, 263
321, 262
323, 260
323, 259
324, 258
324, 257
326, 255
326, 254
328, 252
328, 251
329, 250
329, 249
332, 246
332, 245
334, 243
334, 242
338, 238
338, 237
177, 223
179, 225
179, 228
177, 230
177, 231
172, 236
172, 237
166, 243
165, 243
163, 245
162, 245
161, 244
161, 243
162, 242
162, 241
163, 240
163, 239
165, 237
165, 236
168, 233
168, 232
186, 214
187, 214
188, 215
187, 216
187, 217
185, 219
185, 220
183, 222
182, 221
182, 218
226, 197
227, 196
229, 198
229, 202
230, 203
230, 204
231, 205
232, 205
233, 206
241, 206
242, 205
243, 205
244, 204
246, 204
247, 203
248, 203
249, 202
250, 202
251, 201
252, 201
253, 200
254, 200
255, 199
256, 200
256, 202
255, 203
255, 204
254, 205
254, 206
253, 207
253, 208
252, 209
252, 210
251, 211
251, 212
249, 214
249, 215
246, 218
246, 219
235, 230
234, 230
232, 232
231, 232
229, 234
228, 234
227, 235
220, 235
218, 233
218, 232
217, 231
217, 229
216, 228
216, 226
217, 225
217, 220
218, 219
218, 217
219, 216
219, 213
220, 212
220, 211
221, 210
221, 208
222, 207
222, 206
223, 205
223, 203
224, 202
224, 201
225, 200
225, 199
226, 198
137, 189
138, 188
139, 188
140, 189
140, 190
139, 191
139, 192
137, 194
137, 195
136, 196
136, 197
135, 198
135, 199
133, 201
133, 202
131, 204
131, 205
129, 207
129, 208
125, 212
125, 213
118, 220
117, 220
114, 223
113, 223
112, 224
111, 224
110, 225
108, 223
108, 212
109, 211
109, 207
110, 206
110, 202
111, 201
111, 198
112, 197
112, 195
113, 194
113, 192
114, 191
117, 191
118, 192
126, 192
127, 191
130, 191
131, 190
134, 190
135, 189
99, 185
100, 186
100, 187
99, 188
99, 189
97, 191
97, 192
96, 193
96, 194
94, 196
94, 197
91, 200
91, 201
89, 203
89, 204
87, 206
87, 207
84, 210
84, 211
80, 215
80, 216
69, 227
68, 227
64, 231
63, 231
61, 233
60, 233
59, 232
59, 231
60, 230
60, 229
61, 228
61, 227
62, 226
62, 225
63, 224
63, 223
66, 220
66, 219
72, 213
72, 212
85, 199
85, 198
86, 197
87, 197
205, 179
203, 180
172, 177
173, 176
174, 177
174, 178
173, 179
173, 180
172, 181
172, 183
171, 184
171, 185
169, 187
168, 186
168, 185
165, 182
165, 181
163, 179
163, 178
164, 177
248, 175
249, 174
258, 177
258, 178
259, 179
256, 194
255, 194
253, 196
252, 196
250, 198
249, 198
248, 199
247, 199
246, 200
244, 200
243, 201
242, 201
241, 202
239, 202
238, 203
233, 201
233, 200
232, 199
232, 195
233, 194
233, 193
234, 192
234, 191
235, 190
235, 189
236, 188
236, 187
238, 185
247, 175
192, 174
199, 174
200, 175
199, 176
199, 179
198, 180
198, 183
197, 184
197, 187
196, 188
196, 191
195, 192
195, 195
194, 196
194, 199
193, 200
193, 202
192, 203
192, 205
189, 208
188, 208
186, 210
185, 210
182, 213
180, 213
179, 212
179, 210
178, 209
178, 207
177, 206
177, 204
176, 203
176, 199
177, 198
177, 197
178, 196
178, 195
180, 193
180, 192
181, 191
181, 190
182, 189
182, 188
184, 186
184, 185
185, 184
185, 183
187, 181
187, 180
189, 178
189, 177
38, 175
36, 176
207, 174
206, 176
206, 177
204, 177
221, 172
222, 171
232, 171
233, 172
227, 178
226, 178
220, 184
219, 184
215, 188
214, 188
211, 191
210, 191
205, 196
204, 196
203, 195
203, 194
204, 193
204, 191
205, 190
205, 189
206, 188
206, 187
207, 186
207, 184
208, 183
208, 181
209, 180
209, 178
210, 177
210, 175
213, 172
37, 173
242, 170
244, 171
243, 174
242, 174
237, 176
238, 175
40, 170
272, 168
273, 167
280, 167
281, 168
279, 170
279, 171
273, 177
273, 178
264, 187
263, 186
263, 180
262, 179
262, 177
261, 176
261, 175
260, 174
260, 173
258, 171
257, 171
256, 170
257, 169
259, 169
260, 168
177, 167
179, 168
176, 172
41, 167
39, 168
310, 165
311, 164
313, 164
314, 165
314, 167
313, 168
313, 169
312, 170
312, 171
311, 172
311, 173
310, 174
310, 175
308, 177
308, 178
297, 189
296, 189
294, 191
293, 191
291, 193
290, 193
289, 194
288, 194
287, 195
286, 195
284, 197
283, 197
280, 200
279, 200
276, 199
277, 198
277, 196
278, 195
278, 194
279, 193
279, 191
280, 190
280, 188
281, 187
281, 185
282, 184
282, 182
283, 181
283, 179
284, 178
284, 176
285, 175
285, 173
286, 172
286, 170
287, 169
287, 168
289, 166
297, 166
298, 165
138, 165
139, 164
145, 164
146, 166
147, 167
147, 171
145, 173
144, 173
143, 174
140, 174
138, 176
138, 177
140, 179
143, 179
144, 180
144, 181
141, 183
140, 184
138, 184
137, 185
135, 185
134, 186
132, 186
131, 187
129, 187
128, 188
118, 188
116, 184
117, 183
117, 181
118, 180
118, 179
119, 178
119, 177
120, 176
120, 175
123, 173
125, 171
126, 171
128, 169
129, 169
130, 168
131, 168
132, 167
133, 167
134, 166
135, 166
136, 165
207, 164
209, 164
208, 168
207, 166
201, 163
202, 163
203, 164
202, 165
202, 167
200, 169
197, 169
196, 168
356, 162
357, 161
367, 161
368, 162
367, 163
367, 165
366, 166
366, 168
365, 169
365, 170
364, 171
364, 172
361, 175
361, 176
357, 180
357, 181
352, 186
352, 187
346, 193
346, 194
320, 220
319, 220
317, 222
316, 222
314, 224
313, 224
311, 226
310, 226
308, 228
307, 228
306, 229
305, 229
304, 230
303, 230
302, 231
299, 231
297, 229
297, 226
298, 225
298, 221
299, 220
299, 216
300, 215
300, 213
301, 212
301, 210
302, 209
302, 206
303, 205
303, 203
304, 202
304, 200
305, 199
305, 197
306, 196
306, 195
307, 194
307, 192
308, 191
308, 189
309, 188
309, 186
310, 185
310, 184
311, 183
311, 181
312, 180
312, 179
314, 177
314, 176
317, 173
317, 172
321, 168
321, 167
325, 163
337, 163
338, 162
43, 162
41, 163
389, 161
390, 160
403, 160
404, 161
404, 162
401, 165
401, 166
396, 171
395, 171
387, 179
387, 180
362, 205
362, 206
355, 213
354, 212
354, 210
355, 209
355, 207
356, 206
356, 204
357, 203
357, 201
358, 200
358, 199
359, 198
359, 196
360, 195
360, 193
361, 192
361, 190
362, 189
362, 188
363, 187
363, 185
364, 184
364, 182
365, 181
365, 180
366, 179
366, 177
367, 176
367, 174
368, 173
368, 172
370, 170
370, 169
373, 166
373, 165
377, 161
209, 132
211, 135
210, 136
210, 138
209, 139
209, 142
208, 143
208, 145
207, 146
207, 149
206, 150
206, 152
205, 153
205, 155
204, 156
203, 156
199, 160
198, 160
196, 162
196, 163
193, 166
192, 165
192, 164
193, 163
193, 162
194, 161
194, 160
195, 159
195, 158
197, 156
197, 155
198, 154
198, 153
199, 152
199, 151
201, 149
201, 148
202, 147
202, 146
203, 145
203, 144
204, 143
204, 142
205, 141
205, 140
206, 139
206, 138
207, 137
207, 136
208, 135
208, 134
209, 133
97, 128
99, 128
100, 129
100, 141
99, 142
99, 145
98, 146
98, 149
97, 150
97, 153
96, 154
96, 157
95, 158
95, 160
94, 161
94, 163
93, 164
93, 166
92, 167
92, 169
91, 170
91, 171
90, 172
90, 173
89, 174
89, 176
88, 177
88, 178
87, 179
87, 180
86, 181
86, 182
85, 183
85, 184
84, 185
84, 186
83, 187
83, 188
82, 189
82, 190
80, 192
80, 193
79, 194
79, 195
77, 197
77, 198
75, 200
75, 201
73, 203
73, 204
69, 208
69, 209
66, 212
65, 212
62, 215
61, 215
59, 217
57, 217
56, 218
49, 218
47, 216
46, 216
42, 212
41, 212
40, 213
39, 212
39, 210
40, 209
40, 208
41, 207
41, 206
42, 205
42, 203
43, 202
43, 201
44, 200
44, 198
45, 197
45, 196
46, 195
46, 193
47, 192
47, 191
48, 190
48, 188
49, 187
49, 186
50, 185
50, 183
51, 182
51, 181
52, 180
52, 178
53, 177
53, 176
54, 175
54, 173
55, 172
55, 171
56, 170
56, 168
57, 167
57, 166
58, 165
58, 164
59, 163
59, 162
61, 160
61, 159
65, 155
65, 154
68, 151
68, 150
71, 147
71, 146
74, 143
74, 142
81, 135
82, 135
87, 130
88, 130
89, 131
88, 132
88, 133
84, 137
84, 138
81, 141
81, 142
78, 145
78, 146
75, 149
75, 150
72, 153
72, 154
70, 156
70, 157
67, 160
67, 161
65, 163
65, 164
63, 166
63, 167
61, 169
61, 170
60, 171
60, 172
58, 174
58, 175
57, 176
57, 177
56, 178
56, 179
55, 180
55, 181
54, 182
54, 183
53, 184
53, 185
52, 186
52, 187
51, 188
51, 189
50, 190
50, 191
49, 192
49, 194
48, 195
48, 201
49, 202
50, 201
51, 201
52, 200
52, 199
55, 196
55, 195
57, 193
57, 192
60, 189
60, 188
62, 186
62, 185
64, 183
64, 182
66, 180
66, 179
67, 178
67, 177
69, 175
69, 174
70, 173
70, 172
71, 171
71, 170
73, 168
73, 167
74, 166
74, 165
75, 164
75, 163
77, 161
77, 160
78, 159
78, 158
79, 157
79, 156
81, 154
81, 153
82, 152
82, 151
83, 150
83, 149
85, 147
85, 146
86, 145
86, 144
87, 143
87, 142
89, 140
89, 139
90, 138
90, 137
91, 136
91, 135
95, 131
95, 130
120, 111
121, 110
124, 110
126, 112
126, 113
127, 114
127, 116
128, 117
128, 120
127, 121
127, 126
126, 127
126, 130
125, 131
125, 133
124, 134
124, 136
123, 137
123, 139
122, 140
122, 142
121, 143
121, 145
120, 146
120, 147
119, 148
119, 150
118, 151
118, 153
117, 154
117, 155
116, 156
116, 157
115, 158
115, 159
114, 160
114, 162
113, 163
113, 164
112, 165
112, 166
111, 167
111, 168
110, 169
110, 170
108, 172
108, 173
106, 175
105, 175
101, 179
100, 179
94, 185
93, 185
89, 189
88, 188
88, 187
89, 186
89, 185
90, 184
90, 183
91, 182
91, 181
92, 180
92, 179
93, 178
93, 176
94, 175
94, 174
95, 173
95, 171
96, 170
96, 169
97, 168
97, 166
98, 165
98, 163
99, 162
99, 159
100, 158
100, 156
101, 155
101, 152
102, 151
102, 148
103, 147
103, 144
104, 143
104, 137
105, 136
105, 131
104, 130
104, 127
103, 126
103, 125
102, 124
110, 116
111, 116
114, 113
115, 113
116, 112
117, 112
118, 111
410, 77
411, 78
411, 80
410, 81
410, 83
409, 84
409, 86
408, 87
408, 89
407, 90
407, 91
406, 92
406, 94
405, 95
405, 97
404, 98
404, 99
403, 100
403, 101
402, 102
402, 104
401, 105
401, 106
400, 107
400, 109
399, 110
399, 111
398, 112
398, 113
397, 114
397, 115
396, 116
396, 117
395, 118
395, 119
394, 120
394, 121
393, 122
393, 124
392, 125
392, 126
391, 127
391, 128
390, 129
390, 130
389, 131
389, 132
388, 133
388, 134
387, 135
387, 136
386, 137
386, 138
385, 139
385, 140
384, 141
384, 142
382, 144
382, 145
381, 146
381, 147
379, 149
379, 150
377, 152
376, 151
376, 150
377, 149
377, 147
378, 146
378, 145
379, 144
379, 142
380, 141
380, 140
381, 139
381, 137
382, 136
382, 134
383, 133
383, 132
384, 131
384, 129
385, 128
385, 127
386, 126
386, 124
387, 123
387, 121
388, 120
388, 118
389, 117
389, 116
390, 115
390, 113
391, 112
391, 111
392, 110
392, 108
393, 107
393, 106
394, 105
394, 103
395, 102
395, 101
396, 100
396, 98
397, 97
397, 96
398, 95
398, 94
399, 93
399, 92
400, 91
400, 90
401, 89
401, 88
402, 87
402, 86
404, 84
404, 83
90, 66
91, 67
91, 69
90, 70
90, 72
89, 73
89, 75
88, 76
88, 78
87, 79
87, 80
86, 81
86, 83
85, 84
85, 86
84, 87
84, 89
83, 90
83, 91
82, 92
82, 94
81, 95
81, 97
80, 98
80, 99
79, 100
79, 102
78, 103
78, 105
77, 106
77, 107
76, 108
76, 110
75, 111
75, 113
74, 114
74, 115
73, 116
73, 118
72, 119
72, 120
71, 121
71, 123
70, 124
70, 125
69, 126
69, 128
68, 129
68, 130
67, 131
67, 133
66, 134
66, 135
65, 136
65, 138
64, 139
64, 140
63, 141
63, 143
62, 144
62, 145
61, 146
61, 148
60, 149
60, 150
59, 151
59, 152
58, 153
58, 154
56, 156
56, 157
54, 159
54, 160
53, 161
53, 162
52, 163
52, 164
51, 165
51, 168
52, 169
52, 170
51, 171
51, 172
50, 173
50, 175
49, 176
49, 177
48, 178
48, 180
47, 181
47, 182
46, 183
46, 185
45, 186
45, 187
44, 188
44, 190
43, 191
43, 192
42, 193
42, 195
41, 196
41, 197
40, 198
40, 200
39, 201
39, 202
38, 203
38, 205
37, 206
37, 207
36, 208
36, 209
35, 210
35, 212
34, 213
34, 214
33, 215
33, 216
32, 217
32, 218
31, 219
31, 221
30, 222
30, 223
29, 224
29, 225
28, 226
28, 227
26, 229
25, 228
25, 217
26, 216
26, 214
27, 213
27, 211
28, 210
28, 209
29, 208
29, 207
30, 206
30, 205
31, 204
31, 203
32, 202
32, 200
33, 199
33, 198
34, 197
34, 196
35, 195
35, 193
36, 192
36, 191
37, 190
37, 188
38, 187
38, 186
39, 185
39, 184
40, 183
40, 181
41, 180
41, 179
42, 178
42, 176
43, 175
43, 174
44, 173
44, 171
45, 170
45, 169
46, 168
46, 166
47, 165
47, 163
48, 162
48, 161
49, 160
49, 158
50, 157
50, 156
51, 155
51, 153
52, 152
52, 150
53, 149
53, 147
54, 146
54, 145
55, 144
55, 142
56, 141
56, 139
57, 138
57, 136
58, 135
58, 133
59, 132
59, 130
60, 129
60, 127
61, 126
61, 124
62, 123
62, 121
63, 120
63, 118
64, 117
64, 115
65, 114
65, 112
66, 111
66, 109
67, 108
67, 106
68, 105
68, 103
69, 102
69, 101
70, 100
70, 98
71, 97
71, 96
73, 94
73, 93
74, 92
74, 91
75, 90
75, 89
77, 87
77, 86
78, 85
78, 84
79, 83
79, 82
81, 80
81, 79
82, 78
82, 77
84, 75
84, 74
86, 72
86, 71
87, 70
87, 69
106, 48
107, 47
108, 47
109, 48
109, 57
108, 58
108, 61
107, 62
107, 64
106, 65
106, 67
105, 68
105, 70
104, 71
104, 73
103, 74
103, 76
102, 77
102, 78
101, 79
101, 81
100, 82
100, 83
99, 84
99, 86
98, 87
98, 88
97, 89
97, 90
96, 91
96, 93
95, 94
95, 95
94, 96
94, 97
93, 98
93, 99
92, 100
92, 101
91, 102
91, 103
90, 104
90, 106
89, 107
89, 108
87, 110
87, 111
86, 112
86, 113
85, 114
85, 115
84, 116
84, 117
83, 118
83, 119
82, 120
82, 121
80, 123
80, 124
79, 125
79, 126
78, 127
78, 128
76, 130
76, 131
75, 132
75, 133
73, 135
73, 136
69, 136
70, 135
70, 134
71, 133
71, 131
72, 130
72, 129
73, 128
73, 126
74, 125
74, 124
75, 123
75, 121
76, 120
76, 119
77, 118
77, 116
78, 115
78, 113
79, 112
79, 111
80, 110
80, 108
81, 107
81, 106
82, 105
82, 103
83, 102
83, 100
84, 99
84, 98
85, 97
85, 95
86, 94
86, 92
87, 91
87, 89
88, 88
88, 87
89, 86
89, 84
90, 83
90, 81
91, 80
91, 78
92, 77
92, 75
93, 74
93, 72
94, 71
94, 69
95, 68
95, 66
96, 65
96, 64
97, 63
97, 60
98, 59
98, 57
99, 56
99, 55
100, 54
100, 53
101, 52
102, 52
102, 51
105, 48
98, 43
99, 44
99, 45
98, 46
98, 47
97, 48
97, 49
95, 51
95, 52
91, 56
91, 57
88, 60
88, 61
85, 64
85, 65
83, 67
83, 68
82, 69
82, 70
80, 72
80, 73
79, 74
78, 73
78, 70
79, 69
79, 68
81, 66
81, 65
82, 64
82, 63
84, 61
84, 60
87, 57
87, 56
90, 53
90, 52
94, 48
94, 47
125, 18
126, 17
127, 17
128, 18
128, 20
129, 21
129, 22
128, 23
128, 30
127, 31
127, 34
126, 35
126, 38
125, 39
125, 42
124, 43
124, 45
123, 46
123, 48
122, 49
122, 52
121, 53
121, 55
120, 56
120, 58
119, 59
119, 61
118, 62
118, 64
117, 65
117, 68
116, 69
116, 71
115, 72
115, 74
114, 75
114, 77
113, 78
113, 80
112, 81
112, 82
111, 83
111, 85
110, 86
110, 88
109, 89
109, 90
108, 91
108, 93
107, 94
107, 95
106, 96
106, 98
105, 99
105, 100
104, 101
104, 102
103, 103
103, 104
102, 105
102, 106
101, 107
101, 109
100, 110
100, 111
99, 112
99, 113
98, 114
98, 115
97, 116
97, 117
96, 118
96, 119
93, 122
92, 122
91, 123
90, 123
89, 124
88, 124
87, 125
86, 125
85, 124
86, 123
86, 122
87, 121
87, 120
88, 119
88, 118
89, 117
89, 116
90, 115
90, 114
91, 113
91, 112
92, 111
92, 110
93, 109
93, 108
94, 107
94, 106
95, 105
95, 104
96, 103
96, 102
97, 101
97, 100
98, 99
98, 98
99, 97
99, 96
100, 95
100, 93
101, 92
101, 91
102, 90
102, 89
103, 88
103, 86
104, 85
104, 84
105, 83
105, 81
106, 80
106, 78
107, 77
107, 76
108, 75
108, 73
109, 72
109, 70
110, 69
110, 67
111, 66
111, 64
112, 63
112, 60
113, 59
113, 54
114, 53
114, 46
113, 45
113, 44
112, 43
111, 43
110, 42
107, 42
106, 43
105, 43
104, 42
104, 40
105, 39
105, 37
106, 36
106, 34
109, 31
109, 30
110, 29
111, 29
119, 21
120, 21
122, 19
123, 19
124, 18
