4, 2
392, 4
390, 369
2, 367
297, 16
296, 17
295, 17
295, 18
293, 20
293, 21
292, 22
292, 23
291, 24
291, 25
290, 26
290, 28
289, 29
289, 31
288, 32
288, 35
287, 36
287, 40
286, 41
286, 46
285, 47
285, 55
284, 56
284, 74
285, 75
285, 83
286, 84
286, 89
287, 90
287, 94
288, 95
288, 97
289, 98
289, 100
290, 101
290, 103
291, 104
291, 105
292, 106
292, 107
293, 108
293, 109
294, 110
294, 111
296, 113
296, 114
298, 116
298, 117
301, 120
301, 121
306, 126
306, 127
312, 133
312, 134
313, 135
313, 144
314, 145
314, 154
315, 155
315, 163
316, 164
316, 172
317, 173
317, 181
318, 182
318, 190
317, 191
316, 190
316, 189
315, 188
315, 187
314, 186
314, 185
313, 184
313, 183
312, 182
312, 181
311, 180
311, 179
310, 178
310, 177
309, 176
309, 175
307, 173
307, 172
305, 170
305, 169
301, 165
301, 164
292, 155
291, 155
288, 152
287, 152
286, 151
284, 151
283, 150
281, 150
280, 151
279, 151
277, 153
277, 162
278, 163
278, 166
279, 167
279, 171
280, 172
280, 175
279, 176
278, 176
277, 175
273, 175
270, 178
270, 180
269, 181
268, 181
267, 180
267, 178
266, 177
266, 175
265, 174
265, 172
264, 171
264, 169
263, 168
263, 166
262, 165
262, 164
260, 162
258, 162
258, 167
259, 168
259, 171
260, 172
260, 175
261, 176
261, 179
262, 180
262, 183
263, 184
263, 187
264, 188
264, 190
263, 191
260, 191
257, 188
257, 187
256, 186
256, 185
254, 183
254, 182
251, 179
251, 178
249, 176
249, 175
246, 172
246, 171
243, 168
243, 167
234, 158
234, 146
231, 146
231, 147
230, 148
230, 153
229, 154
228, 153
227, 153
225, 151
224, 151
222, 149
222, 148
221, 147
221, 145
220, 144
220, 143
219, 142
219, 141
218, 140
218, 139
216, 137
216, 136
211, 131
210, 131
209, 130
206, 130
203, 133
203, 148
204, 149
204, 153
205, 154
205, 158
206, 159
206, 163
207, 164
207, 167
208, 168
208, 171
209, 172
209, 175
210, 176
210, 179
211, 180
211, 185
210, 186
204, 186
201, 183
201, 182
200, 181
200, 176
199, 175
199, 171
198, 170
198, 165
197, 164
197, 160
196, 159
196, 156
195, 155
195, 152
194, 151
194, 148
193, 147
193, 144
192, 143
192, 140
191, 139
191, 137
190, 136
190, 135
189, 134
189, 132
188, 131
188, 130
187, 129
187, 128
182, 123
181, 123
180, 122
179, 122
178, 121
170, 121
169, 122
168, 122
167, 123
166, 123
164, 125
163, 124
163, 122
162, 121
162, 117
161, 116
161, 112
160, 111
160, 107
159, 106
159, 102
158, 101
158, 97
157, 96
157, 93
156, 92
156, 88
155, 87
155, 84
154, 83
154, 81
153, 80
153, 78
152, 77
152, 76
150, 74
148, 74
147, 75
146, 75
145, 74
145, 70
144, 69
144, 64
143, 63
143, 59
142, 58
142, 54
141, 53
141, 49
140, 48
140, 45
139, 44
139, 41
138, 40
138, 37
137, 36
137, 35
136, 34
135, 34
134, 35
134, 41
135, 42
135, 47
136, 48
136, 53
137, 54
137, 58
138, 59
138, 64
139, 65
139, 68
140, 69
140, 73
141, 74
141, 78
142, 79
142, 83
143, 84
143, 88
144, 89
144, 93
145, 94
145, 98
146, 99
146, 103
147, 104
147, 109
148, 110
148, 115
149, 116
149, 121
150, 122
150, 127
151, 128
151, 133
152, 134
152, 139
153, 140
153, 145
154, 146
154, 151
155, 152
155, 158
156, 159
156, 165
157, 166
157, 171
158, 172
158, 177
159, 178
159, 180
158, 181
151, 181
140, 170
140, 169
139, 168
139, 166
138, 165
138, 162
137, 161
137, 159
136, 158
136, 156
135, 155
135, 153
134, 152
134, 150
133, 149
133, 148
132, 147
132, 146
131, 145
131, 144
130, 143
130, 142
129, 141
129, 140
127, 138
127, 137
124, 134
124, 133
119, 128
118, 128
117, 127
113, 127
112, 128
112, 129
111, 130
111, 132
110, 133
110, 134
109, 135
109, 137
108, 138
108, 140
109, 141
109, 147
110, 148
110, 152
111, 153
111, 157
112, 158
112, 162
113, 163
113, 167
114, 168
114, 172
115, 173
115, 177
116, 178
116, 182
117, 183
117, 187
118, 188
118, 191
117, 192
116, 191
116, 190
113, 187
113, 186
111, 184
111, 183
109, 181
109, 180
107, 178
107, 177
106, 176
106, 174
105, 173
105, 170
104, 169
104, 167
103, 166
103, 163
102, 162
102, 160
101, 159
101, 157
100, 156
100, 154
99, 153
99, 152
98, 151
98, 149
97, 148
97, 146
96, 145
96, 144
95, 143
95, 141
94, 140
94, 139
93, 138
93, 136
92, 135
92, 134
91, 133
91, 131
90, 130
90, 129
89, 128
89, 127
88, 126
88, 125
87, 124
87, 122
86, 121
86, 120
85, 119
85, 118
84, 117
84, 115
83, 114
83, 113
82, 112
82, 111
81, 110
81, 108
80, 107
80, 106
79, 105
77, 105
76, 106
76, 115
77, 116
77, 121
78, 122
78, 125
79, 126
79, 129
80, 130
80, 131
79, 132
76, 129
72, 129
71, 130
71, 132
70, 133
70, 138
71, 139
71, 144
72, 145
72, 149
73, 150
73, 152
74, 153
74, 155
75, 156
75, 159
76, 160
76, 161
77, 162
77, 164
78, 165
78, 166
79, 167
79, 169
80, 170
80, 171
81, 172
81, 173
82, 174
82, 175
83, 176
83, 177
84, 178
84, 179
86, 181
86, 182
87, 183
87, 184
89, 186
89, 187
93, 191
93, 192
98, 197
98, 199
99, 200
99, 204
100, 205
100, 209
101, 210
101, 214
102, 215
102, 220
103, 221
103, 227
104, 228
104, 242
103, 243
102, 243
101, 242
100, 242
98, 240
97, 240
86, 229
86, 228
82, 224
82, 223
79, 220
79, 219
78, 218
78, 217
76, 215
76, 214
75, 213
75, 212
74, 211
74, 210
73, 209
73, 208
72, 207
72, 203
71, 202
71, 198
70, 197
70, 193
69, 192
69, 189
68, 188
68, 185
67, 184
67, 182
66, 181
66, 179
65, 178
65, 176
64, 175
64, 173
63, 172
63, 171
62, 170
62, 169
61, 168
61, 167
60, 166
60, 165
59, 164
59, 163
56, 160
54, 160
53, 161
53, 166
54, 167
54, 171
55, 172
55, 174
56, 175
56, 178
57, 179
57, 181
58, 182
58, 184
59, 185
59, 186
60, 187
60, 189
61, 190
61, 192
62, 193
62, 194
63, 195
63, 196
64, 197
64, 200
65, 201
65, 204
66, 205
66, 209
67, 210
67, 215
68, 216
68, 220
69, 221
69, 226
70, 227
70, 232
71, 233
71, 238
72, 239
72, 244
73, 245
73, 251
74, 252
74, 258
75, 259
75, 265
74, 266
73, 266
71, 264
71, 263
68, 260
68, 259
66, 257
66, 256
65, 255
65, 254
64, 253
64, 252
62, 250
62, 249
61, 248
61, 247
60, 246
60, 245
59, 244
59, 243
58, 242
58, 241
57, 240
57, 238
56, 237
56, 236
55, 235
55, 234
56, 233
57, 233
58, 232
58, 230
57, 229
57, 227
56, 226
56, 223
55, 222
55, 217
54, 216
54, 211
53, 210
53, 206
52, 205
52, 201
51, 200
51, 196
50, 195
50, 191
49, 190
49, 185
48, 184
48, 180
47, 179
47, 175
46, 174
46, 170
45, 169
45, 166
44, 165
44, 161
43, 160
43, 156
42, 155
42, 152
41, 151
41, 148
40, 147
40, 143
39, 142
39, 140
38, 139
38, 136
37, 135
37, 133
36, 132
36, 130
35, 129
35, 128
34, 127
34, 126
33, 125
33, 124
32, 123
32, 122
31, 121
28, 121
26, 123
26, 125
25, 126
25, 130
24, 131
23, 130
23, 124
22, 123
22, 115
21, 114
21, 109
20, 108
20, 106
19, 105
18, 105
17, 106
17, 117
18, 118
18, 124
19, 125
19, 130
20, 131
20, 137
21, 138
21, 143
22, 144
22, 151
23, 152
23, 159
24, 160
24, 167
25, 168
25, 175
26, 176
26, 183
27, 184
27, 191
28, 192
28, 199
29, 200
29, 206
30, 207
30, 213
31, 214
31, 220
32, 221
32, 225
33, 226
33, 231
34, 232
34, 236
35, 237
35, 241
36, 242
36, 247
37, 248
37, 252
38, 253
38, 256
39, 257
39, 261
40, 262
40, 267
41, 268
41, 270
42, 271
42, 273
43, 274
45, 274
46, 273
46, 271
45, 270
45, 267
44, 266
44, 264
43, 263
43, 259
42, 258
42, 255
41, 254
41, 250
40, 249
40, 245
39, 244
39, 240
38, 239
38, 234
37, 233
37, 229
36, 228
36, 223
35, 222
35, 217
34, 216
34, 211
35, 210
36, 211
36, 213
37, 214
37, 217
38, 218
38, 220
39, 221
39, 223
40, 224
40, 227
41, 228
41, 230
42, 231
42, 232
43, 233
43, 235
44, 236
44, 238
45, 239
45, 240
46, 241
46, 243
47, 244
47, 245
48, 246
48, 247
49, 248
49, 249
50, 250
50, 251
51, 252
51, 253
52, 254
52, 255
53, 256
53, 257
54, 258
54, 259
55, 260
55, 261
56, 262
56, 263
58, 265
58, 266
60, 268
60, 269
62, 271
62, 272
70, 280
71, 280
72, 281
74, 281
75, 282
76, 281
77, 281
78, 280
78, 279
79, 278
79, 254
78, 253
78, 242
77, 241
77, 234
78, 233
79, 234
79, 235
80, 236
80, 237
82, 239
82, 240
83, 241
83, 242
84, 243
84, 244
86, 246
86, 247
90, 251
90, 252
96, 258
97, 258
99, 260
100, 260
101, 261
102, 261
103, 262
111, 262
112, 261
113, 261
115, 259
115, 258
116, 257
116, 256
117, 255
117, 250
118, 249
118, 243
117, 242
117, 232
116, 231
116, 224
115, 223
115, 218
114, 217
114, 212
113, 211
113, 210
114, 209
117, 209
118, 210
120, 210
123, 207
127, 211
127, 216
128, 217
128, 218
129, 219
130, 219
131, 220
134, 220
135, 219
136, 219
140, 215
141, 215
144, 218
145, 218
166, 239
167, 239
169, 241
170, 241
171, 242
172, 242
173, 241
173, 240
174, 239
174, 236
173, 235
173, 232
172, 231
172, 228
171, 227
171, 224
170, 223
170, 219
169, 218
169, 214
168, 213
168, 209
169, 208
171, 210
171, 211
175, 215
175, 216
177, 218
177, 219
178, 220
178, 221
179, 222
179, 223
181, 225
181, 226
183, 228
183, 229
186, 232
186, 233
189, 236
190, 236
191, 237
196, 237
197, 236
198, 236
200, 234
200, 233
201, 232
201, 229
202, 228
202, 221
203, 220
203, 205
202, 204
202, 201
203, 200
205, 202
206, 202
217, 213
217, 214
218, 215
218, 216
219, 217
218, 218
218, 221
219, 222
220, 222
223, 225
223, 227
224, 228
224, 229
225, 230
225, 232
228, 235
230, 235
232, 233
232, 232
231, 231
231, 230
230, 229
230, 228
229, 227
229, 226
230, 225
231, 225
232, 226
233, 226
235, 228
236, 228
243, 235
243, 236
244, 237
244, 241
245, 242
245, 246
246, 247
246, 250
247, 251
247, 255
248, 256
248, 260
249, 261
249, 265
250, 266
250, 270
251, 271
251, 280
252, 281
252, 285
253, 286
253, 289
254, 290
254, 292
255, 293
255, 295
256, 296
256, 298
257, 299
257, 301
258, 302
258, 303
259, 303
260, 304
261, 303
261, 299
260, 298
260, 295
259, 294
259, 290
258, 289
258, 286
257, 285
257, 282
256, 281
256, 277
255, 276
255, 271
254, 270
254, 249
253, 248
253, 246
252, 245
252, 243
251, 242
251, 241
250, 240
250, 239
249, 238
249, 237
248, 236
248, 235
247, 234
247, 233
246, 232
246, 229
245, 228
245, 225
244, 224
244, 220
243, 219
243, 215
242, 214
242, 210
241, 209
241, 205
240, 204
240, 194
241, 193
249, 193
250, 194
257, 194
259, 196
259, 197
261, 199
261, 200
262, 201
262, 202
264, 204
264, 205
265, 206
265, 207
266, 208
266, 209
267, 210
267, 211
269, 213
269, 214
270, 215
270, 217
271, 218
271, 219
272, 220
272, 222
273, 223
273, 224
276, 227
277, 227
278, 226
278, 224
277, 223
277, 222
276, 221
276, 220
275, 219
275, 218
274, 217
274, 216
273, 215
273, 213
272, 212
272, 210
271, 209
271, 206
270, 205
270, 202
269, 201
269, 197
270, 196
280, 196
281, 197
285, 197
286, 198
286, 200
287, 201
287, 203
288, 204
288, 205
289, 206
289, 207
290, 208
290, 209
293, 212
296, 212
297, 211
297, 207
296, 206
296, 204
295, 203
295, 201
294, 200
294, 199
295, 198
298, 198
299, 199
308, 199
309, 200
316, 200
318, 202
318, 203
319, 204
319, 205
320, 206
320, 208
321, 209
321, 214
322, 215
322, 221
323, 222
323, 228
324, 229
324, 236
325, 237
325, 244
326, 245
326, 254
327, 255
327, 264
328, 265
328, 274
329, 275
329, 284
330, 285
330, 293
331, 294
331, 301
332, 302
332, 307
333, 308
333, 313
334, 314
334, 317
335, 318
335, 321
336, 322
336, 324
337, 325
337, 327
338, 328
338, 330
339, 331
339, 332
340, 333
340, 335
341, 336
341, 337
342, 338
342, 339
343, 340
343, 341
344, 342
344, 343
345, 344
345, 345
347, 347
347, 348
351, 352
352, 352
354, 354
358, 354
360, 352
360, 336
359, 335
359, 329
358, 328
358, 322
357, 321
357, 315
356, 314
356, 311
355, 310
355, 306
354, 305
354, 302
353, 301
353, 298
352, 297
352, 294
351, 293
351, 291
350, 290
350, 288
349, 287
349, 285
348, 284
348, 282
347, 281
347, 279
346, 278
346, 276
345, 275
345, 273
344, 272
344, 270
343, 269
343, 267
342, 266
342, 264
341, 263
341, 261
340, 260
340, 258
339, 257
339, 254
338, 253
338, 251
337, 250
337, 247
336, 246
336, 243
335, 242
335, 239
334, 238
334, 235
333, 234
333, 231
332, 230
332, 228
331, 227
331, 225
330, 224
330, 223
329, 222
329, 220
328, 219
328, 218
327, 217
327, 215
326, 214
326, 213
325, 212
325, 210
324, 209
324, 206
323, 205
323, 202
324, 201
327, 201
328, 202
336, 202
337, 203
343, 203
344, 204
352, 204
353, 205
368, 205
369, 206
375, 206
376, 205
376, 203
375, 203
374, 202
359, 202
358, 201
347, 201
346, 200
340, 200
339, 199
332, 199
331, 198
324, 198
322, 196
322, 191
321, 190
321, 182
320, 181
320, 173
319, 172
319, 163
318, 162
318, 154
317, 153
317, 145
316, 144
316, 139
317, 138
318, 138
325, 145
326, 145
330, 149
331, 149
338, 156
339, 156
342, 159
343, 159
346, 162
346, 163
351, 168
351, 169
354, 172
354, 173
358, 177
358, 178
361, 178
361, 176
358, 173
358, 172
355, 169
355, 168
352, 165
352, 164
343, 155
342, 155
336, 149
335, 149
331, 145
330, 145
323, 138
322, 138
315, 131
315, 125
314, 124
314, 115
313, 114
313, 105
312, 104
312, 94
311, 93
311, 80
310, 79
310, 66
309, 65
309, 52
308, 51
308, 42
307, 41
307, 34
306, 33
306, 28
305, 27
305, 24
304, 23
304, 21
303, 20
303, 19
302, 18
302, 17
301, 16
327, 229
328, 228
329, 229
329, 231
330, 232
330, 235
331, 236
331, 238
332, 239
332, 242
333, 243
333, 246
334, 247
334, 250
335, 251
335, 254
336, 255
336, 257
337, 258
337, 261
338, 262
338, 264
339, 265
339, 267
340, 268
340, 270
341, 271
341, 273
342, 274
342, 276
343, 277
343, 279
344, 280
344, 282
345, 283
345, 285
346, 286
346, 288
347, 289
347, 291
348, 292
348, 294
349, 295
349, 298
350, 299
350, 301
351, 302
351, 305
352, 306
352, 310
353, 311
353, 315
354, 316
354, 321
355, 322
355, 328
356, 329
356, 336
357, 337
357, 350
356, 351
355, 351
348, 344
348, 343
347, 342
347, 341
346, 340
346, 339
345, 338
345, 337
344, 336
344, 335
343, 334
343, 333
342, 332
342, 330
341, 329
341, 327
340, 326
340, 324
339, 323
339, 321
338, 320
338, 317
337, 316
337, 313
336, 312
336, 308
335, 307
335, 302
334, 301
334, 294
333, 293
333, 285
332, 284
332, 274
331, 273
331, 264
330, 263
330, 254
329, 253
329, 244
328, 243
328, 236
327, 235
237, 216
238, 215
239, 216
239, 217
240, 218
240, 221
241, 222
241, 226
240, 227
238, 225
237, 225
235, 223
234, 223
233, 222
236, 219
236, 218
237, 217
134, 211
136, 214
132, 216
130, 213
35, 208
33, 209
180, 204
187, 209
188, 209
190, 211
192, 211
193, 212
196, 212
197, 211
198, 211
199, 225
198, 226
198, 229
197, 230
197, 231
193, 234
192, 233
191, 233
189, 231
189, 230
186, 227
186, 226
184, 224
184, 223
182, 213
181, 212
181, 208
180, 207
102, 203
103, 202
104, 202
105, 203
106, 203
109, 206
109, 208
110, 209
110, 214
111, 215
111, 220
112, 221
112, 227
113, 228
113, 235
114, 236
114, 253
113, 254
113, 255
112, 256
112, 257
111, 258
110, 258
109, 259
106, 259
105, 258
103, 258
102, 257
101, 257
99, 255
98, 255
93, 250
93, 249
89, 245
89, 244
87, 242
87, 241
86, 240
86, 239
84, 237
84, 236
83, 235
83, 234
82, 233
82, 232
81, 231
81, 230
82, 229
89, 236
89, 237
92, 240
93, 240
97, 244
98, 244
99, 245
100, 245
101, 246
104, 246
105, 245
106, 245
107, 244
107, 240
108, 239
108, 238
107, 237
107, 228
106, 227
106, 221
105, 220
105, 215
104, 214
104, 209
103, 208
103, 205
102, 204
173, 200
175, 199
176, 203
177, 204
177, 206
175, 206
175, 205
174, 204
174, 202
169, 200
167, 201
192, 198
193, 197
199, 198
199, 204
198, 205
197, 208
196, 208
195, 209
193, 208
192, 208
191, 207
190, 207
184, 199
186, 199
187, 198
144, 197
149, 196
150, 197
155, 197
156, 198
160, 198
162, 201
163, 202
163, 206
164, 207
164, 211
165, 212
165, 216
166, 217
166, 221
167, 222
167, 225
168, 226
168, 229
169, 230
169, 233
170, 234
170, 235
168, 236
162, 230
162, 229
155, 222
154, 222
146, 214
145, 214
141, 209
142, 208
142, 203
143, 202
143, 201
144, 200
265, 196
263, 197
37, 194
38, 195
38, 198
39, 199
39, 201
40, 202
40, 204
41, 205
41, 207
42, 208
42, 210
43, 211
43, 213
44, 214
44, 216
45, 217
45, 218
46, 219
46, 221
47, 222
47, 223
48, 224
48, 226
49, 227
49, 228
50, 229
50, 231
51, 232
51, 233
52, 234
52, 236
53, 237
53, 238
54, 239
54, 240
55, 241
55, 243
56, 244
56, 245
57, 246
57, 247
58, 248
58, 249
59, 250
59, 251
60, 252
60, 253
62, 255
62, 256
63, 257
63, 258
65, 260
65, 261
67, 263
67, 264
72, 269
73, 269
76, 272
76, 275
75, 276
75, 277
74, 278
73, 277
72, 277
66, 271
66, 270
63, 267
63, 266
61, 264
61, 263
59, 261
59, 260
58, 259
58, 258
57, 257
57, 256
56, 255
56, 254
55, 253
55, 252
54, 251
54, 250
53, 249
53, 248
52, 247
52, 246
51, 245
51, 244
50, 243
50, 242
49, 241
49, 239
48, 238
48, 237
47, 236
47, 234
46, 233
46, 231
45, 230
45, 229
44, 228
44, 225
43, 224
43, 222
42, 221
42, 219
41, 218
41, 216
40, 215
40, 212
39, 211
39, 208
38, 207
38, 204
37, 203
37, 200
36, 199
230, 193
231, 192
234, 192
235, 193
235, 195
236, 196
236, 210
235, 211
235, 214
234, 215
234, 216
231, 219
227, 219
225, 217
225, 216
226, 215
226, 214
227, 213
227, 212
228, 211
228, 209
229, 208
229, 205
230, 204
217, 192
218, 191
225, 191
227, 193
227, 201
226, 202
226, 206
225, 207
225, 209
223, 211
222, 210
222, 209
221, 208
221, 206
220, 205
220, 202
219, 201
219, 198
218, 197
218, 194
217, 193
208, 192
211, 191
212, 195
213, 196
213, 197
211, 198
210, 197
210, 196
35, 192
37, 194
110, 191
111, 190
113, 192
113, 193
115, 195
115, 196
117, 198
117, 199
119, 201
119, 202
120, 203
120, 205
119, 206
116, 206
115, 205
114, 205
112, 203
112, 201
111, 200
111, 196
110, 195
126, 190
129, 189
131, 191
133, 191
134, 192
135, 192
136, 193
138, 193
139, 202
133, 204
132, 203
131, 203
130, 201
129, 200
129, 198
128, 197
128, 195
127, 194
127, 191
164, 188
166, 188
166, 190
167, 194
178, 186
179, 186
180, 187
189, 188
190, 188
194, 194
191, 194
190, 195
178, 193
178, 192
177, 191
177, 189
169, 187
170, 186
171, 186
172, 187
172, 188
173, 189
173, 190
174, 191
174, 193
175, 194
173, 196
171, 194
171, 193
170, 192
170, 189
169, 188
156, 185
160, 186
157, 189
157, 188
132, 185
139, 186
138, 189
135, 188
133, 188
145, 184
148, 184
149, 185
151, 186
151, 187
156, 192
155, 194
153, 194
152, 193
148, 193
147, 192
144, 191
276, 178
277, 179
278, 179
282, 184
283, 185
283, 188
284, 189
284, 192
275, 193
274, 192
272, 192
271, 187
272, 186
272, 182
273, 181
273, 180
224, 178
226, 180
226, 187
225, 188
223, 188
222, 187
218, 187
217, 186
217, 185
218, 184
219, 184
222, 181
222, 180
169, 179
167, 180
143, 178
145, 179
229, 170
230, 169
231, 169
232, 170
232, 176
233, 177
233, 183
234, 184
234, 187
233, 188
231, 188
230, 187
230, 184
229, 183
229, 177
228, 176
228, 172
229, 171
180, 169
181, 168
182, 168
195, 181
195, 182
196, 183
196, 184
195, 185
194, 185
193, 184
191, 184
189, 182
189, 181
186, 178
186, 177
183, 174
183, 173
181, 171
181, 170
129, 169
130, 168
132, 169
133, 169
134, 170
135, 170
137, 172
137, 176
138, 177
137, 181
133, 181
132, 182
129, 182
128, 183
127, 183
124, 182
125, 174
125, 173
126, 172
126, 171
128, 169
235, 166
236, 165
242, 171
242, 172
245, 175
245, 176
248, 179
248, 180
250, 182
250, 183
252, 185
252, 186
254, 188
254, 189
253, 190
244, 190
243, 189
241, 189
239, 187
239, 180
238, 179
238, 174
237, 173
237, 171
236, 170
236, 168
235, 167
93, 166
94, 165
96, 167
96, 168
97, 169
97, 170
99, 172
99, 173
101, 175
101, 176
103, 178
103, 179
104, 180
104, 183
105, 184
105, 187
106, 188
106, 192
107, 193
107, 197
108, 198
108, 199
107, 200
106, 199
105, 199
100, 194
100, 191
99, 190
99, 187
98, 186
98, 183
97, 182
97, 179
96, 178
96, 176
95, 175
95, 172
94, 171
94, 169
93, 168
174, 165
174, 166
176, 168
176, 169
178, 171
178, 172
179, 173
179, 174
182, 177
182, 178
185, 181
185, 182
184, 183
177, 183
175, 181
175, 179
174, 178
174, 175
173, 174
173, 170
172, 169
225, 158
229, 162
228, 163
228, 164
226, 164
226, 162
219, 155
220, 155
221, 156
221, 159
222, 160
222, 163
223, 164
223, 168
224, 169
224, 172
223, 173
223, 174
216, 181
215, 181
214, 180
214, 169
215, 168
215, 162
216, 161
216, 159
217, 158
217, 157
282, 153
283, 154
285, 154
287, 156
288, 156
301, 169
301, 170
304, 173
304, 174
306, 176
306, 177
307, 178
307, 179
308, 180
308, 181
309, 182
309, 183
310, 184
310, 185
311, 186
311, 187
312, 188
312, 189
313, 190
313, 191
314, 192
314, 193
315, 194
315, 196
314, 197
313, 197
312, 196
303, 196
302, 195
294, 195
293, 194
292, 194
291, 193
291, 192
290, 191
290, 190
289, 189
289, 188
288, 187
288, 186
287, 185
287, 184
285, 182
285, 180
284, 179
284, 175
283, 174
283, 171
282, 170
282, 167
281, 166
281, 162
280, 161
280, 155
216, 153
214, 156
214, 157
212, 157
166, 153
164, 154
163, 148
165, 151
115, 140
116, 139
122, 145
122, 146
126, 150
126, 151
128, 153
128, 154
129, 155
129, 156
131, 158
131, 159
132, 160
132, 161
133, 162
133, 163
134, 164
133, 165
129, 165
128, 166
127, 166
126, 167
125, 167
124, 168
124, 169
123, 170
122, 170
121, 169
121, 166
120, 165
120, 162
119, 161
119, 158
118, 157
118, 154
117, 153
117, 149
116, 148
116, 143
115, 142
170, 137
171, 136
173, 136
174, 137
175, 137
176, 138
177, 138
182, 143
182, 144
185, 147
185, 148
187, 150
187, 151
188, 152
188, 153
189, 154
189, 155
190, 156
190, 157
191, 158
191, 159
192, 160
192, 162
193, 163
193, 165
194, 166
194, 168
195, 169
195, 173
196, 174
195, 175
194, 175
174, 155
174, 154
172, 152
172, 151
171, 150
171, 149
170, 148
170, 145
169, 144
169, 139
170, 138
206, 135
207, 134
209, 134
213, 138
213, 139
215, 141
215, 142
216, 143
216, 144
217, 145
217, 146
218, 147
216, 149
214, 149
213, 150
212, 150
210, 152
210, 153
209, 154
208, 153
208, 152
207, 151
207, 146
206, 145
73, 134
74, 133
75, 133
78, 136
78, 137
79, 138
79, 139
80, 140
80, 141
81, 142
81, 143
82, 144
82, 145
83, 146
83, 148
84, 149
84, 150
85, 151
85, 153
86, 154
86, 156
87, 157
87, 159
88, 160
88, 162
89, 163
89, 165
90, 166
90, 169
91, 170
91, 172
92, 173
92, 175
93, 176
93, 179
94, 180
94, 183
95, 184
95, 186
94, 187
91, 184
91, 183
89, 181
89, 180
87, 178
87, 177
86, 176
86, 175
85, 174
85, 173
84, 172
84, 171
83, 170
83, 169
82, 168
82, 166
81, 165
81, 164
80, 163
80, 161
79, 160
79, 159
78, 158
78, 156
77, 155
77, 152
76, 151
76, 149
75, 148
75, 145
74, 144
74, 138
73, 137
115, 132
116, 131
117, 131
121, 135
121, 136
124, 139
117, 135
116, 135
115, 134
28, 127
29, 126
30, 126
31, 127
31, 128
32, 129
32, 130
33, 131
33, 133
34, 134
34, 136
35, 137
35, 139
36, 140
36, 143
37, 144
37, 147
38, 148
38, 151
39, 152
39, 156
40, 157
40, 160
41, 161
41, 165
42, 166
42, 170
43, 171
43, 175
44, 176
44, 180
45, 181
45, 185
46, 186
46, 190
47, 191
47, 195
48, 196
48, 201
49, 202
49, 206
50, 207
50, 211
51, 212
51, 217
52, 218
52, 222
51, 223
50, 222
50, 221
49, 220
49, 218
48, 217
48, 216
47, 215
47, 213
46, 212
46, 210
45, 209
45, 207
44, 206
44, 204
43, 203
43, 201
42, 200
42, 198
41, 197
41, 194
40, 193
40, 191
39, 190
39, 187
38, 186
38, 183
37, 182
37, 179
36, 178
36, 175
35, 174
35, 170
34, 169
34, 166
33, 165
33, 161
32, 160
32, 155
31, 154
31, 150
30, 149
30, 143
29, 142
29, 135
28, 134
171, 125
172, 124
176, 124
177, 125
178, 125
179, 126
180, 126
184, 130
184, 131
185, 132
185, 133
186, 134
186, 136
187, 137
187, 138
188, 139
188, 142
189, 143
189, 145
188, 146
186, 144
186, 143
182, 139
182, 138
181, 138
178, 135
177, 135
176, 134
175, 134
174, 133
170, 133
168, 135
167, 135
166, 134
166, 129
170, 125
82, 125
83, 124
84, 125
84, 126
85, 127
85, 128
86, 129
86, 130
87, 131
87, 132
88, 133
88, 135
89, 136
89, 137
90, 138
90, 140
91, 141
91, 142
92, 143
92, 145
93, 146
93, 147
94, 148
94, 150
95, 151
95, 153
96, 154
96, 155
97, 156
97, 158
98, 159
98, 161
97, 162
96, 161
96, 160
95, 159
95, 158
94, 157
94, 156
93, 155
93, 154
92, 153
92, 152
91, 151
91, 150
90, 149
90, 147
89, 146
89, 145
88, 144
88, 143
87, 142
87, 140
86, 139
86, 137
85, 136
85, 134
84, 133
84, 131
83, 130
83, 128
82, 127
149, 83
150, 82
151, 83
151, 84
152, 85
152, 88
153, 89
153, 92
154, 93
154, 97
155, 98
155, 101
156, 102
156, 106
157, 107
157, 111
158, 112
158, 116
159, 117
159, 121
160, 122
160, 126
161, 127
161, 131
162, 132
162, 136
163, 137
163, 142
164, 143
163, 148
162, 147
162, 145
161, 144
161, 141
160, 140
160, 137
159, 136
159, 133
158, 132
158, 129
157, 128
157, 125
156, 124
156, 121
155, 120
155, 117
154, 116
154, 112
153, 111
153, 108
152, 107
152, 103
151, 102
151, 97
150, 96
150, 89
149, 88
298, 19
299, 19
300, 20
300, 21
301, 22
301, 24
302, 25
302, 28
303, 29
303, 33
304, 34
304, 41
305, 42
305, 51
306, 52
306, 66
307, 67
307, 80
308, 81
308, 94
309, 95
309, 104
310, 105
310, 114
311, 115
311, 125
310, 126
306, 122
306, 121
301, 116
301, 115
299, 113
299, 112
297, 110
297, 109
296, 108
296, 107
295, 106
295, 105
294, 104
294, 103
293, 102
293, 100
292, 99
292, 98
291, 97
291, 94
290, 93
290, 90
289, 89
289, 84
288, 83
288, 74
287, 73
287, 57
288, 56
288, 48
289, 47
289, 42
290, 41
290, 37
291, 36
291, 33
292, 32
292, 30
293, 29
293, 27
294, 26
294, 25
295, 24
295, 23
296, 22
296, 21
