4, 2
482, 4
480, 369
2, 367
118, 16
118, 17
117, 18
117, 19
116, 20
116, 21
115, 22
115, 23
114, 24
114, 25
113, 26
113, 28
112, 29
112, 30
111, 31
111, 32
110, 33
110, 34
109, 35
109, 36
108, 37
108, 38
107, 39
107, 40
106, 41
106, 42
107, 43
108, 43
109, 44
109, 46
108, 47
108, 49
107, 50
107, 52
106, 53
106, 54
103, 57
102, 57
92, 67
91, 66
91, 64
92, 63
92, 60
93, 59
93, 54
90, 54
89, 55
89, 57
88, 58
88, 59
87, 60
87, 62
86, 63
86, 65
85, 66
85, 67
84, 68
84, 70
83, 71
83, 72
85, 74
84, 75
84, 77
82, 79
82, 80
80, 82
80, 83
78, 85
78, 86
76, 88
76, 89
74, 91
74, 92
73, 93
73, 94
71, 96
71, 97
70, 98
70, 99
68, 101
68, 102
67, 103
67, 104
66, 105
66, 106
65, 107
65, 108
64, 109
64, 110
62, 112
62, 113
61, 114
61, 116
60, 117
60, 118
59, 119
59, 120
58, 121
58, 122
57, 123
57, 124
56, 125
56, 126
55, 127
55, 129
54, 130
54, 131
53, 132
53, 133
52, 134
52, 136
51, 137
51, 138
50, 139
50, 141
49, 142
49, 143
48, 144
48, 146
47, 147
47, 148
46, 149
46, 151
45, 152
45, 153
44, 154
44, 156
43, 157
43, 159
42, 160
42, 161
41, 162
41, 164
40, 165
40, 167
39, 168
39, 170
38, 171
38, 173
37, 174
37, 176
36, 177
36, 179
35, 180
35, 182
34, 183
34, 186
33, 187
33, 189
32, 190
32, 193
31, 194
31, 196
30, 197
30, 200
29, 201
29, 204
28, 205
28, 208
27, 209
27, 212
26, 213
26, 216
25, 217
25, 221
24, 222
24, 226
23, 227
23, 233
22, 234
22, 244
23, 245
23, 247
24, 248
24, 251
23, 252
23, 256
22, 257
22, 261
21, 262
21, 278
22, 279
22, 280
24, 282
25, 282
26, 281
27, 281
28, 280
28, 279
30, 277
30, 275
31, 274
31, 273
32, 272
32, 271
33, 270
33, 268
34, 267
34, 266
35, 265
35, 264
36, 263
36, 261
37, 260
38, 260
40, 262
45, 262
46, 261
47, 261
48, 260
49, 260
50, 259
51, 259
53, 257
54, 257
55, 256
56, 256
58, 254
59, 254
63, 250
64, 250
67, 247
68, 247
81, 234
81, 233
85, 229
85, 228
88, 225
88, 224
90, 222
90, 221
92, 219
92, 218
93, 217
93, 216
94, 215
94, 214
95, 213
95, 212
96, 211
96, 210
97, 209
97, 208
98, 207
98, 206
99, 205
99, 204
100, 203
100, 202
101, 201
101, 200
102, 199
102, 198
103, 197
103, 196
104, 195
104, 194
105, 193
105, 191
106, 190
106, 189
107, 188
107, 187
108, 186
108, 184
109, 183
109, 182
110, 181
110, 179
111, 178
111, 177
112, 176
112, 174
113, 173
113, 171
114, 170
114, 168
115, 167
115, 165
116, 164
116, 161
117, 160
117, 157
118, 156
118, 153
123, 148
124, 148
126, 146
127, 146
128, 145
130, 145
131, 144
133, 144
134, 145
135, 145
137, 147
137, 148
138, 149
138, 150
139, 151
139, 154
140, 155
140, 166
139, 167
139, 172
138, 173
138, 176
137, 177
137, 179
136, 180
136, 183
135, 184
135, 186
134, 187
134, 188
133, 189
133, 191
132, 192
132, 193
131, 194
131, 195
130, 196
130, 197
129, 198
129, 200
128, 201
128, 202
126, 204
126, 205
125, 206
125, 207
124, 208
124, 209
123, 210
123, 211
119, 215
118, 215
116, 217
115, 217
113, 219
112, 219
110, 221
109, 221
107, 223
106, 223
104, 225
103, 225
100, 228
99, 228
96, 231
95, 231
89, 237
88, 237
84, 241
84, 242
80, 246
80, 247
78, 249
78, 250
77, 251
77, 252
76, 253
76, 254
75, 255
75, 261
76, 262
81, 262
82, 261
83, 261
86, 258
87, 258
90, 255
91, 255
95, 251
96, 251
107, 240
107, 239
112, 234
112, 233
115, 230
115, 229
117, 227
117, 226
119, 224
119, 223
121, 221
121, 220
122, 219
122, 218
126, 214
127, 214
129, 212
130, 212
132, 210
133, 210
135, 208
136, 208
138, 206
139, 206
141, 204
142, 204
143, 205
142, 206
142, 207
140, 209
140, 210
139, 211
139, 212
138, 213
138, 214
137, 215
137, 216
136, 217
136, 218
135, 219
135, 220
134, 221
134, 222
133, 223
133, 224
132, 225
132, 227
131, 228
131, 229
130, 230
130, 232
129, 233
129, 235
128, 236
128, 238
127, 239
127, 243
126, 244
126, 247
127, 248
127, 249
128, 250
128, 251
129, 252
130, 252
131, 253
135, 253
136, 252
138, 252
139, 251
140, 251
141, 252
141, 253
140, 254
140, 258
139, 259
139, 263
138, 264
138, 272
139, 273
139, 274
140, 275
142, 275
143, 276
144, 275
147, 275
148, 274
149, 274
151, 272
152, 272
159, 265
159, 264
162, 261
162, 260
164, 258
164, 257
167, 254
167, 253
169, 251
169, 250
171, 248
171, 247
173, 245
173, 244
175, 242
175, 241
177, 239
177, 238
178, 237
178, 236
180, 234
180, 233
182, 231
183, 231
184, 232
184, 233
185, 234
185, 235
186, 236
186, 238
187, 239
187, 240
188, 241
188, 243
189, 244
189, 247
188, 248
188, 250
187, 251
187, 253
186, 254
186, 255
185, 256
185, 258
184, 259
184, 260
183, 261
183, 263
182, 264
182, 265
181, 266
181, 268
180, 269
180, 270
179, 271
179, 272
178, 273
178, 275
177, 276
177, 277
176, 278
176, 279
175, 280
175, 281
174, 282
174, 283
173, 284
173, 286
172, 287
172, 288
171, 289
171, 290
170, 291
170, 292
169, 293
169, 295
168, 296
168, 297
167, 298
167, 300
166, 301
166, 302
165, 303
165, 305
164, 306
164, 307
163, 308
163, 310
162, 311
162, 312
161, 313
161, 315
160, 316
160, 318
159, 319
159, 321
158, 322
158, 324
157, 325
157, 327
156, 328
156, 329
155, 330
155, 333
154, 334
154, 336
153, 337
153, 339
152, 340
152, 343
151, 344
151, 348
150, 349
150, 353
151, 354
153, 354
153, 353
154, 352
154, 351
155, 350
155, 348
156, 347
156, 345
157, 344
157, 343
158, 342
158, 340
159, 339
159, 337
160, 336
160, 335
161, 334
161, 332
162, 331
162, 329
163, 328
163, 327
164, 326
164, 324
165, 323
165, 321
166, 320
166, 318
167, 317
167, 316
168, 315
168, 313
169, 312
169, 310
170, 309
170, 307
171, 306
171, 305
172, 304
172, 302
173, 301
173, 299
174, 298
174, 296
175, 295
175, 293
176, 292
176, 290
177, 289
177, 287
178, 286
178, 285
179, 284
179, 282
180, 281
180, 279
181, 278
181, 277
182, 276
182, 274
183, 273
183, 272
184, 271
184, 269
185, 268
185, 267
186, 266
186, 265
187, 264
187, 262
188, 261
188, 260
189, 259
189, 258
190, 257
190, 256
192, 254
194, 256
194, 257
195, 258
195, 260
197, 262
197, 263
201, 267
201, 268
195, 274
195, 275
192, 278
192, 279
191, 280
191, 281
190, 282
190, 284
189, 285
189, 291
190, 291
191, 292
193, 292
195, 290
196, 290
212, 274
212, 273
217, 268
217, 267
219, 265
219, 264
222, 261
222, 260
224, 258
224, 257
226, 255
226, 254
228, 252
228, 251
229, 250
229, 249
234, 244
235, 244
237, 242
238, 242
239, 241
240, 241
241, 240
242, 240
244, 238
245, 238
246, 237
247, 237
248, 236
249, 236
250, 235
251, 235
252, 234
253, 235
253, 236
252, 237
252, 238
251, 239
251, 241
250, 242
250, 243
249, 244
249, 246
248, 247
248, 249
247, 250
247, 252
246, 253
246, 255
245, 256
245, 267
246, 268
246, 270
249, 273
250, 273
251, 274
255, 274
256, 273
258, 273
260, 271
261, 271
262, 270
263, 270
266, 267
267, 267
269, 265
270, 265
285, 250
285, 249
287, 247
287, 246
289, 244
289, 243
291, 241
291, 240
292, 239
292, 238
293, 237
293, 236
294, 235
294, 234
295, 233
295, 231
296, 230
296, 228
297, 227
297, 223
298, 222
298, 220
302, 216
303, 216
308, 211
310, 214
309, 215
309, 216
308, 217
308, 218
307, 219
307, 220
306, 221
306, 223
305, 224
305, 225
304, 226
304, 227
303, 228
303, 230
302, 231
302, 233
301, 234
301, 235
300, 236
300, 238
299, 239
299, 241
298, 242
298, 243
297, 244
297, 245
296, 246
296, 247
295, 248
295, 249
294, 250
294, 251
292, 253
292, 254
290, 256
290, 257
289, 258
289, 260
288, 261
288, 264
289, 265
290, 265
292, 263
292, 262
293, 261
293, 260
294, 259
294, 258
295, 257
295, 256
296, 255
296, 254
298, 252
298, 251
305, 244
306, 244
307, 243
308, 243
310, 241
311, 241
312, 240
313, 240
315, 238
316, 238
317, 237
318, 237
320, 235
321, 235
324, 232
325, 232
328, 229
329, 230
329, 231
328, 232
328, 235
327, 236
327, 238
326, 239
326, 242
325, 243
325, 245
324, 246
324, 249
323, 250
323, 252
322, 253
322, 255
321, 256
321, 258
320, 259
320, 262
319, 263
319, 270
320, 271
321, 271
322, 272
323, 271
325, 271
327, 269
328, 269
331, 266
332, 266
344, 254
344, 253
352, 245
352, 244
359, 237
359, 236
365, 230
365, 229
368, 226
368, 225
371, 222
372, 223
372, 225
371, 226
371, 229
370, 230
370, 233
369, 234
369, 236
368, 237
368, 240
367, 241
367, 244
366, 245
366, 247
365, 248
365, 249
364, 250
364, 251
356, 259
355, 259
342, 272
342, 273
337, 278
337, 279
335, 281
335, 282
334, 283
334, 284
332, 286
332, 287
331, 288
331, 289
330, 290
330, 291
329, 292
329, 294
328, 295
328, 296
327, 297
327, 301
326, 302
326, 316
327, 317
327, 319
328, 320
328, 321
330, 323
330, 324
332, 326
332, 327
334, 329
334, 330
336, 332
336, 333
339, 336
342, 336
343, 335
343, 334
344, 333
344, 332
345, 331
345, 329
346, 328
346, 326
347, 325
347, 323
348, 322
348, 319
349, 318
349, 316
350, 315
350, 312
351, 311
351, 309
352, 308
352, 306
353, 305
353, 302
354, 301
354, 299
355, 298
355, 295
356, 294
356, 292
357, 291
357, 288
358, 287
358, 285
359, 284
359, 281
360, 280
360, 278
361, 277
361, 274
362, 273
362, 271
363, 270
363, 267
364, 266
364, 264
365, 263
365, 260
366, 259
366, 257
367, 256
367, 254
368, 253
368, 252
382, 238
383, 238
396, 225
397, 225
405, 217
406, 217
412, 211
413, 211
418, 206
419, 206
422, 203
423, 203
427, 199
428, 199
430, 197
436, 197
437, 198
455, 198
456, 197
460, 197
463, 194
463, 191
462, 191
461, 190
460, 190
458, 192
457, 192
456, 193
437, 193
436, 192
443, 185
443, 183
442, 182
441, 182
433, 190
432, 190
430, 192
424, 192
423, 191
413, 191
412, 190
395, 190
394, 189
394, 188
396, 186
396, 185
397, 184
397, 183
399, 181
399, 180
400, 179
400, 178
401, 177
401, 176
403, 174
403, 173
404, 172
404, 171
405, 170
405, 169
407, 167
407, 166
408, 165
408, 164
409, 163
409, 162
410, 161
410, 160
411, 159
411, 158
412, 157
412, 156
413, 155
413, 154
414, 153
414, 152
415, 151
415, 149
416, 148
416, 147
417, 146
417, 145
418, 144
418, 143
419, 142
419, 140
420, 139
420, 138
421, 137
421, 135
422, 134
422, 133
423, 132
423, 131
424, 130
424, 128
425, 127
425, 126
426, 125
426, 123
427, 122
427, 121
428, 120
428, 118
429, 117
429, 115
430, 114
430, 112
431, 111
431, 108
432, 107
432, 105
433, 104
433, 102
434, 101
434, 98
435, 97
435, 94
436, 93
436, 89
437, 88
437, 76
436, 75
436, 73
435, 72
435, 71
434, 70
433, 70
432, 69
427, 69
426, 70
424, 70
422, 72
421, 72
418, 75
418, 76
416, 78
416, 79
415, 80
415, 81
414, 82
414, 83
413, 84
413, 85
412, 86
412, 87
411, 88
411, 89
410, 90
410, 91
409, 92
409, 93
408, 94
408, 96
407, 97
407, 98
406, 99
406, 101
405, 102
405, 104
404, 105
404, 106
403, 107
403, 109
402, 110
402, 113
401, 114
401, 116
400, 117
400, 119
399, 120
399, 122
398, 123
398, 126
397, 127
397, 129
396, 130
396, 133
395, 134
395, 136
394, 137
394, 140
393, 141
393, 143
392, 144
392, 147
391, 148
391, 150
390, 151
390, 153
389, 154
389, 157
388, 158
388, 161
387, 162
387, 165
386, 166
386, 168
385, 169
385, 172
384, 173
384, 176
383, 177
383, 180
382, 181
382, 183
381, 184
381, 187
380, 188
380, 189
379, 190
324, 190
323, 189
320, 189
319, 190
251, 190
250, 191
245, 191
243, 189
243, 188
240, 185
234, 185
233, 186
232, 186
229, 189
230, 185
230, 184
233, 181
233, 178
232, 177
231, 177
230, 178
229, 178
228, 179
227, 179
224, 182
223, 181
223, 177
224, 176
224, 172
225, 171
225, 168
226, 167
226, 164
227, 163
227, 159
228, 158
228, 155
229, 154
229, 151
230, 150
230, 147
231, 146
231, 143
232, 142
232, 139
233, 138
233, 135
234, 134
234, 131
235, 130
235, 128
236, 127
236, 124
237, 123
237, 121
238, 120
238, 117
239, 116
239, 113
240, 112
240, 110
241, 109
241, 107
242, 106
242, 105
243, 104
243, 102
244, 101
244, 100
245, 99
245, 97
246, 96
246, 95
247, 94
247, 92
248, 91
248, 90
249, 89
249, 87
250, 86
250, 85
251, 84
251, 82
252, 81
252, 80
253, 79
253, 77
254, 76
254, 74
255, 73
255, 72
256, 71
256, 68
257, 67
257, 65
258, 64
258, 62
259, 61
259, 59
260, 58
260, 52
259, 52
258, 51
257, 52
256, 52
254, 54
254, 55
252, 57
252, 58
251, 59
251, 61
250, 62
250, 63
249, 64
249, 66
248, 67
248, 69
247, 70
247, 72
246, 73
246, 75
245, 76
245, 78
244, 79
244, 81
243, 82
243, 85
242, 86
242, 88
241, 89
241, 91
240, 92
240, 95
239, 96
239, 98
238, 99
238, 102
237, 103
237, 105
236, 106
236, 109
235, 110
235, 111
234, 112
234, 114
233, 115
233, 116
232, 117
232, 119
231, 120
231, 121
230, 122
230, 124
229, 125
229, 126
228, 127
228, 129
227, 130
227, 131
226, 132
226, 134
225, 135
225, 136
224, 137
224, 138
223, 139
223, 141
222, 142
222, 143
221, 144
221, 145
220, 146
220, 148
219, 149
219, 150
218, 151
218, 152
217, 153
217, 154
216, 155
216, 156
215, 157
215, 159
214, 160
214, 161
213, 162
213, 163
212, 164
212, 165
211, 166
211, 167
210, 168
210, 169
209, 170
209, 171
208, 172
208, 173
207, 174
207, 175
206, 176
206, 177
205, 178
205, 179
204, 180
204, 181
203, 182
203, 183
202, 184
202, 185
201, 186
201, 187
200, 188
200, 189
199, 190
199, 191
196, 194
195, 194
194, 195
188, 195
187, 196
183, 196
182, 197
176, 197
175, 196
175, 195
171, 191
170, 191
169, 190
169, 189
171, 187
171, 186
172, 185
172, 180
171, 179
170, 179
169, 180
168, 180
167, 181
166, 180
164, 180
163, 181
161, 181
154, 188
154, 189
146, 197
145, 197
143, 199
142, 199
140, 201
139, 201
137, 203
136, 203
134, 205
133, 205
131, 207
130, 207
129, 206
130, 205
130, 204
131, 203
131, 202
132, 201
132, 200
133, 199
133, 198
134, 197
134, 196
135, 195
135, 193
136, 192
136, 191
137, 190
137, 188
138, 187
138, 185
139, 184
139, 182
140, 181
140, 179
141, 178
141, 175
142, 174
142, 170
143, 169
143, 153
142, 152
142, 150
141, 149
141, 147
140, 146
140, 145
138, 143
137, 143
136, 142
135, 142
134, 141
129, 141
128, 142
126, 142
125, 143
124, 143
122, 145
121, 145
120, 146
119, 145
119, 144
120, 143
120, 141
121, 140
121, 139
122, 138
122, 137
123, 136
123, 135
124, 134
124, 133
125, 132
125, 130
126, 129
126, 128
127, 127
127, 126
128, 125
128, 124
129, 123
129, 121
130, 120
130, 119
131, 118
131, 117
132, 116
132, 115
133, 114
133, 112
134, 111
134, 110
135, 109
135, 108
136, 107
136, 106
137, 105
137, 103
138, 102
138, 101
139, 100
139, 99
140, 98
140, 96
141, 95
141, 94
142, 93
142, 91
143, 90
143, 89
144, 88
144, 86
145, 85
145, 84
146, 83
146, 81
147, 80
147, 79
148, 78
148, 76
149, 75
149, 73
150, 72
150, 70
151, 69
151, 68
152, 67
152, 65
153, 64
153, 62
154, 61
154, 60
155, 59
155, 57
156, 56
156, 54
157, 53
157, 50
158, 49
158, 47
159, 46
159, 43
160, 42
160, 33
159, 32
159, 31
158, 30
157, 30
156, 29
153, 29
152, 30
151, 30
150, 31
149, 31
147, 33
146, 33
140, 39
139, 39
129, 49
129, 50
123, 56
123, 57
121, 59
120, 58
120, 54
119, 53
119, 52
117, 50
113, 50
112, 51
111, 50
111, 49
112, 48
112, 46
113, 45
113, 43
114, 42
114, 40
115, 39
115, 37
116, 36
116, 34
117, 33
117, 31
118, 30
118, 27
119, 26
119, 24
120, 23
120, 21
121, 20
121, 16
361, 259
362, 260
362, 261
361, 262
361, 265
360, 266
360, 268
359, 269
359, 272
358, 273
358, 275
357, 276
357, 279
356, 280
356, 282
355, 283
355, 285
354, 286
354, 289
353, 290
353, 292
352, 293
352, 296
351, 297
351, 299
350, 300
350, 303
349, 304
349, 306
348, 307
348, 310
347, 311
347, 313
346, 314
346, 317
345, 318
345, 320
344, 321
344, 323
343, 324
343, 326
342, 327
342, 329
340, 331
337, 328
337, 327
335, 325
335, 324
332, 321
332, 320
331, 319
331, 318
330, 317
330, 315
329, 314
329, 304
330, 303
330, 299
331, 298
331, 297
332, 296
332, 294
333, 293
333, 292
334, 291
334, 290
335, 289
335, 288
336, 287
336, 286
338, 284
338, 283
340, 281
340, 280
346, 274
346, 273
356, 263
357, 263
218, 256
219, 258
219, 259
217, 261
217, 262
214, 265
214, 266
209, 271
209, 272
194, 287
193, 286
193, 284
194, 283
194, 282
195, 281
195, 280
197, 278
197, 277
133, 232
134, 231
135, 231
139, 235
141, 235
142, 236
144, 236
145, 237
145, 240
144, 241
144, 243
143, 244
143, 245
142, 246
141, 246
139, 248
137, 248
136, 249
134, 249
133, 250
130, 247
130, 241
131, 240
131, 238
132, 237
132, 235
133, 234
206, 227
207, 226
208, 227
208, 229
207, 230
207, 234
206, 235
206, 238
205, 239
205, 244
204, 245
204, 249
203, 250
203, 256
202, 257
202, 259
201, 260
200, 259
200, 258
199, 257
199, 256
198, 255
198, 254
197, 253
197, 252
196, 251
196, 249
195, 248
195, 246
197, 244
197, 243
198, 242
198, 241
199, 240
199, 239
200, 238
200, 237
202, 235
202, 234
203, 233
203, 232
204, 231
204, 230
206, 228
177, 224
179, 224
180, 225
179, 226
179, 227
177, 229
177, 230
175, 232
175, 233
174, 234
174, 235
172, 237
172, 238
170, 240
170, 241
168, 243
168, 244
166, 246
166, 247
164, 249
164, 250
162, 252
162, 253
159, 256
159, 257
156, 260
156, 261
148, 269
147, 269
145, 271
144, 271
142, 269
142, 267
143, 266
143, 262
144, 261
144, 257
145, 256
145, 253
146, 252
146, 250
147, 249
147, 247
150, 244
151, 244
164, 231
165, 231
166, 230
167, 230
168, 229
169, 229
170, 228
171, 228
172, 227
173, 227
174, 226
175, 226
290, 224
291, 223
293, 223
294, 224
294, 225
293, 226
293, 228
292, 229
292, 231
291, 232
291, 233
290, 234
290, 236
288, 238
288, 239
287, 240
287, 241
285, 243
285, 244
282, 247
282, 248
268, 262
267, 262
264, 265
263, 265
261, 267
260, 267
258, 269
257, 269
256, 270
251, 270
249, 268
249, 266
248, 265
248, 258
249, 257
249, 255
250, 254
250, 252
251, 251
251, 249
252, 248
252, 246
253, 245
253, 244
254, 243
254, 241
255, 240
255, 239
256, 238
256, 237
257, 236
257, 234
259, 232
259, 231
263, 227
265, 227
266, 228
279, 228
280, 227
283, 227
284, 226
286, 226
287, 225
288, 225
289, 224
112, 224
114, 225
112, 227
112, 228
109, 231
109, 232
105, 236
105, 237
94, 248
93, 248
89, 252
88, 252
84, 256
83, 256
81, 258
80, 258
79, 257
79, 254
80, 253
80, 252
82, 250
82, 249
87, 244
87, 243
90, 240
91, 240
97, 234
98, 234
102, 230
103, 230
105, 228
106, 228
108, 226
109, 226
111, 224
173, 217
176, 219
175, 222
174, 222
173, 223
172, 223
171, 224
169, 223
170, 222
170, 221
171, 220
202, 208
203, 208
204, 209
203, 210
203, 212
202, 213
202, 214
201, 215
201, 216
200, 217
200, 219
199, 220
199, 221
198, 222
198, 223
197, 224
197, 226
196, 227
196, 229
195, 230
195, 231
194, 232
194, 234
193, 235
193, 236
192, 237
190, 235
190, 234
189, 233
189, 231
188, 230
188, 229
187, 228
187, 227
186, 226
186, 223
187, 222
187, 221
189, 219
189, 218
193, 214
194, 214
196, 212
197, 212
199, 210
200, 210
275, 208
276, 207
277, 208
277, 211
272, 216
271, 216
268, 219
267, 218
267, 217
269, 215
269, 214
272, 211
272, 210
274, 208
268, 207
269, 208
269, 209
266, 212
266, 213
264, 215
264, 216
262, 218
261, 217
261, 215
263, 213
263, 212
150, 207
150, 208
151, 209
154, 209
155, 210
162, 210
163, 211
165, 211
166, 212
167, 212
169, 216
168, 217
168, 218
167, 219
167, 220
166, 221
166, 222
164, 224
164, 225
160, 229
159, 229
157, 229
157, 228
156, 227
156, 225
154, 223
153, 224
152, 224
150, 226
150, 227
149, 228
149, 229
148, 230
148, 231
146, 233
144, 233
143, 232
141, 232
138, 223
139, 222
139, 220
140, 219
140, 218
141, 217
141, 216
143, 214
143, 213
145, 211
145, 210
170, 204
171, 203
172, 203
173, 204
173, 207
171, 209
170, 209
169, 208
168, 208
167, 207
166, 207
165, 206
167, 204
212, 202
213, 203
213, 205
212, 206
212, 209
211, 210
211, 212
210, 213
210, 214
208, 216
208, 217
207, 218
207, 219
205, 221
205, 222
204, 223
204, 224
203, 225
203, 226
201, 228
200, 227
200, 226
201, 225
201, 224
202, 223
202, 221
203, 220
203, 219
204, 218
204, 217
205, 216
205, 214
206, 213
206, 212
207, 211
207, 210
208, 209
208, 208
209, 207
209, 206
210, 205
210, 204
280, 201
287, 201
288, 202
289, 202
290, 203
291, 203
293, 205
293, 206
294, 207
294, 209
295, 210
295, 217
294, 218
293, 218
291, 220
290, 220
289, 221
287, 221
286, 222
285, 222
284, 223
282, 223
281, 224
278, 224
277, 225
269, 225
268, 224
273, 219
274, 219
277, 216
279, 216
280, 215
280, 211
281, 210
281, 207
280, 206
280, 205
278, 203
191, 200
193, 200
193, 202
191, 204
191, 205
190, 206
190, 207
189, 208
189, 209
188, 210
188, 211
187, 212
187, 213
183, 217
175, 210
176, 209
176, 205
177, 204
178, 202
180, 202
181, 201
185, 201
186, 200
201, 198
208, 198
209, 199
207, 201
206, 201
203, 204
202, 204
200, 206
199, 206
197, 208
196, 208
195, 207
196, 206
196, 205
197, 204
197, 203
198, 202
198, 201
227, 196
240, 196
241, 197
241, 207
240, 208
240, 212
239, 213
239, 216
238, 217
238, 220
237, 221
237, 223
236, 224
236, 226
235, 227
235, 229
234, 230
234, 232
233, 233
233, 234
232, 235
232, 236
231, 237
231, 239
230, 240
230, 241
229, 242
229, 243
226, 246
225, 246
222, 249
221, 249
217, 253
216, 253
208, 261
207, 260
207, 254
208, 253
208, 248
209, 247
209, 243
210, 242
210, 238
211, 237
211, 233
212, 232
212, 228
213, 227
213, 223
214, 222
214, 218
215, 217
215, 213
216, 212
216, 210
218, 208
218, 207
220, 205
220, 204
223, 201
223, 200
391, 194
401, 194
402, 195
418, 195
419, 196
423, 196
424, 197
421, 200
420, 200
416, 204
415, 204
411, 208
410, 208
404, 214
403, 214
395, 222
394, 222
382, 234
381, 234
372, 243
371, 242
371, 239
372, 238
372, 235
373, 234
373, 232
374, 231
374, 228
375, 227
375, 223
376, 222
376, 219
377, 218
377, 215
378, 214
378, 212
379, 211
379, 210
381, 208
381, 207
384, 204
384, 203
386, 201
386, 200
389, 197
389, 196
383, 194
385, 195
384, 197
384, 198
383, 199
381, 198
382, 197
323, 194
328, 194
329, 195
369, 195
370, 194
377, 194
378, 195
378, 199
377, 200
377, 204
376, 205
376, 208
375, 209
375, 210
374, 211
374, 212
371, 215
371, 216
368, 219
368, 220
365, 223
365, 224
362, 227
362, 228
356, 234
356, 235
349, 242
349, 243
340, 252
340, 253
330, 263
329, 263
325, 267
323, 267
322, 266
322, 265
323, 264
323, 261
324, 260
324, 258
325, 257
325, 255
326, 254
326, 251
327, 250
327, 248
328, 247
328, 245
329, 244
329, 241
330, 240
330, 238
331, 237
331, 234
332, 233
332, 230
333, 229
333, 227
334, 226
334, 224
335, 223
335, 222
340, 217
340, 216
343, 213
343, 212
344, 211
344, 207
343, 206
341, 206
336, 211
336, 212
335, 213
335, 214
334, 215
334, 216
333, 217
333, 218
332, 219
332, 220
322, 230
321, 230
319, 232
318, 232
316, 234
315, 234
313, 236
312, 236
311, 237
310, 237
308, 239
307, 239
306, 240
305, 240
304, 241
303, 240
303, 238
304, 237
304, 235
305, 234
305, 233
306, 232
306, 230
307, 229
307, 228
308, 227
308, 225
309, 224
309, 223
310, 222
310, 221
311, 220
311, 218
312, 217
312, 216
313, 215
313, 214
314, 213
314, 212
315, 211
315, 209
316, 208
316, 207
317, 206
317, 204
318, 203
318, 202
319, 201
319, 200
320, 199
320, 197
262, 195
263, 194
316, 194
317, 195
317, 196
315, 198
315, 199
310, 204
310, 205
307, 208
306, 208
300, 214
299, 214
298, 213
298, 208
297, 207
297, 205
295, 203
295, 202
293, 200
292, 200
291, 199
289, 199
288, 198
278, 198
277, 199
275, 199
274, 200
273, 200
272, 201
271, 201
270, 202
269, 202
267, 204
266, 204
260, 210
260, 211
258, 213
258, 215
257, 216
257, 219
258, 220
258, 222
259, 223
259, 224
258, 225
258, 226
256, 228
255, 228
253, 230
252, 230
251, 231
250, 231
249, 232
248, 232
246, 234
245, 234
244, 235
243, 235
242, 236
241, 236
240, 237
239, 237
238, 238
237, 238
236, 239
235, 238
235, 237
236, 236
236, 234
237, 233
237, 232
238, 231
238, 229
239, 228
239, 226
240, 225
240, 223
241, 222
241, 219
242, 218
242, 215
243, 214
243, 210
244, 209
244, 204
245, 203
245, 196
246, 195
163, 195
164, 194
169, 194
172, 197
172, 198
171, 199
168, 199
167, 200
164, 200
163, 201
160, 201
159, 202
157, 202
156, 203
154, 203
153, 202
157, 198
158, 198
160, 196
161, 196
162, 195
235, 189
238, 188
239, 190
234, 191
234, 189
163, 189
165, 188
162, 191
162, 189
94, 184
93, 185
93, 186
91, 188
91, 189
90, 190
90, 191
88, 193
88, 194
87, 195
87, 196
85, 198
85, 199
83, 201
83, 202
82, 203
82, 204
80, 206
80, 207
78, 209
78, 210
76, 212
76, 213
74, 215
73, 214
73, 213
74, 212
74, 211
75, 210
75, 209
76, 208
76, 207
77, 206
77, 205
78, 204
78, 203
80, 201
80, 200
82, 198
82, 197
84, 195
84, 194
86, 192
86, 191
88, 189
88, 188
90, 186
90, 185
222, 153
223, 152
224, 153
224, 155
223, 156
223, 160
222, 161
222, 164
221, 165
221, 168
220, 169
220, 173
219, 174
219, 177
218, 178
218, 182
217, 183
217, 186
216, 187
216, 190
213, 193
204, 193
203, 192
204, 191
204, 190
205, 189
205, 188
206, 187
206, 186
207, 185
207, 184
208, 183
208, 182
210, 180
210, 179
211, 178
211, 177
212, 176
212, 175
213, 174
213, 173
214, 172
214, 170
215, 169
215, 168
216, 167
216, 166
217, 165
217, 164
218, 163
218, 162
219, 161
219, 160
220, 159
220, 158
221, 157
221, 155
222, 154
73, 141
74, 144
73, 145
73, 147
72, 148
72, 149
71, 150
71, 152
70, 153
70, 155
69, 156
69, 158
68, 159
68, 161
67, 162
67, 163
66, 164
66, 166
65, 167
65, 169
64, 170
64, 172
63, 173
63, 175
62, 176
62, 178
61, 179
61, 181
60, 182
60, 184
59, 185
59, 187
58, 188
58, 190
57, 191
57, 193
56, 194
56, 196
55, 197
55, 199
54, 200
54, 202
53, 203
53, 205
52, 206
52, 208
51, 209
51, 211
50, 212
50, 214
49, 215
49, 217
48, 218
48, 220
47, 221
47, 223
46, 224
46, 226
45, 227
45, 229
44, 230
44, 232
43, 233
43, 235
42, 236
42, 238
41, 239
41, 241
40, 242
40, 243
39, 244
39, 246
38, 247
38, 248
37, 249
37, 251
36, 252
36, 253
35, 254
35, 256
34, 257
34, 259
33, 260
33, 261
32, 262
32, 263
31, 264
31, 266
30, 267
30, 268
29, 269
29, 270
28, 271
28, 273
27, 274
27, 275
26, 276
25, 276
24, 275
24, 265
25, 264
25, 259
26, 258
26, 254
27, 253
27, 250
28, 249
28, 248
31, 245
31, 244
33, 242
33, 241
34, 240
34, 239
35, 238
35, 237
36, 236
36, 235
37, 234
37, 232
38, 231
38, 230
39, 229
39, 227
40, 226
40, 224
41, 223
41, 221
42, 220
42, 218
43, 217
43, 214
44, 213
44, 211
45, 210
45, 208
46, 207
46, 205
47, 204
47, 201
48, 200
48, 198
49, 197
49, 195
50, 194
50, 192
51, 191
51, 188
52, 187
52, 185
53, 184
53, 182
54, 181
54, 178
55, 177
55, 175
56, 174
56, 172
57, 171
57, 169
58, 168
58, 167
59, 166
59, 165
60, 164
60, 163
61, 162
61, 161
62, 160
62, 159
63, 158
63, 157
65, 155
65, 154
66, 153
66, 152
67, 151
67, 150
68, 149
68, 148
70, 146
70, 145
71, 144
71, 143
75, 140
73, 141
111, 137
114, 137
116, 139
116, 143
115, 144
115, 145
114, 146
114, 147
113, 148
113, 149
112, 150
112, 151
111, 152
111, 153
110, 154
110, 155
108, 157
108, 158
102, 164
102, 165
97, 170
97, 171
94, 174
94, 175
91, 178
91, 179
88, 182
88, 183
85, 186
85, 187
83, 189
83, 190
81, 192
81, 193
79, 195
79, 196
78, 197
78, 198
76, 200
76, 201
74, 203
74, 204
73, 205
73, 206
72, 207
72, 208
71, 209
71, 210
70, 211
70, 213
69, 214
69, 215
68, 216
68, 218
67, 219
67, 224
68, 225
70, 225
76, 219
76, 218
78, 216
78, 215
80, 213
80, 212
83, 209
83, 208
84, 207
84, 206
86, 204
86, 203
88, 201
88, 200
89, 199
89, 198
91, 196
91, 195
93, 193
93, 192
94, 191
94, 190
95, 189
95, 188
97, 186
97, 185
98, 184
98, 183
99, 182
99, 181
101, 179
101, 178
102, 177
102, 176
103, 175
103, 174
105, 172
105, 171
106, 170
106, 169
107, 168
107, 167
109, 165
109, 164
110, 163
110, 162
111, 161
111, 160
112, 159
113, 160
113, 162
112, 163
112, 165
111, 166
111, 168
110, 169
110, 171
109, 172
109, 174
108, 175
108, 177
107, 178
107, 179
106, 180
106, 182
105, 183
105, 184
104, 185
104, 186
103, 187
103, 189
102, 190
102, 191
101, 192
101, 193
100, 194
100, 195
99, 196
99, 197
98, 198
98, 200
97, 201
97, 202
96, 203
96, 204
95, 205
95, 206
94, 207
94, 208
93, 209
93, 210
92, 211
92, 212
91, 213
91, 214
89, 216
89, 217
87, 219
87, 220
85, 222
85, 223
83, 225
83, 226
78, 231
78, 232
66, 244
65, 244
61, 248
60, 248
57, 251
56, 251
54, 253
53, 253
51, 255
50, 255
49, 256
48, 256
47, 257
46, 257
45, 258
44, 258
43, 259
41, 257
41, 256
42, 255
42, 252
43, 251
43, 250
44, 249
44, 247
45, 246
45, 245
46, 244
46, 243
49, 240
49, 239
48, 238
47, 238
46, 237
46, 235
47, 234
47, 232
48, 231
48, 229
49, 228
49, 226
50, 225
50, 223
51, 222
51, 220
52, 219
52, 217
53, 216
53, 214
54, 213
54, 211
55, 210
55, 208
56, 207
56, 205
57, 204
57, 202
58, 201
58, 199
59, 198
59, 195
60, 194
60, 192
62, 190
63, 190
65, 188
65, 187
67, 185
67, 184
69, 182
69, 181
70, 180
70, 179
72, 177
72, 176
74, 174
74, 173
76, 171
76, 170
81, 165
81, 164
89, 156
89, 155
95, 149
96, 149
102, 143
103, 143
105, 141
106, 141
108, 139
109, 139
77, 94
78, 95
78, 96
77, 97
77, 99
76, 100
76, 102
75, 103
75, 105
74, 106
74, 108
73, 109
73, 111
72, 112
72, 114
71, 115
71, 116
70, 117
70, 120
69, 121
69, 123
68, 124
68, 126
67, 127
67, 129
66, 130
66, 132
65, 133
65, 135
64, 136
64, 138
63, 139
63, 141
62, 142
62, 144
61, 145
61, 147
60, 148
60, 150
59, 151
59, 153
58, 154
58, 156
57, 157
57, 160
56, 161
56, 163
55, 164
55, 166
54, 167
54, 168
53, 169
53, 170
52, 171
52, 172
51, 173
51, 174
50, 175
50, 176
49, 177
49, 179
48, 180
48, 181
47, 182
47, 183
46, 184
46, 186
45, 187
45, 188
44, 189
44, 190
43, 191
43, 193
42, 194
42, 195
41, 196
41, 198
40, 199
40, 201
39, 202
39, 203
38, 204
38, 206
37, 207
37, 209
36, 210
36, 211
35, 212
35, 214
34, 215
34, 217
33, 218
33, 220
32, 221
32, 223
31, 224
31, 226
30, 227
30, 229
29, 230
29, 232
28, 233
28, 235
27, 236
26, 235
26, 229
27, 228
27, 224
28, 223
28, 219
29, 218
29, 215
30, 214
30, 211
31, 210
31, 207
32, 206
32, 203
33, 202
33, 199
34, 198
34, 196
35, 195
35, 192
36, 191
36, 189
37, 188
37, 185
38, 184
38, 182
39, 181
39, 179
40, 178
40, 176
41, 175
41, 173
42, 172
42, 170
43, 169
43, 167
44, 166
44, 164
45, 163
45, 161
46, 160
46, 158
47, 157
47, 156
48, 155
48, 153
49, 152
49, 151
50, 150
50, 148
51, 147
51, 146
52, 145
52, 143
53, 142
53, 141
54, 140
54, 138
55, 137
55, 136
56, 135
56, 134
57, 133
57, 131
58, 130
58, 129
59, 128
59, 127
60, 126
60, 124
61, 123
61, 122
62, 121
62, 120
63, 119
63, 118
64, 117
64, 116
65, 115
65, 114
66, 113
66, 112
67, 111
67, 110
69, 108
69, 107
70, 106
70, 105
71, 104
71, 103
72, 102
72, 101
74, 99
74, 98
75, 97
75, 96
109, 82
110, 83
110, 84
109, 85
109, 87
108, 88
108, 90
107, 91
107, 93
106, 94
106, 96
105, 97
105, 99
104, 100
104, 102
103, 103
103, 105
102, 106
102, 107
101, 108
101, 110
100, 111
100, 112
99, 113
99, 114
98, 115
98, 117
97, 118
97, 119
96, 120
96, 121
95, 122
95, 123
94, 124
94, 126
93, 127
93, 128
92, 129
92, 130
91, 131
91, 132
90, 133
90, 134
89, 135
89, 136
88, 137
88, 138
87, 139
87, 140
86, 141
86, 142
85, 143
85, 144
84, 145
84, 146
83, 147
83, 148
82, 149
82, 150
81, 151
81, 152
80, 153
80, 154
79, 155
79, 156
78, 157
78, 158
77, 159
77, 160
76, 161
76, 162
75, 163
75, 164
73, 166
73, 167
72, 168
72, 169
71, 170
71, 171
69, 173
69, 174
67, 172
68, 171
68, 169
69, 168
69, 166
70, 165
70, 163
71, 162
71, 161
72, 160
72, 158
73, 157
73, 155
74, 154
74, 152
75, 151
75, 150
76, 149
76, 147
77, 146
77, 144
78, 143
78, 142
79, 141
79, 139
80, 138
80, 136
81, 135
81, 134
82, 133
82, 131
83, 130
83, 128
84, 127
84, 125
85, 124
85, 123
86, 122
86, 120
87, 119
87, 117
88, 116
88, 115
89, 114
89, 113
90, 112
90, 111
91, 110
91, 109
92, 108
92, 107
94, 105
94, 104
96, 102
96, 101
97, 100
97, 99
99, 97
99, 96
101, 94
101, 93
103, 91
103, 90
105, 88
105, 87
107, 85
107, 84
427, 73
428, 72
430, 72
433, 75
433, 77
434, 78
434, 86
433, 87
433, 91
432, 92
432, 95
431, 96
431, 99
430, 100
430, 102
429, 103
429, 106
428, 107
428, 109
427, 110
427, 112
426, 113
426, 115
425, 116
425, 118
424, 119
424, 121
423, 122
423, 123
422, 124
422, 126
421, 127
421, 128
420, 129
420, 130
419, 131
419, 133
418, 134
418, 135
417, 136
417, 138
416, 139
416, 140
415, 141
415, 142
414, 143
414, 145
413, 146
413, 147
412, 148
412, 149
411, 150
411, 151
410, 152
410, 153
409, 154
409, 156
407, 158
407, 159
406, 160
406, 161
405, 162
405, 163
404, 164
404, 165
403, 166
403, 167
402, 168
402, 169
400, 171
400, 172
399, 173
399, 174
398, 175
398, 176
396, 178
396, 179
395, 180
395, 181
393, 183
393, 184
391, 186
391, 187
388, 190
385, 190
384, 189
384, 186
385, 185
385, 182
386, 181
386, 179
387, 178
387, 175
388, 174
388, 171
389, 170
389, 167
390, 166
390, 164
391, 163
391, 160
392, 159
392, 156
393, 155
393, 153
394, 152
394, 149
395, 148
395, 146
396, 145
396, 142
397, 141
397, 139
398, 138
398, 135
399, 134
399, 132
400, 131
400, 129
401, 128
401, 125
402, 124
402, 122
403, 121
403, 119
404, 118
404, 115
405, 114
405, 112
406, 111
406, 109
407, 108
407, 106
408, 105
408, 104
409, 103
409, 101
410, 100
410, 98
411, 97
411, 96
412, 95
412, 94
413, 93
413, 91
414, 90
414, 89
415, 88
415, 87
416, 86
416, 85
417, 84
417, 83
418, 82
418, 81
421, 78
421, 77
423, 75
424, 75
426, 73
101, 63
102, 64
102, 66
101, 67
101, 69
100, 70
100, 72
99, 73
99, 75
98, 76
98, 78
97, 79
97, 80
96, 81
96, 83
95, 84
95, 86
94, 87
94, 89
93, 90
93, 92
92, 93
92, 95
91, 96
91, 98
90, 99
90, 100
89, 101
89, 103
88, 104
88, 106
87, 107
87, 109
86, 110
86, 111
85, 112
85, 113
84, 114
84, 115
83, 116
83, 117
81, 119
81, 120
80, 121
80, 122
79, 123
79, 124
77, 126
77, 127
76, 128
76, 129
74, 131
74, 132
73, 133
73, 134
71, 136
71, 137
70, 138
70, 139
69, 140
69, 141
67, 143
66, 142
66, 141
67, 140
67, 138
68, 137
68, 135
69, 134
69, 132
70, 131
70, 128
71, 127
71, 125
72, 124
72, 122
73, 121
73, 119
74, 118
74, 116
75, 115
75, 113
76, 112
76, 110
77, 109
77, 108
78, 107
78, 105
79, 104
79, 102
80, 101
80, 98
81, 97
81, 95
82, 94
82, 92
83, 91
83, 89
84, 88
84, 86
85, 85
85, 83
86, 82
86, 81
87, 80
87, 79
88, 78
88, 77
93, 72
93, 71
112, 55
113, 54
115, 54
116, 55
116, 63
115, 64
115, 67
113, 69
113, 70
111, 72
111, 73
109, 75
109, 76
106, 79
106, 80
104, 82
104, 83
102, 85
102, 86
100, 88
100, 89
98, 91
97, 90
97, 89
98, 88
98, 86
99, 85
99, 83
100, 82
100, 80
101, 79
101, 77
102, 76
102, 74
103, 73
103, 72
104, 71
104, 69
105, 68
105, 66
106, 65
106, 63
107, 62
107, 60
108, 59
108, 58
111, 55
152, 33
155, 33
157, 35
157, 40
156, 41
156, 44
155, 45
155, 48
154, 49
154, 51
153, 52
153, 54
152, 55
152, 57
151, 58
151, 60
150, 61
150, 62
149, 63
149, 65
148, 66
148, 68
147, 69
147, 70
146, 71
146, 73
145, 74
145, 76
144, 77
144, 78
143, 79
143, 81
142, 82
142, 84
141, 85
141, 86
140, 87
140, 89
139, 90
139, 91
138, 92
138, 94
137, 95
137, 96
136, 97
136, 99
135, 100
135, 101
134, 102
134, 103
133, 104
133, 105
132, 106
132, 107
131, 108
131, 110
130, 111
130, 112
129, 113
129, 114
128, 115
128, 116
127, 117
127, 119
126, 120
126, 121
125, 122
125, 123
124, 124
124, 126
123, 127
123, 128
122, 129
122, 130
121, 131
121, 132
120, 133
120, 134
119, 135
118, 135
117, 134
116, 134
115, 133
112, 133
111, 134
110, 134
109, 135
108, 135
107, 136
106, 136
103, 139
102, 139
100, 141
99, 141
94, 146
93, 146
85, 151
86, 150
86, 149
87, 148
87, 147
88, 146
88, 145
89, 144
89, 143
90, 142
90, 141
91, 140
91, 139
92, 138
92, 136
93, 135
93, 134
94, 133
94, 132
95, 131
95, 130
96, 129
96, 128
97, 127
97, 126
98, 125
98, 124
99, 123
99, 122
100, 121
100, 120
101, 119
101, 117
102, 116
102, 115
103, 114
103, 112
104, 111
104, 110
105, 109
105, 107
106, 106
106, 105
107, 104
107, 102
108, 101
108, 99
109, 98
109, 96
110, 95
110, 93
111, 92
111, 90
112, 89
112, 87
113, 86
113, 83
114, 82
114, 80
115, 79
115, 77
116, 76
116, 73
117, 72
117, 70
119, 68
119, 67
122, 64
122, 63
125, 60
125, 59
132, 52
132, 51
141, 42
142, 42
148, 36
149, 36
