4, 2
402, 4
400, 369
2, 367
133, 15
132, 16
130, 16
129, 17
128, 17
126, 19
125, 19
120, 24
120, 25
118, 27
118, 28
117, 29
117, 30
115, 32
115, 33
114, 34
114, 35
113, 36
113, 38
112, 39
112, 40
107, 45
107, 46
102, 51
102, 52
98, 56
98, 57
97, 58
97, 59
95, 61
95, 62
93, 64
93, 65
92, 66
92, 67
91, 68
91, 69
89, 71
89, 72
88, 73
88, 74
87, 75
87, 76
86, 77
86, 78
85, 79
85, 80
84, 81
84, 82
83, 83
83, 85
82, 86
82, 87
81, 88
81, 89
80, 90
80, 92
79, 93
79, 94
78, 95
78, 97
77, 98
77, 99
76, 100
76, 102
75, 103
75, 104
74, 105
74, 107
73, 108
73, 109
72, 110
72, 112
71, 113
71, 115
70, 116
70, 118
69, 119
69, 121
68, 122
68, 125
67, 126
68, 127
68, 128
69, 129
72, 129
72, 128
73, 127
72, 126
72, 124
73, 123
73, 121
74, 120
74, 118
75, 117
75, 115
76, 114
76, 112
77, 111
77, 110
78, 109
78, 107
79, 106
79, 105
80, 104
80, 102
81, 101
81, 100
82, 99
82, 97
83, 96
83, 95
84, 94
84, 93
85, 92
86, 93
86, 96
85, 97
85, 100
84, 101
84, 103
83, 104
83, 107
82, 108
82, 111
81, 112
81, 114
80, 115
80, 118
79, 119
79, 121
78, 122
78, 125
77, 126
77, 129
76, 130
76, 132
75, 133
75, 136
74, 137
74, 140
73, 141
73, 144
72, 145
72, 148
71, 149
71, 152
70, 153
70, 156
69, 157
69, 160
68, 161
68, 164
67, 165
67, 168
66, 169
66, 172
65, 173
65, 177
64, 178
64, 181
63, 182
63, 185
62, 186
62, 190
61, 191
61, 194
60, 195
60, 198
59, 199
59, 202
58, 203
58, 206
57, 207
57, 210
56, 211
56, 213
55, 214
55, 217
54, 218
54, 220
53, 221
53, 223
52, 224
52, 226
51, 227
51, 229
50, 230
50, 232
49, 233
49, 234
48, 235
48, 236
47, 237
47, 239
46, 240
46, 241
44, 243
44, 244
43, 245
43, 246
41, 248
41, 249
35, 255
34, 255
33, 256
30, 256
27, 253
27, 252
25, 250
25, 248
24, 247
24, 246
23, 245
23, 243
22, 242
22, 238
21, 237
21, 224
22, 223
22, 221
23, 220
23, 219
25, 217
25, 216
26, 215
26, 214
30, 210
30, 209
31, 208
31, 206
29, 206
28, 207
28, 208
23, 213
23, 214
22, 215
22, 216
21, 217
21, 218
20, 219
20, 220
19, 221
19, 223
18, 224
18, 237
19, 238
19, 242
20, 243
20, 245
21, 246
21, 248
22, 249
22, 250
23, 251
23, 252
24, 253
24, 254
26, 256
26, 257
27, 257
29, 259
34, 259
35, 258
36, 258
38, 256
39, 256
40, 255
40, 254
44, 250
44, 249
46, 247
46, 246
47, 245
47, 244
48, 243
48, 242
49, 241
49, 240
50, 239
50, 238
51, 237
51, 236
52, 235
52, 233
53, 232
53, 230
54, 229
54, 227
55, 226
55, 224
56, 223
56, 221
57, 220
57, 218
58, 217
58, 214
59, 213
59, 211
60, 210
60, 207
61, 206
61, 203
62, 202
62, 199
63, 198
63, 195
64, 194
64, 191
65, 190
65, 186
66, 185
66, 182
67, 181
67, 178
68, 177
68, 173
69, 172
69, 169
70, 168
70, 165
71, 164
71, 161
72, 160
72, 157
73, 156
73, 153
74, 152
74, 149
75, 148
75, 145
76, 144
76, 141
77, 140
77, 137
78, 136
78, 133
79, 132
79, 130
80, 129
80, 126
81, 125
81, 122
82, 121
82, 119
83, 118
83, 115
84, 114
84, 112
85, 111
85, 108
86, 107
86, 105
87, 104
87, 101
88, 100
88, 98
89, 97
89, 94
90, 93
90, 91
91, 90
91, 88
92, 87
92, 85
93, 84
93, 83
94, 82
94, 81
95, 80
95, 79
96, 78
96, 77
97, 76
97, 74
98, 73
98, 72
99, 71
99, 69
100, 68
100, 63
101, 62
101, 61
102, 60
102, 59
104, 57
104, 56
108, 52
108, 51
120, 39
121, 39
124, 36
125, 36
126, 35
127, 35
128, 34
129, 34
130, 33
132, 33
133, 32
139, 32
140, 33
140, 37
139, 38
139, 41
138, 42
138, 45
137, 46
137, 48
136, 49
136, 50
135, 51
135, 53
134, 54
134, 55
133, 56
133, 57
132, 58
132, 59
131, 60
131, 61
130, 62
130, 63
129, 64
129, 65
127, 67
127, 68
125, 70
125, 71
121, 75
120, 75
119, 76
118, 76
116, 78
115, 78
113, 80
112, 80
110, 82
109, 82
106, 85
105, 85
99, 91
99, 94
103, 94
104, 93
106, 93
108, 91
109, 91
110, 90
111, 90
114, 87
115, 87
126, 76
127, 76
128, 75
129, 75
130, 74
133, 74
134, 73
144, 73
145, 74
146, 74
150, 78
150, 79
151, 80
151, 82
150, 83
150, 84
149, 85
149, 86
148, 87
148, 88
146, 90
146, 91
144, 93
144, 94
142, 96
142, 97
139, 100
139, 101
134, 106
134, 107
129, 112
128, 112
127, 113
121, 113
120, 114
117, 114
116, 115
114, 115
113, 116
111, 116
110, 117
109, 117
108, 118
107, 118
105, 120
104, 120
99, 125
99, 126
98, 127
98, 131
99, 132
106, 132
107, 131
109, 131
110, 130
112, 130
113, 129
114, 129
115, 128
116, 128
118, 126
119, 126
120, 125
121, 125
125, 121
126, 121
129, 118
130, 118
131, 117
132, 117
133, 118
138, 118
139, 119
142, 119
143, 120
144, 120
145, 121
145, 125
144, 126
144, 128
143, 129
143, 130
142, 131
142, 133
141, 134
141, 136
140, 137
140, 138
139, 139
139, 140
138, 141
138, 142
137, 143
137, 145
136, 146
136, 147
135, 148
135, 149
134, 150
134, 151
132, 153
132, 154
131, 155
131, 156
129, 158
129, 159
127, 161
127, 162
125, 164
125, 165
118, 172
116, 172
115, 173
113, 173
112, 174
109, 174
108, 175
102, 175
101, 176
96, 176
95, 177
94, 177
93, 178
93, 179
92, 180
92, 183
94, 185
95, 185
96, 186
102, 186
103, 185
105, 185
106, 184
107, 184
108, 183
109, 183
110, 182
111, 182
112, 181
113, 181
116, 178
117, 178
121, 174
122, 174
123, 173
125, 173
126, 172
127, 172
128, 171
130, 171
131, 170
132, 170
133, 169
134, 169
135, 168
137, 168
138, 169
138, 170
137, 171
137, 172
135, 174
135, 175
133, 177
133, 178
131, 180
131, 181
126, 186
125, 186
122, 189
121, 189
119, 191
118, 191
115, 194
114, 194
112, 196
111, 196
109, 198
108, 198
106, 200
105, 200
103, 202
102, 202
100, 204
99, 204
98, 205
97, 205
96, 206
95, 206
94, 207
93, 207
92, 208
91, 208
90, 209
89, 209
88, 210
87, 210
86, 211
84, 211
83, 212
82, 212
81, 213
75, 213
72, 210
70, 210
69, 211
69, 215
72, 218
73, 218
75, 220
77, 220
78, 221
89, 221
90, 220
92, 220
93, 219
95, 219
96, 218
97, 218
98, 217
99, 217
101, 215
102, 215
103, 214
104, 214
106, 212
107, 212
111, 208
112, 208
117, 203
118, 203
125, 196
125, 195
130, 190
130, 189
132, 187
133, 187
136, 184
137, 184
141, 180
142, 180
145, 177
146, 177
149, 174
150, 175
150, 183
151, 184
151, 192
150, 193
150, 203
151, 204
151, 208
152, 209
152, 211
153, 212
153, 213
154, 214
154, 215
157, 218
157, 219
158, 219
161, 222
162, 222
163, 223
165, 223
167, 225
166, 226
166, 227
165, 228
165, 229
164, 230
164, 231
162, 233
162, 234
161, 235
161, 236
160, 237
160, 238
159, 239
159, 240
157, 242
157, 243
156, 244
156, 245
155, 246
155, 248
154, 249
154, 250
153, 251
153, 252
152, 253
152, 254
151, 255
151, 257
150, 258
151, 259
151, 260
153, 260
154, 259
154, 258
155, 257
155, 256
156, 255
156, 254
157, 253
157, 252
158, 251
158, 250
159, 249
159, 248
160, 247
160, 246
161, 245
161, 244
162, 243
162, 242
163, 241
163, 240
164, 239
164, 238
165, 237
165, 236
166, 235
166, 234
167, 233
167, 232
168, 231
168, 230
169, 229
169, 228
170, 227
170, 226
172, 224
178, 224
179, 223
181, 223
182, 222
184, 222
185, 221
186, 221
187, 220
188, 220
189, 219
190, 219
191, 218
192, 218
193, 217
194, 217
196, 215
197, 215
198, 214
199, 214
201, 212
202, 212
205, 209
206, 209
207, 208
208, 208
209, 209
209, 212
210, 213
210, 215
211, 216
211, 217
213, 219
213, 220
214, 221
215, 221
216, 222
217, 222
218, 223
230, 223
231, 222
233, 222
234, 221
235, 221
236, 222
236, 224
237, 225
238, 224
239, 224
242, 221
242, 220
246, 216
248, 216
249, 217
251, 217
253, 219
254, 219
255, 220
257, 220
257, 218
255, 216
254, 216
253, 215
252, 215
251, 214
250, 214
249, 213
249, 211
258, 202
259, 202
262, 199
263, 199
265, 197
266, 197
267, 196
268, 196
269, 195
271, 195
272, 194
273, 194
274, 193
276, 193
277, 192
279, 192
280, 191
282, 191
283, 192
283, 193
282, 194
282, 195
281, 196
281, 197
280, 198
280, 199
278, 201
278, 202
277, 203
276, 203
273, 206
273, 207
271, 209
271, 210
270, 211
270, 213
271, 214
273, 214
278, 209
278, 208
279, 207
279, 206
283, 202
284, 202
287, 199
288, 199
290, 197
291, 197
293, 195
294, 195
296, 193
297, 193
298, 192
299, 193
299, 194
298, 195
298, 196
297, 197
297, 199
296, 200
296, 201
295, 202
295, 203
294, 204
294, 206
293, 207
293, 208
292, 209
292, 211
291, 212
291, 213
290, 214
290, 215
289, 216
289, 218
288, 219
288, 220
287, 221
287, 222
286, 223
286, 225
285, 226
285, 227
284, 228
284, 229
283, 230
283, 233
284, 234
285, 234
286, 233
286, 232
287, 231
287, 230
288, 229
288, 227
289, 226
289, 225
290, 224
290, 223
291, 222
291, 220
292, 219
292, 218
293, 217
293, 216
294, 215
294, 214
295, 213
295, 211
296, 210
296, 209
297, 208
297, 206
298, 205
298, 204
299, 203
299, 201
300, 200
300, 199
301, 198
301, 196
302, 195
302, 194
303, 193
303, 191
304, 190
304, 189
305, 188
305, 187
307, 185
308, 185
309, 184
310, 184
311, 185
310, 186
310, 187
309, 188
309, 189
308, 190
308, 192
307, 193
307, 194
306, 195
306, 198
305, 199
305, 201
304, 202
304, 210
305, 211
305, 212
306, 213
307, 213
308, 214
312, 214
313, 213
315, 213
316, 212
317, 212
318, 211
319, 211
321, 209
322, 209
325, 206
326, 206
331, 201
332, 201
339, 194
340, 194
347, 187
348, 187
358, 177
359, 177
372, 164
372, 163
374, 161
375, 162
375, 164
374, 165
374, 166
373, 167
373, 169
372, 170
372, 171
371, 172
371, 174
370, 175
370, 177
369, 178
369, 181
368, 182
368, 184
367, 185
367, 188
366, 189
366, 192
365, 193
365, 196
364, 197
364, 200
363, 201
363, 203
362, 204
362, 207
361, 208
361, 211
360, 212
360, 214
359, 215
359, 218
358, 219
358, 221
357, 222
357, 225
356, 226
356, 228
355, 229
355, 231
354, 232
354, 235
353, 236
353, 238
352, 239
352, 240
349, 243
348, 243
347, 244
346, 244
345, 245
344, 245
343, 246
342, 246
341, 247
340, 247
338, 249
337, 249
335, 251
334, 251
332, 253
331, 253
329, 255
328, 255
325, 258
324, 258
319, 263
318, 263
303, 278
303, 279
300, 282
300, 283
297, 286
297, 287
295, 289
295, 290
294, 291
294, 292
293, 293
293, 294
292, 295
292, 296
290, 298
290, 299
289, 300
289, 302
288, 303
288, 304
287, 305
287, 307
286, 308
286, 309
285, 310
285, 312
284, 313
284, 316
283, 317
283, 319
282, 320
282, 324
281, 325
281, 331
280, 332
280, 340
281, 341
281, 346
282, 347
282, 348
283, 349
283, 350
287, 354
294, 354
295, 353
297, 353
299, 351
300, 351
311, 340
311, 339
314, 336
314, 335
316, 333
316, 332
318, 330
318, 329
320, 327
320, 326
321, 325
321, 324
323, 322
323, 321
324, 320
324, 319
325, 318
325, 317
326, 316
326, 315
327, 314
327, 313
328, 312
328, 311
329, 310
329, 309
330, 308
330, 307
331, 306
331, 305
332, 304
332, 303
333, 302
333, 300
334, 299
334, 298
335, 297
335, 296
336, 295
336, 293
337, 292
337, 291
338, 290
338, 288
339, 287
339, 286
340, 285
340, 283
341, 282
341, 281
342, 280
342, 278
343, 277
343, 275
344, 274
344, 273
345, 272
345, 270
346, 269
346, 268
347, 267
347, 265
348, 264
348, 262
349, 261
349, 259
350, 258
350, 256
351, 255
351, 253
352, 252
352, 250
353, 249
353, 247
354, 246
354, 245
357, 242
358, 242
359, 241
361, 241
362, 240
363, 240
364, 239
365, 239
366, 238
367, 238
368, 237
370, 237
371, 236
373, 236
374, 235
374, 234
373, 233
370, 233
369, 234
367, 234
366, 235
365, 235
364, 236
363, 236
362, 237
360, 237
359, 238
358, 238
357, 239
356, 238
356, 237
357, 236
357, 233
358, 232
358, 230
359, 229
359, 227
360, 226
360, 223
361, 222
361, 220
362, 219
362, 216
363, 215
363, 213
364, 212
364, 209
365, 208
365, 205
366, 204
366, 202
367, 201
367, 198
368, 197
368, 194
369, 193
369, 190
370, 189
370, 186
371, 185
371, 183
372, 182
372, 179
373, 178
373, 176
374, 175
374, 173
375, 172
375, 171
376, 170
376, 168
377, 167
377, 166
378, 165
378, 163
379, 162
379, 161
380, 160
380, 159
381, 158
381, 155
382, 154
382, 153
383, 152
383, 151
384, 150
384, 149
385, 148
385, 146
384, 145
383, 145
380, 148
380, 149
376, 153
376, 154
375, 155
370, 155
369, 156
352, 156
351, 157
336, 157
334, 155
333, 155
332, 156
331, 156
329, 158
328, 158
327, 159
326, 159
325, 158
321, 158
320, 159
319, 159
318, 160
316, 160
315, 161
311, 161
310, 162
306, 162
305, 163
303, 163
302, 162
303, 161
303, 160
304, 159
304, 158
305, 157
305, 156
306, 155
306, 152
305, 151
305, 150
304, 149
302, 149
301, 150
301, 151
300, 152
300, 154
299, 155
299, 156
298, 157
298, 158
296, 160
296, 161
295, 162
295, 163
292, 166
290, 166
289, 167
287, 167
286, 168
283, 168
282, 169
280, 169
279, 170
278, 169
278, 168
279, 167
279, 166
281, 164
281, 163
282, 162
283, 162
283, 161
284, 160
284, 159
285, 158
285, 157
286, 156
286, 155
288, 153
288, 152
291, 149
291, 147
292, 146
292, 145
293, 144
293, 143
291, 141
289, 143
289, 144
288, 145
288, 146
287, 147
287, 148
285, 150
285, 151
284, 152
281, 152
278, 155
278, 156
277, 157
277, 158
276, 159
276, 160
275, 161
275, 163
274, 164
274, 166
273, 167
273, 169
272, 170
272, 171
270, 173
269, 173
268, 174
267, 173
267, 172
268, 171
268, 170
269, 169
269, 168
270, 167
270, 165
271, 164
271, 161
272, 160
272, 154
271, 153
271, 151
270, 150
270, 149
268, 147
267, 147
266, 146
260, 146
259, 147
258, 147
256, 149
255, 149
251, 153
250, 153
244, 159
243, 159
242, 160
241, 160
240, 159
235, 159
227, 167
227, 168
224, 171
224, 172
221, 175
221, 176
217, 180
216, 179
216, 171
217, 170
217, 168
218, 167
218, 165
219, 164
219, 162
220, 161
220, 160
221, 159
221, 157
222, 156
222, 155
223, 154
223, 152
224, 151
224, 146
222, 146
218, 150
217, 150
216, 149
217, 148
217, 146
218, 145
218, 143
219, 142
219, 138
216, 138
214, 140
214, 141
213, 142
213, 143
211, 145
211, 146
210, 147
210, 148
208, 150
208, 151
206, 153
206, 154
205, 155
205, 156
203, 158
203, 159
200, 162
199, 162
198, 163
197, 163
195, 165
194, 165
193, 164
193, 163
192, 162
192, 156
193, 155
193, 151
194, 150
194, 143
193, 142
193, 139
192, 138
192, 137
191, 136
191, 135
190, 134
189, 134
188, 133
187, 133
186, 132
184, 132
183, 131
183, 129
182, 128
182, 127
179, 124
176, 124
175, 125
174, 125
173, 126
172, 126
166, 132
166, 133
164, 135
164, 136
162, 138
162, 139
161, 140
161, 141
159, 143
159, 144
158, 145
158, 146
157, 147
157, 148
156, 149
156, 150
155, 151
155, 152
154, 153
154, 154
151, 157
150, 157
149, 156
149, 155
150, 154
150, 151
151, 150
151, 146
152, 145
152, 141
153, 140
153, 124
152, 123
152, 121
150, 119
150, 117
151, 116
151, 113
152, 112
152, 108
153, 107
153, 102
154, 101
154, 94
155, 93
155, 84
156, 83
156, 81
157, 80
157, 79
158, 78
158, 76
159, 75
159, 74
160, 73
160, 70
161, 69
161, 66
162, 65
162, 50
161, 49
161, 46
160, 45
160, 43
159, 42
159, 41
158, 40
158, 39
156, 37
156, 36
151, 31
150, 31
148, 29
146, 29
145, 28
144, 28
143, 27
143, 23
142, 22
142, 20
138, 16
136, 16
135, 15
346, 248
347, 247
349, 247
350, 248
349, 249
349, 251
348, 252
348, 254
347, 255
347, 257
346, 258
346, 260
345, 261
345, 263
344, 264
344, 266
343, 267
343, 268
342, 269
342, 271
341, 272
341, 273
340, 274
340, 276
339, 277
339, 279
338, 280
338, 281
337, 282
337, 284
336, 285
336, 286
335, 287
335, 289
334, 290
334, 291
333, 292
333, 293
332, 294
332, 296
331, 297
331, 298
330, 299
330, 300
329, 301
329, 303
328, 304
328, 305
327, 306
327, 307
326, 308
326, 309
325, 310
325, 311
324, 312
324, 313
323, 314
323, 315
322, 316
322, 317
321, 318
321, 319
319, 321
319, 322
318, 323
318, 324
316, 326
316, 327
315, 328
315, 329
313, 331
313, 332
310, 335
310, 336
305, 341
305, 342
301, 346
300, 346
297, 349
296, 349
295, 350
294, 350
293, 351
288, 351
286, 349
286, 348
285, 347
285, 346
284, 345
284, 339
283, 338
283, 335
284, 334
284, 326
285, 325
285, 321
286, 320
286, 318
287, 317
287, 314
288, 313
288, 311
289, 310
289, 309
290, 308
290, 306
291, 305
291, 304
292, 303
292, 302
293, 301
293, 300
294, 299
294, 298
295, 297
295, 296
296, 295
296, 294
298, 292
298, 291
299, 290
299, 289
301, 287
301, 286
304, 283
304, 282
322, 264
323, 264
328, 259
329, 259
332, 256
333, 256
335, 254
336, 254
338, 252
339, 252
340, 251
341, 251
343, 249
344, 249
345, 248
91, 215
94, 212
93, 212
155, 200
160, 203
161, 203
163, 205
166, 205
167, 206
174, 206
175, 205
176, 205
177, 207
176, 208
176, 209
175, 210
175, 211
173, 213
173, 214
172, 215
172, 216
171, 217
171, 218
168, 220
167, 219
165, 219
164, 218
163, 218
159, 214
159, 213
157, 210
156, 209
156, 207
155, 206
241, 197
243, 199
244, 199
245, 200
246, 200
247, 203
246, 204
246, 205
245, 206
244, 206
239, 209
238, 208
238, 207
237, 201
238, 200
238, 199
250, 191
251, 190
253, 190
253, 192
253, 193
252, 194
252, 195
251, 196
249, 196
246, 197
243, 193
292, 189
293, 188
295, 188
296, 189
294, 191
293, 191
291, 193
290, 193
288, 195
287, 195
286, 194
286, 193
287, 192
287, 191
289, 189
266, 179
233, 179
235, 179
235, 182
236, 183
236, 189
237, 190
237, 192
238, 193
238, 194
237, 195
237, 196
235, 198
235, 199
234, 200
234, 207
235, 208
235, 209
236, 210
235, 213
234, 213
233, 214
232, 214
231, 215
230, 215
229, 216
228, 216
227, 217
226, 217
225, 218
219, 215
219, 214
218, 213
218, 209
217, 208
217, 204
218, 203
223, 193
223, 192
227, 188
227, 187
231, 183
231, 182
233, 180
102, 179
103, 178
108, 178
109, 179
108, 180
107, 180
106, 181
105, 181
104, 182
102, 182
101, 183
97, 183
96, 182
96, 180
97, 179
290, 179
289, 180
289, 181
288, 182
288, 183
287, 184
287, 185
285, 187
282, 187
281, 188
280, 188
279, 187
186, 172
189, 173
189, 176
188, 177
188, 181
187, 182
187, 185
186, 186
186, 187
185, 188
185, 189
184, 190
184, 191
183, 192
176, 200
175, 200
174, 201
171, 201
170, 202
169, 201
166, 201
165, 200
159, 195
159, 194
158, 193
158, 192
157, 191
157, 190
156, 189
156, 186
157, 185
157, 183
158, 182
158, 181
159, 180
159, 179
160, 178
161, 176
162, 176
163, 177
170, 177
171, 176
173, 176
174, 175
175, 175
176, 174
177, 174
178, 173
182, 173
183, 172
286, 171
287, 170
288, 170
289, 171
288, 172
288, 173
274, 187
273, 187
270, 190
269, 190
267, 192
266, 192
265, 193
264, 193
263, 194
262, 193
262, 192
264, 190
264, 189
274, 179
274, 178
275, 177
275, 176
278, 173
280, 173
281, 172
283, 172
284, 171
167, 169
168, 170
169, 170
165, 174
195, 168
197, 169
196, 171
196, 172
193, 173
155, 169
156, 168
158, 169
157, 173
157, 174
154, 175
155, 171
310, 165
311, 164
313, 164
314, 166
312, 168
312, 169
310, 171
310, 172
308, 174
308, 175
306, 177
306, 178
305, 179
305, 180
302, 182
301, 183
299, 183
298, 184
296, 184
295, 185
292, 185
291, 183
292, 182
292, 181
293, 180
293, 179
294, 178
294, 177
295, 176
295, 175
296, 174
296, 173
297, 172
297, 171
299, 169
299, 168
301, 167
302, 166
305, 166
306, 165
203, 166
321, 163
322, 163
323, 164
322, 165
322, 166
320, 168
320, 169
318, 171
318, 172
315, 175
314, 175
312, 174
314, 172
314, 171
317, 168
317, 167
249, 163
257, 168
257, 170
258, 171
254, 181
253, 181
251, 183
250, 183
247, 186
246, 186
243, 185
243, 184
242, 183
243, 175
243, 173
244, 172
244, 171
245, 170
245, 169
246, 168
246, 167
247, 166
247, 165
163, 163
161, 164
149, 162
151, 162
147, 170
146, 170
142, 172
142, 171
144, 169
144, 168
145, 167
148, 162
367, 159
368, 158
369, 158
371, 160
354, 177
353, 177
344, 186
343, 186
336, 193
335, 193
328, 200
327, 200
322, 205
321, 205
319, 207
318, 207
316, 209
315, 209
314, 210
312, 210
311, 211
309, 211
308, 210
308, 209
307, 208
307, 203
308, 202
308, 200
309, 199
309, 197
310, 196
310, 194
311, 193
311, 192
312, 191
312, 189
313, 188
313, 187
314, 186
314, 185
315, 184
315, 183
316, 182
316, 181
317, 180
317, 179
327, 169
327, 168
332, 163
332, 162
333, 161
335, 161
336, 160
350, 160
351, 159
216, 157
217, 158
217, 160
216, 161
216, 163
215, 164
215, 166
214, 167
214, 169
213, 170
213, 181
215, 183
215, 185
214, 186
214, 187
213, 188
213, 190
212, 191
212, 192
211, 193
211, 195
210, 196
210, 199
205, 204
204, 204
201, 207
200, 207
198, 209
197, 209
195, 211
194, 211
192, 213
191, 213
190, 214
189, 214
188, 215
187, 215
186, 216
185, 216
184, 217
183, 217
182, 218
180, 218
179, 219
176, 219
175, 218
176, 217
176, 216
177, 215
177, 214
178, 213
178, 212
180, 210
180, 209
181, 208
181, 207
183, 205
183, 204
184, 203
184, 202
186, 200
186, 199
187, 198
187, 197
189, 195
189, 194
191, 192
191, 191
192, 190
192, 189
194, 187
194, 186
196, 184
196, 183
198, 181
198, 180
201, 177
201, 176
203, 174
203, 173
207, 169
207, 168
210, 165
210, 164
214, 160
214, 159
180, 157
183, 156
184, 157
185, 157
186, 159
187, 160
186, 161
186, 162
179, 169
178, 169
176, 170
175, 169
173, 169
172, 168
171, 168
169, 165
175, 159
176, 159
177, 158
178, 158
179, 157
265, 149
268, 152
268, 154
269, 159
268, 160
268, 163
267, 164
267, 166
266, 167
266, 168
265, 169
265, 170
262, 171
262, 169
261, 168
261, 166
260, 165
260, 164
256, 160
255, 160
254, 159
253, 159
252, 156
255, 153
256, 153
258, 151
259, 151
183, 136
184, 135
185, 135
186, 136
187, 136
189, 138
189, 139
190, 140
190, 144
191, 145
191, 149
190, 150
190, 153
189, 154
188, 154
186, 152
179, 152
178, 153
176, 153
174, 155
173, 155
171, 157
170, 157
167, 160
166, 159
166, 157
168, 155
168, 154
173, 149
173, 148
175, 146
175, 145
177, 143
177, 142
179, 140
179, 139
182, 136
176, 129
177, 129
178, 130
178, 132
177, 133
177, 134
175, 136
175, 137
174, 138
173, 138
170, 141
169, 141
169, 142
164, 144
165, 143
165, 142
167, 140
167, 139
168, 138
168, 137
147, 128
148, 127
149, 128
149, 137
148, 138
148, 143
147, 144
147, 148
146, 149
146, 151
145, 152
145, 155
144, 156
144, 158
143, 159
143, 160
140, 163
139, 163
138, 164
137, 164
136, 165
134, 165
133, 166
132, 166
131, 167
129, 167
128, 166
129, 165
129, 164
131, 162
131, 161
133, 159
133, 158
134, 157
134, 156
136, 154
136, 153
137, 152
137, 151
138, 150
138, 149
139, 148
139, 147
140, 146
140, 145
141, 144
141, 142
142, 141
142, 140
143, 139
143, 138
144, 137
144, 135
145, 134
145, 132
146, 131
146, 130
147, 129
115, 120
116, 119
118, 119
119, 120
117, 122
116, 122
114, 124
113, 124
112, 125
111, 125
110, 126
108, 126
107, 127
106, 127
105, 126
108, 123
109, 123
111, 121
112, 121
113, 120
149, 94
150, 93
151, 94
151, 100
150, 101
150, 106
149, 107
149, 111
148, 112
148, 114
146, 116
145, 116
144, 115
142, 115
141, 114
137, 114
135, 112
141, 106
141, 105
145, 101
145, 100
147, 98
147, 97
149, 95
143, 34
146, 33
153, 40
153, 41
155, 43
155, 44
156, 45
156, 47
157, 48
157, 51
158, 62
157, 63
157, 67
156, 68
156, 70
155, 71
155, 73
154, 74
154, 75
148, 71
147, 71
146, 70
142, 70
141, 69
139, 69
138, 70
133, 70
132, 71
131, 71
130, 69
131, 68
131, 67
132, 66
132, 65
134, 63
134, 62
135, 61
135, 60
136, 59
136, 57
137, 56
137, 55
138, 54
138, 52
139, 51
139, 50
140, 49
140, 47
141, 46
141, 43
142, 42
142, 39
143, 38
130, 20
131, 19
136, 19
139, 23
140, 24
140, 26
136, 27
135, 28
131, 28
130, 29
128, 29
127, 30
126, 30
125, 31
124, 31
123, 32
122, 32
120, 34
119, 32
120, 31
120, 30
122, 28
122, 27
