4, 2
496, 4
494, 291
2, 289
82, 12
81, 13
80, 13
79, 14
78, 14
73, 19
73, 20
71, 22
71, 23
69, 25
69, 26
67, 28
67, 29
66, 30
66, 31
65, 32
65, 33
63, 35
63, 36
62, 37
62, 38
61, 39
61, 40
60, 41
60, 42
59, 43
59, 45
58, 46
58, 47
57, 48
57, 49
56, 50
56, 52
55, 53
55, 54
54, 55
54, 56
53, 57
53, 59
52, 60
52, 61
51, 62
51, 64
50, 65
50, 66
49, 67
49, 69
48, 70
48, 72
47, 73
47, 75
46, 76
46, 78
45, 79
45, 81
44, 82
44, 84
43, 85
43, 87
42, 88
42, 90
41, 91
41, 93
40, 94
40, 96
39, 97
39, 100
38, 101
38, 103
37, 104
37, 107
36, 108
36, 110
35, 111
35, 113
34, 114
34, 117
33, 118
33, 121
32, 122
32, 125
31, 126
31, 129
30, 130
30, 133
29, 134
29, 137
28, 138
28, 142
27, 143
27, 146
26, 147
26, 151
25, 152
25, 158
24, 159
24, 166
23, 167
23, 175
22, 176
22, 188
21, 189
21, 201
22, 202
22, 213
23, 214
23, 218
24, 219
24, 224
25, 225
25, 228
26, 229
26, 233
27, 234
27, 237
28, 238
28, 241
29, 242
29, 245
30, 246
30, 248
31, 249
31, 250
34, 253
39, 253
40, 252
42, 252
43, 251
45, 251
46, 250
47, 250
48, 249
49, 249
51, 247
52, 247
54, 245
55, 245
64, 236
65, 236
70, 231
71, 231
72, 232
72, 239
73, 240
73, 244
74, 245
74, 248
75, 249
75, 251
76, 252
76, 254
77, 255
77, 256
79, 258
79, 259
80, 260
81, 260
82, 261
83, 261
84, 262
86, 262
87, 263
90, 263
91, 262
96, 262
97, 261
98, 261
99, 260
100, 260
102, 258
103, 258
104, 257
105, 257
115, 247
115, 246
117, 244
118, 244
119, 245
119, 254
120, 255
120, 258
121, 259
121, 260
125, 264
126, 264
127, 265
137, 265
138, 264
140, 264
141, 263
142, 263
153, 252
153, 251
156, 248
156, 247
158, 245
158, 244
160, 242
160, 241
161, 240
161, 239
163, 237
164, 237
165, 238
165, 240
166, 241
166, 242
167, 243
167, 244
169, 246
170, 246
171, 247
172, 247
173, 248
176, 248
177, 249
187, 249
188, 248
190, 248
202, 236
202, 235
204, 233
204, 232
206, 230
206, 229
207, 228
207, 227
209, 225
209, 224
211, 222
212, 223
212, 225
213, 226
213, 231
214, 232
214, 234
215, 235
215, 237
216, 238
216, 239
218, 241
218, 242
220, 244
220, 245
224, 249
225, 249
226, 250
227, 250
228, 251
230, 251
231, 252
235, 252
236, 253
239, 253
240, 254
246, 254
247, 253
249, 253
250, 252
251, 252
252, 251
254, 251
255, 250
256, 250
258, 248
260, 248
262, 250
262, 251
270, 259
271, 259
272, 260
274, 260
275, 261
281, 261
282, 260
284, 260
285, 259
286, 259
287, 258
288, 258
290, 256
291, 256
303, 244
303, 243
306, 240
306, 239
308, 237
309, 238
309, 257
310, 258
310, 260
311, 261
311, 262
312, 263
313, 263
314, 264
317, 264
318, 265
321, 265
322, 264
325, 264
326, 263
327, 263
329, 261
330, 261
338, 253
338, 252
340, 250
341, 250
342, 251
342, 252
343, 253
343, 255
344, 256
344, 257
346, 259
346, 260
347, 260
348, 261
350, 261
351, 262
353, 262
354, 261
358, 261
359, 260
361, 260
362, 259
364, 259
366, 257
367, 257
368, 256
369, 256
370, 255
372, 255
374, 253
375, 253
379, 249
380, 250
380, 252
381, 253
381, 254
382, 255
382, 257
383, 258
383, 259
387, 263
392, 263
393, 262
394, 262
395, 261
396, 261
397, 260
398, 260
407, 251
407, 250
411, 246
412, 246
423, 235
423, 234
427, 230
428, 231
428, 235
427, 236
427, 262
428, 263
428, 266
429, 267
429, 269
430, 270
430, 271
431, 272
431, 273
436, 278
437, 278
438, 279
439, 279
440, 280
443, 280
444, 279
446, 279
447, 278
448, 278
449, 277
450, 277
452, 275
453, 275
458, 270
458, 269
461, 266
461, 265
462, 264
462, 263
464, 261
464, 260
465, 259
465, 258
466, 257
466, 256
467, 255
467, 253
468, 252
468, 251
469, 250
469, 248
470, 247
470, 246
471, 245
471, 242
472, 241
472, 238
473, 237
473, 233
474, 232
474, 222
475, 221
475, 215
474, 214
474, 202
473, 201
473, 196
472, 195
472, 193
471, 192
471, 191
470, 190
470, 189
468, 187
463, 187
462, 188
460, 188
456, 192
456, 193
448, 198
450, 196
450, 195
452, 193
452, 192
453, 191
453, 190
455, 188
455, 187
456, 186
456, 185
458, 183
458, 182
459, 181
459, 179
460, 178
460, 177
461, 176
461, 175
462, 174
462, 173
463, 172
463, 170
464, 169
464, 167
465, 166
465, 165
466, 164
466, 162
467, 161
467, 159
468, 158
468, 155
469, 154
469, 152
470, 151
470, 148
471, 147
471, 143
472, 142
472, 137
473, 136
473, 130
474, 129
474, 121
475, 120
475, 109
476, 108
476, 100
475, 99
475, 95
474, 94
474, 93
473, 92
473, 91
472, 90
471, 90
470, 89
468, 89
467, 90
465, 90
462, 93
462, 94
460, 96
460, 97
459, 98
459, 99
458, 100
458, 101
457, 102
457, 104
456, 105
456, 106
455, 107
455, 109
454, 110
454, 111
453, 112
453, 114
452, 115
452, 117
451, 118
451, 120
450, 121
450, 123
449, 124
449, 126
448, 127
448, 129
447, 130
447, 132
446, 133
446, 136
445, 137
445, 140
444, 141
444, 145
443, 146
443, 149
442, 150
442, 153
441, 154
441, 158
440, 159
440, 164
439, 165
439, 169
438, 170
438, 175
437, 176
437, 180
436, 181
436, 186
435, 187
435, 191
434, 192
434, 196
433, 197
433, 201
432, 202
432, 207
431, 208
431, 213
430, 214
430, 219
429, 220
429, 221
428, 222
428, 223
425, 226
425, 227
418, 231
419, 230
419, 229
420, 228
420, 227
421, 226
421, 225
422, 224
422, 223
423, 222
423, 221
424, 220
424, 219
425, 218
425, 216
426, 215
426, 214
427, 213
427, 212
428, 211
428, 209
429, 208
429, 206
430, 205
430, 201
431, 200
431, 181
430, 180
430, 177
429, 176
429, 174
428, 173
428, 172
426, 170
426, 169
425, 168
424, 168
422, 166
420, 166
419, 165
412, 165
411, 166
409, 166
408, 165
404, 165
403, 166
402, 166
400, 168
399, 168
395, 172
395, 173
393, 175
393, 176
392, 177
392, 178
391, 179
391, 180
390, 181
390, 182
389, 183
389, 184
388, 185
388, 186
387, 187
387, 188
386, 189
386, 190
385, 191
385, 192
384, 193
384, 195
383, 196
383, 198
382, 199
382, 201
381, 202
381, 205
380, 206
380, 210
379, 211
379, 216
378, 217
378, 227
377, 228
377, 236
378, 237
378, 244
370, 252
369, 252
368, 253
366, 253
364, 255
363, 255
362, 256
360, 256
359, 257
357, 257
356, 258
350, 258
347, 255
347, 254
346, 253
346, 251
345, 250
345, 247
344, 246
344, 243
346, 241
346, 240
347, 239
347, 238
349, 236
349, 235
350, 234
350, 233
351, 232
351, 231
352, 230
352, 229
353, 228
353, 226
354, 225
354, 224
355, 223
355, 221
356, 220
356, 217
357, 216
357, 213
358, 212
358, 209
359, 208
359, 205
360, 204
360, 201
361, 200
361, 196
362, 195
362, 189
363, 188
363, 179
364, 178
364, 167
363, 166
363, 164
362, 164
361, 163
360, 164
359, 164
356, 167
356, 168
355, 169
355, 170
354, 171
354, 173
353, 174
353, 176
352, 177
352, 180
351, 181
351, 184
350, 185
350, 188
349, 189
349, 192
348, 193
348, 196
347, 197
347, 200
346, 201
346, 206
345, 207
345, 211
344, 212
344, 216
343, 217
343, 222
342, 223
342, 228
341, 229
341, 235
340, 236
340, 244
338, 246
338, 247
335, 250
335, 251
328, 258
327, 258
325, 260
324, 260
323, 261
316, 261
313, 258
313, 256
312, 255
312, 237
313, 236
313, 229
315, 227
315, 226
317, 224
317, 223
319, 221
319, 220
321, 218
321, 217
322, 216
322, 215
323, 214
323, 213
324, 212
324, 211
325, 210
325, 209
326, 208
326, 206
327, 205
327, 204
328, 203
328, 201
329, 200
329, 198
330, 197
330, 194
331, 193
331, 187
332, 186
332, 175
333, 174
333, 162
332, 161
332, 160
331, 159
328, 159
325, 162
325, 163
324, 164
324, 165
323, 166
323, 168
322, 169
322, 171
321, 172
321, 175
320, 176
320, 179
319, 180
319, 182
318, 183
318, 186
317, 187
317, 191
316, 192
316, 195
315, 196
315, 200
314, 201
314, 205
313, 206
313, 210
312, 211
312, 216
311, 217
311, 222
310, 223
310, 227
309, 228
309, 229
308, 230
308, 231
305, 234
305, 235
303, 237
303, 238
300, 241
300, 242
289, 253
288, 253
286, 255
285, 255
284, 256
283, 256
282, 257
280, 257
279, 258
277, 258
276, 257
274, 257
273, 256
272, 256
265, 249
265, 248
264, 247
264, 245
266, 243
267, 243
273, 237
273, 236
275, 234
275, 233
276, 232
276, 231
277, 230
277, 229
278, 228
278, 227
279, 226
279, 225
280, 224
280, 223
281, 222
281, 220
282, 219
282, 217
283, 216
283, 215
284, 214
284, 212
285, 211
285, 208
286, 207
286, 205
287, 204
287, 202
288, 201
288, 199
289, 198
289, 197
290, 196
290, 194
291, 193
291, 191
292, 190
292, 188
293, 187
293, 184
294, 183
294, 179
295, 178
295, 172
296, 171
296, 160
295, 159
295, 156
294, 155
294, 153
293, 152
293, 151
289, 147
285, 147
284, 148
282, 148
276, 154
276, 155
274, 157
274, 158
272, 160
272, 161
271, 162
271, 163
270, 164
270, 165
269, 166
269, 168
268, 169
268, 171
267, 172
267, 174
266, 175
266, 176
265, 177
265, 179
264, 180
264, 183
263, 184
263, 186
262, 187
262, 190
261, 191
261, 194
260, 195
260, 198
259, 199
259, 203
258, 204
258, 209
257, 210
257, 224
256, 225
256, 228
257, 229
257, 238
258, 239
258, 242
259, 243
256, 246
255, 246
254, 247
253, 247
252, 248
251, 248
250, 249
248, 249
247, 250
238, 250
237, 249
234, 249
233, 248
230, 248
229, 247
228, 247
227, 246
226, 246
223, 243
223, 242
220, 239
220, 238
219, 237
219, 236
218, 235
218, 234
217, 233
217, 230
216, 229
216, 213
217, 212
217, 211
218, 210
218, 209
219, 208
219, 207
220, 206
220, 205
221, 204
221, 203
222, 202
222, 201
223, 200
223, 199
224, 198
224, 197
225, 196
225, 194
226, 193
226, 192
227, 191
227, 189
228, 188
228, 186
229, 185
229, 182
230, 181
230, 179
231, 178
231, 175
232, 174
232, 172
233, 171
233, 168
234, 167
234, 164
235, 163
235, 158
236, 157
236, 152
237, 151
237, 146
238, 145
238, 139
239, 138
239, 137
238, 136
238, 132
237, 131
237, 130
236, 129
233, 129
229, 133
229, 134
228, 135
228, 136
227, 137
227, 138
226, 139
226, 140
225, 141
225, 143
224, 144
224, 146
223, 147
223, 150
222, 151
222, 154
221, 155
221, 158
220, 159
220, 164
219, 165
219, 170
218, 171
218, 176
217, 177
217, 182
216, 183
216, 189
215, 190
215, 197
214, 198
214, 205
213, 206
213, 212
212, 213
212, 214
210, 216
210, 217
208, 219
208, 220
206, 222
206, 223
205, 224
205, 225
203, 227
203, 228
202, 229
202, 230
199, 233
199, 234
188, 245
187, 245
186, 246
181, 246
180, 245
175, 245
174, 244
173, 244
172, 243
171, 243
170, 242
170, 241
169, 240
169, 239
168, 238
168, 236
167, 235
167, 230
168, 229
168, 228
170, 226
170, 225
172, 223
172, 222
173, 221
173, 220
175, 218
175, 217
176, 216
176, 215
178, 213
178, 212
179, 211
179, 210
180, 209
180, 208
182, 206
182, 205
183, 204
183, 203
184, 202
184, 201
185, 200
185, 199
186, 198
186, 197
187, 196
187, 195
188, 194
188, 193
189, 192
189, 191
190, 190
190, 188
191, 187
191, 185
192, 184
192, 182
193, 181
193, 179
194, 178
194, 176
195, 175
195, 173
196, 172
196, 168
197, 167
197, 161
198, 160
198, 152
199, 151
199, 144
200, 143
200, 135
201, 134
201, 130
200, 129
200, 125
198, 123
193, 123
188, 128
188, 129
186, 131
186, 132
185, 133
185, 134
184, 135
184, 136
183, 137
183, 138
182, 139
182, 140
181, 141
181, 142
180, 143
180, 145
179, 146
179, 148
178, 149
178, 151
177, 152
177, 154
176, 155
176, 157
175, 158
175, 161
174, 162
174, 164
173, 165
173, 168
172, 169
172, 172
171, 173
171, 177
170, 178
170, 181
169, 182
169, 186
168, 187
168, 190
167, 191
167, 196
166, 197
166, 202
165, 203
165, 210
164, 211
164, 228
163, 229
163, 230
162, 231
162, 232
160, 234
160, 235
158, 237
158, 238
157, 239
157, 240
155, 242
155, 243
153, 245
153, 246
150, 249
150, 250
140, 260
139, 260
138, 261
135, 261
134, 262
130, 262
129, 261
127, 261
124, 258
124, 257
123, 256
123, 252
122, 251
122, 239
123, 238
123, 237
124, 236
125, 236
132, 229
132, 228
133, 227
133, 226
135, 224
135, 222
136, 221
136, 220
137, 219
137, 218
138, 217
138, 216
139, 215
139, 214
140, 213
140, 210
141, 209
141, 193
140, 192
136, 192
135, 193
134, 193
131, 196
131, 197
129, 199
129, 200
128, 201
128, 202
127, 203
127, 204
126, 205
126, 206
125, 207
125, 209
124, 210
124, 212
123, 213
123, 215
122, 216
122, 219
121, 220
121, 224
120, 225
120, 231
119, 232
119, 236
118, 237
118, 238
111, 245
111, 246
103, 254
102, 254
100, 256
99, 256
98, 257
97, 257
96, 258
95, 258
94, 259
85, 259
80, 254
80, 253
79, 252
79, 250
78, 249
78, 247
77, 246
77, 243
76, 242
76, 236
75, 235
75, 228
85, 218
85, 217
87, 215
87, 214
89, 212
89, 211
92, 208
92, 207
93, 206
93, 205
95, 203
95, 202
97, 200
97, 199
99, 197
99, 196
100, 195
100, 194
102, 192
102, 191
103, 190
103, 189
104, 188
104, 187
105, 186
105, 185
106, 184
106, 182
107, 181
107, 179
108, 178
108, 176
109, 175
109, 173
110, 172
110, 169
111, 168
111, 165
112, 164
112, 160
113, 159
113, 156
114, 155
114, 152
115, 151
115, 147
116, 146
116, 134
115, 133
115, 129
114, 128
114, 126
112, 124
108, 124
107, 125
106, 125
98, 133
97, 133
89, 141
89, 142
87, 144
87, 145
86, 146
86, 147
85, 148
85, 149
84, 150
84, 151
83, 152
83, 155
82, 156
82, 158
81, 159
81, 162
80, 163
80, 165
79, 166
79, 169
78, 170
78, 173
77, 174
77, 178
76, 179
76, 182
75, 183
75, 187
74, 188
74, 192
73, 193
73, 199
72, 200
72, 225
69, 228
68, 228
64, 232
63, 232
53, 242
52, 242
50, 244
49, 244
47, 246
46, 246
45, 247
44, 247
43, 248
41, 248
40, 249
38, 249
37, 250
36, 249
35, 249
34, 248
34, 247
33, 246
33, 244
32, 243
32, 240
31, 239
31, 236
30, 235
30, 231
29, 230
29, 227
28, 226
28, 222
27, 221
27, 217
26, 216
26, 210
25, 209
25, 181
26, 180
26, 170
27, 169
27, 162
28, 161
28, 155
29, 154
29, 150
30, 149
30, 145
31, 144
31, 140
32, 139
32, 136
33, 135
33, 132
34, 131
34, 128
35, 127
35, 124
36, 123
36, 120
37, 119
37, 116
38, 115
38, 113
39, 112
39, 110
40, 109
40, 106
41, 105
41, 103
42, 102
42, 99
43, 98
43, 96
44, 95
44, 93
45, 92
45, 90
46, 89
46, 87
47, 86
47, 84
48, 83
48, 81
49, 80
49, 78
50, 77
50, 75
51, 74
51, 72
52, 71
52, 69
53, 68
53, 67
54, 66
54, 64
55, 63
55, 61
56, 60
56, 59
57, 58
57, 57
58, 56
58, 54
59, 53
59, 52
60, 51
60, 50
61, 49
61, 47
62, 46
62, 45
63, 44
63, 43
64, 42
64, 41
65, 40
65, 39
66, 38
66, 37
68, 35
68, 34
69, 33
69, 32
70, 31
70, 30
72, 28
72, 27
74, 25
74, 24
76, 22
76, 21
80, 17
81, 17
82, 16
85, 16
87, 18
87, 20
88, 21
88, 35
87, 36
87, 38
86, 39
86, 42
85, 43
85, 44
84, 45
84, 47
83, 48
83, 49
82, 50
82, 51
81, 52
81, 53
79, 55
79, 56
78, 57
78, 58
76, 60
76, 61
75, 62
75, 63
73, 65
73, 67
74, 68
75, 68
78, 65
78, 64
79, 63
79, 62
81, 60
81, 59
82, 58
82, 57
83, 56
83, 55
84, 54
84, 53
85, 52
85, 51
86, 50
86, 49
87, 48
87, 47
88, 46
88, 45
89, 44
89, 41
90, 40
90, 38
91, 37
91, 32
92, 31
92, 27
91, 26
91, 19
90, 18
90, 16
86, 12
386, 241
387, 242
387, 243
388, 244
388, 246
389, 247
389, 249
390, 250
390, 251
391, 252
391, 253
393, 255
395, 255
394, 258
393, 258
388, 259
386, 257
386, 256
385, 255
385, 253
384, 252
384, 251
383, 247
382, 246
382, 245
383, 244
383, 243
385, 201
387, 207
386, 208
386, 213
385, 214
385, 220
384, 221
384, 230
385, 231
385, 234
384, 235
384, 236
382, 238
381, 237
381, 220
382, 219
382, 213
383, 212
383, 209
384, 208
384, 205
385, 204
386, 198
388, 200
136, 196
137, 196
138, 197
138, 207
137, 208
137, 211
136, 212
136, 213
135, 214
135, 215
134, 216
134, 217
133, 218
133, 220
132, 221
132, 222
131, 223
131, 224
129, 226
129, 227
125, 231
124, 231
123, 230
123, 227
124, 226
124, 222
125, 221
125, 218
126, 217
126, 215
127, 214
127, 212
128, 211
128, 209
129, 208
129, 207
130, 206
130, 205
131, 204
131, 203
132, 202
132, 201
134, 199
134, 198
462, 191
468, 193
468, 194
469, 195
469, 197
470, 198
470, 205
471, 206
471, 228
470, 229
470, 235
469, 236
469, 239
468, 240
467, 244
467, 245
466, 246
466, 248
465, 249
465, 250
464, 251
464, 253
463, 254
463, 255
462, 256
462, 257
461, 258
461, 259
460, 260
460, 261
458, 263
458, 264
455, 267
455, 268
451, 272
450, 272
448, 274
447, 274
446, 275
445, 275
444, 276
439, 275
438, 275
434, 271
434, 270
433, 269
433, 268
432, 267
432, 265
431, 264
431, 260
430, 259
430, 240
431, 239
431, 231
432, 230
433, 223
433, 221
435, 219
435, 218
437, 216
437, 215
439, 213
439, 212
441, 210
441, 209
443, 207
444, 207
445, 208
446, 208
459, 195
459, 194
407, 171
408, 172
408, 176
407, 177
407, 182
406, 183
406, 188
405, 189
405, 193
404, 194
404, 198
403, 199
403, 201
402, 202
402, 204
401, 205
401, 207
400, 208
400, 209
399, 210
399, 211
398, 212
398, 214
397, 215
397, 216
396, 217
396, 218
395, 219
395, 220
394, 221
394, 222
392, 224
392, 225
389, 228
388, 227
388, 217
389, 216
389, 211
390, 210
390, 204
391, 203
391, 199
392, 198
392, 195
393, 194
393, 193
394, 192
394, 191
395, 190
395, 188
396, 187
396, 186
398, 184
398, 183
399, 182
399, 181
400, 180
400, 179
402, 177
402, 176
358, 171
359, 170
360, 171
360, 184
359, 185
359, 192
358, 193
358, 198
357, 199
357, 202
356, 203
356, 206
355, 207
355, 210
354, 211
354, 214
353, 215
353, 218
352, 219
352, 221
351, 222
351, 223
350, 224
350, 226
349, 227
349, 228
348, 229
348, 230
347, 231
347, 232
345, 234
344, 233
344, 232
345, 231
345, 225
346, 224
346, 219
347, 218
347, 214
348, 213
348, 209
349, 208
349, 204
350, 203
350, 199
351, 198
351, 195
352, 194
352, 191
353, 190
353, 187
354, 186
354, 183
355, 182
355, 179
356, 178
356, 176
357, 175
357, 173
358, 172
411, 170
412, 169
420, 169
425, 174
425, 175
426, 176
426, 178
427, 179
427, 184
428, 185
428, 197
427, 198
427, 203
426, 204
426, 206
425, 207
425, 209
424, 210
424, 211
423, 212
423, 214
422, 215
422, 216
421, 217
421, 218
420, 219
420, 220
419, 221
419, 222
418, 223
418, 224
417, 225
417, 226
416, 227
416, 228
415, 229
415, 230
414, 231
414, 232
413, 233
413, 234
412, 235
412, 236
411, 237
411, 238
410, 239
410, 240
408, 242
408, 243
401, 250
400, 250
399, 251
398, 251
397, 252
395, 252
393, 250
393, 248
392, 247
392, 246
391, 245
391, 242
390, 241
390, 239
389, 238
389, 235
390, 234
390, 233
392, 231
392, 230
395, 227
395, 226
397, 224
397, 223
398, 222
398, 221
399, 220
399, 219
400, 218
400, 216
401, 215
401, 214
402, 213
402, 212
403, 211
403, 210
404, 209
404, 207
405, 206
405, 204
406, 203
406, 201
407, 200
407, 196
408, 195
408, 192
409, 191
409, 186
410, 185
410, 180
411, 179
327, 166
328, 165
329, 166
329, 183
328, 184
328, 190
327, 191
327, 195
326, 196
326, 198
325, 199
325, 201
324, 202
324, 204
323, 205
323, 206
322, 207
322, 208
321, 209
321, 210
320, 211
320, 212
319, 213
319, 214
318, 215
318, 216
316, 218
315, 217
315, 213
316, 212
316, 209
317, 208
317, 203
318, 202
318, 198
319, 197
319, 194
320, 193
320, 190
321, 189
321, 185
322, 184
322, 182
323, 181
323, 178
324, 177
324, 174
325, 173
325, 171
326, 170
326, 168
327, 167
286, 151
287, 150
290, 153
290, 154
291, 155
291, 157
292, 158
292, 176
291, 177
291, 181
290, 182
290, 185
289, 186
289, 188
288, 189
288, 191
287, 192
287, 194
286, 195
286, 196
285, 197
285, 199
284, 200
284, 202
283, 203
283, 205
282, 206
282, 209
281, 210
281, 212
280, 213
280, 214
279, 215
279, 217
278, 218
278, 220
277, 221
277, 222
276, 223
276, 224
275, 225
275, 226
274, 227
274, 228
273, 229
273, 230
272, 231
272, 232
270, 234
270, 235
265, 240
264, 240
263, 241
261, 239
261, 236
260, 235
260, 215
261, 214
261, 206
262, 205
262, 201
263, 200
263, 197
264, 196
264, 193
265, 192
265, 189
266, 188
266, 186
267, 185
267, 182
268, 181
268, 179
269, 178
269, 176
270, 175
270, 174
271, 173
271, 171
272, 170
272, 168
273, 167
273, 166
274, 165
274, 164
275, 163
275, 162
277, 160
277, 159
279, 157
279, 156
284, 151
232, 135
233, 134
234, 134
235, 135
235, 142
234, 143
234, 148
233, 149
233, 154
232, 155
232, 161
231, 162
231, 165
230, 166
230, 169
229, 170
229, 172
228, 173
228, 176
227, 177
227, 179
226, 180
226, 183
225, 184
225, 186
224, 187
224, 189
223, 190
223, 191
222, 192
222, 194
221, 195
221, 196
220, 197
220, 198
219, 199
218, 198
218, 194
219, 193
219, 186
220, 185
220, 179
221, 178
221, 173
222, 172
222, 168
223, 167
223, 162
224, 161
224, 157
225, 156
225, 153
226, 152
226, 149
227, 148
227, 146
228, 145
228, 143
229, 142
229, 141
230, 140
230, 139
231, 138
231, 137
232, 136
108, 128
110, 128
111, 129
111, 130
112, 131
112, 136
113, 137
113, 144
112, 145
112, 148
111, 149
111, 153
110, 154
110, 157
109, 158
109, 162
108, 163
108, 166
107, 167
107, 170
106, 171
106, 173
105, 174
105, 176
104, 177
104, 179
103, 180
103, 182
102, 183
102, 184
101, 185
101, 186
100, 187
100, 188
99, 189
99, 190
97, 192
97, 193
96, 194
96, 195
94, 197
94, 198
92, 200
92, 201
91, 202
91, 203
89, 205
89, 206
86, 209
86, 210
84, 212
84, 213
82, 215
82, 216
76, 222
75, 221
75, 205
76, 204
76, 196
77, 195
77, 191
78, 190
78, 186
79, 185
79, 181
80, 180
80, 176
81, 175
81, 172
82, 171
82, 169
83, 168
83, 165
84, 164
84, 161
85, 160
85, 158
86, 157
86, 154
87, 153
87, 152
88, 151
88, 150
89, 149
89, 148
90, 147
90, 146
92, 144
92, 143
98, 137
99, 137
195, 126
197, 128
197, 139
196, 140
196, 148
195, 149
195, 157
194, 158
194, 164
193, 165
193, 169
192, 170
192, 173
191, 174
191, 176
190, 177
190, 180
189, 181
189, 183
188, 184
188, 185
187, 186
187, 188
186, 189
186, 190
185, 191
185, 192
184, 193
184, 194
183, 195
183, 196
182, 197
182, 198
181, 199
181, 200
180, 201
180, 202
179, 203
179, 204
177, 206
177, 207
176, 208
176, 209
175, 210
175, 211
174, 212
174, 213
172, 215
172, 216
171, 217
171, 218
168, 221
167, 220
167, 217
168, 216
168, 206
169, 205
169, 199
170, 198
170, 194
171, 193
171, 189
172, 188
172, 184
173, 183
173, 180
174, 179
174, 176
175, 175
175, 171
176, 170
176, 167
177, 166
177, 164
178, 163
178, 160
179, 159
179, 157
180, 156
180, 154
181, 153
181, 151
182, 150
182, 148
183, 147
183, 145
184, 144
184, 143
185, 142
185, 141
186, 140
186, 139
187, 138
187, 136
189, 134
189, 133
191, 131
191, 130
467, 93
469, 93
471, 95
471, 96
472, 97
472, 115
471, 116
471, 125
470, 126
470, 134
469, 135
469, 139
468, 140
468, 145
467, 146
467, 149
466, 150
466, 153
465, 154
465, 156
464, 157
464, 159
463, 160
463, 162
462, 163
462, 165
461, 166
461, 167
460, 168
460, 170
459, 171
459, 172
458, 173
458, 175
457, 176
457, 177
456, 178
456, 179
455, 180
455, 181
454, 182
454, 183
452, 185
452, 186
451, 187
451, 188
449, 190
449, 191
447, 193
447, 194
445, 196
445, 197
443, 199
443, 200
441, 202
441, 203
439, 205
439, 206
438, 207
438, 208
436, 210
435, 209
435, 205
436, 204
436, 200
437, 199
437, 195
438, 194
438, 189
439, 188
439, 184
440, 183
440, 178
441, 177
441, 173
442, 172
442, 167
443, 166
443, 162
444, 161
444, 157
445, 156
445, 152
446, 151
446, 148
447, 147
447, 144
448, 143
448, 139
449, 138
449, 135
450, 134
450, 132
451, 131
451, 129
452, 128
452, 126
453, 125
453, 123
454, 122
454, 120
455, 119
455, 117
456, 116
456, 114
457, 113
457, 112
458, 111
458, 109
459, 108
459, 107
460, 106
460, 104
461, 103
461, 102
462, 101
462, 100
463, 99
463, 98
465, 96
465, 95
