4, 2
496, 4
494, 222
2, 220
305, 25
304, 26
301, 26
298, 29
298, 31
297, 32
297, 48
298, 49
298, 53
299, 54
299, 57
300, 58
300, 60
301, 61
301, 63
302, 64
302, 66
303, 67
303, 69
304, 70
304, 72
303, 73
295, 65
294, 65
293, 64
292, 64
290, 62
287, 62
286, 61
283, 61
282, 60
280, 60
279, 59
277, 59
276, 58
275, 58
273, 56
273, 55
272, 54
272, 53
271, 52
271, 51
270, 50
270, 49
269, 48
269, 46
268, 45
268, 44
267, 43
267, 42
266, 41
266, 40
265, 39
265, 37
264, 36
264, 35
263, 34
263, 32
262, 31
262, 29
260, 27
259, 27
258, 28
258, 31
259, 32
259, 34
260, 35
260, 37
261, 38
261, 40
262, 41
262, 43
263, 44
263, 46
264, 47
264, 49
265, 50
265, 52
266, 53
266, 54
267, 55
267, 57
268, 58
268, 60
269, 61
269, 63
270, 64
270, 66
271, 67
271, 68
272, 69
272, 71
273, 72
273, 73
274, 74
274, 76
275, 77
272, 77
272, 76
271, 75
271, 74
270, 73
270, 72
268, 70
268, 69
267, 68
267, 67
265, 65
265, 64
264, 63
264, 62
263, 61
263, 60
261, 58
261, 57
259, 55
259, 54
258, 53
258, 52
256, 50
256, 49
254, 47
254, 46
252, 44
252, 43
249, 40
249, 39
244, 34
244, 33
237, 26
234, 26
233, 27
244, 38
244, 39
248, 43
248, 44
250, 46
250, 47
252, 49
252, 50
254, 52
254, 53
256, 55
256, 56
258, 58
258, 59
259, 60
259, 61
261, 63
261, 64
262, 65
262, 66
263, 67
263, 68
265, 70
265, 71
266, 72
266, 73
268, 75
268, 76
269, 77
269, 78
271, 80
271, 81
272, 82
272, 83
274, 85
274, 86
276, 88
276, 89
279, 92
279, 93
281, 95
283, 95
283, 94
284, 93
283, 92
283, 89
282, 88
282, 86
281, 85
281, 83
280, 82
280, 80
279, 79
279, 78
278, 77
278, 76
277, 75
277, 73
276, 72
276, 71
275, 70
275, 68
274, 67
274, 66
273, 65
273, 63
272, 62
273, 61
275, 61
276, 62
278, 62
279, 63
281, 63
282, 64
285, 64
286, 65
288, 65
289, 66
290, 66
291, 67
292, 67
297, 72
298, 72
304, 78
304, 79
309, 84
309, 85
312, 88
312, 89
315, 92
315, 93
317, 95
320, 95
320, 93
319, 92
319, 91
316, 88
316, 87
314, 85
314, 84
313, 83
313, 82
312, 81
312, 80
311, 79
311, 78
310, 77
310, 76
309, 75
309, 74
308, 73
308, 71
307, 70
307, 69
306, 68
306, 66
305, 65
305, 63
304, 62
304, 60
303, 59
303, 57
302, 56
302, 53
301, 52
301, 48
300, 47
300, 33
301, 32
301, 31
303, 29
307, 29
309, 31
310, 31
315, 36
315, 37
319, 41
319, 42
321, 44
321, 45
324, 48
324, 49
326, 51
326, 52
329, 55
329, 56
331, 58
331, 59
333, 61
333, 62
336, 65
336, 66
338, 68
338, 69
341, 72
341, 73
344, 76
344, 77
351, 84
352, 84
355, 87
356, 87
357, 88
358, 88
359, 89
360, 89
361, 90
363, 90
364, 91
367, 91
368, 90
370, 90
373, 87
375, 87
376, 88
378, 88
379, 89
380, 89
381, 90
382, 90
383, 91
384, 91
386, 93
387, 93
388, 94
389, 94
391, 96
392, 96
395, 99
396, 99
400, 103
401, 103
406, 108
407, 108
412, 113
413, 113
415, 115
415, 116
416, 117
416, 118
417, 119
417, 120
418, 121
418, 122
419, 123
419, 124
420, 125
420, 126
421, 127
421, 129
422, 130
422, 131
423, 132
423, 133
424, 134
424, 135
425, 136
425, 137
426, 138
426, 139
427, 140
427, 141
428, 142
428, 143
430, 145
430, 146
431, 147
431, 148
432, 149
432, 150
434, 152
434, 153
435, 154
435, 155
436, 156
436, 157
438, 159
438, 160
439, 161
439, 162
442, 165
442, 166
444, 168
444, 169
447, 172
447, 173
449, 175
449, 176
454, 181
454, 182
460, 188
461, 188
464, 191
465, 191
466, 192
467, 192
468, 193
474, 193
475, 192
475, 184
474, 183
474, 181
473, 180
473, 178
472, 177
472, 176
471, 175
471, 174
470, 173
470, 172
469, 171
469, 170
468, 169
468, 168
466, 166
466, 165
464, 163
464, 162
462, 160
462, 159
459, 156
459, 155
454, 150
454, 149
445, 140
445, 139
427, 121
426, 121
417, 112
417, 110
416, 109
416, 107
415, 106
415, 105
414, 104
414, 102
413, 101
413, 98
412, 97
412, 95
411, 94
411, 91
410, 90
410, 86
409, 85
409, 65
410, 64
410, 61
411, 60
411, 59
412, 58
412, 57
413, 56
413, 55
415, 53
416, 53
417, 52
419, 52
420, 53
421, 53
426, 58
426, 59
427, 60
427, 61
428, 62
428, 63
429, 64
429, 67
430, 68
430, 70
429, 71
429, 73
428, 74
428, 75
426, 77
424, 77
423, 78
419, 78
417, 80
417, 81
418, 81
419, 82
420, 81
423, 81
424, 80
427, 80
432, 75
432, 72
433, 71
433, 67
432, 66
432, 63
431, 62
431, 61
430, 60
430, 59
429, 58
429, 57
427, 55
427, 54
425, 52
424, 52
422, 50
421, 50
420, 49
416, 49
415, 50
414, 50
410, 54
410, 55
409, 56
409, 57
408, 58
408, 59
407, 60
407, 63
406, 64
406, 72
405, 73
405, 76
406, 77
406, 86
407, 87
407, 91
408, 92
408, 95
409, 96
409, 98
410, 99
410, 102
411, 103
411, 105
412, 106
411, 107
410, 107
405, 102
404, 102
399, 97
398, 97
396, 95
395, 95
393, 93
392, 93
390, 91
389, 91
387, 89
386, 89
385, 88
384, 88
383, 87
382, 87
381, 86
380, 86
379, 85
377, 85
376, 84
375, 84
374, 83
374, 81
375, 80
375, 72
374, 71
374, 67
373, 66
373, 64
372, 63
372, 61
371, 60
371, 58
370, 57
370, 56
369, 55
369, 54
368, 53
368, 52
367, 51
367, 50
366, 49
366, 48
364, 46
364, 45
358, 39
357, 39
356, 38
351, 38
350, 39
349, 39
347, 41
347, 42
346, 43
346, 44
345, 45
345, 47
344, 48
344, 59
345, 60
345, 67
346, 68
346, 70
347, 71
347, 72
346, 73
342, 69
342, 68
340, 66
340, 65
337, 62
337, 61
335, 59
335, 58
332, 55
332, 54
330, 52
330, 51
328, 49
328, 48
325, 45
325, 44
323, 42
323, 41
320, 38
320, 37
310, 27
309, 27
308, 26
306, 26
423, 124
424, 123
448, 147
448, 148
453, 153
453, 154
458, 159
458, 160
461, 163
461, 164
463, 166
463, 167
464, 168
464, 169
466, 171
466, 172
467, 173
467, 174
468, 175
468, 176
469, 177
469, 179
470, 180
470, 181
471, 182
471, 184
472, 185
472, 189
471, 190
469, 190
468, 189
467, 189
465, 187
464, 187
454, 177
454, 176
451, 173
451, 172
448, 169
448, 168
446, 166
446, 165
443, 162
443, 161
441, 159
441, 158
440, 157
440, 156
438, 154
438, 153
437, 152
437, 151
436, 150
436, 149
434, 147
434, 146
433, 145
433, 144
432, 143
432, 142
430, 140
430, 139
429, 138
429, 137
428, 136
428, 135
427, 134
427, 133
426, 132
426, 131
425, 130
425, 128
424, 127
424, 126
423, 125
362, 85
367, 86
366, 88
364, 87
362, 87
352, 41
355, 41
356, 42
357, 42
360, 45
360, 46
362, 48
362, 49
364, 51
364, 52
365, 53
365, 54
366, 55
366, 56
367, 57
367, 58
368, 59
368, 61
369, 62
369, 64
370, 65
370, 67
371, 68
371, 72
372, 73
372, 79
371, 80
371, 82
370, 83
368, 83
367, 82
363, 82
362, 81
359, 81
351, 73
351, 72
350, 71
350, 70
349, 69
349, 67
348, 66
348, 59
347, 58
347, 49
348, 48
348, 46
349, 45
349, 44
198, 9
197, 10
196, 10
193, 13
193, 14
191, 16
191, 17
190, 18
190, 19
189, 20
189, 22
188, 23
188, 24
187, 25
186, 25
182, 21
181, 21
180, 20
179, 20
178, 19
176, 19
175, 18
170, 18
169, 19
168, 19
165, 22
165, 23
164, 24
164, 25
163, 26
163, 30
162, 31
162, 45
163, 46
163, 53
164, 54
164, 55
163, 56
161, 54
161, 53
159, 51
159, 50
157, 48
157, 47
154, 44
154, 43
153, 42
152, 42
149, 39
148, 39
147, 38
142, 38
141, 39
140, 39
139, 40
139, 41
138, 42
138, 43
137, 44
137, 45
136, 46
136, 49
135, 50
132, 47
132, 46
131, 45
131, 44
130, 43
130, 42
129, 41
129, 40
127, 38
127, 37
126, 36
126, 35
124, 33
124, 32
122, 30
122, 29
119, 26
119, 25
114, 20
113, 20
112, 19
111, 19
110, 18
105, 18
103, 20
103, 21
102, 22
102, 25
101, 26
101, 28
102, 29
102, 33
103, 34
103, 36
102, 37
99, 34
99, 33
87, 21
86, 21
84, 19
83, 19
82, 18
81, 18
80, 17
77, 17
76, 16
73, 16
72, 17
71, 17
70, 18
69, 18
64, 23
64, 24
63, 25
63, 26
62, 27
62, 30
60, 32
59, 31
59, 30
57, 28
57, 27
55, 25
55, 24
53, 22
53, 21
44, 12
43, 12
42, 11
40, 11
39, 10
35, 10
34, 11
33, 11
32, 12
31, 12
28, 15
28, 16
26, 18
26, 19
25, 20
25, 21
24, 22
24, 24
23, 25
23, 28
22, 29
22, 34
21, 35
21, 55
22, 56
22, 63
23, 64
23, 70
24, 71
24, 75
25, 76
25, 81
26, 82
26, 86
27, 87
27, 91
28, 92
28, 96
29, 97
29, 100
30, 101
30, 105
31, 106
31, 109
32, 110
32, 113
33, 114
33, 117
34, 118
34, 120
35, 121
35, 123
36, 124
36, 127
37, 128
37, 130
38, 131
38, 133
39, 134
39, 136
40, 137
40, 140
41, 141
41, 142
42, 143
42, 145
43, 146
43, 148
44, 149
44, 151
45, 152
45, 154
46, 155
46, 156
47, 157
47, 159
48, 160
48, 162
49, 163
49, 165
50, 166
50, 167
51, 168
51, 170
52, 171
52, 172
53, 173
53, 175
54, 176
54, 178
55, 179
55, 180
56, 181
56, 183
57, 184
57, 185
58, 186
58, 187
59, 188
59, 190
60, 191
60, 192
61, 193
61, 194
62, 195
62, 196
63, 197
63, 198
64, 199
64, 200
65, 201
65, 202
67, 204
67, 205
68, 206
68, 207
71, 210
71, 211
74, 214
75, 214
76, 215
79, 215
81, 213
81, 212
79, 210
77, 210
73, 206
73, 205
71, 203
71, 202
69, 200
69, 199
68, 198
68, 197
67, 196
67, 195
66, 194
66, 193
65, 192
65, 191
64, 190
64, 189
63, 188
63, 187
62, 186
62, 184
61, 183
61, 182
60, 181
60, 179
59, 178
59, 177
58, 176
58, 174
57, 173
57, 172
56, 171
56, 169
55, 168
55, 167
54, 166
54, 164
53, 163
53, 161
52, 160
52, 159
51, 158
51, 156
50, 155
50, 153
49, 152
49, 150
48, 149
48, 147
47, 146
47, 144
46, 143
46, 142
45, 141
45, 139
44, 138
44, 136
43, 135
43, 132
42, 131
42, 129
41, 128
41, 126
40, 125
40, 123
39, 122
39, 119
38, 118
38, 116
37, 115
37, 112
36, 111
36, 108
35, 107
35, 104
34, 103
34, 100
33, 99
33, 95
32, 94
32, 90
31, 89
31, 85
30, 84
30, 80
29, 79
29, 74
28, 73
28, 68
27, 67
27, 62
26, 61
26, 52
25, 51
25, 37
26, 36
26, 31
27, 30
27, 27
28, 26
28, 24
29, 23
29, 22
31, 20
31, 19
35, 15
40, 15
41, 16
42, 16
48, 22
48, 23
51, 26
51, 27
53, 29
53, 30
55, 32
55, 33
57, 35
57, 36
58, 37
58, 38
60, 40
60, 41
61, 42
61, 44
62, 45
62, 47
63, 48
63, 50
64, 51
64, 53
65, 54
65, 55
66, 56
66, 58
67, 59
67, 60
68, 61
68, 63
69, 64
69, 65
70, 66
70, 68
71, 69
71, 70
72, 71
72, 72
73, 73
73, 74
74, 75
74, 76
75, 77
75, 79
76, 80
76, 81
77, 82
77, 83
79, 85
79, 86
80, 87
80, 88
81, 89
81, 90
83, 92
83, 93
84, 94
84, 95
86, 97
86, 98
92, 104
96, 104
97, 103
97, 100
96, 99
96, 98
94, 96
94, 95
93, 94
93, 93
92, 92
92, 91
91, 90
91, 89
89, 87
89, 86
88, 85
88, 84
87, 83
87, 82
85, 80
85, 79
84, 78
84, 77
83, 76
83, 75
82, 74
82, 73
81, 72
81, 71
80, 70
80, 69
79, 68
79, 67
78, 66
78, 65
77, 64
77, 63
76, 62
76, 61
75, 60
75, 59
74, 58
74, 57
73, 56
73, 55
72, 54
72, 53
71, 52
71, 51
69, 49
69, 48
68, 47
68, 46
67, 45
67, 44
66, 43
66, 41
65, 40
65, 33
66, 32
66, 29
67, 28
67, 27
68, 26
68, 25
71, 22
72, 22
73, 21
78, 21
79, 22
80, 22
81, 23
82, 23
85, 26
86, 26
93, 33
93, 34
99, 40
99, 41
103, 45
103, 46
105, 48
105, 49
108, 52
108, 53
111, 56
111, 57
113, 59
113, 60
114, 61
115, 61
116, 62
117, 61
118, 61
118, 57
117, 56
117, 55
116, 54
116, 53
115, 52
115, 51
114, 50
114, 49
113, 48
113, 47
112, 46
112, 45
111, 44
111, 43
110, 42
110, 41
109, 40
109, 38
108, 37
108, 35
107, 34
107, 32
106, 31
106, 24
108, 22
109, 23
110, 23
118, 31
118, 32
120, 34
120, 35
122, 37
122, 38
123, 39
123, 40
125, 42
125, 43
126, 44
126, 45
127, 46
127, 47
129, 49
129, 50
130, 51
130, 52
131, 53
131, 54
132, 55
132, 56
133, 57
133, 58
135, 60
135, 61
136, 62
136, 66
137, 67
137, 71
138, 72
138, 75
139, 76
139, 78
140, 79
140, 81
141, 82
141, 84
142, 85
142, 87
143, 88
143, 90
144, 91
144, 92
145, 93
145, 95
146, 96
146, 97
147, 98
147, 99
148, 100
148, 101
150, 103
150, 104
151, 105
152, 105
154, 107
157, 107
158, 106
158, 101
157, 100
157, 98
156, 97
156, 95
155, 94
155, 92
154, 91
154, 90
153, 89
153, 87
152, 86
152, 85
151, 84
151, 83
150, 82
150, 80
149, 79
149, 78
148, 77
148, 76
147, 75
147, 74
146, 73
146, 72
145, 71
145, 70
144, 69
144, 68
143, 67
143, 66
142, 65
142, 64
141, 63
141, 62
140, 61
140, 48
141, 47
141, 45
144, 42
145, 42
146, 43
147, 43
153, 49
153, 50
155, 52
155, 53
157, 55
157, 56
159, 58
159, 59
160, 60
160, 61
162, 63
162, 64
164, 66
164, 67
165, 68
165, 69
167, 71
167, 72
168, 73
168, 74
170, 76
170, 77
171, 78
171, 79
172, 80
172, 81
173, 82
173, 83
174, 84
174, 85
175, 86
175, 87
176, 88
176, 89
177, 90
177, 91
178, 92
178, 93
179, 94
179, 95
182, 98
183, 98
185, 96
185, 95
184, 94
184, 93
183, 92
183, 91
182, 90
182, 89
181, 88
181, 87
180, 86
180, 85
179, 84
179, 83
178, 82
178, 81
177, 80
177, 79
176, 78
176, 77
175, 76
175, 75
174, 74
174, 73
173, 72
173, 71
172, 70
172, 68
171, 67
171, 65
170, 64
170, 61
169, 60
169, 57
168, 56
168, 51
167, 50
167, 42
166, 41
166, 35
167, 34
167, 28
168, 27
168, 26
169, 25
169, 24
170, 23
176, 23
177, 24
178, 24
180, 26
181, 26
186, 31
186, 32
187, 33
187, 36
188, 37
188, 42
189, 43
189, 46
190, 47
190, 50
191, 51
191, 53
192, 54
192, 56
193, 57
193, 59
194, 60
194, 62
195, 63
195, 65
196, 66
196, 67
197, 68
197, 70
198, 71
198, 72
199, 73
199, 74
200, 75
200, 76
201, 77
201, 78
202, 79
202, 80
203, 81
203, 82
204, 83
204, 84
205, 85
205, 86
207, 88
207, 89
208, 90
208, 91
211, 94
211, 95
216, 100
217, 100
218, 101
219, 101
220, 102
225, 102
226, 101
227, 101
227, 100
228, 99
228, 98
229, 97
229, 92
228, 91
228, 88
227, 87
227, 84
226, 83
226, 81
225, 80
225, 79
224, 78
224, 77
223, 76
223, 75
222, 74
222, 73
221, 72
221, 71
220, 70
220, 69
218, 67
218, 66
216, 64
216, 63
214, 61
214, 60
212, 58
212, 57
209, 54
209, 53
206, 50
206, 49
203, 46
203, 45
201, 43
201, 42
197, 38
197, 37
193, 33
193, 32
192, 31
192, 25
193, 24
193, 22
194, 21
194, 20
195, 19
195, 18
200, 13
201, 13
202, 14
204, 14
206, 16
207, 16
211, 20
212, 20
215, 23
215, 24
220, 29
220, 30
223, 33
223, 34
225, 36
225, 37
229, 41
229, 42
231, 44
231, 45
233, 47
233, 48
239, 54
239, 55
240, 56
240, 57
241, 58
241, 59
242, 60
243, 60
244, 61
246, 61
247, 60
247, 58
244, 55
244, 54
243, 53
243, 52
242, 51
242, 50
235, 43
235, 42
234, 41
234, 40
230, 36
230, 35
228, 33
228, 32
225, 29
225, 28
221, 24
221, 23
212, 14
211, 14
209, 12
208, 12
206, 10
204, 10
203, 9
193, 42
194, 41
196, 43
196, 44
199, 47
199, 48
201, 50
201, 51
204, 54
204, 55
207, 58
207, 59
210, 62
210, 63
212, 65
212, 66
214, 68
214, 69
216, 71
216, 72
217, 73
217, 74
219, 76
219, 77
220, 78
220, 80
221, 81
221, 82
222, 83
222, 85
223, 86
223, 88
224, 89
224, 97
223, 98
222, 98
221, 97
220, 97
219, 96
218, 96
215, 93
215, 92
213, 90
213, 89
211, 87
211, 86
209, 84
209, 83
208, 82
208, 81
207, 80
207, 79
206, 78
206, 77
205, 76
205, 75
204, 74
204, 73
203, 72
203, 71
202, 70
202, 69
201, 68
201, 66
200, 65
200, 64
199, 63
199, 61
198, 60
198, 59
197, 58
197, 56
196, 55
196, 53
195, 52
195, 49
194, 48
194, 45
193, 44
