0, 2
2, 2
4, 4
4, 32
2, 34
0, 34
0, 36
2, 36
4, 38
4, 66
2, 68
0, 68
0, 70
2, 70
4, 72
4, 99
2, 101
0, 101
0, 103
2, 103
4, 105
4, 133
2, 135
0, 135
0, 137
2, 137
4, 139
4, 166
2, 168
0, 168
0, 170
2, 170
4, 172
4, 200
2, 202
0, 202
0, 204
2, 204
4, 206
4, 234
2, 236
0, 236
0, 238
2, 238
4, 240
26, 263
28, 265
28, 267
30, 267
30, 265
32, 263
93, 263
95, 265
95, 267
97, 267
97, 265
99, 263
160, 263
162, 265
162, 267
164, 267
164, 265
166, 263
228, 263
230, 265
230, 267
232, 267
232, 265
234, 263
295, 263
297, 265
297, 267
299, 267
299, 265
301, 263
362, 263
364, 265
364, 267
366, 267
366, 265
368, 263
429, 263
431, 265
431, 267
433, 267
433, 265
435, 263
497, 263
499, 265
499, 267
8, 2
500, 4
498, 261
6, 259
77, 12
76, 13
75, 13
70, 18
70, 19
68, 21
68, 22
67, 23
67, 24
66, 25
66, 26
65, 27
65, 28
64, 29
64, 30
63, 31
63, 32
62, 33
62, 34
61, 35
61, 37
60, 38
60, 39
59, 40
59, 41
58, 42
58, 44
57, 45
57, 46
56, 47
56, 49
55, 50
55, 52
54, 53
54, 56
53, 57
53, 59
52, 60
52, 62
51, 63
51, 66
50, 67
50, 69
49, 70
49, 73
48, 74
48, 77
47, 78
47, 81
46, 82
46, 85
45, 86
45, 90
44, 91
44, 94
43, 95
43, 99
42, 100
42, 104
41, 105
41, 109
40, 110
40, 114
39, 115
39, 119
38, 120
38, 124
37, 125
37, 130
36, 131
36, 135
35, 136
35, 141
34, 142
34, 148
33, 149
33, 154
32, 155
32, 160
31, 161
31, 167
30, 168
30, 175
29, 176
29, 184
28, 185
28, 195
27, 196
27, 218
28, 219
28, 226
29, 227
29, 230
30, 231
30, 233
31, 234
31, 236
32, 237
32, 238
33, 239
33, 240
35, 242
35, 243
36, 244
37, 244
39, 246
47, 246
48, 245
49, 245
50, 244
51, 244
53, 242
54, 242
61, 235
63, 235
64, 236
64, 239
65, 240
65, 241
66, 242
66, 243
72, 249
82, 249
83, 248
84, 248
85, 247
86, 247
90, 243
91, 243
93, 241
93, 240
100, 233
100, 232
102, 230
102, 229
104, 227
104, 226
106, 224
106, 223
108, 221
108, 220
109, 219
109, 218
111, 216
111, 215
112, 214
112, 213
113, 212
113, 211
114, 210
114, 209
115, 208
117, 210
117, 221
118, 222
118, 224
119, 225
119, 226
120, 227
122, 227
123, 228
125, 228
126, 227
127, 227
128, 226
129, 226
137, 218
137, 217
140, 214
140, 213
142, 211
142, 210
144, 208
144, 207
145, 206
145, 205
147, 203
147, 202
148, 201
148, 200
149, 199
149, 198
150, 197
150, 196
151, 195
151, 194
152, 193
152, 192
153, 191
153, 190
154, 189
154, 188
156, 186
158, 188
157, 189
157, 197
156, 198
156, 208
155, 209
155, 225
156, 226
156, 231
157, 232
157, 233
158, 234
158, 235
160, 237
161, 237
162, 238
167, 238
168, 237
169, 237
171, 235
172, 235
178, 229
178, 228
181, 225
181, 224
183, 222
183, 221
185, 219
185, 218
186, 217
186, 216
188, 214
188, 213
189, 212
189, 211
190, 210
190, 209
191, 208
191, 207
193, 205
193, 204
194, 203
194, 202
195, 201
195, 199
196, 198
196, 197
197, 196
197, 195
198, 194
198, 193
199, 192
199, 191
200, 190
200, 188
201, 187
201, 186
202, 185
202, 184
203, 183
203, 182
204, 181
205, 182
205, 187
204, 188
204, 191
203, 192
203, 196
202, 197
202, 201
201, 202
201, 207
200, 208
200, 214
199, 215
199, 228
200, 229
200, 233
201, 234
201, 235
205, 239
209, 239
210, 238
211, 238
212, 237
213, 237
214, 236
215, 236
224, 227
224, 226
227, 223
227, 222
231, 218
232, 218
233, 219
233, 223
234, 224
234, 230
235, 231
235, 234
236, 235
236, 236
237, 237
237, 238
238, 239
238, 240
239, 241
239, 242
243, 246
244, 246
245, 247
253, 247
254, 246
255, 246
256, 245
257, 245
262, 240
262, 239
265, 236
265, 235
267, 233
267, 232
268, 231
268, 230
270, 228
270, 227
271, 226
271, 225
273, 223
273, 222
274, 221
274, 220
275, 219
275, 218
276, 217
276, 216
277, 215
277, 214
278, 213
278, 212
279, 211
279, 210
280, 209
280, 208
281, 207
281, 206
282, 205
282, 204
283, 203
283, 202
284, 201
284, 200
286, 198
287, 199
287, 203
286, 204
286, 207
285, 208
285, 212
284, 213
284, 217
283, 218
283, 222
282, 223
282, 229
281, 230
281, 235
282, 236
282, 238
283, 239
284, 239
285, 238
286, 238
290, 234
290, 233
293, 230
293, 229
295, 227
295, 226
297, 224
297, 223
298, 222
298, 221
300, 219
300, 218
302, 216
302, 215
303, 214
303, 213
305, 211
305, 210
306, 209
306, 208
308, 206
308, 205
309, 204
309, 203
310, 202
310, 201
312, 199
312, 198
313, 197
313, 196
314, 195
314, 194
315, 193
315, 192
317, 190
317, 189
318, 188
318, 187
319, 186
319, 185
320, 184
320, 183
322, 181
322, 180
323, 179
324, 179
325, 180
325, 182
324, 183
324, 187
323, 188
323, 191
322, 192
322, 197
321, 198
321, 202
320, 203
320, 207
319, 208
319, 213
318, 214
318, 221
317, 222
317, 233
318, 234
318, 238
319, 239
319, 240
320, 241
320, 242
321, 243
322, 243
323, 244
325, 244
326, 245
329, 245
330, 244
332, 244
333, 243
334, 243
340, 237
340, 236
343, 233
343, 232
345, 230
345, 229
347, 227
347, 226
348, 225
348, 224
349, 223
349, 222
350, 221
350, 220
351, 219
352, 219
353, 220
353, 226
354, 227
354, 231
355, 232
355, 235
356, 236
356, 238
357, 239
357, 240
358, 241
362, 241
363, 240
364, 240
365, 239
366, 239
368, 237
369, 237
380, 226
380, 225
382, 223
382, 222
384, 220
384, 219
386, 217
386, 216
388, 214
388, 213
389, 212
389, 211
391, 209
391, 208
392, 207
392, 206
394, 204
394, 203
395, 202
395, 201
396, 200
396, 199
398, 197
398, 196
399, 195
399, 194
400, 193
400, 192
401, 191
401, 190
402, 189
402, 188
404, 186
404, 185
405, 184
405, 183
406, 182
406, 181
407, 180
407, 179
408, 178
408, 177
409, 176
409, 175
410, 174
410, 173
411, 172
411, 171
412, 170
412, 169
413, 168
413, 167
414, 166
414, 165
415, 164
415, 163
416, 162
416, 161
417, 160
417, 159
418, 158
418, 157
420, 155
420, 154
421, 153
421, 152
422, 151
424, 153
424, 154
423, 155
423, 160
422, 161
422, 165
421, 166
421, 168
420, 169
420, 180
419, 181
419, 188
418, 189
418, 221
419, 222
419, 225
420, 226
420, 228
422, 230
424, 231
426, 231
428, 229
429, 229
430, 228
430, 227
434, 223
434, 222
436, 220
436, 219
437, 218
437, 217
439, 215
439, 214
440, 213
440, 212
441, 211
441, 210
442, 209
442, 208
443, 207
443, 206
444, 205
444, 204
445, 203
445, 202
446, 201
446, 199
447, 198
447, 197
448, 196
448, 194
449, 193
449, 191
450, 190
450, 188
451, 187
451, 185
452, 184
452, 181
453, 180
453, 177
454, 176
454, 169
455, 168
455, 165
454, 164
454, 158
453, 157
453, 155
452, 154
452, 153
450, 151
449, 151
448, 150
440, 150
439, 151
438, 151
436, 153
435, 153
431, 157
430, 157
426, 161
426, 162
424, 164
423, 163
423, 157
424, 156
424, 151
425, 150
425, 148
426, 147
426, 145
427, 144
427, 142
428, 141
428, 139
429, 138
429, 136
430, 135
430, 134
431, 133
431, 132
432, 131
432, 130
433, 129
433, 128
434, 127
434, 126
435, 125
435, 124
436, 123
436, 122
437, 121
437, 120
438, 119
438, 118
439, 117
439, 116
440, 115
440, 114
441, 113
441, 112
442, 111
442, 109
443, 108
443, 107
444, 106
444, 105
445, 104
445, 103
446, 102
446, 101
447, 100
447, 99
448, 98
448, 96
449, 95
449, 94
450, 93
450, 92
451, 91
451, 89
452, 88
452, 87
453, 86
453, 85
454, 84
454, 83
455, 82
455, 80
456, 79
456, 78
457, 77
457, 76
458, 75
458, 73
459, 72
459, 71
460, 70
460, 69
461, 68
461, 67
462, 66
462, 64
463, 63
463, 62
464, 61
464, 60
465, 59
465, 58
466, 57
466, 55
467, 54
467, 53
468, 52
468, 50
469, 49
469, 47
470, 46
470, 45
471, 44
471, 42
472, 41
472, 39
473, 38
473, 37
474, 36
474, 34
475, 33
475, 31
476, 30
476, 27
477, 26
477, 22
478, 21
478, 19
476, 19
475, 20
474, 20
471, 23
471, 24
468, 27
468, 28
466, 30
466, 31
465, 32
465, 33
463, 35
463, 36
462, 37
462, 38
461, 39
461, 40
459, 42
459, 43
458, 44
458, 45
457, 46
457, 48
456, 49
456, 50
455, 51
455, 52
454, 53
454, 54
453, 55
453, 56
452, 57
452, 58
451, 59
451, 61
450, 62
450, 63
449, 64
449, 65
448, 66
448, 68
447, 69
447, 71
446, 72
446, 73
445, 74
445, 76
444, 77
444, 79
443, 80
443, 82
442, 83
442, 85
441, 86
441, 88
440, 89
440, 91
439, 92
439, 94
438, 95
438, 97
437, 98
437, 101
436, 102
436, 105
435, 106
435, 108
434, 109
434, 112
433, 113
433, 115
432, 116
432, 119
431, 120
431, 123
430, 124
430, 127
429, 128
429, 131
428, 132
428, 134
427, 135
427, 137
426, 138
426, 140
425, 141
425, 143
424, 144
424, 145
423, 146
423, 147
422, 148
422, 149
421, 150
421, 151
420, 152
420, 153
419, 154
419, 155
418, 156
418, 157
417, 158
417, 159
416, 160
416, 161
415, 162
415, 163
414, 164
414, 165
413, 166
413, 167
412, 168
412, 169
411, 170
411, 171
410, 172
410, 173
409, 174
409, 175
407, 177
407, 178
406, 179
406, 180
405, 181
405, 182
404, 183
404, 184
403, 185
403, 186
402, 187
402, 188
401, 189
401, 190
400, 191
400, 192
399, 193
399, 194
397, 196
397, 197
396, 198
396, 199
395, 200
395, 201
393, 203
393, 204
392, 205
392, 206
390, 208
390, 209
389, 210
389, 211
388, 212
388, 213
386, 215
386, 216
384, 218
384, 219
382, 221
382, 222
379, 225
379, 226
372, 233
371, 232
371, 231
372, 230
372, 229
373, 228
373, 227
374, 226
374, 225
375, 224
375, 223
376, 222
376, 221
377, 220
377, 219
378, 218
378, 217
379, 216
379, 215
380, 214
380, 213
381, 212
381, 211
382, 210
382, 209
383, 208
383, 207
384, 206
384, 204
385, 203
385, 202
386, 201
386, 199
387, 198
387, 196
388, 195
388, 194
389, 193
389, 191
390, 190
390, 188
391, 187
391, 184
392, 183
392, 181
393, 180
393, 177
394, 176
394, 173
395, 172
395, 169
396, 168
396, 164
397, 163
397, 159
398, 158
398, 153
399, 152
399, 145
400, 144
400, 120
399, 119
399, 115
398, 114
398, 112
397, 111
397, 110
396, 109
396, 108
394, 106
389, 106
387, 108
386, 108
382, 112
382, 113
380, 115
380, 116
378, 118
378, 119
377, 120
377, 121
376, 122
376, 123
375, 124
375, 125
374, 126
374, 127
373, 128
373, 129
372, 130
372, 131
371, 132
371, 134
370, 135
370, 136
369, 137
369, 139
368, 140
368, 142
367, 143
367, 145
366, 146
366, 149
365, 150
365, 152
364, 153
364, 155
363, 156
363, 159
362, 160
362, 162
361, 163
361, 166
360, 167
360, 170
359, 171
359, 175
358, 176
358, 180
357, 181
357, 185
356, 186
356, 191
355, 192
355, 197
354, 198
354, 206
353, 207
353, 213
352, 214
352, 216
351, 217
351, 218
350, 219
350, 220
349, 221
349, 222
348, 223
348, 224
346, 226
346, 227
345, 228
345, 229
343, 231
343, 232
340, 235
340, 236
334, 242
333, 242
332, 243
331, 243
330, 244
324, 244
319, 239
319, 237
318, 236
318, 233
317, 232
317, 224
318, 223
318, 215
319, 214
319, 209
320, 208
320, 204
321, 203
321, 199
322, 198
322, 194
323, 193
323, 189
324, 188
324, 185
325, 184
325, 180
326, 179
326, 176
327, 175
327, 174
328, 173
328, 171
329, 170
329, 168
330, 167
330, 166
331, 165
331, 164
332, 163
332, 162
333, 161
333, 160
334, 159
334, 158
335, 157
335, 156
336, 155
336, 154
337, 153
337, 152
339, 150
339, 149
340, 148
340, 147
341, 146
341, 145
342, 144
342, 143
343, 142
343, 141
344, 140
344, 139
345, 138
345, 137
346, 136
346, 135
347, 134
347, 133
348, 132
348, 131
349, 130
349, 129
350, 128
350, 127
351, 126
351, 123
350, 123
349, 124
348, 124
343, 129
343, 130
341, 132
341, 133
340, 134
340, 135
339, 136
339, 137
338, 138
338, 139
337, 140
337, 141
336, 142
336, 144
335, 145
335, 146
334, 147
334, 149
333, 150
333, 152
332, 153
332, 155
331, 156
331, 159
330, 160
330, 161
329, 162
329, 164
328, 165
328, 167
327, 168
327, 169
326, 170
326, 171
325, 172
325, 174
324, 175
324, 176
323, 177
323, 178
321, 180
321, 181
320, 182
320, 183
319, 184
319, 185
318, 186
318, 187
316, 189
316, 190
315, 191
315, 192
314, 193
314, 194
313, 195
313, 196
311, 198
311, 199
310, 200
310, 201
309, 202
309, 203
307, 205
307, 206
306, 207
306, 208
305, 209
305, 210
303, 212
303, 213
301, 215
301, 216
300, 217
300, 218
298, 220
298, 221
296, 223
296, 224
295, 225
295, 226
292, 229
292, 230
290, 232
290, 233
286, 237
285, 237
284, 238
282, 236
282, 235
281, 234
281, 232
282, 231
282, 224
283, 223
283, 219
284, 218
284, 214
285, 213
285, 210
286, 209
286, 205
287, 204
287, 201
288, 200
288, 197
289, 196
289, 194
290, 193
290, 191
291, 190
291, 188
292, 187
292, 185
293, 184
293, 182
294, 181
294, 180
295, 179
295, 177
296, 176
296, 174
297, 173
297, 172
298, 171
298, 170
299, 169
299, 167
300, 166
300, 165
301, 164
301, 163
302, 162
302, 161
303, 160
303, 158
304, 157
304, 156
305, 155
305, 153
306, 152
306, 151
307, 150
307, 148
308, 147
308, 145
309, 144
309, 143
310, 142
310, 140
311, 139
311, 138
312, 137
312, 135
313, 134
313, 132
314, 131
314, 129
315, 128
315, 127
316, 126
315, 125
314, 125
310, 129
310, 130
309, 131
309, 132
308, 133
308, 134
307, 135
307, 136
306, 137
306, 138
305, 139
305, 141
304, 142
304, 144
303, 145
303, 147
302, 148
302, 150
301, 151
301, 153
300, 154
300, 156
299, 157
299, 159
298, 160
298, 162
297, 163
297, 165
296, 166
296, 169
295, 170
295, 172
294, 173
294, 175
293, 176
293, 178
292, 179
292, 181
291, 182
291, 183
290, 184
290, 186
289, 187
289, 189
288, 190
288, 191
287, 192
287, 193
286, 194
286, 195
285, 196
285, 198
284, 199
284, 200
283, 201
283, 202
282, 203
282, 204
281, 205
281, 206
280, 207
280, 208
279, 209
279, 210
278, 211
278, 212
277, 213
277, 214
275, 216
275, 217
274, 218
274, 219
273, 220
273, 221
272, 222
272, 223
271, 224
271, 225
270, 226
270, 227
268, 229
268, 230
267, 231
267, 232
264, 235
264, 236
261, 239
261, 240
257, 244
256, 244
254, 246
252, 246
251, 247
247, 247
246, 246
244, 246
239, 241
239, 240
238, 239
238, 238
237, 237
237, 236
236, 235
236, 233
235, 232
235, 229
234, 228
234, 223
233, 222
233, 216
234, 215
234, 212
235, 211
235, 210
236, 209
236, 208
237, 207
237, 206
239, 204
239, 203
240, 202
240, 201
241, 200
241, 199
242, 198
242, 197
244, 195
244, 194
245, 193
245, 192
246, 191
246, 190
247, 189
247, 188
248, 187
248, 186
249, 185
249, 184
250, 183
250, 182
251, 181
251, 179
252, 178
252, 177
253, 176
253, 175
254, 174
254, 173
255, 172
255, 170
256, 169
256, 168
257, 167
257, 165
258, 164
258, 162
259, 161
259, 159
260, 158
260, 156
261, 155
261, 153
262, 152
262, 149
263, 148
263, 142
264, 141
264, 124
263, 123
263, 120
261, 118
258, 118
257, 119
256, 119
252, 123
252, 124
250, 126
250, 127
249, 128
249, 129
248, 130
248, 131
247, 132
247, 134
246, 135
246, 136
245, 137
245, 139
244, 140
244, 142
243, 143
243, 145
242, 146
242, 148
241, 149
241, 152
240, 153
240, 156
239, 157
239, 161
238, 162
238, 166
237, 167
237, 171
236, 172
236, 178
235, 179
235, 185
234, 186
234, 196
233, 197
233, 210
232, 211
232, 214
231, 215
231, 216
229, 218
229, 219
227, 221
227, 222
223, 226
223, 227
215, 235
214, 235
212, 237
211, 237
210, 238
208, 238
207, 239
206, 238
205, 238
202, 235
202, 234
201, 233
201, 232
200, 231
200, 228
199, 227
199, 216
200, 215
200, 209
201, 208
201, 203
202, 202
202, 198
203, 197
203, 193
204, 192
204, 189
205, 188
205, 185
206, 184
206, 181
207, 180
207, 177
208, 176
208, 174
209, 173
209, 171
210, 170
210, 168
211, 167
211, 165
212, 164
212, 162
213, 161
213, 159
214, 158
214, 157
215, 156
215, 154
216, 153
216, 151
217, 150
217, 149
218, 148
218, 146
219, 145
219, 144
220, 143
220, 141
221, 140
221, 139
222, 138
222, 137
223, 136
223, 134
224, 133
224, 131
225, 130
225, 128
226, 127
226, 126
227, 125
227, 123
228, 122
228, 121
229, 120
229, 118
228, 117
227, 118
227, 119
226, 120
226, 121
225, 122
225, 124
224, 125
224, 126
223, 127
223, 128
222, 129
222, 131
221, 132
221, 134
220, 135
220, 136
219, 137
219, 139
218, 140
218, 141
217, 142
217, 144
216, 145
216, 147
215, 148
215, 149
214, 150
214, 152
213, 153
213, 155
212, 156
212, 158
211, 159
211, 160
210, 161
210, 163
209, 164
209, 166
208, 167
208, 169
207, 170
207, 171
206, 172
206, 174
205, 175
205, 177
204, 178
204, 179
203, 180
203, 181
202, 182
202, 183
201, 184
201, 186
200, 187
200, 188
199, 189
199, 190
198, 191
198, 193
197, 194
197, 195
196, 196
196, 197
195, 198
195, 199
194, 200
194, 201
193, 202
193, 203
192, 204
192, 205
191, 206
191, 207
190, 208
190, 209
189, 210
189, 211
187, 213
187, 214
186, 215
186, 216
185, 217
185, 218
183, 220
183, 221
180, 224
180, 225
177, 228
177, 229
172, 234
171, 234
169, 236
168, 236
167, 237
166, 237
165, 238
163, 238
162, 237
161, 237
158, 234
158, 233
157, 232
157, 231
156, 230
156, 225
155, 224
155, 211
156, 210
156, 199
157, 198
157, 190
158, 189
158, 184
159, 183
159, 181
160, 180
160, 177
161, 176
161, 175
162, 174
162, 172
163, 171
163, 169
164, 168
164, 167
165, 166
165, 165
166, 164
166, 163
167, 162
167, 161
168, 160
168, 158
169, 157
169, 156
170, 155
170, 153
171, 152
171, 151
172, 150
172, 148
173, 147
173, 146
174, 145
174, 143
175, 142
175, 140
176, 139
176, 137
177, 136
177, 133
178, 132
178, 130
179, 129
179, 125
180, 124
180, 117
178, 117
175, 120
175, 121
174, 122
174, 123
173, 124
173, 125
172, 126
172, 127
171, 128
171, 130
170, 131
170, 133
169, 134
169, 136
168, 137
168, 139
167, 140
167, 142
166, 143
166, 146
165, 147
165, 150
164, 151
164, 154
163, 155
163, 159
162, 160
162, 163
161, 164
161, 169
160, 170
160, 172
159, 173
159, 176
158, 177
158, 179
157, 180
157, 182
156, 183
156, 184
155, 185
155, 186
154, 187
154, 188
153, 189
153, 190
152, 191
152, 192
151, 193
151, 194
150, 195
150, 196
149, 197
149, 198
147, 200
147, 201
146, 202
146, 203
145, 204
145, 205
143, 207
143, 208
141, 210
141, 211
139, 213
139, 214
137, 216
137, 217
128, 226
127, 226
126, 227
122, 227
119, 224
119, 223
118, 222
118, 220
117, 219
117, 205
118, 204
118, 201
119, 200
119, 197
120, 196
120, 193
121, 192
121, 190
122, 189
122, 186
123, 185
123, 183
124, 182
123, 181
122, 181
122, 182
121, 183
121, 184
120, 185
120, 188
119, 189
119, 192
118, 193
118, 196
117, 197
117, 200
116, 201
116, 203
115, 204
115, 206
114, 207
114, 208
113, 209
113, 210
112, 211
112, 212
111, 213
111, 214
110, 215
110, 216
109, 217
109, 218
107, 220
107, 221
106, 222
106, 223
104, 225
104, 226
102, 228
102, 229
99, 232
99, 233
86, 246
85, 246
83, 248
82, 248
81, 249
74, 249
73, 248
72, 248
67, 243
67, 242
66, 241
66, 240
65, 239
65, 238
64, 237
64, 232
65, 231
65, 230
66, 229
66, 228
68, 226
68, 225
70, 223
70, 222
71, 221
71, 220
72, 219
72, 218
74, 216
74, 215
75, 214
75, 213
76, 212
76, 210
77, 209
77, 208
78, 207
78, 206
79, 205
79, 204
80, 203
80, 202
81, 201
81, 200
82, 199
82, 197
83, 196
83, 195
84, 194
84, 192
85, 191
85, 189
86, 188
86, 187
87, 186
87, 184
88, 183
88, 180
89, 179
89, 177
90, 176
90, 174
91, 173
91, 170
92, 169
92, 166
93, 165
93, 162
94, 161
94, 157
95, 156
95, 152
96, 151
96, 147
97, 146
97, 139
98, 138
98, 127
97, 126
97, 124
96, 123
96, 122
95, 121
91, 121
90, 122
89, 122
83, 128
83, 129
81, 131
81, 132
80, 133
80, 134
79, 135
79, 136
78, 137
78, 138
77, 139
77, 140
76, 141
76, 142
75, 143
75, 145
74, 146
74, 147
73, 148
73, 150
72, 151
72, 153
71, 154
71, 156
70, 157
70, 159
69, 160
69, 162
68, 163
68, 166
67, 167
67, 170
66, 171
66, 175
65, 176
65, 180
64, 181
64, 186
63, 187
63, 193
62, 194
62, 206
61, 207
61, 221
62, 222
62, 232
61, 233
61, 234
53, 242
52, 242
50, 244
49, 244
48, 245
47, 245
46, 246
41, 246
40, 245
39, 245
33, 239
33, 238
32, 237
32, 236
31, 235
31, 233
30, 232
30, 230
29, 229
29, 225
28, 224
28, 218
27, 217
27, 197
28, 196
28, 186
29, 185
29, 177
30, 176
30, 169
31, 168
31, 163
32, 162
32, 156
33, 155
33, 150
34, 149
34, 144
35, 143
35, 137
36, 136
36, 132
37, 131
37, 127
38, 126
38, 121
39, 120
39, 116
40, 115
40, 111
41, 110
41, 106
42, 105
42, 101
43, 100
43, 97
44, 96
44, 92
45, 91
45, 88
46, 87
46, 84
47, 83
47, 79
48, 78
48, 75
49, 74
49, 71
50, 70
50, 68
51, 67
51, 65
52, 64
52, 61
53, 60
53, 58
54, 57
54, 55
55, 54
55, 52
56, 51
56, 49
57, 48
57, 46
58, 45
58, 44
59, 43
59, 41
60, 40
60, 39
61, 38
61, 37
62, 36
62, 34
63, 33
63, 32
64, 31
64, 30
65, 29
65, 28
66, 27
66, 26
67, 25
67, 24
69, 22
69, 21
70, 20
70, 19
76, 13
78, 13
80, 15
80, 21
79, 22
79, 24
78, 25
78, 27
77, 28
77, 30
76, 31
76, 33
75, 34
75, 36
74, 37
74, 39
73, 40
73, 41
72, 42
72, 44
71, 45
71, 47
70, 48
70, 50
69, 51
69, 52
68, 53
68, 55
67, 56
67, 58
66, 59
66, 60
65, 61
65, 63
64, 64
64, 66
63, 67
63, 69
62, 70
62, 71
61, 72
61, 74
60, 75
60, 76
59, 77
59, 79
58, 80
58, 81
59, 81
59, 79
60, 78
60, 76
61, 75
61, 74
62, 73
62, 71
63, 70
63, 68
64, 67
64, 65
65, 64
65, 63
66, 62
66, 60
67, 59
67, 58
68, 57
68, 55
69, 54
69, 52
70, 51
70, 50
71, 49
71, 47
72, 46
72, 44
73, 43
73, 41
74, 40
74, 39
75, 38
75, 36
76, 35
76, 33
77, 32
77, 30
78, 29
78, 26
79, 25
79, 23
80, 22
80, 14
78, 12
357, 238
366, 156
367, 155
368, 155
369, 156
369, 159
368, 160
368, 164
367, 165
367, 169
366, 170
366, 174
365, 175
365, 178
364, 179
364, 183
363, 184
363, 187
362, 188
362, 190
361, 191
361, 193
360, 194
360, 196
359, 197
359, 198
358, 199
357, 198
357, 196
358, 195
358, 188
359, 187
359, 183
360, 182
360, 178
361, 177
361, 173
362, 172
362, 169
363, 168
363, 165
364, 164
364, 161
365, 160
365, 158
366, 157
441, 151
442, 150
448, 151
449, 151
452, 154
452, 155
453, 156
453, 158
454, 159
454, 174
453, 175
453, 179
452, 180
451, 184
451, 186
450, 187
450, 189
449, 190
449, 192
448, 193
448, 194
447, 195
447, 197
446, 198
446, 199
445, 200
445, 201
444, 202
444, 203
443, 204
443, 206
442, 207
442, 208
441, 209
441, 210
439, 212
439, 213
438, 214
438, 215
437, 216
437, 217
435, 219
435, 220
433, 222
433, 223
426, 230
421, 228
421, 227
420, 226
420, 225
419, 224
419, 221
418, 220
418, 190
419, 189
419, 182
420, 181
422, 172
422, 170
423, 169
423, 168
424, 167
424, 166
425, 165
425, 164
426, 163
426, 162
430, 158
431, 158
435, 154
436, 154
439, 151
311, 129
312, 128
313, 129
313, 133
312, 134
312, 135
311, 136
311, 138
310, 139
310, 140
309, 141
309, 143
308, 144
308, 146
307, 147
307, 148
306, 149
306, 151
305, 152
305, 153
304, 154
304, 156
303, 157
303, 158
302, 159
302, 160
301, 161
301, 162
300, 163
300, 164
299, 165
298, 164
298, 162
299, 161
299, 158
300, 157
300, 155
301, 154
301, 152
302, 151
302, 149
303, 148
303, 146
304, 145
304, 143
305, 142
305, 141
306, 140
306, 138
307, 137
307, 136
308, 135
308, 134
309, 133
309, 132
311, 130
348, 125
349, 126
349, 129
348, 130
348, 131
347, 132
347, 133
346, 134
346, 135
345, 136
345, 137
344, 138
344, 139
343, 140
343, 141
342, 142
342, 143
341, 144
341, 145
339, 147
339, 148
338, 149
338, 150
337, 151
337, 152
336, 153
336, 154
334, 156
333, 155
333, 152
334, 151
334, 149
335, 148
335, 146
336, 145
336, 144
337, 143
337, 141
338, 140
338, 139
339, 138
339, 137
340, 136
340, 135
342, 133
342, 132
343, 131
343, 130
91, 122
92, 121
93, 121
94, 122
95, 122
96, 123
96, 124
97, 125
97, 128
98, 129
98, 136
97, 137
97, 144
96, 145
96, 150
95, 151
95, 155
94, 156
94, 159
93, 160
93, 164
92, 165
92, 168
91, 169
91, 171
90, 172
90, 175
89, 176
89, 178
88, 179
88, 181
87, 182
87, 184
86, 185
86, 187
85, 188
85, 190
84, 191
84, 192
83, 193
83, 195
82, 196
82, 197
81, 198
81, 199
80, 200
80, 202
79, 203
79, 204
78, 205
78, 206
77, 207
77, 208
76, 209
76, 210
75, 211
75, 212
74, 213
74, 214
73, 215
73, 216
72, 217
72, 218
71, 219
71, 220
69, 222
69, 223
68, 224
68, 225
64, 229
63, 229
62, 228
62, 219
61, 218
61, 210
62, 209
62, 196
63, 195
63, 188
64, 187
64, 182
65, 181
65, 177
66, 176
66, 172
67, 171
67, 168
68, 167
68, 165
69, 164
69, 161
70, 160
70, 158
71, 157
71, 155
72, 154
72, 152
73, 151
73, 150
74, 149
74, 147
75, 146
75, 145
76, 144
76, 143
77, 142
77, 140
78, 139
78, 138
79, 137
79, 136
80, 135
80, 134
82, 132
82, 131
83, 130
83, 129
90, 122
257, 119
261, 119
262, 120
262, 121
263, 122
263, 124
264, 125
264, 140
263, 141
263, 146
262, 147
262, 150
261, 151
261, 154
260, 155
260, 157
259, 158
259, 160
258, 161
258, 163
257, 164
257, 165
256, 166
256, 168
255, 169
255, 170
254, 171
254, 173
253, 174
253, 175
252, 176
252, 177
251, 178
251, 179
250, 180
250, 181
249, 182
249, 183
248, 184
248, 185
247, 186
247, 187
246, 188
246, 189
245, 190
245, 191
244, 192
244, 193
243, 194
243, 195
242, 196
242, 197
241, 198
241, 199
240, 200
240, 201
238, 203
238, 204
237, 205
237, 206
235, 208
233, 206
233, 199
234, 198
234, 188
235, 187
235, 180
236, 179
236, 173
237, 172
237, 168
238, 167
238, 163
239, 162
239, 159
240, 158
240, 155
241, 154
241, 151
242, 150
242, 147
243, 146
243, 144
244, 143
244, 141
245, 140
245, 139
246, 138
246, 136
247, 135
247, 133
248, 132
248, 131
249, 130
249, 129
250, 128
250, 127
252, 125
252, 124
177, 119
179, 119
180, 120
180, 123
179, 124
179, 127
178, 128
178, 131
177, 132
177, 134
176, 135
176, 137
175, 138
175, 140
174, 141
174, 143
173, 144
173, 146
172, 147
172, 148
171, 149
171, 151
170, 152
170, 154
169, 155
169, 156
168, 157
168, 158
167, 159
167, 160
166, 161
166, 163
165, 164
165, 165
163, 167
162, 166
162, 161
163, 160
163, 156
164, 155
164, 152
165, 151
165, 148
166, 147
166, 145
167, 144
167, 141
168, 140
168, 138
169, 137
169, 135
170, 134
170, 132
171, 131
171, 130
172, 129
172, 127
173, 126
173, 125
174, 124
174, 123
175, 122
175, 121
390, 107
391, 106
392, 106
393, 107
394, 107
396, 109
396, 110
397, 111
397, 112
398, 113
398, 115
399, 116
399, 121
400, 122
400, 143
399, 144
399, 151
398, 152
398, 157
397, 158
397, 162
396, 163
396, 167
395, 168
395, 171
394, 172
394, 175
393, 176
393, 179
392, 180
392, 182
391, 183
391, 185
390, 186
390, 188
389, 189
389, 191
388, 192
388, 194
387, 195
387, 197
386, 198
386, 199
385, 200
385, 202
384, 203
384, 204
383, 205
383, 207
382, 208
382, 209
381, 210
381, 211
380, 212
380, 213
379, 214
379, 215
378, 216
378, 217
377, 218
377, 219
376, 220
376, 221
375, 222
375, 223
374, 224
374, 225
373, 226
373, 227
371, 229
371, 230
370, 231
370, 232
365, 237
361, 237
358, 234
358, 233
357, 232
357, 230
356, 229
356, 225
355, 224
355, 214
356, 213
356, 208
357, 207
357, 205
358, 204
358, 202
359, 201
359, 199
360, 198
360, 196
361, 195
361, 192
362, 191
362, 189
363, 188
363, 185
364, 184
364, 181
365, 180
365, 176
366, 175
366, 171
367, 170
367, 166
368, 165
368, 161
369, 160
369, 156
370, 155
370, 153
371, 152
371, 151
370, 150
369, 150
367, 152
366, 151
366, 148
367, 147
367, 145
368, 144
368, 142
369, 141
369, 139
370, 138
370, 136
371, 135
371, 134
372, 133
372, 131
373, 130
373, 129
374, 128
374, 127
375, 126
375, 125
376, 124
376, 123
377, 122
377, 121
379, 119
379, 118
380, 117
380, 116
383, 113
383, 112
387, 108
388, 108
389, 107
474, 21
476, 21
477, 22
477, 25
476, 26
476, 28
475, 29
475, 32
474, 33
474, 34
473, 35
473, 37
472, 38
472, 40
471, 41
471, 42
470, 43
470, 45
469, 46
469, 47
468, 48
468, 50
467, 51
467, 53
466, 54
466, 55
465, 56
465, 57
464, 58
464, 60
463, 61
463, 62
462, 63
462, 64
461, 65
461, 66
460, 67
460, 69
459, 70
459, 71
458, 72
458, 73
457, 74
457, 76
456, 77
456, 78
455, 79
455, 80
454, 81
454, 82
453, 83
453, 85
452, 86
452, 87
451, 88
451, 89
450, 90
450, 92
449, 93
449, 94
448, 95
448, 96
447, 97
447, 98
446, 99
446, 101
445, 102
445, 103
444, 104
444, 105
443, 106
443, 107
442, 108
442, 109
441, 110
441, 111
440, 112
440, 114
439, 115
439, 116
438, 117
438, 118
437, 119
437, 120
436, 121
436, 122
435, 123
435, 124
434, 125
434, 126
431, 129
430, 128
430, 126
431, 125
431, 122
432, 121
432, 118
433, 117
433, 114
434, 113
434, 110
435, 109
435, 107
436, 106
436, 103
437, 102
437, 100
438, 99
438, 97
439, 96
439, 94
440, 93
440, 90
441, 89
441, 87
442, 86
442, 84
443, 83
443, 81
444, 80
444, 79
445, 78
445, 76
446, 75
446, 73
447, 72
447, 71
448, 70
448, 68
449, 67
449, 66
450, 65
450, 63
451, 62
451, 61
452, 60
452, 59
453, 58
453, 56
454, 55
454, 54
455, 53
455, 52
456, 51
456, 50
457, 49
457, 48
458, 47
458, 46
459, 45
459, 44
460, 43
460, 42
461, 41
461, 40
462, 39
462, 38
464, 36
464, 35
465, 34
465, 33
467, 31
467, 30
469, 28
469, 27
471, 25
471, 24
