4, 2
496, 4
494, 267
2, 265
470, 11
469, 12
468, 12
466, 14
465, 14
464, 15
464, 16
459, 21
459, 22
456, 25
456, 26
454, 28
454, 29
453, 30
453, 31
451, 33
451, 34
450, 35
450, 36
448, 38
448, 39
447, 40
447, 41
446, 42
446, 43
445, 44
445, 45
444, 46
444, 47
443, 48
443, 49
442, 50
442, 51
441, 52
441, 53
440, 54
440, 55
439, 56
439, 57
438, 58
438, 59
437, 60
437, 62
436, 63
436, 64
435, 65
435, 66
434, 67
434, 69
433, 70
433, 71
432, 72
432, 74
431, 75
431, 76
430, 77
430, 78
429, 79
429, 81
428, 82
428, 83
427, 84
427, 86
426, 87
426, 89
425, 90
425, 91
424, 92
424, 94
423, 95
423, 97
422, 98
422, 100
421, 101
421, 102
420, 103
420, 105
419, 106
419, 108
418, 109
418, 111
417, 112
417, 114
416, 115
416, 117
415, 118
415, 120
414, 121
414, 123
413, 124
413, 126
412, 127
412, 129
411, 130
411, 132
410, 133
410, 135
409, 136
409, 138
408, 139
408, 141
407, 142
407, 145
406, 146
406, 148
405, 149
405, 151
404, 152
404, 155
403, 156
403, 158
402, 159
402, 161
400, 163
400, 164
397, 167
397, 170
398, 171
398, 175
397, 176
397, 179
396, 180
396, 183
395, 184
395, 186
394, 187
394, 189
393, 190
393, 191
392, 192
392, 193
390, 195
390, 196
388, 198
388, 199
387, 200
387, 201
385, 203
385, 204
383, 206
383, 207
380, 210
380, 211
377, 210
378, 209
378, 208
379, 207
379, 206
380, 205
380, 204
381, 203
381, 201
382, 200
382, 198
383, 197
383, 196
384, 195
384, 193
385, 192
385, 190
386, 189
386, 186
387, 185
387, 183
388, 182
388, 179
389, 178
389, 174
390, 173
390, 167
391, 166
391, 158
390, 157
390, 152
389, 151
389, 149
388, 148
388, 147
385, 144
381, 144
379, 142
379, 141
378, 140
375, 140
374, 141
373, 141
367, 147
367, 148
364, 151
364, 152
362, 154
362, 155
360, 157
360, 158
358, 160
358, 161
357, 162
357, 163
355, 165
355, 166
354, 167
354, 168
353, 169
353, 170
352, 171
352, 172
351, 173
351, 174
350, 175
350, 176
349, 177
349, 178
348, 179
348, 181
347, 182
347, 183
346, 184
346, 185
345, 186
345, 188
344, 189
344, 191
343, 192
343, 193
342, 194
342, 196
341, 197
341, 199
340, 200
340, 203
339, 204
339, 206
338, 207
338, 210
337, 211
337, 214
336, 215
336, 218
335, 219
335, 223
334, 224
334, 229
333, 230
333, 238
332, 239
332, 240
330, 242
329, 242
328, 243
327, 243
326, 244
323, 244
319, 240
319, 239
318, 238
318, 234
317, 233
317, 220
318, 219
318, 212
319, 211
319, 206
320, 205
320, 200
321, 199
321, 196
322, 195
322, 194
323, 193
323, 192
324, 191
324, 190
326, 188
326, 187
327, 186
327, 185
329, 183
329, 182
330, 181
330, 180
332, 178
332, 177
333, 176
333, 175
335, 173
335, 172
336, 171
336, 170
338, 168
338, 167
339, 166
339, 165
341, 163
341, 162
342, 161
342, 160
344, 158
344, 157
345, 156
345, 155
346, 154
346, 153
348, 151
348, 150
349, 149
349, 148
350, 147
350, 146
351, 145
351, 144
352, 143
352, 142
353, 141
353, 140
354, 139
354, 137
355, 136
355, 134
356, 133
356, 131
357, 130
357, 128
358, 127
358, 123
356, 121
353, 121
351, 123
350, 123
348, 125
348, 126
344, 130
344, 131
342, 133
342, 134
341, 135
341, 136
339, 138
339, 139
338, 140
338, 141
337, 142
337, 143
335, 145
335, 146
334, 147
334, 149
333, 150
333, 151
332, 152
332, 153
331, 154
331, 155
330, 156
330, 158
329, 159
329, 160
328, 161
328, 163
327, 164
327, 166
326, 167
326, 169
325, 170
325, 173
324, 174
324, 176
323, 177
323, 180
322, 181
322, 184
321, 185
321, 188
320, 189
320, 192
319, 193
319, 194
318, 195
318, 196
317, 197
317, 198
316, 199
316, 200
315, 201
315, 202
314, 203
314, 204
312, 206
312, 207
311, 208
311, 209
310, 210
310, 211
309, 212
309, 213
308, 214
308, 215
307, 216
307, 217
305, 219
305, 220
304, 221
304, 222
303, 223
303, 224
302, 225
302, 226
301, 227
301, 228
300, 229
300, 230
298, 232
298, 233
297, 234
297, 235
296, 236
296, 237
295, 238
295, 239
293, 241
293, 242
292, 243
292, 244
290, 246
290, 247
287, 250
287, 251
286, 252
285, 252
284, 251
284, 246
285, 245
285, 241
286, 240
286, 236
287, 235
287, 232
288, 231
288, 229
289, 228
289, 225
290, 224
290, 221
291, 220
291, 217
292, 216
292, 213
293, 212
293, 209
294, 208
294, 205
295, 204
295, 202
296, 201
296, 199
297, 198
297, 196
298, 195
298, 194
299, 193
299, 191
300, 190
300, 189
301, 188
301, 186
302, 185
302, 184
303, 183
303, 182
304, 181
304, 179
305, 178
305, 176
306, 175
306, 174
307, 173
307, 171
308, 170
308, 168
309, 167
309, 165
310, 164
310, 162
311, 161
311, 159
312, 158
312, 156
313, 155
313, 153
314, 152
314, 150
315, 149
315, 147
316, 146
316, 143
317, 142
317, 139
318, 138
318, 134
319, 133
319, 131
318, 130
316, 130
316, 131
315, 132
315, 133
313, 135
313, 136
312, 137
312, 138
311, 139
311, 141
310, 142
310, 143
309, 144
309, 146
308, 147
308, 149
307, 150
307, 152
306, 153
306, 155
305, 156
305, 158
304, 159
304, 162
303, 163
303, 165
302, 166
302, 169
301, 170
301, 172
300, 173
300, 176
299, 177
299, 180
298, 181
298, 184
297, 185
297, 187
296, 188
296, 191
295, 192
295, 194
294, 195
294, 197
293, 198
293, 200
292, 201
292, 202
291, 203
291, 204
290, 205
290, 206
289, 207
289, 208
288, 209
288, 210
287, 211
287, 212
285, 214
285, 215
284, 216
284, 217
282, 219
282, 220
281, 221
281, 222
278, 225
278, 226
275, 229
275, 230
267, 238
266, 238
264, 240
262, 240
261, 241
259, 241
258, 240
257, 240
253, 236
253, 235
252, 234
252, 233
251, 232
251, 231
250, 230
250, 227
249, 226
249, 223
248, 222
248, 215
247, 214
247, 209
248, 208
248, 207
249, 206
249, 205
251, 203
251, 202
252, 201
252, 200
254, 198
254, 197
256, 195
256, 194
257, 193
257, 192
259, 190
259, 189
260, 188
260, 187
262, 185
262, 184
263, 183
263, 182
264, 181
264, 180
265, 179
265, 178
266, 177
266, 176
267, 175
267, 174
268, 173
268, 172
269, 171
269, 170
270, 169
270, 168
271, 167
271, 166
272, 165
272, 163
273, 162
273, 161
274, 160
274, 158
275, 157
275, 155
276, 154
276, 151
277, 150
277, 147
278, 146
278, 140
279, 139
279, 130
278, 129
278, 126
277, 125
277, 124
275, 122
272, 122
271, 123
270, 123
264, 129
264, 130
262, 132
262, 133
261, 134
261, 135
259, 137
259, 139
258, 140
258, 141
257, 142
257, 143
256, 144
256, 145
255, 146
255, 148
254, 149
254, 150
253, 151
253, 153
252, 154
252, 157
251, 158
251, 160
250, 161
250, 164
249, 165
249, 169
248, 170
248, 175
247, 176
247, 182
246, 183
246, 190
245, 191
245, 207
244, 208
244, 209
243, 210
243, 211
241, 213
241, 214
239, 216
239, 217
236, 220
236, 221
233, 224
233, 225
226, 232
225, 232
223, 234
217, 234
214, 231
214, 230
213, 229
213, 228
212, 227
212, 226
211, 225
211, 222
210, 221
210, 196
211, 195
211, 190
212, 189
212, 187
213, 186
213, 185
214, 184
214, 183
215, 182
215, 181
216, 180
216, 179
217, 178
217, 176
218, 175
218, 174
219, 173
219, 172
220, 171
220, 169
221, 168
221, 167
222, 166
222, 165
223, 164
223, 162
224, 161
224, 160
225, 159
225, 157
226, 156
226, 155
227, 154
227, 152
228, 151
228, 149
229, 148
229, 146
230, 145
230, 143
231, 142
231, 140
232, 139
232, 137
233, 136
233, 134
234, 133
234, 130
235, 129
235, 125
236, 124
236, 121
235, 120
235, 119
232, 119
229, 122
229, 123
228, 124
228, 125
227, 126
227, 127
226, 128
226, 129
225, 130
225, 131
224, 132
224, 133
223, 134
223, 136
222, 137
222, 139
221, 140
221, 141
220, 142
220, 144
219, 145
219, 147
218, 148
218, 150
217, 151
217, 153
216, 154
216, 156
215, 157
215, 160
214, 161
214, 164
213, 165
213, 168
212, 169
212, 173
211, 174
211, 178
210, 179
210, 185
209, 186
209, 189
208, 190
208, 191
207, 192
207, 193
206, 194
206, 195
205, 196
205, 197
203, 199
203, 200
202, 201
202, 202
201, 203
201, 204
200, 205
200, 206
199, 207
199, 208
198, 209
198, 210
196, 212
196, 213
195, 214
195, 215
194, 216
194, 217
192, 219
192, 220
191, 221
191, 222
189, 224
189, 225
187, 227
187, 228
184, 231
184, 232
179, 237
178, 237
177, 238
176, 238
175, 239
174, 239
173, 238
172, 238
170, 236
170, 235
169, 234
169, 231
168, 230
168, 206
169, 205
169, 196
170, 195
170, 188
171, 187
171, 182
172, 181
172, 177
173, 176
173, 174
174, 173
174, 171
175, 170
175, 168
176, 167
176, 165
177, 164
177, 162
178, 161
178, 159
179, 158
179, 156
180, 155
180, 152
181, 151
181, 149
182, 148
182, 145
183, 144
183, 142
184, 141
184, 137
185, 136
185, 132
184, 131
182, 133
182, 134
181, 135
181, 136
180, 137
180, 139
179, 140
179, 142
178, 143
178, 145
177, 146
177, 148
176, 149
176, 152
175, 153
175, 156
174, 157
174, 160
173, 161
173, 164
172, 165
172, 168
171, 169
171, 173
170, 174
170, 176
169, 177
169, 179
168, 180
168, 181
167, 182
167, 184
166, 185
166, 186
165, 187
165, 189
164, 190
164, 191
163, 192
163, 194
162, 195
162, 196
161, 197
161, 198
160, 199
160, 200
159, 201
159, 202
158, 203
158, 204
157, 205
157, 206
156, 207
156, 208
155, 209
155, 211
153, 213
153, 214
152, 215
152, 216
151, 217
151, 218
150, 219
150, 220
149, 221
149, 222
147, 224
147, 225
145, 227
145, 228
142, 231
142, 232
133, 241
132, 241
131, 242
126, 242
124, 240
124, 239
123, 238
123, 236
122, 235
122, 231
121, 230
121, 216
122, 215
122, 207
123, 206
123, 202
124, 201
124, 197
125, 196
125, 193
126, 192
126, 190
127, 189
127, 186
128, 185
128, 183
129, 182
129, 181
130, 180
130, 178
129, 177
128, 177
127, 178
127, 179
126, 180
126, 182
125, 183
125, 185
124, 186
124, 187
123, 188
123, 190
122, 191
122, 192
121, 193
121, 195
120, 196
120, 197
119, 198
119, 199
118, 200
118, 201
117, 202
117, 203
116, 204
116, 205
114, 207
114, 208
112, 210
112, 211
110, 213
110, 214
98, 226
97, 226
95, 228
94, 228
92, 230
90, 230
89, 231
87, 231
86, 232
80, 232
79, 231
77, 231
75, 229
74, 229
71, 226
71, 225
69, 223
69, 222
68, 221
68, 220
67, 219
67, 218
66, 217
66, 216
65, 215
65, 213
64, 212
64, 211
65, 210
65, 209
69, 205
69, 204
72, 201
72, 200
74, 198
74, 197
76, 195
76, 194
77, 193
77, 192
79, 190
79, 189
80, 188
80, 187
81, 186
81, 185
83, 183
83, 182
84, 181
84, 180
85, 179
85, 178
86, 177
86, 176
87, 175
87, 174
88, 173
88, 171
89, 170
89, 169
90, 168
90, 166
91, 165
91, 164
92, 163
92, 161
93, 160
93, 158
94, 157
94, 154
95, 153
95, 150
96, 149
96, 144
97, 143
97, 132
96, 131
96, 129
95, 128
95, 127
94, 126
94, 125
91, 122
86, 122
85, 123
84, 123
83, 124
82, 124
75, 131
75, 132
73, 134
73, 135
72, 136
72, 137
71, 138
71, 139
70, 140
70, 141
69, 142
69, 143
68, 144
68, 145
67, 146
67, 148
66, 149
66, 151
65, 152
65, 154
64, 155
64, 157
63, 158
63, 161
62, 162
62, 166
61, 167
61, 172
60, 173
60, 183
59, 184
59, 196
60, 197
60, 205
61, 206
61, 210
52, 219
51, 219
49, 221
48, 221
46, 223
45, 223
44, 224
42, 224
41, 225
37, 225
36, 224
35, 224
30, 219
30, 218
28, 216
28, 214
27, 213
27, 211
26, 210
26, 206
25, 205
25, 197
24, 196
24, 180
25, 179
25, 167
26, 166
26, 159
27, 158
27, 150
28, 149
28, 143
29, 142
29, 136
30, 135
30, 130
31, 129
31, 124
32, 123
32, 119
33, 118
33, 113
34, 112
34, 108
35, 107
35, 103
36, 102
36, 99
37, 98
37, 94
38, 93
38, 90
39, 89
39, 86
40, 85
40, 82
41, 81
41, 78
42, 77
42, 74
43, 73
43, 70
44, 69
44, 66
45, 65
45, 63
46, 62
46, 59
47, 58
47, 56
48, 55
48, 53
49, 52
49, 50
50, 49
50, 47
51, 46
51, 45
52, 44
52, 42
53, 41
53, 39
54, 38
54, 37
55, 36
55, 34
56, 33
56, 32
57, 31
57, 30
58, 29
58, 28
59, 27
59, 26
60, 25
60, 24
62, 22
62, 21
65, 18
67, 18
68, 19
68, 26
67, 27
67, 31
66, 32
66, 34
65, 35
65, 38
64, 39
64, 41
63, 42
63, 44
62, 45
62, 48
61, 49
61, 50
60, 51
60, 53
59, 54
59, 55
58, 56
58, 58
57, 59
57, 60
56, 61
56, 63
55, 64
55, 66
54, 67
54, 68
53, 69
53, 70
52, 71
52, 72
51, 73
51, 76
52, 76
53, 75
53, 74
54, 73
54, 72
55, 71
55, 70
56, 69
56, 68
57, 67
57, 65
58, 64
58, 63
59, 62
59, 60
60, 59
60, 58
61, 57
61, 55
62, 54
62, 52
63, 51
63, 50
64, 49
64, 47
65, 46
65, 43
66, 42
66, 40
67, 39
67, 36
68, 35
68, 33
69, 32
69, 28
70, 27
70, 22
71, 21
71, 20
70, 19
70, 17
69, 16
68, 16
67, 15
66, 15
65, 16
64, 16
60, 20
60, 21
58, 23
58, 24
57, 25
57, 26
56, 27
56, 28
55, 29
55, 30
54, 31
54, 32
53, 33
53, 35
52, 36
52, 37
51, 38
51, 40
50, 41
50, 42
49, 43
49, 45
48, 46
48, 48
47, 49
47, 51
46, 52
46, 54
45, 55
45, 57
44, 58
44, 61
43, 62
43, 64
42, 65
42, 68
41, 69
41, 72
40, 73
40, 75
39, 76
39, 80
38, 81
38, 84
37, 85
37, 88
36, 89
36, 92
35, 93
35, 96
34, 97
34, 101
33, 102
33, 105
32, 106
32, 111
31, 112
31, 116
30, 117
30, 122
29, 123
29, 128
28, 129
28, 134
27, 135
27, 141
26, 142
26, 148
25, 149
25, 156
24, 157
24, 164
23, 165
23, 176
22, 177
22, 200
23, 201
23, 207
24, 208
24, 211
25, 212
25, 214
26, 215
26, 217
27, 218
27, 219
29, 221
29, 222
32, 225
33, 225
34, 226
35, 226
36, 227
42, 227
43, 226
45, 226
46, 225
47, 225
48, 224
49, 224
51, 222
52, 222
55, 219
56, 219
61, 214
62, 214
63, 215
63, 216
64, 217
64, 219
65, 220
65, 221
66, 222
66, 223
68, 225
68, 226
74, 232
75, 232
76, 233
77, 233
78, 234
87, 234
88, 233
91, 233
92, 232
93, 232
94, 231
95, 231
97, 229
98, 229
101, 226
102, 226
109, 219
109, 218
112, 215
112, 214
115, 211
115, 210
116, 209
116, 208
118, 206
118, 205
119, 204
120, 205
120, 212
119, 213
119, 231
120, 232
120, 236
121, 237
121, 239
122, 240
122, 241
125, 244
126, 244
127, 245
130, 245
131, 244
132, 244
133, 243
134, 243
136, 241
137, 241
142, 236
142, 235
145, 232
145, 231
148, 228
148, 227
149, 226
149, 225
151, 223
151, 222
152, 221
152, 220
153, 219
153, 218
155, 216
155, 215
156, 214
156, 213
157, 212
157, 211
158, 210
158, 209
159, 208
159, 207
160, 206
160, 205
161, 204
161, 202
162, 201
162, 200
163, 199
163, 198
164, 197
164, 196
165, 195
165, 194
166, 193
167, 194
167, 202
166, 203
166, 231
167, 232
167, 235
168, 236
168, 237
171, 240
172, 240
173, 241
177, 241
178, 240
179, 240
187, 232
187, 231
189, 229
189, 228
191, 226
191, 225
193, 223
193, 222
194, 221
194, 220
196, 218
196, 217
197, 216
197, 215
199, 213
199, 212
200, 211
200, 210
201, 209
201, 208
202, 207
202, 206
203, 205
203, 204
204, 203
204, 202
207, 199
208, 200
208, 206
207, 207
207, 213
208, 214
208, 222
209, 223
209, 226
210, 227
210, 229
211, 230
211, 231
216, 236
218, 236
219, 237
221, 237
222, 236
224, 236
225, 235
226, 235
230, 231
231, 231
232, 230
232, 229
236, 225
236, 224
239, 221
239, 220
241, 218
241, 217
244, 214
245, 215
245, 217
246, 218
246, 223
247, 224
247, 227
248, 228
248, 231
249, 232
249, 233
250, 234
250, 235
251, 236
251, 237
253, 239
253, 240
254, 240
256, 242
257, 242
258, 243
263, 243
264, 242
265, 242
266, 241
267, 241
271, 237
272, 237
274, 235
274, 234
278, 230
278, 229
281, 226
281, 225
283, 223
283, 222
285, 220
285, 219
286, 218
286, 217
288, 215
289, 216
289, 219
288, 220
288, 222
287, 223
287, 226
286, 227
286, 230
285, 231
285, 234
284, 235
284, 238
283, 239
283, 243
282, 244
282, 250
281, 251
282, 252
282, 254
283, 255
286, 255
290, 251
290, 250
293, 247
293, 246
294, 245
294, 244
296, 242
296, 241
297, 240
297, 239
298, 238
298, 237
299, 236
299, 235
301, 233
301, 232
302, 231
302, 230
303, 229
303, 228
304, 227
304, 226
305, 225
305, 224
306, 223
306, 222
308, 220
308, 219
309, 218
309, 217
310, 216
310, 215
311, 214
311, 213
312, 212
312, 211
313, 210
313, 209
315, 207
315, 206
316, 205
317, 206
317, 209
316, 210
316, 217
315, 218
315, 234
316, 235
316, 239
317, 240
317, 241
318, 242
318, 243
321, 246
328, 246
329, 245
330, 245
331, 244
332, 244
333, 245
333, 251
334, 252
334, 253
335, 254
335, 255
336, 256
337, 256
338, 257
341, 257
342, 256
344, 256
345, 255
346, 255
348, 253
349, 253
356, 246
356, 245
359, 242
359, 241
362, 238
362, 237
364, 235
364, 234
365, 233
365, 232
367, 230
367, 229
375, 221
375, 220
380, 215
380, 214
383, 211
383, 210
385, 208
385, 207
387, 205
387, 204
390, 201
391, 202
391, 205
390, 206
390, 211
389, 212
389, 219
388, 220
388, 238
389, 239
389, 241
390, 242
390, 243
392, 245
393, 245
394, 246
395, 246
396, 245
398, 245
404, 239
404, 238
406, 236
406, 235
408, 233
408, 232
409, 231
409, 230
410, 229
410, 228
412, 226
412, 225
413, 224
413, 223
414, 222
414, 221
415, 220
415, 219
416, 218
416, 217
417, 216
417, 214
418, 213
418, 212
419, 211
419, 210
420, 209
420, 207
421, 206
421, 204
422, 203
422, 201
423, 200
423, 197
424, 196
424, 192
425, 191
425, 174
424, 173
424, 171
423, 170
423, 169
422, 168
422, 167
419, 164
418, 164
417, 163
416, 163
414, 161
414, 160
416, 158
416, 157
417, 156
417, 155
419, 153
419, 152
420, 151
420, 150
421, 149
421, 148
423, 146
423, 145
424, 144
424, 143
425, 142
425, 141
427, 139
427, 138
428, 137
428, 136
429, 135
429, 134
430, 133
430, 132
431, 131
431, 130
433, 128
433, 127
434, 126
434, 125
435, 124
435, 123
436, 122
436, 121
437, 120
437, 118
438, 117
438, 116
439, 115
439, 114
440, 113
440, 112
441, 111
441, 110
442, 109
442, 108
443, 107
443, 106
444, 105
444, 103
445, 102
445, 101
446, 100
446, 99
447, 98
447, 97
448, 96
448, 94
449, 93
449, 92
450, 91
450, 89
451, 88
451, 87
452, 86
452, 85
453, 84
453, 82
454, 81
454, 80
455, 79
455, 77
456, 76
456, 75
457, 74
457, 72
458, 71
458, 70
459, 69
459, 67
460, 66
460, 64
461, 63
461, 62
462, 61
462, 59
463, 58
463, 57
464, 56
464, 54
465, 53
465, 51
466, 50
466, 48
467, 47
467, 45
468, 44
468, 43
469, 42
469, 40
470, 39
470, 36
471, 35
471, 33
472, 32
472, 30
473, 29
473, 25
474, 24
474, 20
475, 19
475, 14
474, 13
474, 12
473, 12
472, 11
348, 223
349, 222
351, 223
351, 224
352, 225
352, 226
356, 230
362, 230
363, 231
361, 234
361, 235
359, 237
359, 238
357, 240
357, 241
346, 252
345, 252
344, 253
343, 253
342, 254
336, 252
336, 250
335, 249
336, 240
336, 239
340, 235
340, 234
343, 231
343, 230
346, 227
346, 226
348, 224
413, 164
414, 164
415, 165
416, 165
421, 170
421, 171
422, 172
422, 174
423, 175
423, 190
422, 191
422, 194
421, 195
421, 198
420, 199
420, 202
419, 203
419, 205
418, 206
418, 207
417, 208
417, 210
416, 211
416, 212
415, 213
415, 215
414, 216
414, 217
413, 218
413, 219
412, 220
412, 221
411, 222
411, 223
409, 225
409, 226
408, 227
408, 228
407, 229
407, 230
406, 231
406, 232
403, 235
403, 236
400, 239
400, 240
398, 242
397, 242
396, 243
394, 243
391, 240
391, 237
390, 236
390, 221
391, 220
391, 213
392, 212
392, 208
393, 207
393, 202
394, 201
394, 197
395, 196
395, 194
396, 193
396, 191
397, 190
397, 189
398, 188
398, 187
399, 186
399, 185
400, 184
400, 183
402, 181
402, 180
403, 179
403, 178
405, 176
405, 175
406, 174
406, 173
408, 171
408, 170
410, 168
410, 167
403, 165
404, 164
407, 164
408, 165
408, 166
407, 167
407, 168
406, 169
406, 170
404, 172
404, 173
402, 175
402, 176
401, 177
400, 176
400, 174
401, 173
401, 171
402, 170
402, 167
403, 166
307, 164
305, 165
306, 162
307, 158
309, 160
376, 151
377, 152
377, 155
376, 156
376, 160
375, 161
375, 164
374, 165
374, 167
373, 168
373, 170
372, 171
372, 173
371, 174
371, 176
370, 177
370, 178
369, 179
369, 180
368, 181
368, 182
367, 183
367, 185
366, 186
366, 187
365, 188
365, 189
364, 190
364, 191
363, 192
363, 193
362, 194
362, 195
361, 196
361, 197
360, 198
360, 199
358, 201
358, 202
357, 203
357, 204
356, 205
356, 206
354, 208
354, 209
352, 211
351, 210
351, 206
352, 205
352, 198
353, 197
353, 193
354, 192
354, 190
355, 189
355, 187
356, 186
356, 184
357, 183
357, 181
358, 180
358, 179
359, 178
359, 177
360, 176
360, 175
361, 174
361, 173
362, 172
362, 171
363, 170
363, 169
364, 168
364, 167
366, 165
366, 164
367, 163
367, 162
369, 160
369, 159
372, 156
372, 155
310, 149
312, 151
311, 152
311, 154
310, 155
310, 157
308, 154
309, 153
309, 151
310, 150
382, 146
384, 146
386, 148
386, 150
387, 151
387, 153
388, 154
388, 172
387, 173
387, 177
386, 178
386, 181
385, 182
385, 184
384, 185
384, 187
383, 188
383, 191
382, 192
382, 194
381, 195
381, 196
380, 197
380, 199
379, 200
379, 201
378, 202
378, 204
377, 205
377, 206
376, 207
376, 208
375, 209
375, 210
374, 211
374, 212
373, 213
373, 214
372, 215
372, 216
371, 217
371, 218
370, 219
370, 220
369, 221
369, 222
364, 227
363, 227
362, 228
357, 228
354, 225
354, 224
353, 223
353, 222
352, 221
352, 217
353, 216
353, 215
354, 214
354, 213
355, 212
355, 211
357, 209
357, 208
358, 207
358, 206
359, 205
359, 204
361, 202
361, 201
362, 200
362, 199
363, 198
363, 197
364, 196
364, 195
365, 194
365, 193
366, 192
366, 191
367, 190
367, 189
368, 188
368, 187
369, 186
369, 185
370, 184
370, 182
371, 181
371, 180
372, 179
372, 178
373, 177
373, 175
374, 174
374, 172
375, 171
375, 169
376, 168
376, 166
377, 165
377, 162
378, 161
378, 158
379, 157
379, 152
380, 151
380, 148
311, 146
313, 148
375, 143
376, 143
377, 144
377, 146
372, 151
372, 152
369, 155
369, 156
367, 158
367, 159
365, 161
365, 162
363, 164
363, 165
362, 166
362, 167
361, 168
361, 169
360, 170
360, 171
359, 172
359, 173
358, 174
358, 175
357, 176
357, 177
356, 178
356, 179
355, 180
355, 182
354, 183
354, 184
353, 185
353, 188
352, 189
352, 191
351, 192
351, 196
350, 197
350, 202
349, 203
349, 217
348, 218
348, 219
347, 220
347, 221
346, 222
346, 223
343, 226
343, 227
340, 230
340, 231
336, 235
335, 234
335, 232
336, 231
336, 225
337, 224
337, 221
338, 220
338, 216
339, 215
339, 212
340, 211
340, 208
341, 207
341, 205
342, 204
342, 202
343, 201
343, 198
344, 197
344, 196
345, 195
345, 193
346, 192
346, 190
347, 189
347, 187
348, 186
348, 185
349, 184
349, 183
350, 182
350, 180
351, 179
351, 178
352, 177
352, 176
353, 175
353, 174
354, 173
354, 172
355, 171
355, 170
356, 169
356, 168
358, 166
358, 165
359, 164
359, 163
361, 161
361, 160
362, 159
362, 158
364, 156
364, 155
367, 152
367, 151
271, 126
272, 125
274, 125
276, 127
276, 132
277, 133
277, 135
276, 136
276, 145
275, 146
275, 149
274, 150
274, 153
273, 154
273, 156
272, 157
272, 158
271, 159
271, 161
270, 162
270, 163
269, 164
269, 166
268, 167
268, 168
267, 169
267, 170
266, 171
266, 172
265, 173
265, 174
264, 175
264, 176
263, 177
263, 178
262, 179
262, 180
261, 181
261, 182
259, 184
259, 185
258, 186
258, 187
256, 189
256, 190
255, 191
255, 192
253, 194
253, 195
252, 196
252, 197
250, 199
250, 200
248, 202
247, 201
247, 195
248, 194
248, 184
249, 183
249, 177
250, 176
250, 171
251, 170
251, 166
252, 165
252, 162
253, 161
253, 159
254, 158
254, 155
255, 154
255, 152
256, 151
256, 150
257, 149
257, 147
258, 146
258, 145
259, 144
259, 143
260, 142
260, 141
261, 140
261, 139
262, 138
262, 137
263, 136
263, 135
264, 134
264, 133
267, 130
267, 129
270, 126
353, 124
355, 124
356, 125
355, 126
355, 129
354, 130
354, 132
353, 133
353, 135
352, 136
352, 137
351, 138
351, 140
350, 141
350, 142
349, 143
349, 144
348, 145
348, 146
347, 147
347, 148
345, 150
345, 151
344, 152
344, 153
343, 154
343, 155
341, 157
341, 158
340, 159
340, 160
339, 161
339, 162
337, 164
337, 165
336, 166
336, 167
334, 169
334, 170
333, 171
333, 172
331, 174
331, 175
329, 177
329, 178
328, 179
328, 180
326, 182
325, 181
325, 179
326, 178
326, 175
327, 174
327, 172
328, 171
328, 168
329, 167
329, 165
330, 164
330, 162
331, 161
331, 160
332, 159
332, 157
333, 156
333, 155
334, 154
334, 153
335, 152
335, 151
336, 150
336, 149
337, 148
337, 147
338, 146
338, 145
339, 144
339, 143
340, 142
340, 141
341, 140
341, 139
343, 137
343, 136
344, 135
344, 134
347, 131
347, 130
86, 125
87, 124
89, 124
93, 128
93, 129
94, 130
94, 133
95, 134
95, 142
94, 143
94, 148
93, 149
93, 152
92, 153
92, 155
91, 156
91, 159
90, 160
90, 161
89, 162
89, 164
88, 165
88, 167
87, 168
87, 169
86, 170
86, 171
85, 172
85, 174
84, 175
84, 176
83, 177
83, 178
82, 179
82, 180
80, 182
80, 183
79, 184
79, 185
78, 186
78, 187
77, 188
77, 189
75, 191
75, 192
73, 194
73, 195
71, 197
71, 198
69, 200
69, 201
66, 204
66, 205
65, 206
64, 206
62, 204
62, 175
63, 174
63, 168
64, 167
64, 164
65, 163
65, 160
66, 159
66, 156
67, 155
67, 153
68, 152
68, 150
69, 149
69, 147
70, 146
70, 145
71, 144
71, 143
72, 142
72, 141
73, 140
73, 139
74, 138
74, 137
76, 135
76, 134
78, 132
78, 131
83, 126
84, 126
85, 125
232, 123
233, 124
233, 128
232, 129
232, 132
231, 133
231, 135
230, 136
230, 138
229, 139
229, 141
228, 142
228, 144
227, 145
227, 147
226, 148
226, 150
225, 151
225, 152
224, 153
224, 155
223, 156
223, 158
222, 159
222, 160
221, 161
221, 163
220, 164
220, 165
219, 166
219, 167
218, 168
218, 170
217, 171
217, 172
216, 173
216, 174
215, 175
214, 174
214, 170
215, 169
215, 166
216, 165
216, 162
217, 161
217, 158
218, 157
218, 155
219, 154
219, 152
220, 151
220, 149
221, 148
221, 146
222, 145
222, 143
223, 142
223, 141
224, 140
224, 138
225, 137
225, 136
226, 135
226, 133
227, 132
227, 131
228, 130
228, 129
229, 128
229, 127
230, 126
230, 125
469, 14
471, 14
473, 16
473, 18
472, 19
472, 23
471, 24
471, 27
470, 28
470, 31
469, 32
469, 34
468, 35
468, 38
467, 39
467, 40
466, 41
466, 43
465, 44
465, 46
464, 47
464, 49
463, 50
463, 52
462, 53
462, 54
461, 55
461, 57
460, 58
460, 60
459, 61
459, 62
458, 63
458, 65
457, 66
457, 67
456, 68
456, 70
455, 71
455, 72
454, 73
454, 75
453, 76
453, 77
452, 78
452, 80
451, 81
451, 82
450, 83
450, 85
449, 86
449, 87
448, 88
448, 90
447, 91
447, 92
446, 93
446, 95
445, 96
445, 97
444, 98
444, 99
443, 100
443, 101
442, 102
442, 103
441, 104
441, 106
440, 107
440, 108
439, 109
439, 110
438, 111
438, 112
437, 113
437, 114
436, 115
436, 116
435, 117
435, 118
434, 119
434, 120
433, 121
433, 123
432, 124
432, 125
430, 127
430, 128
429, 129
429, 130
428, 131
428, 132
427, 133
427, 134
426, 135
426, 136
424, 138
424, 139
423, 140
423, 141
422, 142
422, 143
420, 145
420, 146
419, 147
419, 148
418, 149
418, 150
416, 152
416, 153
415, 154
415, 155
413, 157
413, 158
410, 161
408, 161
407, 162
406, 162
404, 160
405, 159
405, 157
406, 156
406, 153
407, 152
407, 150
408, 149
408, 147
409, 146
409, 143
410, 142
410, 140
411, 139
411, 137
412, 136
412, 134
413, 133
413, 131
414, 130
414, 128
415, 127
415, 125
416, 124
416, 122
417, 121
417, 119
418, 118
418, 116
419, 115
419, 113
420, 112
420, 110
421, 109
421, 108
422, 107
422, 105
423, 104
423, 102
424, 101
424, 99
425, 98
425, 96
426, 95
426, 94
427, 93
427, 91
428, 90
428, 88
429, 87
429, 86
430, 85
430, 83
431, 82
431, 80
432, 79
432, 78
433, 77
433, 76
434, 75
434, 73
435, 72
435, 71
436, 70
436, 68
437, 67
437, 66
438, 65
438, 64
439, 63
439, 62
440, 61
440, 59
441, 58
441, 57
442, 56
442, 55
443, 54
443, 53
444, 52
444, 51
445, 50
445, 49
446, 48
446, 47
447, 46
447, 45
448, 44
448, 43
449, 42
449, 41
450, 40
450, 39
452, 37
452, 36
453, 35
453, 34
455, 32
455, 31
457, 29
457, 28
459, 26
459, 25
461, 23
461, 22
