4, 2
496, 4
494, 299
2, 297
70, 13
68, 15
67, 15
65, 17
65, 18
63, 20
63, 21
61, 23
61, 24
60, 25
60, 26
59, 27
59, 28
58, 29
58, 30
57, 31
57, 33
56, 34
56, 35
55, 36
55, 38
54, 39
54, 40
53, 41
53, 42
52, 43
52, 45
51, 46
51, 47
50, 48
50, 50
49, 51
49, 52
48, 53
48, 55
47, 56
47, 58
46, 59
46, 61
45, 62
45, 63
44, 64
44, 66
43, 67
43, 69
42, 70
42, 72
41, 73
41, 76
40, 77
40, 80
39, 81
39, 84
38, 85
38, 88
37, 89
37, 92
36, 93
36, 97
35, 98
35, 102
34, 103
34, 107
33, 108
33, 113
32, 114
32, 118
31, 119
31, 123
30, 124
30, 128
29, 129
29, 133
28, 134
28, 139
27, 140
27, 145
26, 146
26, 152
25, 153
25, 159
24, 160
24, 167
23, 168
23, 179
22, 180
22, 211
23, 212
23, 221
24, 222
24, 226
25, 227
25, 229
26, 230
26, 233
27, 234
27, 236
28, 237
28, 238
29, 239
29, 240
30, 241
30, 242
31, 243
31, 244
34, 247
35, 247
37, 249
42, 249
43, 248
45, 248
46, 247
47, 247
59, 235
59, 234
64, 229
65, 230
65, 235
66, 236
66, 240
67, 241
67, 242
68, 243
68, 245
69, 246
69, 247
70, 248
70, 249
71, 250
71, 251
72, 252
72, 253
73, 254
73, 255
77, 259
78, 259
79, 260
81, 260
82, 261
86, 261
87, 260
88, 260
89, 259
90, 259
96, 253
97, 253
100, 250
100, 249
101, 248
102, 248
103, 249
103, 252
104, 253
104, 255
105, 256
105, 257
109, 261
111, 261
112, 262
117, 262
119, 260
120, 260
128, 252
128, 251
132, 247
132, 246
134, 244
134, 243
136, 241
136, 240
137, 239
137, 238
140, 235
141, 236
141, 238
142, 239
142, 242
143, 243
143, 244
144, 245
144, 246
145, 247
145, 248
149, 252
151, 252
152, 253
159, 253
160, 252
162, 252
163, 251
164, 251
167, 248
168, 248
174, 242
174, 241
175, 240
175, 239
177, 237
177, 236
178, 235
178, 234
179, 233
180, 233
181, 234
181, 235
182, 236
182, 237
183, 238
183, 239
185, 241
185, 242
187, 244
188, 244
191, 247
193, 247
194, 248
200, 248
201, 247
204, 247
205, 246
209, 246
210, 245
213, 245
214, 244
215, 244
216, 243
218, 243
220, 241
221, 241
224, 238
225, 238
234, 229
236, 231
236, 238
237, 239
237, 242
238, 243
238, 246
239, 247
239, 248
240, 249
240, 250
241, 251
241, 252
242, 253
242, 254
248, 260
250, 260
251, 261
258, 261
259, 260
260, 260
261, 259
262, 259
273, 248
273, 247
277, 243
277, 242
279, 240
279, 239
281, 237
281, 236
283, 234
284, 235
284, 249
285, 250
285, 254
286, 255
286, 257
287, 258
287, 259
291, 263
298, 263
299, 262
300, 262
301, 261
302, 261
305, 258
305, 257
308, 254
308, 253
310, 251
310, 250
313, 247
313, 246
317, 242
317, 241
319, 239
319, 238
322, 235
323, 236
323, 257
324, 258
324, 262
325, 263
325, 265
327, 267
327, 268
328, 268
329, 269
330, 269
331, 270
332, 270
333, 269
336, 269
337, 268
339, 268
340, 267
342, 267
343, 266
344, 266
348, 262
349, 262
353, 258
354, 258
357, 255
358, 255
360, 253
360, 252
362, 250
362, 249
363, 248
363, 247
364, 246
366, 248
366, 249
367, 250
367, 252
369, 254
369, 255
373, 259
374, 259
375, 260
381, 260
382, 259
383, 259
389, 253
389, 252
391, 250
391, 249
392, 248
392, 246
393, 245
393, 244
394, 243
394, 241
395, 240
395, 238
396, 237
396, 235
397, 234
397, 232
398, 231
398, 230
403, 225
404, 225
412, 217
413, 217
417, 213
418, 213
419, 214
418, 215
418, 222
417, 223
417, 232
416, 233
416, 264
417, 265
417, 269
418, 270
418, 273
419, 274
419, 276
420, 277
420, 278
421, 279
421, 280
423, 282
423, 283
425, 285
426, 285
428, 287
434, 287
435, 286
436, 286
437, 285
438, 285
446, 277
446, 276
448, 274
448, 273
449, 272
449, 271
450, 270
450, 269
452, 267
452, 266
453, 265
453, 264
454, 263
454, 262
455, 261
455, 260
456, 259
456, 258
457, 257
457, 255
458, 254
458, 251
459, 250
459, 247
460, 246
460, 243
461, 242
461, 235
462, 234
462, 210
461, 209
461, 206
460, 205
460, 203
459, 202
459, 201
458, 200
458, 199
455, 196
454, 196
453, 195
452, 195
451, 194
447, 194
446, 195
444, 195
442, 197
441, 197
435, 203
435, 204
429, 210
429, 211
427, 213
427, 214
426, 215
426, 216
425, 217
425, 218
424, 219
424, 221
425, 222
427, 220
427, 219
428, 218
428, 217
429, 216
429, 215
430, 214
430, 213
431, 212
431, 211
444, 198
445, 198
446, 197
452, 197
457, 202
457, 203
458, 204
458, 206
459, 207
459, 211
460, 212
460, 231
459, 232
459, 239
458, 240
458, 244
457, 245
457, 248
456, 249
456, 252
455, 253
455, 255
454, 256
454, 257
453, 258
453, 260
452, 261
452, 262
450, 264
450, 265
449, 266
449, 267
448, 268
448, 269
446, 271
446, 272
445, 273
445, 274
442, 277
442, 278
440, 280
439, 280
435, 284
433, 284
432, 285
430, 285
429, 284
428, 284
424, 280
424, 279
423, 278
423, 277
422, 276
422, 275
421, 274
421, 272
420, 271
420, 268
419, 267
419, 262
418, 261
418, 239
419, 238
419, 226
420, 225
420, 218
421, 217
421, 211
422, 210
422, 208
423, 207
423, 206
427, 202
427, 201
431, 197
431, 196
433, 194
433, 193
436, 190
436, 189
438, 187
438, 186
440, 184
440, 183
442, 181
442, 180
443, 179
443, 178
445, 176
445, 175
447, 173
447, 172
448, 171
448, 170
450, 168
450, 167
452, 165
452, 164
453, 163
453, 162
455, 160
455, 159
456, 158
456, 157
458, 155
458, 154
459, 153
459, 152
460, 151
460, 149
461, 148
461, 147
462, 146
462, 144
463, 143
463, 142
464, 141
464, 139
465, 138
465, 136
466, 135
466, 133
467, 132
467, 130
468, 129
468, 127
469, 126
469, 124
470, 123
470, 120
471, 119
471, 115
472, 114
472, 109
473, 108
473, 104
474, 103
474, 96
475, 95
475, 79
474, 78
474, 75
473, 74
473, 73
472, 72
468, 72
467, 73
466, 73
460, 79
460, 80
459, 81
459, 82
458, 83
458, 84
457, 85
457, 86
456, 87
456, 88
455, 89
455, 90
454, 91
454, 92
453, 93
453, 94
452, 95
452, 96
451, 97
451, 98
450, 99
450, 101
449, 102
449, 103
448, 104
448, 106
447, 107
447, 109
446, 110
446, 111
445, 112
445, 114
444, 115
444, 117
443, 118
443, 120
442, 121
442, 123
441, 124
441, 126
440, 127
440, 129
439, 130
439, 132
438, 133
438, 136
437, 137
437, 139
436, 140
436, 142
435, 143
435, 145
434, 146
434, 148
433, 149
433, 152
432, 153
432, 155
431, 156
431, 158
430, 159
430, 162
429, 163
429, 165
428, 166
428, 169
427, 170
427, 174
426, 175
426, 178
425, 179
425, 182
424, 183
424, 187
423, 188
423, 192
422, 193
422, 197
421, 198
421, 202
420, 203
420, 206
404, 222
403, 222
402, 223
401, 223
400, 222
400, 217
401, 216
401, 210
402, 209
402, 204
403, 203
403, 198
404, 197
404, 186
405, 185
405, 177
406, 176
406, 155
405, 154
405, 149
404, 148
404, 145
403, 144
403, 141
402, 140
402, 137
401, 136
401, 134
400, 133
400, 132
395, 127
394, 127
393, 126
388, 126
387, 127
386, 127
382, 131
382, 132
380, 134
380, 135
379, 136
379, 138
378, 139
378, 140
377, 141
377, 143
376, 144
376, 147
375, 148
375, 149
373, 151
373, 152
372, 153
372, 154
371, 155
371, 157
370, 158
370, 161
369, 162
369, 166
368, 167
368, 172
367, 173
367, 179
366, 180
366, 187
365, 188
365, 197
364, 198
364, 208
363, 209
363, 242
362, 243
362, 245
361, 246
361, 247
359, 249
359, 250
354, 255
353, 255
350, 258
349, 258
344, 263
343, 263
342, 264
341, 264
340, 265
339, 265
338, 266
335, 266
334, 267
330, 267
328, 265
328, 264
327, 263
327, 261
326, 260
326, 254
325, 253
325, 228
326, 227
326, 225
327, 224
327, 223
328, 222
328, 220
329, 219
329, 217
330, 216
330, 215
331, 214
331, 211
332, 210
332, 208
333, 207
333, 205
334, 204
334, 202
335, 201
335, 198
336, 197
336, 193
337, 192
337, 189
338, 188
338, 181
339, 180
339, 173
340, 172
340, 165
341, 164
340, 163
340, 161
337, 161
333, 165
333, 166
332, 167
332, 169
331, 170
331, 172
330, 173
330, 177
329, 178
329, 183
328, 184
328, 189
327, 190
327, 195
326, 196
326, 200
325, 201
325, 207
324, 208
324, 215
323, 216
323, 226
322, 227
322, 229
321, 230
321, 231
319, 233
319, 234
318, 235
318, 236
317, 237
317, 238
312, 243
312, 244
309, 247
309, 248
307, 250
307, 251
305, 253
305, 254
299, 260
298, 260
297, 261
293, 261
292, 260
291, 260
289, 258
289, 257
288, 256
288, 253
287, 252
287, 247
286, 246
286, 228
287, 227
287, 223
288, 222
288, 220
289, 219
289, 217
290, 216
290, 215
291, 214
291, 212
292, 211
292, 210
293, 209
293, 207
294, 206
294, 204
295, 203
295, 202
296, 201
296, 200
297, 199
297, 197
298, 196
298, 195
299, 194
299, 193
301, 191
301, 190
302, 189
302, 188
303, 187
303, 186
304, 185
304, 184
305, 183
305, 182
306, 181
306, 180
307, 179
307, 177
308, 176
308, 173
309, 172
309, 167
310, 166
310, 160
311, 159
311, 148
310, 147
310, 146
309, 145
307, 145
303, 149
303, 150
302, 151
302, 153
301, 154
301, 155
300, 156
300, 159
299, 160
299, 162
298, 163
298, 165
297, 166
297, 169
296, 170
296, 174
295, 175
295, 177
294, 178
294, 181
293, 182
293, 185
292, 186
292, 189
291, 190
291, 193
290, 194
290, 197
289, 198
289, 200
288, 201
288, 205
287, 206
287, 209
286, 210
286, 213
285, 214
285, 220
284, 221
284, 225
283, 226
283, 227
282, 228
282, 230
281, 231
281, 232
280, 233
280, 234
278, 236
278, 237
276, 239
276, 240
273, 243
273, 244
265, 252
265, 253
263, 255
262, 255
259, 258
256, 258
255, 259
253, 259
252, 258
250, 258
249, 257
248, 257
245, 254
245, 253
243, 251
243, 250
242, 249
242, 248
241, 247
241, 245
240, 244
240, 242
239, 241
239, 236
238, 235
238, 224
239, 223
239, 222
243, 218
243, 217
247, 213
247, 212
249, 210
249, 209
250, 208
250, 207
251, 206
251, 205
252, 204
252, 203
254, 201
254, 200
255, 199
255, 198
256, 197
256, 196
257, 195
257, 194
258, 193
258, 192
259, 191
259, 190
260, 189
260, 188
261, 187
261, 186
262, 185
262, 183
263, 182
263, 181
264, 180
264, 179
265, 178
265, 176
266, 175
266, 174
267, 173
267, 172
268, 171
268, 169
269, 168
269, 166
270, 165
270, 161
271, 160
271, 154
272, 153
272, 145
271, 144
271, 135
270, 134
270, 132
269, 131
269, 130
267, 128
266, 128
265, 127
264, 127
263, 128
262, 128
261, 129
260, 129
255, 134
255, 135
254, 136
254, 137
252, 139
252, 141
251, 142
251, 143
250, 144
250, 145
249, 146
249, 148
248, 149
248, 151
247, 152
247, 154
246, 155
246, 158
245, 159
245, 161
244, 162
244, 166
243, 167
243, 171
242, 172
242, 176
241, 177
241, 180
240, 181
240, 186
239, 187
239, 191
238, 192
238, 198
237, 199
237, 206
236, 207
236, 218
235, 219
235, 223
234, 224
234, 225
229, 230
229, 231
226, 234
225, 234
221, 238
220, 238
218, 240
217, 240
216, 241
215, 241
214, 242
212, 242
211, 243
208, 243
207, 244
204, 244
203, 245
199, 245
198, 246
196, 246
195, 245
193, 245
192, 244
191, 244
186, 239
186, 238
184, 236
184, 235
183, 234
183, 231
182, 230
182, 226
183, 225
183, 223
184, 222
184, 220
185, 219
185, 218
186, 217
186, 216
187, 215
187, 214
188, 213
188, 211
189, 210
189, 209
190, 208
190, 207
191, 206
191, 205
192, 204
192, 203
194, 201
194, 200
195, 199
195, 198
196, 197
196, 195
197, 194
197, 193
198, 192
198, 190
199, 189
199, 187
200, 186
200, 183
201, 182
201, 180
202, 179
202, 175
203, 174
203, 170
204, 169
204, 149
203, 148
203, 146
202, 145
201, 145
200, 144
199, 145
198, 145
194, 149
194, 150
193, 151
193, 152
192, 153
192, 154
191, 155
191, 157
190, 158
190, 160
189, 161
189, 164
188, 165
188, 168
187, 169
187, 172
186, 173
186, 177
185, 178
185, 181
184, 182
184, 186
183, 187
183, 193
182, 194
182, 200
181, 201
181, 208
180, 209
180, 217
179, 218
179, 227
178, 228
178, 229
177, 230
177, 232
175, 234
175, 235
174, 236
174, 237
173, 238
173, 239
164, 248
163, 248
162, 249
161, 249
160, 250
159, 250
158, 251
153, 251
152, 250
151, 250
146, 245
146, 244
145, 243
145, 241
144, 240
144, 237
143, 236
143, 227
144, 226
144, 225
145, 224
145, 223
146, 222
146, 220
147, 219
147, 218
148, 217
148, 216
149, 215
149, 213
150, 212
150, 210
151, 209
151, 207
152, 206
152, 204
153, 203
153, 201
154, 200
154, 197
155, 196
155, 192
156, 191
156, 188
157, 187
157, 183
158, 182
158, 178
159, 177
159, 173
160, 172
160, 167
161, 166
161, 161
162, 160
162, 150
161, 149
161, 141
160, 140
160, 139
156, 139
152, 143
152, 145
151, 146
151, 147
150, 148
150, 149
149, 150
149, 152
148, 153
148, 155
147, 156
147, 159
146, 160
146, 162
145, 163
145, 167
144, 168
144, 171
143, 172
143, 176
142, 177
142, 182
141, 183
141, 189
140, 190
140, 200
139, 201
139, 221
140, 222
140, 228
139, 229
139, 230
138, 231
138, 232
137, 233
137, 234
136, 235
136, 236
135, 237
135, 238
133, 240
133, 241
131, 243
131, 244
128, 247
128, 248
117, 259
116, 259
115, 260
113, 260
112, 259
111, 259
110, 258
109, 258
107, 256
107, 255
106, 254
106, 252
105, 251
105, 246
104, 245
104, 241
105, 240
105, 238
107, 236
107, 235
108, 234
108, 233
109, 232
109, 231
110, 230
110, 229
111, 228
111, 226
112, 225
112, 222
113, 221
113, 219
114, 218
114, 215
115, 214
115, 208
116, 207
116, 203
117, 202
117, 200
118, 199
118, 197
119, 196
119, 182
118, 181
118, 180
117, 179
117, 178
113, 178
112, 179
111, 179
110, 180
110, 181
109, 182
109, 183
108, 184
108, 185
107, 186
107, 188
106, 189
106, 191
105, 192
105, 194
104, 195
104, 198
103, 199
103, 202
102, 203
102, 208
101, 209
101, 243
100, 244
100, 245
98, 247
98, 248
90, 256
89, 256
87, 258
80, 258
74, 252
74, 251
73, 250
73, 249
72, 248
72, 247
71, 246
71, 244
70, 243
70, 242
69, 241
69, 239
68, 238
68, 233
67, 232
67, 223
68, 222
68, 221
70, 219
70, 218
71, 217
71, 216
72, 215
72, 214
73, 213
73, 212
75, 210
75, 209
76, 208
76, 206
77, 205
77, 204
78, 203
78, 202
79, 201
79, 199
80, 198
80, 197
81, 196
81, 195
82, 194
82, 192
83, 191
83, 190
84, 189
84, 188
85, 187
85, 185
86, 184
86, 182
87, 181
87, 179
88, 178
88, 174
89, 173
89, 165
90, 164
90, 155
91, 154
91, 142
90, 141
90, 137
89, 136
89, 135
88, 134
88, 133
86, 131
81, 131
79, 133
79, 134
78, 135
78, 136
76, 138
76, 139
75, 140
75, 141
74, 142
74, 143
73, 144
73, 146
72, 147
72, 149
71, 150
71, 153
70, 154
70, 156
69, 157
69, 161
68, 162
68, 168
67, 169
67, 180
66, 181
66, 193
65, 194
65, 216
64, 217
64, 224
62, 226
62, 227
59, 230
59, 231
54, 236
54, 237
49, 242
48, 242
45, 245
44, 245
43, 246
42, 246
41, 247
39, 247
38, 246
37, 246
32, 241
32, 240
31, 239
31, 238
30, 237
30, 235
29, 234
29, 232
28, 231
28, 229
27, 228
27, 225
26, 224
26, 219
25, 218
25, 208
24, 207
24, 186
25, 185
25, 171
26, 170
26, 163
27, 162
27, 155
28, 154
28, 148
29, 147
29, 142
30, 141
30, 136
31, 135
31, 131
32, 130
32, 126
33, 125
33, 121
34, 120
34, 116
35, 115
35, 110
36, 109
36, 105
37, 104
37, 100
38, 99
38, 95
39, 94
39, 90
40, 89
40, 86
41, 85
41, 83
42, 82
42, 79
43, 78
43, 75
44, 74
44, 72
45, 71
45, 69
46, 68
46, 66
47, 65
47, 63
48, 62
48, 60
49, 59
49, 58
50, 57
50, 55
51, 54
51, 52
52, 51
52, 50
53, 49
53, 47
54, 46
54, 45
55, 44
55, 42
56, 41
56, 40
57, 39
57, 38
58, 37
58, 35
59, 34
59, 33
60, 32
60, 31
61, 30
61, 29
62, 28
62, 27
63, 26
63, 25
64, 24
64, 23
66, 21
66, 20
70, 16
72, 16
73, 17
73, 26
72, 27
72, 30
71, 31
71, 34
70, 35
70, 37
69, 38
69, 40
68, 41
68, 43
67, 44
67, 45
66, 46
66, 47
65, 48
65, 49
64, 50
64, 51
61, 54
61, 55
60, 56
60, 57
63, 57
63, 56
65, 54
65, 53
66, 52
66, 51
67, 50
67, 49
68, 48
68, 47
69, 46
69, 45
70, 44
70, 42
71, 41
71, 40
72, 39
72, 37
73, 36
73, 33
74, 32
74, 29
75, 28
75, 15
74, 14
74, 13
391, 237
392, 236
393, 239
392, 240
392, 241
391, 242
391, 244
390, 245
390, 246
389, 247
389, 248
388, 249
388, 250
386, 252
386, 253
381, 257
380, 258
377, 258
376, 257
375, 257
370, 251
369, 250
369, 249
368, 248
368, 246
367, 245
367, 243
371, 245
376, 245
377, 244
378, 244
379, 243
380, 243
381, 242
382, 242
383, 241
384, 241
385, 240
386, 240
387, 239
388, 239
390, 237
114, 180
116, 182
116, 184
117, 185
117, 194
116, 195
116, 197
115, 198
115, 201
114, 202
114, 205
113, 206
113, 212
112, 213
112, 217
111, 218
111, 220
110, 221
110, 223
109, 224
109, 226
108, 227
108, 229
107, 230
107, 231
106, 232
106, 233
105, 234
104, 234
103, 233
103, 212
104, 211
104, 205
105, 204
105, 200
106, 199
106, 197
107, 196
107, 194
108, 193
108, 190
109, 189
109, 187
110, 186
110, 185
111, 184
111, 183
337, 165
338, 166
338, 169
337, 170
337, 177
336, 178
336, 186
335, 187
335, 190
334, 191
334, 195
333, 196
333, 199
332, 200
332, 202
331, 203
331, 205
330, 206
330, 209
329, 210
329, 212
328, 213
328, 214
327, 215
326, 214
326, 210
327, 209
327, 203
328, 202
328, 198
329, 197
329, 192
330, 191
330, 186
331, 185
331, 180
332, 179
332, 175
333, 174
333, 171
334, 170
334, 169
335, 168
335, 167
377, 152
378, 151
380, 153
380, 155
381, 156
381, 158
382, 159
382, 181
381, 182
381, 191
380, 192
380, 196
379, 197
379, 199
378, 200
378, 202
377, 203
377, 205
376, 206
376, 208
375, 209
375, 211
374, 212
374, 213
373, 214
373, 216
372, 217
372, 219
371, 220
371, 221
370, 222
370, 223
369, 224
369, 225
368, 226
368, 227
367, 228
366, 227
366, 210
367, 209
367, 203
368, 202
368, 195
369, 194
369, 188
370, 187
370, 182
371, 181
371, 177
372, 176
372, 171
373, 170
373, 166
374, 165
374, 162
375, 161
375, 157
376, 156
376, 154
377, 153
307, 149
308, 150
308, 164
307, 165
307, 169
306, 170
306, 174
305, 175
305, 177
304, 178
304, 180
303, 181
303, 182
302, 183
302, 184
301, 185
301, 186
299, 188
299, 189
298, 190
298, 191
297, 192
297, 193
296, 194
296, 195
295, 196
295, 198
294, 199
294, 200
292, 202
291, 201
291, 200
292, 199
292, 195
293, 194
293, 191
294, 190
294, 187
295, 186
295, 184
296, 183
296, 180
297, 179
297, 176
298, 175
298, 172
299, 171
299, 168
300, 167
300, 165
301, 164
301, 161
302, 160
302, 158
303, 157
303, 155
304, 154
304, 153
305, 152
305, 151
199, 148
200, 148
201, 149
201, 150
202, 151
202, 164
201, 165
201, 172
200, 173
200, 177
199, 178
199, 181
198, 182
198, 184
197, 185
197, 187
196, 188
196, 190
195, 191
195, 193
194, 194
194, 195
193, 196
193, 197
192, 198
192, 199
191, 200
191, 201
190, 202
190, 203
189, 204
189, 205
188, 206
188, 207
187, 208
187, 209
186, 210
186, 211
185, 212
185, 213
184, 214
184, 215
183, 216
182, 215
182, 212
183, 211
183, 204
184, 203
184, 197
185, 196
185, 190
186, 189
186, 184
187, 183
187, 180
188, 179
188, 175
189, 174
189, 171
190, 170
190, 167
191, 166
191, 163
192, 162
192, 159
193, 158
193, 157
194, 156
194, 154
195, 153
195, 152
155, 143
156, 142
157, 142
159, 144
159, 154
160, 155
159, 156
159, 164
158, 165
158, 170
157, 171
157, 175
156, 176
156, 180
155, 181
155, 185
154, 186
154, 189
153, 190
153, 194
152, 195
152, 198
151, 199
151, 201
150, 202
150, 205
149, 206
149, 208
148, 209
148, 211
147, 212
147, 213
146, 214
146, 215
145, 216
145, 218
143, 220
142, 219
142, 193
143, 192
143, 185
144, 184
144, 179
145, 178
145, 174
146, 173
146, 169
147, 168
147, 165
148, 164
148, 161
149, 160
149, 158
150, 157
150, 155
151, 154
151, 152
152, 151
152, 149
153, 148
153, 147
154, 146
154, 145
155, 144
83, 133
84, 133
87, 136
87, 138
88, 139
88, 145
89, 146
89, 149
88, 150
88, 161
87, 162
87, 170
86, 171
86, 176
85, 177
85, 180
84, 181
84, 183
83, 184
83, 185
82, 186
82, 188
81, 189
81, 190
80, 191
80, 192
79, 193
79, 194
78, 195
78, 197
77, 198
77, 199
76, 200
76, 202
75, 203
75, 204
74, 205
74, 206
73, 207
73, 208
72, 209
72, 210
71, 211
71, 212
70, 213
70, 214
68, 216
67, 215
67, 201
68, 200
68, 185
69, 184
69, 173
70, 172
70, 164
71, 163
71, 159
72, 158
72, 155
73, 154
73, 152
74, 151
74, 149
75, 148
75, 146
76, 145
76, 144
77, 143
77, 142
78, 141
78, 140
79, 139
79, 138
80, 137
80, 136
263, 130
265, 130
268, 133
268, 136
269, 137
269, 158
268, 159
268, 163
267, 164
267, 166
266, 167
266, 169
265, 170
265, 172
264, 173
264, 174
263, 175
263, 176
262, 177
262, 179
261, 180
261, 181
260, 182
260, 183
259, 184
259, 185
258, 186
258, 187
257, 188
257, 189
256, 190
256, 191
255, 192
255, 193
254, 194
254, 195
253, 196
253, 197
252, 198
252, 199
251, 200
251, 201
250, 202
250, 203
249, 204
249, 205
247, 207
247, 208
246, 209
246, 210
243, 213
243, 214
239, 218
238, 217
238, 211
239, 210
239, 202
240, 201
240, 195
241, 194
241, 189
242, 188
242, 183
243, 182
243, 178
244, 177
244, 174
245, 173
245, 169
246, 168
246, 164
247, 163
247, 160
248, 159
248, 157
249, 156
249, 153
250, 152
250, 150
251, 149
251, 148
252, 147
252, 145
253, 144
253, 143
254, 142
254, 141
255, 140
255, 139
256, 138
256, 137
258, 135
258, 134
260, 132
261, 132
389, 129
390, 128
391, 128
392, 129
393, 129
395, 131
396, 131
397, 132
397, 133
398, 134
398, 135
399, 136
399, 138
400, 139
400, 141
401, 142
401, 145
402, 146
402, 150
403, 151
403, 157
404, 158
404, 172
403, 173
403, 181
402, 182
402, 191
401, 192
401, 201
400, 202
400, 206
399, 207
399, 213
398, 214
398, 219
397, 220
397, 224
396, 225
396, 227
395, 228
395, 229
394, 230
394, 231
392, 233
391, 233
388, 236
387, 236
385, 238
383, 238
382, 239
381, 239
379, 241
378, 241
377, 242
376, 242
375, 243
373, 243
370, 240
370, 239
369, 238
369, 237
368, 236
368, 234
369, 233
369, 231
370, 230
370, 228
371, 227
371, 226
372, 225
372, 224
373, 223
373, 221
374, 220
374, 219
375, 218
375, 216
376, 215
376, 213
377, 212
377, 211
378, 210
378, 208
379, 207
379, 205
380, 204
380, 202
381, 201
381, 199
382, 198
382, 194
383, 193
383, 186
384, 185
384, 174
385, 173
385, 164
384, 163
384, 158
383, 157
383, 154
382, 153
382, 152
381, 151
381, 150
378, 147
378, 146
379, 145
379, 143
380, 142
380, 140
381, 139
381, 138
382, 137
382, 136
383, 135
383, 134
388, 129
467, 76
468, 75
470, 75
472, 77
472, 81
473, 82
473, 90
472, 91
472, 100
471, 101
471, 106
470, 107
470, 112
469, 113
469, 117
468, 118
468, 121
467, 122
467, 125
466, 126
466, 128
465, 129
465, 131
464, 132
464, 134
463, 135
463, 137
462, 138
462, 139
461, 140
461, 142
460, 143
460, 144
459, 145
459, 147
458, 148
458, 149
457, 150
457, 151
456, 152
456, 153
455, 154
455, 155
454, 156
454, 157
452, 159
452, 160
451, 161
451, 162
449, 164
449, 165
447, 167
447, 168
446, 169
446, 170
444, 172
444, 173
442, 175
442, 176
441, 177
441, 178
439, 180
439, 181
437, 183
437, 184
435, 186
435, 187
432, 190
432, 191
430, 193
430, 194
427, 197
427, 198
425, 200
424, 199
424, 195
425, 194
425, 190
426, 189
426, 185
427, 184
427, 181
428, 180
428, 176
429, 175
429, 172
430, 171
430, 168
431, 167
431, 164
432, 163
432, 161
433, 160
433, 158
434, 157
434, 154
435, 153
435, 151
436, 150
436, 148
437, 147
437, 145
438, 144
438, 141
439, 140
439, 138
440, 137
440, 135
441, 134
441, 132
442, 131
442, 129
443, 128
443, 125
444, 124
444, 122
445, 121
445, 119
446, 118
446, 117
447, 116
447, 114
448, 113
448, 111
449, 110
449, 108
450, 107
450, 106
451, 105
451, 103
452, 102
452, 101
453, 100
453, 99
454, 98
454, 96
455, 95
455, 94
456, 93
456, 92
457, 91
457, 90
458, 89
458, 88
459, 87
459, 86
460, 85
460, 84
461, 83
461, 82
464, 79
464, 78
466, 76
