4, 2
496, 4
494, 339
2, 337
329, 15
329, 19
330, 20
330, 22
331, 23
331, 24
332, 25
332, 26
333, 27
333, 28
334, 29
334, 30
336, 32
336, 33
338, 35
338, 36
340, 38
340, 39
344, 43
344, 44
349, 49
349, 50
372, 73
373, 73
377, 77
378, 77
382, 81
383, 81
385, 83
385, 84
387, 86
387, 87
389, 89
389, 90
391, 92
391, 93
392, 94
392, 95
394, 97
394, 98
396, 100
396, 101
397, 102
397, 103
399, 105
399, 106
400, 107
400, 108
402, 110
402, 111
403, 112
403, 113
405, 115
405, 116
406, 117
406, 118
407, 119
407, 120
408, 121
408, 122
410, 124
410, 125
411, 126
411, 127
412, 128
412, 129
414, 131
414, 132
415, 133
415, 134
416, 135
416, 136
417, 137
417, 138
419, 140
419, 141
420, 142
420, 143
422, 145
422, 146
424, 148
424, 149
425, 150
425, 151
426, 152
426, 153
428, 155
428, 156
429, 157
429, 158
431, 160
431, 161
432, 162
432, 163
434, 165
434, 166
435, 167
435, 168
436, 169
430, 166
429, 166
421, 158
420, 158
415, 153
414, 153
408, 147
407, 147
401, 141
400, 141
395, 136
394, 136
388, 130
387, 130
383, 126
382, 126
377, 121
376, 121
372, 117
371, 117
367, 113
366, 113
363, 110
362, 110
358, 106
357, 106
354, 103
353, 103
350, 100
349, 100
347, 98
346, 98
343, 95
342, 95
340, 93
339, 93
335, 89
334, 89
330, 85
329, 85
327, 83
326, 83
323, 80
322, 80
320, 78
319, 78
315, 74
314, 74
311, 71
310, 71
307, 68
306, 68
302, 64
301, 64
299, 62
298, 62
295, 59
294, 59
292, 57
291, 57
289, 55
288, 55
287, 54
286, 54
284, 52
283, 52
282, 51
281, 51
279, 49
278, 49
277, 48
276, 48
275, 47
274, 47
273, 46
272, 46
271, 45
270, 45
269, 44
268, 44
267, 43
265, 43
264, 42
257, 42
256, 43
255, 43
253, 45
253, 46
252, 47
252, 48
251, 49
250, 48
249, 48
248, 47
247, 47
245, 45
244, 45
243, 44
241, 44
240, 43
237, 43
236, 42
234, 42
233, 43
231, 43
228, 46
228, 52
229, 53
229, 55
230, 56
230, 57
231, 58
231, 59
232, 60
232, 61
233, 62
233, 63
235, 65
235, 66
236, 67
236, 68
238, 70
238, 71
239, 72
239, 73
241, 75
241, 76
243, 78
242, 79
241, 79
238, 76
237, 76
233, 72
232, 72
227, 67
226, 67
222, 63
221, 63
216, 58
215, 58
207, 50
206, 50
200, 44
199, 44
192, 37
191, 37
187, 33
186, 33
184, 31
183, 31
181, 29
180, 29
179, 28
178, 28
177, 27
173, 27
171, 29
171, 32
172, 33
172, 34
173, 35
173, 36
174, 37
174, 38
175, 39
175, 40
176, 41
176, 42
177, 43
177, 44
178, 45
178, 46
180, 48
180, 49
181, 50
181, 51
183, 53
183, 54
184, 55
184, 56
186, 58
186, 59
188, 61
188, 62
190, 64
190, 65
192, 67
192, 68
194, 70
194, 71
197, 74
197, 75
199, 77
199, 78
201, 80
201, 81
203, 83
203, 84
206, 87
206, 88
208, 90
208, 91
211, 94
211, 95
214, 98
214, 99
216, 101
216, 102
219, 105
219, 106
222, 109
222, 110
225, 113
225, 114
227, 116
227, 117
230, 120
230, 121
232, 123
232, 124
233, 125
233, 126
235, 128
235, 129
237, 131
237, 132
239, 134
239, 135
240, 136
240, 137
242, 139
242, 140
243, 141
243, 142
244, 143
244, 144
245, 145
245, 146
246, 147
246, 148
247, 149
247, 150
248, 151
248, 152
249, 153
249, 154
250, 155
250, 157
251, 158
251, 160
252, 161
252, 163
253, 164
253, 169
254, 170
254, 175
251, 178
249, 178
248, 177
247, 177
246, 176
245, 176
244, 175
243, 175
242, 174
241, 174
240, 173
239, 173
237, 171
236, 171
235, 170
234, 170
232, 168
231, 168
229, 166
228, 166
226, 164
225, 164
223, 162
222, 162
219, 159
218, 159
216, 157
216, 156
213, 153
213, 152
212, 151
212, 149
211, 148
211, 145
210, 144
210, 143
207, 143
207, 148
208, 149
208, 151
209, 152
209, 153
210, 154
210, 155
212, 157
212, 158
217, 163
218, 163
221, 166
222, 166
224, 168
225, 168
227, 170
228, 170
230, 172
231, 172
232, 173
233, 173
235, 175
236, 175
237, 176
238, 176
240, 178
241, 178
242, 179
244, 179
245, 180
246, 180
247, 181
249, 181
250, 182
251, 182
252, 181
254, 181
257, 178
257, 165
256, 164
256, 162
255, 161
255, 158
254, 157
254, 155
253, 154
253, 153
252, 152
252, 151
251, 150
251, 148
250, 147
250, 146
249, 145
249, 144
247, 142
247, 141
246, 140
246, 139
245, 138
245, 137
244, 136
244, 135
242, 133
242, 132
240, 130
240, 129
239, 128
239, 127
237, 125
237, 124
235, 122
235, 121
233, 119
233, 118
231, 116
231, 115
228, 112
228, 111
226, 109
226, 108
223, 105
223, 104
220, 101
220, 100
218, 98
218, 97
215, 94
215, 93
212, 90
212, 89
210, 87
210, 86
207, 83
207, 82
205, 80
205, 79
203, 77
203, 76
201, 74
201, 73
198, 70
198, 69
196, 67
196, 66
194, 64
194, 63
192, 61
192, 60
189, 57
189, 56
187, 54
187, 53
186, 52
186, 51
184, 49
184, 48
183, 47
183, 46
182, 45
182, 44
180, 42
180, 41
179, 40
179, 39
178, 38
178, 37
177, 36
177, 35
176, 34
176, 33
175, 32
176, 31
177, 31
178, 32
179, 32
181, 34
182, 34
186, 38
187, 38
192, 43
193, 43
199, 49
200, 49
209, 58
210, 58
215, 63
216, 63
220, 67
221, 67
226, 72
227, 72
232, 77
233, 77
236, 80
237, 80
242, 85
243, 85
247, 89
248, 89
251, 92
252, 92
255, 95
255, 96
258, 99
258, 100
262, 104
262, 105
271, 114
271, 115
291, 135
292, 135
295, 138
296, 138
297, 139
298, 139
299, 140
303, 140
305, 138
305, 132
306, 131
307, 132
308, 132
311, 135
312, 135
314, 137
315, 137
316, 138
317, 138
318, 139
319, 139
320, 140
327, 140
331, 136
331, 134
332, 133
332, 123
331, 122
331, 119
330, 118
330, 117
329, 116
329, 115
328, 114
328, 113
327, 112
327, 111
324, 108
324, 107
313, 96
312, 96
308, 92
307, 92
302, 87
301, 87
297, 83
296, 83
292, 79
291, 79
288, 76
287, 76
282, 71
281, 71
276, 66
275, 66
271, 62
270, 62
267, 59
266, 59
264, 57
263, 57
260, 54
259, 54
256, 51
256, 48
259, 45
261, 45
262, 46
264, 46
265, 47
267, 47
268, 48
269, 48
270, 49
271, 49
272, 50
273, 50
274, 51
275, 51
277, 53
278, 53
279, 54
280, 54
282, 56
283, 56
284, 57
285, 57
287, 59
288, 59
290, 61
291, 61
293, 63
294, 63
296, 65
297, 65
300, 68
301, 68
305, 72
306, 72
309, 75
310, 75
314, 79
315, 79
317, 81
318, 81
321, 84
322, 84
324, 86
325, 86
329, 90
330, 90
333, 93
334, 93
337, 96
338, 96
341, 99
342, 99
344, 101
345, 101
348, 104
349, 104
352, 107
353, 107
356, 110
357, 110
361, 114
362, 114
365, 117
366, 117
370, 121
371, 121
376, 126
377, 126
381, 130
382, 130
388, 136
389, 136
394, 141
395, 141
399, 145
400, 145
408, 153
409, 153
413, 157
414, 157
421, 164
422, 164
431, 173
432, 173
449, 190
449, 191
452, 194
452, 195
453, 196
453, 197
454, 198
454, 199
456, 201
456, 202
457, 203
457, 204
458, 205
458, 206
459, 207
459, 208
460, 209
460, 210
461, 211
461, 212
462, 213
462, 214
463, 215
463, 216
464, 217
464, 218
465, 219
465, 220
467, 222
467, 223
473, 229
474, 229
476, 227
476, 226
475, 225
475, 221
474, 220
474, 219
473, 218
473, 217
471, 215
471, 214
469, 212
469, 211
467, 209
467, 208
465, 206
465, 205
463, 203
463, 202
462, 201
462, 200
459, 197
459, 196
455, 192
455, 191
453, 189
453, 188
451, 186
451, 185
449, 183
449, 182
447, 180
447, 179
446, 178
446, 177
444, 175
444, 174
442, 172
442, 171
440, 169
440, 168
439, 167
439, 166
437, 164
437, 163
436, 162
436, 161
434, 159
434, 158
433, 157
433, 156
431, 154
431, 153
430, 152
430, 151
428, 149
428, 148
427, 147
427, 146
425, 144
425, 143
424, 142
424, 141
422, 139
422, 138
421, 137
421, 136
419, 134
419, 133
418, 132
418, 131
417, 130
417, 129
416, 128
416, 127
414, 125
414, 124
413, 123
413, 122
412, 121
412, 120
411, 119
411, 118
409, 116
409, 115
408, 114
408, 113
407, 112
407, 111
405, 109
405, 108
404, 107
404, 106
402, 104
402, 103
401, 102
401, 101
399, 99
399, 98
398, 97
398, 96
396, 94
396, 93
395, 92
395, 91
396, 90
397, 91
398, 91
400, 93
401, 93
402, 94
403, 94
405, 96
406, 96
407, 97
408, 97
409, 98
410, 98
412, 100
413, 100
414, 101
415, 101
416, 102
417, 102
418, 103
420, 103
421, 104
422, 104
423, 105
425, 105
426, 106
427, 106
428, 107
429, 107
430, 108
431, 108
432, 109
434, 109
435, 110
436, 110
437, 111
439, 111
440, 112
443, 112
444, 113
446, 113
447, 114
449, 114
450, 115
451, 115
452, 116
454, 116
455, 117
457, 117
458, 118
459, 118
460, 119
461, 119
462, 120
464, 120
465, 121
468, 121
469, 120
469, 119
468, 118
467, 118
466, 117
465, 117
464, 116
463, 116
462, 115
460, 115
459, 114
458, 114
457, 113
455, 113
454, 112
452, 112
451, 111
449, 111
448, 110
446, 110
445, 109
443, 109
442, 108
440, 108
439, 107
437, 107
436, 106
435, 106
434, 105
432, 105
431, 104
430, 104
429, 103
428, 103
427, 102
426, 102
425, 101
423, 101
422, 100
421, 100
420, 99
418, 99
417, 98
416, 98
414, 96
413, 96
412, 95
411, 95
410, 94
409, 94
407, 92
406, 92
405, 91
404, 91
403, 90
402, 90
400, 88
399, 88
397, 86
396, 86
394, 84
393, 84
391, 82
390, 82
385, 77
385, 76
383, 74
383, 73
381, 71
381, 70
380, 69
380, 68
377, 65
377, 64
375, 62
375, 61
372, 58
372, 57
369, 54
369, 53
365, 49
365, 48
332, 15
270, 108
271, 107
272, 107
275, 110
276, 110
279, 113
280, 113
284, 117
285, 117
289, 121
290, 121
294, 125
295, 125
299, 129
299, 130
301, 132
301, 135
300, 136
299, 136
298, 135
297, 135
258, 60
259, 59
260, 59
261, 60
262, 60
265, 63
266, 63
270, 67
271, 67
275, 71
276, 71
281, 76
282, 76
286, 80
287, 80
290, 83
291, 83
295, 87
296, 87
301, 92
302, 92
306, 96
307, 96
312, 101
313, 101
319, 107
319, 108
323, 112
323, 113
325, 115
325, 116
326, 117
326, 118
327, 119
327, 121
328, 122
328, 125
329, 126
329, 131
328, 132
328, 134
325, 137
322, 137
321, 136
320, 136
319, 135
318, 135
317, 134
316, 134
313, 131
312, 131
308, 127
307, 127
296, 116
296, 115
293, 112
293, 111
289, 107
289, 106
286, 103
286, 102
282, 98
282, 97
279, 94
279, 93
276, 90
276, 89
272, 85
272, 84
270, 82
270, 81
268, 79
268, 78
266, 76
266, 75
265, 74
265, 73
264, 72
264, 71
262, 69
262, 68
261, 67
261, 66
260, 65
260, 63
259, 62
259, 61
234, 46
237, 46
238, 47
240, 47
241, 48
242, 48
243, 49
244, 49
245, 50
246, 50
247, 51
248, 51
250, 53
251, 53
253, 55
253, 57
254, 58
254, 60
255, 61
255, 62
256, 63
256, 65
257, 66
257, 67
258, 68
258, 69
259, 70
259, 71
260, 72
260, 73
262, 75
262, 76
263, 77
263, 78
265, 80
265, 81
266, 82
266, 83
269, 86
269, 87
271, 89
271, 90
275, 94
275, 95
278, 98
278, 99
281, 102
281, 103
285, 107
285, 108
288, 111
288, 112
291, 115
290, 116
289, 116
285, 112
284, 112
281, 109
280, 109
277, 106
276, 106
273, 103
272, 103
269, 100
268, 100
265, 97
264, 97
261, 94
260, 94
253, 87
253, 86
251, 84
251, 83
248, 80
248, 79
247, 78
247, 77
245, 75
245, 74
243, 72
243, 71
241, 69
241, 68
240, 67
240, 66
238, 64
238, 63
237, 62
237, 61
235, 59
235, 58
234, 57
234, 56
233, 55
233, 53
232, 52
232, 51
231, 50
231, 49
338, 28
339, 27
359, 47
359, 48
365, 54
365, 55
368, 58
368, 59
372, 63
372, 64
374, 66
371, 66
370, 66
358, 54
358, 53
348, 43
348, 42
344, 38
344, 37
341, 34
341, 33
339, 31
339, 30
338, 29
23, 15
22, 16
22, 26
23, 27
23, 29
24, 30
24, 32
25, 33
25, 34
26, 35
26, 36
27, 37
27, 38
28, 39
28, 40
29, 41
29, 42
30, 43
30, 44
31, 45
31, 46
32, 47
32, 48
33, 49
33, 50
34, 51
34, 52
35, 53
35, 54
36, 55
36, 56
37, 57
37, 58
39, 60
39, 61
40, 62
40, 63
41, 64
41, 65
43, 67
43, 68
44, 69
44, 70
45, 71
45, 72
47, 74
47, 75
48, 76
48, 77
50, 79
50, 80
51, 81
51, 82
53, 84
53, 85
56, 88
56, 89
58, 91
58, 92
61, 95
61, 96
63, 98
63, 99
67, 103
67, 104
71, 108
71, 109
75, 113
75, 114
79, 118
79, 119
85, 125
85, 126
92, 133
92, 134
102, 144
102, 145
121, 164
121, 165
139, 183
140, 183
153, 196
154, 196
160, 202
161, 202
166, 207
167, 207
171, 211
172, 211
176, 215
177, 215
186, 224
186, 225
188, 227
188, 228
190, 230
190, 231
193, 234
193, 235
195, 237
195, 238
197, 240
197, 241
200, 244
200, 245
202, 247
202, 248
204, 250
204, 251
206, 253
206, 254
208, 256
208, 257
210, 259
210, 260
213, 263
213, 264
215, 266
215, 267
217, 269
217, 270
219, 272
219, 273
221, 275
221, 276
223, 278
223, 279
225, 281
225, 282
226, 283
226, 284
228, 286
228, 287
230, 289
230, 290
231, 291
231, 292
232, 293
232, 294
234, 296
234, 297
235, 298
235, 299
236, 300
236, 301
237, 302
237, 303
238, 304
238, 305
239, 306
239, 307
240, 308
240, 309
241, 310
241, 311
242, 312
242, 313
243, 314
243, 315
244, 316
244, 317
243, 318
240, 315
239, 315
236, 312
235, 312
232, 309
231, 309
227, 305
226, 305
223, 302
222, 302
219, 299
218, 299
215, 296
214, 296
210, 292
209, 292
206, 289
205, 289
202, 286
201, 286
198, 283
197, 283
195, 281
194, 281
191, 278
190, 278
188, 276
187, 276
184, 273
183, 273
181, 271
180, 271
177, 268
176, 268
174, 266
173, 266
170, 263
169, 263
167, 261
166, 261
164, 259
163, 259
159, 255
158, 255
155, 252
154, 252
151, 249
150, 249
146, 245
145, 245
140, 240
139, 240
130, 231
130, 230
129, 229
131, 227
131, 226
130, 225
127, 225
125, 227
125, 229
126, 230
126, 231
128, 233
128, 234
136, 242
137, 242
142, 247
143, 247
147, 251
148, 251
151, 254
152, 254
155, 257
156, 257
160, 261
161, 261
163, 263
164, 263
166, 265
167, 265
170, 268
171, 268
174, 271
175, 271
177, 273
178, 273
181, 276
182, 276
184, 278
185, 278
187, 280
188, 280
191, 283
192, 283
194, 285
195, 285
198, 288
199, 288
202, 291
203, 291
206, 294
207, 294
211, 298
212, 298
215, 301
216, 301
219, 304
220, 304
223, 307
224, 307
228, 311
229, 311
232, 314
233, 314
236, 317
237, 317
241, 321
242, 321
244, 323
245, 323
247, 325
250, 325
250, 321
249, 320
249, 319
248, 318
248, 317
247, 316
247, 315
246, 314
246, 313
245, 312
245, 310
244, 309
244, 308
243, 307
243, 306
242, 305
242, 304
241, 303
241, 302
240, 301
240, 300
239, 299
239, 298
237, 296
237, 295
236, 294
236, 293
235, 292
235, 291
233, 289
233, 288
232, 287
232, 286
230, 284
230, 283
229, 282
229, 281
227, 279
227, 278
225, 276
225, 275
223, 273
223, 272
221, 270
221, 269
219, 267
219, 266
218, 265
218, 264
215, 261
215, 260
213, 258
213, 257
210, 254
210, 253
208, 251
208, 250
206, 248
206, 247
204, 245
204, 244
202, 242
202, 241
199, 238
199, 237
197, 235
197, 234
195, 232
195, 231
196, 230
198, 232
199, 232
202, 235
203, 235
205, 237
206, 237
208, 239
209, 239
211, 241
212, 241
214, 243
215, 243
217, 245
218, 245
220, 247
221, 247
223, 249
224, 249
225, 250
226, 250
228, 252
229, 252
230, 253
231, 253
233, 255
234, 255
235, 256
236, 256
237, 257
238, 257
240, 259
241, 259
242, 260
243, 260
244, 261
245, 261
247, 263
248, 263
249, 264
250, 264
251, 265
252, 265
253, 266
254, 266
255, 267
256, 267
257, 268
258, 268
259, 269
260, 269
261, 270
262, 270
263, 271
264, 271
265, 272
266, 272
267, 273
268, 273
269, 274
271, 274
272, 275
273, 275
274, 276
275, 276
276, 277
278, 277
279, 278
280, 278
281, 279
283, 279
284, 280
285, 280
286, 281
288, 281
289, 282
291, 282
292, 283
294, 283
295, 284
297, 284
298, 285
301, 285
302, 286
306, 286
307, 287
321, 287
322, 286
327, 286
328, 285
330, 285
331, 284
332, 284
333, 283
334, 283
336, 281
336, 280
337, 279
336, 278
336, 274
335, 273
335, 271
333, 269
333, 268
332, 267
332, 266
329, 263
329, 262
327, 260
327, 259
324, 256
324, 255
322, 253
322, 252
320, 250
320, 249
318, 247
318, 246
316, 244
316, 243
314, 241
314, 240
312, 238
312, 237
311, 236
311, 235
309, 233
309, 232
307, 230
307, 229
306, 228
306, 227
305, 226
305, 225
304, 224
304, 223
301, 220
301, 219
299, 217
299, 216
298, 215
298, 214
297, 213
297, 212
296, 211
296, 209
295, 208
295, 207
294, 206
294, 205
293, 204
293, 203
289, 199
288, 199
287, 200
287, 201
288, 202
288, 203
291, 206
291, 207
292, 208
292, 210
293, 211
293, 212
294, 213
294, 214
295, 215
295, 216
296, 217
296, 218
297, 219
297, 220
299, 222
299, 223
302, 226
302, 227
303, 228
303, 229
304, 230
304, 231
305, 232
305, 233
307, 235
307, 236
308, 237
308, 238
310, 240
310, 241
312, 243
312, 244
314, 246
314, 247
316, 249
316, 250
318, 252
318, 253
320, 255
320, 256
322, 258
322, 259
324, 261
324, 262
327, 265
327, 266
329, 268
329, 269
331, 271
331, 272
332, 273
332, 274
333, 275
333, 279
331, 281
330, 281
329, 282
326, 282
325, 283
321, 283
320, 284
309, 284
308, 283
304, 283
303, 282
300, 282
299, 281
297, 281
296, 280
294, 280
293, 279
291, 279
290, 278
288, 278
287, 277
285, 277
284, 276
282, 276
281, 275
280, 275
279, 274
278, 274
277, 273
275, 273
274, 272
273, 272
272, 271
271, 271
270, 270
269, 270
268, 269
266, 269
265, 268
264, 268
263, 267
262, 267
261, 266
260, 266
259, 265
258, 265
257, 264
256, 264
255, 263
254, 263
252, 261
251, 261
250, 260
249, 260
248, 259
247, 259
246, 258
245, 258
243, 256
242, 256
241, 255
240, 255
239, 254
238, 254
236, 252
235, 252
234, 251
233, 251
231, 249
230, 249
229, 248
228, 248
226, 246
225, 246
224, 245
223, 245
221, 243
220, 243
218, 241
217, 241
215, 239
214, 239
212, 237
211, 237
209, 235
208, 235
206, 233
205, 233
202, 230
201, 230
198, 227
197, 227
194, 224
193, 224
190, 221
189, 221
183, 215
183, 214
181, 212
181, 211
179, 209
179, 208
177, 206
177, 205
174, 202
174, 201
172, 199
172, 198
169, 195
169, 194
167, 192
167, 191
164, 188
164, 187
161, 184
161, 183
158, 180
158, 179
155, 176
155, 175
152, 172
152, 171
148, 167
148, 166
144, 162
144, 161
141, 158
141, 157
138, 154
138, 153
134, 149
134, 148
131, 145
131, 144
127, 140
127, 139
124, 136
124, 135
121, 132
121, 131
118, 128
118, 127
113, 122
113, 121
109, 117
109, 116
105, 112
105, 111
102, 108
102, 107
98, 103
98, 102
95, 99
95, 98
92, 95
92, 94
89, 91
89, 90
86, 87
86, 86
83, 83
83, 82
81, 80
81, 79
78, 76
78, 75
75, 72
75, 71
71, 67
71, 66
68, 63
68, 62
65, 59
65, 58
62, 55
62, 54
58, 50
58, 49
53, 44
53, 43
47, 37
47, 36
29, 18
28, 18
25, 15
25, 22
26, 21
27, 21
45, 39
45, 40
51, 46
51, 47
56, 52
56, 53
60, 57
60, 58
63, 61
63, 62
66, 65
66, 66
69, 69
69, 70
73, 74
73, 75
76, 78
76, 79
79, 82
79, 83
81, 85
81, 86
84, 89
84, 90
87, 93
87, 94
89, 96
89, 97
93, 101
93, 102
96, 105
96, 106
100, 110
100, 111
103, 114
103, 115
107, 119
107, 120
111, 124
111, 125
116, 130
116, 131
119, 134
119, 135
122, 138
122, 139
125, 142
125, 143
129, 147
129, 148
132, 151
132, 152
136, 156
136, 157
139, 160
139, 161
142, 164
142, 165
146, 169
146, 170
150, 174
150, 175
153, 178
153, 179
156, 182
156, 183
159, 186
159, 187
162, 190
162, 191
165, 194
165, 195
167, 197
167, 198
170, 201
170, 202
172, 204
170, 205
169, 205
164, 200
163, 200
157, 194
156, 194
144, 182
143, 182
123, 162
123, 161
103, 141
103, 140
94, 131
94, 130
86, 122
86, 121
81, 116
81, 115
77, 111
77, 110
73, 106
73, 105
68, 100
68, 99
65, 96
65, 95
63, 93
63, 92
60, 89
60, 88
58, 86
58, 85
55, 82
55, 81
54, 80
54, 79
52, 77
52, 76
51, 75
51, 74
49, 72
49, 71
48, 70
48, 69
46, 67
46, 66
45, 65
45, 64
44, 63
44, 62
42, 60
42, 59
41, 58
41, 57
40, 56
40, 55
38, 53
38, 52
37, 51
37, 50
36, 49
36, 48
35, 47
35, 46
34, 45
34, 44
33, 43
33, 42
32, 41
32, 40
31, 39
31, 38
30, 37
30, 36
29, 35
29, 34
28, 33
28, 31
27, 30
27, 28
26, 27
26, 25
25, 24
