366, 2
368, 367
4, 369
2, 4
32, 89
31, 90
30, 90
29, 91
28, 91
25, 94
25, 96
24, 97
24, 110
25, 111
25, 114
26, 115
26, 117
27, 118
27, 120
28, 121
28, 123
29, 124
29, 126
30, 127
30, 129
31, 130
31, 131
32, 132
32, 134
33, 135
33, 136
34, 137
34, 139
35, 140
35, 142
36, 143
36, 144
37, 145
37, 146
38, 147
38, 148
39, 149
39, 150
40, 151
40, 152
41, 153
41, 154
42, 155
42, 156
43, 157
43, 158
44, 159
44, 160
45, 161
45, 162
47, 164
47, 165
49, 167
49, 168
51, 170
51, 171
53, 173
53, 174
55, 176
55, 177
57, 179
57, 183
58, 184
58, 189
59, 190
59, 195
60, 196
60, 201
61, 202
61, 207
62, 208
62, 212
63, 213
63, 218
64, 219
64, 223
65, 224
65, 228
66, 229
66, 233
67, 234
67, 238
68, 239
68, 242
69, 243
69, 247
70, 248
70, 252
71, 253
71, 257
72, 258
72, 262
73, 263
73, 268
74, 269
74, 274
75, 275
75, 279
76, 280
76, 285
77, 286
77, 290
78, 291
78, 295
79, 296
79, 299
78, 300
77, 299
77, 298
74, 295
74, 294
72, 292
72, 291
68, 287
68, 286
58, 276
58, 275
18, 235
16, 237
51, 272
51, 273
62, 284
62, 285
68, 291
68, 292
71, 295
71, 296
74, 299
74, 300
76, 302
76, 303
78, 305
78, 306
79, 307
79, 308
81, 310
81, 311
82, 312
82, 313
83, 314
83, 315
84, 316
84, 317
85, 318
85, 319
86, 320
86, 322
87, 323
87, 324
88, 325
88, 327
89, 328
89, 330
90, 331
90, 332
91, 333
91, 335
92, 336
92, 338
93, 339
93, 340
94, 341
94, 343
95, 344
95, 346
96, 347
96, 350
97, 351
97, 353
98, 354
99, 354
100, 353
100, 349
99, 348
99, 345
98, 344
98, 342
97, 341
97, 339
96, 338
96, 336
95, 335
95, 334
94, 333
94, 331
93, 330
93, 328
92, 327
92, 326
91, 325
91, 324
90, 323
90, 321
89, 320
89, 319
88, 318
88, 316
87, 315
87, 313
86, 312
86, 310
85, 309
85, 307
84, 306
84, 304
83, 303
83, 300
82, 299
82, 296
81, 295
81, 292
80, 291
80, 286
79, 285
79, 280
78, 279
78, 275
77, 274
77, 269
76, 268
76, 263
75, 262
75, 258
74, 257
74, 253
73, 252
73, 248
72, 247
72, 244
71, 243
71, 239
70, 238
70, 234
69, 233
69, 229
68, 228
68, 224
67, 223
67, 219
66, 218
66, 213
65, 212
65, 208
64, 207
64, 202
63, 201
63, 196
62, 195
62, 190
61, 189
61, 187
62, 186
63, 186
64, 187
64, 188
72, 196
72, 197
78, 203
78, 204
84, 210
84, 211
89, 216
89, 217
92, 220
92, 221
96, 225
96, 226
99, 229
99, 230
101, 232
101, 233
104, 236
104, 237
106, 239
106, 240
108, 242
108, 243
110, 245
110, 246
112, 248
112, 249
114, 251
114, 252
116, 254
116, 255
118, 257
118, 258
121, 261
121, 262
124, 265
124, 266
127, 269
127, 270
132, 275
132, 276
162, 306
162, 307
176, 321
176, 322
182, 328
183, 328
186, 331
187, 331
189, 333
191, 333
192, 334
194, 334
195, 333
196, 333
197, 332
197, 330
198, 329
198, 323
199, 322
199, 317
198, 316
198, 307
197, 306
197, 300
196, 299
196, 293
195, 292
195, 284
194, 283
194, 280
195, 279
195, 276
194, 275
194, 271
193, 270
193, 266
192, 265
192, 264
191, 263
190, 263
189, 264
189, 265
190, 266
190, 270
191, 271
191, 275
192, 276
192, 292
193, 293
193, 299
194, 300
194, 305
195, 306
195, 314
196, 315
196, 323
195, 324
195, 329
193, 331
192, 331
191, 330
190, 330
188, 328
187, 328
170, 311
170, 310
156, 296
156, 295
152, 291
151, 291
137, 277
137, 276
131, 270
131, 269
127, 265
127, 264
124, 261
124, 260
121, 257
121, 256
119, 254
119, 253
116, 250
116, 249
114, 247
114, 246
113, 245
113, 244
111, 242
111, 241
109, 239
109, 238
107, 236
107, 235
105, 233
105, 232
102, 229
102, 228
99, 225
99, 224
96, 221
96, 220
92, 216
92, 215
88, 211
88, 210
83, 205
83, 204
77, 198
77, 197
69, 189
69, 188
63, 182
63, 181
60, 178
60, 177
59, 176
59, 173
58, 172
58, 168
57, 167
57, 163
56, 162
56, 159
55, 158
55, 154
54, 153
54, 150
53, 149
53, 146
52, 145
52, 142
51, 141
51, 139
50, 138
50, 135
49, 134
49, 132
48, 131
48, 129
47, 128
47, 126
46, 125
46, 122
45, 121
45, 119
44, 118
44, 116
43, 115
43, 113
42, 112
42, 110
41, 109
41, 107
40, 106
40, 102
39, 101
39, 96
38, 95
38, 93
37, 92
37, 90
36, 90
35, 89
32, 93
33, 92
35, 94
35, 95
36, 96
36, 100
37, 101
37, 106
38, 107
38, 110
39, 111
39, 113
40, 114
40, 116
41, 117
41, 119
42, 120
42, 122
43, 123
43, 125
44, 126
44, 128
45, 129
45, 131
46, 132
46, 134
47, 135
47, 138
48, 139
48, 141
49, 142
49, 145
50, 146
50, 149
51, 150
51, 153
52, 154
52, 158
53, 159
53, 162
54, 163
54, 167
53, 168
52, 167
52, 166
50, 164
50, 163
48, 161
48, 160
47, 159
47, 158
46, 157
46, 156
45, 155
45, 154
44, 153
44, 152
43, 151
43, 150
42, 149
42, 148
41, 147
41, 146
40, 145
40, 144
39, 143
39, 142
38, 141
38, 140
37, 139
37, 137
36, 136
36, 134
35, 133
35, 132
34, 131
34, 129
33, 128
33, 127
32, 126
32, 124
31, 123
31, 121
30, 120
30, 118
29, 117
29, 115
28, 114
28, 111
27, 110
27, 97
31, 93
223, 15
222, 16
219, 16
217, 18
216, 18
213, 21
212, 21
209, 24
209, 25
207, 27
207, 29
206, 30
206, 42
207, 43
207, 47
208, 48
208, 50
209, 51
209, 54
210, 55
210, 57
211, 58
211, 59
212, 60
212, 62
213, 63
213, 65
214, 66
214, 67
215, 68
215, 69
216, 70
216, 72
217, 73
217, 74
218, 75
218, 76
219, 77
219, 78
220, 79
220, 80
221, 81
221, 82
222, 83
222, 84
223, 85
223, 86
224, 87
224, 88
225, 89
225, 90
226, 91
226, 92
228, 94
228, 95
229, 96
229, 97
230, 98
230, 99
232, 101
232, 102
233, 103
233, 104
235, 106
235, 107
236, 108
236, 109
238, 111
238, 112
239, 113
239, 136
238, 137
237, 137
234, 134
234, 133
228, 127
228, 126
224, 122
223, 122
216, 115
215, 115
209, 109
208, 109
204, 105
203, 105
202, 104
201, 104
199, 102
198, 102
196, 100
195, 100
193, 98
192, 98
191, 97
186, 97
185, 98
184, 98
181, 101
180, 101
178, 103
177, 103
176, 104
173, 104
172, 105
171, 105
169, 107
169, 108
167, 110
167, 111
166, 112
166, 114
165, 115
165, 116
164, 117
164, 120
163, 121
163, 131
162, 132
162, 139
161, 140
150, 129
149, 129
146, 126
145, 126
143, 124
142, 124
140, 122
139, 122
138, 121
137, 121
136, 120
135, 120
134, 119
132, 119
131, 118
124, 118
121, 121
121, 122
120, 123
120, 127
119, 128
119, 152
120, 153
120, 161
121, 162
121, 170
122, 171
122, 203
121, 204
121, 207
120, 208
120, 209
117, 212
116, 212
115, 213
112, 213
111, 212
109, 212
108, 211
107, 211
105, 209
104, 209
100, 205
99, 205
86, 192
86, 191
83, 188
83, 187
82, 186
82, 185
81, 184
81, 179
82, 178
82, 177
83, 176
83, 175
82, 174
81, 174
79, 176
79, 177
78, 178
78, 179
77, 180
77, 183
78, 184
78, 186
79, 187
79, 188
80, 189
80, 190
83, 193
83, 194
96, 207
97, 207
101, 211
102, 211
104, 213
105, 213
106, 214
107, 214
108, 215
109, 215
110, 216
117, 216
118, 215
119, 215
122, 212
122, 211
123, 210
123, 209
124, 208
124, 206
125, 205
125, 196
126, 195
126, 180
125, 179
125, 168
124, 167
124, 159
123, 158
123, 150
122, 149
122, 130
123, 129
123, 125
124, 124
124, 123
126, 121
129, 121
130, 122
132, 122
133, 123
134, 123
135, 124
136, 124
137, 125
138, 125
139, 126
140, 126
142, 128
143, 128
146, 131
147, 131
161, 145
161, 146
162, 147
161, 148
161, 149
160, 150
160, 151
159, 152
159, 153
158, 154
158, 157
157, 158
157, 170
158, 171
158, 177
159, 178
159, 181
160, 182
160, 185
161, 186
161, 189
162, 190
162, 191
163, 192
163, 193
167, 197
169, 197
170, 198
173, 198
174, 197
176, 197
178, 195
179, 195
180, 194
182, 196
183, 196
184, 197
185, 197
186, 198
189, 198
190, 199
192, 199
193, 198
195, 198
206, 187
206, 186
208, 184
208, 183
209, 182
209, 181
210, 180
210, 177
211, 176
211, 171
210, 170
210, 165
209, 164
209, 161
208, 160
208, 159
207, 158
207, 156
205, 154
205, 153
197, 145
196, 145
194, 143
193, 143
190, 140
189, 140
187, 138
186, 138
183, 135
182, 135
181, 134
180, 134
179, 133
178, 133
177, 132
172, 132
171, 133
170, 133
170, 134
167, 137
166, 136
166, 123
167, 122
167, 119
168, 118
168, 116
169, 115
169, 114
170, 113
170, 112
171, 111
171, 110
173, 108
174, 108
175, 107
178, 107
179, 106
180, 106
183, 103
184, 103
186, 101
187, 101
188, 100
189, 100
190, 101
191, 101
193, 103
194, 103
196, 105
197, 105
198, 106
199, 106
200, 107
201, 107
205, 111
206, 111
213, 118
214, 118
220, 124
221, 124
226, 129
226, 130
231, 135
231, 136
238, 143
238, 144
239, 145
239, 152
240, 153
240, 162
241, 163
241, 170
242, 171
242, 176
243, 177
243, 182
244, 183
244, 188
245, 189
245, 194
246, 195
246, 200
247, 201
247, 205
248, 206
248, 211
249, 212
249, 215
250, 216
250, 220
251, 221
251, 224
252, 225
252, 227
253, 228
253, 230
254, 231
254, 233
255, 234
255, 236
256, 237
256, 238
257, 239
257, 241
258, 242
258, 243
259, 244
259, 245
261, 247
261, 248
263, 250
264, 250
265, 251
269, 251
270, 250
270, 249
271, 248
271, 247
272, 246
272, 243
273, 242
273, 221
272, 220
272, 214
271, 213
271, 209
270, 208
270, 204
269, 203
269, 200
268, 199
268, 197
267, 196
267, 193
266, 192
266, 190
265, 189
265, 187
264, 186
264, 183
263, 182
263, 181
262, 180
262, 178
261, 177
261, 176
260, 175
260, 174
259, 173
259, 172
258, 171
258, 170
257, 169
257, 168
256, 167
256, 166
255, 165
255, 164
254, 163
254, 162
253, 161
253, 160
252, 159
252, 158
251, 157
251, 156
250, 155
250, 154
248, 152
248, 151
247, 150
247, 149
244, 146
244, 145
242, 143
242, 122
243, 121
244, 121
245, 122
245, 123
246, 124
246, 125
248, 127
248, 128
250, 130
250, 131
251, 132
251, 133
253, 135
253, 136
255, 138
255, 139
257, 141
257, 142
258, 143
258, 144
260, 146
260, 147
262, 149
262, 150
264, 152
264, 153
265, 154
265, 155
267, 157
267, 158
269, 160
269, 161
271, 163
271, 164
272, 165
272, 166
274, 168
274, 169
276, 171
276, 172
278, 174
278, 175
280, 177
280, 178
282, 180
282, 181
284, 183
284, 184
286, 186
286, 187
288, 189
288, 190
291, 193
291, 194
293, 196
293, 197
296, 200
296, 201
298, 203
298, 204
301, 207
301, 208
305, 212
305, 213
309, 217
309, 218
313, 222
313, 223
319, 229
319, 230
324, 235
325, 235
331, 241
332, 241
336, 245
337, 245
341, 249
342, 249
343, 250
344, 250
346, 252
347, 252
348, 253
349, 253
350, 254
353, 254
353, 252
352, 251
351, 251
349, 249
348, 249
347, 248
346, 248
344, 246
343, 246
340, 243
339, 243
335, 239
334, 239
328, 233
327, 233
321, 227
321, 226
315, 220
315, 219
311, 215
311, 214
307, 210
307, 209
304, 206
304, 205
301, 202
301, 201
298, 198
298, 197
296, 195
296, 194
293, 191
293, 190
291, 188
291, 187
289, 185
289, 184
287, 182
287, 181
285, 179
285, 178
282, 175
282, 174
281, 173
281, 172
279, 170
279, 169
277, 167
277, 166
275, 164
275, 163
273, 161
273, 160
271, 158
271, 157
269, 155
269, 154
268, 153
268, 152
266, 150
266, 149
264, 147
264, 146
262, 144
262, 143
261, 142
261, 141
259, 139
259, 138
257, 136
257, 135
256, 134
256, 133
254, 131
254, 130
252, 128
252, 127
251, 126
251, 125
249, 123
249, 122
247, 120
247, 119
246, 118
246, 117
244, 115
244, 114
243, 113
243, 76
242, 75
242, 66
241, 65
241, 55
240, 54
240, 44
239, 43
239, 34
238, 33
238, 30
237, 29
237, 27
236, 26
236, 25
234, 23
234, 22
228, 16
226, 16
225, 15
169, 161
170, 160
172, 162
172, 163
174, 165
174, 166
175, 167
175, 168
176, 169
176, 172
177, 173
177, 176
176, 177
174, 175
174, 173
173, 172
173, 171
172, 170
172, 168
171, 167
171, 166
170, 165
170, 163
169, 162
163, 154
164, 155
164, 158
165, 159
165, 161
166, 162
166, 164
167, 165
167, 167
168, 168
168, 169
169, 170
169, 171
170, 172
170, 174
171, 175
171, 176
172, 177
172, 179
173, 180
173, 181
174, 182
174, 183
175, 184
175, 185
176, 186
176, 187
177, 188
177, 191
174, 194
169, 194
166, 191
166, 190
165, 189
165, 188
164, 187
164, 185
163, 184
163, 181
162, 180
162, 176
161, 175
161, 169
160, 168
160, 160
161, 159
161, 156
243, 153
244, 152
246, 154
246, 155
247, 156
247, 157
248, 158
248, 159
250, 161
250, 162
251, 163
251, 164
252, 165
252, 166
253, 167
253, 168
254, 169
254, 170
255, 171
255, 172
256, 173
256, 174
257, 175
257, 176
258, 177
258, 179
259, 180
259, 181
260, 182
260, 184
261, 185
261, 187
262, 188
262, 190
263, 191
263, 194
264, 195
264, 197
265, 198
265, 201
266, 202
266, 205
267, 206
267, 210
268, 211
268, 215
269, 216
269, 223
270, 224
270, 240
269, 241
269, 245
267, 247
265, 247
263, 245
263, 244
262, 243
262, 242
261, 241
261, 240
260, 239
260, 238
259, 237
259, 235
258, 234
258, 233
257, 232
257, 230
256, 229
256, 227
255, 226
255, 223
254, 222
254, 219
253, 218
253, 215
252, 214
252, 210
251, 209
251, 205
250, 204
250, 199
249, 198
249, 193
248, 192
248, 187
247, 186
247, 181
246, 180
246, 175
245, 174
245, 168
244, 167
244, 160
243, 159
174, 135
176, 135
177, 136
178, 136
180, 138
181, 138
183, 140
184, 140
187, 143
188, 143
190, 145
191, 145
193, 147
194, 147
203, 156
203, 157
204, 158
204, 159
205, 160
205, 162
206, 163
206, 166
207, 167
207, 178
206, 179
206, 181
204, 183
204, 184
193, 195
188, 195
187, 194
186, 194
185, 193
184, 193
182, 191
182, 190
181, 189
182, 188
182, 185
181, 184
181, 178
180, 177
180, 171
179, 170
179, 168
178, 167
178, 165
176, 163
176, 162
175, 161
175, 160
173, 158
173, 157
171, 155
171, 154
169, 152
169, 151
167, 149
167, 145
168, 144
168, 143
169, 142
169, 141
170, 140
170, 139
220, 20
221, 19
226, 19
232, 25
232, 26
233, 27
233, 28
234, 29
234, 30
235, 31
235, 34
236, 35
236, 46
237, 47
237, 57
238, 58
238, 68
239, 69
239, 79
240, 80
240, 105
239, 106
237, 104
237, 103
236, 102
236, 101
234, 99
234, 98
233, 97
233, 96
232, 95
232, 94
230, 92
230, 91
229, 90
229, 89
227, 87
227, 86
226, 85
226, 84
225, 83
225, 82
224, 81
224, 80
223, 79
223, 78
222, 77
222, 76
221, 75
221, 73
220, 72
220, 71
219, 70
219, 69
218, 68
218, 67
217, 66
217, 64
216, 63
216, 62
215, 61
215, 59
214, 58
214, 56
213, 55
213, 53
212, 52
212, 50
211, 49
211, 46
210, 45
210, 41
209, 40
209, 31
210, 30
210, 29
211, 28
211, 27
215, 23
216, 23
219, 20
