336, 2
338, 367
4, 369
2, 4
133, 15
132, 16
131, 16
128, 19
128, 20
127, 21
127, 23
126, 24
126, 38
127, 39
127, 43
128, 44
128, 48
129, 49
129, 52
130, 53
130, 56
131, 57
131, 59
132, 60
132, 62
133, 63
133, 65
134, 66
134, 68
135, 69
135, 70
136, 71
136, 72
137, 73
137, 75
138, 76
138, 77
139, 78
139, 79
140, 80
140, 81
141, 82
141, 83
142, 84
142, 85
144, 87
144, 88
145, 89
145, 90
146, 91
146, 92
148, 94
148, 95
150, 97
150, 98
152, 100
152, 101
154, 103
154, 104
156, 106
156, 107
159, 110
159, 111
162, 114
162, 115
167, 120
167, 121
181, 135
181, 136
182, 136
217, 171
217, 174
218, 175
218, 178
219, 179
219, 183
220, 184
220, 188
221, 189
221, 192
220, 193
205, 178
204, 178
202, 176
201, 176
199, 174
198, 174
196, 172
195, 172
193, 170
192, 170
191, 169
190, 169
189, 168
188, 168
187, 167
186, 167
185, 166
184, 166
183, 165
182, 165
181, 164
179, 164
178, 163
176, 163
175, 162
174, 162
171, 159
170, 159
168, 157
167, 157
166, 156
165, 156
164, 155
163, 155
161, 153
160, 153
159, 152
157, 152
156, 151
153, 151
152, 150
143, 150
142, 151
141, 151
137, 155
137, 156
136, 157
136, 159
135, 160
135, 169
134, 170
132, 168
131, 168
129, 166
128, 166
126, 164
125, 164
123, 162
122, 162
121, 161
120, 161
119, 160
118, 160
117, 159
116, 159
115, 158
113, 158
112, 157
109, 157
108, 156
104, 156
103, 157
101, 157
100, 158
99, 158
97, 160
97, 161
95, 163
95, 164
94, 165
94, 180
95, 181
95, 187
96, 188
96, 191
97, 192
97, 196
98, 197
98, 200
99, 201
99, 205
100, 206
100, 209
101, 210
101, 214
102, 215
102, 219
103, 220
103, 225
104, 226
104, 231
105, 232
105, 248
103, 250
101, 248
99, 248
94, 243
94, 242
93, 241
93, 238
92, 237
92, 235
91, 234
91, 232
90, 231
90, 229
89, 228
89, 226
88, 225
88, 223
87, 222
87, 220
86, 219
86, 217
85, 216
85, 215
84, 214
84, 212
83, 211
83, 210
82, 209
82, 207
81, 206
81, 205
80, 204
80, 203
79, 202
79, 201
78, 200
78, 198
77, 197
77, 196
76, 195
76, 194
75, 193
75, 192
74, 191
74, 190
73, 189
73, 188
72, 187
72, 186
71, 185
71, 184
70, 183
70, 182
69, 181
69, 180
68, 179
68, 178
67, 177
67, 176
65, 174
65, 173
64, 172
64, 171
62, 169
62, 168
60, 166
60, 165
59, 164
59, 163
57, 161
57, 160
55, 158
55, 157
52, 154
52, 153
48, 149
48, 148
39, 139
38, 139
36, 137
34, 137
33, 136
31, 136
30, 135
25, 135
24, 136
22, 136
21, 137
20, 137
17, 140
17, 141
16, 142
16, 143
15, 144
15, 146
14, 147
14, 155
15, 156
15, 161
16, 162
16, 165
17, 166
17, 167
18, 168
18, 170
19, 171
19, 172
20, 173
20, 174
22, 176
22, 177
23, 178
23, 179
26, 182
26, 183
30, 187
30, 188
34, 192
34, 193
54, 213
55, 213
62, 220
63, 220
68, 225
69, 225
74, 230
75, 230
82, 237
83, 237
92, 246
92, 248
93, 249
93, 251
94, 252
94, 255
95, 256
95, 258
96, 259
96, 262
97, 263
97, 266
98, 267
98, 270
99, 271
99, 275
100, 276
100, 279
101, 280
101, 285
102, 286
102, 291
103, 292
103, 298
104, 299
104, 305
105, 306
105, 314
106, 315
106, 323
105, 324
101, 320
100, 320
97, 317
96, 317
93, 314
92, 314
90, 312
89, 312
83, 306
82, 306
76, 300
75, 300
70, 295
69, 295
65, 291
64, 291
60, 287
59, 287
55, 283
54, 283
53, 282
52, 283
52, 285
53, 286
54, 286
58, 290
59, 290
63, 294
64, 294
69, 299
70, 299
75, 304
76, 304
83, 311
84, 311
88, 315
89, 315
91, 317
92, 317
95, 320
96, 320
100, 324
101, 324
107, 330
107, 333
108, 334
108, 341
109, 342
109, 346
110, 347
110, 348
111, 349
111, 351
114, 354
120, 354
123, 351
123, 345
122, 344
122, 343
118, 339
118, 338
113, 333
113, 332
110, 329
110, 325
109, 324
109, 316
108, 315
108, 307
107, 306
107, 299
106, 298
106, 293
105, 292
105, 287
104, 286
104, 281
103, 280
103, 276
102, 275
102, 271
101, 270
101, 267
100, 266
100, 263
99, 262
99, 260
98, 259
98, 256
97, 255
97, 253
98, 252
103, 257
104, 257
126, 279
126, 280
139, 293
139, 294
145, 300
145, 301
151, 307
151, 308
157, 314
157, 315
178, 336
179, 336
181, 338
182, 338
183, 339
185, 339
188, 336
188, 330
187, 329
187, 325
186, 324
186, 322
185, 321
185, 319
184, 318
184, 317
183, 316
183, 313
182, 312
182, 311
179, 308
179, 307
178, 306
178, 305
177, 304
176, 304
175, 305
175, 307
176, 308
176, 309
179, 312
179, 313
180, 314
180, 316
181, 317
181, 319
182, 320
182, 321
183, 322
183, 324
184, 325
184, 328
185, 329
185, 334
184, 335
182, 335
178, 331
177, 331
161, 315
161, 314
155, 308
155, 307
149, 301
149, 300
143, 294
143, 293
137, 287
137, 286
106, 255
106, 254
108, 252
108, 251
109, 250
109, 231
108, 230
108, 225
107, 224
107, 220
106, 219
106, 214
105, 213
105, 210
104, 209
104, 205
103, 204
103, 200
102, 199
102, 196
101, 195
101, 191
100, 190
100, 187
99, 186
99, 181
98, 180
98, 167
99, 166
99, 165
100, 164
100, 163
101, 162
102, 162
103, 161
104, 161
105, 160
107, 160
108, 161
111, 161
112, 162
113, 162
114, 163
116, 163
117, 164
118, 164
120, 166
121, 166
122, 167
123, 167
125, 169
126, 169
128, 171
129, 171
133, 175
134, 175
136, 177
136, 178
137, 179
137, 180
138, 181
138, 184
139, 185
139, 187
140, 188
140, 191
141, 192
141, 194
142, 195
142, 196
143, 197
143, 199
144, 200
144, 202
145, 203
145, 205
146, 206
146, 207
147, 208
147, 209
148, 210
148, 211
149, 212
149, 213
150, 214
150, 215
156, 221
161, 221
161, 220
162, 219
162, 217
163, 216
164, 217
165, 217
166, 218
167, 218
168, 219
169, 219
170, 220
171, 220
172, 221
178, 221
179, 220
181, 220
182, 219
183, 219
187, 215
187, 214
188, 213
188, 212
189, 211
189, 209
190, 208
190, 204
191, 203
191, 196
192, 195
192, 194
191, 193
191, 187
190, 186
190, 184
189, 183
189, 181
188, 180
188, 179
187, 178
187, 177
186, 176
186, 175
184, 173
184, 172
185, 171
186, 171
187, 172
188, 172
189, 173
190, 173
192, 175
193, 175
195, 177
196, 177
198, 179
199, 179
202, 182
203, 182
217, 196
217, 197
219, 199
219, 200
221, 202
221, 203
222, 204
222, 205
223, 206
223, 207
224, 208
224, 211
225, 212
225, 218
226, 219
226, 225
227, 226
227, 230
228, 231
228, 235
229, 236
229, 238
230, 239
230, 240
231, 241
231, 242
232, 242
233, 243
234, 243
236, 241
236, 238
235, 237
235, 231
234, 230
234, 226
233, 225
233, 221
232, 220
232, 217
231, 216
231, 214
230, 213
230, 211
229, 210
229, 208
228, 207
228, 204
227, 203
227, 199
226, 198
226, 194
225, 193
225, 188
224, 187
224, 183
223, 182
223, 179
224, 178
263, 217
263, 218
285, 240
285, 241
295, 251
295, 252
301, 258
301, 259
305, 263
305, 264
309, 268
309, 269
308, 270
307, 270
306, 271
306, 273
307, 274
308, 274
317, 283
318, 283
319, 284
321, 284
322, 285
323, 285
324, 284
325, 284
325, 281
321, 277
321, 276
317, 272
317, 271
313, 267
313, 266
309, 262
309, 261
305, 257
305, 256
299, 250
299, 249
289, 239
289, 238
271, 220
271, 219
229, 177
229, 176
220, 167
220, 166
219, 165
219, 162
218, 161
218, 159
217, 158
217, 155
216, 154
216, 152
215, 151
215, 149
214, 148
214, 145
213, 144
213, 142
212, 141
212, 139
211, 138
211, 136
210, 135
210, 133
209, 132
209, 130
208, 129
208, 127
207, 126
207, 124
206, 123
206, 122
205, 121
205, 119
204, 118
204, 116
203, 115
203, 114
202, 113
202, 111
201, 110
201, 108
200, 107
200, 106
199, 105
199, 103
198, 102
198, 101
197, 100
197, 98
196, 97
196, 96
195, 95
195, 93
194, 92
194, 91
193, 90
193, 88
192, 87
192, 86
191, 85
191, 84
190, 83
190, 82
189, 81
189, 79
188, 78
188, 77
187, 76
187, 75
186, 74
186, 73
185, 72
185, 71
184, 70
184, 69
183, 68
183, 67
182, 66
182, 65
181, 64
181, 63
180, 62
180, 61
178, 59
178, 58
177, 57
177, 56
175, 54
175, 53
173, 51
173, 50
171, 48
171, 47
169, 45
169, 44
167, 42
167, 41
164, 38
164, 37
160, 33
160, 32
149, 21
148, 21
146, 19
145, 19
143, 17
142, 17
141, 16
139, 16
138, 15
111, 337
115, 339
115, 340
119, 344
119, 345
120, 350
116, 351
113, 348
113, 347
112, 343
111, 342
153, 205
153, 206
157, 210
157, 212
158, 213
158, 215
157, 216
153, 212
153, 211
152, 210
152, 209
151, 208
151, 207
150, 206
153, 165
154, 164
166, 164
167, 165
170, 165
171, 166
172, 166
174, 168
175, 168
177, 170
177, 171
181, 175
181, 176
182, 177
182, 178
184, 181
185, 182
185, 184
186, 185
186, 187
187, 188
187, 203
186, 204
186, 207
185, 208
185, 209
184, 210
184, 211
183, 212
183, 213
180, 215
179, 216
178, 216
177, 217
173, 217
172, 216
171, 216
170, 215
169, 215
168, 214
167, 214
160, 205
159, 204
159, 202
158, 201
158, 200
157, 199
157, 198
156, 197
156, 196
155, 195
155, 194
153, 192
153, 191
150, 188
150, 187
148, 185
148, 184
147, 183
147, 181
146, 180
146, 174
147, 173
147, 171
148, 170
148, 169
144, 154
152, 154
153, 155
155, 155
156, 156
157, 156
158, 157
159, 157
161, 159
160, 160
153, 160
152, 161
151, 161
150, 162
149, 162
147, 164
146, 164
146, 165
144, 167
144, 169
143, 170
143, 172
142, 173
142, 174
141, 175
140, 174
140, 170
139, 169
139, 161
140, 160
140, 158
24, 139
25, 138
30, 138
31, 139
33, 139
34, 140
35, 140
38, 143
39, 143
45, 149
45, 150
49, 154
49, 155
52, 158
52, 159
54, 161
54, 162
56, 164
56, 165
58, 167
58, 168
59, 169
59, 170
61, 172
61, 173
63, 175
63, 176
64, 177
64, 178
65, 179
65, 180
66, 181
66, 182
67, 183
67, 184
68, 185
68, 186
69, 187
69, 188
70, 189
70, 190
71, 191
71, 192
72, 193
72, 194
73, 195
73, 196
74, 197
74, 198
75, 199
75, 200
76, 201
76, 202
77, 203
77, 204
78, 205
78, 207
79, 208
79, 209
80, 210
80, 212
81, 213
81, 214
82, 215
82, 217
83, 218
83, 219
84, 220
84, 222
85, 223
85, 225
86, 226
86, 228
87, 229
87, 231
88, 232
88, 234
89, 235
89, 237
88, 238
82, 232
81, 232
75, 226
74, 226
69, 221
68, 221
63, 216
62, 216
54, 208
53, 208
39, 194
39, 193
33, 187
33, 186
29, 182
29, 181
26, 178
26, 177
24, 175
24, 174
23, 173
23, 172
22, 171
22, 170
21, 169
21, 168
20, 167
20, 165
19, 164
19, 162
18, 161
18, 157
17, 156
17, 147
18, 146
18, 144
19, 143
19, 142
21, 140
22, 140
23, 139
134, 19
137, 19
138, 20
140, 20
142, 22
143, 22
145, 24
146, 24
157, 35
157, 36
160, 39
160, 40
163, 43
163, 44
166, 47
166, 48
168, 50
168, 51
170, 53
170, 54
172, 56
172, 57
173, 58
173, 59
175, 61
175, 62
176, 63
176, 64
178, 66
178, 67
179, 68
179, 69
180, 70
180, 71
181, 72
181, 73
182, 74
182, 75
183, 76
183, 77
184, 78
184, 80
185, 81
185, 82
186, 83
186, 84
187, 85
187, 86
188, 87
188, 89
189, 90
189, 91
190, 92
190, 93
191, 94
191, 96
192, 97
192, 98
193, 99
193, 101
194, 102
194, 103
195, 104
195, 106
196, 107
196, 108
197, 109
197, 111
198, 112
198, 114
199, 115
199, 116
200, 117
200, 119
201, 120
201, 122
202, 123
202, 125
203, 126
203, 127
204, 128
204, 130
205, 131
205, 133
206, 134
206, 136
207, 137
207, 139
208, 140
208, 142
209, 143
209, 145
210, 146
210, 149
211, 150
211, 152
212, 153
212, 155
213, 156
213, 158
212, 159
211, 158
210, 158
171, 119
171, 118
165, 112
165, 111
162, 108
162, 107
160, 105
160, 104
157, 101
157, 100
155, 98
155, 97
153, 95
153, 94
151, 92
151, 91
150, 90
150, 89
148, 87
148, 86
147, 85
147, 84
146, 83
146, 82
144, 80
144, 79
143, 78
143, 76
142, 75
142, 74
141, 73
141, 72
140, 71
140, 70
139, 69
139, 67
138, 66
138, 65
137, 64
137, 62
136, 61
136, 59
135, 58
135, 56
134, 55
134, 52
133, 51
133, 48
132, 47
132, 44
131, 43
131, 38
130, 37
130, 25
131, 24
131, 22
