4, 2
380, 4
378, 369
2, 367
215, 15
214, 16
210, 16
209, 17
207, 17
206, 18
205, 18
204, 19
203, 19
202, 20
201, 20
198, 23
197, 23
193, 27
193, 28
191, 30
191, 33
190, 34
190, 39
191, 40
191, 44
192, 45
192, 47
193, 48
193, 49
194, 50
194, 51
195, 52
195, 53
196, 54
196, 55
197, 56
197, 57
198, 58
198, 59
200, 61
200, 62
203, 65
203, 66
206, 69
206, 70
209, 73
209, 74
212, 77
212, 78
216, 82
216, 83
223, 90
223, 91
231, 99
231, 100
241, 110
241, 111
253, 123
253, 124
263, 134
263, 137
264, 138
264, 146
265, 147
265, 157
266, 158
266, 167
267, 168
267, 178
268, 179
268, 188
267, 189
265, 187
265, 186
257, 178
256, 178
253, 175
252, 175
250, 173
249, 173
247, 171
246, 171
245, 170
244, 170
243, 169
242, 169
240, 167
239, 167
238, 166
237, 166
236, 165
235, 165
234, 164
233, 164
232, 163
231, 163
230, 162
228, 162
227, 161
226, 161
225, 160
223, 160
222, 159
221, 159
220, 158
218, 158
217, 157
215, 157
214, 156
212, 156
210, 154
210, 153
209, 152
209, 150
208, 149
208, 148
207, 147
207, 146
206, 145
206, 144
204, 142
204, 141
201, 138
200, 138
198, 136
197, 136
195, 134
193, 134
192, 133
186, 133
185, 132
182, 132
181, 133
177, 133
176, 134
175, 134
171, 138
171, 139
168, 142
159, 133
158, 133
155, 130
154, 130
152, 128
151, 128
149, 126
148, 126
147, 125
146, 125
145, 124
144, 124
143, 123
142, 123
141, 122
140, 122
139, 121
138, 121
137, 120
136, 120
135, 119
133, 119
132, 118
131, 118
130, 117
128, 117
127, 116
124, 116
123, 115
113, 115
112, 116
111, 116
110, 117
109, 117
104, 122
104, 123
103, 124
103, 126
102, 127
102, 130
101, 131
101, 148
102, 149
102, 155
103, 156
103, 162
104, 163
104, 170
105, 171
105, 180
106, 181
106, 196
105, 197
105, 199
104, 200
104, 201
103, 202
101, 202
98, 199
98, 197
97, 196
97, 194
95, 192
95, 191
94, 190
94, 188
93, 187
93, 185
92, 184
92, 181
91, 180
91, 178
90, 177
90, 175
89, 174
89, 172
88, 171
88, 169
87, 168
87, 166
86, 165
86, 163
85, 162
85, 161
84, 160
84, 158
83, 157
83, 156
82, 155
82, 153
81, 152
81, 151
80, 150
80, 149
79, 148
79, 147
78, 146
78, 145
77, 144
77, 143
76, 142
76, 141
75, 140
75, 139
74, 138
74, 137
73, 136
73, 135
72, 134
72, 133
70, 131
70, 130
68, 128
68, 127
65, 124
65, 123
51, 109
50, 109
48, 107
47, 107
46, 106
45, 106
44, 105
43, 105
42, 104
31, 104
30, 105
29, 105
28, 106
27, 106
26, 107
25, 107
23, 109
22, 109
18, 113
18, 114
17, 115
17, 124
18, 125
18, 127
19, 128
19, 130
20, 131
20, 132
22, 134
22, 135
24, 137
24, 138
41, 155
42, 155
78, 191
79, 191
87, 199
87, 200
97, 210
97, 212
98, 213
98, 215
99, 216
99, 219
100, 220
100, 223
101, 224
101, 226
102, 227
102, 230
103, 231
103, 234
104, 235
104, 238
105, 239
105, 242
106, 243
106, 246
107, 247
107, 250
108, 251
108, 254
109, 255
109, 259
110, 260
110, 263
111, 264
111, 268
112, 269
112, 274
113, 275
113, 279
114, 280
114, 284
115, 285
115, 291
116, 292
116, 297
117, 298
117, 302
118, 303
118, 307
119, 308
119, 311
118, 312
117, 311
116, 311
115, 310
114, 310
112, 308
111, 308
110, 307
109, 307
107, 305
106, 305
104, 303
103, 303
102, 302
101, 302
100, 301
99, 301
97, 299
96, 299
94, 297
93, 297
92, 296
91, 296
89, 294
88, 294
85, 291
84, 291
82, 289
81, 289
79, 287
78, 287
77, 286
76, 286
75, 285
74, 285
73, 284
72, 284
71, 283
70, 283
69, 282
68, 282
67, 281
66, 281
65, 282
65, 283
66, 284
67, 284
68, 285
69, 285
70, 286
71, 286
72, 287
73, 287
74, 288
75, 288
77, 290
78, 290
80, 292
81, 292
83, 294
84, 294
86, 296
87, 296
89, 298
90, 298
92, 300
93, 300
95, 302
96, 302
97, 303
98, 303
99, 304
100, 304
102, 306
103, 306
104, 307
105, 307
107, 309
108, 309
109, 310
110, 310
112, 312
113, 312
114, 313
115, 313
117, 315
118, 315
123, 320
123, 322
124, 323
124, 324
125, 325
125, 326
128, 329
130, 329
130, 324
129, 323
129, 322
128, 321
128, 320
125, 317
125, 316
124, 315
124, 314
123, 313
123, 312
122, 311
122, 308
121, 307
121, 304
120, 303
120, 298
119, 297
119, 293
118, 292
118, 286
117, 285
117, 281
116, 280
116, 275
115, 274
115, 270
114, 269
114, 265
113, 264
113, 260
112, 259
112, 256
111, 255
111, 252
110, 251
110, 247
109, 246
109, 243
108, 242
108, 239
107, 238
107, 235
106, 234
106, 231
105, 230
105, 228
104, 227
104, 224
103, 223
103, 220
102, 219
102, 218
103, 217
107, 221
107, 222
111, 226
111, 227
114, 230
114, 231
117, 234
117, 235
120, 238
120, 239
123, 242
123, 243
126, 246
126, 247
129, 250
129, 251
133, 255
133, 256
136, 259
136, 260
140, 264
140, 265
144, 269
144, 270
147, 273
147, 274
151, 278
151, 279
155, 283
155, 284
158, 287
158, 288
161, 291
161, 292
165, 296
165, 297
170, 302
170, 303
176, 309
176, 310
185, 319
185, 320
200, 335
200, 336
205, 341
205, 342
216, 353
217, 353
218, 354
220, 354
221, 353
221, 341
220, 340
220, 333
219, 332
219, 327
218, 326
218, 323
217, 322
217, 319
216, 318
216, 315
215, 314
215, 311
214, 310
214, 307
213, 306
213, 304
212, 303
212, 300
211, 299
211, 297
210, 296
210, 294
209, 293
209, 291
208, 290
208, 288
207, 287
207, 285
206, 284
206, 283
205, 282
205, 280
204, 279
204, 277
203, 276
203, 274
202, 273
202, 271
201, 270
201, 267
200, 266
200, 260
201, 259
201, 258
200, 257
199, 257
198, 258
198, 259
197, 260
197, 266
198, 267
198, 270
199, 271
199, 273
200, 274
200, 275
201, 276
201, 278
202, 279
202, 282
203, 283
203, 284
204, 285
204, 287
205, 288
205, 290
206, 291
206, 293
207, 294
207, 296
208, 297
208, 299
209, 300
209, 302
210, 303
210, 306
211, 307
211, 309
212, 310
212, 313
213, 314
213, 317
214, 318
214, 321
215, 322
215, 326
216, 327
216, 331
217, 332
217, 338
218, 339
218, 348
217, 349
216, 349
209, 342
209, 341
203, 335
203, 334
190, 321
190, 320
179, 309
179, 308
174, 303
174, 302
168, 296
168, 295
164, 291
164, 290
161, 287
161, 286
157, 282
157, 281
154, 278
154, 277
150, 273
150, 272
147, 269
147, 268
143, 264
143, 263
139, 259
139, 258
135, 254
135, 253
132, 250
132, 249
129, 246
129, 245
125, 241
125, 240
123, 238
123, 237
120, 234
120, 233
117, 230
117, 229
114, 226
114, 225
110, 221
110, 220
105, 215
105, 214
100, 209
100, 208
99, 207
99, 206
100, 205
105, 205
107, 203
107, 202
108, 201
108, 198
109, 197
109, 179
108, 178
108, 169
107, 168
107, 162
106, 161
106, 155
105, 154
105, 147
104, 146
104, 132
105, 131
105, 128
106, 127
106, 126
107, 125
107, 124
112, 119
113, 119
114, 118
122, 118
123, 119
126, 119
127, 120
129, 120
130, 121
131, 121
132, 122
133, 122
134, 123
136, 123
137, 124
138, 124
139, 125
140, 125
141, 126
142, 126
143, 127
144, 127
146, 129
147, 129
148, 130
149, 130
151, 132
152, 132
154, 134
155, 134
167, 146
167, 147
168, 148
168, 161
169, 162
169, 166
170, 167
170, 171
171, 172
171, 176
172, 177
172, 179
173, 180
173, 182
174, 183
174, 185
175, 186
175, 187
179, 191
180, 191
182, 193
182, 194
184, 196
184, 197
187, 200
187, 201
189, 203
190, 203
191, 204
192, 204
193, 205
194, 205
195, 206
199, 206
200, 207
201, 207
202, 206
204, 206
205, 205
206, 205
208, 203
208, 202
210, 200
210, 199
211, 198
211, 196
212, 195
212, 192
213, 191
213, 183
214, 182
214, 174
213, 173
213, 166
212, 165
212, 160
213, 159
214, 160
216, 160
217, 161
219, 161
220, 162
221, 162
222, 163
224, 163
225, 164
226, 164
227, 165
228, 165
229, 166
231, 166
232, 167
233, 167
235, 169
236, 169
237, 170
238, 170
239, 171
240, 171
241, 172
242, 172
243, 173
244, 173
246, 175
247, 175
249, 177
250, 177
253, 180
254, 180
264, 190
264, 191
266, 193
266, 194
268, 196
268, 197
269, 198
269, 199
270, 200
270, 208
271, 209
271, 219
272, 220
272, 230
273, 231
273, 241
274, 242
274, 252
275, 253
275, 261
276, 262
276, 270
277, 271
277, 279
278, 280
278, 287
279, 288
279, 292
280, 293
280, 298
281, 299
281, 302
282, 303
282, 306
283, 307
283, 309
284, 310
284, 312
285, 313
285, 315
286, 316
286, 318
287, 319
287, 320
288, 321
288, 322
289, 323
289, 325
290, 326
290, 328
291, 329
291, 330
292, 331
292, 333
293, 334
293, 335
294, 336
294, 338
296, 340
296, 341
298, 343
302, 343
302, 342
303, 341
303, 340
304, 339
304, 337
305, 336
305, 334
306, 333
306, 330
307, 329
307, 316
306, 315
306, 312
305, 311
305, 308
304, 307
304, 304
303, 303
303, 301
302, 300
302, 298
301, 297
301, 294
300, 293
300, 291
299, 290
299, 287
298, 286
298, 284
297, 283
297, 280
296, 279
296, 277
295, 276
295, 273
294, 272
294, 269
293, 268
293, 265
292, 264
292, 261
291, 260
291, 256
290, 255
290, 252
289, 251
289, 247
288, 246
288, 243
287, 242
287, 239
286, 238
286, 235
285, 234
285, 231
284, 230
284, 228
283, 227
283, 224
282, 223
282, 220
281, 219
281, 217
280, 216
280, 214
279, 213
279, 212
278, 211
278, 209
277, 208
277, 207
276, 206
276, 204
275, 203
275, 202
274, 201
274, 200
273, 199
273, 197
272, 196
272, 187
271, 186
271, 178
270, 177
270, 167
269, 166
269, 157
268, 156
268, 145
267, 144
267, 141
268, 140
284, 156
284, 157
297, 170
297, 171
310, 184
310, 185
332, 207
332, 208
347, 223
347, 224
352, 229
352, 230
356, 234
357, 234
359, 236
360, 236
361, 237
364, 237
364, 235
362, 233
361, 233
360, 232
359, 232
353, 226
353, 225
348, 220
348, 219
332, 203
332, 202
309, 179
309, 178
297, 166
297, 165
283, 151
283, 150
267, 134
267, 133
266, 132
266, 128
265, 127
265, 119
264, 118
264, 112
263, 111
263, 104
262, 103
262, 97
261, 96
261, 91
260, 90
260, 85
259, 84
259, 79
258, 78
258, 73
257, 72
257, 69
256, 68
256, 64
255, 63
255, 60
254, 59
254, 56
253, 55
253, 53
252, 52
252, 50
251, 49
251, 48
250, 47
250, 45
249, 44
249, 42
248, 41
248, 40
247, 39
247, 38
246, 37
246, 36
245, 35
245, 34
244, 33
244, 32
242, 30
242, 29
240, 27
240, 26
234, 20
233, 20
231, 18
230, 18
229, 17
227, 17
226, 16
222, 16
221, 15
274, 213
275, 212
276, 213
276, 214
277, 215
277, 217
278, 218
278, 220
279, 221
279, 224
280, 225
280, 228
281, 229
281, 231
282, 232
282, 235
283, 236
283, 239
284, 240
284, 243
285, 244
285, 247
286, 248
286, 252
287, 253
287, 256
288, 257
288, 261
289, 262
289, 265
290, 266
290, 269
291, 270
291, 273
292, 274
292, 277
293, 278
293, 281
294, 282
294, 284
295, 285
295, 287
296, 288
296, 291
297, 292
297, 294
298, 295
298, 298
299, 299
299, 301
300, 302
300, 304
301, 305
301, 308
302, 309
302, 312
303, 313
303, 316
304, 317
304, 328
303, 329
303, 332
302, 333
302, 335
301, 336
301, 338
300, 339
299, 339
298, 338
298, 337
297, 336
297, 335
296, 334
296, 333
295, 332
295, 330
294, 329
294, 328
293, 327
293, 325
292, 324
292, 322
291, 321
291, 320
290, 319
290, 317
289, 316
289, 315
288, 314
288, 312
287, 311
287, 309
286, 308
286, 306
285, 305
285, 302
284, 301
284, 298
283, 297
283, 292
282, 291
282, 287
281, 286
281, 279
280, 278
280, 270
279, 269
279, 261
278, 260
278, 251
277, 250
277, 240
276, 239
276, 230
275, 229
275, 219
274, 218
187, 156
188, 155
195, 155
196, 156
201, 156
202, 157
206, 157
208, 161
209, 162
209, 166
210, 167
210, 176
211, 177
211, 180
210, 181
210, 190
209, 191
209, 194
208, 195
208, 197
206, 199
206, 200
196, 203
195, 202
194, 202
193, 201
192, 201
188, 197
188, 196
185, 193
185, 192
184, 191
184, 190
183, 189
183, 188
182, 187
182, 186
181, 180
180, 179
180, 175
179, 174
179, 170
178, 169
178, 166
177, 165
177, 162
178, 161
178, 160
180, 158
181, 158
182, 157
183, 157
178, 136
192, 137
193, 137
194, 138
195, 138
196, 139
197, 139
202, 144
202, 145
204, 147
204, 148
205, 149
205, 151
206, 152
205, 154
203, 154
202, 153
198, 153
197, 152
187, 152
186, 153
183, 153
182, 154
180, 154
177, 157
175, 156
175, 155
174, 154
174, 152
173, 151
173, 150
172, 149
172, 148
171, 147
172, 145
172, 143
173, 142
173, 141
34, 107
35, 106
38, 106
39, 107
41, 107
42, 108
44, 108
46, 110
47, 110
49, 112
50, 112
62, 124
62, 125
65, 128
65, 129
67, 131
67, 132
69, 134
69, 135
70, 136
70, 137
72, 139
72, 140
73, 141
73, 142
74, 143
74, 144
75, 145
75, 146
76, 147
76, 148
77, 149
77, 150
78, 151
78, 153
79, 154
79, 155
80, 156
80, 157
81, 158
81, 160
82, 161
82, 162
83, 163
83, 165
84, 166
84, 168
85, 169
85, 171
86, 172
86, 174
87, 175
87, 177
88, 178
88, 180
89, 181
89, 183
90, 184
90, 187
91, 188
91, 190
92, 191
92, 194
93, 195
93, 197
94, 198
94, 200
93, 201
78, 186
77, 186
73, 182
73, 181
67, 175
66, 175
41, 150
40, 150
27, 137
27, 136
24, 133
24, 132
23, 131
23, 130
22, 129
22, 128
21, 127
21, 125
20, 124
20, 116
21, 115
21, 114
23, 112
24, 112
27, 109
28, 109
29, 108
30, 108
31, 107
216, 19
217, 18
219, 18
220, 19
225, 19
226, 20
228, 20
229, 21
230, 21
239, 30
239, 31
240, 32
240, 33
241, 34
241, 35
243, 37
243, 38
244, 39
244, 40
245, 41
245, 43
246, 44
246, 45
247, 46
247, 48
248, 49
248, 51
249, 52
249, 53
250, 54
250, 56
251, 57
251, 60
252, 61
252, 64
253, 65
253, 69
254, 70
254, 73
255, 74
255, 79
256, 80
256, 85
257, 86
257, 91
258, 92
258, 97
259, 98
259, 105
260, 106
260, 112
261, 113
261, 119
262, 120
262, 126
261, 127
251, 117
251, 116
242, 107
242, 106
231, 95
231, 94
224, 87
224, 86
217, 79
217, 78
213, 74
213, 73
210, 70
210, 69
207, 66
207, 65
204, 62
204, 61
202, 59
202, 58
200, 56
200, 55
199, 54
199, 53
198, 52
198, 51
197, 50
197, 49
196, 48
196, 47
195, 46
195, 44
194, 43
194, 38
193, 37
193, 35
194, 34
194, 32
195, 31
195, 30
201, 24
202, 24
204, 22
205, 22
206, 21
207, 21
208, 20
210, 20
211, 19
