218, 2
220, 367
4, 369
2, 4
205, 117
204, 118
203, 118
201, 120
200, 120
197, 123
197, 124
195, 126
195, 127
193, 129
193, 130
192, 131
192, 132
190, 134
190, 135
189, 136
189, 137
188, 138
188, 139
187, 140
187, 141
186, 142
186, 143
185, 144
185, 145
184, 146
184, 147
183, 148
183, 150
182, 151
182, 152
181, 153
181, 155
180, 156
180, 158
179, 159
179, 162
178, 163
178, 166
177, 167
177, 171
176, 172
176, 176
175, 177
175, 182
174, 183
174, 187
173, 188
173, 189
170, 192
170, 193
161, 202
161, 203
152, 212
152, 213
148, 217
148, 218
146, 220
146, 221
145, 222
145, 223
144, 224
144, 227
143, 228
143, 231
145, 233
146, 233
147, 234
148, 234
149, 233
149, 232
147, 230
147, 225
148, 224
148, 223
150, 221
150, 220
154, 216
154, 215
161, 208
161, 207
172, 207
171, 208
171, 217
170, 218
170, 228
169, 229
169, 241
168, 242
168, 253
167, 254
167, 258
165, 260
164, 260
162, 262
161, 262
160, 263
159, 263
157, 265
156, 265
155, 266
154, 266
153, 267
152, 267
151, 268
150, 268
148, 270
147, 270
146, 271
145, 271
143, 273
142, 273
140, 275
140, 276
138, 278
138, 280
137, 281
137, 289
138, 290
138, 294
139, 295
139, 299
140, 300
140, 304
141, 305
141, 309
142, 310
142, 315
143, 316
143, 320
144, 321
144, 326
145, 327
145, 331
146, 332
146, 336
147, 337
147, 341
148, 342
148, 345
149, 346
149, 348
150, 349
150, 350
151, 351
151, 352
153, 354
156, 354
159, 351
159, 350
160, 349
160, 347
161, 346
161, 343
162, 342
162, 339
163, 338
163, 332
164, 331
164, 326
165, 325
165, 317
166, 316
166, 303
167, 302
167, 292
168, 291
168, 281
169, 280
169, 269
170, 268
170, 261
173, 258
174, 258
177, 255
178, 255
181, 252
182, 252
185, 249
186, 249
188, 247
189, 247
192, 244
193, 244
195, 242
196, 242
197, 241
198, 241
200, 239
201, 239
206, 234
206, 231
204, 231
198, 237
197, 237
196, 238
195, 238
194, 239
193, 239
189, 243
188, 243
186, 245
185, 245
182, 248
181, 248
179, 250
178, 250
175, 253
174, 253
172, 255
171, 254
171, 244
172, 243
172, 231
173, 230
173, 220
174, 219
174, 210
175, 209
175, 200
176, 199
176, 192
177, 191
177, 189
180, 186
180, 185
184, 181
184, 180
187, 177
187, 176
189, 174
189, 173
191, 171
191, 170
193, 168
193, 167
194, 166
194, 165
196, 163
196, 162
197, 161
197, 160
199, 158
199, 157
200, 156
200, 155
201, 154
201, 153
202, 152
202, 151
203, 150
203, 149
204, 148
204, 147
205, 146
205, 145
206, 144
206, 143
207, 142
207, 140
208, 139
208, 137
209, 136
209, 135
210, 134
210, 132
211, 131
211, 128
212, 127
212, 119
210, 117
165, 264
166, 263
167, 264
167, 266
166, 267
166, 278
165, 279
165, 289
164, 290
164, 301
163, 302
163, 314
162, 315
162, 323
161, 324
161, 330
160, 331
160, 336
159, 337
159, 341
158, 342
158, 345
157, 346
157, 348
155, 350
154, 350
153, 349
153, 348
152, 347
152, 345
151, 344
151, 341
150, 340
150, 336
149, 335
149, 331
148, 330
148, 326
147, 325
147, 320
146, 319
146, 315
145, 314
145, 309
144, 308
144, 304
143, 303
143, 299
142, 298
142, 294
141, 293
141, 289
140, 288
140, 282
141, 281
141, 280
142, 279
142, 278
145, 275
146, 275
148, 273
149, 273
150, 272
151, 272
152, 271
153, 271
155, 269
156, 269
157, 268
158, 268
159, 267
160, 267
162, 265
163, 265
164, 264
205, 121
206, 120
208, 120
209, 121
209, 126
208, 127
208, 130
207, 131
207, 132
206, 133
206, 135
205, 136
205, 138
204, 139
204, 140
203, 141
203, 143
202, 144
202, 145
201, 146
201, 147
200, 148
200, 149
199, 150
199, 151
198, 152
198, 153
197, 154
197, 155
195, 157
195, 158
194, 159
194, 160
192, 162
192, 163
191, 164
191, 165
189, 167
189, 168
188, 169
188, 170
185, 173
185, 174
182, 177
182, 178
179, 181
178, 180
178, 178
179, 177
179, 173
180, 172
180, 168
181, 167
181, 164
182, 163
182, 161
183, 160
183, 157
184, 156
184, 154
185, 153
185, 152
186, 151
186, 149
187, 148
187, 147
188, 146
188, 145
189, 144
189, 143
190, 142
190, 141
191, 140
191, 139
192, 138
192, 137
194, 135
194, 134
195, 133
195, 132
197, 130
197, 129
199, 127
199, 126
204, 121
54, 16
53, 17
53, 21
52, 22
52, 24
51, 25
51, 27
50, 28
50, 29
49, 30
49, 31
47, 33
47, 34
46, 35
46, 36
45, 37
45, 38
44, 39
44, 40
43, 41
43, 42
42, 43
42, 44
41, 45
41, 46
40, 47
40, 48
39, 49
39, 50
38, 51
38, 52
37, 53
37, 54
36, 55
36, 56
35, 57
35, 58
34, 59
34, 60
33, 61
33, 62
32, 63
32, 64
31, 65
31, 66
29, 68
29, 69
28, 70
28, 71
27, 72
27, 73
26, 74
26, 75
25, 76
25, 78
24, 79
24, 80
22, 82
22, 85
23, 86
26, 83
26, 82
27, 81
27, 80
28, 79
28, 77
29, 76
29, 75
30, 74
30, 73
32, 71
32, 70
33, 69
33, 68
34, 67
34, 66
35, 65
35, 64
36, 63
36, 62
37, 61
37, 60
38, 59
38, 58
39, 57
39, 56
40, 55
40, 54
41, 53
41, 52
42, 51
42, 50
43, 49
43, 48
44, 47
44, 46
45, 45
45, 44
46, 43
46, 42
47, 41
47, 40
48, 39
48, 38
50, 36
51, 37
51, 45
50, 46
50, 55
49, 56
49, 68
48, 69
48, 83
47, 84
47, 99
46, 100
46, 114
45, 115
45, 128
44, 129
44, 140
43, 141
43, 142
42, 143
42, 144
41, 145
41, 146
39, 148
39, 149
38, 150
38, 151
37, 152
37, 153
36, 154
36, 155
35, 156
35, 157
34, 158
34, 159
33, 160
33, 161
32, 162
32, 163
31, 164
31, 165
30, 166
30, 167
29, 168
29, 169
28, 170
28, 171
27, 172
27, 173
26, 174
26, 175
24, 177
24, 178
23, 179
23, 180
22, 181
22, 182
21, 183
21, 184
20, 185
20, 186
19, 187
19, 188
18, 189
18, 190
17, 191
17, 193
16, 194
16, 195
15, 196
15, 197
14, 198
14, 200
13, 201
13, 203
12, 204
12, 206
11, 207
11, 210
10, 211
10, 214
9, 215
9, 232
10, 233
10, 236
11, 237
11, 238
12, 239
12, 240
15, 243
15, 244
16, 244
18, 246
25, 246
26, 245
27, 245
31, 241
31, 240
32, 239
32, 238
33, 237
33, 236
34, 235
34, 234
35, 233
35, 232
36, 231
36, 228
37, 227
37, 224
38, 223
38, 219
39, 218
39, 214
40, 213
40, 207
41, 206
41, 199
42, 198
42, 190
43, 189
43, 180
44, 179
44, 168
45, 167
45, 157
46, 156
48, 156
49, 155
49, 149
50, 148
50, 147
51, 146
51, 145
53, 143
53, 142
56, 139
58, 139
59, 140
59, 142
60, 143
60, 149
61, 150
61, 167
62, 168
62, 194
61, 195
61, 226
62, 227
62, 234
63, 235
63, 239
64, 240
64, 242
65, 243
65, 245
66, 246
66, 247
67, 248
67, 249
69, 251
70, 251
71, 252
75, 252
76, 251
77, 251
79, 249
80, 249
84, 245
84, 244
88, 240
88, 239
91, 236
91, 235
93, 233
93, 232
94, 231
94, 230
96, 228
96, 227
97, 226
97, 225
99, 223
100, 224
100, 226
99, 227
99, 254
100, 255
100, 258
101, 259
101, 260
102, 261
102, 262
105, 265
106, 265
107, 266
112, 266
113, 265
114, 265
115, 264
116, 264
117, 263
118, 263
123, 258
123, 257
126, 254
126, 253
127, 252
127, 251
129, 249
129, 248
130, 247
130, 246
131, 245
131, 243
132, 242
132, 241
133, 240
133, 239
134, 238
134, 237
135, 236
135, 234
136, 233
136, 232
137, 231
137, 229
138, 228
138, 227
139, 226
139, 224
140, 223
140, 221
141, 220
141, 218
142, 217
142, 215
143, 214
143, 212
144, 211
144, 209
145, 208
145, 204
146, 203
146, 199
147, 198
147, 194
148, 193
148, 174
147, 173
147, 170
146, 169
146, 168
145, 167
145, 166
142, 163
136, 163
135, 162
135, 160
134, 159
134, 157
131, 154
127, 154
126, 155
124, 155
122, 153
121, 153
120, 152
115, 152
113, 154
112, 154
112, 155
109, 158
109, 159
108, 160
108, 161
107, 162
107, 163
106, 164
106, 166
105, 167
105, 168
104, 169
104, 171
103, 172
103, 174
102, 175
102, 179
101, 180
101, 194
102, 195
102, 196
103, 197
103, 198
104, 199
104, 202
103, 203
103, 206
102, 207
102, 210
101, 211
101, 212
100, 213
100, 214
99, 215
99, 216
97, 218
97, 219
96, 220
96, 221
95, 222
95, 223
93, 225
93, 226
91, 228
91, 229
90, 230
90, 231
88, 233
88, 234
85, 237
85, 238
81, 242
81, 243
78, 246
77, 246
75, 248
72, 248
69, 245
69, 244
68, 243
68, 241
67, 240
67, 238
66, 237
66, 232
65, 231
65, 220
64, 219
64, 208
65, 207
65, 156
64, 155
64, 146
63, 145
63, 141
62, 140
62, 138
59, 135
55, 135
50, 140
50, 141
48, 143
47, 142
47, 140
48, 139
48, 138
49, 137
49, 136
51, 134
51, 133
52, 132
52, 131
54, 129
54, 128
55, 127
55, 126
57, 124
57, 123
59, 121
59, 120
61, 118
61, 117
63, 115
63, 114
64, 113
64, 112
66, 110
66, 109
67, 108
67, 107
68, 106
68, 105
70, 103
70, 102
71, 101
71, 100
72, 99
72, 98
74, 96
74, 95
75, 94
75, 93
76, 92
76, 91
78, 89
78, 88
79, 87
79, 86
80, 85
80, 84
82, 82
82, 81
83, 80
83, 79
84, 78
84, 77
85, 76
85, 75
86, 74
86, 73
88, 71
88, 70
89, 69
89, 68
90, 67
90, 66
91, 65
91, 64
92, 63
92, 62
93, 61
93, 60
94, 59
94, 58
95, 57
95, 56
97, 54
97, 53
98, 52
98, 51
99, 50
99, 49
100, 48
100, 47
102, 45
102, 44
103, 43
103, 42
104, 41
104, 40
105, 39
105, 38
106, 37
106, 36
108, 34
109, 35
109, 36
108, 37
108, 40
107, 41
107, 43
106, 44
106, 47
105, 48
105, 50
104, 51
104, 53
103, 54
103, 57
102, 58
102, 60
101, 61
101, 64
100, 65
100, 68
99, 69
99, 71
98, 72
98, 75
97, 76
97, 78
96, 79
96, 82
95, 83
95, 86
94, 87
94, 89
93, 90
93, 93
92, 94
92, 96
91, 97
91, 98
89, 100
89, 102
90, 103
90, 104
93, 104
93, 102
94, 101
94, 98
95, 97
95, 95
96, 94
96, 91
97, 90
97, 87
98, 86
98, 84
99, 83
99, 80
100, 79
100, 77
101, 76
101, 73
102, 72
102, 69
103, 68
103, 66
104, 65
104, 62
105, 61
105, 59
106, 58
106, 55
107, 54
107, 52
108, 51
108, 48
109, 47
109, 45
110, 44
110, 41
111, 40
111, 38
112, 37
112, 33
113, 32
113, 28
114, 27
114, 21
113, 20
112, 20
110, 22
110, 23
108, 25
108, 26
107, 27
107, 28
106, 29
106, 30
105, 31
105, 32
104, 33
104, 34
103, 35
103, 36
102, 37
102, 38
101, 39
101, 40
100, 41
100, 42
98, 44
98, 45
97, 46
97, 47
96, 48
96, 49
95, 50
95, 51
94, 52
94, 53
92, 55
92, 56
91, 57
91, 58
90, 59
90, 60
89, 61
89, 62
88, 63
88, 64
87, 65
87, 66
86, 67
86, 68
85, 69
85, 70
83, 72
83, 73
82, 74
82, 75
81, 76
81, 77
80, 78
80, 79
79, 80
79, 81
77, 83
77, 84
76, 85
76, 86
75, 87
75, 88
73, 90
73, 91
72, 92
72, 93
71, 94
71, 95
69, 97
69, 98
68, 99
68, 100
67, 101
67, 102
65, 104
65, 105
64, 106
64, 107
62, 109
62, 110
61, 111
61, 112
59, 114
59, 115
57, 117
57, 118
55, 120
55, 121
54, 122
54, 123
52, 125
52, 126
50, 128
50, 129
49, 130
48, 129
48, 116
49, 115
49, 101
50, 100
50, 85
51, 84
51, 70
52, 69
52, 57
53, 56
53, 47
54, 46
54, 36
55, 35
55, 26
56, 25
56, 19
57, 18
56, 17
56, 16
137, 166
140, 166
142, 168
142, 169
143, 170
143, 171
144, 172
144, 177
145, 178
145, 189
144, 190
144, 196
143, 197
143, 201
142, 202
142, 205
141, 206
141, 209
140, 210
140, 212
139, 213
139, 215
138, 216
138, 218
137, 219
137, 221
136, 222
136, 224
135, 225
135, 227
134, 228
134, 229
133, 230
133, 231
132, 232
132, 234
131, 235
131, 236
130, 237
130, 238
129, 239
129, 241
128, 242
128, 243
127, 244
127, 245
126, 246
126, 247
125, 248
125, 249
123, 251
123, 252
120, 255
120, 256
116, 260
115, 260
113, 262
110, 262
109, 263
108, 262
107, 262
105, 260
105, 259
104, 258
104, 257
103, 256
103, 252
102, 251
102, 232
103, 231
103, 222
104, 221
104, 215
105, 214
105, 211
106, 210
106, 209
107, 208
107, 207
108, 206
108, 205
110, 203
110, 202
111, 201
112, 201
113, 200
114, 200
115, 199
116, 199
117, 198
118, 198
119, 199
118, 200
118, 204
117, 205
117, 210
116, 211
116, 217
115, 218
115, 226
114, 227
114, 245
115, 246
115, 248
117, 250
118, 250
119, 249
119, 247
118, 246
118, 240
117, 239
117, 232
118, 231
118, 221
119, 220
119, 214
120, 213
120, 208
121, 207
121, 203
122, 202
122, 198
123, 197
123, 194
124, 193
124, 192
125, 191
125, 190
127, 188
127, 187
129, 185
129, 184
130, 183
130, 181
131, 180
131, 179
132, 178
132, 177
133, 176
133, 173
134, 172
134, 170
135, 169
135, 168
120, 166
121, 167
121, 169
120, 170
120, 173
119, 174
119, 175
118, 176
118, 178
117, 179
117, 180
116, 181
116, 182
115, 183
115, 184
114, 185
114, 187
112, 189
111, 188
111, 187
112, 186
112, 184
113, 183
113, 181
114, 180
114, 178
115, 177
115, 175
116, 174
116, 173
117, 172
117, 170
118, 169
118, 168
127, 158
130, 158
131, 159
131, 161
132, 162
132, 165
131, 166
131, 167
129, 169
129, 170
128, 171
128, 172
127, 173
127, 174
126, 175
126, 176
125, 177
125, 179
124, 180
124, 181
123, 182
123, 184
122, 185
122, 188
120, 190
120, 191
119, 192
118, 192
115, 195
114, 194
114, 193
115, 192
115, 191
116, 190
116, 189
117, 188
117, 187
118, 186
118, 185
119, 184
119, 183
120, 182
120, 181
121, 180
121, 178
122, 177
122, 176
123, 175
123, 172
124, 171
124, 168
125, 167
125, 160
117, 155
118, 155
120, 157
120, 159
118, 161
118, 162
117, 163
117, 164
115, 166
115, 167
114, 168
114, 170
113, 171
113, 172
112, 173
112, 175
111, 176
111, 178
110, 179
110, 181
109, 182
109, 184
108, 185
108, 187
107, 188
107, 190
105, 192
104, 191
104, 183
105, 182
105, 178
106, 177
106, 174
107, 173
107, 171
108, 170
108, 169
109, 168
109, 166
110, 165
110, 164
111, 163
111, 162
112, 161
112, 160
40, 153
41, 152
42, 152
43, 153
43, 154
42, 155
42, 166
41, 167
41, 178
40, 179
40, 188
39, 189
39, 197
38, 198
38, 205
37, 206
37, 212
36, 213
36, 218
35, 219
35, 222
34, 223
34, 226
33, 227
33, 230
32, 231
32, 232
31, 233
31, 234
30, 235
30, 236
29, 237
29, 238
24, 243
20, 243
19, 242
18, 242
16, 240
16, 239
14, 237
14, 236
13, 235
13, 233
12, 232
12, 216
13, 215
13, 212
14, 211
14, 208
15, 207
15, 205
16, 204
16, 202
17, 201
17, 199
18, 198
18, 197
19, 196
19, 195
20, 194
20, 192
21, 191
21, 190
22, 189
22, 188
23, 187
23, 186
24, 185
24, 184
25, 183
25, 182
27, 180
27, 179
28, 178
28, 177
29, 176
29, 175
30, 174
30, 173
31, 172
31, 171
32, 170
32, 169
33, 168
33, 167
34, 166
34, 165
35, 164
35, 163
36, 162
36, 161
37, 160
37, 159
38, 158
38, 157
39, 156
39, 155
40, 154
