8, 371
10, 373
10, 375
12, 375
12, 373
14, 371
69, 371
71, 373
71, 375
73, 375
73, 373
75, 371
129, 371
131, 373
131, 375
133, 375
133, 373
135, 371
190, 371
192, 373
192, 375
194, 375
194, 373
196, 371
250, 371
252, 373
252, 375
254, 375
254, 373
256, 371
311, 371
313, 373
313, 375
312, 2
314, 367
4, 369
2, 4
23, 118
22, 119
20, 119
19, 120
18, 120
15, 123
15, 124
14, 125
14, 127
13, 128
14, 129
14, 132
15, 133
15, 135
16, 136
16, 137
18, 139
18, 140
21, 143
21, 144
29, 152
29, 153
37, 161
37, 162
47, 172
47, 173
65, 191
65, 192
78, 205
78, 206
90, 218
90, 219
97, 226
97, 227
102, 232
102, 233
105, 236
105, 237
106, 238
106, 240
107, 241
107, 244
108, 245
108, 247
109, 248
109, 251
110, 252
110, 255
111, 256
111, 260
112, 261
112, 264
113, 265
113, 269
114, 270
114, 274
115, 275
115, 279
116, 280
116, 283
117, 284
117, 288
118, 289
118, 293
119, 294
119, 297
120, 298
120, 300
121, 301
121, 304
122, 305
122, 308
123, 309
123, 312
122, 313
119, 310
119, 309
117, 307
116, 307
113, 304
112, 304
109, 301
108, 301
106, 299
105, 299
101, 295
100, 295
98, 293
97, 293
95, 291
94, 291
91, 288
90, 288
89, 287
88, 287
86, 285
85, 285
83, 283
82, 283
81, 282
80, 282
78, 280
77, 280
76, 279
75, 279
74, 278
73, 278
71, 276
70, 276
69, 275
68, 275
66, 273
65, 273
64, 274
64, 275
66, 277
67, 277
69, 279
70, 279
71, 280
72, 280
73, 281
74, 281
76, 283
77, 283
78, 284
79, 284
81, 286
82, 286
83, 287
84, 287
86, 289
87, 289
89, 291
90, 291
92, 293
93, 293
96, 296
97, 296
99, 298
100, 298
103, 301
104, 301
107, 304
108, 304
110, 306
111, 306
126, 321
126, 322
128, 324
128, 325
130, 327
132, 327
133, 326
132, 325
132, 324
131, 323
131, 322
129, 320
129, 318
128, 317
128, 316
127, 315
127, 313
126, 312
126, 309
125, 308
125, 306
124, 305
124, 302
123, 301
123, 298
122, 297
122, 294
121, 293
121, 290
120, 289
120, 285
119, 284
119, 280
118, 279
118, 275
117, 274
117, 271
116, 270
116, 266
115, 265
115, 261
114, 260
114, 257
113, 256
113, 253
112, 252
112, 249
111, 248
111, 246
112, 245
117, 250
117, 251
124, 258
124, 259
130, 265
130, 266
147, 283
147, 284
159, 296
159, 297
177, 315
177, 316
181, 320
181, 321
183, 323
183, 324
185, 326
185, 327
187, 329
187, 330
188, 331
188, 332
189, 333
189, 334
190, 335
190, 336
192, 338
192, 339
193, 340
193, 341
195, 343
196, 343
197, 344
198, 344
199, 345
201, 345
203, 343
203, 341
204, 340
204, 333
203, 332
203, 328
202, 327
202, 324
201, 323
201, 321
200, 320
200, 318
199, 317
199, 315
198, 314
198, 312
197, 311
197, 310
196, 309
196, 307
195, 306
195, 305
194, 304
194, 301
193, 300
193, 298
192, 297
192, 295
191, 294
191, 290
190, 289
190, 282
189, 281
188, 282
188, 283
187, 284
187, 289
188, 290
188, 293
189, 294
189, 297
190, 298
190, 300
191, 301
191, 303
192, 304
192, 306
193, 307
193, 309
194, 310
194, 311
195, 312
195, 314
196, 315
196, 317
197, 318
197, 320
198, 321
198, 323
199, 324
199, 326
200, 327
200, 331
201, 332
201, 340
199, 342
194, 337
194, 336
193, 335
193, 334
192, 333
192, 332
191, 331
191, 330
189, 328
189, 327
188, 326
188, 325
186, 323
186, 322
183, 319
183, 318
180, 315
180, 314
164, 298
164, 297
152, 285
152, 284
139, 271
139, 270
127, 258
127, 257
121, 251
121, 250
115, 244
115, 243
110, 238
110, 237
108, 235
108, 234
107, 233
107, 231
106, 230
106, 228
105, 227
105, 225
104, 224
104, 222
103, 221
103, 220
102, 219
102, 217
101, 216
101, 214
100, 213
100, 211
99, 210
99, 209
98, 208
98, 206
97, 205
97, 204
96, 203
96, 201
95, 200
95, 199
94, 198
94, 197
93, 196
93, 194
92, 193
92, 192
91, 191
91, 190
90, 189
90, 188
89, 187
89, 186
88, 185
88, 184
87, 183
87, 182
86, 181
86, 180
85, 179
85, 178
84, 177
84, 176
83, 175
83, 174
82, 173
82, 172
81, 171
81, 170
80, 169
80, 168
79, 167
79, 166
78, 165
78, 164
77, 163
77, 162
76, 161
76, 160
75, 159
75, 158
74, 157
74, 156
72, 154
72, 153
71, 152
71, 151
69, 149
69, 148
67, 146
67, 145
63, 141
63, 140
53, 130
52, 130
48, 126
47, 126
45, 124
44, 124
42, 122
41, 122
40, 121
39, 121
38, 120
36, 120
35, 119
33, 119
32, 118
22, 122
23, 121
33, 121
34, 122
35, 122
36, 123
38, 123
40, 125
41, 125
42, 126
43, 126
45, 128
46, 128
54, 136
55, 136
60, 141
60, 142
64, 146
64, 147
67, 150
67, 151
68, 152
68, 153
70, 155
70, 156
71, 157
71, 158
73, 160
73, 161
74, 162
74, 163
75, 164
75, 165
76, 166
76, 167
77, 168
77, 169
78, 170
78, 171
79, 172
79, 173
80, 174
80, 175
81, 176
81, 177
82, 178
82, 179
83, 180
83, 181
84, 182
84, 183
85, 184
85, 185
86, 186
86, 187
87, 188
87, 189
88, 190
88, 191
89, 192
89, 194
90, 195
90, 196
91, 197
91, 198
92, 199
92, 200
93, 201
93, 203
94, 204
94, 205
95, 206
95, 208
96, 209
96, 210
97, 211
97, 213
98, 214
98, 216
99, 217
99, 218
100, 219
100, 221
101, 222
101, 224
100, 225
93, 218
93, 217
83, 207
83, 206
70, 193
70, 192
51, 173
51, 172
41, 162
41, 161
33, 153
33, 152
24, 143
24, 142
21, 139
21, 138
19, 136
19, 135
18, 134
18, 133
17, 132
17, 130
16, 129
16, 127
17, 126
17, 125
19, 123
20, 123
21, 122
179, 15
178, 16
177, 16
176, 17
175, 17
173, 19
173, 20
170, 23
170, 24
169, 25
169, 26
168, 27
168, 28
167, 29
167, 30
166, 31
166, 33
165, 34
165, 35
164, 36
164, 38
163, 39
163, 42
162, 43
162, 46
161, 47
161, 52
160, 53
160, 69
161, 70
161, 74
162, 75
162, 77
163, 78
163, 79
164, 80
164, 81
165, 82
165, 83
166, 84
166, 85
167, 86
167, 87
168, 88
168, 89
170, 91
170, 92
172, 94
172, 95
175, 98
175, 99
178, 102
178, 103
181, 106
181, 107
185, 111
185, 112
190, 117
190, 118
194, 122
194, 123
199, 128
199, 129
205, 135
205, 136
211, 142
211, 143
217, 149
217, 150
223, 156
223, 157
228, 162
228, 163
229, 164
229, 167
230, 168
230, 173
231, 174
231, 178
232, 179
232, 184
233, 185
233, 190
234, 191
234, 195
235, 196
235, 197
234, 198
219, 183
218, 183
213, 178
212, 178
209, 175
208, 175
206, 173
206, 172
205, 171
205, 170
204, 169
204, 167
203, 166
203, 165
201, 163
201, 162
200, 161
200, 160
199, 159
199, 158
197, 156
197, 155
195, 153
195, 152
192, 149
192, 148
184, 140
183, 140
181, 138
179, 138
178, 137
176, 137
175, 136
173, 136
172, 137
170, 137
169, 138
168, 138
167, 139
166, 139
166, 140
164, 142
164, 143
163, 144
163, 145
162, 146
162, 148
161, 149
161, 155
160, 156
160, 159
159, 160
157, 158
157, 157
136, 136
135, 136
132, 133
131, 133
129, 131
128, 131
127, 130
125, 130
124, 129
117, 129
114, 132
114, 133
113, 134
113, 136
112, 137
112, 165
113, 166
113, 181
114, 182
114, 202
113, 203
113, 211
112, 212
112, 216
111, 217
109, 215
109, 214
108, 213
107, 213
106, 214
106, 217
107, 218
107, 219
108, 220
108, 222
109, 223
109, 224
112, 224
113, 223
113, 222
114, 221
114, 219
115, 218
115, 214
116, 213
116, 207
117, 206
117, 177
116, 176
116, 161
115, 160
115, 139
116, 138
116, 135
119, 132
123, 132
124, 133
125, 133
126, 134
127, 134
129, 136
130, 136
132, 138
133, 138
155, 160
155, 161
160, 166
160, 167
162, 169
162, 171
163, 172
163, 174
164, 175
164, 177
165, 178
165, 181
166, 182
166, 184
167, 185
167, 187
168, 188
168, 190
169, 191
169, 192
170, 193
170, 195
171, 196
171, 198
172, 199
172, 201
173, 202
173, 203
174, 204
174, 205
175, 206
175, 207
178, 210
179, 210
180, 209
180, 207
181, 206
182, 207
182, 208
184, 210
184, 211
186, 213
186, 214
192, 220
193, 220
194, 221
198, 221
202, 217
202, 216
203, 215
203, 213
204, 212
204, 210
205, 209
205, 206
206, 205
206, 202
207, 201
207, 197
208, 196
208, 181
209, 180
210, 180
215, 185
216, 185
230, 199
230, 200
235, 205
235, 206
237, 208
237, 210
238, 211
238, 215
239, 216
239, 220
240, 221
240, 225
241, 226
241, 230
242, 231
242, 236
243, 237
243, 241
244, 242
244, 247
245, 248
245, 253
246, 254
246, 259
247, 260
247, 264
248, 265
248, 270
249, 271
249, 275
250, 276
250, 281
251, 282
251, 286
252, 287
252, 291
253, 292
253, 297
254, 298
254, 302
255, 303
255, 307
256, 308
256, 312
257, 313
257, 317
258, 318
258, 322
259, 323
259, 326
260, 327
260, 331
261, 332
261, 335
262, 336
262, 338
263, 339
263, 342
264, 343
264, 345
265, 346
265, 347
266, 348
266, 349
268, 351
268, 352
269, 353
270, 353
271, 354
281, 354
282, 353
283, 353
283, 352
284, 351
284, 349
283, 348
283, 347
282, 346
282, 345
281, 344
281, 342
280, 341
280, 340
279, 339
279, 337
278, 336
278, 334
277, 333
277, 331
276, 330
276, 328
275, 327
275, 325
274, 324
274, 322
273, 321
273, 318
272, 317
272, 314
271, 313
271, 309
270, 308
270, 305
269, 304
269, 300
268, 299
268, 295
267, 294
267, 290
266, 289
266, 285
265, 284
265, 280
264, 279
264, 275
263, 274
263, 270
262, 269
262, 266
261, 265
261, 261
260, 260
260, 257
259, 256
259, 253
258, 252
258, 249
257, 248
257, 246
256, 245
256, 242
255, 241
255, 239
254, 238
254, 236
253, 235
253, 233
252, 232
252, 230
251, 229
251, 227
250, 226
250, 225
249, 224
249, 223
248, 222
248, 221
247, 220
247, 219
246, 218
246, 217
245, 216
245, 215
244, 214
244, 213
243, 212
243, 211
242, 210
242, 209
240, 207
240, 204
239, 203
239, 199
238, 198
238, 194
237, 193
237, 189
236, 188
236, 183
235, 182
235, 177
234, 176
234, 172
235, 171
242, 178
242, 179
249, 186
249, 187
279, 217
280, 217
286, 223
287, 223
298, 234
298, 235
299, 236
301, 236
302, 235
302, 234
300, 232
300, 231
290, 221
289, 221
283, 215
282, 215
252, 185
252, 184
245, 177
245, 176
238, 169
238, 168
233, 163
233, 162
232, 161
232, 160
231, 159
231, 154
230, 153
230, 148
229, 147
229, 143
228, 142
228, 137
227, 136
227, 131
226, 130
226, 126
225, 125
225, 121
224, 120
224, 116
223, 115
223, 111
222, 110
222, 107
221, 106
221, 103
220, 102
220, 99
219, 98
219, 96
218, 95
218, 92
217, 91
217, 89
216, 88
216, 86
215, 85
215, 83
214, 82
214, 80
213, 79
213, 77
212, 76
212, 74
211, 73
211, 72
210, 71
210, 69
209, 68
209, 66
208, 65
208, 64
207, 63
207, 61
206, 60
206, 59
205, 58
205, 56
204, 55
204, 54
203, 53
203, 52
202, 51
202, 49
201, 48
201, 47
200, 46
200, 45
199, 44
199, 43
198, 42
198, 41
197, 40
197, 38
196, 37
196, 36
195, 35
195, 34
194, 33
194, 32
193, 31
193, 30
192, 29
192, 28
191, 27
191, 26
190, 25
190, 24
189, 23
189, 22
187, 20
187, 19
184, 16
183, 16
182, 15
244, 225
245, 224
246, 225
246, 226
247, 227
247, 228
248, 229
248, 231
249, 232
249, 234
250, 235
250, 237
251, 238
251, 240
252, 241
252, 243
253, 244
253, 246
254, 247
254, 250
255, 251
255, 254
256, 255
256, 258
257, 259
257, 262
258, 263
258, 267
259, 268
259, 271
260, 272
260, 276
261, 277
261, 281
262, 282
262, 286
263, 287
263, 291
264, 292
264, 296
265, 297
265, 301
266, 302
266, 306
267, 307
267, 310
268, 311
268, 315
269, 316
269, 319
270, 320
270, 322
271, 323
271, 326
272, 327
272, 329
273, 330
273, 332
274, 333
274, 335
275, 336
275, 338
276, 339
276, 340
277, 341
277, 343
278, 344
278, 345
279, 346
279, 347
280, 348
280, 350
279, 351
273, 351
272, 350
271, 350
270, 349
270, 348
269, 347
269, 346
268, 345
268, 344
267, 343
267, 341
266, 340
266, 338
265, 337
265, 334
264, 333
264, 330
263, 329
263, 325
262, 324
262, 321
261, 320
261, 316
260, 315
260, 311
259, 310
259, 306
258, 305
258, 301
257, 300
257, 295
256, 294
256, 290
255, 289
255, 285
254, 284
254, 279
253, 278
253, 274
252, 273
252, 269
251, 268
251, 263
250, 262
250, 257
249, 256
249, 252
248, 251
248, 246
247, 245
247, 240
246, 239
246, 235
245, 234
245, 229
244, 228
178, 166
179, 165
181, 165
182, 166
185, 166
186, 167
188, 167
189, 168
191, 168
192, 169
193, 169
194, 170
195, 170
197, 172
198, 172
199, 173
200, 173
203, 176
203, 177
204, 178
204, 182
205, 183
205, 193
204, 194
204, 199
203, 200
203, 203
202, 204
202, 207
201, 208
201, 211
200, 212
200, 213
199, 214
199, 215
196, 218
195, 217
194, 217
188, 211
188, 210
186, 208
186, 207
185, 206
185, 205
184, 204
184, 203
183, 202
183, 201
181, 199
181, 198
180, 197
180, 196
179, 195
179, 193
178, 192
178, 190
177, 189
177, 187
176, 186
176, 185
175, 184
175, 182
174, 181
174, 177
173, 176
173, 175
174, 174
174, 170
175, 169
175, 168
177, 166
171, 140
177, 140
178, 141
179, 141
180, 142
181, 142
189, 150
189, 151
192, 154
192, 155
194, 157
194, 158
196, 160
196, 161
197, 162
197, 163
199, 165
199, 166
200, 167
200, 168
199, 169
198, 168
197, 168
196, 167
195, 167
194, 166
193, 166
192, 165
191, 165
190, 164
188, 164
187, 163
184, 163
183, 162
177, 162
176, 163
175, 163
172, 166
172, 167
171, 168
171, 171
169, 173
168, 172
168, 171
166, 169
166, 168
165, 167
165, 166
164, 165
164, 151
165, 150
165, 147
166, 146
166, 145
179, 19
182, 19
184, 21
184, 22
186, 24
186, 25
188, 27
188, 28
189, 29
189, 30
190, 31
190, 32
191, 33
191, 35
192, 36
192, 37
193, 38
193, 39
194, 40
194, 41
195, 42
195, 43
196, 44
196, 46
197, 47
197, 48
198, 49
198, 50
199, 51
199, 52
200, 53
200, 55
201, 56
201, 57
202, 58
202, 59
203, 60
203, 62
204, 63
204, 64
205, 65
205, 67
206, 68
206, 70
207, 71
207, 72
208, 73
208, 75
209, 76
209, 78
210, 79
210, 80
211, 81
211, 83
212, 84
212, 86
213, 87
213, 90
214, 91
214, 93
215, 94
215, 96
216, 97
216, 100
217, 101
217, 104
218, 105
218, 108
219, 109
219, 112
220, 113
220, 117
221, 118
221, 122
222, 123
222, 127
223, 128
223, 133
224, 134
224, 138
225, 139
225, 144
226, 145
226, 150
227, 151
227, 153
226, 154
220, 148
220, 147
213, 140
213, 139
207, 133
207, 132
202, 127
202, 126
197, 121
197, 120
192, 115
192, 114
188, 110
188, 109
184, 105
184, 104
180, 100
180, 99
177, 96
177, 95
175, 93
175, 92
173, 90
173, 89
171, 87
171, 86
169, 84
169, 83
168, 82
168, 81
167, 80
167, 79
166, 78
166, 76
165, 75
165, 73
164, 72
164, 67
163, 66
163, 56
164, 55
164, 49
165, 48
165, 45
166, 44
166, 41
167, 40
167, 38
168, 37
168, 35
169, 34
169, 33
170, 32
170, 31
171, 30
171, 29
172, 28
172, 27
173, 26
173, 25
