4, 40
2, 42
0, 42
0, 44
2, 44
4, 46
4, 86
2, 88
0, 88
0, 90
2, 90
4, 92
4, 131
2, 133
0, 133
0, 135
2, 135
4, 137
4, 177
2, 179
0, 179
0, 181
2, 181
4, 183
4, 222
2, 224
0, 224
0, 226
2, 226
4, 228
4, 268
2, 270
0, 270
0, 272
2, 272
4, 274
4, 313
2, 315
0, 315
0, 317
2, 317
4, 319
4, 359
2, 361
0, 361
2, 363
4, 365
4, 371
178, 2
180, 367
8, 369
6, 4
149, 166
148, 167
144, 167
143, 168
141, 168
140, 169
138, 169
137, 170
136, 170
135, 171
134, 171
133, 172
132, 172
131, 173
130, 173
128, 175
127, 175
125, 177
124, 177
121, 180
120, 180
103, 197
103, 198
99, 202
99, 203
96, 206
96, 207
94, 209
94, 210
92, 212
92, 213
91, 214
91, 215
90, 216
90, 217
89, 218
89, 219
88, 220
88, 221
87, 222
87, 223
86, 224
86, 226
85, 227
85, 228
84, 229
84, 232
83, 233
83, 234
82, 235
81, 234
81, 233
80, 232
80, 231
78, 229
78, 228
76, 226
75, 226
74, 225
72, 225
71, 224
70, 224
69, 225
66, 225
65, 226
64, 226
61, 229
60, 229
58, 231
58, 232
55, 235
55, 236
53, 239
52, 240
52, 241
51, 242
51, 243
50, 244
50, 246
49, 247
49, 248
48, 249
48, 251
47, 252
47, 253
46, 254
46, 256
45, 257
45, 259
44, 260
44, 263
43, 264
43, 267
42, 268
42, 272
41, 273
41, 277
40, 278
40, 284
39, 285
39, 292
38, 293
38, 315
39, 316
39, 322
40, 323
40, 327
41, 328
41, 331
42, 332
42, 334
43, 335
43, 336
44, 337
44, 339
45, 340
45, 341
47, 343
47, 344
53, 350
54, 350
58, 352
59, 353
60, 353
61, 354
74, 354
75, 353
79, 353
80, 352
82, 352
83, 351
84, 351
85, 350
87, 350
88, 349
89, 349
90, 348
91, 348
92, 347
93, 347
94, 346
95, 346
96, 345
97, 345
99, 343
100, 343
102, 341
103, 341
106, 338
107, 338
128, 317
128, 316
133, 311
133, 310
137, 306
137, 305
139, 303
139, 302
142, 299
142, 298
144, 296
144, 295
146, 293
146, 292
147, 291
147, 290
149, 287
150, 286
150, 285
151, 284
151, 283
153, 281
153, 280
154, 279
154, 278
155, 277
155, 276
156, 275
156, 274
157, 273
157, 272
158, 271
158, 270
159, 269
159, 268
160, 267
160, 265
161, 264
161, 263
162, 262
162, 260
163, 259
163, 258
164, 257
164, 255
165, 254
165, 252
166, 251
166, 249
167, 248
167, 246
168, 245
168, 243
169, 242
169, 239
170, 238
170, 235
171, 234
171, 230
172, 229
172, 224
173, 223
173, 216
174, 215
174, 192
173, 191
173, 186
172, 185
172, 182
171, 181
171, 179
170, 178
170, 177
169, 176
169, 175
167, 173
167, 172
166, 172
162, 169
161, 168
160, 168
159, 167
155, 167
154, 166
148, 170
149, 169
154, 169
155, 170
158, 170
159, 171
160, 171
161, 172
166, 176
166, 177
167, 178
167, 179
168, 180
168, 182
169, 183
169, 185
170, 186
170, 191
171, 192
171, 215
170, 216
170, 223
169, 224
169, 228
168, 229
168, 233
167, 234
167, 237
166, 238
166, 241
165, 242
165, 245
164, 246
164, 248
163, 249
163, 250
162, 251
162, 253
161, 254
161, 256
160, 257
160, 258
159, 259
159, 261
158, 262
158, 263
157, 264
157, 266
156, 267
156, 268
155, 269
155, 270
154, 271
154, 272
153, 273
153, 274
152, 275
152, 276
151, 277
151, 278
150, 279
150, 280
148, 282
148, 283
147, 284
147, 285
146, 286
144, 289
144, 290
142, 292
142, 293
141, 294
141, 295
138, 298
138, 299
136, 301
136, 302
133, 305
133, 306
128, 311
128, 312
121, 319
121, 320
111, 330
110, 330
103, 337
102, 337
99, 340
98, 340
96, 342
95, 342
94, 343
93, 343
92, 344
91, 344
90, 345
89, 345
88, 346
87, 346
86, 347
85, 347
84, 348
82, 348
81, 349
79, 349
78, 350
74, 350
73, 351
62, 351
61, 350
59, 350
58, 349
55, 347
54, 347
50, 343
50, 342
48, 340
48, 339
47, 338
47, 337
46, 336
46, 334
45, 333
45, 331
44, 330
44, 328
43, 327
43, 323
42, 322
42, 316
41, 315
41, 294
42, 293
42, 285
43, 284
43, 279
44, 278
44, 273
45, 272
45, 269
46, 268
46, 265
47, 264
47, 261
48, 260
48, 258
49, 257
49, 255
50, 254
50, 252
51, 251
51, 250
52, 249
52, 247
53, 246
53, 245
54, 244
54, 243
55, 242
57, 239
57, 238
58, 237
58, 236
64, 230
65, 230
67, 228
69, 228
70, 227
71, 228
73, 228
76, 231
76, 232
78, 234
78, 236
79, 237
79, 239
80, 240
80, 244
81, 245
81, 253
82, 254
83, 254
84, 253
84, 251
85, 250
85, 242
86, 241
86, 233
87, 232
87, 230
88, 229
88, 227
89, 226
89, 225
90, 224
90, 223
91, 222
91, 221
92, 220
92, 219
93, 218
93, 217
94, 216
94, 215
96, 213
96, 212
97, 211
97, 210
100, 207
100, 206
103, 203
103, 202
108, 197
108, 196
118, 186
119, 186
124, 181
125, 181
128, 178
129, 178
131, 176
132, 176
133, 175
134, 175
135, 174
136, 174
137, 173
138, 173
139, 172
140, 172
141, 171
144, 171
145, 170
95, 320
94, 321
91, 321
90, 322
89, 322
88, 323
84, 323
83, 324
83, 325
84, 326
89, 326
90, 325
92, 325
93, 324
94, 324
95, 323
96, 323
97, 322
97, 321
96, 320
86, 273
85, 274
84, 274
83, 275
82, 275
80, 277
78, 277
77, 278
76, 278
75, 279
68, 279
68, 281
69, 282
76, 282
77, 281
79, 281
80, 280
81, 280
82, 279
83, 279
85, 277
86, 277
87, 276
88, 276
89, 275
89, 274
88, 273
125, 251
123, 253
123, 254
120, 257
120, 258
118, 260
118, 261
116, 263
116, 264
115, 265
115, 268
117, 268
118, 267
118, 266
119, 265
119, 264
121, 262
121, 261
123, 259
123, 258
126, 255
126, 254
127, 253
127, 252
126, 251
114, 16
113, 17
113, 18
112, 19
112, 21
111, 22
111, 24
110, 25
110, 29
109, 30
109, 34
108, 35
108, 40
107, 41
107, 47
106, 48
106, 53
105, 54
105, 59
104, 60
104, 65
103, 66
103, 70
102, 71
102, 74
101, 75
101, 79
100, 80
100, 84
99, 85
99, 89
98, 90
98, 92
97, 93
97, 96
96, 97
96, 99
95, 100
95, 102
94, 103
94, 105
93, 106
93, 107
92, 108
92, 110
91, 111
91, 112
90, 113
90, 114
89, 115
89, 116
88, 117
88, 118
86, 120
86, 121
83, 124
82, 124
81, 125
80, 125
79, 126
78, 126
77, 125
75, 125
74, 124
73, 124
65, 116
65, 115
62, 112
62, 111
61, 110
61, 109
60, 108
60, 107
59, 106
59, 105
58, 104
58, 103
57, 102
57, 101
56, 100
56, 98
55, 97
55, 96
54, 95
54, 93
53, 92
53, 90
52, 89
52, 87
51, 86
51, 84
50, 83
50, 81
49, 80
49, 78
48, 77
48, 75
47, 74
47, 72
46, 71
46, 68
45, 67
45, 65
44, 64
44, 62
43, 61
43, 60
42, 59
42, 57
41, 56
41, 55
40, 54
40, 53
38, 51
38, 50
37, 50
36, 49
35, 49
32, 52
32, 54
31, 55
31, 61
30, 62
30, 71
29, 72
29, 86
28, 87
28, 101
27, 102
27, 114
26, 115
26, 124
25, 125
25, 132
24, 133
24, 139
23, 140
23, 145
22, 146
22, 151
21, 152
21, 155
20, 156
20, 157
19, 158
18, 157
18, 154
16, 152
15, 152
15, 153
14, 154
15, 155
15, 159
16, 160
16, 162
17, 163
17, 164
18, 165
20, 165
21, 164
21, 163
22, 162
22, 161
23, 160
23, 158
24, 157
24, 153
25, 152
25, 148
26, 147
26, 142
27, 141
27, 135
28, 134
28, 127
29, 126
29, 118
30, 117
30, 105
31, 104
31, 90
32, 89
32, 76
33, 75
33, 64
34, 63
34, 57
35, 56
35, 55
36, 54
38, 56
38, 57
39, 58
39, 60
40, 61
40, 63
41, 64
41, 66
42, 67
42, 69
43, 70
43, 72
44, 73
44, 75
45, 76
45, 78
46, 79
46, 82
47, 83
47, 85
48, 86
48, 88
49, 89
49, 91
50, 92
50, 94
51, 95
51, 96
52, 97
52, 99
53, 100
53, 101
54, 102
54, 103
55, 104
55, 106
56, 107
56, 108
57, 109
57, 110
59, 112
59, 113
60, 114
60, 115
63, 118
63, 119
70, 126
71, 126
73, 128
75, 128
76, 129
80, 129
81, 128
83, 128
85, 126
86, 126
88, 124
88, 123
90, 121
90, 120
91, 119
91, 118
93, 116
93, 114
94, 113
94, 112
95, 111
95, 110
96, 109
96, 107
97, 106
97, 104
98, 103
98, 101
99, 100
99, 98
100, 97
100, 95
101, 94
101, 91
102, 90
102, 86
103, 85
103, 82
104, 81
104, 77
105, 76
105, 72
106, 71
106, 67
107, 66
107, 62
108, 61
108, 55
109, 54
109, 49
110, 48
110, 43
111, 42
111, 37
112, 36
112, 31
113, 30
113, 27
114, 26
114, 23
115, 22
115, 21
116, 20
118, 22
118, 24
119, 25
119, 28
120, 29
120, 33
121, 34
121, 38
122, 39
122, 45
123, 46
123, 52
124, 53
124, 57
125, 58
125, 63
126, 64
126, 68
127, 69
127, 72
128, 73
128, 77
129, 78
129, 81
130, 82
130, 85
131, 86
131, 89
132, 90
132, 92
133, 93
133, 95
134, 96
134, 98
135, 99
135, 101
136, 102
136, 103
137, 104
137, 105
138, 106
138, 107
139, 108
139, 109
140, 110
140, 111
142, 113
142, 114
147, 119
148, 119
150, 121
151, 121
152, 122
153, 122
154, 123
156, 123
157, 124
157, 125
154, 128
153, 128
151, 130
150, 130
149, 131
148, 131
147, 132
146, 132
144, 134
142, 134
141, 135
140, 135
139, 136
138, 136
137, 137
136, 137
135, 138
134, 138
133, 139
132, 139
131, 140
130, 140
129, 141
127, 141
126, 142
125, 142
124, 143
123, 143
122, 144
121, 144
120, 145
118, 145
117, 146
116, 146
115, 147
114, 147
113, 148
112, 148
111, 149
110, 149
109, 150
108, 150
107, 151
106, 151
105, 152
104, 152
103, 153
102, 153
101, 154
100, 154
99, 155
98, 155
96, 157
95, 157
94, 158
93, 158
92, 159
91, 159
89, 161
88, 161
87, 162
86, 162
84, 164
83, 164
82, 165
81, 165
80, 166
79, 166
77, 168
76, 168
74, 170
73, 170
72, 171
71, 171
69, 173
68, 173
66, 175
65, 175
64, 176
63, 176
61, 178
60, 178
58, 180
57, 180
56, 181
55, 181
53, 183
52, 183
51, 184
50, 184
48, 186
47, 186
45, 188
44, 188
42, 190
41, 190
40, 191
39, 191
37, 193
36, 193
34, 195
33, 195
31, 197
30, 197
27, 200
26, 200
24, 202
23, 202
21, 204
20, 204
17, 207
16, 207
14, 209
13, 209
11, 211
11, 213
14, 213
16, 211
17, 211
19, 209
20, 209
23, 206
24, 206
26, 204
27, 204
29, 202
30, 202
33, 199
34, 199
36, 197
37, 197
39, 195
40, 195
41, 194
42, 194
44, 192
45, 192
47, 190
48, 190
50, 188
51, 188
53, 186
54, 186
55, 185
56, 185
58, 183
59, 183
60, 182
61, 182
63, 180
64, 180
65, 179
66, 179
68, 177
69, 177
71, 175
72, 175
73, 174
74, 174
76, 172
77, 172
79, 170
80, 170
81, 169
82, 169
84, 167
85, 167
86, 166
87, 166
89, 164
90, 164
91, 163
92, 163
93, 162
94, 162
96, 160
97, 160
98, 159
99, 159
100, 158
101, 158
103, 156
104, 156
105, 155
106, 155
107, 154
108, 154
109, 153
110, 153
111, 152
112, 152
113, 151
114, 151
115, 150
117, 150
118, 149
119, 149
120, 148
121, 148
122, 147
123, 147
124, 146
125, 146
126, 145
128, 145
129, 144
130, 144
131, 143
132, 143
133, 142
134, 142
135, 141
137, 141
138, 140
139, 140
140, 139
141, 139
142, 138
143, 138
144, 137
145, 137
146, 136
147, 136
148, 135
149, 135
151, 133
152, 133
153, 132
154, 132
156, 130
157, 130
164, 123
164, 121
163, 120
161, 120
160, 121
159, 121
158, 120
156, 120
155, 119
153, 119
151, 117
150, 117
144, 111
144, 110
142, 108
142, 107
141, 106
141, 105
140, 104
140, 103
139, 102
139, 100
138, 99
138, 98
137, 97
137, 95
136, 94
136, 92
135, 91
135, 88
134, 87
134, 84
133, 83
133, 80
132, 79
132, 76
131, 75
131, 72
130, 71
130, 67
129, 66
129, 62
128, 61
128, 57
127, 56
127, 51
126, 50
126, 44
125, 43
125, 38
124, 37
124, 32
123, 31
123, 28
122, 27
122, 24
121, 23
121, 21
120, 20
120, 19
119, 18
119, 17
118, 16
