262, 2
264, 367
4, 369
2, 4
134, 312
133, 313
130, 313
129, 314
128, 314
127, 315
126, 315
125, 316
124, 316
123, 317
121, 317
120, 318
119, 318
118, 319
118, 321
121, 321
122, 320
124, 320
125, 319
126, 319
127, 318
128, 318
129, 317
130, 317
131, 316
133, 316
134, 315
141, 315
142, 316
145, 316
145, 314
144, 313
142, 313
141, 312
148, 244
157, 245
160, 248
161, 248
162, 245
102, 232
101, 233
97, 233
95, 235
97, 237
98, 237
99, 236
102, 236
103, 235
105, 235
106, 236
109, 236
109, 233
107, 233
106, 232
97, 16
95, 18
94, 18
92, 20
91, 20
70, 41
70, 42
64, 48
64, 49
44, 69
44, 70
42, 72
42, 73
37, 78
37, 79
32, 84
32, 86
34, 86
38, 82
38, 81
43, 76
43, 75
46, 72
46, 71
64, 53
64, 52
71, 45
71, 44
93, 22
94, 22
96, 20
97, 20
98, 19
100, 21
100, 22
101, 23
101, 25
102, 26
102, 28
103, 29
103, 33
104, 34
104, 37
105, 38
105, 41
106, 42
106, 47
107, 48
107, 64
108, 65
108, 66
111, 66
115, 62
116, 62
125, 53
126, 53
137, 42
137, 41
140, 38
140, 37
144, 33
144, 32
154, 22
155, 22
157, 24
157, 26
158, 27
158, 28
159, 29
159, 31
160, 32
160, 34
161, 35
161, 36
162, 37
162, 38
163, 39
163, 41
164, 42
164, 43
165, 44
165, 45
166, 46
166, 47
167, 48
167, 49
168, 50
168, 51
169, 52
169, 53
170, 54
170, 55
171, 56
171, 57
173, 59
173, 60
174, 61
174, 62
176, 64
176, 65
177, 66
177, 67
179, 69
179, 70
182, 73
182, 74
184, 76
184, 77
187, 80
187, 81
189, 83
189, 84
192, 87
192, 88
195, 91
195, 92
199, 96
199, 97
203, 101
203, 102
207, 106
207, 107
208, 108
208, 109
209, 110
209, 111
210, 112
209, 113
151, 113
150, 114
136, 114
135, 115
125, 115
124, 116
114, 116
113, 117
104, 117
103, 118
97, 118
96, 117
96, 115
93, 115
92, 116
91, 116
90, 117
89, 117
88, 118
87, 118
86, 119
36, 119
35, 120
31, 120
30, 121
27, 121
26, 122
24, 122
23, 123
22, 123
20, 125
19, 125
16, 128
15, 128
12, 131
12, 133
14, 133
18, 129
19, 129
21, 127
22, 127
24, 125
25, 125
26, 124
28, 124
29, 123
32, 123
33, 122
40, 122
41, 121
56, 121
57, 122
81, 122
82, 123
81, 124
81, 125
79, 127
79, 128
77, 130
77, 131
76, 132
76, 133
74, 135
74, 136
73, 137
73, 139
72, 140
72, 141
71, 142
71, 143
70, 144
70, 145
69, 146
69, 148
68, 149
68, 150
67, 151
67, 152
66, 153
66, 155
65, 156
65, 157
64, 158
64, 160
63, 161
63, 163
62, 164
62, 167
61, 168
61, 170
60, 171
60, 174
59, 175
59, 177
58, 178
58, 181
57, 182
57, 185
56, 186
56, 191
55, 192
55, 198
54, 199
54, 205
53, 206
53, 213
52, 214
52, 221
51, 222
51, 238
50, 239
50, 248
51, 249
51, 263
52, 264
52, 273
53, 274
53, 280
54, 281
54, 285
55, 286
55, 290
56, 291
56, 294
57, 295
57, 297
58, 298
58, 300
59, 301
59, 303
60, 304
60, 306
61, 307
61, 308
62, 309
62, 311
63, 312
63, 313
64, 314
64, 315
66, 317
66, 318
67, 319
67, 320
71, 324
71, 325
78, 332
79, 332
82, 335
83, 335
86, 338
87, 338
89, 340
90, 340
92, 342
93, 342
95, 344
96, 344
97, 345
98, 345
99, 346
101, 346
102, 347
103, 347
104, 348
105, 348
106, 349
109, 349
110, 350
112, 350
113, 351
117, 351
118, 352
121, 352
122, 353
127, 353
128, 354
156, 354
157, 353
162, 353
163, 352
166, 352
167, 351
169, 351
170, 350
172, 350
173, 349
176, 349
177, 348
179, 348
180, 347
182, 347
183, 346
185, 346
186, 345
187, 345
188, 344
190, 344
191, 343
192, 343
194, 341
195, 341
196, 340
197, 340
198, 339
199, 339
200, 338
201, 338
203, 336
204, 336
207, 333
208, 333
211, 330
212, 330
223, 319
223, 318
228, 313
228, 312
232, 308
232, 307
234, 305
234, 304
237, 301
237, 300
239, 298
239, 297
241, 295
241, 294
242, 293
242, 292
243, 291
243, 290
245, 288
245, 287
246, 286
246, 284
247, 283
247, 282
248, 281
248, 279
249, 278
249, 277
250, 276
250, 274
251, 273
251, 270
252, 269
252, 266
253, 265
253, 258
254, 257
254, 241
253, 240
253, 230
252, 229
252, 222
251, 221
251, 216
250, 215
250, 212
249, 211
249, 208
248, 207
248, 205
247, 204
247, 202
246, 201
246, 200
245, 199
245, 198
244, 197
244, 196
242, 194
242, 193
240, 191
240, 190
236, 186
236, 185
226, 175
225, 175
221, 171
220, 171
216, 167
215, 167
212, 164
211, 164
208, 161
207, 161
204, 158
203, 158
200, 155
199, 155
196, 152
195, 152
193, 150
192, 150
190, 148
189, 148
188, 147
187, 147
185, 145
184, 145
183, 144
182, 144
181, 143
180, 143
178, 141
177, 141
176, 140
174, 140
173, 139
172, 139
171, 138
170, 138
169, 137
168, 137
167, 136
165, 136
164, 135
162, 135
161, 134
156, 134
155, 133
147, 133
146, 132
140, 132
139, 133
133, 133
132, 134
129, 134
128, 135
127, 135
126, 136
125, 136
124, 137
123, 137
121, 139
120, 139
119, 140
118, 140
117, 141
116, 141
115, 142
114, 142
112, 144
112, 145
110, 147
110, 149
111, 150
115, 146
115, 145
116, 144
117, 144
118, 143
119, 143
120, 142
121, 142
122, 141
123, 141
124, 140
125, 140
127, 138
128, 138
129, 137
131, 137
132, 136
137, 136
138, 135
149, 135
150, 136
156, 136
157, 137
161, 137
162, 138
164, 138
165, 139
167, 139
168, 140
169, 140
170, 141
171, 141
172, 142
173, 142
174, 143
175, 143
176, 144
177, 144
178, 145
179, 145
180, 146
181, 146
183, 148
184, 148
185, 149
186, 149
187, 150
188, 150
190, 152
191, 152
194, 155
195, 155
197, 157
198, 157
201, 160
202, 160
206, 164
207, 164
209, 166
210, 166
213, 169
214, 169
219, 174
220, 174
226, 180
227, 180
233, 186
233, 187
238, 192
238, 193
240, 195
240, 196
242, 198
242, 199
243, 200
243, 201
244, 202
244, 204
245, 205
245, 207
246, 208
246, 211
247, 212
247, 215
248, 216
248, 220
249, 221
249, 227
250, 228
250, 238
251, 239
251, 259
250, 260
250, 265
249, 266
249, 269
248, 270
248, 273
247, 274
247, 276
246, 277
246, 278
245, 279
245, 281
244, 282
244, 283
243, 284
243, 285
242, 286
242, 287
241, 288
241, 289
240, 290
240, 291
238, 293
238, 294
237, 295
237, 296
234, 299
234, 300
232, 302
232, 303
229, 306
229, 307
225, 311
225, 312
220, 317
220, 318
210, 328
209, 328
206, 331
205, 331
203, 333
202, 333
200, 335
199, 335
197, 337
196, 337
195, 338
194, 338
193, 339
192, 339
191, 340
190, 340
189, 341
188, 341
187, 342
186, 342
185, 343
183, 343
182, 344
180, 344
179, 345
177, 345
176, 346
174, 346
173, 347
170, 347
169, 348
167, 348
166, 349
163, 349
162, 350
159, 350
158, 351
148, 351
147, 352
140, 352
139, 351
127, 351
126, 350
121, 350
120, 349
117, 349
116, 348
113, 348
112, 347
109, 347
108, 346
106, 346
105, 345
104, 345
103, 344
102, 344
101, 343
100, 343
99, 342
98, 342
97, 341
96, 341
95, 340
94, 340
92, 338
91, 338
89, 336
88, 336
85, 333
84, 333
80, 329
79, 329
74, 324
74, 323
70, 319
70, 318
68, 316
68, 315
67, 314
67, 313
66, 312
66, 311
65, 310
65, 309
64, 308
64, 307
63, 306
63, 304
62, 303
62, 301
61, 300
61, 298
60, 297
60, 295
59, 294
59, 291
58, 290
58, 287
57, 286
57, 282
56, 281
56, 276
55, 275
55, 267
54, 266
54, 252
53, 251
53, 232
54, 231
54, 220
55, 219
55, 212
56, 211
56, 204
57, 203
57, 197
58, 196
58, 191
59, 190
59, 185
60, 184
60, 181
61, 180
61, 178
62, 177
62, 174
63, 173
63, 171
64, 170
64, 167
65, 166
65, 164
66, 163
66, 161
67, 160
67, 158
68, 157
68, 156
69, 155
69, 154
70, 153
70, 151
71, 150
71, 149
72, 148
72, 146
73, 145
73, 144
74, 143
74, 142
75, 141
75, 140
76, 139
76, 138
77, 137
77, 136
78, 135
78, 134
79, 133
79, 132
81, 130
81, 129
89, 121
99, 121
100, 120
109, 120
110, 119
120, 119
121, 118
131, 118
132, 117
142, 117
143, 116
167, 116
168, 115
203, 115
204, 116
211, 116
213, 114
213, 112
212, 111
212, 110
211, 109
211, 108
210, 107
210, 106
208, 104
208, 103
204, 99
204, 98
200, 94
200, 93
196, 89
196, 88
193, 85
193, 84
190, 81
190, 80
188, 78
188, 77
186, 75
186, 74
183, 71
183, 70
181, 68
181, 67
179, 65
179, 64
177, 62
177, 61
176, 60
176, 59
174, 57
174, 56
173, 55
173, 54
172, 53
172, 52
171, 51
171, 50
170, 49
170, 48
169, 47
169, 46
168, 45
168, 44
167, 43
167, 42
166, 41
166, 40
165, 39
165, 37
164, 36
164, 35
163, 34
163, 33
162, 32
162, 30
161, 29
161, 27
160, 26
160, 24
159, 23
159, 22
158, 21
158, 19
157, 18
154, 18
143, 29
143, 30
139, 34
139, 35
136, 38
136, 39
123, 52
122, 52
112, 62
111, 62
110, 61
110, 51
109, 50
109, 44
108, 43
108, 40
107, 39
107, 35
106, 34
106, 31
105, 30
105, 27
104, 26
104, 23
103, 22
103, 21
102, 20
102, 19
101, 18
101, 17
100, 16
