152, 2
154, 367
4, 369
2, 4
67, 301
67, 302
66, 303
65, 303
62, 306
61, 306
58, 309
57, 309
52, 314
52, 315
50, 317
50, 318
49, 319
49, 321
51, 321
53, 319
53, 318
56, 315
56, 314
58, 312
59, 312
62, 309
63, 309
66, 306
67, 306
69, 304
69, 303
70, 302
70, 301
83, 254
82, 255
82, 258
83, 259
83, 262
84, 263
84, 267
85, 268
86, 267
87, 267
87, 260
86, 259
86, 257
85, 256
85, 255
84, 255
45, 233
45, 236
47, 238
47, 239
48, 240
48, 241
49, 242
49, 243
50, 244
50, 245
51, 246
51, 247
52, 248
52, 250
53, 251
53, 252
54, 253
54, 254
56, 256
56, 257
59, 257
59, 254
57, 252
57, 251
56, 250
56, 249
55, 248
55, 246
54, 245
54, 244
53, 243
53, 242
52, 241
52, 240
51, 239
51, 238
49, 236
49, 235
47, 233
66, 169
65, 170
63, 170
62, 171
61, 171
58, 174
57, 174
52, 179
51, 179
47, 183
47, 184
39, 192
39, 193
35, 197
35, 198
33, 200
33, 201
31, 203
31, 204
30, 205
30, 206
29, 207
29, 208
28, 209
28, 210
27, 211
27, 212
26, 213
26, 214
25, 215
25, 216
24, 217
24, 218
23, 219
23, 221
22, 222
22, 223
21, 224
21, 226
20, 227
20, 229
19, 230
19, 232
18, 233
18, 235
17, 236
17, 239
16, 240
16, 242
15, 243
15, 246
14, 247
14, 249
13, 250
13, 254
12, 255
12, 258
11, 259
11, 262
10, 263
10, 267
9, 268
9, 272
8, 273
8, 276
7, 277
7, 284
6, 285
6, 309
7, 310
7, 321
8, 322
8, 326
9, 327
9, 331
10, 332
10, 334
11, 335
11, 336
12, 337
12, 338
13, 339
13, 340
14, 341
14, 342
19, 347
19, 348
21, 350
22, 350
24, 352
25, 352
26, 353
27, 353
28, 354
32, 354
33, 355
39, 355
40, 354
50, 354
51, 353
58, 353
59, 352
64, 352
65, 351
70, 351
71, 350
75, 350
76, 349
79, 349
80, 348
82, 348
83, 347
85, 347
86, 346
87, 346
88, 345
90, 345
91, 344
92, 344
93, 343
94, 343
96, 341
97, 341
98, 340
99, 340
101, 338
102, 338
105, 335
106, 335
108, 333
109, 333
112, 330
113, 330
116, 327
117, 327
123, 321
123, 320
130, 313
130, 312
132, 310
132, 309
134, 307
134, 306
135, 305
135, 304
136, 303
136, 302
137, 301
137, 300
138, 299
138, 297
139, 296
139, 295
140, 294
140, 292
141, 291
141, 289
142, 288
142, 286
143, 285
143, 283
144, 282
144, 278
145, 277
145, 273
146, 272
146, 267
147, 266
147, 260
148, 259
148, 248
149, 247
149, 216
148, 215
148, 210
147, 209
147, 206
146, 205
146, 204
145, 203
145, 202
144, 201
144, 200
143, 199
143, 198
140, 195
140, 194
128, 182
127, 182
126, 181
125, 181
124, 180
111, 180
110, 181
108, 181
107, 182
105, 182
104, 183
103, 183
102, 184
100, 184
99, 185
97, 185
96, 186
95, 186
94, 187
92, 187
91, 188
90, 188
89, 189
87, 189
86, 190
85, 190
84, 191
82, 191
81, 192
79, 192
78, 193
76, 193
75, 194
74, 194
73, 195
70, 195
69, 196
67, 196
66, 197
64, 197
63, 198
60, 198
59, 199
57, 199
56, 200
55, 200
52, 203
50, 203
49, 204
49, 206
50, 207
52, 207
53, 206
55, 206
58, 203
59, 203
60, 202
63, 202
64, 201
67, 201
68, 200
70, 200
71, 199
73, 199
74, 198
76, 198
77, 197
79, 197
80, 196
82, 196
83, 195
84, 195
85, 194
87, 194
88, 193
90, 193
91, 192
92, 192
93, 191
94, 191
95, 190
97, 190
98, 189
99, 189
100, 188
102, 188
103, 187
105, 187
106, 186
108, 186
109, 185
111, 185
112, 184
115, 184
116, 183
119, 183
120, 184
123, 184
124, 185
125, 185
138, 198
138, 199
140, 201
140, 202
142, 204
142, 206
143, 207
143, 209
144, 210
144, 214
145, 215
145, 249
144, 250
144, 260
143, 261
143, 266
142, 267
142, 273
141, 274
141, 278
140, 279
140, 282
139, 283
139, 285
138, 286
138, 288
137, 289
137, 291
136, 292
136, 293
135, 294
135, 295
134, 296
134, 298
133, 299
133, 300
132, 301
132, 302
131, 303
131, 304
130, 305
130, 306
128, 308
128, 309
122, 315
122, 316
113, 325
112, 325
109, 328
108, 328
106, 330
105, 330
102, 333
101, 333
99, 335
98, 335
96, 337
95, 337
93, 339
92, 339
91, 340
90, 340
89, 341
88, 341
87, 342
85, 342
84, 343
83, 343
82, 344
80, 344
79, 345
76, 345
75, 346
71, 346
70, 347
66, 347
65, 348
60, 348
59, 349
52, 349
51, 350
42, 350
41, 351
32, 351
31, 350
28, 350
26, 348
25, 348
20, 343
20, 342
17, 339
17, 338
16, 337
16, 336
15, 335
15, 334
14, 333
14, 331
13, 330
13, 328
12, 327
12, 322
11, 321
11, 313
10, 312
10, 283
11, 282
11, 277
12, 276
12, 272
13, 271
13, 268
14, 267
14, 263
15, 262
15, 259
16, 258
16, 255
17, 254
17, 250
18, 249
18, 247
19, 246
19, 243
20, 242
20, 240
21, 239
21, 236
22, 235
22, 233
23, 232
23, 230
24, 229
24, 227
25, 226
25, 225
26, 224
26, 222
27, 221
27, 220
28, 219
28, 218
29, 217
29, 216
30, 215
30, 214
31, 213
31, 212
32, 211
32, 210
33, 209
33, 208
34, 207
34, 206
36, 204
36, 203
37, 202
37, 201
41, 197
41, 196
48, 189
48, 188
55, 181
56, 181
61, 176
62, 176
64, 174
65, 174
66, 173
67, 173
68, 174
68, 175
69, 176
69, 182
70, 183
71, 183
73, 181
73, 176
72, 175
72, 173
71, 172
71, 171
70, 170
69, 170
68, 169
113, 15
111, 17
111, 18
108, 21
108, 22
106, 24
106, 25
104, 27
104, 28
103, 29
103, 30
102, 31
102, 33
101, 34
101, 35
100, 36
100, 37
99, 38
99, 40
98, 41
98, 42
97, 43
97, 45
96, 46
96, 47
95, 48
95, 50
94, 51
94, 53
93, 54
93, 56
92, 57
92, 59
91, 60
91, 61
90, 62
90, 64
88, 66
88, 67
83, 72
79, 72
76, 69
76, 67
75, 66
75, 64
74, 63
74, 58
73, 57
73, 48
72, 47
72, 37
71, 36
71, 31
70, 30
70, 28
69, 27
69, 26
68, 25
65, 25
64, 26
64, 27
63, 28
63, 29
62, 30
62, 32
61, 33
61, 35
60, 36
60, 39
59, 40
59, 42
58, 43
58, 45
57, 46
57, 48
56, 49
56, 51
55, 52
55, 54
54, 55
54, 57
53, 58
53, 60
52, 61
52, 63
51, 64
51, 66
50, 67
50, 68
49, 69
49, 71
48, 72
48, 74
47, 75
47, 77
46, 78
46, 80
45, 81
45, 83
44, 84
44, 85
43, 86
43, 87
42, 88
42, 90
41, 91
41, 92
39, 94
39, 95
37, 97
36, 97
36, 100
37, 101
39, 101
42, 98
42, 97
43, 96
43, 95
44, 94
44, 93
45, 92
45, 91
46, 90
46, 89
47, 88
47, 86
48, 85
48, 84
49, 83
49, 81
50, 80
50, 78
51, 77
51, 75
52, 74
52, 72
53, 71
53, 70
54, 69
54, 67
55, 66
55, 64
56, 63
56, 61
57, 60
57, 59
58, 58
58, 55
59, 54
59, 52
60, 51
60, 49
61, 48
61, 46
62, 45
62, 43
63, 42
63, 40
64, 39
64, 36
65, 35
65, 34
66, 33
67, 34
67, 35
68, 36
68, 44
69, 45
69, 55
70, 56
70, 62
71, 63
71, 66
72, 67
72, 69
73, 70
73, 71
74, 72
74, 73
76, 75
77, 75
78, 76
83, 76
84, 75
85, 75
86, 74
87, 74
90, 71
90, 70
92, 68
92, 67
93, 66
93, 65
94, 64
94, 63
95, 62
95, 60
96, 59
96, 57
97, 56
97, 54
98, 53
98, 51
99, 50
99, 49
100, 48
100, 46
101, 45
101, 44
102, 43
102, 41
103, 40
103, 38
104, 37
104, 36
105, 35
105, 34
106, 33
106, 32
107, 31
107, 30
108, 29
108, 28
110, 26
110, 25
112, 23
113, 24
113, 26
114, 27
114, 46
115, 47
115, 58
116, 59
116, 66
117, 67
117, 71
118, 72
118, 76
119, 77
119, 80
120, 81
120, 83
121, 84
121, 86
122, 87
122, 89
123, 90
123, 92
124, 93
124, 95
125, 96
125, 97
126, 98
126, 100
127, 101
127, 102
128, 103
128, 104
129, 105
129, 107
130, 108
130, 109
131, 110
131, 111
130, 112
124, 112
123, 113
120, 113
119, 114
116, 114
115, 115
112, 115
111, 116
87, 116
86, 115
74, 115
73, 114
59, 114
58, 113
39, 113
38, 114
35, 114
34, 115
33, 115
32, 116
31, 116
30, 117
28, 117
26, 119
26, 120
25, 121
25, 122
26, 123
28, 123
31, 120
32, 120
33, 119
34, 119
35, 118
37, 118
38, 117
62, 117
63, 118
77, 118
78, 119
88, 119
89, 120
110, 120
111, 119
114, 119
115, 118
119, 118
120, 117
122, 117
123, 116
132, 116
133, 117
135, 117
136, 118
137, 117
138, 117
138, 114
136, 112
136, 111
135, 110
135, 109
134, 108
134, 107
133, 106
133, 105
132, 104
132, 103
131, 102
131, 100
130, 99
130, 98
129, 97
129, 96
128, 95
128, 93
127, 92
127, 90
126, 89
126, 87
125, 86
125, 84
124, 83
124, 81
123, 80
123, 77
122, 76
122, 73
121, 72
121, 68
120, 67
120, 61
119, 60
119, 51
118, 50
118, 32
117, 31
117, 19
116, 18
116, 16
115, 15
